swingin (DF: 2): (3715, 19), (4218, 1)
swipe (DF: 5): (2172, 2), (3237, 4), (3711, 1), (4736, 7), (4834, 1)
swirl (DF: 5): (1103, 1), (1600, 1), (2634, 1), (2808, 1), (3253, 1)
swirlin (DF: 1): (2845, 1)
swish (DF: 10): (242, 8), (407, 1), (1342, 1), (1485, 6), (2832, 1), (3676, 2), (4150, 9), (4407, 1), (4566, 3), (4834, 1)
swisha (DF: 3): (3525, 2), (4533, 1), (4942, 1)
swisher (DF: 4): (407, 1), (1187, 1), (2899, 1), (4503, 1)
swishland (DF: 1): (1485, 8)
swiss (DF: 7): (81, 1), (490, 1), (1896, 1), (2158, 1), (2255, 1), (2636, 1), (2747, 1)
switch (DF: 99): (33, 2), (119, 12), (169, 9), (183, 1), (244, 1), (270, 1), (281, 2), (339, 1), (350, 1), (365, 1), (418, 1), (420, 1), (446, 1), (471, 1), (586, 1), (647, 1), (675, 2), (684, 1), (740, 1), (772, 4), (788, 1), (808, 1), (862, 1), (921, 2), (946, 2), (951, 1), (1029, 1), (1057, 2), (1196, 1), (1205, 1), (1387, 6), (1402, 2), (1531, 2), (1549, 1), (1555, 1), (1560, 1), (1575, 2), (1760, 2), (1812, 2), (1820, 1), (1880, 1), (2004, 1), (2014, 3), (2056, 1), (2064, 1), (2238, 1), (2278, 5), (2317, 1), (2356, 1), (2359, 2), (2408, 1), (2442, 1), (2507, 2), (2562, 1), (2572, 1), (2612, 1), (2644, 1), (2685, 1), (2706, 1), (2794, 1), (2801, 2), (2887, 1), (3057, 1), (3152, 1), (3163, 6), (3179, 2), (3188, 2), (3248, 9), (3298, 1), (3341, 1), (3408, 1), (3424, 1), (3427, 1), (3510, 1), (3525, 1), (3676, 2), (3789, 1), (3792, 6), (3917, 1), (3930, 1), (3963, 1), (3971, 1), (4027, 1), (4037, 1), (4045, 1), (4095, 1), (4122, 1), (4157, 1), (4244, 1), (4452, 4), (4566, 3), (4601, 1), (4641, 1), (4664, 1), (4773, 3), (4834, 1), (4982, 1), (3565, 1), (3566, 1)
switchback (DF: 1): (223, 1)
switchblad (DF: 6): (1606, 1), (2038, 1), (2464, 2), (3330, 2), (4129, 3), (4885, 1)
switchin (DF: 13): (753, 1), (808, 1), (1038, 1), (1217, 4), (1990, 2), (2154, 1), (2390, 3), (2467, 2), (2541, 2), (2880, 1), (3427, 1), (4121, 3), (4672, 1)
swivel (DF: 2): (1692, 1), (4543, 1)
swiz (DF: 1): (2333, 1)
swizz (DF: 4): (2472, 1), (2708, 1), (2767, 4), (4585, 1)
swoich (DF: 2): (1655, 1), (2951, 1)
swoim (DF: 3): (4311, 1), (4358, 2), (4914, 4)
swoje (DF: 2): (1918, 2), (4859, 1)
swole (DF: 8): (155, 3), (168, 1), (646, 1), (1144, 1), (2563, 1), (2583, 1), (3594, 1), (4226, 1)
swoll (DF: 2): (2294, 1), (3045, 1)
swollen (DF: 6): (952, 2), (1059, 1), (1674, 1), (3938, 1), (4098, 2), (4866, 1)
swoop (DF: 6): (409, 2), (586, 1), (1214, 6), (2442, 1), (2895, 1), (4148, 1)
swoosh (DF: 2): (3248, 1), (4410, 1)
sword (DF: 17): (59, 2), (408, 1), (449, 1), (475, 1), (1196, 1), (1205, 1), (1507, 1), (1697, 2), (1856, 1), (1956, 1), (2322, 1), (3127, 1), (3298, 1), (3721, 9), (4407, 2), (4641, 1), (4648, 3)
swore (DF: 14): (174, 2), (523, 10), (820, 1), (847, 4), (1507, 1), (1645, 2), (2227, 1), (2569, 1), (3132, 1), (3288, 1), (4111, 1), (4420, 1), (4521, 1), (4974, 3)
sworn (DF: 3): (3047, 1), (3298, 1), (3347, 2)
swv (DF: 12): (2191, 1), (2465, 1), (3022, 2), (3271, 2), (3450, 1), (3733, 1), (3739, 2), (3860, 1), (3892, 1), (4008, 1), (4050, 2), (4436, 1)
sy (DF: 1): (4283, 2)
syde (DF: 1): (3902, 1)
sydney (DF: 2): (2208, 1), (2841, 3)
syfi (DF: 1): (1712, 1)
syfu (DF: 1): (2951, 1)
sygtsindet (DF: 1): (1465, 1)
syke (DF: 1): (2332, 1)
syko (DF: 1): (4081, 3)
sylvest (DF: 2): (1474, 1), (4281, 1)
symba (DF: 1): (3409, 4)
symbol (DF: 6): (405, 1), (864, 1), (1539, 1), (3300, 1), (3651, 1), (4281, 1)
symmetri (DF: 2): (1329, 1), (2506, 1)
sympathi (DF: 9): (133, 4), (290, 1), (646, 1), (650, 2), (968, 1), (2770, 1), (3720, 1), (4021, 1), (4319, 1)
symphon (DF: 1): (3059, 2)
symphoni (DF: 10): (59, 1), (1220, 2), (1517, 14), (2591, 4), (2916, 2), (3396, 10), (3801, 3), (4454, 2), (4546, 32), (4996, 10)
symptom (DF: 1): (2291, 1)
syn (DF: 4): (29, 1), (1354, 1), (2709, 1), (2952, 1)
synaps (DF: 1): (683, 1)
sync (DF: 4): (3633, 1), (3968, 5), (4165, 1), (4367, 1)
synchron (DF: 3): (1463, 1), (3530, 1), (4359, 1)
syncop (DF: 3): (834, 1), (854, 1), (2196, 1)
syndrom (DF: 1): (2170, 1)
synergi (DF: 1): (1836, 1)
synonym (DF: 1): (4569, 1)
syntek (DF: 1): (972, 1)
synth (DF: 21): (360, 1), (425, 1), (487, 1), (549, 1), (863, 1), (970, 1), (979, 1), (1480, 1), (1696, 1), (2352, 1), (2438, 2), (2912, 1), (3195, 1), (3259, 1), (3417, 1), (3446, 1), (3560, 1), (3866, 1), (3980, 1), (4120, 1), (4898, 1)
synthes (DF: 1): (619, 1)
synthet (DF: 1): (683, 1)
synthwav (DF: 6): (907, 1), (1486, 1), (1614, 1), (1635, 1), (2193, 1), (4698, 1)
synu (DF: 1): (1655, 2)
