jandro (DF: 1): (812, 1)
jandu (DF: 1): (4597, 1)
jane (DF: 10): (101, 1), (754, 6), (1084, 1), (1188, 1), (1708, 10), (2607, 1), (2687, 1), (2902, 1), (4170, 7), (4315, 1)
janechorus (DF: 1): (1708, 2)
janeiro (DF: 1): (4440, 1)
janela (DF: 1): (4167, 1)
janell (DF: 5): (1748, 1), (3148, 1), (3223, 1), (4310, 1), (4962, 1)
janet (DF: 13): (207, 1), (274, 3), (1212, 2), (1423, 1), (1840, 2), (2232, 1), (2269, 1), (2433, 1), (2665, 1), (3262, 1), (3611, 1), (3874, 1), (4376, 1)
jang (DF: 3): (1046, 2), (1653, 2), (2877, 3)
jangue (DF: 2): (4246, 3), (4790, 1)
janguei (DF: 1): (4951, 1)
jani (DF: 3): (3124, 2), (4756, 17), (4758, 17)
janitor (DF: 2): (1661, 1), (3589, 1)
janke (DF: 1): (1519, 2)
jannat (DF: 1): (149, 1)
janson (DF: 2): (1077, 1), (1543, 2)
januari (DF: 1): (2177, 1)
jap (DF: 2): (2354, 2), (2574, 2)
japan (DF: 13): (55, 2), (255, 1), (855, 1), (2736, 1), (2841, 2), (3068, 1), (3500, 1), (3766, 1), (4012, 1), (4435, 1), (4450, 1), (4464, 1), (4864, 1)
japanes (DF: 11): (15, 1), (500, 1), (1102, 1), (1360, 1), (1530, 1), (2867, 1), (3346, 1), (3541, 1), (3712, 33), (3974, 1), (4864, 1)
japones (DF: 1): (2243, 3)
japonesa (DF: 1): (3838, 1)
jar (DF: 9): (417, 1), (815, 1), (2084, 1), (2584, 1), (2634, 1), (3238, 1), (3608, 4), (4111, 5), (4267, 1)
jarab (DF: 2): (577, 1), (1008, 2)
jardin (DF: 1): (2111, 1)
jardiner (DF: 1): (1461, 1)
jaren (DF: 1): (175, 1)
jargon (DF: 1): (4739, 1)
jarr (DF: 1): (417, 1)
jarreau (DF: 1): (4757, 1)
jarren (DF: 3): (183, 1), (2045, 2), (2333, 1)
jarryd (DF: 1): (1003, 2)
jarvi (DF: 1): (3095, 2)
jas (DF: 1): (2223, 1)
jasmin (DF: 3): (555, 1), (2223, 1), (2578, 1)
jason (DF: 12): (153, 2), (893, 1), (919, 1), (2045, 1), (2194, 1), (3037, 1), (3136, 1), (3170, 1), (3458, 1), (3589, 1), (4397, 1), (4515, 1)
jat (DF: 2): (276, 1), (3351, 1)
jatt (DF: 2): (4421, 3), (4985, 1)
jatta (DF: 1): (4985, 2)
jav (DF: 14): (355, 2), (1577, 2), (1633, 2), (1769, 2), (1953, 2), (1963, 2), (3092, 2), (3596, 2), (3614, 2), (3891, 2), (4344, 2), (4591, 2), (4782, 1), (4954, 1)
javiiel (DF: 1): (3876, 3)
javish (DF: 1): (3214, 1)
jaw (DF: 18): (808, 2), (2053, 1), (2075, 1), (2084, 2), (2133, 1), (2397, 1), (2552, 1), (2563, 1), (2666, 2), (3183, 1), (3220, 1), (3781, 1), (3789, 1), (3902, 1), (3986, 1), (4099, 1), (4681, 1), (4933, 1)
jawbreak (DF: 1): (803, 1)
jawn (DF: 2): (2116, 1), (3223, 4)
jax (DF: 2): (17, 1), (1180, 1)
jaxson (DF: 1): (2430, 1)
jay (DF: 43): (19, 1), (200, 1), (229, 1), (235, 1), (246, 1), (380, 1), (405, 1), (414, 1), (681, 1), (711, 1), (778, 2), (786, 1), (911, 1), (1238, 4), (1518, 1), (1552, 1), (1555, 1), (1564, 1), (1730, 1), (1847, 3), (1904, 2), (2045, 1), (2130, 1), (2176, 1), (2357, 3), (2706, 1), (2729, 1), (3137, 1), (3216, 2), (3310, 1), (3591, 1), (3654, 2), (3917, 1), (3941, 1), (4121, 2), (4319, 3), (4575, 1), (4645, 1), (4649, 1), (4750, 1), (4864, 1), (4942, 1), (4985, 1)
jay1 (DF: 1): (2208, 1)
jaydon (DF: 1): (599, 1)
jayk (DF: 1): (1443, 1)
jaym (DF: 2): (709, 1), (4237, 1)
jayo (DF: 1): (4421, 1)
jaywalk (DF: 1): (3694, 1)
jazba (DF: 1): (4985, 1)
jazbataan (DF: 1): (4985, 1)
jazz (DF: 119): (15, 2), (22, 1), (74, 3), (79, 1), (97, 1), (116, 1), (134, 1), (203, 1), (233, 1), (248, 1), (297, 1), (418, 1), (452, 1), (509, 1), (564, 1), (574, 1), (631, 1), (732, 1), (761, 1), (779, 1), (794, 2), (864, 1), (869, 1), (884, 1), (936, 1), (963, 1), (971, 1), (1052, 1), (1076, 1), (1102, 1), (1107, 1), (1186, 1), (1222, 1), (1297, 1), (1360, 1), (1369, 1), (1439, 1), (1467, 1), (1504, 1), (1530, 1), (1644, 1), (1685, 1), (1806, 1), (1820, 1), (1841, 1), (1854, 1), (1886, 1), (1892, 1), (1926, 1), (1933, 1), (1954, 1), (1959, 1), (2047, 1), (2051, 1), (2057, 1), (2060, 1), (2125, 1), (2145, 1), (2202, 1), (2413, 1), (2416, 1), (2423, 1), (2452, 1), (2462, 1), (2484, 1), (2546, 1), (2597, 1), (2793, 1), (2795, 1), (2806, 1), (2829, 1), (2908, 1), (3043, 1), (3077, 1), (3083, 1), (3088, 1), (3257, 1), (3291, 1), (3346, 1), (3404, 2), (3435, 1), (3464, 1), (3474, 1), (3526, 1), (3585, 1), (3600, 1), (3633, 1), (3634, 1), (3713, 1), (3776, 1), (3799, 1), (3860, 1), (3880, 1), (3900, 1), (3926, 1), (3966, 1), (4028, 1), (4044, 1), (4101, 1), (4114, 1), (4213, 1), (4242, 1), (4274, 1), (4427, 1), (4433, 1), (4454, 1), (4505, 1), (4542, 1), (4543, 1), (4582, 1), (4609, 1), (4611, 1), (4667, 1), (4690, 1), (4739, 1), (4777, 1), (4794, 1), (4864, 1), (4977, 1)
jazzi (DF: 6): (1995, 6), (2512, 1), (2927, 2), (3138, 1), (4523, 1), (4956, 1)
jb (DF: 3): (181, 2), (1354, 1), (1439, 1)
jbd (DF: 1): (3876, 1)
jbed (DF: 1): (246, 2)
jc (DF: 1): (275, 1)
jcrew (DF: 1): (4262, 1)
jd (DF: 1): (2733, 1)
je (DF: 40): (30, 8), (43, 7), (175, 28), (270, 1), (430, 3), (661, 1), (812, 7), (852, 27), (908, 1), (1033, 1), (1077, 22), (1151, 1), (1318, 7), (1358, 3), (1432, 18), (1619, 5), (1655, 1), (1772, 9), (2260, 8), (2306, 1), (2638, 13), (2662, 1), (2985, 3), (3195, 1), (3212, 1), (3355, 22), (3387, 1), (3453, 34), (3486, 1), (3660, 6), (3748, 16), (3864, 8), (4256, 12), (4297, 5), (4319, 1), (4540, 2), (4607, 19), (4665, 44), (4675, 2), (4849, 16)
jealous (DF: 36): (5, 1), (13, 1), (183, 1), (324, 1), (352, 1), (391, 4), (431, 3), (541, 1), (606, 1), (746, 1), (1058, 1), (1155, 2), (1359, 7), (1543, 2), (1603, 1), (1728, 8), (1739, 2), (1922, 1), (1923, 6), (1926, 1), (2456, 1), (2578, 1), (2649, 1), (2667, 1), (3033, 1), (3222, 1), (3463, 1), (3483, 1), (3801, 1), (3904, 1), (3949, 3), (4044, 1), (4600, 11), (4707, 1), (4737, 1), (4968, 1)
jealousi (DF: 8): (431, 27), (975, 1), (1512, 1), (2795, 1), (2821, 1), (3033, 1), (3075, 1), (4337, 2)
jean (DF: 69): (27, 1), (70, 2), (102, 1), (124, 1), (232, 1), (469, 1), (483, 1), (535, 10), (559, 1), (696, 6), (731, 1), (825, 1), (933, 3), (952, 2), (1002, 2), (1075, 2), (1214, 3), (1361, 1), (1391, 3), (1469, 1), (1513, 2), (1543, 3), (1654, 1), (1721, 1), (1776, 1), (1924, 1), (2116, 2), (2192, 1), (2199, 1), (2251, 2), (2355, 3), (2397, 1), (2455, 3), (2584, 9), (2693, 1), (2711, 6), (2737, 1), (2747, 1), (2867, 2), (2899, 1), (2953, 1), (3121, 2), (3203, 1), (3270, 1), (3278, 2), (3334, 6), (3463, 1), (3685, 1), (3746, 1), (3931, 1), (4046, 1), (4302, 1), (4308, 1), (4319, 1), (4432, 1), (4514, 2), (4525, 2), (4535, 1), (4607, 1), (4614, 2), (4772, 2), (4774, 6), (4784, 3), (4834, 1), (4837, 1), (4882, 4), (4897, 1), (4965, 1), (4990, 1)
jeans (DF: 1): (1022, 1)
jeb (DF: 3): (483, 1), (1654, 1), (1834, 1)
jeba (DF: 2): (908, 2), (2951, 2)
jebani (DF: 1): (4358, 1)
jec (DF: 1): (598, 1)
ject (DF: 2): (862, 1), (4127, 1)
jed (DF: 1): (2225, 1)
jeday (DF: 5): (762, 1), (1309, 3), (1478, 1), (2659, 2), (2898, 5)
jeden (DF: 3): (661, 2), (4358, 1), (4859, 1)
jedermann (DF: 1): (3348, 1)
jedi (DF: 3): (121, 1), (2039, 1), (4490, 1)
jedis (DF: 3): (284, 4), (1109, 3), (4633, 2)
jednej (DF: 1): (2951, 8)
jedz (DF: 1): (3744, 4)
jedziemi (DF: 2): (250, 1), (4859, 1)
jeep (DF: 15): (27, 1), (31, 1), (1029, 1), (1076, 1), (1331, 1), (1402, 4), (1413, 2), (1469, 1), (1622, 1), (2771, 1), (2927, 1), (3186, 1), (3485, 1), (4647, 1), (4739, 1)
jeeper (DF: 1): (3485, 2)
jeepet (DF: 1): (399, 1)
jeepney (DF: 1): (3150, 2)
jeet (DF: 1): (149, 1)
jeez (DF: 2): (1805, 1), (2660, 2)
jeezi (DF: 4): (110, 3), (1805, 2), (2411, 3), (4310, 1)
