wahrenddess (DF: 1): (4124, 1)
wahrheit (DF: 2): (1583, 1), (1771, 3)
wahrschein (DF: 1): (2637, 2)
waht (DF: 1): (3230, 1)
wahya (DF: 1): (246, 2)
wai (DF: 1): (1027, 1)
waii (DF: 1): (1027, 2)
wail (DF: 2): (857, 1), (1108, 1)
wailer (DF: 2): (2505, 1), (4473, 1)
wailin (DF: 1): (3251, 1)
wain (DF: 1): (3459, 2)
waist (DF: 27): (47, 1), (278, 2), (365, 1), (514, 4), (536, 1), (735, 2), (767, 4), (772, 2), (1078, 2), (1164, 1), (1203, 2), (1243, 1), (1562, 4), (1812, 1), (2176, 2), (2397, 1), (2453, 4), (2801, 2), (3463, 1), (3659, 1), (3807, 2), (4123, 1), (4165, 1), (4256, 1), (4294, 3), (4621, 3), (4719, 3)
waistlin (DF: 3): (829, 4), (1694, 4), (2205, 1)
wait (DF: 598): (35, 2), (56, 1), (57, 6), (73, 1), (82, 1), (85, 1), (88, 1), (90, 1), (96, 1), (99, 9), (134, 3), (135, 25), (162, 1), (168, 1), (169, 2), (205, 7), (218, 1), (220, 1), (222, 1), (226, 3), (241, 3), (255, 1), (257, 1), (258, 5), (260, 1), (262, 1), (297, 1), (298, 1), (305, 2), (315, 1), (320, 4), (334, 2), (338, 1), (370, 1), (375, 1), (392, 2), (393, 1), (402, 1), (409, 2), (414, 16), (422, 8), (434, 1), (445, 1), (446, 1), (462, 2), (478, 1), (482, 3), (487, 2), (500, 2), (513, 1), (520, 2), (522, 1), (535, 2), (537, 1), (550, 6), (563, 1), (590, 4), (591, 1), (593, 7), (596, 36), (607, 3), (609, 2), (611, 8), (620, 2), (630, 2), (656, 1), (669, 1), (671, 3), (682, 1), (698, 2), (703, 1), (706, 1), (711, 2), (730, 1), (731, 1), (735, 4), (738, 6), (754, 1), (768, 2), (769, 4), (770, 2), (772, 6), (785, 1), (790, 1), (810, 2), (820, 2), (832, 3), (835, 1), (841, 1), (845, 2), (846, 1), (849, 1), (850, 1), (859, 3), (861, 6), (862, 1), (864, 1), (867, 3), (869, 3), (870, 1), (895, 1), (906, 1), (916, 3), (921, 1), (970, 1), (1021, 1), (1028, 1), (1038, 1), (1058, 1), (1060, 1), (1062, 1), (1075, 6), (1081, 1), (1084, 1), (1085, 6), (1097, 3), (1106, 1), (1119, 1), (1121, 2), (1138, 1), (1165, 1), (1170, 1), (1173, 16), (1229, 1), (1252, 4), (1260, 1), (1262, 5), (1297, 4), (1298, 1), (1302, 2), (1314, 1), (1327, 4), (1331, 2), (1334, 8), (1336, 1), (1355, 1), (1364, 1), (1372, 1), (1373, 3), (1374, 2), (1396, 1), (1400, 1), (1408, 1), (1410, 1), (1414, 1), (1420, 1), (1423, 3), (1436, 1), (1455, 4), (1457, 6), (1471, 2), (1475, 4), (1483, 18), (1494, 1), (1496, 1), (1503, 1), (1509, 1), (1525, 1), (1527, 2), (1543, 1), (1546, 3), (1549, 6), (1553, 9), (1555, 6), (1559, 30), (1568, 3), (1576, 1), (1578, 1), (1591, 2), (1597, 1), (1603, 4), (1615, 3), (1617, 1), (1621, 19), (1623, 1), (1628, 2), (1629, 4), (1636, 2), (1639, 1), (1641, 1), (1643, 1), (1661, 1), (1662, 1), (1671, 1), (1680, 2), (1689, 1), (1713, 1), (1714, 6), (1716, 1), (1725, 2), (1726, 2), (1734, 1), (1739, 1), (1746, 1), (1748, 1), (1750, 1), (1751, 6), (1759, 2), (1764, 2), (1767, 1), (1774, 19), (1780, 1), (1808, 1), (1812, 3), (1820, 2), (1831, 2), (1836, 1), (1844, 8), (1846, 1), (1862, 1), (1871, 1), (1877, 2), (1885, 2), (1891, 6), (1893, 7), (1896, 1), (1911, 1), (1913, 1), (1927, 2), (1943, 1), (1958, 4), (1961, 1), (1962, 6), (1970, 1), (1971, 1), (1980, 1), (1981, 4), (1989, 3), (1992, 2), (1995, 1), (2045, 1), (2046, 1), (2055, 1), (2056, 2), (2063, 1), (2065, 1), (2080, 1), (2102, 1), (2103, 1), (2113, 2), (2132, 1), (2140, 7), (2151, 1), (2161, 6), (2174, 2), (2175, 2), (2177, 1), (2184, 1), (2190, 2), (2192, 1), (2195, 1), (2201, 1), (2206, 9), (2213, 1), (2216, 1), (2222, 1), (2236, 3), (2237, 5), (2240, 1), (2253, 2), (2259, 1), (2261, 4), (2267, 6), (2278, 2), (2281, 2), (2283, 1), (2285, 7), (2286, 1), (2294, 1), (2350, 1), (2359, 14), (2368, 1), (2380, 16), (2406, 2), (2411, 1), (2437, 10), (2445, 1), (2447, 1), (2455, 1), (2460, 6), (2474, 1), (2481, 3), (2484, 1), (2494, 4), (2519, 3), (2524, 6), (2532, 1), (2537, 1), (2541, 2), (2547, 6), (2569, 1), (2571, 1), (2575, 1), (2578, 1), (2594, 1), (2595, 1), (2611, 10), (2614, 4), (2622, 1), (2626, 2), (2628, 4), (2632, 1), (2636, 1), (2665, 1), (2675, 8), (2683, 5), (2687, 1), (2691, 1), (2697, 1), (2699, 14), (2700, 1), (2714, 1), (2715, 2), (2716, 2), (2750, 1), (2752, 4), (2754, 3), (2768, 1), (2772, 2), (2779, 7), (2781, 1), (2783, 15), (2789, 2), (2791, 3), (2795, 1), (2799, 1), (2849, 2), (2867, 1), (2871, 1), (2887, 2), (2900, 1), (2907, 2), (2915, 9), (2919, 1), (2924, 2), (2928, 6), (2929, 1), (2936, 1), (2937, 1), (2941, 1), (2949, 1), (2970, 1), (2974, 1), (2979, 6), (2982, 1), (2994, 4), (2999, 1), (3020, 1), (3040, 1), (3041, 1), (3051, 4), (3052, 1), (3065, 1), (3089, 4), (3098, 1), (3100, 1), (3102, 2), (3121, 2), (3126, 4), (3128, 1), (3134, 45), (3136, 8), (3139, 1), (3142, 6), (3151, 9), (3157, 24), (3176, 1), (3178, 1), (3181, 4), (3184, 3), (3186, 1), (3198, 1), (3221, 1), (3227, 1), (3234, 2), (3238, 1), (3246, 6), (3262, 1), (3266, 3), (3272, 1), (3278, 2), (3287, 1), (3288, 1), (3300, 9), (3311, 4), (3319, 1), (3334, 18), (3335, 2), (3370, 1), (3376, 2), (3396, 1), (3400, 16), (3406, 1), (3413, 11), (3430, 5), (3431, 1), (3432, 1), (3439, 1), (3443, 2), (3444, 2), (3449, 1), (3455, 2), (3456, 1), (3458, 4), (3464, 3), (3490, 1), (3499, 2), (3503, 7), (3521, 1), (3548, 1), (3556, 1), (3566, 6), (3573, 6), (3576, 1), (3600, 2), (3604, 1), (3654, 1), (3655, 2), (3658, 1), (3659, 2), (3662, 1), (3668, 3), (3670, 2), (3672, 1), (3679, 2), (3689, 1), (3696, 2), (3699, 1), (3701, 1), (3707, 4), (3713, 1), (3715, 4), (3720, 2), (3721, 3), (3730, 6), (3741, 1), (3751, 1), (3753, 3), (3766, 1), (3771, 1), (3789, 1), (3791, 1), (3807, 2), (3813, 1), (3814, 3), (3821, 1), (3828, 1), (3829, 1), (3833, 5), (3840, 1), (3845, 1), (3858, 15), (3862, 1), (3863, 1), (3864, 16), (3878, 1), (3912, 1), (3915, 1), (3919, 4), (3925, 2), (3937, 6), (3945, 2), (3960, 2), (3963, 2), (3968, 1), (3971, 1), (3974, 5), (4001, 3), (4026, 3), (4030, 1), (4031, 1), (4050, 1), (4053, 4), (4062, 1), (4066, 21), (4071, 2), (4077, 2), (4079, 1), (4082, 3), (4093, 1), (4097, 1), (4099, 1), (4102, 1), (4106, 1), (4107, 2), (4113, 2), (4122, 1), (4132, 5), (4135, 1), (4136, 8), (4149, 1), (4153, 1), (4161, 2), (4171, 6), (4176, 1), (4182, 15), (4185, 2), (4200, 1), (4212, 12), (4217, 1), (4220, 1), (4231, 1), (4235, 1), (4241, 2), (4252, 7), (4261, 3), (4262, 1), (4263, 1), (4274, 2), (4294, 3), (4305, 2), (4306, 3), (4310, 3), (4316, 2), (4317, 1), (4326, 1), (4337, 2), (4348, 7), (4360, 3), (4372, 2), (4380, 6), (4385, 1), (4392, 1), (4396, 2), (4397, 4), (4403, 3), (4407, 1), (4426, 1), (4436, 2), (4451, 10), (4453, 2), (4458, 2), (4463, 4), (4481, 1), (4482, 1), (4497, 3), (4499, 23), (4505, 1), (4512, 25), (4517, 1), (4526, 1), (4541, 1), (4552, 1), (4572, 15), (4573, 1), (4575, 2), (4577, 1), (4580, 1), (4598, 3), (4600, 1), (4603, 1), (4609, 21), (4610, 2), (4613, 1), (4622, 1), (4630, 1), (4632, 4), (4636, 1), (4640, 1), (4641, 1), (4667, 5), (4670, 1), (4679, 1), (4690, 1), (4694, 1), (4698, 1), (4705, 1), (4706, 4), (4716, 4), (4736, 14), (4740, 1), (4757, 9), (4759, 1), (4775, 2), (4776, 1), (4798, 1), (4805, 1), (4813, 15), (4825, 1), (4830, 1), (4840, 12), (4845, 1), (4866, 1), (4868, 6), (4881, 1), (4883, 4), (4905, 1), (4921, 2), (4934, 2), (4946, 4), (4947, 1), (4957, 2), (4960, 1), (4966, 1), (4969, 14), (4985, 1), (4987, 4), (4996, 1)
waiter (DF: 2): (121, 1), (2726, 1)
waitin (DF: 60): (40, 1), (47, 1), (153, 4), (337, 1), (455, 1), (486, 1), (490, 1), (616, 1), (647, 2), (671, 2), (841, 2), (853, 1), (893, 2), (913, 2), (1097, 1), (1143, 1), (1233, 1), (1280, 4), (1311, 1), (1361, 1), (1471, 1), (1477, 1), (1516, 4), (1605, 1), (1695, 3), (1733, 2), (1743, 1), (1750, 1), (1801, 1), (1893, 7), (2000, 1), (2102, 1), (2177, 1), (2185, 1), (2190, 1), (2199, 1), (2616, 2), (2625, 2), (2779, 7), (2846, 1), (3054, 3), (3064, 1), (3133, 2), (3274, 1), (3413, 3), (3469, 1), (3487, 1), (3731, 1), (3752, 4), (4299, 20), (4320, 1), (4482, 1), (4493, 1), (4497, 3), (4506, 1), (4523, 1), (4669, 1), (4683, 1), (4825, 8), (4937, 1)
waitress (DF: 8): (1498, 3), (2048, 1), (2636, 1), (3541, 1), (4345, 2), (4435, 2), (4622, 1), (4770, 1)
waits3 (DF: 1): (4543, 1)
waiv (DF: 1): (842, 3)
wak (DF: 2): (1033, 1), (4916, 2)
waka (DF: 2): (124, 1), (4435, 1)
wakacj (DF: 1): (1825, 2)
wakar (DF: 1): (1102, 1)
wakayama (DF: 1): (4864, 1)
wake (DF: 231): (4, 1), (13, 1), (68, 1), (70, 1), (74, 2), (136, 1), (139, 4), (142, 1), (162, 17), (165, 2), (182, 1), (200, 1), (241, 4), (257, 2), (271, 4), (343, 1), (418, 1), (454, 5), (501, 2), (550, 9), (573, 18), (616, 1), (694, 1), (710, 1), (733, 1), (742, 1), (756, 1), (769, 3), (830, 1), (845, 3), (854, 1), (864, 1), (888, 2), (911, 2), (943, 2), (948, 2), (964, 1), (981, 2), (1001, 3), (1019, 1), (1041, 1), (1084, 1), (1122, 1), (1125, 1), (1129, 2), (1153, 1), (1156, 4), (1199, 1), (1219, 8), (1223, 1), (1297, 1), (1324, 4), (1336, 1), (1344, 2), (1355, 2), (1373, 15), (1389, 8), (1404, 4), (1416, 2), (1431, 3), (1437, 1), (1455, 1), (1468, 5), (1492, 7), (1529, 12), (1540, 8), (1555, 1), (1562, 4), (1570, 1), (1575, 3), (1581, 1), (1599, 1), (1607, 1), (1628, 1), (1713, 1), (1760, 3), (1789, 1), (1820, 1), (1827, 1), (1837, 1), (1841, 1), (1892, 2), (1899, 1), (1950, 1), (1959, 1), (2001, 2), (2056, 1), (2074, 1), (2081, 2), (2082, 8), (2123, 1), (2130, 2), (2132, 1), (2142, 1), (2157, 2), (2168, 2), (2176, 1), (2223, 1), (2250, 1), (2265, 1), (2273, 2), (2283, 3), (2292, 1), (2295, 1), (2298, 2), (2315, 2), (2370, 1), (2386, 4), (2393, 1), (2394, 1), (2397, 4), (2416, 8), (2423, 1), (2449, 2), (2455, 1), (2468, 6), (2474, 1), (2491, 1), (2511, 2), (2519, 1), (2540, 2), (2544, 1), (2546, 1), (2553, 3), (2565, 2), (2614, 2), (2627, 2), (2628, 2), (2634, 1), (2655, 1), (2698, 32), (2708, 1), (2730, 1), (2753, 1), (2776, 2), (2781, 1), (2795, 1), (2851, 1), (2879, 6), (2900, 1), (2908, 4), (2929, 1), (2949, 1), (2971, 3), (2978, 1), (3001, 1), (3009, 81), (3033, 1), (3054, 2), (3066, 2), (3095, 2), (3099, 1), (3112, 1), (3128, 1), (3166, 1), (3182, 1), (3198, 1), (3221, 1), (3248, 2), (3271, 1), (3312, 1), (3327, 4), (3423, 2), (3432, 1), (3521, 1), (3549, 1), (3565, 1), (3604, 2), (3605, 2), (3618, 1), (3619, 1), (3634, 4), (3659, 11), (3668, 2), (3720, 1), (3764, 1), (3765, 2), (3802, 1), (3811, 1), (3817, 1), (3827, 1), (3854, 2), (3904, 1), (4020, 1), (4026, 1), (4028, 1), (4133, 1), (4156, 2), (4206, 8), (4214, 1), (4221, 2), (4249, 1), (4261, 1), (4268, 1), (4299, 10), (4316, 3), (4325, 3), (4327, 1), (4331, 1), (4345, 2), (4368, 2), (4389, 1), (4397, 2), (4404, 1), (4459, 8), (4464, 1), (4491, 2), (4498, 3), (4509, 1), (4528, 1), (4537, 1), (4586, 1), (4589, 1), (4604, 1), (4622, 1), (4661, 1), (4708, 1), (4727, 1), (4741, 1), (4762, 1), (4785, 1), (4805, 3), (4806, 1), (4822, 10), (4856, 1), (4857, 2), (4875, 1), (4925, 1), (4934, 4), (4946, 4), (4969, 1)
wakeau (DF: 1): (1102, 1)
wakeman (DF: 1): (615, 1)
wakin (DF: 4): (930, 1), (1219, 1), (1891, 1), (2286, 1)
wakker (DF: 1): (175, 6)
wal (DF: 1): (908, 1)
wala (DF: 4): (149, 1), (1834, 1), (2268, 1), (3150, 3)
walang (DF: 1): (4815, 5)
walcz (DF: 1): (2951, 1)
walczi (DF: 1): (908, 1)
wald (DF: 1): (1845, 1)
walden (DF: 2): (323, 1), (1825, 4)
wale (DF: 5): (124, 2), (2706, 1), (3628, 1), (3991, 2), (4985, 1)
walentynki (DF: 1): (908, 1)
walgreen (DF: 2): (488, 1), (2143, 1)
walgt (DF: 1): (1077, 1)
wali (DF: 2): (149, 3), (4421, 1)
walin (DF: 1): (2767, 1)
walk (DF: 520): (20, 1), (50, 2), (52, 1), (58, 1), (64, 4), (72, 1), (76, 2), (83, 9), (88, 1), (104, 1), (108, 8), (110, 1), (124, 1), (135, 2), (138, 1), (153, 2), (160, 3), (176, 6), (183, 1), (196, 4), (197, 1), (221, 1), (222, 1), (223, 2), (245, 1), (247, 6), (254, 2), (258, 2), (273, 12), (282, 22), (287, 4), (289, 3), (306, 1), (339, 1), (350, 1), (370, 2), (377, 3), (379, 1), (380, 1), (389, 1), (418, 11), (423, 1), (427, 1), (457, 1), (469, 1), (471, 1), (485, 1), (496, 1), (544, 1), (562, 1), (568, 1), (616, 1), (618, 2), (633, 1), (634, 1), (635, 6), (643, 2), (644, 2), (658, 1), (660, 1), (668, 1), (672, 1), (688, 11), (691, 1), (692, 2), (708, 1), (710, 5), (717, 1), (718, 1), (727, 2), (734, 2), (743, 1), (769, 3), (771, 2), (823, 1), (825, 2), (833, 1), (834, 1), (870, 1), (898, 1), (909, 1), (914, 3), (922, 3), (948, 2), (960, 6), (964, 1), (965, 6), (974, 2), (978, 2), (983, 2), (997, 1), (1006, 1), (1007, 2), (1025, 2), (1026, 2), (1028, 1), (1029, 1), (1036, 1), (1052, 2), (1058, 1), (1097, 1), (1106, 1), (1108, 1), (1113, 2), (1122, 1), (1137, 1), (1148, 3), (1187, 1), (1188, 1), (1204, 1), (1205, 1), (1206, 1), (1214, 21), (1223, 1), (1234, 4), (1246, 1), (1253, 1), (1266, 4), (1287, 1), (1289, 2), (1304, 1), (1319, 4), (1325, 1), (1342, 1), (1347, 2), (1372, 1), (1386, 1), (1391, 12), (1392, 2), (1406, 1), (1408, 1), (1418, 6), (1419, 1), (1429, 1), (1434, 1), (1435, 2), (1452, 1), (1457, 3), (1500, 2), (1503, 3), (1510, 6), (1528, 4), (1543, 1), (1546, 27), (1547, 1), (1552, 1), (1558, 2), (1566, 2), (1569, 2), (1571, 1), (1593, 1), (1601, 1), (1606, 1), (1608, 2), (1609, 4), (1626, 2), (1642, 1), (1643, 1), (1647, 3), (1656, 1), (1661, 1), (1690, 1), (1696, 20), (1704, 1), (1713, 1), (1728, 8), (1733, 5), (1742, 3), (1748, 1), (1772, 24), (1773, 1), (1789, 5), (1792, 1), (1797, 1), (1817, 1), (1820, 1), (1828, 1), (1838, 1), (1846, 1), (1860, 2), (1870, 1), (1872, 1), (1877, 2), (1897, 1), (1900, 6), (1901, 2), (1909, 1), (1910, 1), (1915, 1), (1922, 1), (1927, 1), (1930, 1), (1938, 1), (1948, 1), (1952, 2), (1956, 2), (1959, 1), (1981, 4), (1986, 2), (2003, 3), (2005, 2), (2012, 1), (2015, 2), (2016, 1), (2028, 1), (2031, 1), (2046, 1), (2048, 2), (2056, 1), (2057, 1), (2064, 1), (2074, 1), (2075, 2), (2103, 1), (2109, 3), (2113, 2), (2116, 1), (2135, 2), (2143, 1), (2144, 1), (2145, 1), (2147, 8), (2167, 1), (2174, 1), (2182, 19), (2184, 3), (2188, 2), (2208, 2), (2214, 2), (2220, 2), (2254, 4), (2293, 1), (2307, 3), (2334, 2), (2359, 4), (2378, 2), (2380, 1), (2382, 4), (2389, 1), (2397, 2), (2399, 2), (2400, 1), (2401, 1), (2403, 2), (2415, 1), (2421, 10), (2426, 1), (2430, 1), (2436, 1), (2464, 2), (2475, 1), (2500, 4), (2509, 1), (2520, 2), (2524, 1), (2534, 1), (2544, 1), (2550, 1), (2556, 1), (2561, 1), (2565, 1), (2568, 1), (2569, 1), (2581, 1), (2594, 1), (2598, 1), (2602, 1), (2608, 1), (2612, 1), (2624, 1), (2628, 4), (2632, 1), (2641, 2), (2650, 16), (2669, 1), (2676, 2), (2679, 1), (2684, 1), (2704, 1), (2713, 1), (2720, 2), (2746, 1), (2747, 1), (2762, 1), (2765, 1), (2777, 15), (2799, 4), (2804, 1), (2816, 1), (2820, 1), (2823, 1), (2829, 1), (2837, 1), (2840, 1), (2842, 4), (2859, 4), (2863, 2), (2870, 1), (2883, 8), (2916, 6), (2933, 4), (2935, 1), (2939, 1), (2963, 1), (2968, 8), (2971, 12), (2975, 2), (2985, 8), (2992, 1), (3008, 4), (3036, 2), (3040, 2), (3052, 1), (3084, 3), (3094, 3), (3110, 4), (3116, 2), (3125, 4), (3156, 1), (3168, 1), (3188, 2), (3202, 2), (3206, 1), (3209, 1), (3245, 1), (3248, 1), (3249, 1), (3259, 3), (3266, 1), (3276, 1), (3284, 2), (3318, 1), (3330, 2), (3341, 1), (3343, 2), (3365, 25), (3368, 2), (3379, 1), (3393, 2), (3398, 1), (3406, 1), (3408, 1), (3455, 4), (3470, 2), (3482, 3), (3487, 1), (3488, 1), (3502, 1), (3503, 1), (3541, 7), (3545, 2), (3553, 2), (3556, 2), (3558, 1), (3561, 1), (3562, 1), (3568, 1), (3574, 3), (3575, 44), (3584, 2), (3598, 1), (3624, 2), (3626, 2), (3630, 1), (3632, 3), (3641, 3), (3661, 1), (3668, 1), (3671, 4), (3688, 1), (3695, 1), (3696, 2), (3701, 1), (3703, 36), (3704, 1), (3727, 1), (3733, 1), (3740, 1), (3753, 1), (3754, 1), (3762, 1), (3770, 3), (3776, 1), (3789, 1), (3796, 1), (3797, 1), (3799, 1), (3814, 3), (3820, 2), (3840, 1), (3846, 1), (3854, 1), (3856, 2), (3861, 1), (3884, 1), (3928, 1), (3964, 1), (3966, 1), (3983, 3), (3987, 1), (3991, 2), (3999, 1), (4014, 1), (4031, 2), (4037, 5), (4038, 1), (4044, 1), (4046, 2), (4053, 5), (4055, 2), (4060, 2), (4061, 15), (4074, 3), (4093, 9), (4102, 1), (4111, 1), (4118, 2), (4134, 1), (4135, 1), (4136, 4), (4139, 3), (4146, 2), (4165, 4), (4169, 1), (4172, 2), (4174, 1), (4176, 1), (4177, 3), (4194, 1), (4208, 1), (4213, 4), (4225, 1), (4232, 8), (4239, 1), (4274, 1), (4277, 8), (4286, 2), (4301, 2), (4303, 1), (4305, 18), (4320, 1), (4339, 2), (4366, 2), (4371, 5), (4372, 1), (4389, 1), (4392, 2), (4396, 3), (4414, 1), (4422, 3), (4426, 2), (4440, 1), (4441, 1), (4443, 1), (4447, 1), (4449, 1), (4454, 6), (4472, 2), (4489, 2), (4492, 1), (4495, 1), (4502, 2), (4503, 2), (4506, 9), (4508, 4), (4509, 3), (4512, 2), (4537, 5), (4538, 3), (4547, 2), (4564, 2), (4585, 1), (4596, 1), (4617, 2), (4627, 1), (4629, 1), (4636, 2), (4644, 7), (4653, 1), (4663, 2), (4676, 3), (4681, 1), (4684, 1), (4688, 3), (4700, 15), (4716, 1), (4724, 1), (4741, 1), (4771, 2), (4784, 3), (4788, 2), (4814, 5), (4818, 1), (4830, 2), (4837, 2), (4841, 1), (4842, 1), (4843, 1), (4855, 2), (4866, 1), (4891, 2), (4895, 1), (4896, 5), (4899, 3), (4900, 1), (4920, 2), (4927, 2), (4928, 1), (4941, 4), (4944, 1), (4950, 8), (4956, 1), (4957, 1), (4968, 2), (4973, 15), (4975, 4), (4980, 2), (4982, 1), (4988, 1), (4990, 2)
walker (DF: 25): (239, 2), (422, 1), (1065, 1), (1081, 1), (1153, 2), (1234, 1), (1302, 1), (1418, 1), (1431, 1), (1578, 1), (1680, 1), (2511, 1), (2532, 1), (2874, 1), (3235, 2), (3359, 1), (3412, 1), (3514, 1), (3618, 2), (4053, 2), (4145, 1), (4235, 1), (4394, 1), (4397, 1), (4446, 1)
walki (DF: 2): (924, 1), (3850, 1)
walkin (DF: 47): (70, 2), (74, 2), (104, 2), (300, 1), (357, 7), (372, 1), (409, 10), (441, 1), (485, 1), (1097, 1), (1669, 1), (1693, 3), (1733, 8), (1809, 1), (1849, 1), (1925, 1), (1957, 2), (1976, 3), (2013, 1), (2032, 1), (2278, 1), (2301, 2), (2319, 31), (2492, 1), (2495, 1), (2649, 1), (2745, 2), (2762, 1), (2939, 1), (3439, 1), (3490, 3), (3789, 1), (3963, 1), (3993, 21), (4054, 2), (4055, 4), (4061, 10), (4194, 1), (4250, 2), (4294, 3), (4401, 1), (4420, 10), (4489, 4), (4536, 1), (4565, 1), (4844, 1), (4959, 1)
walking (DF: 1): (2194, 1)
walkman (DF: 1): (4030, 4)
wall (DF: 190): (2, 1), (25, 2), (40, 2), (80, 1), (123, 1), (139, 1), (145, 3), (197, 2), (237, 1), (281, 1), (289, 1), (377, 2), (389, 1), (405, 1), (420, 1), (425, 1), (445, 1), (459, 2), (464, 1), (475, 1), (479, 3), (482, 1), (497, 1), (560, 1), (607, 1), (609, 2), (612, 1), (622, 1), (625, 1), (678, 1), (692, 2), (696, 1), (699, 1), (714, 2), (757, 1), (808, 2), (820, 1), (833, 2), (841, 1), (920, 1), (925, 2), (956, 2), (976, 1), (1026, 5), (1076, 2), (1134, 2), (1144, 1), (1199, 1), (1226, 2), (1234, 2), (1235, 2), (1237, 1), (1243, 1), (1319, 3), (1344, 1), (1353, 2), (1391, 3), (1404, 1), (1429, 1), (1498, 3), (1545, 1), (1552, 1), (1560, 1), (1568, 1), (1589, 1), (1594, 1), (1636, 1), (1657, 2), (1658, 5), (1663, 1), (1678, 3), (1680, 1), (1690, 1), (1705, 1), (1793, 1), (1795, 1), (1802, 2), (1822, 1), (1852, 1), (1853, 4), (1857, 1), (1875, 1), (1924, 3), (1952, 2), (1975, 1), (1980, 2), (1994, 1), (2003, 4), (2061, 1), (2089, 1), (2096, 1), (2109, 4), (2121, 1), (2124, 1), (2133, 1), (2214, 6), (2219, 1), (2274, 1), (2305, 1), (2330, 2), (2333, 4), (2465, 4), (2494, 2), (2495, 2), (2504, 1), (2537, 3), (2542, 2), (2554, 4), (2559, 1), (2603, 1), (2609, 3), (2618, 1), (2620, 1), (2649, 2), (2658, 1), (2665, 1), (2672, 1), (2723, 1), (2753, 1), (2762, 1), (2866, 1), (2888, 2), (2900, 1), (2957, 1), (2984, 5), (2998, 1), (3016, 1), (3052, 1), (3083, 1), (3119, 1), (3167, 1), (3185, 1), (3220, 1), (3232, 1), (3235, 2), (3268, 1), (3296, 1), (3339, 1), (3378, 6), (3469, 2), (3482, 4), (3496, 1), (3525, 2), (3539, 4), (3552, 1), (3573, 2), (3716, 1), (3721, 3), (3743, 1), (3751, 1), (3754, 4), (3766, 1), (3776, 1), (3796, 1), (3938, 1), (3951, 1), (3983, 3), (4007, 1), (4067, 1), (4078, 1), (4118, 2), (4142, 1), (4169, 2), (4187, 2), (4205, 1), (4283, 3), (4294, 6), (4310, 1), (4323, 1), (4363, 5), (4377, 1), (4396, 1), (4424, 7), (4442, 1), (4453, 1), (4519, 2), (4586, 1), (4674, 1), (4684, 1), (4685, 1), (4785, 1), (4798, 1), (4812, 6), (4878, 1), (4880, 1), (4882, 1), (4901, 1), (4942, 3), (4977, 1), (4987, 2)
wallac (DF: 4): (40, 1), (110, 1), (1856, 1), (4918, 1)
wallah (DF: 2): (2574, 1), (3849, 6)
wallen (DF: 1): (1684, 2)
wallet (DF: 14): (510, 1), (528, 1), (752, 1), (1156, 4), (1157, 1), (2218, 1), (2319, 10), (2402, 6), (3618, 1), (3661, 1), (3931, 1), (4320, 1), (4343, 3), (4521, 4)
wallethead (DF: 1): (4645, 1)
wallflow (DF: 3): (301, 1), (1224, 1), (2274, 1)
walli (DF: 1): (1977, 2)
wallow (DF: 4): (68, 1), (699, 1), (2415, 1), (3776, 6)
walmart (DF: 2): (1031, 1), (4972, 1)
walter (DF: 3): (2385, 1), (2607, 1), (4788, 2)
waltz (DF: 3): (223, 1), (1690, 1), (3024, 1)
waltzer (DF: 1): (223, 1)
wamach (DF: 1): (149, 1)
wan (DF: 20): (172, 1), (746, 45), (829, 1), (841, 4), (1299, 1), (1375, 8), (1391, 3), (1430, 1), (1443, 1), (1739, 1), (2064, 5), (2178, 1), (2277, 1), (2566, 1), (3380, 3), (3575, 2), (4003, 1), (4150, 2), (4523, 4), (4995, 4)
wand (DF: 6): (151, 1), (483, 1), (1654, 1), (2376, 1), (3019, 1), (4318, 4)
wandell (DF: 1): (3897, 4)
wander (DF: 18): (1281, 1), (1329, 1), (1590, 3), (1965, 1), (2209, 1), (2432, 1), (2871, 1), (3200, 1), (3217, 1), (3242, 1), (3629, 3), (3672, 1), (3689, 1), (3779, 1), (4061, 5), (4708, 1), (4726, 1), (4990, 2)
wanderess (DF: 1): (1167, 3)
wanderin (DF: 1): (4320, 1)
wanderlust (DF: 2): (4822, 13), (4835, 2)
wane (DF: 2): (4490, 1), (4775, 1)
wang (DF: 3): (673, 1), (1771, 2), (4833, 1)
wankelmut (DF: 2): (706, 1), (1785, 1)
wann (DF: 5): (256, 2), (1438, 1), (1771, 2), (3419, 1), (3631, 3)
wanna (DF: 1172): (5, 5), (15, 1), (17, 3), (33, 2), (39, 1), (45, 1), (47, 1), (48, 24), (49, 2), (52, 1), (58, 1), (64, 26), (67, 5), (69, 3), (76, 2), (81, 1), (89, 4), (92, 1), (93, 1), (100, 3), (104, 9), (113, 1), (118, 1), (120, 1), (121, 1), (123, 3), (124, 2), (128, 5), (130, 29), (134, 2), (141, 3), (144, 2), (147, 1), (153, 16), (154, 1), (155, 3), (161, 1), (165, 6), (167, 3), (169, 30), (174, 8), (176, 6), (185, 23), (194, 1), (202, 1), (203, 1), (205, 1), (209, 1), (210, 1), (221, 6), (222, 2), (224, 9), (226, 6), (228, 1), (232, 2), (235, 11), (236, 1), (240, 1), (242, 8), (243, 1), (244, 1), (253, 1), (255, 2), (257, 16), (258, 1), (260, 1), (261, 3), (265, 2), (268, 3), (272, 2), (277, 3), (278, 2), (285, 9), (290, 12), (295, 1), (298, 5), (310, 3), (320, 2), (322, 6), (324, 1), (334, 4), (337, 1), (339, 2), (352, 2), (356, 14), (357, 3), (363, 5), (370, 1), (374, 1), (380, 13), (382, 7), (387, 6), (391, 58), (394, 10), (405, 4), (406, 11), (407, 4), (410, 1), (418, 1), (436, 8), (446, 1), (449, 16), (452, 2), (457, 16), (459, 14), (461, 3), (469, 1), (471, 1), (485, 8), (499, 4), (501, 5), (502, 1), (503, 8), (507, 5), (508, 1), (510, 2), (511, 21), (513, 1), (514, 12), (515, 8), (520, 4), (529, 1), (532, 1), (536, 3), (537, 1), (541, 3), (546, 4), (547, 1), (550, 15), (554, 2), (556, 1), (558, 2), (562, 1), (563, 1), (568, 1), (570, 3), (579, 1), (583, 1), (587, 2), (588, 1), (593, 1), (596, 3), (600, 7), (603, 2), (604, 8), (606, 1), (611, 4), (613, 1), (617, 1), (618, 8), (641, 1), (643, 3), (646, 2), (647, 1), (654, 3), (656, 1), (658, 3), (663, 1), (664, 1), (665, 3), (669, 5), (670, 4), (672, 2), (673, 4), (684, 2), (690, 2), (692, 6), (694, 21), (696, 4), (698, 2), (706, 5), (708, 2), (716, 1), (719, 2), (720, 2), (726, 1), (731, 7), (732, 2), (733, 14), (739, 3), (746, 2), (751, 2), (753, 2), (763, 3), (768, 2), (774, 1), (775, 6), (777, 5), (780, 4), (781, 5), (792, 2), (801, 2), (805, 2), (807, 1), (809, 10), (810, 2), (811, 2), (812, 1), (816, 3), (820, 3), (824, 1), (825, 1), (826, 1), (828, 1), (829, 3), (830, 1), (837, 16), (840, 1), (842, 1), (848, 8), (854, 10), (859, 2), (860, 2), (876, 8), (892, 2), (893, 5), (900, 8), (913, 1), (914, 7), (915, 1), (927, 7), (928, 3), (939, 2), (944, 1), (947, 3), (959, 3), (962, 4), (963, 3), (965, 12), (975, 1), (978, 16), (983, 1), (988, 1), (993, 2), (1002, 8), (1011, 1), (1016, 2), (1019, 18), (1020, 1), (1021, 1), (1031, 1), (1032, 1), (1036, 14), (1041, 1), (1044, 11), (1045, 1), (1055, 1), (1058, 4), (1059, 1), (1065, 2), (1067, 1), (1070, 1), (1073, 3), (1076, 2), (1078, 4), (1091, 4), (1094, 4), (1096, 6), (1106, 1), (1110, 3), (1114, 3), (1122, 2), (1124, 13), (1131, 13), (1134, 6), (1138, 2), (1140, 2), (1143, 2), (1151, 1), (1152, 2), (1153, 6), (1154, 1), (1163, 2), (1169, 1), (1174, 7), (1180, 10), (1181, 1), (1188, 18), (1194, 11), (1201, 3), (1203, 5), (1205, 1), (1208, 1), (1210, 1), (1214, 6), (1219, 1), (1230, 2), (1233, 1), (1253, 1), (1267, 27), (1269, 2), (1275, 10), (1276, 3), (1293, 6), (1299, 4), (1302, 2), (1303, 4), (1311, 5), (1319, 1), (1324, 4), (1325, 1), (1330, 1), (1331, 5), (1332, 3), (1334, 4), (1342, 2), (1344, 1), (1349, 1), (1352, 6), (1355, 16), (1356, 5), (1358, 7), (1361, 4), (1368, 1), (1375, 24), (1380, 3), (1389, 16), (1391, 3), (1396, 1), (1400, 4), (1405, 2), (1407, 1), (1410, 2), (1413, 6), (1414, 9), (1431, 3), (1450, 2), (1452, 29), (1462, 2), (1473, 13), (1477, 1), (1482, 6), (1490, 1), (1492, 6), (1497, 3), (1499, 16), (1500, 2), (1502, 4), (1503, 1), (1504, 1), (1508, 4), (1511, 19), (1512, 8), (1515, 1), (1531, 1), (1532, 2), (1539, 1), (1550, 4), (1551, 1), (1558, 2), (1566, 4), (1568, 2), (1570, 1), (1574, 1), (1576, 1), (1578, 2), (1579, 1), (1594, 1), (1597, 1), (1602, 16), (1605, 1), (1611, 2), (1618, 1), (1629, 1), (1638, 6), (1639, 1), (1640, 1), (1646, 1), (1657, 1), (1660, 4), (1661, 1), (1671, 1), (1672, 1), (1673, 2), (1679, 2), (1683, 2), (1688, 4), (1693, 6), (1701, 4), (1704, 1), (1712, 1), (1714, 2), (1719, 6), (1720, 1), (1725, 10), (1728, 2), (1729, 6), (1731, 5), (1755, 2), (1759, 8), (1761, 10), (1765, 2), (1766, 3), (1770, 10), (1772, 12), (1773, 1), (1783, 6), (1789, 1), (1792, 1), (1793, 2), (1799, 2), (1801, 1), (1820, 1), (1823, 1), (1827, 3), (1829, 1), (1830, 2), (1831, 8), (1832, 5), (1835, 3), (1836, 1), (1838, 8), (1839, 6), (1844, 1), (1851, 2), (1853, 8), (1855, 12), (1859, 1), (1860, 1), (1866, 2), (1867, 3), (1879, 8), (1880, 2), (1883, 3), (1891, 1), (1893, 1), (1896, 1), (1915, 2), (1930, 1), (1949, 2), (1950, 1), (1951, 1), (1952, 44), (1956, 2), (1957, 4), (1964, 1), (1965, 1), (1972, 1), (1977, 2), (1984, 3), (1988, 1), (1989, 6), (1990, 2), (1995, 2), (1999, 15), (2004, 2), (2005, 24), (2011, 2), (2016, 1), (2026, 1), (2028, 8), (2029, 1), (2030, 7), (2036, 4), (2037, 1), (2038, 5), (2048, 6), (2053, 2), (2055, 1), (2057, 3), (2064, 4), (2067, 4), (2069, 1), (2071, 2), (2076, 2), (2080, 1), (2081, 4), (2085, 2), (2091, 2), (2101, 4), (2102, 4), (2110, 3), (2119, 2), (2126, 2), (2132, 1), (2133, 6), (2135, 3), (2138, 1), (2140, 5), (2142, 1), (2147, 1), (2168, 2), (2174, 1), (2177, 1), (2182, 8), (2185, 11), (2187, 2), (2198, 2), (2199, 4), (2200, 1), (2205, 5), (2206, 1), (2207, 16), (2211, 3), (2224, 1), (2231, 4), (2236, 1), (2239, 3), (2240, 1), (2244, 1), (2251, 3), (2256, 2), (2261, 27), (2263, 1), (2265, 1), (2267, 6), (2272, 1), (2278, 1), (2282, 16), (2285, 1), (2288, 3), (2294, 2), (2298, 2), (2299, 3), (2300, 1), (2302, 4), (2304, 4), (2305, 5), (2307, 7), (2311, 1), (2318, 3), (2320, 1), (2322, 1), (2332, 1), (2339, 3), (2340, 4), (2349, 2), (2353, 1), (2355, 99), (2357, 1), (2372, 2), (2374, 1), (2377, 4), (2381, 1), (2389, 3), (2390, 45), (2393, 7), (2400, 1), (2402, 12), (2405, 1), (2406, 9), (2408, 5), (2415, 3), (2421, 2), (2423, 2), (2424, 4), (2433, 1), (2437, 12), (2438, 1), (2440, 3), (2448, 1), (2449, 14), (2453, 8), (2454, 3), (2456, 1), (2465, 1), (2470, 1), (2472, 1), (2478, 3), (2482, 1), (2484, 2), (2486, 14), (2494, 1), (2497, 8), (2501, 2), (2502, 19), (2511, 4), (2515, 1), (2532, 1), (2533, 9), (2534, 1), (2540, 2), (2542, 2), (2546, 4), (2548, 4), (2553, 4), (2557, 3), (2560, 1), (2561, 2), (2562, 2), (2563, 1), (2575, 1), (2584, 1), (2586, 11), (2588, 2), (2591, 2), (2592, 1), (2593, 2), (2594, 6), (2596, 6), (2611, 12), (2613, 1), (2616, 1), (2625, 3), (2628, 2), (2629, 3), (2634, 1), (2640, 2), (2641, 24), (2644, 1), (2649, 4), (2674, 2), (2676, 2), (2685, 1), (2686, 17), (2692, 1), (2693, 8), (2696, 2), (2698, 4), (2700, 25), (2704, 10), (2705, 3), (2708, 1), (2710, 2), (2713, 7), (2719, 2), (2723, 4), (2725, 4), (2726, 4), (2728, 4), (2730, 2), (2740, 3), (2745, 4), (2748, 5), (2750, 3), (2760, 7), (2761, 3), (2763, 12), (2765, 1), (2769, 3), (2770, 1), (2772, 14), (2776, 1), (2778, 1), (2779, 1), (2781, 1), (2790, 10), (2794, 1), (2797, 4), (2798, 1), (2802, 7), (2803, 4), (2804, 1), (2810, 1), (2819, 4), (2820, 2), (2825, 1), (2831, 2), (2832, 1), (2840, 1), (2842, 3), (2843, 2), (2845, 2), (2854, 6), (2856, 1), (2859, 2), (2868, 4), (2871, 3), (2872, 2), (2874, 2), (2878, 1), (2880, 1), (2882, 20), (2883, 7), (2884, 3), (2890, 18), (2892, 1), (2895, 2), (2906, 1), (2907, 2), (2908, 6), (2914, 5), (2915, 2), (2920, 1), (2921, 16), (2922, 17), (2924, 4), (2925, 11), (2931, 8), (2932, 1), (2936, 1), (2937, 4), (2943, 3), (2944, 1), (2953, 1), (2954, 2), (2956, 2), (2964, 1), (2973, 92), (2974, 6), (2976, 1), (2977, 4), (2985, 4), (2995, 12), (2996, 22), (2997, 1), (3001, 3), (3002, 1), (3012, 1), (3014, 12), (3016, 3), (3018, 2), (3021, 2), (3025, 1), (3026, 1), (3027, 2), (3029, 18), (3034, 1), (3039, 6), (3044, 1), (3045, 1), (3046, 4), (3049, 2), (3054, 2), (3055, 4), (3056, 2), (3061, 5), (3065, 10), (3074, 30), (3075, 1), (3076, 6), (3081, 4), (3083, 3), (3084, 6), (3086, 2), (3087, 2), (3089, 1), (3095, 4), (3098, 1), (3100, 1), (3101, 4), (3112, 1), (3113, 2), (3120, 2), (3121, 4), (3127, 1), (3128, 4), (3131, 4), (3132, 1), (3140, 2), (3141, 2), (3144, 1), (3147, 1), (3148, 2), (3157, 6), (3165, 2), (3166, 1), (3167, 2), (3171, 2), (3174, 13), (3175, 1), (3184, 2), (3188, 2), (3189, 2), (3191, 12), (3192, 1), (3196, 3), (3202, 4), (3218, 5), (3223, 5), (3230, 1), (3234, 6), (3237, 16), (3238, 2), (3242, 1), (3245, 1), (3251, 1), (3254, 2), (3257, 1), (3258, 1), (3260, 1), (3262, 2), (3265, 2), (3268, 3), (3270, 1), (3272, 2), (3276, 4), (3282, 14), (3294, 3), (3298, 1), (3302, 2), (3303, 1), (3318, 4), (3322, 4), (3323, 2), (3339, 1), (3350, 2), (3363, 2), (3367, 8), (3368, 1), (3371, 2), (3374, 1), (3400, 48), (3404, 6), (3410, 1), (3412, 8), (3427, 6), (3428, 2), (3436, 1), (3438, 1), (3441, 4), (3442, 6), (3444, 2), (3446, 1), (3451, 3), (3456, 10), (3457, 18), (3460, 2), (3461, 3), (3469, 6), (3472, 4), (3476, 56), (3478, 2), (3479, 1), (3483, 3), (3485, 1), (3487, 2), (3493, 2), (3498, 1), (3507, 2), (3511, 5), (3512, 48), (3513, 1), (3515, 9), (3529, 2), (3534, 49), (3538, 2), (3547, 2), (3549, 4), (3553, 10), (3564, 10), (3571, 3), (3581, 13), (3583, 15), (3584, 4), (3589, 1), (3594, 2), (3597, 2), (3604, 16), (3611, 1), (3617, 4), (3620, 2), (3624, 2), (3632, 2), (3635, 1), (3645, 1), (3651, 14), (3653, 1), (3654, 2), (3661, 7), (3670, 1), (3675, 2), (3678, 1), (3681, 6), (3682, 6), (3700, 16), (3702, 49), (3703, 4), (3705, 1), (3706, 8), (3707, 36), (3713, 1), (3714, 2), (3718, 5), (3726, 3), (3727, 2), (3730, 4), (3731, 1), (3738, 11), (3739, 1), (3745, 1), (3746, 2), (3749, 2), (3751, 2), (3753, 2), (3765, 2), (3770, 36), (3773, 6), (3778, 2), (3781, 1), (3789, 1), (3792, 6), (3803, 1), (3804, 1), (3809, 17), (3811, 1), (3813, 1), (3820, 19), (3826, 34), (3830, 3), (3836, 2), (3837, 4), (3840, 2), (3845, 1), (3847, 1), (3850, 1), (3852, 16), (3865, 1), (3869, 1), (3878, 1), (3882, 12), (3883, 6), (3884, 1), (3894, 1), (3899, 1), (3900, 1), (3905, 13), (3913, 3), (3918, 4), (3923, 8), (3928, 2), (3936, 32), (3937, 4), (3939, 1), (3945, 1), (3949, 3), (3956, 1), (3957, 9), (3958, 6), (3960, 2), (3965, 22), (3974, 1), (3975, 6), (3979, 2), (3988, 2), (3990, 1), (3991, 8), (3993, 9), (4000, 1), (4008, 1), (4012, 1), (4019, 1), (4020, 4), (4021, 1), (4023, 2), (4025, 1), (4030, 15), (4042, 2), (4044, 2), (4052, 10), (4055, 18), (4057, 3), (4058, 9), (4059, 1), (4066, 9), (4074, 1), (4075, 5), (4076, 1), (4080, 1), (4090, 1), (4091, 1), (4092, 2), (4095, 4), (4100, 1), (4103, 2), (4104, 1), (4105, 1), (4113, 4), (4121, 2), (4123, 15), (4128, 1), (4133, 4), (4138, 1), (4139, 6), (4144, 8), (4146, 3), (4150, 1), (4154, 4), (4155, 5), (4156, 6), (4159, 1), (4165, 1), (4170, 2), (4183, 19), (4188, 2), (4191, 8), (4201, 12), (4203, 2), (4206, 14), (4214, 1), (4218, 4), (4222, 1), (4228, 2), (4231, 3), (4232, 8), (4234, 10), (4244, 2), (4249, 21), (4267, 1), (4270, 4), (4276, 3), (4282, 1), (4294, 3), (4302, 1), (4303, 4), (4312, 4), (4313, 3), (4316, 5), (4319, 3), (4323, 8), (4325, 3), (4329, 29), (4330, 1), (4334, 2), (4335, 17), (4336, 2), (4337, 2), (4338, 2), (4339, 2), (4342, 2), (4346, 13), (4350, 2), (4360, 12), (4364, 1), (4366, 14), (4367, 6), (4368, 1), (4374, 2), (4381, 17), (4383, 1), (4384, 2), (4394, 3), (4398, 3), (4401, 1), (4402, 1), (4404, 1), (4407, 1), (4408, 6), (4414, 1), (4417, 10), (4420, 8), (4422, 3), (4424, 2), (4435, 2), (4443, 2), (4447, 1), (4450, 3), (4452, 6), (4456, 1), (4457, 1), (4458, 4), (4464, 1), (4468, 1), (4472, 13), (4489, 18), (4491, 2), (4493, 1), (4494, 2), (4495, 1), (4497, 6), (4500, 2), (4503, 4), (4506, 2), (4511, 6), (4514, 1), (4516, 2), (4517, 1), (4519, 2), (4521, 1), (4523, 4), (4524, 1), (4525, 4), (4527, 1), (4530, 1), (4533, 1), (4546, 9), (4549, 1), (4551, 1), (4558, 12), (4561, 1), (4569, 4), (4576, 2), (4580, 4), (4581, 1), (4584, 5), (4585, 1), (4586, 2), (4596, 1), (4600, 2), (4604, 2), (4608, 7), (4611, 1), (4616, 5), (4617, 5), (4620, 5), (4621, 6), (4625, 3), (4627, 3), (4628, 3), (4638, 1), (4642, 1), (4653, 1), (4654, 2), (4661, 1), (4669, 8), (4672, 1), (4675, 1), (4684, 2), (4687, 8), (4691, 2), (4693, 7), (4695, 3), (4701, 6), (4703, 4), (4716, 14), (4719, 6), (4723, 1), (4730, 4), (4736, 77), (4741, 1), (4745, 8), (4749, 4), (4751, 46), (4754, 7), (4759, 1), (4760, 4), (4762, 2), (4770, 2), (4772, 2), (4776, 7), (4779, 4), (4781, 1), (4787, 1), (4788, 2), (4789, 16), (4793, 1), (4795, 5), (4796, 1), (4806, 4), (4808, 3), (4810, 4), (4811, 4), (4822, 10), (4823, 24), (4825, 4), (4828, 8), (4829, 1), (4830, 1), (4834, 1), (4838, 4), (4843, 3), (4854, 1), (4855, 3), (4856, 1), (4866, 1), (4880, 1), (4889, 3), (4894, 2), (4896, 10), (4897, 2), (4899, 2), (4903, 1), (4906, 1), (4918, 1), (4920, 1), (4925, 9), (4931, 1), (4933, 2), (4935, 3), (4941, 2), (4947, 2), (4950, 8), (4962, 4), (4963, 2), (4968, 2), (4971, 12), (4972, 1), (4979, 26), (4980, 4), (4982, 1), (4995, 3), (4999, 3)
wannab (DF: 12): (380, 1), (563, 1), (803, 1), (946, 4), (1135, 1), (3181, 2), (3476, 1), (3979, 2), (4171, 3), (4533, 1), (4668, 1), (4770, 1)
wanneer (DF: 4): (1432, 1), (2260, 1), (3864, 1), (4256, 1)
wanni (DF: 1): (1918, 1)
wannna (DF: 2): (2393, 1), (2449, 2)
wanshot (DF: 1): (143, 4)
want (DF: 1462): (6, 1), (7, 1), (11, 4), (15, 3), (17, 8), (18, 2), (33, 2), (40, 2), (42, 1), (43, 6), (47, 1), (49, 1), (54, 1), (55, 1), (56, 2), (57, 2), (58, 1), (64, 10), (65, 1), (66, 2), (68, 2), (69, 7), (70, 12), (72, 3), (76, 6), (77, 10), (80, 2), (90, 2), (92, 1), (96, 4), (100, 5), (103, 1), (106, 17), (110, 1), (112, 1), (113, 4), (128, 4), (129, 2), (132, 1), (134, 1), (136, 3), (137, 2), (145, 8), (159, 1), (160, 7), (165, 2), (166, 29), (168, 3), (169, 2), (172, 1), (183, 7), (188, 2), (191, 2), (192, 3), (194, 2), (200, 1), (203, 8), (206, 4), (210, 2), (211, 13), (212, 8), (214, 2), (215, 5), (221, 7), (224, 3), (226, 3), (228, 13), (230, 6), (231, 4), (235, 1), (236, 1), (238, 2), (242, 2), (243, 2), (245, 1), (254, 1), (255, 4), (257, 4), (259, 4), (261, 1), (266, 1), (268, 5), (272, 2), (274, 4), (277, 1), (278, 6), (281, 14), (287, 6), (292, 6), (293, 6), (296, 18), (298, 3), (300, 6), (303, 4), (305, 6), (310, 1), (311, 2), (313, 6), (318, 3), (319, 4), (320, 2), (323, 1), (325, 2), (327, 8), (339, 1), (341, 2), (348, 6), (352, 1), (356, 6), (370, 8), (372, 2), (373, 1), (374, 3), (375, 2), (379, 5), (380, 2), (382, 1), (387, 44), (388, 1), (389, 2), (393, 21), (394, 3), (398, 2), (405, 4), (418, 3), (425, 7), (431, 15), (433, 1), (436, 4), (440, 7), (441, 1), (445, 4), (457, 1), (462, 1), (471, 1), (472, 3), (474, 4), (478, 2), (486, 5), (495, 6), (499, 18), (502, 5), (503, 16), (504, 29), (511, 9), (513, 20), (515, 42), (522, 8), (525, 2), (526, 2), (528, 24), (529, 1), (530, 3), (533, 1), (534, 1), (535, 4), (536, 1), (537, 1), (538, 1), (542, 4), (547, 2), (548, 1), (550, 6), (551, 1), (554, 4), (558, 2), (565, 5), (566, 2), (570, 2), (574, 1), (576, 3), (579, 2), (581, 1), (582, 6), (583, 1), (584, 4), (587, 8), (591, 1), (604, 8), (606, 4), (607, 6), (613, 3), (614, 2), (616, 2), (618, 7), (621, 3), (627, 5), (629, 5), (633, 2), (634, 1), (636, 1), (643, 1), (647, 3), (653, 4), (659, 1), (662, 2), (663, 2), (672, 2), (677, 15), (680, 4), (686, 8), (690, 4), (692, 6), (696, 8), (698, 6), (699, 2), (702, 1), (706, 2), (714, 2), (716, 2), (721, 1), (726, 1), (729, 2), (732, 17), (737, 1), (738, 1), (746, 6), (751, 6), (753, 1), (758, 24), (761, 1), (767, 4), (771, 1), (772, 2), (774, 1), (775, 4), (779, 22), (782, 1), (786, 1), (788, 4), (798, 2), (799, 1), (811, 3), (812, 1), (815, 1), (819, 1), (822, 4), (823, 3), (829, 6), (832, 4), (841, 1), (843, 1), (845, 6), (846, 3), (847, 2), (849, 2), (850, 4), (853, 4), (859, 3), (860, 1), (865, 1), (873, 6), (881, 1), (883, 6), (884, 2), (892, 2), (893, 2), (898, 1), (904, 1), (909, 2), (912, 26), (913, 2), (915, 1), (919, 24), (925, 10), (926, 2), (927, 3), (928, 5), (929, 1), (931, 12), (939, 1), (941, 8), (944, 1), (949, 1), (953, 2), (956, 5), (959, 7), (962, 1), (964, 1), (965, 6), (966, 1), (968, 1), (969, 1), (970, 3), (983, 2), (987, 8), (988, 2), (997, 11), (1015, 13), (1019, 2), (1020, 1), (1031, 1), (1032, 1), (1036, 1), (1037, 1), (1038, 2), (1040, 12), (1048, 2), (1050, 22), (1052, 7), (1053, 1), (1055, 1), (1057, 2), (1059, 1), (1069, 4), (1070, 1), (1077, 1), (1091, 2), (1092, 1), (1096, 12), (1097, 3), (1100, 10), (1105, 1), (1106, 4), (1107, 4), (1111, 1), (1119, 2), (1120, 1), (1124, 2), (1128, 8), (1134, 1), (1140, 3), (1144, 3), (1148, 1), (1152, 11), (1153, 1), (1155, 2), (1156, 32), (1158, 1), (1160, 1), (1169, 5), (1171, 1), (1173, 19), (1174, 9), (1182, 3), (1187, 1), (1188, 4), (1189, 1), (1190, 8), (1191, 1), (1194, 2), (1201, 3), (1203, 3), (1208, 2), (1209, 3), (1212, 2), (1214, 3), (1220, 4), (1223, 5), (1233, 1), (1243, 2), (1245, 1), (1250, 1), (1251, 1), (1252, 14), (1258, 1), (1260, 1), (1262, 1), (1269, 1), (1272, 1), (1273, 3), (1285, 1), (1287, 6), (1290, 4), (1301, 2), (1302, 8), (1303, 1), (1304, 4), (1311, 3), (1312, 1), (1315, 1), (1321, 2), (1322, 2), (1323, 2), (1326, 1), (1328, 3), (1332, 1), (1334, 6), (1335, 2), (1342, 5), (1352, 18), (1355, 4), (1357, 3), (1358, 57), (1361, 19), (1372, 1), (1374, 6), (1380, 2), (1388, 1), (1392, 6), (1393, 3), (1400, 3), (1402, 1), (1405, 4), (1410, 1), (1412, 2), (1416, 2), (1420, 1), (1423, 4), (1430, 1), (1432, 5), (1438, 2), (1439, 1), (1450, 3), (1458, 2), (1459, 7), (1462, 3), (1475, 1), (1480, 7), (1482, 7), (1490, 1), (1493, 20), (1499, 2), (1502, 8), (1509, 10), (1511, 12), (1516, 20), (1520, 1), (1522, 5), (1526, 5), (1531, 1), (1532, 16), (1534, 2), (1535, 2), (1539, 9), (1544, 3), (1547, 4), (1550, 8), (1551, 4), (1553, 3), (1554, 1), (1555, 1), (1556, 26), (1558, 2), (1559, 16), (1562, 2), (1565, 1), (1566, 1), (1570, 3), (1572, 9), (1573, 2), (1578, 3), (1586, 2), (1587, 14), (1591, 1), (1594, 3), (1599, 1), (1607, 3), (1610, 10), (1612, 8), (1614, 3), (1619, 9), (1625, 1), (1635, 1), (1636, 1), (1643, 2), (1647, 2), (1648, 3), (1649, 2), (1657, 2), (1662, 1), (1663, 1), (1667, 1), (1669, 1), (1670, 1), (1672, 27), (1674, 1), (1675, 2), (1688, 16), (1689, 2), (1690, 1), (1694, 4), (1695, 4), (1696, 1), (1698, 2), (1699, 11), (1700, 2), (1704, 27), (1713, 1), (1718, 1), (1719, 1), (1720, 5), (1725, 30), (1726, 1), (1727, 2), (1731, 3), (1737, 4), (1739, 15), (1744, 2), (1746, 10), (1748, 2), (1749, 3), (1751, 29), (1753, 1), (1759, 14), (1763, 11), (1764, 3), (1765, 2), (1767, 1), (1772, 141), (1775, 4), (1783, 2), (1796, 1), (1798, 1), (1801, 1), (1809, 2), (1812, 1), (1813, 1), (1817, 2), (1824, 15), (1830, 2), (1831, 18), (1832, 18), (1833, 1), (1836, 10), (1838, 3), (1839, 33), (1840, 3), (1851, 2), (1854, 2), (1856, 6), (1858, 3), (1859, 1), (1860, 1), (1864, 2), (1865, 7), (1866, 3), (1867, 3), (1872, 1), (1879, 6), (1896, 1), (1899, 1), (1906, 1), (1908, 1), (1916, 2), (1921, 3), (1922, 1), (1924, 1), (1926, 1), (1937, 1), (1938, 1), (1940, 2), (1944, 4), (1951, 1), (1952, 6), (1955, 4), (1957, 4), (1958, 2), (1959, 1), (1961, 2), (1962, 1), (1968, 2), (1969, 12), (1972, 4), (1983, 4), (1989, 2), (1990, 2), (1995, 1), (2000, 45), (2001, 2), (2002, 1), (2007, 13), (2011, 16), (2016, 3), (2028, 2), (2029, 4), (2041, 6), (2046, 1), (2048, 1), (2053, 2), (2055, 3), (2061, 2), (2063, 1), (2068, 1), (2073, 1), (2074, 2), (2080, 4), (2081, 3), (2093, 2), (2099, 2), (2102, 4), (2103, 3), (2112, 13), (2113, 2), (2116, 1), (2117, 10), (2120, 4), (2126, 1), (2132, 4), (2134, 1), (2135, 4), (2137, 2), (2140, 2), (2144, 1), (2146, 8), (2151, 8), (2153, 1), (2155, 1), (2160, 4), (2165, 9), (2167, 1), (2171, 2), (2172, 1), (2174, 1), (2175, 1), (2176, 2), (2178, 1), (2184, 1), (2186, 1), (2189, 4), (2190, 2), (2191, 6), (2193, 1), (2199, 19), (2200, 1), (2202, 1), (2205, 3), (2207, 6), (2208, 1), (2210, 2), (2218, 9), (2224, 1), (2228, 9), (2229, 7), (2236, 1), (2239, 4), (2240, 2), (2252, 2), (2256, 1), (2259, 1), (2265, 11), (2267, 12), (2269, 1), (2270, 1), (2272, 1), (2273, 1), (2277, 4), (2282, 4), (2283, 3), (2285, 3), (2286, 1), (2291, 1), (2292, 1), (2296, 4), (2300, 4), (2312, 1), (2317, 4), (2319, 1), (2322, 1), (2323, 1), (2326, 1), (2332, 1), (2333, 1), (2337, 2), (2340, 1), (2341, 12), (2349, 6), (2357, 1), (2361, 1), (2364, 1), (2372, 1), (2374, 1), (2375, 1), (2378, 1), (2385, 1), (2388, 4), (2389, 6), (2392, 2), (2393, 7), (2394, 11), (2400, 6), (2404, 1), (2409, 14), (2411, 1), (2415, 2), (2419, 2), (2421, 4), (2423, 4), (2428, 2), (2431, 33), (2433, 2), (2434, 10), (2440, 2), (2444, 1), (2449, 14), (2458, 1), (2460, 1), (2467, 4), (2471, 2), (2474, 1), (2476, 57), (2477, 1), (2485, 8), (2486, 6), (2489, 1), (2490, 26), (2494, 12), (2497, 3), (2501, 2), (2505, 11), (2506, 2), (2509, 2), (2510, 1), (2513, 1), (2520, 6), (2521, 4), (2522, 36), (2526, 2), (2527, 3), (2532, 4), (2533, 18), (2536, 13), (2537, 1), (2540, 2), (2541, 4), (2542, 2), (2546, 1), (2553, 6), (2558, 8), (2561, 1), (2563, 1), (2565, 1), (2566, 1), (2568, 1), (2570, 3), (2573, 6), (2578, 5), (2579, 1), (2584, 5), (2588, 1), (2589, 6), (2591, 2), (2595, 5), (2596, 5), (2605, 2), (2609, 5), (2610, 6), (2612, 1), (2616, 2), (2619, 7), (2623, 3), (2624, 1), (2625, 11), (2626, 2), (2629, 1), (2633, 3), (2634, 2), (2638, 1), (2639, 1), (2657, 3), (2664, 2), (2665, 3), (2667, 1), (2669, 8), (2671, 8), (2673, 1), (2679, 2), (2683, 5), (2686, 4), (2688, 3), (2691, 1), (2692, 4), (2696, 6), (2700, 23), (2703, 6), (2704, 7), (2705, 1), (2706, 1), (2707, 1), (2708, 9), (2710, 2), (2713, 1), (2714, 1), (2720, 2), (2723, 6), (2725, 2), (2726, 8), (2727, 35), (2728, 1), (2730, 3), (2731, 1), (2737, 2), (2746, 1), (2753, 4), (2757, 1), (2758, 1), (2760, 2), (2761, 1), (2764, 2), (2767, 1), (2772, 4), (2780, 4), (2781, 4), (2784, 7), (2789, 4), (2790, 1), (2793, 5), (2794, 1), (2795, 4), (2796, 4), (2799, 4), (2801, 2), (2802, 7), (2804, 1), (2817, 2), (2820, 1), (2822, 2), (2831, 1), (2832, 3), (2840, 2), (2841, 2), (2842, 1), (2845, 4), (2849, 1), (2851, 1), (2852, 1), (2857, 8), (2864, 2), (2865, 7), (2868, 4), (2870, 5), (2871, 2), (2872, 1), (2873, 1), (2878, 1), (2879, 1), (2882, 3), (2884, 2), (2888, 2), (2890, 3), (2896, 1), (2897, 5), (2901, 1), (2902, 1), (2904, 30), (2906, 1), (2911, 3), (2919, 1), (2920, 4), (2922, 1), (2924, 1), (2925, 2), (2928, 2), (2929, 1), (2931, 3), (2932, 2), (2935, 1), (2937, 10), (2940, 1), (2941, 1), (2944, 2), (2949, 1), (2953, 1), (2954, 8), (2957, 1), (2961, 1), (2964, 1), (2965, 2), (2968, 10), (2974, 5), (2981, 3), (2985, 47), (2988, 2), (2990, 1), (2991, 6), (2996, 3), (3002, 1), (3011, 30), (3012, 1), (3013, 8), (3018, 1), (3021, 3), (3022, 1), (3025, 1), (3027, 4), (3029, 36), (3033, 1), (3035, 4), (3036, 2), (3039, 4), (3044, 3), (3052, 1), (3053, 1), (3055, 6), (3056, 2), (3060, 1), (3065, 3), (3068, 3), (3074, 15), (3076, 1), (3081, 2), (3083, 3), (3084, 37), (3087, 4), (3089, 1), (3094, 11), (3095, 6), (3096, 4), (3102, 1), (3113, 1), (3115, 1), (3117, 1), (3118, 1), (3119, 1), (3120, 4), (3121, 18), (3124, 1), (3125, 4), (3126, 1), (3127, 2), (3133, 2), (3135, 1), (3136, 2), (3137, 1), (3140, 3), (3141, 8), (3142, 1), (3149, 2), (3151, 9), (3154, 6), (3156, 1), (3157, 14), (3165, 1), (3168, 3), (3169, 1), (3176, 5), (3178, 2), (3180, 28), (3181, 12), (3183, 2), (3184, 5), (3192, 4), (3198, 3), (3200, 1), (3202, 2), (3208, 6), (3217, 1), (3223, 5), (3230, 9), (3232, 1), (3234, 2), (3235, 2), (3238, 4), (3244, 6), (3245, 18), (3246, 8), (3253, 3), (3257, 2), (3258, 3), (3260, 3), (3262, 2), (3263, 2), (3265, 2), (3266, 3), (3270, 1), (3271, 3), (3272, 2), (3274, 5), (3275, 2), (3276, 1), (3277, 1), (3278, 12), (3282, 4), (3283, 3), (3285, 1), (3293, 2), (3298, 6), (3303, 41), (3304, 1), (3305, 2), (3306, 3), (3309, 1), (3310, 2), (3318, 10), (3321, 2), (3323, 2), (3331, 2), (3335, 5), (3338, 10), (3350, 3), (3359, 4), (3366, 2), (3367, 26), (3369, 2), (3371, 1), (3374, 6), (3383, 6), (3388, 18), (3397, 2), (3400, 4), (3402, 1), (3412, 34), (3414, 1), (3415, 5), (3420, 1), (3423, 4), (3425, 2), (3426, 2), (3427, 6), (3428, 3), (3429, 4), (3430, 1), (3432, 1), (3433, 46), (3435, 1), (3440, 12), (3448, 4), (3449, 4), (3451, 1), (3453, 20), (3455, 2), (3456, 1), (3458, 1), (3461, 3), (3470, 3), (3473, 18), (3476, 34), (3483, 2), (3486, 3), (3488, 7), (3493, 1), (3498, 1), (3502, 2), (3505, 14), (3506, 2), (3507, 4), (3509, 10), (3510, 1), (3512, 19), (3513, 1), (3518, 2), (3521, 3), (3522, 7), (3524, 4), (3528, 1), (3532, 2), (3535, 8), (3538, 1), (3541, 1), (3542, 1), (3543, 1), (3544, 1), (3549, 2), (3552, 2), (3553, 2), (3556, 1), (3557, 1), (3558, 3), (3559, 18), (3560, 4), (3562, 2), (3568, 14), (3571, 12), (3573, 6), (3578, 15), (3579, 7), (3581, 2), (3584, 40), (3585, 1), (3589, 2), (3594, 1), (3600, 2), (3601, 6), (3604, 4), (3611, 2), (3617, 4), (3618, 8), (3619, 1), (3628, 1), (3632, 2), (3634, 5), (3639, 4), (3645, 6), (3650, 1), (3653, 1), (3654, 4), (3670, 4), (3676, 2), (3680, 4), (3681, 24), (3682, 4), (3687, 8), (3688, 2), (3689, 1), (3690, 4), (3691, 1), (3697, 1), (3700, 8), (3708, 6), (3712, 2), (3718, 1), (3719, 1), (3721, 3), (3727, 2), (3728, 1), (3730, 14), (3731, 2), (3733, 2), (3735, 1), (3738, 1), (3740, 2), (3745, 1), (3748, 2), (3749, 6), (3751, 1), (3753, 7), (3758, 3), (3760, 1), (3764, 6), (3765, 6), (3773, 4), (3774, 1), (3777, 2), (3784, 12), (3786, 2), (3790, 6), (3791, 1), (3801, 14), (3802, 3), (3803, 1), (3807, 6), (3808, 4), (3811, 1), (3813, 1), (3821, 2), (3826, 10), (3827, 8), (3830, 6), (3831, 1), (3834, 3), (3842, 1), (3844, 1), (3846, 4), (3850, 1), (3854, 1), (3861, 1), (3864, 1), (3865, 6), (3869, 1), (3873, 1), (3878, 5), (3882, 8), (3883, 3), (3884, 1), (3885, 3), (3889, 1), (3892, 1), (3894, 3), (3902, 4), (3905, 2), (3906, 4), (3913, 5), (3914, 3), (3917, 2), (3918, 6), (3921, 1), (3923, 1), (3924, 3), (3936, 32), (3937, 2), (3945, 4), (3956, 2), (3957, 3), (3958, 18), (3959, 1), (3974, 1), (3975, 2), (3987, 6), (3988, 1), (3990, 1), (3991, 4), (3999, 2), (4003, 1), (4008, 1), (4012, 1), (4014, 12), (4019, 3), (4026, 1), (4030, 3), (4033, 6), (4036, 2), (4041, 1), (4046, 1), (4047, 1), (4050, 1), (4051, 3), (4053, 6), (4056, 12), (4062, 1), (4064, 10), (4068, 2), (4070, 4), (4071, 2), (4074, 5), (4075, 5), (4077, 4), (4078, 1), (4079, 1), (4082, 8), (4085, 2), (4092, 6), (4104, 2), (4106, 1), (4107, 3), (4113, 10), (4115, 2), (4116, 4), (4122, 3), (4123, 5), (4124, 2), (4133, 15), (4134, 2), (4135, 1), (4137, 4), (4142, 1), (4146, 4), (4147, 2), (4149, 9), (4150, 1), (4154, 1), (4161, 2), (4164, 1), (4165, 1), (4169, 1), (4171, 18), (4172, 2), (4173, 1), (4178, 3), (4182, 8), (4183, 3), (4188, 2), (4190, 2), (4191, 4), (4202, 1), (4203, 1), (4206, 1), (4208, 3), (4211, 1), (4213, 2), (4221, 2), (4222, 1), (4229, 4), (4233, 5), (4234, 10), (4239, 2), (4242, 1), (4243, 7), (4244, 5), (4250, 3), (4251, 7), (4256, 1), (4267, 1), (4268, 10), (4270, 7), (4271, 1), (4277, 10), (4279, 1), (4280, 32), (4281, 1), (4282, 1), (4283, 2), (4291, 1), (4294, 60), (4298, 1), (4303, 5), (4316, 2), (4317, 1), (4319, 6), (4321, 2), (4323, 4), (4325, 2), (4328, 1), (4329, 1), (4335, 1), (4337, 6), (4339, 1), (4340, 1), (4348, 3), (4351, 1), (4355, 1), (4365, 1), (4366, 2), (4368, 1), (4369, 1), (4371, 29), (4381, 1), (4383, 1), (4389, 1), (4391, 1), (4403, 4), (4406, 14), (4408, 1), (4411, 1), (4412, 2), (4420, 11), (4422, 4), (4426, 1), (4427, 1), (4435, 3), (4437, 1), (4440, 1), (4442, 3), (4443, 1), (4447, 2), (4450, 1), (4452, 2), (4457, 7), (4461, 1), (4464, 3), (4473, 11), (4477, 2), (4481, 3), (4487, 1), (4488, 1), (4493, 2), (4497, 9), (4503, 1), (4505, 6), (4506, 5), (4519, 2), (4524, 2), (4541, 2), (4542, 5), (4546, 9), (4547, 2), (4549, 5), (4553, 2), (4554, 1), (4558, 48), (4561, 1), (4566, 3), (4569, 3), (4572, 8), (4574, 1), (4575, 1), (4576, 2), (4579, 7), (4580, 7), (4583, 2), (4584, 6), (4586, 1), (4592, 1), (4593, 1), (4601, 4), (4604, 3), (4606, 1), (4608, 1), (4611, 3), (4612, 14), (4617, 2), (4620, 1), (4627, 1), (4628, 2), (4632, 6), (4634, 2), (4636, 3), (4638, 5), (4640, 1), (4641, 1), (4643, 5), (4644, 1), (4653, 2), (4654, 3), (4664, 1), (4667, 8), (4670, 1), (4677, 4), (4679, 1), (4685, 8), (4689, 16), (4691, 2), (4693, 1), (4694, 3), (4696, 1), (4699, 3), (4716, 1), (4720, 3), (4722, 4), (4723, 1), (4724, 1), (4726, 3), (4727, 8), (4730, 4), (4732, 1), (4733, 6), (4745, 1), (4746, 2), (4751, 2), (4754, 3), (4757, 12), (4759, 1), (4762, 2), (4775, 2), (4776, 2), (4781, 13), (4789, 2), (4791, 1), (4792, 1), (4793, 7), (4796, 1), (4801, 1), (4811, 7), (4814, 4), (4820, 1), (4821, 1), (4823, 5), (4824, 1), (4825, 4), (4827, 1), (4829, 2), (4830, 2), (4834, 1), (4835, 7), (4837, 1), (4838, 21), (4840, 1), (4841, 1), (4848, 14), (4849, 1), (4850, 2), (4854, 1), (4858, 2), (4863, 2), (4864, 1), (4867, 4), (4872, 3), (4875, 1), (4877, 1), (4887, 1), (4889, 2), (4891, 2), (4894, 4), (4897, 3), (4905, 2), (4907, 2), (4915, 3), (4918, 3), (4925, 52), (4926, 1), (4934, 1), (4938, 2), (4941, 1), (4943, 4), (4944, 2), (4946, 4), (4947, 2), (4955, 8), (4956, 30), (4960, 2), (4962, 1), (4963, 2), (4968, 1), (4969, 1), (4970, 6), (4971, 1), (4972, 1), (4976, 1), (4977, 22), (4981, 1), (4993, 3), (4995, 2), (4997, 1)
wanta (DF: 1): (1657, 1)
wantin (DF: 13): (212, 2), (341, 1), (647, 1), (1578, 3), (1679, 2), (1840, 1), (2157, 1), (2649, 1), (3101, 1), (3483, 1), (3867, 1), (4620, 6), (4971, 2)
