cardiac (DF: 2): (248, 1), (3980, 1)
cardigan (DF: 2): (1937, 1), (3114, 1)
cardinal (DF: 1): (1474, 1)
cardio (DF: 13): (212, 1), (239, 1), (511, 1), (876, 1), (1071, 1), (1100, 1), (2093, 2), (2524, 1), (2533, 1), (2730, 1), (3181, 1), (3412, 1), (3553, 1)
care (DF: 391): (1, 1), (13, 1), (48, 6), (51, 1), (64, 2), (89, 24), (132, 1), (138, 1), (144, 4), (159, 1), (185, 1), (205, 1), (206, 1), (215, 3), (228, 1), (243, 3), (264, 2), (270, 1), (286, 2), (317, 1), (358, 1), (369, 1), (380, 1), (421, 1), (422, 3), (440, 1), (443, 1), (479, 3), (482, 1), (499, 2), (507, 1), (513, 2), (520, 4), (521, 2), (527, 1), (546, 4), (593, 1), (603, 2), (616, 1), (641, 1), (653, 1), (654, 1), (658, 1), (705, 1), (759, 2), (763, 12), (781, 1), (785, 1), (788, 3), (819, 2), (823, 1), (840, 2), (863, 1), (870, 1), (888, 1), (899, 1), (939, 1), (948, 2), (950, 1), (963, 1), (965, 49), (970, 1), (988, 1), (991, 1), (997, 1), (1019, 1), (1028, 1), (1048, 1), (1070, 2), (1074, 1), (1092, 1), (1101, 1), (1120, 1), (1138, 3), (1155, 2), (1170, 2), (1223, 4), (1248, 4), (1263, 2), (1269, 1), (1270, 1), (1313, 1), (1319, 1), (1340, 2), (1353, 2), (1372, 1), (1374, 10), (1381, 1), (1396, 1), (1403, 1), (1407, 1), (1438, 1), (1458, 1), (1479, 4), (1487, 1), (1504, 1), (1507, 3), (1512, 1), (1516, 4), (1534, 27), (1581, 3), (1600, 1), (1608, 3), (1623, 1), (1640, 1), (1642, 1), (1643, 1), (1645, 8), (1650, 1), (1683, 4), (1714, 8), (1725, 2), (1735, 4), (1741, 1), (1744, 2), (1749, 1), (1761, 1), (1776, 5), (1797, 1), (1802, 1), (1828, 1), (1832, 5), (1835, 1), (1837, 1), (1846, 2), (1852, 1), (1870, 1), (1875, 1), (1890, 12), (1897, 3), (1904, 2), (1913, 1), (1920, 5), (1922, 1), (1926, 2), (1929, 1), (1954, 1), (1958, 1), (1959, 1), (1964, 1), (1983, 2), (1994, 1), (1996, 1), (1997, 3), (1999, 3), (2035, 2), (2037, 3), (2045, 2), (2046, 1), (2049, 1), (2052, 1), (2061, 10), (2063, 4), (2087, 2), (2102, 2), (2109, 1), (2113, 1), (2120, 6), (2123, 1), (2138, 4), (2153, 1), (2177, 1), (2182, 1), (2192, 1), (2206, 1), (2229, 1), (2236, 1), (2237, 2), (2260, 1), (2269, 1), (2278, 1), (2286, 6), (2310, 1), (2318, 1), (2333, 2), (2349, 2), (2356, 1), (2358, 8), (2392, 1), (2403, 1), (2419, 10), (2423, 1), (2427, 1), (2447, 2), (2448, 1), (2460, 1), (2476, 2), (2499, 7), (2504, 2), (2513, 6), (2519, 1), (2542, 1), (2550, 1), (2553, 1), (2578, 1), (2589, 2), (2596, 6), (2599, 1), (2608, 1), (2614, 1), (2627, 3), (2647, 1), (2649, 1), (2664, 1), (2667, 1), (2686, 15), (2728, 1), (2737, 2), (2756, 1), (2760, 1), (2765, 2), (2794, 2), (2803, 2), (2808, 1), (2812, 13), (2818, 1), (2821, 1), (2822, 1), (2826, 3), (2866, 1), (2883, 6), (2887, 1), (2891, 1), (2892, 2), (2893, 2), (2901, 1), (2906, 3), (2915, 1), (2943, 1), (2955, 1), (2956, 2), (2964, 15), (2980, 1), (2981, 1), (3002, 2), (3015, 2), (3019, 1), (3049, 1), (3083, 2), (3085, 2), (3086, 1), (3089, 2), (3105, 1), (3114, 5), (3162, 3), (3171, 4), (3178, 2), (3182, 1), (3201, 1), (3204, 2), (3206, 8), (3242, 1), (3247, 2), (3248, 1), (3260, 3), (3263, 1), (3282, 2), (3299, 3), (3303, 1), (3322, 1), (3339, 5), (3374, 1), (3386, 1), (3398, 1), (3408, 1), (3438, 1), (3465, 2), (3476, 2), (3482, 1), (3499, 1), (3515, 1), (3521, 1), (3540, 1), (3548, 1), (3567, 2), (3594, 25), (3605, 1), (3627, 1), (3638, 2), (3670, 1), (3676, 2), (3682, 14), (3683, 1), (3694, 1), (3702, 3), (3711, 5), (3738, 1), (3739, 1), (3752, 10), (3797, 1), (3806, 10), (3827, 8), (3847, 2), (3852, 8), (3860, 1), (3867, 1), (3886, 1), (3889, 3), (3904, 1), (3913, 1), (3934, 1), (3939, 1), (3945, 1), (3948, 1), (3963, 1), (3965, 1), (3976, 1), (3991, 6), (4001, 1), (4019, 1), (4044, 1), (4047, 4), (4054, 2), (4060, 1), (4070, 1), (4098, 2), (4105, 1), (4107, 1), (4109, 1), (4135, 1), (4149, 3), (4154, 2), (4155, 1), (4161, 2), (4164, 2), (4200, 2), (4227, 6), (4229, 2), (4239, 1), (4243, 3), (4250, 2), (4262, 1), (4328, 2), (4329, 1), (4332, 1), (4380, 6), (4383, 5), (4393, 1), (4408, 1), (4422, 2), (4435, 1), (4436, 1), (4447, 1), (4449, 1), (4456, 1), (4464, 4), (4481, 3), (4490, 1), (4508, 1), (4513, 2), (4523, 1), (4528, 2), (4535, 2), (4539, 1), (4547, 1), (4555, 3), (4564, 1), (4566, 3), (4581, 1), (4593, 1), (4595, 3), (4598, 1), (4601, 3), (4602, 2), (4625, 1), (4626, 1), (4645, 1), (4648, 1), (4658, 1), (4689, 3), (4717, 1), (4724, 2), (4726, 1), (4731, 3), (4759, 1), (4772, 2), (4781, 1), (4784, 3), (4823, 10), (4829, 1), (4874, 1), (4905, 1), (4913, 1), (4926, 24), (4932, 2), (4936, 2), (4960, 2), (4970, 10), (4987, 10), (4995, 1), (4999, 1)
carecrow (DF: 1): (407, 1)
career (DF: 9): (925, 1), (1622, 1), (1834, 1), (2198, 1), (2804, 1), (3075, 1), (3521, 1), (4478, 1), (4872, 1)
carefre (DF: 2): (808, 1), (3374, 1)
careful (DF: 1): (4347, 2)
careless (DF: 4): (1359, 3), (2049, 1), (4664, 1), (4818, 1)
caress (DF: 13): (926, 2), (1326, 2), (1703, 9), (1916, 2), (2239, 1), (2310, 1), (3081, 1), (3149, 2), (4085, 2), (4123, 2), (4266, 1), (4841, 1), (4863, 1)
caressin (DF: 1): (2356, 1)
caret (DF: 1): (4238, 3)
carey (DF: 3): (513, 1), (543, 1), (2271, 1)
carez (DF: 1): (134, 2)
carg (DF: 7): (178, 1), (1803, 1), (2604, 1), (3603, 3), (4009, 1), (4544, 1), (4852, 1)
carga (DF: 1): (3215, 1)
cargam (DF: 1): (1259, 1)
cargo (DF: 4): (531, 1), (1738, 2), (2685, 1), (3248, 1)
carib (DF: 2): (364, 2), (1476, 12)
caribbean (DF: 4): (552, 1), (3083, 1), (3864, 4), (4607, 1)
caribean (DF: 1): (552, 1)
caribeñ (DF: 1): (512, 1)
carici (DF: 6): (84, 1), (87, 1), (580, 2), (2488, 1), (3106, 1), (4879, 1)
carism (DF: 1): (4540, 1)
carit (DF: 16): (256, 7), (580, 4), (1061, 1), (1307, 1), (1752, 8), (2043, 1), (2814, 3), (3070, 6), (3401, 3), (3572, 2), (3588, 2), (3623, 2), (4210, 1), (4300, 3), (4386, 2), (4594, 3)
cariñ (DF: 11): (84, 1), (87, 1), (403, 1), (1842, 1), (1939, 1), (2088, 2), (2488, 2), (2668, 1), (3158, 1), (3418, 2), (4678, 2)
cariñit (DF: 3): (476, 4), (2043, 2), (2681, 3)
carl (DF: 14): (791, 1), (836, 1), (885, 1), (891, 4), (1042, 1), (1095, 1), (1373, 1), (1826, 4), (1842, 1), (2088, 1), (2731, 2), (3572, 1), (3875, 2), (3975, 1)
carlit (DF: 1): (4912, 1)
carlo (DF: 8): (802, 1), (1187, 1), (1718, 1), (2048, 1), (2356, 1), (2631, 2), (3033, 1), (3624, 1)
carlton (DF: 2): (235, 1), (3144, 1)
carm (DF: 1): (2828, 1)
carmada (DF: 1): (85, 1)
carmelo (DF: 1): (2737, 1)
carmex (DF: 1): (3744, 2)
carmín (DF: 1): (1257, 1)
carn (DF: 8): (366, 4), (1168, 1), (2889, 1), (2936, 1), (3489, 4), (3981, 1), (4236, 1), (4552, 1)
carnag (DF: 2): (540, 1), (4084, 1)
carnal (DF: 6): (53, 1), (1022, 2), (1582, 2), (1649, 7), (3269, 1), (3569, 1)
carnalito (DF: 1): (1649, 1)
carnat (DF: 2): (3164, 1), (4901, 1)
carnaval (DF: 1): (4423, 1)
carner (DF: 1): (1186, 1)
carniv (DF: 3): (223, 1), (435, 1), (1694, 4)
caro (DF: 1): (2711, 1)
carol (DF: 1): (3628, 1)
carola (DF: 1): (2578, 1)
carolin (DF: 5): (1803, 1), (2316, 1), (2646, 1), (3556, 2), (4236, 1)
carolina (DF: 4): (80, 21), (3594, 2), (4194, 1), (4254, 1)
caront (DF: 1): (2567, 1)
carousel (DF: 7): (223, 2), (1063, 1), (2482, 1), (2578, 1), (3547, 1), (3989, 1), (4773, 1)
carpent (DF: 3): (20, 1), (2411, 1), (4779, 4)
carpet (DF: 16): (407, 1), (618, 1), (831, 2), (1187, 1), (1808, 3), (2091, 2), (2192, 1), (2198, 1), (2223, 1), (2260, 1), (2836, 1), (3050, 2), (3498, 1), (4006, 5), (4107, 1), (4151, 1)
carpon (DF: 1): (2376, 1)
carr (DF: 12): (10, 1), (349, 1), (567, 6), (628, 1), (1259, 2), (2662, 1), (2757, 1), (2828, 1), (3418, 2), (4729, 1), (4752, 5), (4951, 1)
carrega (DF: 2): (1787, 3), (3838, 1)
carregando (DF: 1): (3215, 1)
carrego (DF: 1): (2631, 1)
carrer (DF: 2): (858, 1), (2656, 1)
carrera (DF: 3): (1583, 1), (3272, 1), (3804, 1)
carress (DF: 1): (2832, 1)
carret (DF: 1): (3603, 1)
carreter (DF: 7): (217, 1), (1478, 1), (3078, 1), (3851, 1), (3898, 8), (4344, 19), (4633, 2)
carri (DF: 102): (5, 3), (73, 2), (103, 6), (130, 1), (209, 1), (258, 4), (436, 2), (457, 1), (502, 3), (510, 1), (517, 1), (533, 1), (544, 1), (581, 1), (586, 1), (654, 3), (657, 13), (664, 1), (699, 1), (746, 1), (929, 3), (1043, 1), (1216, 1), (1270, 3), (1288, 1), (1341, 1), (1401, 4), (1417, 1), (1546, 3), (1555, 2), (1557, 2), (1664, 2), (1685, 1), (1690, 1), (1699, 1), (1741, 1), (1811, 3), (1871, 3), (1873, 1), (1936, 1), (1980, 1), (2075, 1), (2112, 16), (2223, 4), (2224, 1), (2232, 1), (2311, 4), (2333, 1), (2337, 14), (2395, 2), (2419, 2), (2442, 1), (2447, 4), (2500, 4), (2720, 1), (2723, 1), (2770, 2), (2794, 1), (2797, 1), (2807, 6), (2818, 2), (2846, 3), (2866, 1), (2890, 3), (2893, 1), (2906, 1), (2910, 1), (2919, 1), (3097, 1), (3116, 2), (3151, 2), (3335, 3), (3347, 2), (3350, 1), (3415, 1), (3443, 1), (3662, 7), (3791, 1), (3801, 1), (3831, 1), (3833, 3), (3846, 8), (3873, 1), (3966, 2), (4003, 1), (4005, 3), (4021, 2), (4093, 1), (4095, 2), (4096, 3), (4183, 3), (4305, 2), (4348, 7), (4658, 1), (4674, 1), (4698, 1), (4748, 7), (4842, 1), (4917, 3), (4940, 1), (4945, 1), (4955, 1)
carriag (DF: 2): (1748, 1), (4314, 4)
carrickfergus (DF: 1): (379, 1)
carrier (DF: 1): (1253, 1)
carrion (DF: 2): (1221, 1), (2739, 1)
carro (DF: 6): (299, 1), (1072, 1), (1183, 1), (1895, 1), (2329, 1), (2711, 1)
carrot (DF: 4): (405, 1), (1635, 1), (2224, 1), (3850, 1)
carruaj (DF: 1): (4258, 2)
carrucha (DF: 1): (988, 1)
carryin (DF: 5): (291, 1), (1338, 6), (3089, 1), (3234, 2), (4407, 1)
carson (DF: 3): (3021, 1), (3789, 1), (4154, 1)
cart (DF: 12): (15, 1), (63, 1), (670, 1), (813, 1), (1031, 1), (1058, 1), (2041, 2), (2090, 1), (2604, 2), (3158, 2), (4465, 1), (4972, 1)
carta (DF: 1): (4319, 1)
cartagen (DF: 1): (28, 1)
cartagin (DF: 1): (3717, 1)
