cri (DF: 24): (2769, 6), (2770, 1), (2857, 1), (2858, 1), (2861, 1), (2862, 1), (3366, 2), (3367, 1), (3709, 4), (3711, 4), (3865, 2), (3866, 3), (3933, 1), (3934, 1), (4094, 1), (4095, 1), (4201, 15), (4203, 2), (4538, 3), (4539, 1), (4624, 3), (4625, 1), (4639, 1), (4640, 2)
cria (DF: 3): (1881, 1), (3353, 1), (4357, 1)
criança (DF: 1): (1659, 1)
criatur (DF: 1): (1974, 1)
crib (DF: 66): (175, 1), (339, 1), (418, 1), (528, 1), (658, 1), (660, 1), (672, 1), (702, 1), (800, 6), (802, 1), (841, 1), (862, 8), (922, 1), (975, 2), (1038, 1), (1304, 1), (1410, 1), (1448, 1), (1515, 1), (1613, 1), (1619, 1), (1849, 1), (1891, 2), (1896, 1), (2000, 1), (2004, 1), (2081, 1), (2093, 2), (2208, 2), (2278, 1), (2294, 1), (2305, 1), (2340, 1), (2472, 1), (2476, 2), (2511, 2), (2522, 2), (2541, 2), (2561, 1), (2596, 1), (2706, 1), (2872, 1), (2927, 1), (3079, 2), (3272, 1), (3408, 2), (3486, 1), (3510, 1), (3727, 1), (3741, 1), (3867, 1), (4026, 1), (4037, 1), (4211, 1), (4319, 1), (4339, 1), (4409, 1), (4411, 1), (4525, 2), (4527, 1), (4684, 1), (4731, 1), (4918, 1), (4962, 1), (2821, 1), (2822, 1)
cric (DF: 1): (567, 12)
cried (DF: 1): (2757, 1)
crier (DF: 1): (4137, 1)
crill (DF: 1): (2053, 1)
crim (DF: 3): (676, 2), (3409, 1), (4916, 1)
crime (DF: 66): (13, 1), (72, 2), (472, 2), (490, 1), (548, 1), (794, 2), (842, 5), (963, 1), (980, 1), (1021, 1), (1045, 1), (1128, 2), (1136, 1), (1196, 1), (1310, 4), (1591, 2), (1606, 6), (1690, 1), (1730, 3), (1741, 1), (1922, 1), (2010, 1), (2035, 1), (2147, 1), (2184, 1), (2222, 1), (2232, 5), (2253, 4), (2263, 1), (2294, 1), (2360, 1), (2464, 12), (2500, 1), (2510, 6), (2578, 1), (2588, 1), (2595, 3), (2649, 1), (2685, 1), (2765, 2), (2839, 1), (3009, 2), (3046, 1), (3138, 1), (3223, 1), (3257, 1), (3322, 1), (3330, 12), (3388, 1), (3402, 1), (3439, 1), (3441, 1), (3468, 1), (3557, 1), (3646, 2), (3655, 1), (3802, 1), (3904, 1), (3939, 1), (3967, 1), (4045, 1), (4259, 1), (4357, 1), (4903, 1), (280, 4), (281, 1)
crimen (DF: 1): (1171, 1)
crimey (DF: 1): (3731, 1)
crimin (DF: 25): (4, 1), (101, 2), (292, 2), (650, 1), (1312, 8), (1358, 1), (1454, 1), (1761, 1), (1772, 3), (2002, 1), (2028, 1), (2241, 1), (2340, 1), (2567, 1), (2809, 1), (2985, 1), (3075, 1), (3483, 1), (3884, 1), (3917, 1), (3946, 1), (4261, 1), (4490, 1), (4645, 1), (4670, 2)
criminal (DF: 6): (567, 12), (711, 45), (2662, 1), (3080, 1), (3569, 1), (4916, 1)
crimineel (DF: 1): (1432, 1)
criminolog (DF: 1): (3726, 2)
crimson (DF: 5): (548, 2), (2345, 1), (2577, 3), (3980, 1), (4099, 1)
crinier (DF: 1): (2567, 1)
crinkl (DF: 1): (3674, 6)
crioll (DF: 1): (1519, 2)
crip (DF: 23): (181, 1), (324, 1), (441, 2), (541, 1), (782, 1), (1124, 1), (1249, 1), (1375, 8), (1491, 1), (1964, 1), (2225, 1), (2329, 1), (2735, 1), (2737, 1), (2840, 2), (2923, 1), (3485, 2), (3581, 1), (3598, 1), (3924, 1), (4128, 1), (4784, 3), (4895, 5)
crippin (DF: 8): (181, 1), (352, 1), (1124, 1), (1849, 1), (3581, 1), (4250, 1), (4452, 2), (4620, 1)
crippl (DF: 3): (965, 6), (2643, 1), (4427, 1)
cripy (DF: 1): (3219, 28)
cris (DF: 12): (438, 1), (586, 1), (649, 1), (676, 1), (1282, 3), (1674, 1), (2198, 4), (2442, 1), (2884, 1), (4197, 1), (4281, 1), (4899, 1)
crisco (DF: 1): (1375, 8)
crisi (DF: 6): (240, 1), (1575, 1), (1760, 1), (2396, 1), (2540, 2), (3754, 1)
crisp (DF: 2): (490, 1), (2747, 1)
criss (DF: 1): (3549, 1)
crissi (DF: 1): (3180, 2)
crist (DF: 3): (221, 1), (3723, 1), (4982, 1)
cristal (DF: 7): (577, 1), (667, 18), (952, 1), (1366, 1), (1631, 2), (3052, 1), (4944, 1)
cristall (DF: 1): (3717, 1)
cristi (DF: 3): (740, 1), (2316, 1), (3550, 1)
cristian (DF: 7): (417, 1), (813, 1), (1141, 1), (2127, 1), (2601, 1), (3723, 1), (4288, 1)
cristin (DF: 1): (3588, 2)
critch (DF: 1): (711, 1)
criteri (DF: 1): (417, 1)
criteria (DF: 1): (1964, 1)
critic (DF: 29): (53, 1), (283, 1), (966, 1), (1022, 4), (1236, 3), (1295, 1), (1312, 14), (1552, 1), (1863, 2), (2002, 1), (2032, 1), (2056, 1), (2316, 1), (2544, 3), (2590, 1), (2601, 1), (2677, 1), (2704, 35), (2821, 1), (2957, 1), (3483, 1), (3569, 1), (3597, 1), (3789, 1), (3827, 8), (4009, 1), (4210, 1), (4490, 1), (4569, 2)
critica (DF: 1): (2205, 1)
criticava (DF: 1): (60, 2)
critiqu (DF: 1): (4009, 1)
crnkn (DF: 1): (2403, 1)
cro (DF: 1): (2116, 1)
crobot (DF: 1): (3946, 1)
croc (DF: 1): (737, 1)
crochet (DF: 1): (540, 1)
crock (DF: 1): (553, 1)
crocodil (DF: 2): (3113, 1), (3541, 1)
croir (DF: 2): (30, 1), (349, 1)
crois (DF: 5): (34, 1), (598, 1), (3768, 2), (4287, 2), (4614, 1)
croit (DF: 1): (349, 1)
croll (DF: 1): (3316, 1)
