bar (DF: 8): (4641, 1), (4681, 1), (4727, 1), (4871, 6), (4931, 1), (4953, 1), (4965, 1), (4992, 1)
bara (DF: 3): (2152, 2), (2695, 1), (3902, 1)
barack (DF: 1): (3067, 1)
baraf (DF: 1): (1834, 1)
barat (DF: 3): (86, 2), (628, 1), (4671, 1)
baraz (DF: 3): (4760, 1), (4791, 1), (4976, 1)
barb (DF: 6): (49, 2), (540, 2), (2762, 1), (3710, 1), (3890, 1), (3985, 1)
barbar (DF: 2): (1196, 1), (1244, 1)
barbecu (DF: 4): (40, 1), (2927, 1), (4302, 1), (4326, 1)
barber (DF: 4): (51, 1), (2472, 1), (2927, 1), (3144, 1)
barbershop (DF: 1): (3248, 1)
barbi (DF: 19): (0, 1), (643, 1), (694, 1), (772, 4), (1648, 1), (1665, 2), (1812, 2), (1839, 3), (1979, 1), (2091, 2), (2170, 1), (3010, 1), (3216, 1), (3507, 1), (3962, 1), (4081, 1), (4249, 1), (4707, 1), (4920, 2)
barc (DF: 7): (9, 1), (891, 1), (1159, 1), (1826, 1), (3071, 1), (4860, 6), (4954, 1)
barcelon (DF: 3): (836, 2), (891, 4), (1826, 4)
barcelona (DF: 1): (3217, 3)
barcod (DF: 3): (436, 2), (1432, 1), (3769, 1)
bardi (DF: 2): (2730, 1), (3095, 2)
bardziej (DF: 3): (1655, 1), (2951, 1), (3744, 4)
bare (DF: 73): (40, 1), (72, 1), (139, 3), (186, 2), (195, 2), (329, 6), (530, 3), (644, 2), (685, 3), (845, 1), (854, 1), (872, 1), (1170, 2), (1174, 1), (1216, 1), (1223, 1), (1261, 1), (1319, 1), (1330, 1), (1336, 1), (1344, 1), (1375, 8), (1404, 3), (1479, 1), (1558, 2), (1606, 1), (1773, 1), (1792, 1), (1819, 1), (1892, 1), (1938, 2), (2006, 2), (2014, 6), (2061, 1), (2126, 1), (2158, 1), (2391, 2), (2441, 1), (2464, 2), (2482, 1), (2527, 1), (2569, 1), (2649, 1), (2682, 1), (2701, 1), (2754, 3), (2893, 1), (2904, 1), (2930, 1), (3030, 1), (3109, 1), (3330, 2), (3766, 1), (3782, 1), (3818, 2), (3863, 1), (3912, 1), (4048, 3), (4177, 1), (4264, 1), (4346, 1), (4355, 1), (4425, 1), (4455, 1), (4643, 1), (4749, 2), (4767, 1), (4778, 3), (4785, 1), (4991, 8), (3329, 1), (4341, 8), (4342, 2)
barefoot (DF: 8): (886, 1), (1663, 1), (1871, 3), (2584, 1), (2846, 3), (3146, 9), (3167, 1), (4044, 1)
bareul (DF: 1): (2817, 1)
bargain (DF: 1): (2939, 1)
bargeld (DF: 2): (3962, 3), (4387, 1)
baril (DF: 1): (4563, 1)
bark (DF: 11): (1058, 1), (1059, 1), (1718, 1), (2031, 2), (2250, 8), (2716, 1), (3173, 1), (3923, 1), (4411, 1), (4534, 1), (4684, 1)
barkeep (DF: 2): (2303, 1), (4727, 1)
barki (DF: 1): (4297, 12)
barkin (DF: 3): (2075, 1), (3811, 1), (3818, 2)
barkley (DF: 1): (4456, 1)
barley (DF: 2): (575, 2), (3538, 1)
barman (DF: 1): (4297, 3)
barn (DF: 2): (435, 1), (488, 1)
barney (DF: 2): (3713, 1), (4827, 2)
baro (DF: 1): (2943, 1)
barr (DF: 8): (371, 1), (1803, 1), (2656, 1), (2855, 1), (3717, 13), (3768, 4), (4287, 4), (4912, 2)
barra (DF: 1): (306, 1)
barraca (DF: 1): (115, 2)
barraco (DF: 1): (4167, 1)
barracuda (DF: 1): (2695, 4)
barranquill (DF: 3): (891, 1), (1826, 1), (4219, 2)
barrel (DF: 15): (478, 1), (617, 3), (689, 1), (909, 1), (1204, 1), (1661, 1), (2366, 1), (2957, 1), (3185, 2), (3238, 2), (3521, 1), (4111, 1), (4165, 1), (4684, 1), (4696, 26)
barrelli (DF: 1): (4533, 1)
barren (DF: 1): (81, 1)
barrer (DF: 1): (2043, 1)
barri (DF: 21): (342, 1), (347, 1), (628, 1), (711, 7), (724, 1), (1422, 3), (1501, 2), (1566, 1), (1582, 1), (2316, 2), (2604, 1), (2656, 1), (2662, 3), (2967, 2), (3090, 2), (3268, 1), (3269, 1), (3603, 1), (4347, 2), (4515, 1), (4912, 1)
barricad (DF: 6): (3479, 1), (3871, 1), (4118, 2), (4294, 3), (4543, 1), (4615, 1)
barrier (DF: 3): (1123, 1), (1351, 2), (2594, 1)
barrig (DF: 3): (399, 2), (3358, 1), (3609, 2)
barriguit (DF: 1): (3093, 2)
barrio (DF: 6): (299, 1), (668, 1), (1539, 1), (3479, 8), (3962, 1), (4645, 1)
barroom (DF: 1): (3332, 1)
barrow (DF: 2): (1656, 1), (2940, 1)
barrymor (DF: 1): (232, 1)
bart (DF: 1): (352, 1)
bartend (DF: 7): (418, 1), (628, 1), (2397, 4), (2797, 3), (3033, 1), (3111, 6), (4033, 2)
barter (DF: 2): (471, 2), (3507, 1)
barttrag (DF: 1): (2170, 1)
bas (DF: 11): (444, 1), (598, 1), (1653, 6), (1686, 1), (3909, 1), (3962, 1), (4210, 1), (4285, 1), (4686, 1), (4855, 1), (4985, 1)
basar (DF: 1): (3409, 1)
base (DF: 23): (441, 1), (499, 2), (563, 1), (950, 1), (1580, 2), (1779, 5), (1820, 1), (2160, 1), (2174, 1), (2431, 1), (3100, 1), (3127, 1), (3276, 1), (3479, 1), (3628, 3), (3923, 1), (3937, 2), (4040, 1), (4127, 3), (4824, 1), (4941, 1), (4603, 1), (4604, 1)
baseado (DF: 2): (2680, 3), (2711, 1)
basebal (DF: 4): (583, 1), (692, 2), (1217, 6), (2679, 1)
basel (DF: 1): (4319, 1)
basement (DF: 1): (57, 8)
