whole (DF: 71): (4091, 9), (4106, 1), (4110, 2), (4121, 1), (4127, 3), (4128, 1), (4139, 3), (4146, 1), (4154, 1), (4165, 2), (4188, 2), (4226, 1), (4242, 1), (4267, 1), (4298, 1), (4319, 1), (4325, 3), (4328, 2), (4345, 2), (4360, 3), (4369, 1), (4407, 1), (4410, 3), (4420, 8), (4426, 2), (4446, 1), (4461, 1), (4472, 1), (4523, 1), (4527, 3), (4551, 1), (4579, 1), (4607, 1), (4634, 1), (4661, 2), (4669, 3), (4684, 1), (4720, 1), (4724, 1), (4736, 7), (4767, 4), (4770, 3), (4777, 6), (4793, 3), (4864, 1), (4878, 2), (4887, 2), (4889, 2), (4903, 1), (4930, 3), (4944, 1), (4962, 1), (4971, 1), (140, 2), (142, 1), (404, 2), (405, 1), (657, 1), (658, 1), (1368, 1), (1369, 2), (1492, 1), (1494, 1), (3646, 2), (3647, 1), (3694, 4), (3696, 4), (4092, 1), (4109, 3), (4756, 1), (4758, 1)
wholecar (DF: 1): (3984, 1)
wholesom (DF: 2): (4121, 1), (4648, 1)
whomp (DF: 2): (68, 2), (3538, 2)
whoo (DF: 26): (713, 3), (942, 2), (1002, 16), (1214, 6), (1391, 3), (1692, 3), (1793, 2), (2244, 2), (2485, 2), (2622, 2), (2708, 5), (2767, 1), (2881, 1), (3519, 2), (3584, 2), (3627, 1), (3676, 2), (3755, 1), (3784, 1), (3995, 4), (4045, 1), (4482, 3), (4566, 3), (4598, 1), (4628, 1), (4751, 2)
whoodi (DF: 1): (4122, 1)
whooh (DF: 1): (2057, 1)
whoohhh (DF: 1): (3258, 1)
whooo (DF: 1): (2868, 4)
whoooo (DF: 1): (2868, 2)
whooooo (DF: 1): (2868, 2)
whoooooa (DF: 1): (2373, 1)
whoop (DF: 14): (247, 136), (775, 4), (1253, 1), (1773, 1), (1900, 136), (2061, 2), (2256, 3), (2565, 4), (3854, 4), (3999, 1), (4098, 1), (4168, 1), (4784, 3), (4866, 1)
whoopin (DF: 3): (2278, 1), (3789, 1), (4561, 1)
whoopti (DF: 1): (4784, 3)
whooz (DF: 1): (4023, 1)
whop (DF: 1): (4250, 1)
whopper (DF: 1): (4069, 1)
whor (DF: 1): (2757, 1)
whore (DF: 23): (129, 1), (641, 1), (922, 1), (991, 5), (1017, 2), (1092, 1), (1554, 2), (1713, 11), (1732, 1), (1896, 2), (2045, 1), (2053, 1), (2174, 1), (2397, 1), (2820, 1), (2840, 1), (3161, 1), (3288, 2), (3463, 2), (4575, 1), (4739, 1), (4880, 1), (4903, 1)
whorin (DF: 1): (4030, 1)
whos (DF: 1): (2509, 1)
whose (DF: 12): (207, 3), (1136, 1), (1313, 1), (2061, 1), (2263, 1), (2795, 1), (3883, 2), (3886, 1), (4012, 1), (4286, 1), (4404, 1), (4798, 1)
why (DF: 2): (143, 3), (1061, 5)
wi (DF: 9): (908, 2), (1655, 10), (1688, 1), (2402, 6), (3744, 2), (4134, 1), (4582, 4), (4859, 1), (4971, 1)
wiat (DF: 6): (1655, 1), (2951, 2), (4358, 6), (4405, 1), (4582, 2), (4914, 2)
wiatu (DF: 1): (4582, 1)
wichita (DF: 3): (1469, 1), (3518, 1), (3653, 1)
wichs (DF: 3): (1244, 1), (1484, 1), (4816, 1)
wichtig (DF: 1): (493, 1)
wick (DF: 36): (150, 4), (337, 1), (430, 1), (641, 1), (966, 1), (1015, 1), (1097, 1), (1450, 2), (1565, 1), (1711, 2), (1728, 8), (1908, 3), (1948, 1), (2208, 1), (2320, 1), (2640, 2), (2695, 2), (2895, 1), (3065, 1), (3483, 1), (3516, 2), (3562, 1), (3594, 2), (3721, 3), (3850, 1), (3949, 3), (3992, 4), (4154, 1), (4171, 1), (4407, 1), (4625, 1), (4690, 1), (4907, 1), (1729, 5), (3910, 25), (3911, 1)
wicked (DF: 2): (2592, 1), (3479, 1)
wickel (DF: 2): (681, 1), (1177, 6)
wiczysz (DF: 1): (4914, 8)
wid (DF: 4): (1256, 1), (4460, 1), (4465, 1), (4771, 2)
widdit (DF: 1): (4062, 1)
wide (DF: 70): (27, 1), (73, 3), (144, 2), (182, 1), (239, 3), (262, 3), (419, 2), (496, 2), (558, 1), (657, 1), (844, 2), (867, 1), (951, 1), (1057, 1), (1065, 1), (1223, 4), (1258, 2), (1339, 3), (1490, 1), (1643, 1), (1681, 1), (1683, 2), (1745, 13), (1823, 1), (1920, 15), (2075, 1), (2084, 1), (2185, 1), (2192, 1), (2227, 1), (2407, 3), (2435, 1), (2652, 1), (2679, 3), (2699, 1), (2752, 1), (2774, 6), (2879, 2), (2899, 1), (2989, 5), (3056, 1), (3117, 1), (3168, 2), (3171, 2), (3190, 1), (3300, 1), (3303, 1), (3320, 2), (3435, 1), (3465, 3), (3475, 3), (3644, 1), (3960, 1), (4041, 1), (4047, 1), (4109, 3), (4185, 3), (4220, 3), (4372, 1), (4392, 1), (4441, 1), (4485, 3), (4526, 1), (4589, 1), (4740, 4), (4897, 1), (4934, 1), (4980, 2), (2910, 1), (2912, 2)
wideboy (DF: 1): (3037, 2)
widen (DF: 1): (118, 1)
wider (DF: 3): (3883, 2), (4321, 1), (4354, 1)
widerstand (DF: 1): (3212, 1)
widow (DF: 3): (2032, 1), (2552, 1), (3164, 1)
widz (DF: 3): (908, 1), (1197, 1), (4358, 1)
widzia (DF: 2): (2951, 1), (4761, 1)
wie (DF: 10): (908, 1), (1318, 1), (1918, 2), (2260, 1), (2951, 3), (3453, 1), (3864, 1), (4607, 1), (4849, 1), (4914, 4)
wiec (DF: 1): (4311, 1)
wieci (DF: 1): (2951, 1)
wieczorem (DF: 2): (1655, 1), (4914, 24)
wieg (DF: 1): (3962, 1)
wiegt (DF: 1): (3480, 1)
