uh (DF: 277): (2377, 1), (2380, 1), (2399, 3), (2404, 6), (2406, 2), (2423, 1), (2428, 12), (2440, 1), (2442, 1), (2467, 1), (2509, 1), (2511, 2), (2518, 1), (2540, 2), (2545, 1), (2561, 18), (2565, 7), (2567, 2), (2586, 1), (2612, 1), (2628, 4), (2651, 14), (2660, 1), (2680, 2), (2692, 1), (2699, 1), (2712, 2), (2726, 2), (2730, 4), (2739, 4), (2756, 6), (2759, 1), (2760, 4), (2765, 1), (2767, 1), (2778, 1), (2782, 2), (2790, 2), (2795, 3), (2815, 30), (2825, 2), (2829, 7), (2856, 1), (2858, 3), (2873, 6), (2892, 1), (2948, 2), (2964, 1), (3011, 190), (3027, 1), (3031, 6), (3033, 1), (3070, 180), (3078, 12), (3079, 6), (3091, 1), (3095, 8), (3098, 1), (3101, 20), (3111, 6), (3133, 1), (3136, 2), (3152, 5), (3163, 32), (3168, 1), (3171, 2), (3184, 3), (3186, 24), (3217, 1), (3227, 1), (3232, 3), (3238, 1), (3244, 1), (3247, 2), (3261, 1), (3264, 12), (3268, 1), (3272, 2), (3282, 8), (3286, 1), (3294, 8), (3335, 1), (3338, 2), (3348, 1), (3370, 1), (3380, 2), (3408, 1), (3413, 3), (3421, 22), (3432, 1), (3444, 1), (3451, 5), (3458, 1), (3476, 8), (3484, 3), (3486, 8), (3498, 2), (3507, 3), (3513, 1), (3515, 4), (3527, 41), (3549, 1), (3559, 1), (3584, 14), (3588, 2), (3602, 1), (3628, 3), (3631, 1), (3632, 1), (3636, 1), (3676, 2), (3700, 2), (3707, 22), (3718, 2), (3726, 1), (3758, 12), (3773, 2), (3800, 2), (3822, 1), (3826, 2), (3838, 2), (3852, 4), (3854, 7), (3936, 4), (3948, 1), (3956, 1), (3991, 2), (3993, 9), (3999, 3), (4008, 12), (4011, 4), (4022, 1), (4028, 1), (4044, 1), (4045, 1), (4056, 2), (4062, 1), (4102, 1), (4113, 20), (4121, 2), (4122, 5), (4123, 1), (4128, 1), (4136, 32), (4143, 5), (4149, 3), (4154, 1), (4159, 1), (4180, 1), (4182, 5), (4188, 2), (4190, 1), (4207, 3), (4221, 2), (4243, 1), (4245, 1), (4282, 28), (4289, 1), (4300, 18), (4317, 3), (4339, 36), (4357, 1), (4358, 26), (4390, 5), (4410, 24), (4417, 8), (4446, 4), (4465, 1), (4469, 6), (4481, 1), (4484, 1), (4497, 3), (4501, 3), (4506, 6), (4515, 1), (4518, 9), (4550, 8), (4561, 3), (4566, 3), (4568, 12), (4572, 5), (4575, 6), (4585, 10), (4587, 1), (4594, 18), (4608, 1), (4611, 1), (4619, 2), (4628, 1), (4642, 1), (4649, 8), (4652, 1), (4653, 4), (4669, 2), (4681, 3), (4702, 4), (4723, 5), (4724, 2), (4731, 1), (4736, 42), (4750, 6), (4762, 3), (4766, 1), (4773, 3), (4782, 1), (4797, 1), (4799, 1), (4834, 5), (4837, 2), (4851, 1), (4854, 1), (4866, 1), (4878, 1), (4886, 4), (4889, 1), (4899, 2), (4911, 2), (4933, 1), (4943, 1), (4962, 1), (4974, 2), (4995, 1), (80, 8), (81, 2), (215, 2), (216, 22), (356, 2), (357, 2), (457, 7), (460, 2), (708, 2), (711, 2), (780, 1), (782, 2), (825, 4), (826, 26), (872, 2), (873, 1), (900, 6), (904, 1), (1010, 2), (1011, 11), (1142, 5), (1143, 2), (1587, 3), (1588, 2), (1704, 1), (1705, 1), (1837, 2), (1838, 3), (1970, 6), (1972, 1), (2027, 4), (2028, 2), (2476, 1), (2477, 2), (2688, 3), (2690, 2), (2703, 1), (2705, 2), (2971, 6), (2972, 2), (3112, 2), (3187, 2), (3235, 1), (3237, 16), (3419, 1), (3420, 5), (3555, 3), (3557, 1), (3913, 1), (3914, 1), (4007, 2), (4283, 1), (4733, 1), (4871, 4), (4872, 3)
uh1 (DF: 1): (4282, 1)
uhh (DF: 47): (153, 4), (222, 1), (418, 1), (586, 1), (835, 2), (884, 8), (895, 1), (964, 1), (992, 8), (1111, 1), (1216, 9), (1282, 3), (1284, 1), (1326, 17), (1736, 4), (1949, 2), (2034, 2), (2084, 1), (2143, 3), (2147, 1), (2203, 42), (2240, 1), (2442, 1), (2651, 2), (2760, 1), (2767, 1), (2855, 1), (3133, 1), (3156, 1), (3187, 2), (3248, 4), (3278, 2), (3282, 2), (3286, 1), (3474, 1), (3527, 1), (3529, 1), (3559, 1), (3803, 2), (4042, 1), (4045, 1), (4068, 1), (4127, 2), (4218, 1), (4731, 3), (4849, 3), (4974, 1)
uhhh (DF: 2): (1059, 1), (2034, 34)
uhhhh (DF: 2): (2203, 2), (4937, 1)
uhhm (DF: 1): (4849, 3)
uhhrm (DF: 1): (4849, 1)
uhm (DF: 4): (473, 28), (556, 1), (2336, 1), (3674, 2)
uhmadlib (DF: 1): (2075, 1)
uhr (DF: 6): (246, 1), (1583, 1), (2100, 2), (2376, 1), (3932, 26), (4876, 1)
uhrzeit (DF: 1): (3437, 4)
uhtec (DF: 1): (829, 1)
uhuh (DF: 1): (355, 1)
uhuhu (DF: 1): (355, 1)
uhuuuh (DF: 1): (1310, 2)
ui (DF: 1): (2739, 3)
uicid (DF: 3): (407, 2), (823, 4), (1135, 1)
uicideboy (DF: 3): (823, 1), (1135, 1), (1430, 1)
uid (DF: 1): (4288, 1)
uit (DF: 6): (43, 1), (2638, 1), (3748, 1), (4297, 6), (4665, 10), (4849, 1)
uiten (DF: 1): (4665, 1)
uitkomst (DF: 1): (2638, 1)
uju (DF: 1): (32, 1)
