leg (DF: 80): (47, 1), (52, 1), (89, 24), (195, 2), (222, 2), (232, 1), (255, 1), (535, 2), (629, 1), (688, 1), (691, 2), (709, 1), (737, 1), (746, 1), (922, 1), (978, 2), (1033, 1), (1076, 1), (1214, 3), (1243, 1), (1256, 2), (1388, 17), (1419, 1), (1463, 2), (1469, 1), (1682, 4), (1712, 1), (1769, 1), (1837, 1), (1845, 2), (1924, 1), (2084, 1), (2104, 1), (2133, 4), (2192, 1), (2220, 3), (2340, 1), (2356, 1), (2378, 1), (2391, 2), (2399, 7), (2471, 2), (2486, 1), (2609, 1), (2729, 1), (2730, 1), (2881, 1), (2940, 5), (2976, 1), (3083, 2), (3095, 2), (3122, 1), (3248, 1), (3484, 1), (3486, 1), (3538, 1), (3589, 1), (3624, 1), (3654, 2), (3769, 1), (3962, 3), (3974, 1), (3999, 1), (4037, 1), (4170, 1), (4220, 1), (4228, 2), (4268, 4), (4420, 8), (4446, 2), (4684, 1), (4714, 4), (4828, 1), (4837, 1), (4849, 1), (4872, 2), (4887, 3), (4956, 2), (4960, 7), (4997, 1)
legaci (DF: 10): (406, 1), (786, 1), (1287, 1), (2380, 1), (2741, 1), (3181, 2), (3566, 1), (4028, 1), (4171, 3), (4598, 1)
legal (DF: 10): (673, 1), (1214, 3), (1278, 4), (1486, 3), (1498, 3), (2820, 1), (3295, 1), (3424, 1), (4267, 1), (4347, 1)
lege (DF: 1): (2018, 1)
legend (DF: 47): (40, 1), (69, 1), (140, 8), (158, 14), (558, 1), (625, 1), (682, 1), (688, 1), (811, 1), (862, 1), (901, 2), (944, 1), (1096, 2), (1317, 1), (1448, 1), (1801, 1), (1866, 1), (1873, 1), (1922, 1), (1926, 1), (1969, 1), (1996, 1), (2135, 1), (2241, 1), (2286, 1), (2377, 1), (2741, 1), (2809, 1), (2918, 6), (3029, 6), (3079, 2), (3124, 1), (3292, 1), (3293, 2), (3311, 4), (3371, 1), (3415, 2), (3549, 1), (3563, 1), (3628, 8), (3650, 1), (3794, 1), (4142, 6), (4220, 15), (4459, 1), (4750, 1), (4983, 1)
legendari (DF: 14): (40, 1), (275, 1), (284, 2), (579, 2), (675, 2), (2181, 3), (2241, 1), (2809, 1), (2814, 1), (2840, 1), (3513, 1), (3693, 1), (3930, 1), (4432, 1)
legg (DF: 9): (63, 1), (227, 3), (897, 2), (1778, 2), (2027, 2), (2342, 2), (4152, 3), (4257, 15), (4587, 1)
legger (DF: 3): (3491, 3), (3717, 1), (3972, 2)
leggo (DF: 2): (2045, 1), (2210, 2)
legisl (DF: 1): (2244, 9)
legit (DF: 7): (669, 1), (1031, 1), (2423, 2), (2825, 1), (4022, 2), (4533, 1), (4972, 1)
lego (DF: 5): (350, 1), (1491, 2), (1636, 1), (4046, 6), (4887, 1)
legst (DF: 1): (1736, 1)
leh (DF: 4): (2046, 1), (3222, 1), (3532, 1), (3943, 2)
lehr (DF: 1): (3962, 1)
lehrplatz (DF: 1): (3381, 1)
lei (DF: 3): (1659, 1), (1878, 1), (3692, 1)
leich (DF: 3): (2050, 1), (3462, 1), (3962, 1)
leicht (DF: 4): (778, 1), (3466, 1), (3932, 1), (4816, 1)
leid (DF: 6): (813, 1), (1715, 1), (2496, 1), (3849, 1), (3932, 1), (3962, 1)
leidseplein (DF: 1): (4297, 1)
leihwag (DF: 1): (484, 1)
leileileee (DF: 1): (1411, 1)
lein (DF: 2): (3067, 1), (4318, 4)
leis (DF: 1): (4816, 17)
leist (DF: 1): (4004, 1)
leisur (DF: 4): (463, 1), (1463, 1), (3707, 1), (4018, 1)
leit (DF: 1): (3462, 1)
lej (DF: 24): (127, 3), (312, 1), (371, 2), (762, 1), (1022, 1), (1159, 1), (1284, 4), (1810, 20), (1966, 3), (2092, 1), (2111, 2), (2642, 6), (2972, 2), (3090, 1), (3614, 4), (3757, 4), (3891, 7), (3908, 2), (3981, 1), (4009, 1), (4049, 2), (4189, 1), (4479, 1), (4568, 1)
lejan (DF: 1): (3891, 1)
lejit (DF: 3): (44, 1), (3555, 3), (4729, 6)
lejo (DF: 2): (2205, 1), (3902, 1)
lekcj (DF: 1): (1655, 1)
leke (DF: 2): (149, 1), (1834, 1)
lekin (DF: 1): (1834, 1)
lekker (DF: 1): (4297, 1)
lekko (DF: 2): (4311, 1), (4761, 1)
leko (DF: 1): (430, 1)
lel (DF: 4): (1004, 1), (1039, 3), (1095, 12), (4909, 1)
lemarqui (DF: 1): (2283, 2)
lembrança (DF: 1): (3838, 1)
lembro (DF: 2): (3007, 1), (3215, 2)
lemkuuja (DF: 1): (1530, 1)
lemm (DF: 26): (92, 1), (274, 2), (617, 1), (691, 7), (782, 2), (1045, 1), (1059, 1), (1122, 1), (1191, 1), (1212, 1), (1216, 1), (1282, 1), (1361, 1), (1378, 2), (2199, 1), (3237, 2), (3277, 1), (4008, 1), (4026, 1), (4642, 1), (4652, 1), (4664, 2), (4693, 3), (4766, 4), (4956, 1), (4963, 2)
lemon (DF: 12): (168, 1), (331, 1), (938, 7), (2050, 1), (2624, 1), (2714, 1), (3642, 3), (3703, 4), (4124, 1), (4481, 1), (4733, 1), (4942, 1)
lemonad (DF: 9): (388, 1), (528, 1), (938, 5), (1728, 1), (2045, 1), (2223, 15), (2737, 1), (2899, 1), (3152, 1)
lemoni (DF: 1): (2320, 1)
len (DF: 8): (1123, 1), (1784, 1), (3057, 1), (3701, 1), (3727, 1), (3811, 1), (4764, 1), (4985, 1)
lena (DF: 1): (4135, 1)
lenbo (DF: 1): (3484, 1)
lench (DF: 2): (3420, 1), (4866, 1)
lend (DF: 5): (3, 1), (212, 6), (507, 1), (708, 1), (899, 1)
