margin (DF: 1): (4939, 2)
marginai (DF: 1): (1881, 2)
margret (DF: 1): (3860, 1)
mari (DF: 36): (14, 1), (371, 1), (734, 2), (759, 1), (915, 1), (1084, 1), (1188, 1), (1287, 4), (1431, 1), (1469, 1), (1505, 1), (1524, 1), (1708, 110), (1755, 2), (2076, 7), (2108, 1), (2461, 1), (2490, 1), (2588, 3), (2592, 1), (2607, 1), (2735, 2), (2902, 1), (2943, 1), (3047, 5), (3362, 1), (3484, 1), (3601, 2), (3695, 1), (3714, 2), (3982, 3), (4051, 1), (4170, 5), (4269, 1), (4720, 1), (4863, 1)
maria (DF: 6): (1407, 1), (1539, 1), (2605, 6), (3321, 6), (3759, 2), (4024, 1)
mariah (DF: 3): (513, 1), (543, 1), (2228, 3)
marian (DF: 1): (2316, 1)
mariana (DF: 2): (1411, 1), (2712, 1)
mariann (DF: 1): (4061, 25)
maric (DF: 1): (4210, 1)
maricon (DF: 2): (2045, 1), (2637, 1)
mariel (DF: 1): (3399, 2)
marigu (DF: 1): (1116, 2)
mariguan (DF: 1): (4852, 1)
marihuan (DF: 7): (477, 1), (2150, 1), (2828, 1), (3219, 12), (4009, 5), (4246, 1), (4556, 2)
marihuana (DF: 2): (299, 1), (3067, 1)
marijuan (DF: 1): (4852, 1)
marijuana (DF: 12): (270, 1), (285, 1), (1101, 1), (1219, 5), (1490, 2), (1623, 1), (2236, 1), (2263, 1), (2322, 1), (4364, 1), (4391, 11), (4931, 1)
marillion (DF: 3): (771, 1), (1270, 1), (1663, 1)
marilyn (DF: 3): (783, 1), (1178, 1), (2978, 1)
marin (DF: 2): (2013, 1), (2329, 1)
marina (DF: 1): (2708, 1)
mariner (DF: 1): (1947, 2)
mario (DF: 5): (588, 1), (669, 1), (2627, 1), (3527, 2), (4026, 1)
marios (DF: 2): (707, 1), (3586, 2)
marip (DF: 2): (1042, 18), (2354, 1)
marisc (DF: 1): (4434, 1)
mark (DF: 46): (134, 1), (159, 1), (265, 1), (575, 1), (669, 3), (796, 2), (801, 1), (822, 2), (944, 45), (1057, 1), (1152, 1), (1339, 3), (1388, 1), (1436, 1), (1474, 1), (1719, 2), (2026, 1), (2093, 2), (2112, 1), (2147, 1), (2328, 1), (2500, 4), (2607, 2), (2692, 2), (2774, 6), (2878, 2), (2902, 1), (2984, 1), (3045, 1), (3116, 1), (3343, 1), (3350, 1), (3385, 1), (3406, 1), (3463, 1), (3689, 1), (3807, 2), (3833, 1), (3910, 2), (3913, 1), (4030, 1), (4090, 2), (4148, 1), (4358, 2), (4629, 1), (4684, 1)
marker (DF: 1): (4833, 1)
market (DF: 10): (148, 1), (248, 1), (510, 1), (1143, 1), (1172, 1), (1594, 1), (1663, 1), (4229, 2), (4570, 1), (4963, 1)
marketplac (DF: 2): (1647, 1), (3541, 1)
marki (DF: 2): (2100, 1), (2895, 1)
markt (DF: 5): (2170, 1), (2574, 1), (3462, 4), (3962, 3), (4004, 1)
marktplatz (DF: 2): (246, 1), (4387, 2)
marlay (DF: 1): (737, 1)
marlboro (DF: 2): (2170, 1), (4734, 7)
marlena (DF: 2): (1504, 1), (2244, 1)
marley (DF: 9): (299, 2), (430, 1), (1957, 6), (2505, 1), (2531, 3), (3219, 4), (3697, 2), (4441, 1), (4473, 1)
marlo (DF: 1): (598, 1)
marlon (DF: 1): (2851, 1)
marmalad (DF: 1): (866, 2)
marmorstein (DF: 1): (1177, 1)
marnuj (DF: 1): (4761, 4)
maroc (DF: 1): (4088, 1)
marocs (DF: 1): (1238, 1)
marom (DF: 1): (2585, 2)
maroon (DF: 8): (391, 1), (895, 1), (1664, 1), (2613, 1), (3676, 1), (4066, 1), (4113, 1), (4566, 1)
maroto (DF: 1): (60, 1)
marqu (DF: 4): (1519, 2), (2033, 1), (4544, 1), (4951, 1)
marque (DF: 1): (3142, 3)
marquei (DF: 1): (2680, 1)
marracash (DF: 1): (63, 1)
marri (DF: 38): (72, 1), (418, 1), (425, 1), (587, 7), (774, 1), (922, 1), (1031, 1), (1049, 11), (1059, 1), (1084, 1), (1226, 2), (1456, 1), (1593, 1), (1606, 1), (1698, 2), (2045, 1), (2412, 1), (2464, 2), (2466, 1), (2485, 2), (2723, 1), (2728, 3), (2794, 1), (2910, 2), (3098, 1), (3180, 1), (3234, 2), (3330, 2), (3432, 1), (3442, 1), (3486, 1), (3546, 1), (3619, 1), (3789, 1), (3801, 1), (4404, 1), (4793, 1), (4972, 1)
marriag (DF: 3): (1552, 1), (1748, 1), (3140, 2)
marriot (DF: 1): (418, 1)
marriott (DF: 1): (2104, 1)
marron (DF: 2): (4614, 1), (4846, 2)
marrow (DF: 4): (689, 1), (3185, 1), (3802, 1), (4749, 1)
marruec (DF: 1): (1563, 2)
marry (DF: 1): (1008, 2)
marsh (DF: 2): (878, 2), (2042, 1)
marshal (DF: 13): (80, 1), (925, 2), (978, 2), (1157, 2), (1344, 1), (1353, 2), (2028, 1), (2048, 1), (2174, 1), (3203, 1), (3521, 2), (3805, 2), (4490, 2)
marshmallow (DF: 1): (1555, 1)
marshmello (DF: 12): (296, 1), (878, 1), (2048, 1), (2443, 1), (2703, 1), (3326, 1), (3412, 1), (3454, 1), (3595, 1), (4056, 1), (4406, 1), (4773, 1)
mart (DF: 10): (836, 2), (891, 1), (1112, 1), (1478, 2), (1826, 1), (1842, 3), (2336, 1), (2564, 3), (2648, 1), (4666, 1)
marta (DF: 1): (183, 1)
martell (DF: 1): (1677, 1)
martha (DF: 2): (40, 1), (4589, 1)
marti (DF: 2): (1157, 1), (4811, 6)
martian (DF: 2): (673, 1), (4895, 6)
martill (DF: 1): (364, 2)
