niadani (DF: 1): (2951, 3)
niagara (DF: 1): (1114, 1)
niagra (DF: 1): (4620, 1)
niall (DF: 1): (3307, 1)
nibbl (DF: 2): (3136, 2), (3458, 1)
nibhaya (DF: 1): (149, 1)
nibi (DF: 1): (4405, 1)
nibiru (DF: 1): (1008, 1)
nic (DF: 10): (283, 4), (661, 4), (1825, 2), (1922, 1), (2078, 1), (3142, 1), (3570, 1), (3744, 2), (4311, 8), (4992, 2)
nicaragu (DF: 1): (1476, 2)
nicco (DF: 1): (568, 1)
nice (DF: 140): (3, 2), (38, 1), (47, 1), (112, 1), (197, 2), (264, 1), (298, 4), (405, 1), (457, 1), (490, 1), (537, 1), (543, 1), (558, 1), (589, 1), (669, 2), (694, 1), (734, 1), (753, 1), (757, 1), (792, 2), (809, 1), (820, 2), (857, 1), (867, 1), (904, 1), (916, 1), (917, 3), (925, 1), (988, 1), (1019, 1), (1021, 1), (1029, 1), (1058, 1), (1070, 1), (1076, 3), (1077, 1), (1111, 1), (1131, 3), (1152, 1), (1191, 1), (1203, 4), (1214, 3), (1282, 1), (1298, 1), (1361, 1), (1391, 6), (1499, 1), (1551, 1), (1562, 2), (1672, 1), (1712, 1), (1802, 1), (1898, 1), (1920, 5), (2039, 1), (2060, 1), (2076, 1), (2093, 2), (2187, 1), (2199, 1), (2217, 1), (2220, 3), (2235, 2), (2239, 1), (2240, 1), (2450, 1), (2459, 1), (2509, 2), (2556, 2), (2561, 1), (2618, 1), (2687, 2), (2697, 1), (2776, 1), (2799, 1), (2884, 1), (2890, 1), (2943, 1), (2964, 4), (2999, 1), (3002, 1), (3052, 1), (3068, 2), (3118, 1), (3128, 2), (3151, 1), (3285, 12), (3296, 1), (3328, 8), (3362, 2), (3393, 2), (3486, 1), (3529, 1), (3545, 6), (3573, 6), (3594, 1), (3636, 2), (3746, 1), (3753, 1), (3783, 1), (3815, 6), (3850, 1), (3888, 1), (3919, 1), (3937, 2), (4042, 1), (4050, 1), (4109, 1), (4156, 2), (4183, 1), (4229, 4), (4249, 1), (4263, 1), (4284, 2), (4293, 1), (4299, 5), (4326, 1), (4337, 2), (4372, 1), (4381, 1), (4468, 1), (4487, 1), (4503, 1), (4575, 1), (4598, 1), (4608, 1), (4619, 1), (4641, 1), (4680, 1), (4682, 2), (4698, 1), (4716, 1), (4788, 2), (4793, 1), (4823, 4), (4837, 4), (4872, 1), (4918, 1), (4934, 1), (4995, 1)
nicer (DF: 1): (2596, 1)
nicest (DF: 1): (2540, 2)
nich (DF: 5): (149, 1), (1484, 3), (3744, 2), (4358, 1), (4582, 2)
nick (DF: 21): (43, 1), (331, 1), (350, 1), (513, 1), (550, 3), (823, 1), (1613, 1), (1732, 1), (1747, 2), (2687, 3), (3010, 1), (3064, 1), (3148, 1), (3468, 2), (3624, 1), (3840, 1), (3962, 9), (3967, 2), (4268, 1), (4316, 1), (4561, 1)
nickel (DF: 7): (324, 1), (2472, 2), (2884, 1), (3803, 2), (4054, 2), (4098, 2), (4533, 1)
nickelback (DF: 3): (375, 1), (861, 1), (3524, 1)
nicki (DF: 27): (357, 2), (750, 2), (772, 4), (1024, 3), (1239, 1), (1320, 2), (1343, 1), (1559, 4), (1812, 1), (1839, 3), (1917, 1), (2705, 1), (3010, 2), (3037, 2), (3122, 2), (3170, 2), (3492, 1), (3914, 2), (3993, 6), (4182, 2), (4364, 1), (4572, 2), (4707, 2), (4834, 2), (4887, 1), (4905, 1), (4914, 56)
nicknam (DF: 3): (1661, 1), (2228, 1), (3802, 1)
nicky (DF: 7): (724, 5), (1786, 3), (2351, 7), (3290, 7), (4011, 14), (4515, 1), (4961, 5)
nico (DF: 2): (59, 1), (874, 1)
nicol (DF: 1): (3998, 1)
nicola (DF: 1): (59, 1)
nicolaas (DF: 1): (1177, 1)
nicolas (DF: 1): (399, 1)
nicolett (DF: 1): (1698, 2)
nicotin (DF: 7): (581, 1), (661, 4), (1135, 1), (2041, 6), (2495, 1), (3241, 1), (3484, 9)
niczego (DF: 1): (4859, 1)
niczym (DF: 2): (3744, 2), (4405, 1)
nid (DF: 1): (87, 1)
nie (DF: 30): (250, 7), (397, 1), (437, 1), (661, 3), (681, 1), (908, 7), (1197, 4), (1484, 1), (1655, 18), (1715, 2), (1771, 3), (1825, 12), (1845, 1), (1918, 4), (2078, 1), (2951, 6), (3067, 1), (3108, 1), (3480, 1), (3744, 24), (3849, 1), (3962, 1), (4192, 2), (4311, 12), (4358, 8), (4405, 1), (4582, 20), (4761, 4), (4859, 12), (4914, 10)
niebezpieczna (DF: 1): (1655, 1)
niebl (DF: 1): (1788, 2)
niebo (DF: 2): (250, 3), (1655, 4)
niedergestoch (DF: 1): (1244, 1)
niedobrz (DF: 1): (1918, 1)
nieg (DF: 7): (19, 1), (996, 1), (1918, 2), (2079, 5), (3881, 7), (4285, 1), (4311, 1)
niegrzeczna (DF: 1): (4914, 24)
niej (DF: 3): (250, 2), (1918, 1), (2951, 2)
niemal (DF: 5): (2574, 1), (3067, 1), (3212, 1), (3466, 2), (3570, 1)
niemand (DF: 8): (43, 1), (484, 1), (1432, 1), (1616, 1), (2328, 1), (2638, 3), (3453, 1), (4876, 4)
nienawidz (DF: 1): (4358, 1)
nient (DF: 10): (1000, 2), (1485, 1), (1800, 1), (1848, 3), (2059, 3), (2518, 3), (3316, 1), (3491, 1), (4587, 2), (4873, 1)
nieodwracalni (DF: 1): (250, 1)
niepotrzebn (DF: 1): (908, 1)
niestworzon (DF: 1): (908, 1)
niet (DF: 17): (43, 2), (175, 11), (812, 1), (852, 7), (1077, 8), (1432, 10), (1619, 8), (2260, 4), (2638, 9), (3355, 45), (3453, 12), (3748, 1), (3864, 4), (4256, 1), (4297, 2), (4665, 5), (4849, 9)
nietzsch (DF: 1): (3985, 1)
niev (DF: 4): (1424, 1), (1932, 1), (2843, 1), (4560, 1)
niewinna (DF: 1): (4761, 1)
niewinnej (DF: 1): (4914, 2)
niez (DF: 1): (908, 1)
niezr (DF: 1): (4761, 1)
nig (DF: 3): (1490, 2), (2592, 1), (4866, 1)
niga (DF: 1): (2817, 2)
nigdi (DF: 4): (908, 3), (1197, 1), (3744, 4), (4582, 3)
nigel (DF: 1): (4369, 12)
nigeria (DF: 1): (1198, 1)
nigerian (DF: 1): (2150, 1)
nigg (DF: 15): (347, 2), (711, 1), (910, 2), (1284, 1), (1501, 8), (2309, 1), (2336, 1), (3093, 4), (3580, 2), (3631, 1), (4246, 1), (4386, 1), (4440, 1), (4692, 2), (4729, 1)
nigga (DF: 540): (13, 1), (21, 1), (47, 4), (51, 8), (55, 12), (69, 3), (70, 5), (72, 14), (80, 6), (92, 127), (110, 1), (118, 1), (124, 3), (134, 4), (138, 5), (155, 3), (159, 5), (179, 8), (181, 19), (182, 1), (183, 20), (197, 7), (200, 3), (202, 1), (204, 6), (210, 5), (213, 1), (221, 4), (222, 13), (235, 2), (248, 1), (268, 3), (270, 2), (324, 28), (332, 3), (337, 8), (339, 10), (350, 3), (362, 27), (365, 6), (369, 1), (388, 2), (409, 2), (414, 1), (418, 3), (434, 1), (440, 2), (441, 5), (446, 3), (469, 4), (471, 6), (490, 1), (507, 1), (528, 1), (536, 19), (556, 2), (558, 9), (562, 5), (574, 1), (579, 18), (586, 2), (591, 7), (595, 2), (616, 5), (634, 12), (642, 1), (646, 3), (660, 10), (672, 3), (684, 5), (689, 1), (692, 16), (693, 1), (696, 10), (702, 3), (710, 2), (731, 11), (736, 1), (740, 8), (774, 1), (775, 22), (782, 9), (800, 2), (802, 1), (804, 2), (808, 6), (824, 3), (825, 6), (829, 36), (841, 13), (842, 7), (862, 5), (893, 3), (909, 13), (915, 1), (922, 4), (928, 1), (938, 1), (946, 38), (952, 10), (966, 19), (980, 4), (993, 10), (1011, 12), (1021, 6), (1024, 1), (1029, 26), (1030, 2), (1038, 7), (1058, 19), (1059, 4), (1060, 1), (1080, 16), (1084, 2), (1092, 2), (1111, 1), (1122, 9), (1124, 3), (1132, 2), (1136, 8), (1143, 2), (1147, 2), (1152, 1), (1164, 4), (1191, 1), (1196, 2), (1216, 10), (1249, 5), (1253, 14), (1263, 1), (1276, 7), (1282, 5), (1302, 2), (1304, 19), (1313, 1), (1315, 3), (1319, 15), (1328, 7), (1334, 6), (1336, 14), (1343, 4), (1351, 2), (1354, 27), (1367, 2), (1375, 72), (1391, 45), (1410, 42), (1414, 9), (1425, 4), (1432, 7), (1436, 4), (1469, 1), (1490, 3), (1491, 1), (1498, 84), (1515, 1), (1520, 1), (1531, 11), (1547, 10), (1552, 1), (1555, 10), (1558, 2), (1566, 7), (1575, 7), (1578, 1), (1580, 1), (1587, 10), (1588, 1), (1594, 20), (1613, 5), (1622, 7), (1625, 2), (1636, 2), (1648, 10), (1657, 3), (1661, 1), (1669, 1), (1671, 1), (1674, 8), (1692, 1), (1704, 50), (1712, 4), (1718, 3), (1730, 6), (1739, 16), (1748, 1), (1750, 7), (1760, 7), (1766, 6), (1773, 5), (1801, 10), (1805, 6), (1829, 2), (1833, 5), (1839, 3), (1847, 4), (1849, 20), (1856, 5), (1875, 3), (1880, 6), (1891, 3), (1896, 11), (1922, 6), (1972, 1), (1977, 1), (1994, 3), (2000, 5), (2004, 8), (2026, 5), (2028, 4), (2045, 18), (2053, 26), (2057, 2), (2064, 17), (2076, 4), (2084, 5), (2091, 2), (2104, 8), (2110, 16), (2116, 8), (2132, 7), (2143, 4), (2145, 1), (2147, 7), (2154, 5), (2160, 1), (2177, 2), (2192, 1), (2198, 15), (2218, 1), (2223, 1), (2225, 3), (2230, 6), (2251, 6), (2254, 1), (2255, 1), (2256, 3), (2259, 3), (2263, 4), (2276, 6), (2278, 7), (2283, 1), (2286, 1), (2294, 5), (2305, 2), (2319, 11), (2322, 5), (2332, 22), (2333, 8), (2340, 1), (2357, 1), (2359, 22), (2377, 9), (2399, 4), (2411, 4), (2440, 4), (2442, 2), (2467, 2), (2472, 13), (2477, 2), (2482, 2), (2489, 1), (2493, 29), (2500, 5), (2511, 2), (2527, 16), (2532, 1), (2540, 2), (2541, 14), (2545, 2), (2552, 5), (2561, 6), (2562, 14), (2563, 9), (2573, 5), (2592, 10), (2594, 1), (2595, 1), (2596, 3), (2607, 4), (2619, 24), (2624, 2), (2628, 2), (2636, 4), (2638, 2), (2644, 5), (2649, 8), (2650, 5), (2660, 2), (2666, 5), (2669, 1), (2676, 6), (2680, 1), (2706, 21), (2708, 1), (2737, 2), (2760, 1), (2765, 6), (2767, 11), (2771, 10), (2776, 3), (2781, 7), (2795, 2), (2801, 10), (2822, 4), (2831, 6), (2832, 2), (2840, 4), (2850, 14), (2855, 6), (2872, 17), (2884, 1), (2887, 4), (2895, 7), (2896, 4), (2899, 18), (2906, 2), (2923, 11), (2957, 3), (2964, 4), (2990, 1), (3009, 5), (3010, 8), (3018, 5), (3019, 1), (3045, 20), (3068, 3), (3075, 11), (3084, 27), (3091, 1), (3100, 2), (3110, 6), (3112, 1), (3117, 4), (3127, 6), (3133, 1), (3144, 6), (3148, 6), (3152, 12), (3156, 4), (3163, 2), (3174, 3), (3179, 2), (3180, 32), (3186, 9), (3201, 1), (3205, 1), (3216, 3), (3232, 2), (3234, 4), (3237, 6), (3248, 7), (3249, 11), (3253, 3), (3272, 9), (3278, 6), (3282, 2), (3291, 2), (3293, 5), (3298, 12), (3310, 3), (3335, 9), (3356, 2), (3374, 3), (3383, 1), (3424, 1), (3427, 24), (3428, 14), (3432, 2), (3444, 4), (3483, 26), (3485, 4), (3487, 1), (3502, 2), (3507, 2), (3510, 1), (3513, 3), (3529, 11), (3538, 6), (3549, 1), (3565, 5), (3568, 19), (3571, 2), (3581, 3), (3589, 11), (3594, 53), (3597, 18), (3598, 6), (3612, 14), (3624, 2), (3628, 13), (3681, 4), (3726, 8), (3727, 7), (3731, 5), (3741, 3), (3748, 3), (3773, 8), (3781, 2), (3783, 4), (3790, 5), (3800, 2), (3804, 18), (3807, 2), (3813, 8), (3821, 10), (3822, 9), (3826, 32), (3850, 4), (3867, 2), (3879, 8), (3884, 29), (3900, 8), (3904, 1), (3913, 4), (3917, 1), (3923, 21), (3924, 8), (3941, 6), (3949, 12), (3963, 2), (3991, 13), (3999, 1), (4019, 3), (4027, 1), (4042, 11), (4045, 6), (4046, 7), (4059, 15), (4062, 2), (4069, 2), (4091, 1), (4092, 1), (4106, 2), (4107, 8), (4122, 12), (4127, 7), (4128, 18), (4148, 1), (4150, 6), (4165, 7), (4170, 9), (4185, 1), (4188, 6), (4211, 2), (4218, 1), (4222, 11), (4226, 7), (4250, 31), (4256, 1), (4261, 6), (4262, 1), (4279, 3), (4282, 3), (4295, 3), (4298, 1), (4303, 2), (4310, 5), (4314, 4), (4315, 4), (4319, 3), (4326, 14), (4339, 53), (4345, 4), (4364, 4), (4374, 1), (4381, 13), (4404, 1), (4407, 6), (4410, 12), (4411, 7), (4420, 3), (4446, 1), (4452, 8), (4460, 4), (4478, 2), (4481, 2), (4493, 5), (4497, 39), (4501, 2), (4503, 13), (4523, 7), (4525, 2), (4533, 14), (4547, 5), (4552, 2), (4558, 8), (4561, 2), (4575, 9), (4585, 7), (4603, 5), (4604, 1), (4612, 4), (4619, 14), (4620, 2), (4629, 2), (4641, 3), (4645, 4), (4661, 1), (4669, 10), (4681, 5), (4684, 5), (4693, 1), (4700, 5), (4723, 10), (4731, 9), (4739, 1), (4746, 1), (4762, 1), (4766, 10), (4767, 1), (4784, 24), (4814, 11), (4818, 4), (4820, 2), (4827, 8), (4831, 1), (4833, 26), (4837, 3), (4848, 4), (4866, 4), (4880, 3), (4884, 2), (4897, 7), (4903, 11), (4905, 10), (4907, 5), (4918, 1), (4931, 12), (4933, 8), (4941, 26), (4942, 1), (4947, 1), (4950, 28), (4956, 12), (4962, 15), (4963, 3), (4967, 2), (4971, 16), (4995, 4)
niggah (DF: 2): (1031, 1), (4972, 1)
niggam (DF: 1): (4629, 1)
niggaz (DF: 1): (909, 1)
niggett (DF: 1): (3249, 1)
niggis (DF: 1): (2662, 1)
nigh (DF: 1): (3999, 1)
night (DF: 1026): (2, 1), (8, 8), (11, 2), (15, 1), (20, 3), (31, 1), (32, 2), (39, 1), (49, 2), (56, 1), (67, 2), (74, 6), (75, 2), (81, 1), (82, 1), (83, 1), (88, 1), (97, 2), (100, 3), (105, 2), (107, 8), (110, 4), (113, 6), (120, 1), (121, 1), (126, 2), (128, 3), (130, 1), (131, 3), (134, 2), (139, 3), (157, 2), (166, 5), (174, 5), (182, 3), (185, 3), (186, 3), (189, 2), (190, 1), (202, 1), (205, 1), (208, 2), (211, 1), (218, 4), (223, 1), (226, 17), (228, 2), (232, 1), (237, 1), (238, 5), (255, 1), (257, 3), (258, 3), (264, 1), (271, 32), (273, 4), (286, 3), (291, 1), (292, 6), (293, 4), (298, 10), (301, 10), (302, 1), (305, 1), (306, 7), (308, 1), (327, 3), (334, 1), (340, 4), (343, 1), (357, 11), (379, 2), (386, 3), (393, 2), (394, 1), (396, 2), (401, 1), (406, 1), (411, 1), (418, 2), (420, 1), (421, 2), (422, 1), (427, 1), (432, 3), (448, 4), (449, 2), (452, 2), (457, 2), (459, 6), (462, 12), (472, 8), (474, 2), (478, 2), (479, 3), (484, 1), (485, 1), (488, 1), (496, 1), (500, 1), (501, 1), (535, 2), (537, 2), (543, 1), (546, 3), (547, 1), (551, 1), (553, 3), (554, 1), (561, 6), (564, 2), (566, 1), (570, 2), (575, 2), (582, 2), (585, 8), (588, 1), (589, 4), (591, 1), (592, 1), (593, 1), (595, 1), (596, 3), (597, 1), (611, 2), (613, 1), (617, 7), (618, 2), (622, 1), (627, 5), (633, 1), (636, 1), (638, 1), (641, 1), (644, 2), (660, 2), (671, 1), (673, 4), (678, 2), (682, 1), (684, 2), (689, 1), (694, 1), (698, 2), (718, 1), (721, 2), (722, 1), (729, 5), (730, 4), (733, 5), (740, 1), (742, 3), (744, 2), (746, 1), (748, 18), (753, 1), (756, 1), (758, 20), (760, 1), (764, 4), (767, 6), (785, 1), (786, 4), (787, 1), (792, 2), (799, 2), (800, 1), (803, 1), (804, 4), (810, 2), (818, 2), (819, 1), (820, 1), (843, 1), (845, 1), (846, 14), (856, 2), (858, 1), (859, 5), (860, 2), (866, 2), (867, 5), (870, 2), (872, 11), (882, 1), (892, 3), (896, 2), (899, 1), (903, 6), (905, 1), (913, 2), (914, 3), (922, 1), (925, 3), (931, 13), (933, 2), (943, 2), (947, 2), (948, 2), (959, 1), (965, 42), (967, 2), (968, 1), (971, 1), (973, 2), (974, 2), (978, 2), (987, 1), (993, 1), (997, 1), (1009, 2), (1014, 1), (1018, 4), (1020, 3), (1021, 1), (1023, 2), (1025, 4), (1035, 3), (1036, 1), (1041, 1), (1047, 1), (1050, 2), (1052, 1), (1062, 2), (1065, 2), (1068, 1), (1069, 1), (1070, 1), (1083, 1), (1086, 2), (1093, 3), (1094, 1), (1097, 3), (1101, 1), (1104, 4), (1117, 2), (1119, 1), (1120, 3), (1121, 1), (1126, 4), (1128, 2), (1130, 2), (1132, 2), (1134, 1), (1138, 1), (1140, 1), (1142, 2), (1147, 2), (1156, 12), (1158, 1), (1167, 3), (1172, 2), (1189, 2), (1198, 1), (1199, 3), (1202, 6), (1206, 2), (1210, 1), (1211, 1), (1218, 1), (1219, 1), (1222, 1), (1227, 1), (1234, 4), (1246, 1), (1256, 1), (1258, 2), (1266, 2), (1273, 1), (1276, 1), (1285, 1), (1293, 1), (1297, 2), (1306, 26), (1314, 1), (1323, 2), (1324, 8), (1325, 3), (1327, 2), (1332, 5), (1334, 4), (1339, 15), (1349, 26), (1354, 1), (1355, 3), (1357, 2), (1373, 3), (1393, 1), (1400, 1), (1404, 3), (1407, 1), (1412, 1), (1414, 1), (1416, 3), (1417, 1), (1426, 1), (1431, 2), (1436, 12), (1437, 1), (1444, 1), (1445, 2), (1446, 1), (1449, 1), (1452, 2), (1454, 6), (1455, 2), (1457, 3), (1459, 1), (1462, 1), (1468, 5), (1469, 1), (1470, 2), (1471, 1), (1472, 2), (1473, 1), (1477, 1), (1487, 7), (1490, 6), (1492, 1), (1493, 9), (1497, 1), (1499, 12), (1503, 3), (1508, 1), (1509, 1), (1510, 3), (1513, 1), (1514, 3), (1518, 1), (1525, 1), (1526, 3), (1528, 4), (1536, 1), (1538, 4), (1540, 4), (1543, 3), (1545, 1), (1550, 8), (1551, 6), (1552, 1), (1555, 1), (1559, 2), (1566, 1), (1575, 10), (1576, 4), (1587, 2), (1595, 1), (1598, 12), (1601, 1), (1603, 6), (1604, 1), (1610, 1), (1611, 1), (1612, 1), (1624, 3), (1625, 5), (1635, 1), (1646, 2), (1647, 1), (1649, 2), (1660, 8), (1661, 3), (1662, 3), (1672, 3), (1674, 1), (1679, 1), (1684, 4), (1685, 1), (1689, 8), (1701, 6), (1705, 1), (1716, 2), (1732, 1), (1744, 8), (1746, 1), (1750, 2), (1754, 16), (1755, 2), (1756, 4), (1760, 10), (1761, 1), (1763, 1), (1764, 1), (1766, 1), (1768, 1), (1777, 8), (1779, 1), (1780, 1), (1783, 2), (1789, 7), (1791, 6), (1808, 6), (1817, 3), (1828, 1), (1833, 1), (1840, 6), (1841, 2), (1844, 1), (1853, 16), (1854, 1), (1859, 1), (1862, 4), (1866, 2), (1877, 2), (1882, 5), (1885, 4), (1886, 1), (1887, 1), (1899, 1), (1912, 2), (1915, 2), (1923, 2), (1924, 1), (1928, 36), (1935, 16), (1938, 1), (1946, 2), (1949, 1), (1950, 1), (1955, 10), (1961, 2), (1962, 4), (1970, 1), (1971, 2), (1979, 4), (1980, 1), (1981, 1), (1989, 5), (1995, 1), (1998, 2), (2000, 1), (2005, 1), (2008, 1), (2023, 1), (2028, 2), (2041, 6), (2042, 1), (2044, 6), (2048, 5), (2050, 1), (2054, 2), (2062, 1), (2067, 8), (2068, 2), (2071, 1), (2080, 1), (2082, 4), (2102, 4), (2103, 2), (2106, 3), (2112, 1), (2117, 1), (2118, 10), (2119, 2), (2126, 2), (2131, 8), (2135, 1), (2139, 4), (2140, 6), (2142, 1), (2153, 3), (2160, 1), (2161, 2), (2162, 12), (2172, 5), (2179, 8), (2187, 1), (2190, 1), (2193, 1), (2202, 1), (2211, 3), (2216, 1), (2220, 2), (2233, 2), (2237, 1), (2244, 2), (2247, 1), (2250, 1), (2256, 3), (2265, 12), (2282, 8), (2285, 1), (2286, 2), (2288, 6), (2291, 1), (2292, 12), (2295, 8), (2304, 1), (2307, 5), (2310, 2), (2322, 1), (2335, 1), (2340, 2), (2346, 2), (2349, 1), (2355, 3), (2362, 6), (2363, 2), (2378, 1), (2382, 2), (2386, 2), (2388, 32), (2389, 6), (2390, 12), (2402, 21), (2403, 2), (2406, 1), (2409, 2), (2416, 1), (2419, 1), (2431, 2), (2433, 1), (2437, 1), (2438, 3), (2447, 4), (2458, 1), (2476, 1), (2477, 1), (2484, 2), (2486, 4), (2489, 1), (2491, 2), (2502, 1), (2504, 5), (2505, 3), (2509, 5), (2511, 2), (2514, 1), (2519, 4), (2523, 1), (2528, 1), (2536, 49), (2538, 2), (2545, 1), (2546, 1), (2547, 1), (2548, 2), (2550, 3), (2553, 4), (2557, 2), (2559, 1), (2578, 1), (2589, 2), (2591, 2), (2594, 20), (2595, 1), (2596, 1), (2607, 1), (2609, 5), (2610, 1), (2611, 1), (2616, 2), (2620, 1), (2633, 11), (2634, 3), (2641, 1), (2671, 1), (2679, 2), (2682, 1), (2686, 1), (2693, 2), (2694, 2), (2695, 1), (2699, 9), (2700, 2), (2710, 2), (2723, 1), (2734, 5), (2736, 1), (2737, 1), (2738, 1), (2740, 7), (2742, 16), (2750, 1), (2751, 8), (2753, 4), (2756, 14), (2762, 3), (2764, 1), (2770, 1), (2771, 1), (2774, 30), (2776, 1), (2793, 2), (2794, 1), (2796, 12), (2797, 3), (2798, 14), (2815, 2), (2816, 1), (2831, 1), (2832, 1), (2837, 1), (2841, 1), (2843, 1), (2849, 11), (2855, 1), (2856, 1), (2859, 6), (2862, 6), (2866, 1), (2878, 1), (2879, 1), (2880, 2), (2884, 1), (2890, 1), (2892, 1), (2893, 7), (2896, 1), (2900, 1), (2901, 3), (2914, 1), (2918, 3), (2924, 1), (2935, 1), (2936, 1), (2937, 3), (2940, 2), (2946, 1), (2949, 17), (2950, 15), (2956, 3), (2965, 2), (2968, 8), (2974, 3), (2978, 3), (2983, 16), (2994, 4), (3001, 7), (3002, 1), (3009, 1), (3014, 2), (3020, 1), (3023, 1), (3024, 2), (3025, 2), (3026, 1), (3035, 1), (3039, 6), (3055, 2), (3061, 1), (3063, 1), (3076, 23), (3081, 2), (3085, 1), (3088, 2), (3107, 1), (3114, 1), (3117, 1), (3119, 3), (3124, 1), (3126, 1), (3134, 3), (3147, 1), (3148, 1), (3151, 1), (3161, 1), (3162, 28), (3163, 46), (3164, 1), (3165, 1), (3167, 5), (3169, 1), (3173, 2), (3178, 2), (3184, 5), (3190, 2), (3195, 11), (3201, 1), (3206, 1), (3209, 3), (3222, 1), (3228, 2), (3229, 2), (3231, 1), (3238, 1), (3242, 2), (3251, 1), (3252, 8), (3258, 1), (3263, 1), (3279, 22), (3291, 1), (3294, 1), (3296, 1), (3300, 1), (3306, 1), (3307, 3), (3315, 1), (3318, 15), (3325, 10), (3327, 8), (3332, 1), (3339, 1), (3341, 1), (3343, 10), (3350, 18), (3360, 1), (3361, 2), (3363, 4), (3368, 1), (3373, 1), (3377, 1), (3392, 1), (3400, 8), (3404, 1), (3413, 1), (3417, 2), (3431, 1), (3438, 1), (3448, 2), (3463, 1), (3483, 9), (3503, 1), (3508, 1), (3514, 3), (3515, 1), (3518, 1), (3520, 1), (3521, 1), (3523, 1), (3524, 1), (3528, 7), (3530, 6), (3533, 1), (3542, 2), (3543, 1), (3546, 1), (3553, 4), (3561, 1), (3563, 1), (3575, 1), (3579, 3), (3592, 6), (3602, 1), (3604, 3), (3611, 1), (3618, 3), (3626, 3), (3630, 4), (3644, 8), (3650, 36), (3653, 1), (3658, 1), (3672, 1), (3676, 4), (3679, 2), (3683, 1), (3693, 1), (3694, 1), (3696, 8), (3699, 2), (3704, 1), (3707, 32), (3711, 1), (3714, 2), (3716, 1), (3725, 8), (3727, 1), (3735, 9), (3741, 1), (3746, 4), (3748, 6), (3750, 80), (3758, 12), (3763, 4), (3766, 1), (3770, 1), (3774, 5), (3776, 1), (3783, 1), (3784, 13), (3786, 4), (3793, 8), (3796, 1), (3803, 1), (3808, 6), (3809, 29), (3811, 1), (3812, 2), (3817, 1), (3820, 1), (3840, 1), (3843, 1), (3844, 1), (3845, 1), (3846, 1), (3852, 4), (3856, 8), (3858, 84), (3865, 4), (3867, 2), (3873, 1), (3877, 16), (3884, 15), (3886, 1), (3889, 1), (3893, 1), (3896, 1), (3906, 12), (3910, 12), (3922, 2), (3927, 2), (3937, 14), (3953, 1), (3965, 5), (3971, 1), (3975, 3), (3976, 1), (3988, 3), (3993, 33), (3999, 1), (4000, 1), (4005, 1), (4006, 2), (4017, 6), (4020, 2), (4026, 1), (4041, 3), (4043, 2), (4050, 1), (4052, 3), (4058, 5), (4060, 2), (4069, 1), (4071, 1), (4072, 2), (4077, 6), (4078, 13), (4079, 1), (4082, 1), (4083, 4), (4092, 2), (4095, 1), (4113, 2), (4116, 2), (4121, 1), (4123, 4), (4130, 4), (4136, 4), (4144, 16), (4145, 3), (4146, 1), (4157, 3), (4159, 1), (4169, 2), (4170, 1), (4178, 1), (4182, 1), (4183, 1), (4184, 2), (4185, 1), (4199, 3), (4201, 3), (4205, 2), (4206, 3), (4208, 4), (4213, 1), (4235, 3), (4240, 1), (4242, 1), (4247, 1), (4249, 1), (4250, 2), (4256, 1), (4263, 2), (4269, 1), (4273, 1), (4277, 8), (4292, 1), (4294, 22), (4299, 30), (4304, 2), (4306, 10), (4313, 2), (4319, 1), (4320, 1), (4321, 1), (4324, 4), (4330, 3), (4338, 2), (4342, 1), (4346, 3), (4349, 16), (4354, 5), (4359, 1), (4372, 4), (4373, 2), (4377, 4), (4385, 3), (4388, 1), (4393, 11), (4396, 2), (4398, 1), (4407, 1), (4409, 4), (4411, 2), (4414, 1), (4426, 2), (4428, 2), (4429, 1), (4436, 6), (4441, 3), (4442, 1), (4446, 1), (4463, 6), (4464, 1), (4473, 3), (4476, 2), (4477, 2), (4488, 1), (4493, 25), (4494, 1), (4495, 1), (4516, 3), (4521, 1), (4523, 5), (4526, 2), (4528, 1), (4533, 1), (4534, 1), (4536, 1), (4538, 2), (4542, 4), (4547, 1), (4549, 2), (4554, 1), (4566, 6), (4572, 1), (4575, 1), (4578, 2), (4580, 1), (4583, 2), (4586, 3), (4589, 1), (4595, 4), (4610, 18), (4611, 2), (4612, 2), (4615, 1), (4616, 6), (4627, 1), (4628, 1), (4632, 2), (4636, 9), (4638, 4), (4646, 8), (4655, 2), (4667, 1), (4668, 1), (4672, 12), (4674, 3), (4675, 1), (4679, 5), (4681, 1), (4682, 2), (4688, 51), (4695, 4), (4698, 1), (4703, 4), (4705, 1), (4710, 3), (4727, 1), (4728, 5), (4731, 1), (4732, 2), (4733, 2), (4736, 49), (4738, 1), (4745, 1), (4756, 1), (4758, 1), (4762, 2), (4768, 12), (4770, 3), (4772, 117), (4774, 6), (4778, 1), (4779, 4), (4792, 2), (4793, 1), (4801, 1), (4806, 1), (4810, 1), (4818, 1), (4822, 1), (4826, 2), (4830, 1), (4834, 6), (4841, 1), (4844, 1), (4848, 2), (4853, 3), (4867, 2), (4869, 3), (4871, 2), (4872, 2), (4875, 6), (4878, 1), (4883, 2), (4892, 3), (4893, 2), (4896, 5), (4906, 3), (4917, 1), (4922, 1), (4925, 6), (4927, 2), (4928, 4), (4934, 2), (4937, 2), (4942, 5), (4944, 1), (4953, 1), (4959, 1), (4969, 1), (4971, 1), (4973, 55), (4974, 11), (4975, 1), (4979, 1), (4982, 5), (4983, 6), (4987, 2), (4995, 1), (4999, 1)
nightbound (DF: 1): (4810, 3)
nightclub (DF: 2): (1021, 1), (1114, 1)
nightcrawlin (DF: 2): (469, 2), (825, 3)
nighter (DF: 1): (1050, 1)
nightfal (DF: 2): (3073, 4), (3153, 4)
nightgown (DF: 4): (1297, 1), (1455, 2), (2282, 4), (2353, 1)
nightingal (DF: 1): (3291, 5)
nightlif (DF: 1): (3984, 1)
nightmar (DF: 28): (139, 3), (183, 1), (192, 2), (322, 1), (343, 1), (641, 4), (668, 1), (1019, 1), (1130, 2), (1335, 12), (1404, 3), (1440, 1), (1466, 2), (1656, 1), (1805, 1), (2559, 2), (2634, 1), (2906, 1), (3148, 1), (3200, 1), (3361, 1), (3499, 1), (3776, 1), (4153, 2), (4298, 1), (4337, 2), (4708, 1), (4727, 1)
nightshad (DF: 1): (636, 1)
nightshift (DF: 1): (4892, 15)
nightz (DF: 1): (369, 1)
nigiott (DF: 1): (3316, 1)
nigo (DF: 1): (4620, 1)
nigth (DF: 1): (2536, 1)
nigun (DF: 1): (3631, 3)
nihil (DF: 1): (1240, 1)
niic (DF: 1): (4751, 1)
nijimu (DF: 1): (1102, 1)
nik (DF: 22): (401, 1), (484, 1), (508, 1), (778, 1), (1077, 5), (1161, 1), (1177, 1), (1619, 1), (1736, 1), (2383, 6), (2881, 2), (3104, 8), (3108, 1), (3409, 1), (3630, 1), (3748, 2), (4124, 2), (4467, 4), (4607, 1), (4651, 1), (4665, 5), (4849, 1)
