ibarr (DF: 1): (312, 1)
ibas (DF: 1): (284, 2)
ibi (DF: 1): (430, 1)
ibig (DF: 2): (3887, 3), (4657, 1)
ibiz (DF: 1): (1627, 2)
ibiza (DF: 7): (1454, 2), (2005, 3), (2641, 3), (3770, 4), (3973, 1), (4227, 1), (4581, 1)
ibm (DF: 1): (4012, 1)
ibon (DF: 1): (3887, 1)
ic (DF: 1): (47, 1)
ic3 (DF: 1): (47, 1)
ic3peak (DF: 1): (163, 1)
ican (DF: 1): (730, 1)
icar (DF: 1): (2245, 1)
icarus (DF: 1): (2551, 1)
ice (DF: 136): (3, 1), (81, 1), (121, 1), (155, 15), (163, 4), (183, 1), (202, 1), (213, 3), (221, 3), (268, 4), (283, 21), (298, 1), (346, 1), (350, 12), (372, 1), (383, 1), (405, 4), (469, 4), (511, 3), (547, 1), (558, 1), (562, 1), (581, 1), (591, 1), (646, 1), (673, 1), (818, 2), (825, 5), (829, 3), (846, 1), (862, 1), (892, 2), (938, 2), (1058, 1), (1076, 1), (1094, 1), (1111, 1), (1122, 1), (1152, 1), (1156, 12), (1173, 2), (1219, 1), (1262, 1), (1282, 1), (1391, 3), (1547, 1), (1552, 1), (1556, 10), (1648, 1), (1658, 1), (1671, 1), (1674, 2), (1809, 1), (1896, 3), (1919, 1), (1922, 1), (1975, 4), (2045, 1), (2050, 1), (2230, 1), (2235, 1), (2300, 14), (2305, 1), (2340, 1), (2354, 1), (2357, 1), (2399, 1), (2456, 1), (2511, 2), (2560, 1), (2607, 1), (2665, 1), (2680, 1), (2687, 1), (2730, 3), (2844, 1), (2863, 1), (2881, 1), (2884, 1), (2936, 1), (2939, 1), (2991, 2), (3040, 1), (3093, 2), (3095, 6), (3152, 1), (3194, 1), (3248, 1), (3310, 3), (3408, 2), (3429, 1), (3430, 1), (3433, 2), (3486, 1), (3502, 1), (3507, 1), (3549, 1), (3557, 9), (3565, 1), (3597, 2), (3618, 3), (3703, 4), (3726, 1), (3738, 1), (3741, 1), (3753, 1), (3783, 1), (3856, 1), (3884, 1), (3990, 1), (4041, 1), (4121, 1), (4207, 5), (4293, 1), (4329, 1), (4381, 1), (4390, 2), (4443, 1), (4503, 1), (4526, 2), (4641, 1), (4661, 1), (4754, 1), (4776, 1), (4789, 6), (4791, 1), (4814, 1), (4834, 1), (4866, 4), (4920, 2), (4942, 1), (4956, 1), (4964, 3), (4976, 1), (4995, 3), (2301, 1)
iceberg (DF: 2): (3529, 1), (4042, 1)
iceciccl (DF: 1): (4381, 1)
icehous (DF: 1): (863, 2)
iceland (DF: 1): (4322, 1)
icey (DF: 3): (2143, 1), (2192, 1), (2923, 1)
ich (DF: 3): (250, 1), (976, 4), (3744, 2)
ichido (DF: 1): (1360, 2)
ici (DF: 15): (221, 1), (537, 1), (649, 1), (673, 1), (1122, 1), (1391, 3), (1600, 1), (2320, 1), (2808, 1), (3144, 3), (3909, 1), (4506, 1), (4614, 1), (4680, 2), (4855, 3)
icicl (DF: 2): (357, 2), (3993, 6)
ick (DF: 1): (1836, 2)
ickey (DF: 1): (16, 1)
icki (DF: 4): (346, 5), (2322, 8), (4135, 3), (4381, 2)
icon (DF: 10): (311, 1), (889, 2), (1084, 1), (2327, 1), (2776, 1), (3010, 1), (3184, 3), (4122, 1), (4361, 1), (4404, 1)
icona (DF: 2): (96, 2), (3654, 2)
id (DF: 16): (711, 1), (786, 1), (896, 1), (1092, 1), (1391, 3), (1875, 1), (1994, 1), (2083, 2), (2440, 1), (3368, 1), (3517, 2), (3535, 2), (3773, 2), (3975, 1), (4608, 1), (4859, 8)
ida (DF: 4): (143, 2), (1787, 1), (2021, 1), (3026, 1)
idali (DF: 3): (812, 3), (3864, 2), (4256, 2)
idaraan (DF: 1): (3887, 3)
idd (DF: 1): (852, 1)
ide (DF: 8): (1715, 1), (2638, 1), (2865, 2), (3491, 1), (3590, 1), (3942, 1), (4288, 1), (4873, 2)
idea (DF: 31): (291, 1), (604, 8), (1058, 1), (1387, 1), (1399, 2), (1516, 24), (1533, 1), (1807, 1), (1820, 1), (2000, 1), (2054, 1), (2145, 1), (2186, 1), (2255, 1), (2433, 1), (2506, 1), (2630, 1), (2704, 2), (2760, 1), (2797, 1), (2804, 1), (3282, 2), (3611, 1), (3635, 1), (3921, 1), (3956, 1), (4174, 1), (4424, 1), (4508, 1), (4872, 2), (4955, 1)
ideal (DF: 6): (727, 1), (1061, 1), (1608, 1), (3437, 1), (4004, 1), (4648, 3)
ideia (DF: 1): (3692, 1)
ident (DF: 10): (715, 1), (813, 1), (1410, 1), (1720, 1), (1739, 1), (1788, 1), (2216, 1), (2244, 1), (4012, 2), (4420, 1)
identif (DF: 1): (964, 1)
identifi (DF: 2): (637, 1), (3184, 1)
identifiqu (DF: 1): (4009, 1)
ideolog (DF: 1): (3985, 1)
ideologi (DF: 1): (2535, 1)
idgaf (DF: 2): (788, 2), (4601, 1)
idhar (DF: 1): (149, 1)
idi (DF: 2): (430, 1), (3985, 1)
idina (DF: 2): (1600, 1), (2808, 1)
idiom (DF: 1): (2604, 1)
idiot (DF: 11): (354, 7), (417, 1), (790, 1), (1241, 9), (1254, 1), (2784, 1), (3213, 1), (3521, 1), (3789, 1), (4044, 1), (4886, 4)
idiota (DF: 1): (2242, 1)
idk (DF: 2): (3832, 10), (4928, 2)
idl (DF: 3): (4073, 1), (4785, 1), (4960, 1)
idlewild (DF: 2): (1748, 1), (3148, 1)
ido (DF: 4): (417, 1), (3340, 2), (3908, 1), (4769, 4)
idol (DF: 10): (598, 1), (1561, 1), (1817, 1), (1922, 1), (2194, 2), (3285, 2), (3316, 1), (4014, 1), (4764, 1), (4941, 1)
idon (DF: 1): (2034, 1)
