toc (DF: 31): (2530, 1), (2814, 5), (2938, 2), (3031, 5), (3062, 1), (3071, 1), (3111, 3), (3358, 1), (3586, 10), (3590, 1), (3609, 2), (3623, 1), (3656, 3), (3665, 3), (3903, 3), (3916, 2), (3981, 1), (3996, 5), (4049, 4), (4258, 1), (4356, 2), (4671, 2), (4711, 2), (4780, 1), (4799, 1), (4912, 1), (4954, 1), (44, 2), (46, 4), (3897, 1), (3898, 1)
toca (DF: 8): (213, 1), (552, 2), (1072, 2), (1278, 2), (1659, 3), (3902, 1), (4084, 1), (4357, 1)
tocada (DF: 6): (60, 1), (1278, 1), (1659, 1), (2308, 1), (2539, 1), (3955, 1)
tocam (DF: 3): (1300, 1), (2351, 2), (4195, 1)
tocamel (DF: 1): (4434, 1)
tocando (DF: 1): (3838, 1)
tocandot (DF: 1): (3342, 1)
tocar (DF: 1): (2711, 1)
tocart (DF: 8): (875, 1), (2092, 1), (2383, 3), (2877, 1), (3722, 1), (3942, 1), (4550, 6), (4659, 1)
tocat (DF: 1): (1478, 1)
tocc (DF: 4): (3491, 3), (3972, 1), (4587, 1), (4873, 1)
toccara (DF: 1): (3248, 1)
toch (DF: 2): (2638, 1), (3864, 1)
tock (DF: 10): (257, 4), (502, 9), (948, 12), (1355, 4), (1556, 1), (1748, 1), (2476, 1), (3604, 4), (4218, 1), (4381, 1)
tod (DF: 86): (10, 2), (14, 1), (117, 1), (178, 1), (227, 1), (276, 1), (283, 1), (328, 6), (353, 5), (364, 2), (366, 1), (397, 1), (403, 1), (437, 1), (628, 1), (885, 1), (889, 1), (897, 2), (934, 2), (1022, 1), (1033, 6), (1099, 1), (1296, 1), (1300, 1), (1305, 1), (1395, 2), (1453, 1), (1461, 5), (1481, 10), (1584, 1), (1687, 1), (1778, 2), (1810, 4), (2021, 1), (2027, 2), (2033, 1), (2043, 1), (2088, 1), (2098, 1), (2108, 1), (2180, 1), (2275, 1), (2316, 1), (2328, 1), (2336, 1), (2342, 2), (2377, 1), (2601, 2), (2785, 2), (2938, 3), (3062, 1), (3070, 2), (3080, 1), (3093, 2), (3158, 2), (3269, 1), (3351, 1), (3381, 2), (3399, 2), (3489, 1), (3492, 1), (3580, 4), (3590, 8), (3596, 1), (3603, 2), (3853, 2), (3932, 1), (3981, 2), (3984, 1), (4207, 1), (4236, 1), (4344, 1), (4361, 4), (4445, 1), (4507, 1), (4515, 1), (4560, 1), (4671, 2), (4908, 12), (4912, 1), (4954, 2), (12, 8), (3090, 1), (3092, 2), (3890, 1), (3891, 2)
toda (DF: 8): (1072, 4), (1278, 5), (1659, 2), (2242, 1), (2308, 4), (2843, 1), (3215, 1), (4016, 2)
todav (DF: 11): (180, 1), (347, 2), (1042, 3), (1296, 1), (1677, 1), (2782, 1), (3028, 1), (3603, 1), (4189, 1), (4236, 1), (4515, 1)
todavi (DF: 3): (1443, 1), (3106, 3), (4009, 2)
today (DF: 197): (13, 1), (45, 1), (59, 1), (65, 1), (93, 3), (110, 1), (219, 2), (254, 1), (267, 8), (300, 3), (336, 1), (343, 1), (348, 1), (360, 1), (387, 1), (426, 1), (432, 1), (453, 1), (482, 1), (496, 1), (514, 1), (520, 2), (528, 1), (574, 1), (604, 8), (662, 1), (774, 1), (801, 1), (807, 1), (821, 2), (837, 8), (842, 1), (914, 1), (932, 3), (976, 1), (988, 1), (1053, 19), (1059, 1), (1114, 2), (1145, 1), (1152, 1), (1160, 2), (1202, 4), (1214, 3), (1270, 3), (1287, 1), (1311, 1), (1316, 1), (1328, 1), (1344, 5), (1374, 6), (1385, 4), (1392, 1), (1413, 1), (1442, 3), (1466, 1), (1469, 1), (1471, 2), (1473, 12), (1479, 1), (1552, 1), (1581, 1), (1604, 1), (1664, 6), (1700, 3), (1745, 1), (1755, 2), (1837, 1), (1860, 1), (1961, 5), (1973, 1), (1981, 1), (2004, 4), (2010, 1), (2013, 1), (2015, 1), (2057, 1), (2072, 1), (2074, 1), (2080, 1), (2115, 1), (2119, 1), (2177, 1), (2218, 1), (2232, 7), (2333, 1), (2374, 2), (2389, 1), (2407, 4), (2415, 1), (2509, 1), (2569, 1), (2571, 1), (2584, 1), (2670, 1), (2695, 1), (2715, 1), (2836, 3), (2846, 1), (2849, 1), (2861, 3), (2935, 1), (2954, 6), (2980, 8), (2989, 5), (2996, 1), (3001, 13), (3008, 2), (3033, 1), (3050, 6), (3054, 1), (3107, 1), (3128, 9), (3177, 1), (3178, 1), (3192, 3), (3250, 1), (3281, 1), (3289, 1), (3318, 1), (3335, 1), (3369, 2), (3376, 2), (3393, 1), (3456, 1), (3470, 1), (3499, 1), (3526, 1), (3549, 1), (3553, 4), (3575, 2), (3597, 1), (3605, 1), (3612, 1), (3632, 1), (3663, 4), (3676, 1), (3704, 1), (3709, 4), (3714, 2), (3718, 3), (3784, 1), (3807, 2), (3810, 1), (3855, 1), (3884, 1), (3904, 1), (3914, 1), (3952, 3), (3979, 1), (4001, 2), (4008, 1), (4039, 5), (4080, 1), (4117, 1), (4128, 1), (4151, 3), (4212, 2), (4259, 1), (4270, 1), (4273, 1), (4334, 1), (4360, 3), (4381, 1), (4410, 1), (4427, 1), (4468, 4), (4516, 1), (4534, 3), (4547, 1), (4600, 1), (4611, 7), (4652, 1), (4656, 1), (4690, 1), (4713, 1), (4718, 2), (4724, 1), (4764, 1), (4786, 1), (4798, 1), (4800, 12), (4808, 2), (4911, 1), (4952, 1), (4962, 1), (4968, 1), (4979, 5), (462, 1), (464, 1), (931, 1), (1510, 9), (1512, 1), (2945, 1), (2947, 1), (4176, 2), (4177, 1)
todd (DF: 2): (427, 1), (924, 1)
todi (DF: 2): (1881, 3), (3215, 1)
todit (DF: 8): (12, 8), (1079, 1), (1305, 2), (1309, 12), (2275, 1), (2604, 1), (3399, 1), (4210, 1)
