throw (DF: 191): (971, 1), (975, 1), (1002, 2), (1038, 1), (1050, 1), (1058, 3), (1091, 6), (1106, 1), (1132, 6), (1144, 1), (1168, 1), (1196, 1), (1209, 1), (1223, 1), (1233, 1), (1253, 1), (1257, 1), (1267, 1), (1276, 1), (1286, 5), (1342, 2), (1344, 1), (1351, 2), (1378, 4), (1391, 12), (1498, 3), (1594, 1), (1605, 3), (1622, 1), (1642, 1), (1661, 1), (1730, 1), (1773, 1), (1805, 1), (1833, 1), (1854, 1), (1870, 4), (1882, 1), (1916, 1), (1926, 1), (1929, 21), (1949, 1), (1962, 5), (1981, 1), (1984, 2), (2028, 1), (2036, 1), (2083, 2), (2084, 1), (2137, 2), (2154, 1), (2198, 2), (2218, 1), (2241, 2), (2251, 1), (2256, 1), (2278, 1), (2286, 1), (2290, 6), (2320, 1), (2333, 1), (2408, 1), (2423, 1), (2438, 6), (2472, 2), (2482, 2), (2505, 2), (2514, 1), (2541, 2), (2550, 1), (2565, 1), (2569, 1), (2580, 1), (2586, 1), (2616, 2), (2669, 1), (2716, 3), (2771, 1), (2778, 1), (2809, 2), (2820, 3), (2831, 1), (2850, 7), (2894, 10), (2899, 15), (2930, 1), (2974, 4), (2995, 7), (3010, 1), (3037, 1), (3039, 6), (3052, 1), (3064, 7), (3075, 1), (3109, 1), (3119, 2), (3122, 2), (3128, 1), (3144, 1), (3149, 1), (3163, 8), (3170, 1), (3179, 7), (3207, 1), (3224, 1), (3253, 1), (3268, 1), (3286, 1), (3325, 2), (3374, 1), (3393, 1), (3432, 1), (3451, 2), (3475, 3), (3478, 1), (3485, 1), (3487, 2), (3510, 1), (3529, 1), (3546, 3), (3548, 1), (3562, 1), (3567, 2), (3610, 2), (3620, 2), (3719, 1), (3726, 1), (3790, 1), (3800, 4), (3813, 1), (3854, 1), (3869, 9), (3986, 2), (3989, 1), (3991, 1), (3999, 6), (4012, 1), (4019, 1), (4020, 1), (4042, 1), (4059, 1), (4085, 1), (4128, 1), (4226, 1), (4256, 1), (4315, 1), (4325, 1), (4326, 1), (4381, 2), (4403, 1), (4432, 5), (4459, 1), (4473, 2), (4481, 1), (4506, 2), (4508, 1), (4575, 1), (4578, 2), (4585, 1), (4598, 1), (4600, 3), (4620, 1), (4668, 2), (4698, 1), (4707, 1), (4723, 2), (4724, 1), (4736, 7), (4739, 1), (4762, 1), (4770, 1), (4818, 6), (4854, 1), (4884, 4), (4889, 1), (4895, 1), (4907, 2), (4933, 1), (4937, 1), (4956, 1), (4963, 2), (4982, 1), (4987, 2), (658, 1), (659, 1), (2094, 2), (2096, 1), (2852, 1), (2892, 9), (4106, 1), (4107, 2)
throwaway (DF: 1): (3485, 1)
throwback (DF: 23): (113, 1), (130, 1), (530, 1), (997, 1), (1059, 1), (1214, 3), (1314, 1), (1323, 1), (1407, 1), (1438, 1), (1619, 1), (2225, 1), (2520, 2), (2586, 1), (3294, 1), (3370, 1), (3620, 1), (3845, 1), (3965, 1), (4051, 1), (4082, 1), (4717, 1), (4897, 1)
thrower (DF: 1): (1059, 1)
throwin (DF: 30): (40, 1), (121, 1), (188, 2), (388, 1), (1132, 1), (1253, 2), (1648, 3), (1801, 1), (1829, 1), (1849, 2), (2001, 1), (2053, 1), (2198, 1), (2220, 3), (2236, 1), (2394, 1), (2583, 1), (2771, 1), (3251, 1), (3398, 1), (3486, 2), (3598, 1), (4128, 1), (4150, 3), (4364, 1), (4553, 2), (4669, 1), (4854, 1), (4933, 1), (4941, 1)
thrown (DF: 14): (128, 1), (898, 1), (1634, 1), (1644, 2), (1678, 1), (2121, 1), (2525, 2), (2543, 2), (2709, 1), (2770, 1), (2821, 1), (3041, 2), (3731, 1), (4021, 1)
thru (DF: 14): (264, 1), (1219, 1), (1275, 1), (1674, 2), (1784, 1), (1835, 1), (3258, 2), (3701, 1), (3820, 1), (4062, 3), (4070, 1), (4072, 4), (4377, 1), (4947, 1)
thrust (DF: 1): (3673, 1)
thsi (DF: 1): (1585, 1)
thug (DF: 74): (13, 1), (81, 1), (179, 1), (200, 1), (278, 2), (324, 8), (510, 1), (598, 1), (660, 1), (672, 1), (980, 1), (1076, 1), (1169, 1), (1253, 1), (1302, 2), (1343, 1), (1413, 3), (1438, 1), (1497, 2), (1552, 1), (1657, 1), (1805, 1), (1839, 1), (1922, 1), (1926, 5), (1977, 4), (2076, 1), (2147, 3), (2269, 1), (2286, 2), (2332, 6), (2411, 2), (2489, 1), (2532, 1), (2592, 1), (2760, 1), (2771, 4), (2795, 4), (2865, 1), (2884, 1), (2899, 6), (3009, 2), (3076, 1), (3084, 3), (3138, 1), (3180, 3), (3232, 1), (3238, 3), (3282, 2), (3294, 2), (3300, 11), (3428, 1), (3432, 1), (3483, 4), (3486, 1), (3507, 1), (3510, 1), (3525, 1), (3790, 1), (3800, 1), (3999, 1), (4136, 1), (4326, 1), (4501, 1), (4612, 2), (4645, 1), (4717, 1), (4739, 1), (4784, 3), (4848, 2), (4897, 21), (4947, 8), (4956, 3), (4978, 2)
thugga (DF: 1): (3507, 2)
thugger (DF: 1): (3507, 2)
thuggin (DF: 12): (110, 1), (479, 3), (841, 1), (1122, 1), (1402, 4), (1410, 2), (3009, 1), (3298, 1), (3410, 1), (3487, 2), (3999, 2), (4575, 1)
thuggish (DF: 2): (2147, 1), (2850, 1)
thuglif (DF: 1): (3437, 1)
thugs (DF: 1): (178, 1)
thugsta (DF: 2): (2147, 1), (3483, 11)
thugster (DF: 1): (3180, 2)
thumb (DF: 6): (285, 1), (418, 1), (597, 1), (1643, 1), (2133, 2), (4767, 1)
thumbin (DF: 2): (4062, 1), (4680, 1)
thump (DF: 1): (248, 1)
