vi (DF: 45): (1686, 5), (1803, 1), (2018, 5), (2114, 28), (2152, 13), (2268, 4), (2461, 1), (2488, 1), (2604, 1), (2642, 12), (2656, 1), (2662, 1), (2759, 1), (2805, 1), (2948, 2), (3070, 6), (3092, 3), (3215, 1), (3226, 1), (3467, 1), (3489, 1), (3492, 1), (3527, 7), (3588, 2), (3591, 9), (3757, 8), (3909, 1), (4189, 1), (4197, 2), (4198, 2), (4295, 4), (4308, 6), (4352, 1), (4421, 2), (4425, 2), (4440, 1), (4479, 2), (4567, 4), (4714, 9), (4763, 2), (4797, 1), (4846, 2), (4985, 2), (4986, 2), (4991, 2)
via (DF: 14): (187, 1), (1432, 1), (1677, 1), (1800, 6), (2059, 4), (2549, 2), (3210, 1), (3628, 1), (3717, 1), (3753, 1), (3903, 1), (4034, 1), (4361, 1), (4587, 1)
viacom (DF: 1): (693, 3)
viadin (DF: 1): (1881, 2)
viaduct (DF: 2): (668, 1), (1656, 1)
viagem (DF: 3): (213, 6), (1979, 1), (3870, 1)
viagg (DF: 1): (1485, 1)
viagr (DF: 1): (3580, 12)
viagra (DF: 1): (3789, 1)
viaj (DF: 29): (791, 1), (1005, 1), (1022, 1), (1061, 1), (1478, 1), (1524, 1), (1582, 1), (1677, 1), (1686, 1), (1878, 1), (2090, 1), (2092, 4), (2354, 1), (2604, 1), (2877, 1), (3080, 1), (3111, 1), (3313, 1), (3614, 3), (3875, 1), (3891, 3), (3996, 1), (4193, 2), (4430, 1), (4544, 1), (4556, 1), (4752, 1), (4852, 1), (4912, 1)
viajado (DF: 1): (3870, 1)
viajam (DF: 1): (284, 2)
viajar (DF: 1): (3870, 1)
vianna (DF: 1): (2474, 1)
vias (DF: 1): (2877, 6)
vib (DF: 5): (1411, 1), (1443, 1), (2183, 1), (4124, 1), (4423, 1)
vibe (DF: 89): (17, 1), (43, 1), (261, 1), (278, 2), (356, 2), (535, 2), (574, 1), (658, 1), (736, 1), (741, 20), (779, 2), (787, 1), (812, 1), (824, 2), (852, 1), (892, 2), (927, 1), (928, 2), (998, 1), (1054, 1), (1077, 1), (1152, 4), (1203, 4), (1217, 2), (1219, 1), (1299, 4), (1301, 1), (1318, 1), (1432, 1), (1452, 1), (1574, 4), (1579, 1), (1598, 12), (1619, 1), (1655, 1), (1725, 2), (1792, 2), (1869, 1), (1979, 5), (2030, 3), (2051, 1), (2105, 1), (2192, 4), (2251, 1), (2266, 13), (2277, 2), (2465, 1), (2490, 6), (2503, 2), (2548, 6), (2638, 2), (2708, 1), (2831, 1), (2986, 4), (3075, 1), (3087, 1), (3153, 1), (3195, 2), (3355, 1), (3453, 1), (3483, 10), (3575, 1), (3707, 2), (3744, 4), (3748, 1), (3864, 1), (4003, 3), (4070, 2), (4104, 1), (4157, 5), (4256, 1), (4357, 4), (4465, 1), (4494, 3), (4607, 1), (4629, 1), (4665, 1), (4703, 14), (4772, 2), (4810, 1), (4833, 2), (4849, 1), (4859, 1), (4880, 5), (4901, 19), (4995, 2), (893, 2), (2422, 3), (2423, 1)
vibes (DF: 1): (1000, 1)
vibin (DF: 6): (1575, 1), (1760, 1), (1884, 3), (3049, 7), (3148, 1), (3917, 1)
vibor (DF: 1): (4484, 1)
vibr (DF: 8): (836, 1), (1013, 1), (2150, 1), (3596, 3), (3669, 1), (4430, 1), (4846, 1), (4948, 1)
vibra (DF: 1): (4267, 4)
vibrant (DF: 2): (2312, 2), (2665, 1)
vibrat (DF: 12): (1250, 1), (1564, 1), (1613, 1), (1700, 2), (1921, 2), (1970, 1), (2548, 6), (2845, 1), (3446, 1), (4494, 3), (4901, 1), (4984, 1)
vibratin (DF: 1): (4106, 1)
vibrato (DF: 1): (2205, 1)
vibração (DF: 1): (4357, 1)
vibriert (DF: 1): (2463, 2)
vic (DF: 6): (183, 1), (802, 1), (807, 1), (993, 1), (2831, 1), (3999, 1)
vica (DF: 1): (2592, 2)
vice (DF: 18): (163, 4), (183, 1), (383, 2), (726, 1), (1031, 1), (1076, 1), (1273, 1), (1497, 1), (1526, 2), (1675, 1), (2592, 16), (2730, 1), (3095, 2), (3285, 1), (3294, 1), (3753, 1), (4851, 1), (4972, 1)
vicent (DF: 2): (1027, 1), (2275, 1)
viceton (DF: 4): (1676, 1), (1928, 1), (3120, 1), (4744, 1)
vich (DF: 2): (4421, 8), (4985, 1)
vichon (DF: 1): (4650, 6)
vici (DF: 7): (53, 1), (460, 1), (3623, 1), (4382, 1), (4515, 1), (4671, 2), (4846, 2)
viciada (DF: 1): (3838, 1)
vicieux (DF: 1): (598, 1)
vicin (DF: 4): (9, 1), (2518, 2), (3491, 1), (4890, 4)
vicios (DF: 1): (1079, 1)
vicious (DF: 12): (3, 1), (1334, 2), (1852, 1), (2742, 1), (3168, 1), (3479, 1), (4092, 1), (4129, 1), (4262, 1), (4407, 1), (4776, 1), (4854, 1)
vick (DF: 2): (642, 1), (1661, 1)
vicki (DF: 1): (418, 1)
vicksburg (DF: 1): (3621, 1)
vicodin (DF: 2): (702, 1), (1625, 1)
victim (DF: 42): (223, 1), (616, 1), (788, 1), (1016, 1), (1130, 1), (1206, 2), (1240, 1), (1720, 1), (2128, 2), (2154, 1), (2187, 1), (2332, 1), (2350, 1), (2402, 3), (2528, 3), (2682, 2), (3023, 2), (3111, 1), (3113, 1), (3186, 1), (3288, 1), (3313, 1), (3479, 1), (3490, 1), (3561, 1), (3742, 3), (3790, 1), (3871, 3), (3946, 1), (4023, 1), (4231, 1), (4236, 4), (4239, 1), (4300, 3), (4594, 3), (4601, 1), (4603, 1), (4629, 1), (4660, 1), (4669, 1), (4684, 2), (4704, 2)
