katrina (DF: 2): (2177, 1), (2583, 1)
katti (DF: 1): (3026, 1)
kattru (DF: 1): (3471, 1)
katuj (DF: 1): (4582, 1)
kau (DF: 2): (198, 1), (2637, 2)
kauai (DF: 1): (4574, 1)
kaudi (DF: 1): (4650, 6)
kauf (DF: 9): (1583, 1), (1715, 1), (1845, 1), (2050, 1), (3123, 1), (3462, 1), (3480, 1), (3932, 3), (4998, 1)
kauft (DF: 2): (1715, 1), (2881, 1)
kauon (DF: 1): (149, 1)
kausion (DF: 2): (1124, 2), (3581, 2)
kaviz (DF: 1): (1834, 1)
kawasaki (DF: 3): (490, 1), (3232, 2), (3864, 1)
kawasakis (DF: 1): (1238, 1)
kawasanu (DF: 1): (1102, 1)
kay (DF: 7): (0, 4), (1431, 1), (1484, 1), (2086, 1), (2170, 1), (3311, 2), (4743, 1)
kaya (DF: 3): (0, 2), (3887, 5), (4563, 1)
kayak (DF: 2): (444, 1), (2309, 2)
kayek (DF: 1): (2086, 2)
kayleigh (DF: 1): (1663, 9)
kayn (DF: 2): (2487, 1), (3790, 1)
kayslay (DF: 1): (3941, 1)
kaytranada (DF: 4): (710, 1), (729, 1), (945, 1), (4817, 1)
kazarou (DF: 1): (4373, 2)
kazi (DF: 1): (760, 1)
kb (DF: 4): (148, 1), (440, 2), (2053, 1), (2676, 1)
kbeazi (DF: 1): (696, 1)
kc (DF: 2): (978, 2), (2637, 4)
kd (DF: 1): (4004, 1)
kdl (DF: 1): (614, 1)
ke (DF: 13): (149, 12), (1098, 2), (1474, 1), (1834, 9), (2086, 5), (2108, 1), (2655, 1), (4421, 2), (4581, 2), (4650, 2), (4686, 1), (4942, 1), (4985, 3)
kean (DF: 3): (2209, 1), (4225, 1), (4441, 3)
keanu (DF: 2): (3498, 7), (3850, 1)
keat (DF: 1): (129, 4)
keaton (DF: 1): (4734, 1)
kebab (DF: 1): (3962, 1)
ked (DF: 1): (4959, 1)
kee (DF: 2): (829, 1), (3669, 1)
keef (DF: 5): (51, 7), (673, 1), (3383, 1), (4150, 1), (4490, 1)
keen (DF: 8): (240, 10), (612, 3), (870, 1), (1237, 3), (2154, 1), (2558, 16), (3985, 1), (4828, 1)
keep (DF: 988): (4, 1), (5, 2), (7, 1), (16, 3), (17, 1), (18, 24), (20, 6), (25, 10), (27, 2), (31, 1), (39, 4), (40, 2), (51, 1), (55, 1), (58, 1), (59, 4), (66, 1), (68, 1), (69, 1), (73, 1), (81, 1), (83, 3), (88, 1), (93, 7), (100, 1), (103, 3), (106, 1), (110, 1), (112, 1), (119, 1), (121, 1), (134, 3), (139, 6), (145, 5), (148, 1), (168, 1), (172, 1), (174, 17), (181, 5), (186, 1), (195, 2), (197, 1), (218, 1), (220, 1), (223, 2), (228, 1), (239, 3), (242, 1), (249, 4), (253, 8), (258, 2), (261, 1), (262, 2), (265, 2), (268, 7), (270, 7), (271, 8), (273, 4), (287, 2), (289, 3), (293, 1), (295, 1), (300, 1), (306, 1), (317, 1), (323, 5), (340, 8), (352, 1), (356, 4), (357, 3), (365, 2), (369, 9), (372, 2), (373, 3), (374, 2), (375, 6), (378, 2), (383, 3), (384, 4), (385, 8), (392, 2), (404, 2), (406, 2), (414, 1), (421, 1), (426, 1), (429, 2), (433, 22), (441, 1), (442, 3), (454, 2), (455, 1), (461, 2), (469, 2), (500, 3), (502, 8), (507, 1), (510, 2), (511, 3), (513, 1), (514, 12), (518, 1), (521, 1), (525, 1), (526, 7), (528, 8), (529, 1), (531, 1), (541, 1), (545, 1), (547, 2), (548, 1), (550, 3), (555, 2), (558, 3), (561, 2), (565, 2), (579, 1), (581, 1), (590, 1), (591, 2), (592, 4), (596, 18), (616, 1), (618, 1), (619, 1), (638, 1), (644, 12), (647, 2), (657, 1), (672, 1), (674, 3), (678, 2), (692, 4), (693, 1), (702, 2), (714, 2), (717, 3), (718, 1), (720, 13), (722, 1), (731, 3), (735, 2), (737, 1), (739, 1), (741, 2), (753, 1), (756, 1), (761, 3), (769, 4), (786, 30), (788, 1), (798, 1), (799, 1), (800, 2), (802, 1), (811, 1), (815, 2), (824, 1), (825, 4), (826, 8), (828, 1), (829, 1), (830, 1), (845, 1), (846, 3), (853, 1), (855, 1), (858, 1), (860, 1), (874, 3), (877, 1), (896, 1), (904, 6), (912, 10), (913, 2), (914, 1), (920, 6), (927, 2), (943, 1), (946, 2), (956, 1), (975, 1), (976, 1), (983, 1), (987, 12), (988, 2), (991, 1), (993, 3), (997, 1), (1006, 16), (1018, 3), (1019, 1), (1020, 3), (1029, 1), (1038, 1), (1043, 1), (1044, 1), (1045, 3), (1048, 3), (1050, 3), (1058, 3), (1059, 3), (1063, 2), (1075, 5), (1076, 3), (1084, 1), (1087, 2), (1093, 1), (1103, 2), (1110, 1), (1114, 1), (1123, 1), (1124, 1), (1128, 6), (1132, 2), (1143, 1), (1150, 1), (1151, 4), (1156, 4), (1158, 4), (1167, 1), (1175, 4), (1181, 1), (1182, 1), (1185, 1), (1191, 1), (1192, 4), (1196, 1), (1202, 1), (1206, 10), (1216, 1), (1217, 4), (1219, 1), (1220, 10), (1227, 16), (1229, 1), (1239, 4), (1243, 1), (1248, 1), (1250, 12), (1273, 2), (1276, 5), (1280, 4), (1287, 1), (1298, 7), (1299, 1), (1301, 1), (1304, 2), (1319, 1), (1322, 4), (1328, 1), (1330, 3), (1346, 4), (1357, 2), (1364, 5), (1369, 13), (1373, 3), (1378, 4), (1381, 2), (1386, 4), (1388, 2), (1391, 6), (1393, 1), (1394, 1), (1400, 1), (1404, 6), (1406, 2), (1408, 1), (1413, 3), (1419, 1), (1420, 6), (1427, 1), (1428, 1), (1430, 1), (1434, 1), (1435, 6), (1445, 2), (1454, 3), (1458, 2), (1466, 1), (1468, 1), (1471, 1), (1475, 1), (1482, 1), (1483, 2), (1487, 5), (1490, 1), (1493, 1), (1496, 3), (1498, 3), (1506, 1), (1512, 1), (1513, 1), (1516, 8), (1520, 2), (1533, 1), (1543, 1), (1546, 3), (1547, 1), (1550, 4), (1552, 1), (1554, 2), (1555, 2), (1556, 1), (1558, 1), (1560, 1), (1561, 1), (1564, 1), (1566, 2), (1567, 1), (1571, 4), (1573, 4), (1579, 2), (1587, 2), (1588, 1), (1593, 1), (1597, 1), (1600, 1), (1608, 1), (1611, 1), (1612, 13), (1613, 1), (1617, 2), (1620, 2), (1621, 1), (1625, 1), (1626, 4), (1636, 1), (1640, 9), (1644, 1), (1646, 2), (1648, 2), (1657, 1), (1658, 1), (1661, 1), (1662, 1), (1669, 1), (1672, 2), (1674, 7), (1676, 2), (1681, 1), (1691, 32), (1692, 1), (1693, 6), (1700, 1), (1701, 2), (1704, 1), (1708, 1), (1709, 2), (1711, 1), (1718, 1), (1719, 1), (1725, 2), (1727, 3), (1728, 2), (1733, 12), (1738, 1), (1747, 1), (1749, 3), (1766, 1), (1775, 1), (1783, 4), (1789, 2), (1791, 1), (1792, 3), (1793, 1), (1796, 3), (1798, 1), (1799, 1), (1805, 4), (1806, 1), (1809, 2), (1816, 1), (1820, 3), (1821, 1), (1823, 1), (1824, 2), (1829, 2), (1830, 2), (1831, 1), (1832, 1), (1835, 2), (1837, 1), (1849, 2), (1854, 5), (1862, 1), (1869, 14), (1873, 1), (1875, 1), (1876, 3), (1885, 18), (1889, 2), (1891, 2), (1894, 3), (1902, 2), (1909, 1), (1910, 3), (1911, 3), (1913, 1), (1919, 1), (1921, 1), (1922, 1), (1923, 16), (1924, 2), (1925, 37), (1928, 1), (1938, 1), (1949, 2), (1956, 1), (1957, 8), (1959, 1), (1962, 4), (1964, 2), (1965, 2), (1969, 1), (1973, 1), (1976, 3), (1994, 1), (1995, 1), (2000, 1), (2005, 2), (2010, 1), (2048, 1), (2049, 3), (2052, 1), (2053, 2), (2054, 1), (2056, 1), (2058, 1), (2063, 3), (2080, 2), (2091, 2), (2094, 3), (2096, 1), (2104, 1), (2105, 3), (2110, 3), (2154, 18), (2157, 1), (2165, 3), (2166, 1), (2178, 1), (2179, 2), (2181, 3), (2186, 2), (2191, 1), (2192, 1), (2200, 2), (2201, 1), (2202, 14), (2208, 1), (2218, 1), (2220, 1), (2222, 1), (2224, 1), (2225, 1), (2231, 7), (2240, 1), (2241, 1), (2245, 1), (2251, 2), (2256, 5), (2263, 3), (2264, 4), (2270, 1), (2278, 4), (2281, 4), (2286, 2), (2288, 6), (2289, 3), (2294, 1), (2295, 2), (2304, 6), (2305, 1), (2311, 2), (2315, 2), (2320, 1), (2322, 1), (2329, 1), (2332, 1), (2335, 3), (2337, 11), (2339, 1), (2341, 2), (2347, 1), (2355, 6), (2356, 2), (2360, 3), (2367, 7), (2373, 12), (2377, 1), (2379, 7), (2381, 1), (2384, 4), (2390, 3), (2391, 2), (2394, 5), (2397, 1), (2402, 3), (2405, 1), (2408, 1), (2410, 1), (2412, 2), (2419, 1), (2422, 1), (2423, 1), (2430, 2), (2435, 1), (2438, 1), (2444, 1), (2447, 2), (2454, 6), (2458, 1), (2466, 8), (2467, 1), (2474, 3), (2477, 8), (2484, 1), (2494, 1), (2497, 2), (2504, 1), (2513, 1), (2516, 1), (2521, 1), (2523, 4), (2526, 8), (2537, 4), (2541, 2), (2553, 2), (2556, 4), (2563, 1), (2565, 6), (2566, 1), (2571, 1), (2576, 1), (2591, 10), (2592, 2), (2593, 1), (2599, 8), (2607, 1), (2612, 2), (2614, 4), (2616, 2), (2620, 2), (2622, 18), (2624, 1), (2627, 1), (2632, 1), (2634, 2), (2641, 2), (2644, 1), (2646, 1), (2649, 4), (2660, 4), (2664, 1), (2665, 1), (2666, 1), (2667, 1), (2669, 1), (2675, 1), (2676, 3), (2677, 1), (2683, 5), (2685, 1), (2686, 1), (2687, 1), (2688, 1), (2691, 2), (2692, 3), (2699, 1), (2705, 1), (2710, 1), (2714, 1), (2717, 1), (2720, 1), (2723, 1), (2734, 1), (2735, 2), (2737, 1), (2744, 1), (2745, 4), (2749, 2), (2754, 39), (2760, 3), (2767, 5), (2780, 4), (2790, 3), (2799, 3), (2801, 1), (2804, 1), (2808, 1), (2809, 1), (2810, 1), (2811, 18), (2821, 1), (2822, 1), (2827, 2), (2831, 3), (2832, 2), (2855, 2), (2862, 1), (2864, 19), (2865, 2), (2868, 2), (2872, 2), (2875, 2), (2878, 1), (2884, 1), (2892, 22), (2896, 1), (2899, 2), (2900, 2), (2906, 1), (2907, 2), (2920, 2), (2925, 3), (2930, 2), (2935, 2), (2941, 1), (2943, 1), (2944, 5), (2945, 10), (2953, 1), (2960, 1), (2961, 2), (2964, 1), (2971, 3), (2976, 1), (2977, 4), (2981, 3), (2984, 2), (2991, 13), (2994, 24), (2995, 1), (3009, 1), (3011, 15), (3017, 2), (3018, 2), (3020, 1), (3025, 1), (3034, 1), (3040, 1), (3051, 4), (3052, 4), (3056, 1), (3059, 2), (3064, 3), (3076, 7), (3077, 2), (3081, 1), (3084, 6), (3101, 4), (3109, 2), (3119, 3), (3122, 2), (3129, 3), (3131, 2), (3132, 7), (3133, 2), (3135, 2), (3138, 3), (3148, 2), (3156, 1), (3163, 8), (3167, 1), (3173, 2), (3175, 2), (3177, 2), (3178, 1), (3179, 1), (3186, 1), (3190, 2), (3200, 1), (3207, 1), (3216, 6), (3223, 7), (3230, 1), (3235, 2), (3242, 2), (3249, 1), (3256, 2), (3258, 7), (3260, 2), (3270, 1), (3272, 4), (3282, 6), (3286, 1), (3289, 1), (3291, 5), (3292, 3), (3300, 1), (3310, 2), (3312, 1), (3315, 1), (3327, 6), (3333, 6), (3334, 15), (3335, 7), (3337, 3), (3339, 1), (3341, 1), (3343, 2), (3350, 1), (3356, 1), (3363, 8), (3374, 1), (3376, 2), (3408, 1), (3410, 1), (3413, 2), (3419, 1), (3420, 3), (3424, 1), (3427, 6), (3428, 1), (3429, 4), (3432, 3), (3438, 1), (3448, 4), (3463, 3), (3485, 1), (3487, 2), (3490, 1), (3506, 1), (3510, 1), (3512, 3), (3519, 1), (3521, 1), (3526, 2), (3529, 2), (3530, 1), (3535, 12), (3545, 2), (3558, 4), (3561, 5), (3565, 3), (3581, 1), (3594, 1), (3601, 8), (3607, 1), (3608, 1), (3615, 2), (3617, 2), (3618, 1), (3619, 1), (3620, 1), (3621, 1), (3624, 1), (3626, 2), (3629, 1), (3630, 2), (3635, 1), (3645, 1), (3646, 6), (3650, 2), (3654, 3), (3667, 8), (3668, 1), (3672, 1), (3700, 2), (3705, 10), (3713, 1), (3731, 2), (3734, 1), (3738, 1), (3739, 2), (3740, 5), (3745, 2), (3746, 4), (3747, 3), (3749, 6), (3750, 108), (3758, 6), (3761, 6), (3762, 1), (3766, 6), (3770, 3), (3774, 6), (3775, 4), (3779, 3), (3780, 2), (3787, 1), (3797, 4), (3799, 14), (3803, 3), (3811, 1), (3813, 5), (3815, 12), (3821, 2), (3822, 1), (3833, 11), (3840, 1), (3845, 1), (3854, 6), (3856, 4), (3862, 1), (3869, 2), (3879, 5), (3882, 2), (3884, 4), (3886, 1), (3889, 1), (3907, 4), (3913, 4), (3917, 4), (3918, 2), (3919, 1), (3927, 1), (3928, 2), (3933, 1), (3937, 2), (3939, 1), (3944, 38), (3956, 1), (3963, 3), (3964, 1), (3968, 1), (3971, 5), (3974, 1), (3993, 9), (3999, 3), (4012, 3), (4019, 1), (4023, 1), (4026, 2), (4027, 1), (4031, 5), (4036, 7), (4042, 2), (4043, 2), (4050, 2), (4051, 4), (4053, 2), (4063, 2), (4072, 2), (4075, 2), (4077, 2), (4078, 1), (4079, 1), (4091, 3), (4093, 1), (4095, 1), (4097, 2), (4100, 1), (4105, 1), (4113, 4), (4128, 3), (4133, 1), (4145, 2), (4159, 1), (4168, 1), (4173, 4), (4177, 1), (4190, 8), (4194, 1), (4196, 2), (4214, 7), (4218, 1), (4222, 1), (4228, 2), (4231, 1), (4234, 2), (4235, 1), (4237, 1), (4244, 2), (4248, 6), (4256, 1), (4259, 1), (4274, 2), (4278, 1), (4280, 16), (4292, 8), (4298, 12), (4305, 2), (4316, 1), (4317, 6), (4327, 3), (4337, 2), (4340, 5), (4354, 3), (4366, 2), (4370, 1), (4381, 6), (4393, 5), (4396, 1), (4397, 8), (4398, 1), (4402, 2), (4404, 1), (4414, 11), (4417, 1), (4422, 2), (4426, 3), (4436, 1), (4446, 4), (4447, 1), (4449, 7), (4452, 8), (4457, 16), (4459, 1), (4460, 3), (4476, 4), (4477, 1), (4485, 3), (4497, 9), (4499, 1), (4500, 8), (4503, 1), (4506, 3), (4523, 6), (4530, 8), (4533, 1), (4552, 5), (4554, 7), (4561, 1), (4575, 3), (4577, 1), (4581, 1), (4593, 7), (4601, 1), (4603, 2), (4604, 1), (4609, 2), (4611, 1), (4616, 6), (4622, 1), (4637, 16), (4639, 2), (4646, 1), (4662, 1), (4667, 1), (4669, 1), (4672, 2), (4676, 1), (4679, 1), (4680, 1), (4682, 3), (4683, 1), (4689, 2), (4698, 2), (4707, 2), (4720, 4), (4723, 3), (4727, 2), (4731, 1), (4736, 21), (4745, 5), (4751, 1), (4754, 1), (4766, 2), (4767, 4), (4773, 1), (4779, 4), (4788, 2), (4789, 7), (4792, 1), (4793, 1), (4798, 1), (4802, 11), (4805, 1), (4810, 3), (4822, 2), (4824, 1), (4825, 2), (4829, 1), (4830, 1), (4845, 2), (4872, 1), (4889, 3), (4892, 1), (4902, 2), (4904, 1), (4905, 1), (4907, 1), (4911, 34), (4913, 8), (4947, 2), (4956, 3), (4957, 5), (4960, 6), (4963, 1), (4964, 3), (4965, 1), (4971, 1), (4982, 1), (4988, 12), (4995, 3)
keeper (DF: 4): (215, 2), (3413, 1), (3485, 1), (3907, 2)
keepin (DF: 30): (2, 1), (103, 1), (155, 3), (237, 1), (589, 1), (622, 1), (1155, 1), (1313, 1), (1344, 1), (1587, 6), (1705, 1), (1790, 1), (1837, 1), (1977, 2), (2235, 1), (2333, 2), (2390, 12), (2607, 1), (2636, 1), (2855, 1), (3420, 1), (3625, 2), (3750, 12), (4127, 1), (4299, 20), (4581, 2), (4620, 1), (4766, 1), (4795, 2), (4878, 1)
keepsak (DF: 1): (223, 1)
keer (DF: 4): (812, 1), (2260, 1), (4256, 1), (4665, 1)
keertj (DF: 1): (4297, 1)
keet (DF: 1): (4985, 1)
keev (DF: 1): (1474, 2)
keezhadi (DF: 1): (3471, 1)
keg (DF: 19): (66, 1), (482, 1), (721, 1), (1387, 1), (1858, 1), (1872, 1), (1957, 1), (2568, 1), (2701, 1), (2830, 1), (2853, 1), (3042, 1), (3178, 1), (3436, 1), (3488, 1), (3704, 1), (3974, 1), (4537, 1), (4730, 1)
keha (DF: 1): (4421, 1)
kehlani (DF: 3): (1448, 3), (3079, 4), (3089, 1)
kehna (DF: 1): (1834, 1)
kehnd (DF: 1): (4421, 3)
kehni (DF: 1): (2268, 4)
kehrseit (DF: 1): (778, 1)
kein (DF: 1): (2637, 2)
keith (DF: 10): (100, 2), (909, 1), (1145, 3), (1454, 1), (1880, 1), (2011, 2), (2865, 1), (3310, 1), (3705, 2), (4925, 2)
keityn (DF: 2): (4300, 3), (4594, 3)
keke (DF: 1): (2527, 1)
kel (DF: 1): (4003, 1)
keli (DF: 3): (1342, 2), (2482, 1), (4613, 1)
kell (DF: 6): (110, 2), (1319, 2), (1402, 1), (3048, 1), (3381, 1), (3521, 2)
kelli (DF: 20): (181, 1), (318, 2), (613, 1), (737, 1), (856, 1), (1287, 1), (1319, 1), (1391, 3), (1402, 1), (1466, 3), (1566, 1), (1661, 1), (2472, 1), (2939, 1), (3834, 1), (4008, 1), (4733, 1), (4920, 1), (4937, 1), (4941, 1)
kellin (DF: 1): (4196, 2)
kellogg (DF: 1): (4890, 1)
kelmitt (DF: 1): (2336, 2)
keloid (DF: 1): (270, 1)
kelok (DF: 1): (4651, 1)
kelow (DF: 1): (1296, 1)
kelsea (DF: 1): (2570, 1)
kelvis (DF: 1): (4423, 2)
kemando (DF: 1): (3902, 1)
kembot (DF: 1): (4815, 1)
kemo (DF: 1): (3902, 3)
kemp (DF: 3): (973, 1), (1493, 2), (3922, 1)
ken (DF: 6): (930, 1), (1370, 1), (3216, 1), (4044, 1), (4408, 1), (4707, 1)
kenan (DF: 1): (696, 1)
kenansvill (DF: 1): (80, 1)
kend (DF: 2): (4081, 1), (4421, 1)
kendal (DF: 3): (2177, 1), (2359, 4), (3589, 1)
kendall (DF: 1): (4989, 1)
kender (DF: 2): (229, 1), (3527, 1)
kendra (DF: 2): (3563, 1), (4955, 1)
kendrick (DF: 5): (616, 2), (693, 1), (1972, 2), (3075, 1), (4420, 1)
kenn (DF: 13): (151, 1), (681, 1), (1616, 3), (2100, 4), (2328, 1), (2463, 1), (3108, 1), (3123, 1), (3849, 1), (3962, 2), (4318, 1), (4743, 1), (4816, 1)
kennedi (DF: 9): (650, 1), (693, 1), (699, 1), (808, 1), (947, 1), (1462, 1), (2858, 1), (2943, 1), (4962, 1)
kennel (DF: 1): (436, 2)
kennen (DF: 1): (1432, 1)
kenni (DF: 10): (259, 1), (647, 1), (1188, 1), (2519, 1), (2649, 1), (3075, 1), (3733, 1), (3850, 1), (4829, 1), (4856, 1)
kennoly (DF: 1): (910, 1)
kennt (DF: 4): (397, 1), (1845, 1), (3123, 4), (3962, 1)
keno (DF: 1): (234, 2)
kensal (DF: 1): (3234, 2)
kensel (DF: 1): (14, 1)
kent (DF: 1): (4607, 1)
