flytilstand (DF: 1): (3591, 4)
flyvend (DF: 1): (4425, 1)
flyver (DF: 1): (3591, 3)
fm (DF: 3): (435, 1), (4008, 1), (4664, 1)
fmk (DF: 1): (3211, 1)
fn (DF: 2): (3383, 1), (4497, 3)
fntxy (DF: 1): (3603, 1)
fo (DF: 36): (33, 4), (109, 45), (153, 2), (221, 4), (255, 1), (430, 3), (441, 1), (684, 1), (693, 1), (800, 2), (802, 2), (952, 1), (1717, 2), (2014, 3), (2104, 3), (2143, 1), (2733, 1), (3009, 1), (3068, 2), (3180, 4), (3428, 1), (3525, 36), (3594, 1), (3624, 2), (3652, 1), (3924, 2), (4028, 1), (4091, 1), (4185, 1), (4501, 1), (4525, 2), (4547, 1), (4669, 5), (4731, 2), (4784, 3), (4956, 1)
foam (DF: 2): (40, 1), (1732, 1)
foamin (DF: 2): (535, 2), (2378, 1)
foamposit (DF: 2): (2218, 1), (4552, 1)
fobi (DF: 2): (1197, 2), (4361, 1)
focaliz (DF: 1): (2792, 1)
fock (DF: 1): (4849, 1)
foco (DF: 2): (2711, 1), (4357, 1)
focus (DF: 45): (273, 4), (339, 1), (365, 2), (380, 1), (405, 1), (574, 1), (740, 1), (1050, 1), (1185, 3), (1302, 2), (1344, 1), (1364, 1), (1505, 2), (1849, 1), (1855, 1), (1894, 1), (1990, 1), (1996, 1), (2014, 3), (2075, 2), (2123, 1), (2231, 1), (2298, 2), (2322, 1), (2326, 1), (2532, 1), (2548, 6), (2559, 1), (2667, 1), (3121, 2), (3182, 1), (3374, 1), (3485, 1), (3584, 2), (3727, 1), (3750, 24), (3753, 1), (3822, 1), (3960, 1), (4370, 1), (4372, 2), (4491, 2), (4494, 3), (4523, 1), (4990, 1)
focuss (DF: 2): (2105, 1), (3748, 1)
foda (DF: 5): (1659, 1), (1979, 1), (2711, 1), (3467, 2), (4167, 1)
fodder (DF: 1): (311, 1)
fode (DF: 1): (3353, 1)
fodget (DF: 1): (4650, 2)
fodlænk (DF: 1): (2759, 1)
foe (DF: 9): (324, 1), (1829, 1), (2607, 1), (2991, 1), (3594, 1), (3864, 1), (3940, 1), (4303, 2), (4690, 1)
foenem (DF: 1): (222, 2)
fofan (DF: 1): (34, 1)
fofoca (DF: 2): (3007, 2), (3215, 1)
fog (DF: 10): (336, 1), (735, 2), (2666, 1), (2823, 1), (3018, 2), (3136, 2), (3458, 1), (3505, 2), (4091, 1), (4885, 1)
fogat (DF: 1): (4790, 1)
fogerti (DF: 2): (251, 1), (453, 1)
foggi (DF: 2): (735, 2), (3121, 2)
foggin (DF: 1): (1402, 4)
fogo (DF: 3): (1979, 4), (2242, 1), (3305, 2)
fogon (DF: 2): (1027, 1), (3090, 1)
foi (DF: 8): (1183, 1), (2651, 10), (2680, 1), (2986, 10), (3497, 6), (3838, 1), (4167, 3), (4357, 9)
foil (DF: 2): (405, 1), (434, 1)
fois (DF: 3): (349, 4), (3213, 1), (4308, 1)
fokus (DF: 2): (2328, 1), (3048, 1)
fol (DF: 1): (4197, 1)
folarin (DF: 2): (3628, 1), (3991, 1)
fold (DF: 32): (26, 3), (52, 1), (408, 1), (535, 2), (600, 1), (737, 1), (920, 10), (1230, 1), (1672, 1), (1674, 1), (1707, 1), (1775, 1), (1844, 1), (1849, 1), (1896, 3), (2101, 2), (2208, 1), (2263, 1), (2357, 1), (2563, 1), (3201, 1), (3511, 1), (3814, 3), (3822, 1), (4103, 1), (4222, 1), (4226, 1), (4407, 1), (4836, 2), (4941, 1), (4466, 1), (4468, 1)
folder (DF: 1): (1223, 1)
foldin (DF: 2): (2494, 1), (4533, 1)
folg (DF: 3): (246, 1), (437, 1), (3067, 1)
folger (DF: 2): (1219, 1), (4261, 1)
foli (DF: 1): (2967, 1)
foliert (DF: 1): (3067, 1)
folk (DF: 44): (72, 1), (251, 3), (275, 1), (376, 1), (692, 2), (802, 1), (928, 1), (1011, 2), (1086, 1), (1152, 1), (1166, 3), (1351, 2), (1473, 1), (1674, 1), (1692, 1), (1699, 1), (1708, 2), (2152, 1), (2220, 1), (2251, 1), (2299, 1), (2423, 1), (2679, 1), (2687, 1), (2927, 1), (3052, 2), (3474, 2), (3591, 1), (3597, 2), (3624, 1), (3707, 2), (3811, 1), (3813, 1), (3941, 1), (3995, 1), (4165, 1), (4329, 1), (4632, 2), (4634, 2), (4669, 1), (4766, 2), (4787, 1), (4844, 4), (4991, 1)
folklor (DF: 1): (1825, 2)
foll (DF: 3): (480, 1), (3210, 1), (4752, 1)
folli (DF: 1): (4884, 4)
follow (DF: 86): (4, 1), (26, 3), (42, 6), (96, 2), (102, 3), (104, 1), (148, 2), (205, 1), (289, 1), (315, 27), (337, 1), (348, 1), (407, 1), (418, 1), (436, 2), (532, 2), (547, 1), (558, 1), (563, 2), (581, 1), (593, 1), (616, 2), (633, 1), (638, 1), (660, 1), (699, 1), (767, 12), (789, 1), (925, 1), (964, 1), (969, 1), (1050, 1), (1122, 1), (1129, 2), (1204, 1), (1240, 1), (1243, 3), (1296, 1), (1299, 1), (1303, 5), (1326, 1), (1329, 1), (1374, 6), (1378, 12), (1439, 1), (1466, 1), (1482, 2), (1490, 1), (1513, 1), (1588, 1), (1629, 1), (1670, 1), (1690, 1), (1694, 1), (1704, 1), (1726, 1), (1782, 1), (1804, 1), (1820, 1), (1853, 4), (1871, 1), (1875, 1), (1894, 1), (1908, 3), (1910, 1), (1945, 11), (1956, 2), (1977, 3), (1986, 1), (1989, 1), (1994, 1), (2068, 2), (2094, 2), (2143, 8), (2147, 2), (2186, 1), (2241, 1), (2350, 1), (2419, 1), (2432, 1), (2452, 2), (2472, 1), (2497, 1), (2537, 1), (2578, 3), (2592, 1)
