scheint (DF: 2): (681, 1), (4816, 1)
scheiss (DF: 22): (151, 5), (246, 1), (397, 1), (484, 1), (493, 2), (681, 1), (778, 3), (880, 1), (1583, 2), (1715, 3), (2100, 4), (2328, 6), (2376, 1), (2637, 2), (3123, 1), (3462, 1), (3466, 2), (3480, 1), (3570, 1), (3984, 5), (4004, 1), (4387, 1)
schell (DF: 3): (778, 1), (1736, 1), (2194, 1)
schellt (DF: 1): (2194, 1)
schema (DF: 3): (407, 1), (2535, 1), (2594, 2)
schemacid (DF: 1): (407, 2)
schemaposs (DF: 1): (1114, 1)
scheme (DF: 23): (469, 1), (471, 1), (802, 1), (825, 1), (1513, 1), (1560, 2), (1594, 1), (1936, 1), (2143, 1), (2294, 1), (2578, 1), (2594, 1), (2636, 1), (2723, 1), (2797, 2), (3225, 1), (3253, 1), (3288, 1), (3300, 1), (3559, 2), (3658, 1), (4027, 3), (4701, 3)
schemin (DF: 14): (2, 2), (121, 1), (237, 2), (372, 1), (622, 2), (1114, 1), (1276, 1), (1410, 7), (1705, 2), (1809, 1), (2004, 1), (2028, 1), (4634, 1), (4878, 2)
schenk (DF: 1): (1771, 3)
scherm (DF: 1): (2567, 1)
scherz (DF: 2): (2518, 1), (3381, 1)
schewtschenko (DF: 1): (3437, 1)
schi (DF: 1): (3216, 1)
schick (DF: 3): (2100, 1), (4192, 1), (4318, 1)
schickimicki (DF: 1): (493, 1)
schicksal (DF: 3): (397, 2), (484, 1), (4318, 1)
schieb (DF: 6): (246, 1), (681, 1), (2194, 1), (2574, 1), (3570, 1), (3962, 1)
schiebedach (DF: 1): (3067, 1)
schiedsricht (DF: 1): (2637, 1)
schien (DF: 2): (198, 1), (2881, 1)
schiess (DF: 11): (151, 3), (483, 1), (778, 1), (1238, 1), (1654, 1), (2170, 1), (2328, 1), (3067, 1), (3462, 1), (4004, 1), (4743, 1)
schiessstand (DF: 1): (4004, 1)
schiesst (DF: 2): (1238, 3), (3437, 1)
schif (DF: 1): (524, 1)
schijnheilig (DF: 1): (4849, 1)
schijt (DF: 2): (3748, 6), (4849, 1)
schillaci (DF: 1): (4795, 1)
schimmernd (DF: 1): (3599, 2)
schizo (DF: 1): (4887, 1)
schizophren (DF: 1): (4547, 1)
schizz (DF: 1): (1010, 1)
schlacht (DF: 2): (493, 1), (2194, 1)
schlaf (DF: 7): (484, 2), (493, 1), (1583, 1), (1771, 5), (2050, 1), (3466, 1), (3849, 3)
schlafzimm (DF: 1): (4318, 1)
schlag (DF: 4): (1238, 1), (1484, 1), (3462, 4), (3849, 1)
schlagt (DF: 1): (3932, 1)
schlagzeil (DF: 1): (2170, 1)
schlamp (DF: 2): (1736, 1), (3984, 1)
schlang (DF: 2): (1771, 1), (2376, 1)
schlau (DF: 2): (2100, 1), (2328, 1)
schlauchboot (DF: 1): (246, 1)
schlecht (DF: 2): (2328, 1), (3123, 1)
schleicht (DF: 1): (4816, 4)
schliess (DF: 1): (3962, 4)
schliesst (DF: 1): (1238, 3)
schlimm (DF: 1): (198, 1)
schlitt (DF: 1): (2100, 1)
schlitzohr (DF: 1): (2376, 1)
schluck (DF: 2): (493, 1), (1845, 1)
schluha (DF: 2): (681, 2), (4004, 1)
schluhas (DF: 1): (681, 2)
schlund (DF: 1): (3984, 1)
schlupf (DF: 1): (4816, 1)
schlupft (DF: 1): (4816, 1)
schluss (DF: 1): (2729, 1)
schmeckt (DF: 1): (778, 12)
schmeiss (DF: 1): (2463, 1)
schmerz (DF: 1): (3212, 1)
schmier (DF: 3): (246, 1), (2881, 1), (3048, 1)
schmiert (DF: 1): (1616, 1)
schmilsson (DF: 1): (79, 1)
schmit (DF: 1): (676, 1)
schmitt (DF: 1): (4578, 1)
schmuck (DF: 3): (642, 1), (2463, 1), (3462, 1)
schmuggel (DF: 1): (1218, 1)
schmutzig (DF: 1): (2328, 1)
schnack (DF: 1): (198, 1)
schnapp (DF: 11): (493, 1), (778, 5), (1177, 6), (1238, 1), (1583, 4), (2376, 1), (2881, 9), (3108, 1), (3381, 1), (3962, 1), (4318, 1)
schnappt (DF: 1): (3437, 2)
schneck (DF: 1): (3048, 1)
schnee (DF: 3): (1218, 1), (3067, 3), (4743, 1)
schneeweiss (DF: 1): (4387, 1)
schnell (DF: 11): (397, 1), (681, 1), (778, 2), (1238, 2), (2376, 1), (2574, 3), (3108, 4), (3381, 1), (3437, 2), (3480, 1), (3932, 3)
schnouf (DF: 1): (676, 2)
schnuff (DF: 1): (3962, 1)
schnupfnas (DF: 1): (1583, 1)
schock (DF: 1): (2050, 1)
schoen (DF: 1): (4297, 1)
scholar (DF: 1): (563, 1)
scholarship (DF: 4): (235, 1), (2263, 1), (3244, 1), (3371, 1)
schon (DF: 17): (483, 1), (880, 1), (1583, 2), (1654, 1), (1771, 1), (1845, 1), (2328, 2), (2376, 1), (2496, 6), (2535, 1), (3067, 1), (3123, 1), (3212, 1), (3437, 2), (4004, 1), (4192, 1), (4318, 1)
schonheit (DF: 1): (1758, 1)
school (DF: 160): (51, 1), (52, 1), (72, 1), (80, 1), (121, 1), (132, 1), (172, 2), (181, 1), (183, 2), (210, 1), (363, 2), (441, 1), (469, 1), (536, 1), (574, 1), (616, 1), (658, 1), (664, 1), (777, 2), (800, 2), (819, 1), (841, 1), (915, 1), (925, 1), (975, 2), (988, 1), (1021, 1), (1049, 1), (1124, 1), (1223, 1), (1304, 1), (1319, 1), (1334, 2), (1336, 1), (1349, 1), (1388, 3), (1447, 1), (1454, 1), (1511, 1), (1548, 1), (1555, 1), (1559, 2), (1606, 1), (1623, 3), (1626, 2), (1639, 1), (1710, 1), (1717, 1), (1741, 1), (1760, 1), (1784, 1), (1871, 1), (1872, 1), (1899, 1), (1913, 1), (1919, 1), (1920, 5), (1926, 1), (1990, 1), (2000, 1), (2116, 1), (2154, 2), (2167, 1), (2177, 1), (2178, 2), (2186, 1), (2220, 1), (2232, 1), (2245, 1), (2251, 1), (2254, 1), (2270, 1), (2294, 1), (2344, 1), (2352, 1), (2359, 2), (2365, 1), (2464, 2), (2493, 1), (2510, 1), (2563, 2), (2565, 1), (2566, 2), (2568, 1), (2588, 1), (2618, 1), (2708, 1), (2735, 1), (2825, 2), (2835, 2), (2867, 1), (2892, 1), (2896, 3), (2927, 1), (2964, 1), (3021, 1), (3075, 1), (3091, 1), (3098, 1), (3100, 1), (3129, 1), (3152, 1), (3206, 1), (3273, 2), (3330, 2), (3424, 1), (3441, 1), (3484, 1), (3498, 1), (3510, 1), (3535, 2), (3541, 1), (3547, 1), (3578, 1), (3581, 1), (3601, 4), (3704, 1), (3741, 1), (3767, 1), (3790, 1), (3803, 1), (3848, 2), (3867, 1), (3917, 1), (4020, 1), (4030, 2), (4051, 2), (4069, 1), (4082, 1), (4109, 1), (4182, 1), (4226, 1), (4229, 2), (4250, 2), (4261, 1), (4303, 1), (4308, 1), (4325, 1), (4339, 1), (4341, 1), (4345, 2), (4355, 2), (4449, 1), (4572, 1), (4576, 3), (4654, 1), (4668, 4), (4681, 2), (4684, 1), (4720, 2), (4762, 1), (4831, 1), (4866, 1), (4872, 1), (4889, 1), (4907, 1), (4937, 2), (4942, 1), (4959, 1), (4962, 2)
schoolboy (DF: 4): (1399, 1), (2322, 1), (2940, 1), (4360, 1)
schoolhous (DF: 1): (3900, 1)
schoolin (DF: 1): (912, 2)
schoolyard (DF: 2): (2692, 1), (3485, 1)
schoot (DF: 1): (3864, 1)
schop (DF: 1): (4297, 1)
schottenheim (DF: 1): (1157, 1)
schrank (DF: 2): (483, 1), (1654, 1)
schraub (DF: 1): (4318, 1)
schreeuwen (DF: 1): (852, 1)
schrei (DF: 2): (151, 1), (2496, 7)
schreib (DF: 7): (397, 2), (1715, 1), (1758, 1), (2729, 1), (3123, 1), (3466, 1), (4876, 5)
schreibt (DF: 2): (1616, 1), (4816, 1)
schreibtischjob (DF: 1): (4124, 1)
schreien (DF: 1): (2535, 1)
