wozu (DF: 1): (4124, 1)
wp (DF: 1): (4761, 1)
wpad (DF: 2): (4761, 7), (4914, 4)
wra (DF: 1): (250, 4)
wraca (DF: 1): (1655, 1)
wrack (DF: 1): (2829, 1)
wraith (DF: 9): (440, 3), (528, 1), (536, 1), (2254, 1), (2270, 2), (2801, 1), (3628, 1), (3826, 2), (4941, 1)
wrangler (DF: 1): (2045, 1)
wrap (DF: 81): (35, 1), (101, 1), (211, 1), (338, 1), (383, 1), (564, 2), (668, 1), (789, 1), (847, 8), (922, 1), (988, 1), (1084, 1), (1087, 1), (1088, 2), (1256, 1), (1287, 1), (1347, 1), (1396, 1), (1458, 1), (1511, 3), (1526, 2), (1620, 1), (1656, 1), (1674, 1), (1874, 1), (1897, 1), (1904, 1), (1969, 6), (2084, 4), (2291, 1), (2393, 1), (2408, 4), (2449, 2), (2470, 1), (2525, 1), (2605, 1), (2634, 1), (2658, 2), (2696, 2), (2790, 2), (2854, 2), (2965, 2), (3134, 3), (3148, 1), (3184, 1), (3200, 1), (3262, 4), (3283, 1), (3287, 1), (3300, 1), (3321, 1), (3388, 1), (3428, 2), (3447, 2), (3525, 9), (3799, 8), (3812, 2), (3814, 6), (3982, 3), (4048, 3), (4073, 6), (4078, 1), (4165, 1), (4191, 2), (4221, 2), (4229, 4), (4242, 1), (4268, 4), (4345, 2), (4398, 1), (4427, 1), (4477, 7), (4585, 1), (4586, 3), (4596, 1), (4641, 1), (4713, 3), (4901, 1), (4955, 1), (4960, 3), (4982, 1)
wrappa (DF: 1): (1674, 4)
wrapper (DF: 3): (1674, 1), (1972, 1), (4431, 16)
wrappin (DF: 1): (1552, 1)
wrath (DF: 8): (121, 1), (879, 1), (1129, 1), (1216, 1), (2804, 1), (3194, 1), (3288, 1), (4199, 1)
wreak (DF: 1): (4622, 1)
wreakin (DF: 1): (2746, 1)
wreck (DF: 49): (204, 1), (270, 1), (306, 1), (574, 1), (777, 1), (819, 1), (1124, 1), (1135, 1), (1154, 1), (1188, 1), (1388, 1), (1587, 2), (1605, 4), (1693, 18), (1725, 4), (1820, 1), (1911, 2), (2112, 1), (2156, 1), (2677, 1), (2745, 12), (2851, 1), (2894, 2), (2962, 1), (3407, 2), (3408, 2), (3412, 2), (3573, 1), (3579, 3), (3581, 1), (3589, 1), (3601, 2), (3704, 1), (3803, 1), (3910, 2), (3949, 3), (4051, 1), (4118, 2), (4206, 2), (4208, 1), (4407, 2), (4486, 1), (4495, 1), (4720, 1), (4937, 1), (4947, 1), (4971, 1), (361, 1), (363, 1)
wreckag (DF: 2): (1732, 1), (4389, 1)
wrecker (DF: 1): (449, 1)
wreckin (DF: 4): (1036, 1), (2211, 3), (3019, 1), (4025, 1)
wreckless (DF: 1): (1296, 3)
wreckon (DF: 1): (4877, 2)
wreckx (DF: 1): (449, 2)
wrench (DF: 1): (2423, 1)
wrestl (DF: 4): (192, 2), (3183, 1), (4100, 1), (4596, 1)
wrestler (DF: 1): (4122, 1)
wretch (DF: 2): (879, 1), (4648, 1)
wrice (DF: 1): (3926, 1)
wright (DF: 5): (62, 1), (1276, 1), (1483, 2), (2423, 1), (4689, 2)
wringin (DF: 1): (2946, 1)
wrinkl (DF: 7): (134, 2), (1581, 1), (1985, 1), (2060, 1), (2586, 2), (3216, 1), (4145, 2)
wrist (DF: 70): (70, 1), (179, 1), (221, 1), (222, 1), (350, 1), (357, 2), (405, 1), (469, 1), (618, 1), (658, 1), (825, 1), (862, 1), (1028, 1), (1036, 7), (1135, 1), (1336, 2), (1430, 1), (1463, 5), (1473, 1), (1497, 1), (1556, 6), (1674, 1), (1688, 1), (1805, 1), (1896, 1), (1997, 1), (2052, 1), (2091, 2), (2116, 2), (2177, 1), (2251, 1), (2256, 1), (2467, 2), (2511, 2), (2527, 1), (2596, 2), (2636, 1), (2650, 1), (2746, 1), (2865, 1), (2991, 1), (3037, 1), (3100, 1), (3144, 4), (3170, 1), (3294, 1), (3310, 1), (3408, 1), (3487, 1), (3502, 1), (3628, 1), (3745, 1), (3867, 2), (3993, 6), (4091, 1), (4121, 2), (4129, 3), (4150, 2), (4255, 1), (4339, 1), (4410, 15), (4481, 2), (4552, 3), (4700, 1), (4712, 2), (4827, 1), (4833, 1), (4897, 1), (2522, 2), (2523, 1)
write (DF: 98): (11, 1), (40, 1), (65, 1), (74, 2), (129, 1), (379, 1), (381, 1), (471, 1), (494, 1), (582, 6), (686, 2), (693, 2), (710, 1), (740, 1), (757, 1), (771, 1), (803, 1), (819, 1), (1164, 2), (1170, 12), (1181, 1), (1250, 1), (1297, 1), (1331, 1), (1358, 6), (1455, 1), (1469, 1), (1517, 12), (1548, 1), (1621, 1), (1643, 1), (1663, 1), (1757, 1), (1772, 18), (1820, 2), (1872, 1), (2072, 1), (2089, 2), (2109, 3), (2134, 1), (2167, 1), (2220, 1), (2312, 1), (2411, 1), (2415, 1), (2471, 2), (2495, 2), (2497, 1), (2522, 4), (2524, 1), (2550, 4), (2559, 1), (2568, 1), (2584, 1), (2591, 4), (2614, 1), (2797, 1), (2880, 1), (2985, 6), (3034, 1), (3044, 1), (3089, 2), (3161, 1), (3164, 1), (3167, 1), (3201, 1), (3234, 2), (3335, 1), (3374, 3), (3448, 14), (3482, 3), (3484, 1), (3521, 1), (3602, 1), (3741, 1), (3827, 2), (3833, 1), (3855, 2), (3937, 4), (4059, 1), (4101, 1), (4112, 1), (4222, 2), (4223, 2), (4254, 5), (4327, 1), (4337, 6), (4397, 4), (4401, 1), (4481, 1), (4490, 2), (4547, 1), (4575, 1), (4681, 1), (4726, 1), (4762, 1), (4866, 1), (4931, 1)
writer (DF: 8): (1638, 1), (2031, 1), (2356, 1), (2499, 1), (2998, 4), (4298, 1), (4420, 1), (4641, 1)
writin (DF: 5): (2320, 1), (2399, 1), (3117, 1), (3811, 2), (4844, 1)
