tryna (DF: 12): (2649, 3), (2650, 1), (2776, 2), (2778, 1), (3383, 1), (3384, 4), (3680, 1), (3681, 4), (4027, 3), (4028, 1), (4187, 6), (4188, 1)
trynna (DF: 3): (808, 4), (2723, 2), (4435, 1)
tryst (DF: 1): (3179, 1)
trzaskaj (DF: 1): (4914, 4)
trze (DF: 1): (1197, 1)
trzeba (DF: 1): (4582, 6)
trzeci (DF: 1): (1825, 2)
trzi (DF: 1): (4358, 1)
trzyma (DF: 1): (1918, 1)
trzymam (DF: 1): (4405, 2)
träden (DF: 1): (2152, 1)
três (DF: 1): (2651, 2)
ts (DF: 6): (444, 5), (1498, 3), (1671, 1), (2644, 1), (3719, 1), (4866, 1)
tshh (DF: 1): (673, 2)
tshirt (DF: 1): (2482, 1)
tshit (DF: 1): (1319, 1)
tsix (DF: 1): (1275, 2)
tssss (DF: 1): (3999, 1)
tsubtsatagilidakeyn (DF: 1): (4657, 1)
tsudzui (DF: 1): (1360, 1)
tsugenai (DF: 1): (1102, 3)
tsui (DF: 1): (905, 1)
tsukanoma (DF: 1): (1102, 1)
tsumaru (DF: 1): (1102, 1)
tsunami (DF: 12): (227, 2), (506, 4), (1046, 2), (1519, 2), (2066, 4), (2461, 1), (2638, 1), (3068, 1), (3401, 1), (3643, 6), (3669, 1), (4549, 2)
tsuret (DF: 1): (4373, 2)
tt (DF: 3): (246, 1), (536, 3), (1688, 1)
ttae (DF: 1): (2817, 3)
ttaekkaji (DF: 1): (32, 1)
ttaen (DF: 1): (2817, 2)
ttake (DF: 2): (2548, 2), (4494, 1)
ttara (DF: 1): (32, 1)
ttaseuhami (DF: 1): (32, 1)
ttrust (DF: 1): (2093, 2)
ttylxox (DF: 1): (3832, 13)
tu (DF: 56): (149, 1), (194, 1), (306, 1), (358, 1), (484, 2), (540, 1), (552, 2), (553, 2), (661, 2), (1087, 7), (1151, 1), (1257, 4), (1278, 3), (1345, 4), (1649, 2), (1659, 2), (1669, 4), (1834, 2), (1845, 1), (1918, 2), (1920, 5), (2086, 7), (2205, 2), (2210, 1), (2242, 1), (2268, 5), (2322, 1), (2631, 2), (2651, 2), (2730, 1), (2951, 4), (3095, 2), (3215, 2), (3353, 2), (3363, 2), (3364, 4), (3513, 1), (3660, 6), (3744, 6), (3806, 2), (3838, 1), (4109, 1), (4188, 2), (4214, 3), (4319, 2), (4357, 4), (4405, 4), (4421, 3), (4604, 4), (4650, 6), (4675, 1), (4686, 3), (4849, 1), (4855, 2), (4859, 1), (4914, 6)
tua (DF: 3): (1196, 1), (1415, 1), (2631, 1)
tub (DF: 10): (399, 17), (484, 1), (692, 2), (910, 1), (1474, 2), (3123, 1), (3544, 1), (3853, 1), (4165, 1), (4560, 1)
tube (DF: 11): (76, 1), (691, 1), (802, 1), (1058, 1), (1092, 1), (1913, 1), (2835, 1), (3502, 1), (4098, 1), (4718, 2), (4959, 1)
tubescratch (DF: 1): (484, 1)
tubi (DF: 1): (3111, 1)
tuc (DF: 1): (858, 1)
tuchh (DF: 1): (4686, 1)
tuck (DF: 30): (270, 1), (641, 1), (759, 1), (1028, 1), (1249, 1), (1775, 1), (1850, 1), (2000, 1), (2254, 1), (2263, 1), (2378, 1), (2440, 1), (2477, 2), (2504, 4), (2699, 9), (2733, 1), (2801, 2), (3118, 1), (3152, 1), (3248, 1), (3327, 2), (3674, 2), (3773, 2), (4019, 1), (4028, 1), (4100, 1), (4250, 1), (4261, 1), (4766, 1), (4887, 1)
tucker (DF: 4): (978, 2), (1353, 2), (3248, 1), (3756, 1)
tucom (DF: 1): (2336, 1)
tucson (DF: 2): (2217, 1), (3238, 1)
tucutu (DF: 1): (1752, 2)
tud (DF: 1): (1095, 1)
tudo (DF: 15): (213, 2), (1183, 2), (1486, 2), (2242, 3), (2631, 1), (2651, 12), (2680, 1), (2711, 11), (3215, 1), (3353, 1), (3692, 3), (3838, 1), (3870, 1), (4167, 2), (4357, 1)
tuent (DF: 1): (3909, 1)
tuerz (DF: 1): (312, 1)
tuesday (DF: 19): (233, 1), (849, 1), (870, 6), (1349, 1), (1516, 8), (1556, 1), (1684, 1), (2265, 3), (2337, 1), (2949, 1), (3024, 1), (3774, 1), (3831, 10), (4028, 2), (4844, 1), (4884, 4), (4941, 3), (4987, 12), (4990, 1)
tuff (DF: 1): (485, 1)
tug (DF: 5): (474, 4), (3601, 2), (4051, 1), (4720, 1), (4811, 1)
tujamo (DF: 2): (634, 1), (1701, 1)
tujh (DF: 1): (149, 1)
tujhs (DF: 1): (4686, 1)
tul (DF: 1): (858, 1)
tulan (DF: 1): (3821, 1)
tuli (DF: 1): (3313, 1)
tulip (DF: 3): (823, 1), (1418, 3), (2220, 1)
tull (DF: 1): (1350, 1)
tum (DF: 4): (10, 3), (38, 2), (1310, 6), (1834, 1)
tumahri (DF: 1): (149, 1)
tumalon (DF: 1): (3887, 1)
tumb (DF: 13): (178, 8), (342, 1), (1022, 1), (1116, 2), (1501, 26), (1582, 1), (1631, 2), (2021, 1), (2530, 1), (3080, 2), (3104, 8), (4532, 3), (4651, 1)
tumba (DF: 2): (44, 1), (2604, 1)
tumbarmel (DF: 1): (2033, 2)
tumbens (DF: 1): (4532, 2)
tumbl (DF: 16): (145, 3), (373, 1), (425, 1), (710, 5), (1168, 1), (1732, 1), (2603, 1), (2900, 1), (3356, 2), (3494, 1), (3601, 2), (3772, 4), (4051, 1), (4645, 1), (4720, 1), (4960, 1)
tumbler (DF: 1): (2603, 1)
tumblin (DF: 1): (4172, 1)
tumhari (DF: 1): (4686, 1)
tummi (DF: 3): (2084, 1), (3152, 1), (3589, 1)
tumour (DF: 1): (4868, 1)
tums (DF: 1): (1834, 1)
