booyakasha (DF: 1): (4190, 4)
booz (DF: 7): (131, 2), (1303, 1), (2759, 1), (2936, 1), (3179, 1), (4044, 4), (4803, 5)
boozi (DF: 1): (2872, 1)
bop (DF: 32): (565, 4), (846, 3), (1050, 1), (1248, 38), (1425, 1), (1625, 1), (1744, 4), (1891, 1), (2053, 1), (2083, 1), (2254, 1), (2493, 1), (2520, 2), (2527, 1), (2618, 1), (2624, 1), (2840, 1), (3019, 1), (3205, 1), (3223, 6), (3310, 1), (3350, 1), (3485, 1), (3507, 1), (3598, 2), (3793, 1), (3813, 1), (3837, 1), (3995, 1), (4150, 1), (4695, 31), (4831, 1)
bopper (DF: 1): (4766, 3)
boppin (DF: 1): (4128, 1)
bopping (DF: 1): (1778, 1)
boqueron (DF: 1): (1046, 2)
boquiabiert (DF: 1): (4288, 3)
boquit (DF: 7): (12, 18), (117, 1), (1305, 1), (2805, 1), (2814, 3), (3006, 2), (3290, 1)
bor (DF: 3): (905, 2), (1010, 4), (3816, 3)
bora (DF: 1): (3453, 2)
bord (DF: 8): (229, 1), (484, 1), (649, 1), (2152, 1), (4214, 4), (4567, 2), (4763, 1), (4949, 1)
bordel (DF: 1): (4614, 1)
borden (DF: 2): (1432, 1), (2638, 2)
border (DF: 18): (73, 1), (352, 1), (370, 1), (642, 1), (668, 1), (869, 1), (1656, 1), (1673, 1), (2296, 1), (2730, 17), (3095, 32), (3180, 2), (3311, 1), (4002, 2), (4107, 1), (4229, 2), (4612, 1), (4848, 1)
borderlin (DF: 2): (478, 2), (3365, 1)
bordet (DF: 1): (4991, 1)
bordstein (DF: 1): (151, 1)
bordsteinfress (DF: 1): (1845, 4)
bore (DF: 47): (132, 1), (160, 11), (215, 1), (231, 2), (240, 1), (280, 2), (291, 1), (759, 1), (779, 1), (925, 1), (973, 1), (1019, 1), (1025, 1), (1026, 1), (1084, 1), (1181, 1), (1188, 1), (1531, 1), (1541, 1), (1581, 1), (1742, 1), (2061, 1), (2578, 1), (2791, 1), (3034, 1), (3100, 1), (3101, 1), (3143, 2), (3252, 2), (3331, 2), (3553, 8), (3827, 2), (3922, 1), (4030, 1), (4254, 1), (4348, 1), (4350, 2), (4367, 2), (4464, 1), (4487, 1), (4661, 1), (4715, 1), (4745, 1), (4750, 1), (4755, 1), (4776, 1), (4897, 17)
borgeous (DF: 3): (4056, 2), (4118, 1), (4393, 1)
bori (DF: 1): (3371, 1)
boricu (DF: 4): (1259, 1), (1476, 2), (4236, 1), (4879, 1)
boricua (DF: 1): (552, 1)
borin (DF: 4): (2256, 8), (2730, 2), (3095, 4), (4030, 1)
borincan (DF: 1): (2306, 1)
borinqu (DF: 1): (2604, 1)
born (DF: 120): (40, 4), (129, 1), (140, 2), (236, 1), (251, 2), (311, 1), (381, 3), (390, 2), (404, 4), (456, 1), (488, 1), (490, 1), (501, 1), (511, 3), (558, 1), (606, 1), (664, 1), (672, 1), (766, 1), (788, 1), (838, 1), (864, 1), (870, 1), (946, 2), (958, 3), (993, 1), (1068, 1), (1125, 9), (1136, 1), (1149, 113), (1158, 4), (1166, 2), (1186, 6), (1209, 1), (1210, 1), (1263, 10), (1287, 4), (1416, 5), (1434, 1), (1520, 1), (1546, 15), (1555, 1), (1618, 1), (1685, 1), (1722, 1), (1727, 1), (1858, 6), (1885, 2), (1934, 4), (1951, 1), (1957, 2), (2002, 1), (2032, 2), (2044, 3), (2064, 1), (2109, 1), (2129, 39), (2142, 2), (2244, 2), (2272, 1), (2281, 6), (2284, 6), (2330, 1), (2332, 1), (2366, 1), (2425, 1), (2491, 1), (2495, 1), (2543, 2), (2647, 1), (2770, 1), (2795, 1), (2840, 1), (2856, 1), (2960, 2), (3087, 1), (3103, 1), (3164, 1), (3183, 1), (3286, 2), (3298, 1), (3323, 1), (3373, 3), (3426, 1), (3429, 2), (3482, 1), (3484, 1), (3505, 2), (3598, 1), (3606, 1), (3737, 1), (3741, 1), (3743, 1), (3778, 1), (3818, 10), (3899, 39), (3940, 1), (4021, 1), (4045, 1), (4062, 1), (4093, 5), (4237, 1), (4278, 1), (4286, 3), (4296, 1), (4305, 10), (4501, 1), (4534, 1), (4547, 2), (4601, 1), (4634, 1), (4654, 1), (4661, 1), (4674, 1), (4690, 1), (4733, 1), (4748, 1), (4754, 1), (4834, 1), (4907, 7)
bornheim (DF: 1): (2729, 1)
boro (DF: 1): (3272, 2)
borr (DF: 11): (269, 4), (312, 1), (1022, 1), (1461, 1), (1668, 2), (1939, 1), (3031, 1), (3106, 1), (3596, 1), (3723, 1), (4666, 1)
borrach (DF: 10): (86, 2), (87, 1), (1241, 2), (1284, 1), (2529, 4), (2681, 7), (3093, 2), (3418, 2), (4246, 7), (4729, 1)
borrey (DF: 1): (1022, 1)
borrow (DF: 23): (134, 2), (563, 1), (658, 1), (841, 1), (1026, 1), (1142, 1), (1299, 4), (2241, 1), (2607, 1), (2720, 1), (2809, 1), (3033, 1), (3164, 1), (3302, 4), (3393, 1), (3474, 1), (3642, 1), (3676, 2), (4482, 1), (4566, 3), (4634, 1), (4723, 1), (4774, 3)
bory (DF: 1): (1221, 6)
bos (DF: 10): (246, 2), (1033, 1), (1724, 1), (2194, 1), (2729, 1), (3108, 1), (3480, 1), (3942, 1), (4496, 2), (4743, 1)
bosni (DF: 2): (483, 1), (1654, 1)
bosom (DF: 1): (1417, 1)
boss (DF: 64): (143, 1), (169, 2), (187, 1), (248, 1), (264, 1), (273, 4), (324, 2), (435, 1), (483, 1), (642, 1), (691, 1), (698, 2), (724, 1), (772, 2), (859, 1), (862, 1), (910, 1), (946, 2), (1084, 1), (1316, 2), (1370, 1), (1413, 1), (1428, 2), (1565, 1), (1654, 1), (1661, 1), (1674, 1), (1692, 2), (1707, 2), (1777, 4), (1801, 1), (1812, 1), (1825, 2), (2050, 1), (2109, 1), (2147, 1), (2198, 1), (2240, 1), (2511, 2), (2609, 5), (2612, 1), (2619, 3), (2650, 1), (2720, 2), (2831, 3), (3048, 1), (3112, 1), (3140, 2), (3213, 1), (3350, 1), (3482, 1), (3521, 1), (3594, 1), (3694, 1), (3917, 1), (4226, 2), (4256, 1), (4466, 2), (4493, 1), (4551, 1), (4552, 2), (4700, 1), (4702, 1), (4942, 1)
bossa (DF: 2): (569, 1), (3152, 1)
bossen (DF: 1): (4297, 2)
bossi (DF: 2): (1531, 1), (3733, 1)
bossin (DF: 1): (2235, 2)
bossmod (DF: 1): (2194, 1)
bosssound (DF: 1): (2637, 1)
bost (DF: 2): (1193, 1), (4709, 2)
boston (DF: 5): (3138, 1), (3260, 2), (4061, 2), (4284, 2), (4833, 1)
bot (DF: 19): (355, 1), (444, 1), (1046, 2), (1193, 1), (1241, 11), (1810, 2), (1878, 2), (1974, 1), (2778, 1), (3090, 3), (3495, 2), (3569, 1), (3603, 4), (4081, 3), (4209, 1), (4417, 1), (4445, 1), (4651, 3), (4709, 1)
bota (DF: 2): (1072, 2), (2308, 18)
botan (DF: 1): (2042, 2)
botando (DF: 1): (2711, 1)
botar (DF: 1): (1881, 2)
botch (DF: 1): (1552, 1)
bote (DF: 2): (1920, 5), (4109, 1)
botell (DF: 25): (577, 1), (628, 1), (762, 1), (897, 2), (1033, 1), (1079, 4), (1443, 1), (1682, 1), (1778, 2), (1878, 1), (2020, 3), (2027, 2), (2342, 2), (2461, 1), (2805, 1), (2814, 1), (2972, 2), (3093, 4), (3401, 1), (3418, 21), (3603, 3), (3697, 1), (3723, 1), (4186, 2), (4246, 6)
botella (DF: 1): (306, 1)
both (DF: 1): (3419, 1)
bother (DF: 33): (13, 1), (356, 2), (599, 1), (927, 1), (950, 1), (1410, 1), (1456, 1), (1573, 2), (1587, 14), (1600, 2), (1873, 2), (1875, 1), (1938, 1), (1994, 1), (2091, 2), (2236, 1), (2286, 1), (2525, 1), (2808, 2), (2821, 1), (2847, 1), (3114, 1), (3147, 3), (3544, 1), (3700, 4), (3711, 1), (3904, 1), (4461, 1), (4600, 1), (4611, 1), (4926, 1), (4930, 1), (4982, 2)
boton (DF: 2): (276, 1), (3351, 1)
botox (DF: 1): (2651, 2)
bott (DF: 2): (1800, 1), (2518, 3)
bottega (DF: 2): (1484, 1), (3849, 4)
botti (DF: 1): (1047, 1)
bottl (DF: 125): (39, 1), (65, 2), (85, 1), (153, 2), (168, 1), (273, 4), (334, 8), (339, 7), (379, 1), (386, 1), (393, 1), (400, 2), (407, 2), (528, 1), (535, 4), (547, 2), (616, 2), (658, 1), (665, 2), (672, 1), (759, 8), (789, 1), (861, 6), (870, 1), (896, 1), (904, 3), (925, 1), (948, 2), (1024, 1), (1134, 1), (1143, 1), (1164, 1), (1246, 3), (1299, 1), (1391, 3), (1448, 2), (1490, 1), (1510, 3), (1512, 1), (1528, 12), (1539, 1), (1559, 2), (1606, 1), (1661, 1), (1674, 1), (1700, 1), (1718, 1), (1779, 1), (1780, 1), (1896, 2), (1940, 2), (2031, 1), (2048, 3), (2091, 2), (2160, 1), (2205, 1), (2218, 1), (2329, 1), (2359, 2), (2406, 16), (2440, 1), (2464, 2), (2511, 2), (2522, 2), (2556, 1), (2605, 5), (2649, 1), (2665, 1), (2720, 2), (2816, 3), (2837, 3), (2872, 3), (2884, 1), (2936, 1), (2961, 1), (3033, 1), (3079, 4), (3100, 1), (3138, 1), (3179, 1), (3180, 2), (3248, 1), (3321, 5), (3330, 2), (3332, 1), (3498, 1), (3524, 1), (3549, 1), (3635, 1), (3637, 2), (3652, 1), (3706, 2), (3708, 2), (3723, 1), (3773, 2), (3790, 1), (3852, 4), (3884, 1), (3964, 12), (3990, 1), (3991, 1), (3995, 2), (4028, 1), (4127, 1), (4165, 3), (4182, 1), (4196, 7), (4229, 2), (4275, 1), (4281, 1), (4329, 1), (4345, 4), (4364, 1), (4392, 1), (4393, 2), (4432, 4), (4493, 1), (4572, 1), (4727, 1), (4770, 2), (4785, 3), (4803, 5), (4872, 1), (4931, 1), (4982, 1)
bottlemen (DF: 1): (3729, 1)
bottleneck (DF: 1): (1579, 1)
bottom (DF: 79): (42, 2), (114, 1), (139, 3), (168, 1), (268, 6), (377, 1), (400, 1), (405, 8), (418, 1), (495, 8), (499, 1), (529, 1), (535, 8), (617, 1), (643, 3), (672, 1), (718, 1), (757, 20), (861, 6), (939, 2), (1092, 1), (1192, 1), (1299, 3), (1310, 2), (1391, 3), (1404, 3), (1406, 1), (1448, 1), (1477, 1), (1767, 1), (1855, 1), (1896, 1), (1906, 1), (1925, 1), (1952, 2), (2014, 3), (2074, 3), (2104, 1), (2322, 1), (2364, 2), (2451, 2), (2492, 13), (2522, 2), (2594, 1), (2605, 5), (2990, 1), (3032, 1), (3037, 1), (3079, 2), (3165, 3), (3170, 1), (3185, 1), (3310, 1), (3311, 1), (3321, 5), (3332, 2), (3369, 2), (3529, 1), (3571, 1), (3676, 2), (3681, 2), (3682, 6), (3702, 12), (3804, 1), (3811, 1), (3852, 4), (4027, 1), (4042, 1), (4127, 1), (4196, 9), (4237, 1), (4324, 2), (4420, 2), (4446, 1), (4459, 1), (4558, 4), (4565, 13), (4566, 3), (4581, 2)
bouch (DF: 2): (2882, 1), (3909, 1)
boucher (DF: 1): (540, 1)
boucheron (DF: 1): (4918, 1)
bouff (DF: 2): (349, 1), (3909, 1)
boug (DF: 5): (540, 4), (897, 2), (1778, 2), (2027, 2), (2342, 2)
bougenvilla (DF: 1): (2302, 1)
bough (DF: 2): (608, 2), (1146, 2)
bought (DF: 74): (25, 2), (80, 1), (137, 1), (197, 2), (339, 1), (350, 3), (405, 1), (414, 5), (582, 4), (673, 1), (805, 1), (862, 1), (920, 1), (1011, 1), (1063, 3), (1084, 1), (1140, 1), (1157, 1), (1217, 2), (1343, 1), (1375, 8), (1392, 4), (1399, 1), (1425, 4), (1448, 1), (1539, 1), (1799, 4), (1801, 1), (1896, 1), (1899, 1), (1920, 5), (1968, 1), (2000, 1), (2004, 1), (2091, 2), (2093, 2), (2241, 1), (2329, 2), (2344, 1), (2419, 1), (2522, 12), (2608, 1), (2619, 3), (2705, 1), (2809, 1), (2939, 4), (2991, 1), (2995, 2), (3064, 1), (3079, 2), (3098, 1), (3144, 7), (3209, 1), (3232, 1), (3310, 3), (3424, 18), (3505, 2), (3525, 1), (3735, 1), (3937, 2), (4044, 5), (4101, 1), (4107, 1), (4109, 1), (4282, 2), (4523, 5), (4533, 1), (4603, 1), (4608, 2), (4629, 1), (4918, 1), (4941, 1), (4956, 2), (4963, 2)
bougi (DF: 5): (292, 1), (528, 1), (1122, 4), (3180, 2), (4435, 3)
bouill (DF: 1): (637, 4)
bouje (DF: 4): (808, 4), (2872, 1), (3205, 1), (3565, 1)
boulder (DF: 8): (563, 1), (2154, 1), (2317, 1), (2746, 1), (3040, 1), (4348, 2), (4746, 1), (4768, 1)
