loosen (DF: 3): (2816, 1), (2837, 1), (2906, 1)
looser (DF: 2): (1250, 1), (3119, 1)
loosin (DF: 1): (1775, 1)
loot (DF: 25): (182, 1), (737, 1), (812, 1), (956, 5), (1319, 1), (1393, 1), (1555, 1), (1564, 2), (1566, 1), (1922, 1), (2225, 1), (2399, 1), (2522, 2), (2636, 1), (2795, 1), (2895, 1), (2957, 1), (3161, 1), (3731, 2), (3991, 1), (4627, 2), (4669, 1), (4681, 1), (4690, 1), (4746, 1)
looter (DF: 1): (3949, 3)
lootin (DF: 1): (369, 1)
lop (DF: 1): (676, 1)
lopen (DF: 2): (3355, 1), (4297, 1)
lopez (DF: 7): (996, 1), (1300, 1), (1454, 1), (3515, 1), (3806, 1), (4643, 1), (4789, 1)
lopsid (DF: 1): (2075, 1)
loquer (DF: 1): (4671, 2)
loquit (DF: 12): (53, 2), (117, 1), (724, 1), (762, 2), (2043, 11), (2805, 1), (3006, 6), (3555, 3), (4479, 1), (4540, 1), (4799, 4), (4846, 1)
lord (DF: 168): (52, 1), (72, 1), (142, 4), (183, 1), (200, 3), (248, 1), (251, 5), (267, 8), (273, 4), (361, 3), (377, 3), (471, 1), (502, 1), (574, 1), (696, 1), (737, 1), (740, 1), (774, 1), (815, 4), (824, 1), (857, 1), (869, 4), (932, 1), (946, 2), (978, 2), (994, 12), (1004, 1), (1006, 1), (1077, 2), (1086, 1), (1108, 1), (1147, 1), (1166, 5), (1184, 1), (1256, 4), (1353, 20), (1372, 1), (1423, 1), (1431, 1), (1469, 1), (1487, 1), (1546, 3), (1557, 1), (1579, 1), (1602, 42), (1624, 3), (1667, 1), (1690, 1), (1697, 4), (1722, 2), (1805, 2), (1856, 1), (1865, 1), (1869, 4), (1873, 5), (1880, 1), (1891, 3), (1896, 1), (1956, 3), (1977, 2), (2000, 1), (2004, 4), (2014, 6), (2046, 1), (2057, 1), (2208, 1), (2223, 1), (2254, 3), (2277, 1), (2293, 1), (2323, 1), (2332, 1), (2339, 1), (2395, 1), (2466, 2), (2497, 2), (2552, 1), (2592, 3), (2669, 1), (2673, 1), (2675, 26), (2706, 1), (2723, 1), (2795, 1), (2825, 1), (2829, 4), (2831, 4), (2886, 1), (2910, 4), (2916, 1), (2921, 42), (2929, 1), (2982, 1), (2987, 1), (2988, 1), (3115, 1), (3161, 1), (3163, 2), (3223, 1), (3227, 2), (3258, 2), (3286, 2), (3298, 1), (3322, 2), (3327, 8), (3335, 3), (3397, 1), (3420, 1), (3499, 1), (3518, 1), (3532, 1), (3540, 1), (3597, 1), (3640, 3), (3653, 1), (3672, 4), (3718, 1), (3818, 1), (3862, 2), (3885, 2), (3911, 7), (3952, 1), (3995, 1), (4010, 9), (4045, 1), (4054, 6), (4093, 1), (4094, 1), (4194, 2), (4239, 1), (4243, 1), (4250, 3), (4254, 7), (4274, 4), (4302, 6), (4305, 2), (4315, 1), (4398, 2), (4413, 1), (4454, 1), (4461, 8), (4493, 1), (4522, 1), (4526, 1), (4577, 2), (4604, 1), (4617, 1), (4634, 1), (4661, 1), (4693, 1), (4717, 1), (4718, 6), (4723, 2), (4746, 1), (4795, 2), (4802, 1), (4821, 3), (4844, 2), (4880, 3), (4893, 1), (4897, 1), (4905, 1), (4909, 1), (4950, 4), (3474, 1), (3475, 6), (4535, 5), (4536, 5)
lordi (DF: 1): (1873, 1)
lore (DF: 1): (2731, 1)
loredan (DF: 1): (3972, 1)
loredana (DF: 1): (4998, 1)
lorenzo (DF: 3): (2927, 1), (3151, 1), (4920, 1)
lorri (DF: 1): (2658, 1)
lorsqu (DF: 1): (349, 1)
loryn (DF: 1): (191, 1)
los (DF: 39): (61, 3), (200, 1), (299, 2), (369, 6), (437, 1), (483, 1), (552, 1), (675, 1), (1033, 1), (1124, 2), (1171, 1), (1257, 1), (1461, 1), (1628, 1), (1654, 1), (1655, 2), (1902, 1), (1935, 3), (2467, 1), (2607, 1), (2747, 1), (2843, 2), (3107, 1), (3355, 51), (3381, 4), (3479, 1), (3581, 2), (3748, 1), (3759, 1), (3902, 2), (3904, 1), (3962, 1), (4004, 1), (4044, 1), (4100, 1), (4282, 1), (4522, 1), (4665, 1), (4669, 1)
losch (DF: 1): (3048, 1)
lose (DF: 115): (26, 3), (55, 7), (66, 1), (78, 6), (93, 1), (106, 1), (110, 1), (114, 9), (124, 2), (129, 1), (153, 2), (158, 1), (195, 4), (201, 10), (220, 14), (226, 2), (243, 2), (267, 2), (279, 1), (297, 1), (314, 1), (324, 1), (329, 36), (332, 1), (359, 3), (377, 1), (385, 12), (388, 1), (402, 1), (441, 1), (470, 6), (479, 3), (490, 1), (516, 1), (536, 1), (538, 1), (543, 1), (561, 2), (588, 2), (614, 4), (617, 2), (634, 1), (642, 4), (680, 2), (703, 1), (730, 12), (740, 1), (752, 1), (756, 2), (799, 2), (811, 2), (814, 6), (816, 3), (840, 1), (856, 1), (883, 3), (887, 1), (920, 2), (925, 1), (933, 3), (939, 1), (959, 2), (967, 2), (981, 1), (983, 1), (998, 1), (1032, 4), (1038, 1), (1065, 1), (1071, 1), (1078, 2), (1093, 1), (1103, 1), (1106, 2), (1163, 1), (1173, 1), (1216, 1), (1236, 6), (1240, 6), (1248, 2), (1250, 1), (1269, 4), (1294, 3), (1297, 1), (1298, 6), (1325, 1), (1349, 1), (1410, 1), (1444, 7), (1450, 1), (1454, 1), (1455, 1), (1466, 3), (1472, 2), (1496, 2), (1509, 1), (1520, 1), (1526, 3), (1529, 12), (1545, 1), (1549, 3), (1552, 1), (1574, 2), (1575, 2), (1581, 1), (1588, 1), (1612, 2), (1636, 1), (1646, 1), (1651, 2), (1670, 1), (1673, 2), (1676, 6), (1693, 3), (1700, 3)
