pouss (DF: 1): (3660, 1)
pout (DF: 3): (38, 2), (3905, 1), (4039, 1)
pouya (DF: 1): (1036, 1)
pov (DF: 1): (1095, 1)
poverti (DF: 8): (13, 1), (72, 1), (510, 1), (558, 1), (731, 1), (2293, 1), (2929, 1), (3904, 1)
pow (DF: 33): (53, 2), (70, 1), (198, 1), (248, 1), (347, 5), (484, 8), (675, 12), (1058, 1), (1072, 9), (1136, 1), (1152, 1), (1183, 5), (1436, 2), (1957, 2), (1979, 4), (2241, 2), (2275, 1), (2669, 2), (2809, 2), (2857, 3), (3148, 2), (3272, 8), (3310, 1), (3353, 4), (3483, 2), (3486, 1), (3930, 6), (3988, 1), (4124, 3), (4148, 2), (4311, 1), (4559, 2), (4617, 1)
powder (DF: 14): (434, 7), (1410, 1), (1559, 2), (2124, 2), (2174, 1), (2644, 1), (3238, 2), (3494, 2), (3507, 1), (4182, 1), (4441, 1), (4533, 1), (4572, 1), (4738, 1)
powel (DF: 1): (914, 2)
power (DF: 109): (2, 1), (40, 1), (195, 2), (237, 1), (303, 4), (308, 2), (369, 4), (497, 3), (622, 1), (635, 3), (699, 3), (705, 1), (743, 1), (803, 1), (901, 1), (958, 6), (981, 4), (984, 2), (1011, 1), (1012, 9), (1023, 2), (1078, 12), (1158, 1), (1240, 1), (1250, 1), (1279, 3), (1290, 4), (1369, 1), (1412, 15), (1440, 1), (1450, 1), (1462, 18), (1466, 1), (1600, 1), (1664, 2), (1705, 1), (1783, 2), (1888, 1), (1902, 1), (1909, 1), (1940, 1), (1961, 3), (2000, 1), (2042, 1), (2065, 1), (2075, 2), (2174, 1), (2296, 2), (2322, 1), (2335, 1), (2391, 2), (2446, 7), (2453, 24), (2573, 1), (2576, 1), (2678, 8), (2682, 2), (2753, 1), (2798, 1), (2808, 1), (2856, 1), (2880, 3), (3100, 1), (3115, 6), (3160, 1), (3251, 1), (3331, 2), (3347, 1), (3361, 1), (3456, 1), (3490, 3), (3498, 2), (3535, 2), (3683, 3), (3687, 2), (3693, 1), (3738, 1), (3741, 1), (3797, 2), (3883, 4), (3991, 2), (4008, 2), (4129, 1), (4199, 1), (4274, 1), (4283, 1), (4326, 1), (4355, 2), (4420, 1), (4446, 1), (4481, 1), (4522, 1), (4562, 60), (4578, 2), (4596, 3), (4606, 26), (4613, 1), (4615, 1), (4617, 8), (4621, 18), (4664, 13), (4687, 3), (4691, 4), (4719, 18), (4724, 1), (4791, 1), (4878, 1), (4947, 1), (4976, 1)
powerless (DF: 3): (1082, 2), (2077, 2), (4596, 2)
powerlin (DF: 1): (3796, 1)
powermad (DF: 1): (147, 2)
powiedzia (DF: 1): (3744, 2)
powiem (DF: 1): (3744, 2)
powodów (DF: 1): (4311, 7)
powoli (DF: 1): (4358, 1)
powter (DF: 1): (1338, 2)
pox (DF: 1): (4942, 1)
pp (DF: 2): (81, 1), (4468, 1)
ppajyeosseo (DF: 1): (3690, 1)
ppp (DF: 1): (3006, 6)
pr (DF: 1): (1682, 1)
pra (DF: 34): (60, 5), (199, 1), (213, 1), (1072, 5), (1095, 1), (1183, 5), (1415, 2), (1486, 1), (1580, 3), (1659, 3), (1881, 7), (1966, 3), (2242, 2), (2308, 26), (2539, 10), (2631, 4), (2651, 14), (2680, 4), (2711, 4), (2839, 8), (2986, 4), (3007, 2), (3158, 1), (3215, 4), (3353, 1), (3364, 4), (3467, 5), (3692, 5), (3838, 7), (3870, 6), (3955, 1), (4016, 2), (4167, 2), (4357, 1)
praat (DF: 2): (1432, 1), (1619, 2)
practic (DF: 17): (371, 1), (454, 1), (699, 1), (1229, 1), (1478, 3), (1727, 1), (1964, 2), (3164, 1), (3178, 1), (3342, 1), (3642, 1), (4090, 1), (4525, 2), (4702, 1), (4762, 1), (4787, 1), (4798, 1)
prad (DF: 2): (1631, 1), (4467, 23)
prada (DF: 16): (268, 3), (1736, 1), (1849, 1), (1918, 1), (2093, 2), (2638, 1), (2680, 3), (3108, 1), (3152, 2), (3409, 1), (3529, 1), (3571, 1), (3681, 2), (4042, 1), (4558, 4), (4982, 1)
praga (DF: 1): (3955, 1)
prairi (DF: 2): (1984, 2), (2510, 1)
prais (DF: 14): (351, 1), (1290, 9), (1553, 3), (1977, 1), (2014, 6), (2903, 1), (3115, 1), (3177, 2), (3456, 1), (4124, 1), (4302, 2), (4404, 1), (4429, 2), (4641, 1)
praktisch (DF: 1): (3381, 1)
prank (DF: 3): (740, 1), (1045, 1), (3368, 1)
pranksta (DF: 1): (946, 2)
prankster (DF: 1): (946, 2)
prasenti (DF: 1): (3932, 1)
prasentiert (DF: 1): (3962, 1)
prat (DF: 1): (1852, 1)
praten (DF: 3): (1077, 3), (1432, 3), (3748, 1)
prawdi (DF: 1): (3744, 2)
prawej (DF: 1): (4405, 1)
pray (DF: 155): (58, 1), (183, 1), (244, 1), (322, 1), (350, 1), (423, 2), (452, 2), (525, 2), (551, 2), (574, 1), (595, 1), (596, 9), (601, 1), (619, 1), (627, 5), (677, 2), (692, 2), (744, 1), (746, 1), (808, 1), (815, 2), (823, 2), (841, 1), (925, 1), (970, 1), (975, 1), (1003, 1), (1021, 2), (1078, 6), (1081, 1), (1147, 1), (1234, 4), (1297, 1), (1304, 4), (1336, 1), (1368, 1), (1372, 1), (1378, 6), (1393, 3), (1419, 1), (1448, 1), (1455, 1), (1512, 1), (1546, 3), (1553, 3), (1555, 1), (1558, 1), (1580, 1), (1626, 2), (1649, 3), (1651, 1), (1690, 2), (1707, 3), (1713, 2), (1720, 1), (1741, 1), (1745, 1), (1750, 1), (1755, 2), (1773, 1), (1817, 1), (1880, 2), (1936, 6), (1961, 1), (1977, 19), (2002, 1), (2004, 4), (2044, 6), (2046, 1), (2063, 1), (2121, 2), (2145, 1), (2147, 1), (2161, 2), (2197, 1), (2214, 2), (2237, 1), (2249, 1), (2334, 1), (2352, 1), (2356, 1), (2432, 1), (2439, 1), (2453, 12), (2472, 1), (2511, 2), (2580, 9), (2592, 1), (2609, 1), (2706, 1), (2762, 2), (2773, 2), (2858, 1), (2920, 1), (3008, 2), (3053, 1), (3079, 2), (3114, 2), (3146, 1), (3156, 1), (3164, 1), (3174, 2), (3189, 1), (3327, 8), (3371, 2), (3373, 1), (3374, 1), (3449, 1), (3538, 1), (3570, 3), (3577, 1), (3589, 1), (3634, 1), (3636, 1), (3711, 2), (3713, 1), (3714, 2), (3748, 1), (3792, 6), (3841, 2), (3871, 1), (3946, 1), (3950, 4), (3991, 1), (4023, 2), (4028, 2), (4069, 1), (4093, 1), (4122, 1), (4132, 5), (4171, 1), (4298, 1), (4302, 1), (4303, 1), (4305, 2), (4315, 1), (4333, 1), (4355, 1), (4386, 1), (4389, 2), (4459, 1), (4466, 3), (4481, 1), (4598, 1), (4621, 9), (4661, 1), (4719, 9), (4723, 2), (4739, 1), (4755, 1), (4762, 1), (4798, 1), (4844, 1), (4861, 4), (4863, 1)
prayer (DF: 39): (150, 1), (220, 1), (555, 1), (665, 2), (701, 1), (967, 1), (1012, 1), (1021, 2), (1035, 34), (1446, 12), (1487, 1), (1510, 6), (1548, 1), (1561, 3), (1613, 2), (1676, 4), (1816, 1), (1929, 2), (1983, 1), (1985, 2), (2227, 1), (2466, 2), (2472, 1), (2596, 1), (2634, 1), (2859, 8), (2900, 1), (2910, 2), (2992, 1), (3139, 2), (3327, 2), (3846, 1), (3855, 2), (4048, 2), (4388, 12), (4598, 1), (4602, 4), (4691, 25), (4730, 1)
prayin (DF: 16): (119, 2), (536, 3), (606, 1), (815, 1), (829, 3), (1227, 1), (1741, 2), (2197, 1), (2220, 1), (2489, 1), (2995, 1), (3075, 2), (3557, 1), (3735, 1), (4440, 1), (4634, 1)
prazer (DF: 1): (2986, 8)
pre (DF: 23): (144, 2), (348, 1), (432, 1), (711, 1), (952, 2), (1390, 2), (1396, 2), (1683, 2), (2097, 2), (2143, 1), (2213, 2), (2647, 2), (3171, 2), (3197, 4), (3221, 2), (3490, 3), (3772, 1), (3876, 1), (4072, 1), (4081, 1), (4107, 1), (4426, 2), (4898, 1)
preach (DF: 21): (76, 1), (133, 1), (168, 1), (815, 1), (1369, 1), (1964, 2), (1984, 3), (2002, 1), (2410, 1), (2497, 2), (2565, 2), (2580, 1), (2665, 1), (2723, 1), (2940, 1), (3693, 1), (3854, 2), (3946, 1), (4450, 2), (4798, 1), (4931, 1)
preacher (DF: 17): (72, 1), (220, 1), (275, 1), (693, 1), (815, 1), (1369, 1), (1940, 1), (1984, 3), (2211, 2), (2497, 1), (2767, 1), (2890, 1), (3008, 2), (4094, 1), (4183, 1), (4328, 1), (4722, 1)
preachin (DF: 2): (2076, 1), (3474, 1)
prec (DF: 1): (4986, 2)
prechin (DF: 1): (4634, 1)
prechorus (DF: 1): (3934, 2)
preci (DF: 6): (444, 1), (1141, 1), (1939, 1), (2092, 2), (3080, 1), (4651, 2)
precios (DF: 1): (4711, 1)
preciosa (DF: 1): (2277, 1)
precious (DF: 25): (7, 1), (330, 1), (496, 1), (1145, 1), (1148, 1), (1675, 1), (1726, 1), (1739, 1), (1741, 1), (1876, 3), (1954, 2), (2444, 1), (2501, 2), (2640, 6), (2685, 1), (2749, 2), (2750, 2), (3388, 2), (3390, 1), (3476, 2), (4360, 24), (4455, 1), (4502, 1), (4648, 1), (4894, 1)
precipic (DF: 1): (2432, 1)
precipit (DF: 1): (4649, 1)
precis (DF: 13): (460, 1), (1256, 1), (1839, 3), (2440, 1), (2480, 1), (2856, 1), (2943, 1), (3486, 1), (3563, 1), (3584, 2), (3773, 2), (4231, 1), (4707, 1)
precisamo (DF: 1): (2631, 1)
precisando (DF: 1): (2839, 1)
precisar (DF: 1): (3215, 1)
preciso (DF: 1): (2680, 2)
precoci (DF: 1): (1168, 2)
predat (DF: 4): (1204, 1), (3319, 1), (4217, 1), (4326, 1)
predetermin (DF: 1): (2432, 1)
predi (DF: 1): (3903, 1)
predic (DF: 1): (813, 1)
predica (DF: 3): (407, 1), (808, 1), (3713, 1)
predict (DF: 7): (320, 3), (805, 1), (975, 1), (1864, 1), (2462, 1), (2891, 1), (4490, 1)
predik (DF: 1): (3071, 2)
pree (DF: 2): (746, 1), (3992, 1)
pref (DF: 1): (3656, 1)
prefaci (DF: 1): (1687, 1)
prefer (DF: 14): (535, 2), (1345, 2), (1677, 1), (2680, 1), (2730, 1), (2752, 6), (2832, 1), (3095, 2), (3417, 1), (3491, 1), (3717, 1), (4068, 1), (4149, 1), (4221, 2)
prefier (DF: 14): (14, 1), (252, 1), (1022, 1), (1213, 2), (2681, 6), (3028, 9), (3572, 3), (3665, 18), (3881, 6), (3908, 1), (4469, 2), (4479, 1), (4518, 18), (4908, 2)
preg (DF: 3): (63, 1), (3491, 1), (4086, 1)
pregant (DF: 1): (1226, 1)
pregnant (DF: 3): (1150, 1), (3310, 1), (3941, 1)
