sad (DF: 14): (4656, 1), (4662, 1), (4745, 1), (4794, 1), (4811, 1), (4820, 1), (4877, 1), (4896, 5), (4930, 1), (4944, 1), (1506, 1), (1509, 1), (2494, 1), (2495, 1)
sadat (DF: 1): (3985, 1)
sadd (DF: 1): (4764, 1)
saddam (DF: 2): (1177, 1), (2322, 1)
sadder (DF: 2): (434, 7), (975, 1)
saddest (DF: 1): (2126, 2)
saddi (DF: 1): (4421, 1)
saddiq (DF: 1): (3052, 1)
saddl (DF: 6): (738, 6), (2084, 1), (2303, 11), (3185, 1), (3238, 2), (3852, 8)
sade (DF: 2): (1615, 1), (4554, 1)
sadi (DF: 1): (2110, 6)
sadist (DF: 1): (4262, 1)
sadka (DF: 1): (2268, 1)
sadness (DF: 2): (836, 1), (2088, 1)
sadyang (DF: 1): (871, 1)
saegyeonoheun (DF: 1): (32, 1)
saeppalgan (DF: 1): (32, 1)
saf (DF: 1): (1453, 2)
safada (DF: 1): (2680, 3)
safadeza (DF: 1): (2242, 1)
safari (DF: 5): (227, 5), (1598, 4), (2842, 1), (3223, 21), (3248, 1)
safe (DF: 117): (72, 1), (74, 2), (81, 1), (239, 3), (258, 2), (286, 3), (289, 3), (440, 4), (507, 1), (536, 1), (644, 8), (675, 2), (678, 1), (689, 1), (740, 1), (770, 7), (841, 1), (856, 3), (896, 1), (928, 3), (998, 3), (1028, 1), (1058, 2), (1078, 2), (1243, 1), (1250, 1), (1311, 1), (1330, 1), (1339, 3), (1359, 1), (1393, 1), (1400, 3), (1438, 2), (1466, 2), (1480, 1), (1483, 1), (1500, 4), (1554, 2), (1612, 1), (1620, 1), (1658, 1), (1672, 1), (1711, 1), (1718, 1), (1738, 1), (1764, 1), (1823, 1), (1897, 2), (1973, 1), (1977, 1), (2000, 1), (2116, 2), (2121, 1), (2137, 1), (2208, 1), (2228, 1), (2249, 1), (2270, 1), (2441, 1), (2453, 4), (2489, 1), (2494, 1), (2536, 1), (2587, 3), (2697, 1), (2760, 1), (2774, 6), (2787, 18), (2831, 1), (2840, 1), (2858, 1), (2900, 1), (2923, 1), (2947, 1), (2991, 1), (2999, 1), (3008, 2), (3012, 2), (3044, 1), (3073, 1), (3100, 1), (3107, 1), (3238, 1), (3282, 2), (3285, 1), (3292, 1), (3352, 2), (3374, 3), (3543, 1), (3577, 1), (3617, 2), (3700, 2), (3766, 3), (3771, 20), (3810, 1), (3821, 1), (3882, 2), (3930, 1), (3937, 2), (3966, 2), (4047, 3), (4102, 2), (4230, 1), (4333, 1), (4346, 1), (4368, 1), (4418, 3), (4485, 3), (4621, 3), (4629, 1), (4664, 1), (4719, 3), (4897, 1), (4902, 1), (2454, 16), (3153, 1), (3156, 1)
safer (DF: 2): (3674, 2), (4174, 3)
safest (DF: 1): (3796, 1)
safeti (DF: 12): (244, 5), (1124, 1), (1506, 1), (1870, 3), (2147, 7), (2397, 1), (2593, 3), (3565, 1), (3581, 1), (3589, 2), (3792, 20), (4411, 2)
safi (DF: 1): (2729, 1)
safir (DF: 2): (373, 1), (1048, 1)
saftig (DF: 1): (681, 2)
sag (DF: 24): (198, 1), (246, 1), (397, 2), (681, 1), (778, 1), (1214, 3), (1218, 1), (1244, 1), (1715, 1), (1845, 1), (2235, 1), (2463, 1), (2535, 1), (2801, 4), (3254, 1), (3437, 1), (3466, 1), (3932, 1), (3962, 1), (4045, 1), (4192, 2), (4318, 1), (4816, 1), (4842, 1)
saga (DF: 1): (4435, 1)
sagd (DF: 1): (4714, 6)
sage (DF: 4): (267, 2), (1128, 1), (2583, 2), (3565, 1)
saggin (DF: 3): (859, 5), (1805, 1), (3018, 1)
sagipin (DF: 1): (3887, 1)
sagr (DF: 1): (4556, 1)
sagrado (DF: 1): (3305, 2)
sagst (DF: 3): (493, 1), (2463, 2), (4876, 1)
sagt (DF: 14): (681, 1), (880, 1), (1845, 1), (2018, 1), (2328, 3), (2574, 1), (2637, 6), (3409, 4), (3437, 1), (3462, 1), (3570, 3), (3849, 2), (4816, 1), (4876, 3)
sah (DF: 2): (246, 1), (3381, 1)
sahb (DF: 1): (4387, 1)
sahbi (DF: 2): (246, 4), (1177, 1)
sahbo (DF: 1): (246, 6)
saheli (DF: 1): (3669, 1)
sahn (DF: 1): (2328, 1)
sai (DF: 16): (63, 2), (524, 2), (1010, 1), (1072, 2), (1850, 3), (2059, 3), (2242, 3), (2549, 2), (3316, 3), (3491, 2), (3660, 1), (3692, 1), (3717, 1), (4587, 2), (4790, 1), (4992, 1)
saib (DF: 1): (2051, 1)
said (DF: 91): (1, 1), (3, 1), (13, 1), (39, 2), (58, 4), (64, 4), (76, 1), (80, 1), (83, 1), (121, 1), (129, 1), (130, 1), (132, 1), (138, 2), (153, 2), (155, 3), (172, 6), (174, 1), (176, 36), (190, 4), (200, 1), (215, 2), (220, 8), (221, 1), (223, 1), (228, 1), (249, 4), (254, 2), (264, 1), (291, 1), (296, 3), (301, 2), (323, 2), (330, 5), (339, 1), (343, 3), (346, 2), (348, 1), (350, 2), (369, 1), (373, 1), (379, 5), (409, 6), (427, 1), (434, 1), (435, 1), (441, 1), (473, 2), (492, 1), (500, 1), (516, 3), (531, 1), (536, 2), (537, 1), (544, 1), (548, 1), (554, 4), (558, 1), (559, 1), (563, 1), (566, 2), (574, 1), (579, 1), (582, 4), (585, 6), (587, 7), (596, 3), (600, 1), (616, 1), (619, 1), (645, 1), (647, 1), (660, 1), (669, 1), (673, 1), (677, 2), (680, 2), (684, 1), (688, 6), (691, 1), (698, 8), (699, 1), (708, 1), (722, 1), (726, 5), (744, 1), (746, 1), (753, 6), (761, 1), (774, 2), (788, 1)
