remington (DF: 1): (2584, 1)
reminisc (DF: 30): (220, 1), (228, 1), (471, 1), (510, 2), (574, 1), (647, 1), (734, 26), (740, 1), (774, 1), (922, 1), (1227, 1), (1649, 1), (1816, 1), (2054, 1), (2294, 1), (2423, 1), (2907, 2), (2927, 1), (3035, 1), (3152, 1), (3339, 1), (3428, 1), (3663, 10), (3764, 1), (4105, 1), (4460, 1), (4608, 2), (4830, 1), (4874, 1), (4934, 1)
reminiscin (DF: 6): (788, 1), (2332, 1), (2592, 1), (2634, 1), (3350, 1), (4601, 1)
remitz (DF: 1): (1720, 1)
remix (DF: 373): (31, 1), (35, 3), (37, 1), (39, 3), (65, 1), (75, 3), (91, 2), (107, 2), (139, 3), (142, 2), (150, 2), (157, 3), (169, 2), (174, 1), (181, 2), (193, 2), (212, 2), (219, 2), (228, 3), (231, 2), (239, 2), (244, 1), (247, 2), (273, 2), (309, 2), (310, 3), (321, 2), (323, 1), (327, 1), (338, 2), (357, 3), (384, 1), (399, 2), (401, 2), (461, 2), (474, 2), (480, 2), (492, 3), (496, 2), (508, 2), (511, 2), (533, 2), (542, 2), (560, 2), (567, 2), (568, 2), (571, 3), (575, 2), (600, 2), (633, 2), (644, 2), (678, 2), (685, 2), (700, 2), (704, 3), (716, 2), (729, 1), (758, 3), (759, 2), (769, 2), (777, 2), (784, 1), (788, 2), (820, 1), (828, 2), (838, 2), (843, 1), (848, 3), (854, 2), (875, 1), (881, 1), (885, 2), (889, 2), (903, 1), (935, 2), (940, 1), (960, 2), (976, 2), (984, 1), (990, 1), (992, 3), (998, 2), (1020, 2), (1028, 2), (1068, 2), (1075, 3), (1096, 3), (1099, 1), (1100, 2), (1126, 1), (1128, 2), (1129, 2), (1134, 2), (1136, 1), (1137, 1), (1151, 1), (1153, 2), (1155, 1), (1167, 3), (1218, 1), (1221, 2), (1235, 2), (1256, 3), (1266, 2), (1290, 1), (1302, 2), (1331, 1), (1339, 2), (1347, 1), (1357, 2), (1370, 2), (1401, 3), (1402, 1), (1404, 2), (1421, 2), (1453, 2), (1460, 1), (1482, 1), (1496, 3), (1501, 2), (1516, 2), (1517, 2), (1521, 2), (1527, 3), (1536, 1), (1537, 2), (1538, 2), (1543, 2), (1570, 3), (1584, 1), (1631, 4), (1635, 2), (1664, 3), (1680, 2), (1681, 2), (1692, 1), (1694, 2), (1716, 2), (1723, 2), (1749, 2), (1755, 2), (1767, 1), (1785, 2), (1789, 3), (1795, 2), (1798, 2), (1803, 2), (1810, 1), (1832, 3), (1888, 1), (1900, 2), (1919, 2), (1927, 2), (1928, 2), (1949, 1), (1974, 2), (1991, 2), (2005, 1), (2006, 2), (2008, 2), (2027, 2), (2030, 2), (2041, 1), (2083, 1), (2099, 1), (2103, 3), (2138, 2), (2151, 2), (2179, 2), (2217, 3), (2218, 2), (2244, 1), (2265, 3), (2281, 1), (2283, 2), (2295, 3), (2304, 1), (2311, 2), (2321, 2), (2338, 1), (2363, 2), (2369, 2), (2373, 2), (2386, 1), (2403, 2), (2438, 2), (2460, 3), (2468, 2), (2474, 2), (2476, 1), (2481, 1), (2501, 2), (2505, 3), (2532, 1), (2554, 2), (2583, 2), (2593, 1), (2611, 2), (2621, 1), (2641, 1), (2642, 2), (2667, 1), (2671, 2), (2684, 2), (2685, 2), (2703, 2), (2709, 1), (2712, 2), (2719, 1), (2725, 2), (2728, 1), (2730, 2), (2732, 2), (2744, 1), (2758, 1), (2761, 3), (2789, 2), (2799, 3), (2859, 3), (2883, 2), (2893, 2), (2898, 2), (2956, 2), (2961, 3), (2968, 1), (2970, 2), (2976, 4), (2987, 1), (2993, 2), (3008, 2), (3037, 3), (3058, 2), (3066, 1), (3073, 3), (3085, 2), (3086, 2), (3095, 3), (3099, 2), (3115, 1), (3120, 2), (3122, 2), (3141, 2), (3165, 1), (3170, 3), (3181, 2), (3190, 2), (3235, 2), (3243, 3), (3245, 1), (3261, 2), (3297, 2), (3314, 1), (3395, 2), (3398, 3), (3412, 2), (3442, 2), (3448, 3), (3454, 3), (3456, 2), (3464, 2), (3478, 3), (3496, 3), (3515, 2), (3546, 2), (3553, 2), (3555, 2), (3557, 1), (3560, 1), (3567, 3), (3568, 2), (3575, 2), (3592, 1), (3594, 1), (3595, 3), (3618, 3), (3630, 2), (3643, 2), (3645, 2), (3649, 2), (3654, 2), (3661, 2), (3667, 1), (3686, 1), (3689, 2), (3699, 2), (3714, 3), (3724, 2), (3730, 2), (3740, 2), (3768, 2), (3770, 1), (3773, 1), (3787, 2), (3794, 2), (3815, 2), (3816, 2), (3819, 1), (3828, 2), (3848, 1), (3854, 3), (3862, 3), (3892, 1), (3897, 2), (3909, 2), (3925, 1), (3945, 3), (3965, 1), (3992, 1), (3998, 2), (4049, 1), (4055, 2), (4056, 2), (4092, 3), (4106, 1), (4109, 2), (4123, 2), (4133, 2), (4134, 2), (4143, 2), (4178, 2), (4198, 2), (4221, 2), (4285, 1), (4287, 2), (4312, 2), (4316, 2), (4335, 1), (4346, 2), (4371, 3), (4386, 2), (4389, 2), (4392, 2), (4393, 1), (4394, 2), (4414, 2), (4429, 2), (4441, 2), (4442, 2), (4457, 3), (4466, 1), (4473, 2), (4476, 3), (4479, 2), (4489, 2), (4513, 1), (4545, 3), (4568, 2), (4581, 2), (4594, 2), (4626, 2), (4630, 1), (4643, 2), (4646, 3), (4679, 2), (4683, 3), (4688, 3), (4693, 2), (4754, 3), (4760, 1), (4806, 2), (4807, 1), (4819, 2), (4845, 2), (4858, 2), (4861, 2), (4865, 3), (4877, 1), (4889, 3), (4902, 2), (4920, 2), (4928, 2), (4950, 2), (4970, 3)
remmi (DF: 1): (4806, 4)
remnant (DF: 2): (3651, 1), (4853, 1)
remors (DF: 4): (425, 1), (672, 1), (2511, 2), (2906, 1)
remot (DF: 5): (607, 1), (2418, 2), (2789, 1), (2938, 1), (4289, 1)
remov (DF: 13): (49, 2), (765, 2), (1512, 1), (1527, 2), (1566, 1), (1909, 1), (2164, 1), (3116, 1), (3863, 1), (3912, 1), (3929, 3), (4451, 10), (4885, 1)
removin (DF: 1): (4585, 1)
rempl (DF: 1): (598, 1)
remplac (DF: 2): (676, 1), (4614, 1)
remplaz (DF: 1): (4540, 2)
remt (DF: 1): (3748, 1)
remédio (DF: 1): (3838, 1)
ren (DF: 2): (1465, 1), (1741, 1)
renac (DF: 3): (489, 1), (3211, 1), (4518, 1)
rencontr (DF: 1): (3213, 1)
rencor (DF: 2): (3158, 2), (3403, 2)
rend (DF: 6): (776, 1), (813, 1), (2498, 2), (3666, 2), (4197, 1), (4496, 1)
render (DF: 4): (337, 1), (605, 2), (3745, 1), (4047, 1)
rendez (DF: 1): (169, 2)
rendezv (DF: 7): (741, 15), (870, 1), (1573, 2), (2054, 5), (2974, 22), (3542, 2), (3975, 3)
rendr (DF: 2): (1089, 4), (3660, 1)
rene (DF: 1): (448, 1)
renegad (DF: 7): (1135, 1), (1552, 14), (2045, 1), (2954, 7), (3192, 4), (4102, 11), (4411, 1)
renew (DF: 3): (1599, 1), (1959, 1), (3324, 2)
renn (DF: 5): (1177, 1), (1238, 1), (2463, 2), (3381, 3), (4387, 1)
rennen (DF: 3): (1432, 1), (3355, 1), (3748, 1)
rennt (DF: 3): (3437, 4), (3932, 1), (4743, 1)
reno (DF: 1): (3184, 1)
renounc (DF: 1): (3201, 1)
renov (DF: 3): (2180, 2), (3158, 2), (3908, 3)
renovi (DF: 1): (681, 1)
rent (DF: 42): (52, 1), (134, 1), (264, 1), (276, 1), (644, 2), (829, 1), (855, 1), (899, 1), (1026, 4), (1156, 4), (1448, 1), (1552, 1), (1566, 2), (1648, 1), (1688, 1), (1924, 1), (2032, 1), (2145, 1), (2156, 4), (2172, 3), (2192, 1), (2304, 1), (2333, 1), (2472, 1), (2726, 1), (2821, 1), (2962, 4), (3079, 2), (3232, 1), (3310, 1), (3351, 1), (3510, 1), (3618, 1), (3626, 1), (3821, 1), (3914, 1), (3976, 1), (4219, 1), (4226, 1), (4290, 1), (4575, 1), (4955, 1)
rental (DF: 8): (693, 1), (904, 1), (1059, 1), (2619, 1), (3186, 1), (3234, 2), (3589, 1), (4669, 1)
rentr (DF: 3): (34, 1), (3453, 1), (4614, 1)
rentron (DF: 1): (3213, 2)
rentré (DF: 1): (3453, 1)
renuion (DF: 1): (3991, 1)
renunci (DF: 2): (3434, 3), (4496, 1)
renvers (DF: 1): (4088, 1)
renzel (DF: 1): (3628, 1)
reo (DF: 3): (1780, 1), (1810, 20), (2622, 1)
reopen (DF: 1): (1043, 5)
rep (DF: 18): (80, 2), (181, 1), (197, 1), (862, 1), (1021, 1), (1313, 1), (1587, 4), (1896, 1), (2014, 18), (2377, 1), (2405, 1), (2472, 1), (3562, 1), (3634, 1), (4185, 1), (4468, 1), (4503, 1), (4661, 1)
repaid (DF: 1): (510, 2)
repar (DF: 2): (649, 1), (3434, 1)
repara (DF: 1): (2308, 4)
reparei (DF: 1): (3692, 1)
repart (DF: 6): (53, 1), (347, 1), (1159, 1), (2306, 1), (2604, 1), (4912, 1)
reparti (DF: 1): (2604, 1)
repay (DF: 1): (2804, 1)
repeal (DF: 1): (4578, 2)
repeat (DF: 69): (31, 6), (204, 1), (379, 1), (563, 7), (639, 4), (661, 3), (802, 1), (817, 4), (834, 1), (871, 2), (1021, 1), (1036, 1), (1152, 1), (1220, 10), (1253, 1), (1276, 1), (1342, 1), (1363, 1), (1451, 2), (1614, 1), (1673, 2), (1675, 3), (1755, 1), (1865, 3), (1868, 1), (2017, 1), (2030, 3), (2142, 1), (2143, 1), (2201, 1), (2213, 1), (2238, 1), (2278, 1), (2392, 1), (2416, 1), (2512, 1), (2753, 4), (2756, 1), (2789, 2), (2792, 2), (2824, 1), (2884, 3), (2887, 1), (2909, 10), (2927, 1), (2993, 4), (3065, 1), (3288, 1), (3414, 1), (3452, 4), (3485, 2), (3498, 1), (3544, 1), (3655, 2), (3691, 1), (3714, 1), (3789, 1), (3937, 2), (3963, 1), (4201, 3), (4243, 1), (4303, 1), (4446, 1), (4476, 1), (4546, 9), (4563, 2), (4625, 1), (4690, 1), (4983, 2)
repent (DF: 13): (86, 2), (284, 2), (536, 7), (679, 4), (1006, 1), (1133, 1), (1618, 1), (2480, 1), (2746, 1), (3707, 2), (4177, 1), (4377, 1), (4671, 2)
reper (DF: 1): (540, 1)
reperes (DF: 1): (3538, 1)
repet (DF: 9): (996, 1), (1133, 2), (1307, 4), (2429, 2), (2642, 2), (4081, 1), (4246, 1), (4568, 2), (4704, 2)
repeticion (DF: 1): (1398, 1)
repetit (DF: 1): (1325, 1)
repic (DF: 1): (1476, 12)
repit (DF: 14): (875, 1), (982, 2), (1307, 2), (1411, 1), (2488, 1), (3588, 2), (3722, 1), (4219, 1), (4236, 1), (4347, 1), (4496, 1), (4550, 2), (4567, 8), (4763, 4)
repital (DF: 2): (4567, 2), (4763, 1)
repitam (DF: 3): (14, 1), (4567, 2), (4763, 1)
repitel (DF: 2): (1254, 2), (3816, 3)
replac (DF: 36): (1137, 1), (1138, 1), (1189, 1), (1229, 2), (1374, 2), (1393, 1), (1405, 1), (1545, 1), (1707, 1), (1709, 1), (1718, 1), (1737, 4), (1791, 1), (1854, 1), (2146, 8), (2197, 2), (2510, 1), (2627, 1), (2740, 4), (2862, 1), (2902, 1), (2935, 1), (2940, 1), (3317, 7), (3484, 2), (3530, 1), (3786, 2), (3807, 2), (4240, 1), (4364, 1), (4466, 1), (4612, 1), (4693, 1), (4732, 1), (4848, 1), (4934, 1)
replay (DF: 9): (131, 1), (589, 1), (609, 2), (1028, 1), (1299, 1), (1831, 2), (2591, 12), (3937, 2), (4712, 2)
replayin (DF: 1): (2761, 1)
replenish (DF: 1): (3483, 1)
replet (DF: 3): (1519, 2), (1563, 1), (1686, 1)
repli (DF: 27): (222, 1), (291, 3), (365, 2), (563, 1), (901, 4), (1078, 2), (1396, 1), (1638, 1), (1646, 1), (1882, 4), (1913, 1), (1952, 2), (2390, 3), (2453, 4), (2557, 1), (2592, 1), (2669, 1), (2768, 1), (3188, 2), (3201, 1), (3325, 8), (3707, 2), (3751, 1), (4313, 1), (4621, 3), (4719, 3), (4880, 1)
replic (DF: 2): (3983, 3), (4102, 1)
replica (DF: 1): (2356, 1)
repon (DF: 1): (4445, 3)
repong (DF: 1): (3666, 1)
report (DF: 8): (345, 2), (646, 1), (823, 1), (1079, 6), (2181, 1), (2216, 3), (4627, 1), (4746, 1)
reppin (DF: 10): (26, 3), (603, 2), (1002, 2), (1029, 1), (1471, 1), (1588, 1), (2211, 3), (3278, 2), (4045, 1), (4585, 1)
