nightmar (DF: 10): (3148, 1), (3200, 1), (3361, 1), (3499, 1), (3776, 1), (4153, 2), (4298, 1), (4337, 2), (4708, 1), (4727, 1)
nightshad (DF: 1): (636, 1)
nightshift (DF: 1): (4892, 15)
nightz (DF: 1): (369, 1)
nigiott (DF: 1): (3316, 1)
nigo (DF: 1): (4620, 1)
nigth (DF: 1): (2536, 1)
nigun (DF: 1): (3631, 3)
nihil (DF: 1): (1240, 1)
niic (DF: 1): (4751, 1)
nijimu (DF: 1): (1102, 1)
nik (DF: 22): (401, 1), (484, 1), (508, 1), (778, 1), (1077, 5), (1161, 1), (1177, 1), (1619, 1), (1736, 1), (2383, 6), (2881, 2), (3104, 8), (3108, 1), (3409, 1), (3630, 1), (3748, 2), (4124, 2), (4467, 4), (4607, 1), (4651, 1), (4665, 5), (4849, 1)
nike (DF: 12): (155, 3), (185, 1), (240, 2), (537, 1), (1706, 1), (2612, 6), (2651, 2), (2680, 1), (2737, 3), (3248, 2), (3913, 1), (4941, 1)
nikeschuh (DF: 1): (3048, 1)
niketasch (DF: 1): (2574, 1)
niki (DF: 1): (3342, 1)
nikka (DF: 1): (402, 1)
nikki (DF: 5): (426, 1), (2474, 1), (3414, 1), (3484, 7), (4624, 1)
nikl (DF: 1): (149, 1)
nikla (DF: 1): (149, 1)
nikt (DF: 1): (4761, 1)
niku (DF: 1): (661, 1)
ników (DF: 1): (1197, 1)
nila (DF: 1): (4563, 2)
nile (DF: 5): (548, 1), (1062, 2), (3369, 2), (3541, 1), (3699, 2)
niligawan (DF: 1): (3887, 1)
nilsson (DF: 1): (79, 2)
nim (DF: 1): (250, 1)
nimbl (DF: 1): (3164, 1)
nimic (DF: 1): (335, 2)
nimm (DF: 6): (246, 2), (437, 1), (1176, 1), (1583, 2), (3067, 15), (4743, 1)
nimmo (DF: 1): (421, 1)
nimmt (DF: 2): (2078, 1), (3437, 1)
nimoy88 (DF: 1): (270, 1)
nin (DF: 3): (1478, 1), (2898, 5), (4844, 1)
nina (DF: 5): (2493, 1), (2759, 1), (2895, 1), (4281, 1), (4880, 1)
nine (DF: 72): (72, 1), (183, 2), (200, 1), (224, 1), (303, 4), (441, 2), (462, 1), (646, 1), (841, 1), (842, 3), (870, 2), (975, 1), (980, 2), (1021, 1), (1275, 3), (1326, 1), (1430, 1), (1488, 1), (1547, 1), (1594, 1), (1606, 1), (1679, 1), (1694, 1), (1833, 1), (1972, 1), (2081, 1), (2147, 2), (2160, 1), (2177, 1), (2216, 1), (2220, 1), (2230, 1), (2464, 2), (2562, 1), (2572, 1), (2584, 3), (2592, 1), (2609, 1), (2687, 1), (2692, 1), (2735, 2), (2778, 1), (2844, 2), (2849, 1), (2852, 1), (2942, 1), (2991, 1), (3084, 3), (3156, 1), (3238, 1), (3298, 1), (3330, 2), (3392, 1), (3525, 1), (3597, 1), (3612, 1), (3807, 2), (3821, 8), (3900, 1), (3913, 1), (3949, 3), (4059, 1), (4163, 1), (4381, 3), (4533, 1), (4537, 1), (4641, 1), (4746, 3), (4787, 1), (4907, 1), (4266, 2), (4267, 1)
nineteen (DF: 1): (4284, 7)
nineti (DF: 11): (966, 1), (1547, 1), (1722, 1), (2147, 1), (2160, 1), (2628, 2), (2676, 1), (3018, 1), (4163, 1), (4736, 7), (4746, 1)
ninetto (DF: 1): (4145, 1)
ninfoman (DF: 1): (4484, 2)
ning (DF: 3): (2836, 2), (3050, 4), (4151, 2)
ningun (DF: 44): (14, 1), (256, 1), (269, 4), (276, 1), (345, 2), (371, 6), (403, 1), (444, 1), (889, 1), (982, 2), (1109, 1), (1112, 6), (1284, 1), (1296, 1), (1682, 1), (1752, 6), (1907, 1), (1966, 6), (2336, 3), (2351, 3), (2604, 1), (2792, 1), (3062, 1), (3078, 7), (3211, 1), (3342, 2), (3351, 1), (3401, 1), (3580, 2), (3666, 2), (3876, 1), (4009, 1), (4143, 1), (4152, 1), (4180, 1), (4257, 5), (4285, 1), (4448, 1), (4469, 2), (4515, 1), (4568, 1), (4702, 4), (4729, 1), (4916, 1)
ninguna (DF: 1): (2277, 1)
ninguém (DF: 6): (213, 2), (1278, 1), (2539, 2), (2651, 2), (2711, 6), (4357, 1)
ninja (DF: 6): (213, 1), (1922, 1), (2045, 1), (2682, 1), (3010, 1), (4839, 2)
ninni (DF: 1): (3254, 1)
nino (DF: 1): (4575, 1)
ninquén (DF: 1): (2636, 1)
ninshu (DF: 1): (3565, 1)
nintendo (DF: 5): (2569, 1), (2692, 1), (4069, 1), (4824, 1), (4914, 2)
ninth (DF: 1): (1092, 1)
ninu (DF: 1): (430, 2)
nio (DF: 4): (889, 2), (1655, 1), (3839, 1), (3897, 1)
niooo (DF: 1): (3897, 1)
nioraf (DF: 1): (3897, 1)
nios (DF: 1): (4023, 1)
nip (DF: 3): (759, 1), (1850, 1), (3597, 1)
nippl (DF: 1): (672, 1)
niqu (DF: 4): (637, 1), (1177, 1), (3909, 1), (4088, 1)
niro (DF: 2): (1661, 1), (4714, 1)
nirvana (DF: 6): (2581, 1), (2867, 2), (2991, 1), (3143, 1), (3734, 2), (4850, 4)
nissan (DF: 1): (2927, 1)
nisso (DF: 1): (3497, 1)
nite (DF: 5): (257, 4), (1355, 4), (1440, 1), (2756, 1), (3604, 4)
nitemi (DF: 1): (430, 1)
nitong (DF: 1): (4910, 1)
nitro (DF: 3): (1183, 2), (3250, 4), (4360, 3)
nitron (DF: 1): (3510, 2)
nitti (DF: 4): (197, 5), (3201, 1), (3273, 8), (3500, 1)
nitwit (DF: 1): (4866, 1)
nitzer (DF: 1): (979, 1)
niunia (DF: 1): (908, 1)
nivea (DF: 1): (2157, 1)
niveau (DF: 1): (2759, 1)
nivel (DF: 1): (53, 1)
