life (DF: 292): (4943, 1), (4946, 2), (4947, 2), (4950, 12), (4957, 1), (4969, 8), (4971, 1), (4974, 6), (4980, 5), (4984, 1), (4990, 1), (4999, 1), (3, 1), (5, 4), (25, 2), (26, 1), (71, 3), (72, 5), (93, 6), (95, 2), (144, 2), (145, 4), (147, 4), (148, 3), (175, 1), (176, 1), (182, 1), (183, 2), (205, 2), (206, 5), (240, 2), (241, 3), (285, 4), (286, 1), (289, 1), (290, 1), (299, 8), (300, 1), (380, 5), (383, 4), (385, 2), (406, 2), (407, 2), (408, 1), (455, 4), (456, 7), (461, 3), (462, 7), (478, 2), (479, 1), (546, 9), (547, 1), (570, 3), (571, 8), (573, 8), (574, 1), (595, 1), (596, 6), (606, 1), (607, 2), (620, 6), (621, 1), (780, 10), (781, 3), (860, 1), (862, 1), (901, 2), (903, 2), (930, 2), (931, 8), (932, 1), (933, 8), (967, 3), (969, 3), (1082, 26), (1083, 2), (1084, 1), (1103, 1), (1104, 2), (1129, 1), (1130, 1), (1223, 1), (1224, 1), (1282, 5), (1283, 8), (1285, 2), (1287, 1), (1329, 1), (1330, 1), (1356, 1), (1357, 2), (1392, 2), (1393, 2), (1400, 2), (1401, 4), (1429, 1), (1430, 1), (1507, 1), (1508, 1), (1512, 2), (1513, 1), (1522, 3), (1525, 1), (1533, 1), (1534, 1), (1550, 4), (1551, 7), (1580, 7), (1581, 3), (1599, 1), (1601, 1), (1699, 6), (1700, 2), (1744, 2), (1745, 3), (1804, 1), (1805, 1), (1891, 1), (1892, 1), (1911, 2), (1912, 1), (1956, 2), (1957, 2), (1990, 2), (1992, 1), (2067, 6), (2068, 1), (2071, 2), (2072, 1), (2160, 1), (2161, 2), (2363, 2), (2364, 1), (2372, 7), (2374, 1), (2395, 1), (2397, 3), (2411, 1), (2412, 1), (2438, 2), (2440, 1), (2495, 1), (2497, 1), (2506, 2), (2508, 1), (2520, 2), (2521, 4), (2626, 1), (2627, 1), (2684, 2), (2685, 1), (2697, 5), (2698, 1), (2726, 1), (2728, 2), (2786, 4), (2787, 1), (2844, 3), (2845, 1), (2866, 1), (2867, 2), (2907, 2), (2908, 1), (2928, 4), (2929, 1), (2982, 1), (2984, 1), (3102, 2), (3103, 1), (3138, 1), (3139, 1), (3201, 1), (3204, 1), (3217, 1), (3218, 1), (3229, 1), (3230, 1), (3299, 4), (3300, 2), (3330, 31), (3331, 4), (3370, 2), (3371, 3), (3374, 1), (3406, 3), (3407, 1), (3464, 1), (3465, 1), (3499, 1), (3500, 3), (3624, 2), (3626, 13), (3627, 2), (3747, 3), (3748, 3), (3772, 1), (3773, 1), (3783, 1), (3784, 1), (3797, 2), (3799, 2), (3810, 2), (3811, 1), (3825, 2), (3827, 2), (3828, 3), (3877, 3), (3878, 1), (3879, 4), (3880, 1), (3899, 3), (3901, 1), (3939, 2), (3940, 2), (3976, 3), (3977, 1), (4022, 4), (4023, 1), (4138, 5), (4139, 3), (4144, 9), (4145, 1), (4232, 11), (4234, 6), (4240, 2), (4241, 4), (4254, 1), (4255, 5), (4261, 2), (4262, 1), (4279, 1), (4281, 2), (4309, 3), (4310, 4), (4320, 2), (4323, 5), (4328, 1), (4330, 1), (4383, 2), (4385, 3), (4401, 1), (4402, 3), (4429, 1), (4432, 1), (4447, 45), (4449, 3), (4450, 1), (4459, 1), (4460, 1), (4573, 1), (4575, 1), (4592, 3), (4593, 1), (4636, 2), (4637, 4), (4645, 1), (4647, 1), (4730, 6), (4731, 3), (4732, 1), (4773, 2), (4774, 12), (4844, 2), (4845, 2), (4855, 1), (4856, 3), (4881, 2), (4882, 1), (4896, 10), (4897, 1), (463, 1), (464, 1), (2117, 1), (2119, 1), (2120, 1), (2385, 1), (2386, 4), (2387, 2), (2436, 4), (2437, 1), (2932, 5), (2934, 4), (2935, 1), (2952, 1), (2954, 4), (2956, 1), (4069, 1), (4070, 1), (4071, 2), (4155, 3), (4156, 6), (4157, 3)
lifeboat (DF: 2): (1144, 1), (4809, 1)
lifeless (DF: 2): (1819, 3), (4974, 1)
lifelin (DF: 2): (1021, 2), (3953, 1)
lifelong (DF: 2): (1026, 1), (2525, 2)
lifer (DF: 1): (1922, 1)
lifespan (DF: 1): (4740, 1)
lifestyl (DF: 12): (155, 12), (183, 1), (469, 1), (825, 1), (1031, 1), (1773, 1), (2228, 1), (2397, 4), (2423, 1), (2704, 2), (3100, 1), (4972, 1)
lifestylez (DF: 1): (159, 1)
lifetim (DF: 25): (258, 1), (308, 1), (348, 1), (574, 1), (668, 1), (850, 1), (1032, 2), (1634, 1), (1656, 1), (1726, 1), (1906, 17), (2008, 2), (2071, 1), (2296, 1), (2506, 1), (2760, 2), (2804, 1), (3055, 26), (3161, 1), (3168, 1), (3282, 4), (3402, 1), (3741, 1), (4525, 2), (4979, 1)
lift (DF: 54): (16, 10), (148, 2), (200, 1), (419, 2), (517, 1), (575, 2), (800, 1), (978, 6), (1096, 1), (1097, 1), (1223, 1), (1290, 4), (1346, 3), (1444, 2), (1533, 1), (1624, 1), (1640, 18), (1767, 21), (1986, 3), (2128, 2), (2285, 1), (2313, 1), (2583, 4), (2735, 1), (2753, 1), (2848, 4), (2854, 2), (2888, 2), (2936, 1), (2964, 7), (3029, 3), (3075, 1), (3112, 1), (3251, 1), (3276, 1), (3289, 8), (3292, 1), (3429, 2), (3446, 3), (3649, 1), (3729, 1), (3747, 3), (3923, 1), (3938, 1), (4104, 1), (4231, 10), (4240, 1), (4435, 4), (4508, 1), (4574, 1), (4592, 5), (4602, 2), (4656, 1), (4660, 1)
