mart (DF: 10): (836, 2), (891, 1), (1112, 1), (1478, 2), (1826, 1), (1842, 3), (2336, 1), (2564, 3), (2648, 1), (4666, 1)
marta (DF: 1): (183, 1)
martell (DF: 1): (1677, 1)
martha (DF: 2): (40, 1), (4589, 1)
marti (DF: 2): (1157, 1), (4811, 6)
martian (DF: 2): (673, 1), (4895, 6)
martill (DF: 4): (364, 2), (1631, 1), (4469, 2), (4560, 1)
martillart (DF: 1): (1803, 1)
martin (DF: 40): (12, 1), (222, 1), (459, 1), (471, 1), (558, 1), (655, 1), (667, 2), (935, 1), (954, 1), (957, 1), (961, 1), (1339, 1), (1348, 1), (1397, 1), (1424, 1), (1472, 1), (1810, 2), (1982, 1), (2039, 1), (2170, 1), (2201, 1), (2349, 1), (2620, 2), (2683, 1), (2774, 1), (2941, 1), (3058, 2), (3226, 2), (3394, 1), (3603, 1), (3836, 1), (3923, 1), (4029, 1), (4221, 1), (4514, 2), (4590, 1), (4865, 2), (4896, 1), (4905, 2), (4946, 1)
martini (DF: 1): (645, 1)
martyr (DF: 7): (693, 1), (2410, 1), (2612, 1), (3417, 1), (3563, 1), (3982, 3), (4119, 1)
marvel (DF: 7): (510, 1), (1230, 1), (2101, 2), (3726, 1), (3731, 1), (4103, 1), (4978, 2)
marvelous (DF: 1): (4088, 1)
marvin (DF: 15): (138, 1), (582, 2), (1055, 1), (1431, 1), (1471, 1), (1499, 1), (1566, 1), (2269, 1), (2375, 2), (2465, 1), (2865, 4), (4374, 1), (4443, 1), (4793, 3), (4892, 2)
marx (DF: 1): (3164, 1)
mary (DF: 3): (450, 1), (681, 1), (1485, 1)
maryland (DF: 3): (2561, 1), (3184, 1), (3268, 1)
marys (DF: 1): (681, 1)
marz (DF: 1): (885, 4)
marzahn (DF: 1): (2170, 1)
marzeni (DF: 1): (3744, 4)
marzz (DF: 1): (4906, 1)
mas (DF: 86): (44, 1), (87, 1), (213, 4), (276, 2), (364, 2), (366, 1), (371, 2), (476, 1), (480, 1), (489, 2), (871, 2), (972, 5), (1072, 1), (1098, 1), (1141, 4), (1183, 2), (1278, 2), (1305, 3), (1379, 7), (1486, 2), (1633, 8), (1659, 3), (1686, 2), (1787, 4), (1788, 1), (2043, 1), (2088, 2), (2242, 2), (2306, 7), (2316, 1), (2322, 1), (2530, 1), (2604, 6), (2606, 3), (2651, 2), (2680, 4), (2805, 1), (2814, 1), (2839, 9), (2986, 2), (3007, 1), (3080, 6), (3106, 1), (3111, 4), (3215, 1), (3279, 1), (3351, 2), (3353, 1), (3358, 4), (3364, 1), (3399, 8), (3467, 5), (3479, 8), (3489, 1), (3497, 4), (3504, 7), (3555, 2), (3590, 1), (3609, 6), (3692, 3), (3697, 2), (3723, 1), (3757, 4), (3838, 1), (3853, 2), (3870, 1), (3898, 2), (3916, 1), (4009, 2), (4167, 3), (4210, 29), (4258, 2), (4288, 1), (4434, 7), (4518, 5), (4591, 2), (4605, 2), (4659, 4), (4678, 2), (4709, 6), (4729, 4), (4769, 4), (4780, 1), (4799, 1), (4852, 3), (4879, 1)
masa (DF: 2): (1836, 1), (3744, 2)
masacr (DF: 1): (4515, 1)
masaj (DF: 2): (2877, 1), (3996, 1)
masaya (DF: 2): (1489, 1), (4910, 1)
masc (DF: 4): (9, 1), (2316, 2), (2354, 1), (2604, 1)
mascara (DF: 1): (3776, 1)
mascaracachimb (DF: 1): (2306, 1)
masch (DF: 3): (1715, 1), (2881, 1), (4743, 1)
mascher (DF: 1): (3210, 1)
mascolo (DF: 1): (301, 1)
mascot (DF: 2): (1391, 3), (3278, 2)
mase (DF: 3): (1094, 3), (3101, 1), (4222, 2)
masego (DF: 3): (3036, 1), (3277, 1), (4943, 1)
maserati (DF: 5): (151, 1), (1218, 1), (3010, 1), (4341, 1), (4559, 2)
maseratis (DF: 1): (1238, 1)
maseta (DF: 1): (3902, 1)
mash (DF: 9): (182, 1), (369, 1), (1477, 2), (1924, 1), (2958, 48), (3322, 2), (3957, 1), (3992, 7), (4576, 1)
mashakil (DF: 1): (4387, 1)
mashi (DF: 1): (441, 1)
mashin (DF: 2): (1343, 1), (2076, 1)
masi (DF: 2): (439, 1), (3427, 1)
mask (DF: 29): (528, 2), (592, 1), (841, 1), (928, 1), (1015, 3), (1045, 1), (1177, 1), (1420, 1), (1477, 1), (1629, 1), (1715, 1), (1922, 1), (2014, 73), (2026, 1), (2100, 2), (2594, 1), (2609, 1), (2676, 1), (2878, 1), (3188, 2), (3589, 1), (3594, 1), (4012, 2), (4282, 1), (4319, 1), (4527, 1), (4603, 1), (4641, 1), (4690, 1)
maskeret (DF: 1): (2759, 1)
maskiert (DF: 1): (1238, 1)
mason (DF: 3): (1899, 1), (2045, 2), (3107, 2)
masoqu (DF: 2): (46, 1), (4507, 2)
masqu (DF: 1): (4049, 3)
masquerad (DF: 3): (2458, 1), (3511, 1), (3662, 1)
masquier (DF: 1): (2814, 2)
mass (DF: 22): (200, 1), (493, 1), (1238, 3), (1480, 1), (1548, 1), (1715, 1), (2006, 1), (2032, 3), (2422, 1), (2463, 1), (2507, 2), (2535, 2), (2562, 1), (2798, 1), (3019, 18), (3855, 2), (3962, 1), (4522, 1), (4613, 1), (4701, 3), (4842, 1), (4866, 1)
massacr (DF: 5): (904, 1), (1315, 1), (2440, 1), (3773, 1), (3800, 1)
massag (DF: 7): (536, 3), (926, 1), (1661, 1), (1916, 1), (2192, 1), (3149, 1), (4085, 1)
massak (DF: 1): (2194, 1)
massari (DF: 2): (151, 7), (2463, 1)
masseus (DF: 2): (1555, 1), (4122, 1)
massgeschneidert (DF: 1): (4124, 1)
massim (DF: 1): (4992, 1)
mast (DF: 4): (628, 1), (3067, 3), (4692, 1), (4908, 2)
masta (DF: 1): (681, 1)
mastant (DF: 1): (127, 1)
master (DF: 53): (90, 2), (166, 1), (183, 1), (247, 2), (404, 2), (804, 1), (1006, 2), (1216, 1), (1513, 1), (1534, 1), (1548, 2), (1612, 1), (1705, 1), (1728, 2), (1733, 1), (1790, 1), (1801, 1), (1833, 1), (1836, 1), (1856, 1), (1900, 2), (2221, 1), (2393, 1), (2472, 1), (2521, 1), (2706, 1), (2901, 1), (2960, 1), (3065, 1), (3156, 1), (3183, 1), (3184, 2), (3203, 1), (3238, 1), (3249, 2), (3289, 1), (3347, 3), (3356, 1), (3386, 1), (3543, 1), (3565, 1), (3594, 15), (3781, 4), (3855, 4), (4094, 1), (4279, 1), (4407, 1), (4477, 1), (4532, 1), (4533, 2), (4541, 2), (4731, 1), (4788, 2)
mastermind (DF: 5): (2562, 1), (2649, 1), (2706, 1), (4127, 1), (4827, 3)
masterpiec (DF: 6): (350, 1), (984, 1), (1279, 1), (2231, 1), (3861, 1), (4221, 2)
mastic (DF: 1): (3723, 1)
mastodon (DF: 1): (3012, 1)
mastro (DF: 1): (392, 2)
masturb (DF: 4): (691, 1), (1813, 1), (3356, 1), (4880, 1)
masulyapan (DF: 1): (3150, 1)
masz (DF: 3): (1918, 1), (4311, 1), (4761, 1)
mat (DF: 68): (44, 1), (109, 4), (210, 1), (217, 1), (256, 1), (276, 2), (353, 1), (364, 6), (366, 1), (371, 2), (444, 1), (540, 1), (567, 6), (667, 1), (707, 1), (1039, 1), (1109, 12), (1296, 1), (1370, 1), (1379, 1), (1582, 5), (1631, 2), (1677, 1), (1686, 1), (1966, 3), (2033, 3), (2092, 1), (2107, 2), (2309, 3), (2316, 1), (2351, 1), (2604, 2), (2668, 1), (2814, 1), (2877, 2), (2967, 1), (2972, 2), (3006, 4), (3062, 2), (3278, 2), (3290, 4), (3351, 2), (3358, 2), (3401, 1), (3403, 6), (3489, 1), (3504, 1), (3569, 2), (3586, 2), (3609, 4), (3876, 2), (3903, 1), (3908, 1), (3916, 1), (4088, 1), (4180, 3), (4186, 2), (4193, 4), (4210, 8), (4236, 1), (4246, 1), (4479, 1), (4515, 2), (4560, 1), (4605, 1), (4729, 1), (4799, 5), (4916, 1)
mata (DF: 4): (871, 1), (4012, 1), (4657, 1), (4815, 1)
matador (DF: 1): (2656, 1)
matam (DF: 4): (1112, 5), (1255, 3), (2898, 5), (3669, 2)
matanz (DF: 1): (1411, 1)
matar (DF: 3): (1278, 4), (1415, 1), (1787, 1)
matarn (DF: 2): (1563, 1), (3853, 1)
matart (DF: 3): (1481, 2), (2877, 1), (4799, 2)
matat (DF: 1): (44, 1)
matatakot (DF: 1): (4563, 1)
mataya (DF: 1): (3063, 1)
match (DF: 46): (40, 2), (47, 1), (140, 2), (285, 1), (433, 1), (510, 2), (602, 2), (636, 3), (746, 1), (774, 1), (991, 1), (1014, 1), (1045, 1), (1313, 1), (1344, 1), (1403, 1), (1472, 4), (1635, 1), (1674, 1), (1896, 1), (1959, 1), (2013, 1), (2057, 1), (2083, 1), (2143, 1), (2168, 10), (2181, 4), (2256, 1), (2522, 2), (2899, 4), (2972, 4), (3248, 1), (3320, 1), (3374, 1), (3486, 1), (3801, 2), (4052, 1), (4124, 1), (4127, 2), (4446, 1), (4696, 1), (4762, 1), (4770, 1), (4877, 1), (4955, 1), (4956, 1)
matchin (DF: 2): (322, 4), (4956, 1)
mate (DF: 14): (816, 1), (928, 2), (935, 2), (1497, 1), (1503, 1), (2025, 1), (2259, 1), (2832, 1), (3132, 1), (3277, 1), (3294, 1), (3364, 2), (3723, 1), (4627, 1)
