ten (DF: 74): (2923, 1), (2951, 2), (2999, 1), (3031, 1), (3033, 2), (3152, 2), (3164, 1), (3171, 1), (3197, 2), (3234, 2), (3248, 1), (3298, 1), (3311, 1), (3393, 1), (3444, 2), (3459, 2), (3484, 1), (3504, 1), (3593, 1), (3596, 1), (3608, 3), (3612, 1), (3635, 1), (3641, 1), (3657, 1), (3663, 2), (3694, 4), (3722, 2), (3769, 1), (3799, 1), (3823, 1), (3852, 4), (3931, 1), (3985, 1), (3986, 1), (3999, 2), (4004, 1), (4028, 1), (4056, 2), (4078, 1), (4129, 7), (4209, 2), (4266, 12), (4281, 2), (4296, 1), (4311, 1), (4325, 2), (4356, 2), (4358, 2), (4430, 1), (4481, 1), (4544, 1), (4553, 2), (4568, 2), (4582, 2), (4632, 12), (4659, 4), (4681, 1), (4787, 1), (4809, 1), (4818, 21), (4859, 1), (4890, 1), (4905, 1), (4907, 1), (4931, 1), (4944, 1), (4995, 1), (1152, 1), (1153, 1), (2703, 1), (2705, 1), (4490, 1), (4491, 1)
tenaci (DF: 1): (3562, 1)
tenant (DF: 3): (579, 1), (1150, 1), (1837, 1)
tend (DF: 21): (72, 2), (93, 2), (429, 1), (576, 2), (583, 1), (959, 2), (1562, 2), (1788, 1), (1801, 1), (2171, 2), (2182, 1), (2283, 1), (2326, 1), (2672, 1), (2780, 1), (2826, 1), (3073, 1), (3153, 1), (3347, 4), (3995, 1), (4044, 1)
tendenc (DF: 4): (1329, 1), (1910, 1), (2713, 1), (3117, 1)
tender (DF: 36): (7, 10), (72, 1), (164, 1), (286, 1), (473, 1), (543, 2), (803, 1), (850, 4), (926, 7), (1012, 1), (1373, 9), (1417, 2), (1620, 1), (1638, 1), (1738, 1), (1856, 1), (1876, 3), (1916, 7), (2223, 2), (2239, 1), (2678, 1), (2749, 2), (3038, 1), (3081, 3), (3149, 7), (3207, 1), (3636, 1), (3865, 1), (4085, 7), (4230, 1), (4317, 2), (4564, 3), (4675, 1), (4748, 3), (4805, 1), (4969, 1)
tendeu (DF: 1): (3353, 1)
tenedor (DF: 1): (2967, 1)
tenem (DF: 5): (444, 1), (1259, 6), (1284, 1), (2739, 1), (4651, 2)
tenement (DF: 1): (4844, 1)
tenert (DF: 23): (725, 1), (889, 1), (1013, 2), (1112, 10), (1665, 1), (1967, 4), (1974, 1), (2429, 1), (2473, 1), (2488, 1), (2529, 2), (2617, 4), (3006, 2), (3536, 2), (3757, 4), (3981, 1), (4011, 8), (4180, 3), (4195, 2), (4344, 3), (4797, 1), (4879, 1), (4886, 4)
teneryfa (DF: 1): (4358, 4)
teng (DF: 2): (3316, 1), (3985, 1)
tenga (DF: 1): (2277, 1)
tengo (DF: 4): (1087, 4), (3076, 1), (3146, 2), (4267, 2)
tenho (DF: 7): (213, 7), (1072, 1), (1979, 1), (2711, 1), (2839, 16), (3467, 2), (3838, 1)
teni (DF: 6): (87, 1), (252, 1), (2606, 2), (2817, 1), (4009, 1), (4288, 1)
tenis (DF: 1): (178, 1)
tennakey (DF: 1): (4226, 1)
tennese (DF: 1): (922, 1)
tennesse (DF: 7): (1477, 1), (3332, 10), (3594, 1), (3612, 1), (3675, 1), (4226, 1), (4254, 1)
tenni (DF: 3): (1150, 1), (1547, 1), (1904, 1)
tennill (DF: 1): (2367, 1)
tens (DF: 16): (14, 1), (159, 1), (1313, 1), (1618, 1), (2334, 1), (2691, 1), (2957, 1), (2964, 1), (3263, 1), (3387, 1), (3796, 1), (3903, 1), (4009, 1), (4434, 1), (4537, 1), (4641, 1)
tension (DF: 15): (12, 4), (340, 4), (802, 1), (896, 3), (1178, 1), (2058, 3), (2181, 2), (2334, 1), (3020, 1), (3043, 1), (3522, 1), (3898, 1), (4102, 1), (4625, 1), (4912, 1)
tent (DF: 4): (3019, 1), (4803, 5), (4849, 1), (4880, 1)
tenta (DF: 4): (1072, 1), (1278, 1), (1659, 1), (1881, 2)
tentacion (DF: 4): (1027, 1), (2948, 14), (3569, 1), (4236, 1)
tentamo (DF: 1): (1659, 1)
tentar (DF: 2): (3215, 2), (3353, 1)
tenth (DF: 3): (1833, 1), (3178, 1), (3272, 2)
tentou (DF: 1): (4167, 1)
tenu (DF: 1): (4986, 2)
teo (DF: 2): (567, 3), (1556, 1)
teodor (DF: 1): (2681, 2)
teojil (DF: 1): (3690, 1)
teor (DF: 1): (4702, 1)
teorem (DF: 1): (4288, 1)
tep (DF: 3): (770, 1), (2481, 1), (4417, 1)
teppichmess (DF: 1): (1244, 1)
tequil (DF: 15): (12, 2), (86, 9), (1800, 1), (2743, 1), (2972, 4), (3070, 2), (3111, 2), (3308, 1), (3851, 3), (4081, 1), (4186, 2), (4207, 9), (4659, 2), (4702, 1), (4790, 1)
tequila (DF: 8): (273, 4), (306, 1), (552, 1), (1490, 1), (1606, 1), (2464, 2), (3330, 2), (3524, 1)
ter (DF: 9): (213, 1), (1072, 3), (1183, 1), (1787, 3), (2687, 1), (3219, 80), (3353, 1), (3467, 6), (3838, 3)
tera (DF: 2): (1834, 2), (4985, 5)
teraz (DF: 4): (908, 3), (1197, 2), (4358, 2), (4761, 1)
terc (DF: 2): (312, 1), (1788, 1)
tercer (DF: 2): (86, 2), (724, 1)
tere (DF: 5): (149, 2), (1834, 2), (2086, 4), (4686, 1), (4985, 5)
terenc (DF: 1): (3962, 1)
teresa (DF: 1): (2462, 1)
teri (DF: 5): (149, 1), (1834, 2), (2086, 4), (4421, 1), (4985, 3)
teria (DF: 1): (1183, 1)
term (DF: 2): (259, 1), (1299, 3)
