governor (DF: 3): (1873, 2), (3985, 1), (4962, 1)
gow (DF: 2): (2740, 1), (2829, 1)
gown (DF: 5): (1094, 1), (1697, 2), (2362, 1), (4250, 1), (4842, 2)
goya (DF: 1): (4345, 2)
goyard (DF: 5): (268, 4), (2619, 1), (3628, 1), (4506, 1), (4661, 1)
goz (DF: 18): (24, 1), (252, 1), (328, 1), (364, 2), (707, 1), (1005, 6), (1307, 1), (1476, 2), (1524, 6), (2275, 1), (2743, 1), (3070, 2), (3308, 1), (3399, 1), (3586, 2), (4288, 1), (4540, 1), (4780, 8)
goza (DF: 1): (1659, 3)
gozader (DF: 1): (1476, 13)
gozar (DF: 2): (1072, 2), (2476, 4)
gozarà (DF: 1): (1411, 1)
goût (DF: 2): (1089, 1), (2425, 1)
gps (DF: 2): (812, 1), (3350, 1)
gpsa (DF: 1): (2397, 1)
gq (DF: 1): (4866, 1)
gr (DF: 1): (2951, 3)
gra (DF: 1): (4914, 2)
graaf (DF: 1): (2451, 1)
grab (DF: 117): (72, 1), (208, 1), (255, 1), (283, 1), (337, 1), (346, 1), (417, 1), (493, 1), (542, 2), (581, 2), (618, 1), (642, 1), (675, 2), (681, 1), (684, 1), (735, 2), (755, 1), (767, 4), (924, 1), (932, 1), (948, 2), (978, 2), (1018, 1), (1021, 1), (1041, 1), (1057, 1), (1059, 1), (1091, 3), (1124, 1), (1223, 1), (1285, 1), (1297, 1), (1361, 3), (1362, 1), (1413, 1), (1454, 3), (1455, 1), (1504, 1), (1531, 1), (1585, 1), (1626, 2), (1635, 2), (1704, 1), (1708, 1), (1718, 1), (1748, 6), (1784, 1), (1790, 1), (1908, 1), (1950, 1), (1952, 2), (1998, 1), (2010, 1), (2057, 1), (2071, 1), (2075, 1), (2175, 4), (2199, 3), (2240, 1), (2269, 1), (2382, 1), (2399, 1), (2471, 4), (2596, 1), (2599, 2), (2607, 1), (2618, 1), (2634, 1), (2636, 1), (2644, 8), (2676, 1), (2785, 1), (2841, 1), (2865, 1), (2866, 2), (2895, 1), (2923, 1), (2935, 2), (3076, 2), (3140, 1), (3209, 6), (3261, 2), (3390, 1), (3404, 1), (3419, 1), (3486, 1), (3498, 1), (3510, 1), (3538, 1), (3580, 2), (3581, 1), (3594, 1), (3624, 1), (3930, 1), (4023, 1), (4031, 1), (4203, 1), (4211, 1), (4218, 1), (4259, 1), (4263, 1), (4264, 1), (4300, 3), (4337, 2), (4374, 1), (4383, 1), (4452, 2), (4550, 1), (4561, 1), (4594, 3), (4627, 1), (4629, 1), (4684, 1), (4951, 1), (4956, 1), (4960, 3), (4973, 15)
grabam (DF: 1): (4568, 1)
grabbar (DF: 1): (2152, 1)
grabbin (DF: 7): (110, 1), (159, 1), (993, 1), (1436, 2), (3789, 1), (3807, 4), (4490, 1)
grabe (DF: 1): (3713, 1)
grabredn (DF: 1): (493, 1)
grabstein (DF: 2): (1484, 1), (3962, 1)
grace (DF: 45): (142, 1), (381, 1), (451, 1), (471, 1), (482, 1), (488, 3), (518, 1), (534, 2), (563, 1), (745, 1), (899, 1), (1291, 2), (1390, 1), (1548, 1), (1561, 3), (1667, 1), (1763, 1), (1977, 1), (2240, 1), (2246, 1), (2380, 2), (2387, 1), (2422, 1), (2439, 1), (2912, 1), (3116, 9), (3177, 1), (3324, 3), (3372, 2), (3443, 1), (3592, 2), (3747, 1), (3779, 1), (3783, 1), (3844, 1), (3855, 2), (4015, 1), (4038, 1), (4047, 1), (4087, 1), (4486, 1), (4622, 1), (4836, 1), (4844, 1), (4889, 1)
graceland (DF: 1): (1647, 1)
graci (DF: 20): (353, 2), (468, 2), (481, 4), (813, 8), (910, 3), (1095, 1), (1250, 1), (1284, 1), (1333, 8), (1443, 1), (1461, 1), (1677, 4), (1947, 6), (2309, 2), (2792, 1), (3399, 8), (3853, 1), (3969, 1), (3981, 1), (4948, 1)
gracia (DF: 1): (552, 1)
gracious (DF: 4): (153, 2), (174, 8), (783, 1), (1229, 6)
grad (DF: 10): (246, 1), (681, 1), (778, 2), (1177, 1), (1238, 6), (1850, 1), (2637, 1), (3067, 1), (3932, 1), (4998, 5)
grade (DF: 15): (647, 2), (932, 1), (1147, 1), (1157, 1), (1351, 2), (1924, 1), (2220, 1), (2706, 1), (3068, 1), (3206, 2), (3789, 1), (4250, 1), (4459, 1), (4874, 1), (4931, 3)
gradu (DF: 1): (4666, 1)
gradual (DF: 2): (581, 1), (2458, 2)
graduat (DF: 16): (26, 3), (647, 1), (975, 1), (1457, 3), (1559, 2), (2004, 1), (2014, 3), (2439, 1), (2527, 1), (3179, 1), (3356, 1), (3398, 1), (4136, 4), (4182, 1), (4250, 1), (4572, 1)
graffiti (DF: 2): (3842, 6), (4468, 1)
graffitti (DF: 1): (1820, 1)
grafton (DF: 1): (379, 1)
grah (DF: 1): (1147, 1)
graham (DF: 1): (1321, 1)
grail (DF: 3): (205, 1), (593, 1), (4319, 1)
grain (DF: 17): (407, 1), (530, 1), (602, 1), (802, 1), (1026, 2), (1149, 3), (1685, 1), (2129, 1), (2746, 1), (2852, 1), (3133, 2), (3327, 2), (4121, 1), (4197, 1), (4569, 1), (4629, 1), (4746, 2)
gram (DF: 27): (53, 1), (347, 1), (740, 1), (862, 1), (966, 1), (1217, 8), (1391, 3), (1410, 1), (1625, 1), (2064, 5), (2251, 2), (2411, 1), (2831, 1), (2879, 1), (2951, 1), (3037, 1), (3068, 2), (3075, 1), (3080, 1), (3170, 1), (3237, 2), (3846, 1), (3913, 1), (4515, 1), (4603, 1), (4736, 21), (4914, 2)
grama (DF: 3): (2680, 1), (2711, 1), (3838, 1)
gramatik (DF: 1): (99, 1)
gramm (DF: 8): (246, 1), (1238, 1), (1987, 1), (3409, 5), (3462, 1), (3962, 1), (4088, 1), (4440, 1)
grammar (DF: 8): (221, 1), (405, 1), (1343, 1), (1674, 1), (2143, 1), (2230, 1), (2970, 1), (4019, 1)
grammi (DF: 10): (606, 1), (673, 1), (1790, 1), (1801, 1), (2482, 1), (2939, 1), (3144, 1), (3268, 1), (3598, 1), (3789, 1)
grammy (DF: 3): (667, 5), (3269, 1), (4651, 3)
grammys (DF: 1): (2108, 1)
gran (DF: 12): (345, 2), (417, 1), (1116, 1), (1411, 1), (1769, 1), (1937, 1), (1977, 2), (3399, 1), (3545, 6), (4289, 1), (4347, 1), (4939, 2)
grana (DF: 4): (1072, 1), (1881, 2), (2711, 7), (3838, 1)
granata (DF: 1): (4044, 1)
granc (DF: 1): (2059, 1)
grand (DF: 85): (3, 1), (55, 1), (95, 1), (183, 1), (197, 2), (215, 1), (216, 1), (273, 2), (276, 3), (357, 1), (399, 1), (535, 2), (580, 1), (581, 1), (637, 1), (802, 1), (897, 1), (918, 1), (952, 1), (1296, 1), (1366, 1), (1380, 2), (1440, 1), (1557, 1), (1668, 12), (1725, 1), (1778, 1), (1805, 2), (1856, 1), (1867, 1), (1887, 1), (1898, 2), (1949, 1), (2027, 1), (2150, 3), (2158, 1), (2216, 1), (2230, 1), (2342, 1), (2357, 1), (2476, 4), (2522, 1), (2600, 1), (2662, 1), (2780, 1), (2799, 2), (2830, 1), (2920, 1), (2929, 1), (2938, 1), (2965, 1), (3062, 3), (3068, 2), (3203, 1), (3213, 1), (3215, 1), (3252, 1), (3269, 1), (3313, 1), (3351, 3), (3421, 1), (3569, 1), (3692, 1), (3809, 2), (3891, 1), (3897, 2), (3993, 1), (4009, 4), (4026, 1), (4160, 1), (4197, 1), (4219, 6), (4270, 1), (4293, 4), (4395, 1), (4410, 12), (4425, 1), (4434, 1), (4496, 1), (4533, 1), (4559, 2), (4605, 1), (4708, 1), (4852, 1), (4991, 1)
grandaddi (DF: 1): (1899, 2)
grandchild (DF: 1): (975, 1)
granddad (DF: 2): (488, 1), (2939, 3)
grandios (DF: 1): (510, 1)
grandma (DF: 14): (101, 2), (436, 6), (689, 1), (2045, 1), (2230, 1), (2397, 2), (2767, 1), (2939, 1), (3075, 1), (3152, 2), (3174, 2), (3727, 1), (3741, 1), (4818, 1)
grandmama (DF: 5): (72, 1), (405, 1), (759, 2), (2045, 1), (3624, 1)
grandmast (DF: 1): (1243, 2)
grandmomma (DF: 1): (3179, 1)
grandmoth (DF: 3): (2472, 1), (4612, 1), (4848, 1)
grandpa (DF: 8): (548, 1), (841, 1), (2466, 1), (2584, 1), (2720, 1), (2939, 3), (3174, 2), (4905, 1)
grandpappi (DF: 1): (4547, 1)
grandson (DF: 3): (416, 1), (757, 1), (2466, 1)
grandtheft (DF: 2): (799, 1), (4792, 1)
grang (DF: 2): (792, 3), (4626, 1)
granit (DF: 3): (1343, 1), (1762, 1), (3183, 1)
granni (DF: 1): (4931, 1)
grant (DF: 25): (266, 1), (508, 1), (956, 1), (1192, 1), (1512, 1), (1571, 1), (1943, 1), (2187, 1), (2281, 2), (2350, 1), (2402, 18), (2647, 8), (3032, 1), (3244, 1), (3291, 1), (3328, 4), (3501, 6), (3553, 2), (4008, 1), (4063, 2), (4281, 1), (4286, 1), (4351, 1), (4728, 1), (4880, 1)
granta (DF: 1): (1706, 6)
grap (DF: 2): (812, 1), (4023, 2)
grape (DF: 7): (1250, 1), (1491, 1), (1926, 1), (2198, 1), (3161, 1), (3654, 1), (4770, 1)
grapevin (DF: 4): (78, 11), (470, 11), (1194, 2), (2687, 1)
