afraid (DF: 113): (496, 1), (571, 2), (585, 4), (635, 3), (641, 1), (843, 4), (856, 3), (939, 2), (941, 1), (999, 3), (1188, 1), (1204, 1), (1219, 1), (1234, 2), (1240, 1), (1251, 1), (1294, 3), (1364, 1), (1400, 3), (1550, 16), (1552, 13), (1554, 2), (1617, 2), (1644, 1), (1681, 2), (1708, 2), (1723, 4), (1774, 1), (1857, 11), (1952, 2), (1986, 4), (2011, 1), (2056, 1), (2087, 2), (2169, 3), (2223, 1), (2292, 1), (2370, 6), (2427, 2), (2446, 2), (2449, 2), (2458, 1), (2504, 1), (2506, 4), (2510, 3), (2513, 1), (2533, 9), (2584, 3), (2682, 1), (2697, 1), (2731, 1), (2750, 1), (2772, 2), (2783, 3), (2787, 2), (2791, 7), (2832, 1), (2874, 2), (2920, 1), (2946, 5), (2978, 1), (2981, 1), (2999, 1), (3012, 2), (3118, 1), (3151, 1), (3157, 4), (3164, 1), (3166, 2), (3172, 1), (3230, 1), (3286, 1), (3292, 1), (3477, 1), (3490, 1), (3557, 1), (3573, 6), (3633, 1), (3766, 3), (3807, 2), (3915, 1), (3982, 3), (3985, 1), (3990, 2), (4062, 1), (4096, 3), (4118, 1), (4141, 2), (4196, 1), (4235, 1), (4240, 1), (4263, 1), (4394, 3), (4404, 1), (4436, 9), (4447, 1), (4468, 1), (4548, 1), (4553, 1), (4600, 1), (4643, 1), (4723, 1), (4740, 1), (4755, 1), (4781, 1), (4898, 1), (4968, 1), (2380, 3), (2381, 2), (2393, 1), (2394, 2), (3406, 1), (3407, 9)
africa (DF: 3): (1454, 2), (4883, 15), (4911, 1)
african (DF: 8): (28, 2), (1330, 1), (2150, 1), (2263, 1), (2399, 4), (3068, 1), (3741, 1), (4003, 1)
afrika (DF: 1): (681, 2)
afrikan (DF: 1): (1238, 1)
afro (DF: 37): (24, 1), (97, 1), (134, 1), (203, 1), (262, 1), (418, 1), (727, 1), (1107, 1), (1198, 1), (1211, 1), (1222, 1), (1806, 1), (1854, 1), (1886, 1), (1935, 1), (1959, 1), (2070, 1), (2202, 1), (2369, 1), (2399, 3), (2661, 1), (2760, 1), (2899, 6), (3291, 1), (3464, 1), (3526, 1), (3592, 7), (3633, 1), (3755, 1), (3900, 1), (3926, 1), (4185, 3), (4425, 1), (4505, 1), (4542, 1), (4611, 1), (4991, 1)
afrojack (DF: 8): (75, 2), (119, 1), (1723, 2), (2108, 1), (2370, 1), (3141, 2), (3654, 2), (4441, 4)
afront (DF: 1): (2782, 1)
aft (DF: 1): (2194, 1)
aften (DF: 1): (229, 1)
after (DF: 6): (53, 2), (1519, 2), (1524, 1), (1607, 3), (2757, 2), (2898, 5)
afteral (DF: 1): (4458, 2)
afterburn (DF: 1): (3118, 1)
afterglow (DF: 2): (211, 1), (4432, 11)
afterlif (DF: 4): (1540, 1), (2082, 1), (3216, 1), (4315, 1)
aftermath (DF: 7): (1164, 1), (2135, 1), (2440, 1), (2765, 1), (2804, 1), (3652, 1), (3773, 2)
afternoon (DF: 14): (473, 4), (566, 6), (823, 1), (1101, 1), (1199, 1), (1861, 1), (2573, 1), (2618, 1), (2768, 1), (2936, 7), (3024, 3), (3801, 1), (3837, 1), (4417, 2)
afterparti (DF: 2): (928, 1), (1598, 4)
aftershock (DF: 1): (4202, 10)
aftertast (DF: 2): (1813, 1), (4965, 1)
afteru (DF: 1): (250, 1)
afterward (DF: 3): (332, 1), (3404, 1), (4900, 1)
afterworld (DF: 1): (1604, 1)
aftr (DF: 1): (4392, 2)
afueg (DF: 2): (2306, 1), (2351, 2)
afuegot (DF: 1): (4709, 10)
afuer (DF: 8): (996, 1), (1441, 1), (1978, 1), (2108, 2), (2487, 1), (4285, 1), (4288, 1), (4912, 1)
ag (DF: 2): (1465, 1), (3864, 1)
aga (DF: 1): (2729, 1)
agach (DF: 1): (1022, 2)
agad (DF: 1): (3150, 1)
agai (DF: 1): (3915, 2)
again (DF: 3): (1008, 4), (3093, 6), (3226, 1)
agar (DF: 1): (393, 2)
agarr (DF: 16): (84, 2), (252, 1), (276, 1), (1109, 1), (1112, 1), (1582, 1), (2033, 2), (2601, 1), (3351, 1), (4214, 1), (4246, 1), (4285, 1), (4288, 1), (4419, 1), (4479, 1), (4912, 1)
agarram (DF: 1): (3757, 2)
agarrar (DF: 1): (988, 1)
agarrat (DF: 3): (364, 2), (1752, 3), (3111, 1)
agarro (DF: 1): (4214, 1)
agas (DF: 1): (2108, 1)
age (DF: 49): (47, 3), (72, 1), (101, 2), (170, 2), (202, 1), (599, 1), (704, 3), (870, 1), (922, 1), (968, 5), (979, 1), (1329, 1), (1548, 1), (1645, 2), (1719, 1), (1784, 1), (1958, 2), (2137, 1), (2253, 10), (2471, 2), (2528, 1), (2542, 1), (2557, 1), (2584, 1), (2775, 1), (2832, 6), (2978, 1), (3139, 1), (3194, 1), (3244, 1), (3252, 1), (3277, 7), (3368, 13), (3398, 1), (3443, 2), (3562, 1), (3641, 3), (3747, 1), (3855, 2), (3866, 1), (3896, 1), (3899, 1), (4122, 1), (4123, 1), (4250, 1), (4313, 1), (4493, 1), (4785, 1), (4937, 1)
ageless (DF: 4): (612, 1), (1237, 1), (1329, 1), (4739, 1)
agenc (DF: 2): (823, 1), (4788, 2)
agenda (DF: 1): (3565, 1)
agent (DF: 8): (2649, 1), (2708, 1), (3138, 1), (3194, 3), (3512, 1), (3597, 1), (3759, 2), (4788, 2)
aggiust (DF: 1): (3954, 1)
aggrav (DF: 3): (993, 1), (1442, 2), (1820, 1)
aggress (DF: 9): (329, 12), (646, 1), (3089, 1), (3557, 1), (4082, 6), (4129, 1), (4837, 1), (4981, 1), (4984, 4)
aggressiv (DF: 1): (2729, 2)
agh (DF: 1): (3789, 1)
