pleas (DF: 37): (2576, 1), (2578, 1), (2597, 1), (2598, 2), (2718, 1), (2720, 1), (2754, 3), (2756, 2), (2773, 3), (2775, 1), (2925, 15), (2927, 1), (2988, 1), (2990, 2), (3368, 4), (3369, 1), (3670, 4), (3672, 3), (3674, 6), (3675, 10), (3944, 2), (3945, 4), (4066, 6), (4067, 1), (4100, 1), (4103, 1), (4282, 1), (4284, 1), (4414, 1), (4415, 1), (4611, 2), (4612, 1), (4776, 1), (4779, 1), (2859, 3), (2860, 1), (2862, 1)
pleasant (DF: 1): (4456, 1)
pleasantri (DF: 1): (1526, 2)
pleaser (DF: 3): (2093, 2), (2415, 4), (4831, 4)
pleasin (DF: 2): (1931, 1), (2687, 1)
pleasur (DF: 45): (15, 1), (330, 1), (393, 1), (425, 2), (450, 1), (510, 1), (926, 3), (1001, 2), (1175, 1), (1222, 1), (1329, 1), (1497, 1), (1529, 8), (1665, 1), (1696, 3), (1802, 1), (1839, 3), (1887, 1), (1916, 3), (1944, 1), (1949, 1), (2052, 2), (2120, 2), (2356, 1), (2360, 1), (2433, 18), (2780, 2), (3096, 1), (3149, 3), (3161, 1), (3188, 12), (3292, 1), (3294, 1), (3423, 1), (3522, 1), (3611, 18), (3646, 2), (3747, 1), (3778, 1), (4085, 3), (4189, 1), (4677, 1), (4738, 1), (4740, 1), (4764, 1)
pleasuredom (DF: 1): (3559, 1)
pleb (DF: 1): (3603, 11)
plebon (DF: 1): (3603, 1)
pleci (DF: 1): (335, 6)
pledg (DF: 2): (222, 1), (3331, 2)
plein (DF: 4): (676, 1), (3909, 1), (4197, 2), (4675, 1)
pleit (DF: 4): (276, 5), (3067, 1), (3351, 5), (4852, 1)
pleito (DF: 1): (3902, 1)
plen (DF: 2): (2136, 1), (4912, 1)
plenti (DF: 29): (3, 1), (172, 1), (404, 2), (870, 1), (884, 2), (948, 2), (1219, 1), (1314, 1), (1323, 1), (1351, 2), (1674, 6), (1701, 2), (2178, 1), (2510, 2), (2566, 1), (2607, 1), (2649, 1), (2960, 1), (3101, 1), (3152, 1), (3487, 1), (3601, 4), (3783, 1), (3913, 2), (3965, 1), (4051, 2), (4069, 1), (4720, 2), (4857, 1)
plentli (DF: 1): (26, 3)
pleur (DF: 2): (676, 1), (1089, 2)
pleurant (DF: 1): (4675, 1)
plex (DF: 2): (1226, 1), (2820, 1)
plezier (DF: 1): (4665, 5)
pli (DF: 2): (149, 1), (2397, 3)
plight (DF: 1): (3565, 1)
plizzay (DF: 1): (2895, 1)
plo (DF: 5): (444, 1), (450, 5), (1296, 6), (1932, 4), (2383, 6)
plobli (DF: 1): (1704, 1)
plomb (DF: 2): (3962, 1), (4387, 1)
plot (DF: 9): (263, 1), (337, 1), (1032, 1), (2294, 1), (3184, 1), (3206, 1), (3224, 1), (4731, 2), (4776, 1)
plottin (DF: 3): (1276, 1), (2552, 1), (3186, 1)
plotzlich (DF: 2): (880, 1), (1715, 1)
plowmen (DF: 1): (886, 1)
ploy (DF: 1): (1311, 1)
plp (DF: 1): (3498, 1)
plu (DF: 1): (4914, 2)
pluck (DF: 6): (618, 2), (688, 1), (1058, 1), (1219, 1), (2747, 1), (3934, 1)
plug (DF: 32): (26, 3), (47, 1), (347, 1), (436, 2), (581, 1), (612, 1), (808, 2), (1237, 1), (1302, 2), (1354, 1), (1430, 1), (1856, 1), (1888, 1), (1896, 1), (2091, 16), (2177, 1), (2256, 2), (2271, 1), (2532, 1), (2579, 1), (2619, 1), (2650, 31), (2895, 1), (2927, 1), (3549, 4), (3707, 4), (4150, 3), (4298, 1), (4651, 1), (4700, 30), (4837, 1), (1304, 1)
pluie (DF: 1): (1151, 1)
pluk (DF: 1): (4295, 1)
plum (DF: 3): (688, 1), (4044, 4), (4288, 1)
plumb (DF: 2): (1773, 1), (4905, 1)
plumber (DF: 1): (642, 1)
plume (DF: 1): (2672, 1)
plumill (DF: 1): (1677, 1)
plummet (DF: 1): (1125, 1)
plung (DF: 2): (1012, 1), (4134, 2)
plur (DF: 1): (1864, 1)
plus (DF: 61): (30, 13), (34, 1), (81, 1), (168, 2), (202, 1), (306, 1), (349, 1), (449, 1), (455, 1), (540, 2), (649, 1), (789, 1), (1032, 1), (1094, 1), (1122, 1), (1214, 6), (1282, 1), (1285, 1), (1292, 1), (1469, 2), (1490, 1), (1547, 1), (1564, 3), (1583, 5), (1708, 1), (1748, 1), (2019, 1), (2026, 1), (2104, 5), (2145, 3), (2235, 1), (2276, 1), (2315, 1), (2333, 1), (2425, 4), (2463, 1), (2583, 1), (2690, 1), (2821, 1), (2879, 1), (2916, 1), (3021, 2), (3213, 2), (3486, 1), (3487, 1), (3510, 1), (4023, 1), (4053, 6), (4308, 2), (4393, 1), (4440, 2), (4454, 1), (4468, 1), (4585, 1), (4613, 3), (4664, 1), (4772, 13), (4864, 3), (4877, 1), (4937, 1), (4986, 4)
plush (DF: 7): (186, 2), (684, 1), (2084, 1), (2104, 1), (2278, 1), (2887, 1), (4303, 1)
pluss (DF: 1): (1329, 1)
plut (DF: 1): (353, 1)
pluto (DF: 9): (780, 1), (1038, 2), (1378, 2), (2541, 4), (2831, 1), (3258, 1), (3395, 1), (4523, 1), (4995, 1)
plutôt (DF: 1): (3453, 1)
plátano (DF: 1): (4661, 1)
pm (DF: 2): (1325, 1), (3913, 1)
pms (DF: 1): (4367, 1)
pnb (DF: 1): (3408, 2)
pnd (DF: 1): (1313, 1)
pneumonia (DF: 1): (3, 1)
pnl (DF: 1): (34, 2)
pno (DF: 1): (4210, 1)
po (DF: 11): (72, 1), (151, 1), (217, 1), (250, 1), (444, 1), (558, 1), (646, 2), (948, 4), (1022, 3), (1197, 2), (1230, 50)
