grenzubergreif (DF: 1): (3462, 1)
gresham (DF: 1): (3045, 1)
gress (DF: 1): (4023, 1)
greta (DF: 2): (1168, 1), (2842, 1)
gretchen (DF: 1): (3010, 1)
grew (DF: 35): (97, 1), (548, 1), (604, 4), (971, 1), (1006, 1), (1172, 1), (1217, 2), (1219, 1), (1477, 1), (1594, 1), (1671, 1), (1743, 1), (1801, 1), (2097, 1), (2294, 1), (2332, 1), (2482, 3), (2584, 1), (2649, 1), (2801, 1), (2906, 1), (3188, 2), (3393, 1), (3426, 1), (3461, 2), (3483, 1), (3634, 1), (4250, 1), (4267, 1), (4472, 1), (4762, 1), (4808, 1), (4844, 1), (4866, 1), (4905, 1)
grey (DF: 44): (91, 1), (205, 1), (289, 1), (407, 1), (504, 1), (695, 3), (1067, 1), (1135, 1), (1274, 3), (1430, 1), (1581, 1), (1648, 1), (1682, 2), (1690, 1), (1910, 1), (1936, 1), (1973, 1), (1985, 1), (2356, 1), (2491, 1), (2537, 1), (2647, 1), (2869, 1), (3008, 4), (3044, 1), (3120, 1), (3188, 4), (3314, 1), (3366, 2), (3701, 1), (3723, 1), (4020, 3), (4027, 1), (4037, 4), (4088, 3), (4092, 1), (4121, 1), (4543, 5), (4562, 2), (4573, 3), (4770, 1), (4895, 1), (4928, 2), (4987, 4)
greyhound (DF: 5): (2009, 1), (2466, 1), (2701, 1), (4098, 2), (4536, 1)
grid (DF: 4): (1800, 4), (2059, 1), (3954, 1), (4904, 1)
griddl (DF: 1): (4904, 1)
griech (DF: 1): (2170, 1)
grief (DF: 8): (455, 2), (1270, 1), (1344, 1), (1418, 1), (2310, 1), (2361, 1), (2908, 1), (3634, 1)
griet (DF: 1): (4439, 2)
griev (DF: 7): (248, 1), (2339, 1), (2682, 1), (3040, 2), (3498, 6), (3912, 1), (4575, 1)
grievanc (DF: 1): (2506, 3)
grif (DF: 1): (3080, 1)
grife (DF: 3): (213, 1), (2651, 2), (3215, 3)
griff (DF: 1): (484, 1)
griffey (DF: 1): (4044, 1)
griffin (DF: 2): (1500, 1), (4157, 1)
griffith (DF: 2): (3278, 2), (3547, 1)
grig (DF: 1): (4587, 1)
grigio (DF: 1): (2494, 1)
grilfriend (DF: 1): (922, 1)
grill (DF: 24): (80, 1), (405, 37), (540, 1), (558, 1), (696, 1), (1029, 1), (2278, 1), (2656, 1), (2899, 1), (2927, 1), (2936, 2), (3009, 1), (3045, 2), (3112, 1), (3148, 1), (3161, 1), (3594, 1), (3626, 1), (3781, 1), (3963, 1), (4282, 1), (4302, 1), (4516, 1), (4690, 1)
grillad (DF: 1): (4088, 1)
grillett (DF: 1): (524, 1)
grillin (DF: 2): (591, 1), (3148, 1)
grilltown (DF: 1): (4468, 1)
grillz (DF: 2): (405, 1), (3570, 1)
grim (DF: 3): (1136, 1), (1604, 1), (2001, 3)
grime (DF: 2): (2640, 1), (3719, 1)
grimey (DF: 4): (586, 1), (1319, 1), (2069, 1), (2442, 1)
grimi (DF: 4): (696, 1), (1922, 1), (3731, 1), (4764, 1)
grimiest (DF: 1): (3298, 1)
grimm (DF: 1): (2607, 1)
grin (DF: 13): (352, 1), (541, 1), (1552, 1), (1707, 3), (2559, 1), (2675, 1), (2884, 1), (3077, 1), (3201, 1), (3527, 1), (4074, 1), (4466, 3), (4897, 1)
grind (DF: 44): (74, 2), (110, 1), (339, 1), (350, 1), (380, 1), (471, 1), (588, 1), (613, 13), (829, 1), (846, 3), (904, 1), (928, 2), (1196, 1), (1214, 6), (1741, 1), (1779, 1), (1854, 1), (1924, 1), (1990, 2), (2026, 1), (2053, 1), (2091, 2), (2140, 1), (2147, 1), (2208, 1), (2627, 1), (2820, 1), (2865, 1), (2946, 2), (3009, 1), (3052, 1), (3121, 2), (3183, 1), (3300, 2), (3510, 2), (3570, 1), (3802, 1), (3804, 1), (4127, 1), (4341, 1), (4400, 1), (4764, 2), (4766, 1), (4880, 1)
grinden (DF: 1): (1619, 7)
grindin (DF: 14): (55, 1), (74, 2), (92, 4), (441, 1), (586, 1), (922, 1), (1029, 6), (1354, 1), (1926, 1), (2294, 1), (2356, 1), (2442, 1), (3084, 3), (4825, 7)
grinding (DF: 1): (3631, 2)
griner (DF: 1): (4991, 1)
gring (DF: 3): (1305, 1), (3881, 1), (4550, 1)
gringalet (DF: 1): (4197, 1)
gringo (DF: 2): (2050, 2), (4831, 1)
grinner (DF: 1): (2868, 8)
grinnin (DF: 5): (759, 2), (3033, 1), (3216, 1), (4310, 1), (4460, 1)
grip (DF: 51): (4, 1), (221, 1), (285, 2), (289, 1), (383, 2), (418, 1), (561, 2), (684, 1), (731, 1), (737, 2), (963, 2), (1059, 1), (1078, 2), (1093, 1), (1223, 1), (1408, 2), (1442, 1), (1566, 1), (1693, 3), (1711, 2), (1779, 1), (1869, 1), (2064, 5), (2104, 1), (2120, 1), (2133, 1), (2286, 1), (2453, 4), (2600, 2), (2676, 1), (2745, 2), (2746, 1), (2830, 2), (2884, 1), (2895, 2), (2906, 1), (3018, 2), (3300, 1), (3327, 4), (3594, 1), (3801, 3), (3803, 1), (4196, 1), (4395, 2), (4617, 1), (4621, 3), (4684, 1), (4719, 3), (4834, 1), (4887, 2), (4953, 1)
grippa (DF: 1): (4059, 1)
grippin (DF: 3): (802, 1), (2855, 1), (4377, 1)
gris (DF: 7): (252, 1), (995, 1), (1099, 5), (3093, 2), (3623, 1), (3908, 2), (4886, 2)
griselda (DF: 2): (772, 2), (1812, 1)
griswold (DF: 1): (2902, 1)
grit (DF: 11): (10, 1), (44, 2), (399, 1), (468, 1), (1042, 3), (1215, 2), (1469, 1), (1566, 1), (1803, 1), (1878, 2), (2183, 1)
