bellevill (DF: 1): (2981, 1)
bellez (DF: 6): (2354, 1), (3226, 2), (3614, 1), (4236, 1), (4352, 2), (4479, 1)
belli (DF: 20): (552, 7), (746, 1), (1847, 1), (2177, 1), (2378, 1), (2701, 1), (2760, 1), (2991, 1), (3074, 10), (3084, 3), (3216, 1), (3254, 1), (3282, 2), (3303, 1), (3867, 1), (3949, 3), (4122, 1), (4420, 1), (4533, 1), (4831, 1)
belliger (DF: 1): (808, 1)
bellion (DF: 1): (1813, 1)
bellissim (DF: 1): (3316, 1)
bellot (DF: 1): (1850, 1)
bellsouth (DF: 1): (1145, 1)
bellt (DF: 1): (2194, 1)
bellyach (DF: 1): (4641, 1)
belmez (DF: 1): (417, 1)
belong (DF: 109): (30, 1), (72, 1), (74, 2), (83, 1), (103, 1), (170, 3), (196, 4), (219, 3), (286, 3), (302, 1), (323, 1), (372, 2), (384, 3), (432, 1), (714, 1), (785, 1), (859, 1), (876, 2), (950, 5), (955, 1), (970, 1), (994, 12), (1111, 1), (1120, 18), (1167, 6), (1170, 1), (1250, 1), (1261, 3), (1335, 6), (1347, 1), (1384, 4), (1418, 1), (1445, 3), (1581, 2), (1585, 4), (1690, 1), (1791, 2), (1809, 2), (1824, 3), (1840, 6), (1964, 1), (2041, 8), (2072, 13), (2131, 1), (2153, 18), (2156, 3), (2185, 1), (2229, 2), (2372, 1), (2398, 2), (2596, 1), (2725, 2), (2735, 1), (2742, 16), (2764, 9), (2767, 1), (2775, 1), (2776, 1), (2832, 1), (2862, 2), (2901, 18), (2914, 5), (2919, 1), (2962, 3), (2996, 7), (3022, 2), (3076, 1), (3175, 1), (3235, 1), (3242, 5), (3262, 1), (3276, 1), (3289, 9), (3331, 2), (3463, 1), (3468, 1), (3520, 1), (3530, 2), (3668, 1), (3739, 1), (3802, 1), (3807, 2), (3847, 14), (3892, 2), (3917, 19), (3967, 1), (4094, 1), (4229, 4), (4301, 2), (4338, 2), (4340, 2), (4346, 1), (4349, 2), (4370, 1), (4376, 1), (4427, 1), (4436, 1), (4502, 5), (4585, 1), (4610, 2), (4625, 1), (4654, 1), (4717, 1), (4801, 1), (4946, 2), (2365, 1), (2367, 1), (4921, 6), (4922, 1)
belov (DF: 5): (727, 1), (1604, 1), (2698, 1), (3809, 1), (4664, 1)
belsiz (DF: 1): (1663, 1)
belt (DF: 12): (1028, 2), (1388, 1), (1756, 4), (1775, 1), (1919, 1), (2061, 1), (2256, 1), (2276, 1), (3248, 1), (3543, 1), (3549, 1), (3740, 1)
beltway (DF: 1): (4522, 1)
beluga (DF: 1): (2319, 3)
belzebù (DF: 1): (2567, 1)
bem (DF: 7): (1278, 2), (1659, 2), (1895, 2), (2539, 2), (2680, 4), (3692, 2), (3838, 1)
bemti (DF: 1): (3497, 1)
bemuht (DF: 1): (3381, 1)
ben (DF: 39): (9, 2), (34, 49), (43, 5), (175, 2), (197, 1), (852, 2), (1010, 1), (1077, 3), (1318, 1), (1432, 3), (1485, 1), (1619, 12), (1704, 1), (1818, 2), (1850, 1), (1925, 1), (2260, 2), (2466, 1), (2638, 5), (2711, 6), (2759, 1), (2789, 2), (3210, 1), (3316, 1), (3355, 4), (3453, 1), (3568, 1), (3748, 4), (3756, 1), (3864, 5), (3954, 1), (4086, 1), (4256, 17), (4286, 1), (4297, 1), (4607, 6), (4665, 1), (4918, 1), (4991, 1)
benassi (DF: 2): (2621, 1), (3546, 2)
benatar (DF: 2): (2022, 2), (2035, 1)
bench (DF: 6): (1, 1), (695, 1), (1274, 1), (1552, 1), (2776, 2), (4603, 1)
benchpark (DF: 1): (2145, 1)
bend (DF: 58): (137, 1), (234, 9), (535, 2), (547, 1), (783, 1), (893, 1), (931, 1), (1171, 1), (1204, 3), (1328, 1), (1657, 2), (1870, 1), (1928, 1), (1968, 1), (1992, 2), (2121, 1), (2143, 1), (2186, 1), (2251, 1), (2269, 2), (2559, 1), (2572, 1), (2628, 2), (2775, 1), (2865, 1), (2867, 1), (2882, 1), (2964, 7), (2975, 1), (3057, 1), (3083, 1), (3256, 1), (3333, 1), (3458, 1), (3529, 2), (3541, 1), (3784, 1), (3821, 1), (3888, 2), (3951, 1), (4042, 2), (4074, 1), (4110, 1), (4338, 2), (4364, 1), (4435, 6), (4442, 2), (4604, 1), (4627, 1), (4641, 1), (4680, 2), (4731, 3), (4766, 14), (4888, 2), (4956, 1), (3136, 2), (3137, 4), (4730, 1)
bendec (DF: 1): (3031, 1)
bender (DF: 1): (796, 1)
bendic (DF: 1): (667, 1)
bendicion (DF: 4): (444, 1), (1141, 1), (2309, 3), (4209, 2)
bendig (DF: 7): (444, 1), (667, 1), (1215, 1), (1677, 1), (2021, 1), (2092, 1), (4288, 1)
bendin (DF: 6): (1418, 3), (2131, 1), (2333, 1), (2649, 1), (3148, 1), (4349, 2)
bendit (DF: 8): (417, 1), (1300, 1), (1677, 1), (1724, 1), (1978, 26), (2043, 4), (3399, 1), (4790, 4)
bendo (DF: 1): (598, 1)
bene (DF: 1): (4906, 1)
beneath (DF: 37): (74, 2), (126, 1), (149, 3), (442, 1), (517, 2), (575, 2), (879, 1), (1199, 1), (1344, 1), (1362, 1), (1697, 2), (1846, 1), (2310, 1), (2334, 2), (2602, 1), (2806, 2), (2918, 6), (3142, 3), (3307, 2), (3386, 1), (3454, 1), (3465, 1), (3488, 1), (3595, 1), (3608, 1), (3645, 2), (3798, 1), (3878, 1), (3951, 1), (4225, 1), (4235, 1), (4509, 6), (4519, 1), (4764, 1), (4808, 1), (4819, 1), (4836, 1)
benebelt (DF: 2): (3108, 1), (3962, 1)
beneden (DF: 1): (1432, 1)
benefici (DF: 1): (256, 1)
benefit (DF: 1): (1044, 12)
