trilla (DF: 1): (3781, 1)
trillest (DF: 1): (4503, 1)
trillion (DF: 4): (975, 10), (1739, 1), (1880, 1), (4319, 1)
trilog (DF: 4): (618, 1), (724, 1), (1242, 1), (3175, 1)
trim (DF: 2): (3144, 1), (4359, 1)
trimball (DF: 1): (649, 1)
trin (DF: 1): (2759, 1)
trina (DF: 1): (3850, 5)
trincher (DF: 1): (4445, 1)
triner (DF: 1): (56, 1)
tring (DF: 1): (591, 1)
trini (DF: 2): (47, 1), (4834, 1)
trinidad (DF: 1): (3010, 1)
trink (DF: 4): (681, 2), (2170, 1), (2194, 2), (2574, 7)
trinket (DF: 1): (1052, 1)
trinqu (DF: 1): (4081, 1)
trio (DF: 1): (4320, 1)
trip (DF: 135): (0, 1), (25, 2), (81, 1), (129, 2), (153, 2), (178, 1), (202, 1), (222, 1), (245, 1), (253, 1), (313, 2), (343, 1), (352, 1), (374, 1), (377, 1), (411, 1), (414, 1), (479, 3), (541, 2), (547, 1), (595, 2), (658, 1), (660, 2), (782, 11), (800, 1), (915, 1), (922, 2), (1024, 2), (1044, 2), (1053, 1), (1084, 1), (1111, 2), (1124, 1), (1132, 1), (1150, 1), (1156, 4), (1167, 1), (1174, 1), (1214, 3), (1218, 1), (1262, 1), (1311, 1), (1328, 1), (1413, 1), (1469, 1), (1473, 2), (1494, 1), (1561, 1), (1579, 2), (1693, 3), (1712, 1), (1748, 1), (1805, 1), (1823, 1), (1869, 1), (1999, 6), (2045, 1), (2058, 1), (2061, 1), (2091, 2), (2142, 1), (2223, 4), (2235, 1), (2278, 1), (2294, 1), (2332, 1), (2447, 1), (2527, 1), (2563, 1), (2600, 2), (2634, 1), (2735, 2), (2745, 2), (2801, 1), (2830, 2), (2850, 1), (2856, 1), (2863, 1), (2887, 1), (2895, 2), (2955, 1), (3018, 2), (3083, 1), (3152, 1), (3223, 1), (3234, 2), (3258, 1), (3278, 2), (3300, 1), (3390, 1), (3408, 1), (3430, 1), (3456, 1), (3484, 1), (3507, 1), (3531, 3), (3562, 1), (3568, 1), (3581, 1), (3618, 1), (3633, 3), (3753, 1), (3789, 1), (3799, 1), (3802, 1), (3803, 1), (3845, 2), (3900, 1), (3963, 1), (3979, 1), (4053, 2), (4072, 1), (4137, 1), (4155, 2), (4244, 2), (4314, 4), (4339, 1), (4386, 1), (4395, 2), (4452, 2), (4503, 1), (4530, 1), (4533, 2), (4625, 1), (4693, 1), (4751, 1), (4768, 1), (4840, 2), (4877, 1), (4880, 2), (4903, 1), (4947, 1), (781, 2), (4981, 3), (4982, 1)
tripl (DF: 27): (494, 1), (524, 3), (643, 3), (1135, 1), (1275, 3), (1430, 2), (1625, 6), (1674, 6), (1799, 2), (1820, 1), (2143, 1), (2191, 2), (2230, 1), (2276, 1), (2278, 1), (2596, 1), (2644, 1), (2662, 6), (2723, 1), (2856, 1), (2884, 1), (2887, 1), (2899, 1), (3184, 1), (3408, 2), (3510, 1), (4784, 3)
tripper (DF: 1): (3748, 1)
trippi (DF: 5): (388, 1), (2467, 1), (3822, 1), (4770, 1), (4995, 1)
trippin (DF: 43): (92, 3), (322, 1), (352, 1), (362, 13), (409, 2), (418, 1), (436, 2), (441, 1), (647, 1), (801, 1), (1011, 2), (1016, 5), (1080, 8), (1092, 2), (1498, 6), (1801, 2), (1972, 1), (2187, 1), (2294, 1), (2354, 6), (2377, 1), (2394, 1), (2624, 1), (2666, 1), (2947, 3), (3033, 1), (3529, 1), (3594, 1), (3749, 10), (3900, 1), (3913, 1), (3979, 1), (3991, 1), (4042, 1), (4095, 1), (4211, 2), (4281, 1), (4329, 1), (4452, 2), (4620, 1), (4629, 1), (4880, 1), (4967, 1)
trist (DF: 14): (87, 1), (312, 9), (417, 1), (512, 2), (676, 1), (2090, 4), (2316, 1), (2606, 2), (3158, 1), (4197, 1), (4210, 1), (4258, 1), (4382, 1), (4423, 6)
tristez (DF: 6): (87, 1), (890, 3), (1159, 1), (2309, 1), (3623, 1), (4416, 1)
trite (DF: 1): (3331, 2)
triton (DF: 5): (177, 1), (367, 1), (1020, 1), (2469, 1), (4398, 1)
triunf (DF: 1): (4210, 1)
triunfant (DF: 1): (4780, 1)
trivial (DF: 3): (1944, 1), (3096, 1), (4677, 1)
trivium (DF: 1): (2590, 1)
trix (DF: 1): (3479, 1)
trn (DF: 1): (1340, 1)
tro (DF: 2): (2759, 2), (4295, 1)
troca (DF: 1): (1072, 1)
troch (DF: 2): (908, 1), (1655, 1)
trockenbrot (DF: 1): (1771, 2)
troco (DF: 3): (1183, 2), (1979, 2), (2833, 2)
trocon (DF: 1): (3269, 1)
trod (DF: 2): (743, 1), (2227, 1)
trodden (DF: 1): (2432, 1)
trofe (DF: 1): (417, 1)
troféu (DF: 1): (2839, 1)
troi (DF: 1): (524, 6)
trois (DF: 2): (598, 1), (3067, 2)
trojan (DF: 6): (646, 1), (1801, 1), (1905, 2), (2089, 15), (4523, 1), (4749, 7)
trol (DF: 2): (757, 1), (4283, 1)
troll (DF: 2): (350, 9), (4500, 2)
trollin (DF: 2): (4523, 1), (4831, 1)
trom (DF: 1): (3591, 4)
trombon (DF: 1): (3335, 1)
trommel (DF: 2): (3048, 4), (3462, 1)
tromp (DF: 1): (4479, 1)
trompet (DF: 1): (1465, 1)
trompeta (DF: 1): (1465, 32)
tron (DF: 3): (2828, 1), (2967, 1), (3723, 1)
tronc (DF: 2): (276, 1), (3351, 1)
tronom (DF: 1): (647, 1)
troon (DF: 1): (2260, 1)
troop (DF: 7): (183, 1), (946, 2), (1276, 1), (2055, 1), (2658, 2), (2824, 1), (4218, 1)
