nahmir (DF: 2): (1849, 2), (2801, 1)
nahmsayin (DF: 2): (2562, 1), (4185, 1)
nahuhum (DF: 1): (871, 1)
nahulog (DF: 1): (871, 1)
nai (DF: 5): (871, 1), (1834, 1), (3150, 1), (4692, 15), (4910, 2)
naiii (DF: 1): (1203, 1)
naija (DF: 1): (4318, 1)
nail (DF: 20): (273, 48), (800, 1), (1091, 16), (1205, 1), (1869, 1), (2252, 2), (2471, 2), (2525, 1), (2594, 1), (2746, 1), (3201, 1), (3452, 1), (3521, 1), (3767, 1), (3861, 1), (4145, 2), (4408, 2), (4476, 1), (4727, 4), (4962, 1)
naim (DF: 1): (703, 2)
naip (DF: 1): (3197, 6)
nair (DF: 1): (598, 1)
naira (DF: 1): (430, 1)
nais (DF: 1): (910, 1)
naissanc (DF: 1): (349, 1)
nait (DF: 1): (4985, 2)
naiv (DF: 5): (88, 1), (1396, 3), (1517, 1), (2085, 1), (4460, 1)
najwi (DF: 1): (4358, 1)
nak (DF: 1): (681, 1)
nakahiga (DF: 1): (3150, 4)
nakakaaliw (DF: 1): (4815, 1)
nakakaindak (DF: 1): (4815, 1)
nakakatindig (DF: 1): (4815, 1)
nakalimutan (DF: 1): (1489, 1)
nakamarra (DF: 1): (2452, 2)
nakamur (DF: 2): (3768, 1), (4287, 1)
nakapagbigay (DF: 1): (0, 4)
nake (DF: 42): (37, 3), (138, 1), (264, 1), (418, 1), (449, 1), (616, 1), (617, 1), (658, 2), (874, 3), (922, 1), (1002, 2), (1416, 1), (1657, 1), (1691, 8), (1720, 1), (1891, 1), (2214, 2), (2301, 1), (2378, 1), (2397, 5), (2399, 3), (2494, 1), (2752, 20), (2878, 4), (3052, 1), (3167, 1), (3223, 1), (3465, 3), (3769, 1), (3807, 2), (3837, 1), (3938, 1), (3976, 3), (4071, 1), (4094, 1), (4099, 1), (4113, 2), (4170, 1), (4294, 3), (4622, 1), (4766, 2), (4941, 1)
naki (DF: 1): (4419, 1)
nakuha (DF: 1): (4563, 1)
nal (DF: 3): (32, 2), (2021, 1), (3690, 1)
nald (DF: 1): (3903, 1)
naleul (DF: 1): (3690, 3)
nalg (DF: 7): (1079, 1), (1213, 4), (1255, 2), (3631, 1), (3916, 5), (4300, 3), (4594, 3)
nalgon (DF: 1): (24, 1)
nalgot (DF: 1): (3897, 2)
nalibot (DF: 1): (4563, 1)
naliligaw (DF: 1): (871, 1)
nalli (DF: 1): (1243, 2)
nalot (DF: 1): (4405, 1)
nam (DF: 10): (250, 1), (283, 1), (347, 1), (397, 1), (996, 1), (1244, 1), (1758, 2), (3104, 4), (3381, 1), (3471, 1)
namah (DF: 2): (1602, 1), (2921, 1)
naman (DF: 2): (1489, 1), (3887, 1)
namas (DF: 1): (1443, 1)
namaseo (DF: 1): (32, 1)
name (DF: 216): (11, 1), (25, 2), (27, 1), (32, 2), (35, 1), (65, 2), (72, 1), (74, 2), (76, 1), (81, 1), (123, 4), (138, 1), (140, 2), (158, 5), (166, 1), (172, 1), (174, 4), (179, 1), (183, 1), (197, 2), (233, 1), (242, 2), (261, 1), (265, 1), (268, 1), (274, 6), (275, 1), (295, 1), (352, 1), (374, 1), (380, 1), (381, 1), (386, 1), (391, 2), (405, 1), (445, 1), (482, 2), (485, 1), (486, 1), (503, 4), (527, 1), (541, 1), (548, 1), (555, 2), (556, 2), (560, 1), (573, 3), (585, 2), (589, 4), (602, 2), (606, 3), (616, 1), (635, 17), (647, 1), (650, 5), (668, 1), (669, 1), (672, 1), (690, 1), (698, 2), (718, 1), (775, 4), (783, 1), (800, 1), (802, 2), (804, 4), (820, 4), (840, 1), (859, 1), (870, 1), (901, 3), (914, 3), (930, 1), (958, 5), (967, 1), (983, 2), (1026, 1), (1029, 1), (1038, 6), (1053, 1), (1059, 1), (1062, 4), (1076, 2), (1084, 1), (1113, 54), (1135, 1), (1136, 1), (1152, 1), (1157, 2), (1202, 1), (1208, 8), (1212, 3), (1219, 1), (1226, 1), (1246, 4), (1290, 15), (1294, 3), (1304, 1), (1313, 2), (1319, 1), (1325, 1), (1326, 1), (1329, 1), (1342, 1), (1354, 3), (1363, 1), (1368, 1), (1374, 1), (1378, 6), (1392, 2), (1452, 6), (1454, 1), (1459, 1), (1488, 7), (1502, 2), (1514, 1), (1528, 16), (1543, 2), (1640, 1), (1656, 1), (1664, 2), (1670, 2), (1674, 1), (1690, 1), (1696, 1), (1699, 1), (1708, 5), (1728, 1), (1744, 4), (1795, 2), (1805, 1), (1813, 1), (1820, 1), (1823, 1), (1840, 6), (1864, 1), (1877, 1), (1885, 6), (1891, 1), (1899, 1), (1904, 1), (1908, 1), (1913, 2), (1984, 1), (2005, 1), (2011, 1), (2013, 1), (2017, 1), (2026, 1), (2032, 2), (2039, 2), (2046, 1), (2056, 4), (2087, 2), (2110, 3), (2128, 4), (2143, 1), (2147, 1), (2160, 1), (2177, 2), (2178, 1), (2184, 1), (2205, 2), (2220, 1), (2221, 1), (2225, 1), (2227, 2), (2235, 1), (2269, 1), (2286, 2), (2299, 3), (2315, 1), (2340, 1), (2359, 2), (2366, 1), (2380, 1), (2399, 4), (2421, 10), (2439, 1), (2446, 1), (2468, 8), (2472, 1), (2477, 2), (2500, 1), (2504, 1), (2515, 1), (2524, 1), (2525, 1), (2528, 1), (2541, 12), (2554, 8), (2566, 1), (2569, 1), (2594, 1), (2597, 1), (2605, 4), (2607, 6), (2612, 2), (2641, 2), (2644, 1), (2655, 1), (2674, 1), (2695, 1), (2699, 2), (2725, 1), (2730, 2), (2746, 1), (2767, 1), (2771, 1), (2776, 1), (2798, 1), (2800, 1), (2806, 2), (2816, 4), (2831, 1), (2837, 1)
