mix (DF: 113): (3350, 1), (3354, 1), (3399, 1), (3403, 1), (3418, 1), (3423, 1), (3429, 1), (3436, 1), (3442, 2), (3459, 1), (3498, 1), (3504, 1), (3522, 1), (3544, 1), (3566, 1), (3572, 1), (3586, 1), (3604, 1), (3609, 1), (3617, 1), (3654, 1), (3667, 1), (3690, 1), (3708, 1), (3723, 1), (3729, 1), (3733, 1), (3739, 1), (3755, 1), (3775, 1), (3794, 1), (3803, 2), (3819, 1), (3826, 4), (3829, 1), (3868, 1), (3885, 1), (3920, 1), (3933, 1), (3969, 1), (3991, 1), (4000, 1), (4008, 1), (4011, 1), (4022, 1), (4027, 1), (4049, 1), (4067, 1), (4075, 1), (4118, 1), (4153, 1), (4162, 1), (4165, 1), (4179, 1), (4186, 1), (4200, 1), (4216, 1), (4219, 1), (4227, 1), (4267, 1), (4277, 1), (4336, 1), (4376, 1), (4390, 1), (4425, 1), (4427, 1), (4477, 1), (4497, 1), (4539, 1), (4552, 1), (4559, 1), (4567, 1), (4576, 1), (4581, 1), (4677, 1), (4703, 2), (4709, 1), (4766, 1), (4768, 1), (4780, 1), (4793, 1), (4808, 1), (4829, 1), (4846, 1), (4856, 1), (4858, 1), (4880, 1), (4909, 1), (4935, 1), (4991, 1), (4996, 2), (653, 1), (655, 1), (900, 4), (902, 1), (1193, 2), (1195, 1), (1384, 1), (1385, 1), (2313, 1), (2314, 1), (2339, 1), (2340, 1), (2385, 1), (2386, 1), (2891, 1), (2892, 1), (3151, 1), (3152, 1), (4628, 1), (4629, 1), (4834, 2), (4835, 1)
mixin (DF: 2): (388, 1), (2211, 1)
mixt (DF: 1): (4434, 1)
mixtap (DF: 33): (155, 1), (235, 1), (278, 1), (457, 1), (639, 2), (738, 1), (817, 2), (1147, 1), (1191, 1), (1416, 1), (1550, 1), (1558, 1), (1580, 1), (1626, 2), (2346, 1), (2465, 1), (2521, 1), (2677, 1), (2706, 1), (2781, 1), (2953, 1), (2993, 2), (3270, 1), (3342, 2), (3513, 1), (3635, 1), (3774, 1), (3826, 1), (4004, 1), (4071, 1), (4224, 1), (4443, 1), (4656, 1)
mixtur (DF: 2): (138, 1), (4027, 1)
mixx (DF: 1): (4717, 1)
miy (DF: 2): (3897, 1), (4193, 2)
miya (DF: 1): (3565, 1)
miyagi (DF: 4): (1219, 1), (3864, 2), (3962, 1), (4734, 1)
mizer (DF: 1): (2784, 1)
mizu (DF: 1): (3067, 2)
mizzark (DF: 1): (669, 1)
mj (DF: 8): (202, 2), (270, 1), (1525, 1), (3612, 1), (3637, 2), (3917, 3), (4612, 1), (4848, 1)
mjg (DF: 5): (202, 2), (2636, 1), (2832, 2), (3612, 2), (4503, 1)
mjøen (DF: 1): (1543, 1)
mk (DF: 3): (1785, 2), (2558, 1), (4147, 2)
mlih (DF: 1): (3660, 4)
mlk (DF: 1): (4365, 2)
mlodyskini (DF: 1): (661, 1)
mm (DF: 34): (333, 2), (454, 2), (602, 4), (759, 2), (920, 6), (1013, 1), (1327, 1), (1421, 1), (1559, 2), (1615, 5), (1652, 3), (1669, 1), (1698, 3), (2028, 1), (2155, 3), (2256, 7), (2408, 4), (2470, 15), (2700, 1), (3054, 5), (3168, 1), (3227, 3), (3507, 1), (3761, 1), (3800, 1), (4011, 4), (4098, 1), (4162, 6), (4182, 1), (4246, 1), (4337, 6), (4572, 1), (4906, 1), (4975, 14)
mma (DF: 67): (21, 1), (110, 13), (154, 2), (197, 1), (202, 1), (222, 3), (247, 2), (262, 2), (446, 4), (581, 1), (660, 1), (789, 1), (802, 1), (909, 2), (1050, 4), (1106, 1), (1200, 4), (1282, 5), (1319, 1), (1397, 2), (1402, 2), (1566, 1), (1820, 1), (1900, 2), (2036, 1), (2045, 1), (2056, 1), (2198, 1), (2228, 1), (2347, 1), (2523, 1), (2592, 2), (2669, 1), (2746, 3), (2760, 1), (2765, 1), (2820, 1), (2865, 5), (3018, 1), (3059, 2), (3101, 1), (3180, 2), (3282, 2), (3410, 1), (3461, 32), (3478, 1), (3492, 1), (3594, 1), (3840, 1), (3867, 4), (4037, 8), (4159, 1), (4165, 1), (4214, 1), (4222, 2), (4279, 1), (4435, 1), (4472, 1), (4503, 2), (4547, 2), (4569, 1), (4811, 2), (4864, 1), (4882, 2), (4887, 3), (4962, 1), (4982, 2)
mmh (DF: 17): (333, 12), (594, 4), (824, 2), (1375, 24), (1424, 10), (1679, 2), (1736, 2), (1846, 5), (1966, 6), (2948, 2), (3210, 12), (3527, 13), (4170, 1), (4281, 1), (4561, 3), (4912, 1), (4991, 3)
mmhm (DF: 2): (3724, 1), (4862, 1)
mmm (DF: 89): (17, 2), (95, 1), (104, 40), (139, 2), (216, 1), (273, 4), (296, 3), (307, 8), (380, 1), (428, 1), (451, 3), (454, 3), (460, 3), (504, 1), (521, 2), (535, 20), (580, 1), (630, 4), (876, 2), (888, 4), (965, 12), (1013, 1), (1035, 3), (1068, 2), (1170, 2), (1248, 14), (1260, 1), (1279, 4), (1351, 2), (1392, 4), (1404, 2), (1421, 1), (1446, 1), (1453, 1), (1457, 3), (1550, 4), (1597, 2), (1602, 8), (1698, 1), (1714, 2), (1725, 4), (1750, 1), (1867, 1), (2033, 1), (2190, 3), (2207, 36), (2214, 40), (2244, 1), (2365, 2), (2406, 1), (2527, 2), (2544, 1), (2548, 14), (2560, 2), (2593, 1), (2703, 1), (2730, 5), (2836, 1), (2847, 20), (2921, 8), (2931, 18), (3085, 2), (3095, 10), (3136, 6), (3232, 1), (3238, 1), (3421, 1), (3458, 3), (3515, 2), (3529, 4), (3575, 28), (3605, 4), (3628, 1), (3634, 13), (3674, 2), (3702, 3), (3707, 6), (3824, 1), (3840, 2), (3862, 1), (3878, 2), (3935, 1), (4008, 1), (4042, 4), (4055, 4), (4151, 1), (4173, 1), (4284, 6), (4330, 4)
