palav (DF: 3): (2050, 1), (2463, 1), (3067, 1)
palavra (DF: 2): (3364, 1), (4167, 1)
palazz (DF: 2): (63, 1), (4587, 1)
pale (DF: 15): (149, 1), (950, 2), (963, 1), (1324, 2), (1426, 1), (1636, 1), (1697, 2), (1846, 1), (1877, 1), (2412, 11), (3741, 1), (3751, 1), (3980, 1), (4685, 1), (4746, 1)
paler (DF: 2): (91, 1), (3314, 1)
palerm (DF: 1): (1424, 1)
palest (DF: 1): (559, 1)
palet (DF: 1): (3269, 1)
palett (DF: 2): (469, 1), (825, 2)
palg (DF: 1): (3916, 7)
pali (DF: 2): (1655, 1), (1668, 2)
palisad (DF: 4): (223, 1), (2286, 1), (4543, 1), (4574, 1)
palisz (DF: 1): (661, 1)
paliwo (DF: 1): (1655, 3)
palla (DF: 1): (443, 1)
palladium (DF: 1): (2399, 1)
pallet (DF: 2): (3118, 1), (3310, 1)
palli (DF: 1): (1982, 20)
palm (DF: 42): (68, 2), (200, 1), (216, 2), (278, 4), (285, 2), (325, 2), (328, 2), (438, 1), (643, 1), (846, 3), (1041, 2), (1059, 1), (1217, 2), (1342, 1), (1657, 1), (1800, 3), (1831, 2), (1848, 1), (1946, 1), (1950, 2), (2105, 1), (2143, 1), (2267, 6), (2363, 1), (2831, 1), (3166, 1), (3421, 1), (3514, 1), (4044, 1), (4053, 2), (4124, 1), (4198, 1), (4294, 18), (4354, 1), (4360, 3), (4693, 6), (4697, 1), (4760, 3), (4880, 1), (4939, 1), (4960, 1), (4992, 1)
palmer (DF: 4): (497, 1), (1242, 1), (1381, 1), (2215, 1)
palmero (DF: 1): (1642, 1)
palmetto (DF: 1): (2340, 1)
palmi (DF: 1): (1918, 1)
palmqvist (DF: 1): (2667, 2)
palom (DF: 4): (84, 4), (364, 2), (417, 1), (2585, 2)
paloma (DF: 1): (3469, 1)
palpit (DF: 4): (875, 1), (1447, 1), (3722, 1), (4659, 1)
palti (DF: 1): (149, 1)
pam (DF: 8): (446, 1), (1010, 74), (1188, 1), (1238, 1), (2021, 18), (2461, 5), (3567, 32), (3789, 1)
pamel (DF: 1): (1046, 2)
pamela (DF: 1): (3293, 1)
pami (DF: 1): (250, 1)
pamper (DF: 2): (616, 1), (3204, 1)
pamphlet (DF: 1): (3244, 1)
pamputa (DF: 1): (4771, 2)
pan (DF: 34): (76, 1), (252, 1), (370, 1), (723, 1), (866, 2), (1471, 1), (1547, 1), (1682, 2), (1907, 2), (1918, 2), (1920, 15), (2049, 1), (2170, 1), (2172, 1), (2275, 2), (2316, 2), (2461, 1), (2596, 1), (2906, 1), (3048, 1), (3068, 2), (3723, 3), (3949, 3), (4032, 1), (4109, 3), (4210, 1), (4236, 1), (4246, 1), (4285, 4), (4434, 1), (4799, 1), (4811, 1), (4880, 1), (4986, 1)
panaginip (DF: 2): (4815, 1), (4910, 1)
panahon (DF: 1): (4657, 5)
panam (DF: 3): (1476, 2), (3093, 2), (4219, 1)
panama (DF: 6): (195, 31), (246, 1), (552, 1), (579, 1), (2391, 31), (3589, 1)
panamer (DF: 1): (524, 6)
panamera (DF: 4): (1354, 1), (2268, 2), (3064, 6), (3248, 1)
panc (DF: 3): (2567, 1), (3954, 1), (4992, 1)
pancak (DF: 6): (454, 3), (553, 2), (862, 1), (2534, 1), (3867, 1), (4681, 1)
pancrea (DF: 1): (4490, 1)
pand (DF: 4): (910, 1), (1803, 3), (2877, 1), (3897, 1)
pandill (DF: 1): (4560, 1)
pandillero (DF: 1): (2735, 2)
pandora (DF: 2): (1343, 1), (4319, 1)
pane (DF: 5): (1197, 1), (1959, 1), (2569, 1), (3398, 1), (3674, 2)
panflet (DF: 1): (2316, 1)
pang (DF: 1): (4563, 1)
pangarap (DF: 2): (0, 7), (4815, 1)
pani (DF: 4): (908, 1), (1197, 2), (4311, 1), (4761, 1)
panic (DF: 22): (59, 1), (469, 2), (562, 1), (825, 3), (1000, 18), (1343, 1), (1374, 1), (1413, 1), (1621, 2), (1801, 1), (2256, 1), (2562, 1), (3080, 1), (3181, 1), (3295, 1), (3856, 2), (3934, 2), (3946, 1), (4067, 2), (4153, 10), (4171, 1), (4283, 4)
panick (DF: 5): (1971, 1), (2474, 2), (2890, 1), (3068, 1), (4183, 1)
paniek (DF: 1): (1077, 1)
panik (DF: 1): (2194, 1)
panini (DF: 1): (2341, 4)
paniqu (DF: 1): (1089, 1)
panni (DF: 1): (908, 1)
panoram (DF: 2): (2127, 1), (4723, 1)
panorama (DF: 2): (1489, 1), (2366, 1)
panowani (DF: 1): (4761, 1)
pans (DF: 1): (2938, 1)
pansin (DF: 1): (0, 2)
pant (DF: 46): (51, 1), (74, 2), (124, 2), (535, 8), (669, 1), (675, 2), (698, 2), (925, 1), (951, 1), (1214, 3), (1217, 2), (1271, 10), (1436, 1), (1552, 1), (1556, 6), (1603, 1), (1650, 1), (1805, 1), (1836, 1), (1922, 1), (2039, 1), (2177, 2), (2223, 1), (2251, 1), (2300, 1), (2323, 1), (2618, 1), (2801, 2), (2825, 1), (2865, 1), (3128, 1), (3368, 1), (3507, 3), (3755, 8), (3813, 1), (3930, 1), (4107, 1), (4396, 1), (4411, 1), (4525, 2), (4615, 1), (4715, 1), (4830, 1), (4833, 1), (4842, 1), (4936, 2)
pantagruel (DF: 1): (4945, 2)
pantaleta (DF: 1): (3001, 1)
pantall (DF: 4): (1677, 1), (3358, 1), (3609, 2), (4790, 1)
pantalon (DF: 7): (399, 1), (851, 6), (1519, 2), (1677, 1), (2585, 2), (2604, 1), (3111, 1)
panter (DF: 3): (1519, 2), (1724, 1), (2656, 2)
panth (DF: 1): (2050, 1)
