hi (DF: 17): (3093, 2), (3213, 1), (3472, 2), (3537, 1), (3810, 1), (4298, 2), (4376, 20), (4421, 1), (4611, 2), (4614, 1), (4686, 1), (4704, 2), (4728, 1), (4781, 1), (4797, 2), (4821, 1), (4900, 1)
hiatus (DF: 2): (200, 1), (2452, 1)
hibachi (DF: 1): (3232, 2)
hibern (DF: 1): (4274, 1)
hic (DF: 39): (14, 2), (284, 4), (347, 3), (395, 2), (791, 1), (1046, 16), (1109, 1), (1116, 32), (1215, 1), (1221, 4), (1228, 1), (1284, 4), (1481, 2), (1686, 1), (1810, 2), (2088, 1), (2174, 2), (2336, 1), (2429, 3), (2487, 1), (2967, 2), (3071, 1), (3226, 2), (3459, 2), (3492, 1), (3631, 1), (3724, 1), (3853, 3), (3981, 1), (4189, 1), (4209, 1), (4210, 1), (4288, 1), (4300, 3), (4594, 3), (4702, 7), (4846, 2), (4862, 1), (4916, 2)
hiccup (DF: 2): (76, 1), (3493, 1)
hicieron (DF: 1): (4267, 4)
hicim (DF: 5): (14, 1), (284, 8), (1046, 2), (1284, 1), (1631, 1)
hicist (DF: 1): (1228, 2)
hick (DF: 3): (80, 1), (488, 1), (1477, 1)
hickey (DF: 4): (846, 6), (996, 1), (2208, 1), (3521, 1)
hicki (DF: 1): (740, 1)
hid (DF: 9): (289, 1), (1387, 1), (1477, 1), (1690, 1), (1699, 1), (2071, 1), (2313, 1), (2636, 1), (3432, 1)
hidden (DF: 20): (496, 1), (523, 1), (616, 1), (668, 1), (855, 1), (1222, 1), (1634, 1), (1656, 1), (2310, 1), (2313, 1), (2462, 1), (2594, 1), (2869, 1), (3115, 1), (3307, 2), (4031, 4), (4426, 1), (4570, 1), (4680, 6), (4708, 1)
hide (DF: 264): (8, 2), (56, 1), (142, 1), (208, 1), (210, 1), (212, 2), (215, 3), (241, 1), (253, 1), (258, 1), (266, 1), (293, 1), (337, 1), (351, 1), (357, 1), (359, 1), (416, 1), (421, 1), (507, 1), (523, 3), (559, 1), (562, 2), (597, 1), (602, 1), (616, 1), (623, 1), (636, 1), (638, 1), (695, 1), (699, 1), (704, 1), (745, 4), (769, 4), (783, 1), (807, 3), (849, 1), (863, 4), (867, 1), (868, 1), (906, 1), (909, 1), (922, 1), (929, 3), (941, 1), (951, 1), (1007, 1), (1012, 1), (1015, 1), (1028, 1), (1048, 2), (1053, 1), (1106, 1), (1113, 1), (1143, 1), (1151, 1), (1155, 5), (1157, 1), (1186, 6), (1192, 4), (1234, 4), (1247, 4), (1269, 1), (1274, 1), (1301, 1), (1310, 8), (1322, 1), (1326, 1), (1328, 1), (1438, 4), (1450, 1), (1462, 1), (1493, 1), (1510, 6), (1520, 1), (1545, 2), (1576, 11), (1608, 1), (1662, 1), (1667, 1), (1680, 7), (1689, 1), (1704, 2), (1713, 1), (1728, 2), (1734, 1), (1739, 1), (1764, 2), (1770, 6), (1775, 1), (1813, 4), (1854, 2), (1857, 1), (1915, 2), (1931, 1), (1943, 2), (1977, 1), (1980, 1), (2025, 1), (2045, 1), (2056, 2), (2060, 1), (2061, 1), (2062, 1), (2065, 1), (2075, 1), (2102, 1), (2148, 3), (2165, 3), (2184, 1), (2200, 3), (2218, 1), (2227, 1), (2246, 1), (2249, 1), (2290, 1), (2298, 1), (2310, 2), (2334, 1), (2337, 1), (2373, 2), (2418, 7), (2419, 1), (2422, 2), (2426, 1), (2478, 1), (2537, 1), (2561, 2), (2578, 2), (2613, 4), (2694, 2), (2707, 2), (2735, 1), (2756, 1), (2764, 3), (2769, 2), (2773, 1), (2787, 1), (2799, 1), (2841, 1), (2858, 1), (2900, 2), (2911, 1), (2940, 1), (2944, 1), (2979, 2), (2990, 5), (3013, 6), (3017, 1), (3026, 2), (3056, 3), (3075, 1), (3083, 1), (3125, 4), (3138, 1), (3147, 1), (3157, 4), (3177, 2), (3221, 3), (3230, 1), (3232, 1), (3293, 3), (3324, 1), (3333, 1), (3338, 2), (3362, 1), (3367, 1), (3370, 1), (3373, 1), (3396, 1), (3417, 1), (3547, 1), (3564, 6), (3576, 1), (3577, 1), (3629, 2), (3648, 6), (3674, 2), (3702, 3), (3709, 2), (3728, 3), (3745, 1), (3747, 1), (3769, 1), (3808, 4), (3824, 1), (3842, 1), (3918, 2), (3929, 1), (3949, 3), (3953, 1), (3982, 3), (3991, 1), (3993, 3), (3998, 2), (3999, 1), (4012, 4), (4025, 1), (4061, 5), (4063, 6), (4095, 4), (4126, 6), (4130, 4), (4153, 2), (4206, 1), (4212, 4), (4224, 1), (4230, 1), (4233, 1), (4247, 1), (4269, 1), (4270, 1), (4279, 1), (4312, 4), (4333, 1), (4351, 1), (4392, 2), (4441, 1), (4461, 1), (4476, 1), (4491, 1), (4500, 4), (4517, 1), (4519, 1), (4526, 1), (4569, 1), (4574, 1), (4585, 1), (4589, 9), (4598, 1), (4622, 4), (4625, 1), (4641, 1), (4648, 1), (4680, 1), (4716, 1), (4749, 2), (4755, 1), (4798, 1), (4810, 2), (4828, 1), (4885, 2), (4901, 1), (4962, 1), (4983, 1), (4996, 1), (18, 1), (20, 1), (122, 1), (123, 1), (590, 3), (591, 1), (1638, 3), (1639, 1), (2577, 3), (3431, 1), (3432, 1), (3511, 15), (3512, 6), (3798, 4), (3799, 1), (4505, 1), (4506, 1), (4528, 1), (4530, 1)
hideaway (DF: 4): (8, 10), (526, 9), (774, 1), (780, 1)
hideous (DF: 2): (2233, 1), (4044, 1)
hideout (DF: 2): (1011, 1), (4629, 1)
hidin (DF: 12): (350, 1), (548, 2), (663, 2), (1477, 1), (1552, 1), (2181, 1), (2278, 1), (2636, 1), (2761, 1), (3238, 1), (4404, 2), (4561, 1)
hidinin (DF: 1): (3040, 1)
hidrant (DF: 1): (4016, 1)
hiel (DF: 5): (417, 2), (1966, 6), (3071, 1), (3358, 1), (3609, 1)
