somewher (DF: 37): (2813, 4), (2871, 5), (2906, 1), (2908, 1), (2946, 1), (2956, 1), (2975, 1), (2977, 1), (2996, 7), (3034, 2), (3056, 2), (3182, 1), (3189, 1), (3232, 1), (3276, 1), (3365, 1), (3376, 2), (3435, 2), (3672, 1), (3959, 2), (4012, 2), (4047, 6), (4212, 38), (4225, 10), (4229, 2), (4340, 2), (4474, 1), (4517, 1), (4522, 1), (4536, 1), (4541, 2), (4547, 2), (4685, 6), (4889, 1), (4947, 1), (2123, 1), (2124, 1)
somm (DF: 1): (3067, 3)
sommeil (DF: 1): (4088, 1)
somo (DF: 2): (3318, 1), (3902, 1)
somth (DF: 2): (202, 1), (809, 1)
somthin (DF: 1): (4024, 4)
son (DF: 140): (12, 2), (15, 1), (178, 1), (187, 1), (200, 5), (251, 7), (270, 1), (355, 4), (371, 1), (409, 2), (416, 3), (574, 1), (585, 4), (595, 1), (644, 4), (657, 1), (658, 1), (675, 2), (679, 1), (740, 1), (868, 1), (924, 1), (925, 1), (956, 3), (958, 2), (988, 1), (993, 2), (1010, 1), (1029, 1), (1033, 1), (1051, 1), (1088, 2), (1092, 1), (1095, 2), (1101, 2), (1166, 7), (1186, 4), (1287, 3), (1300, 2), (1372, 1), (1375, 8), (1539, 1), (1594, 1), (1649, 1), (1674, 1), (1722, 2), (1766, 1), (1802, 1), (1847, 1), (1894, 3), (1922, 1), (1949, 1), (1952, 2), (2032, 1), (2046, 1), (2076, 1), (2109, 1), (2114, 4), (2143, 1), (2198, 1), (2344, 2), (2357, 1), (2378, 1), (2681, 2), (2771, 2), (2792, 2), (2804, 1), (2856, 1), (2935, 1), (2967, 1), (3019, 1), (3070, 2), (3111, 6), (3164, 1), (3172, 1), (3195, 1), (3238, 2), (3269, 6), (3272, 1), (3277, 3), (3316, 1), (3327, 2), (3371, 1), (3393, 7), (3397, 7), (3474, 4), (3482, 1), (3487, 1), (3521, 1), (3532, 7), (3584, 6), (3606, 28), (3641, 3), (3662, 5), (3690, 1), (3726, 3), (3772, 1), (3779, 1), (3816, 21), (3840, 1), (3930, 1), (3941, 1), (3949, 3), (3999, 1), (4030, 1), (4088, 1), (4091, 1), (4222, 5), (4279, 1), (4326, 1), (4345, 2), (4419, 9), (4427, 1), (4452, 2), (4486, 1), (4499, 1), (4522, 1), (4534, 1), (4575, 1), (4587, 1), (4632, 2), (4634, 2), (4670, 4), (4722, 2), (4724, 1), (4770, 1), (4842, 1), (4844, 1), (4866, 2), (4916, 1), (4931, 1), (4953, 1), (4974, 1), (134, 1), (135, 1), (1398, 1), (1399, 2), (1513, 1), (1515, 1), (3818, 1)
sonam (DF: 1): (347, 1)
sonder (DF: 1): (134, 1)
sonderschulabschluss (DF: 1): (4387, 1)
sondr (DF: 1): (769, 1)
sone (DF: 1): (2604, 1)
soner (DF: 1): (1411, 1)
soneul (DF: 2): (32, 2), (3690, 1)
song (DF: 209): (35, 1), (74, 4), (80, 1), (104, 1), (118, 1), (136, 2), (150, 3), (205, 1), (228, 1), (245, 1), (252, 1), (263, 2), (275, 2), (318, 1), (322, 4), (365, 2), (379, 2), (411, 2), (425, 1), (454, 1), (456, 1), (464, 1), (503, 1), (561, 1), (574, 1), (582, 1), (602, 2), (617, 1), (639, 13), (647, 1), (660, 1), (664, 2), (693, 2), (745, 2), (760, 10), (766, 2), (771, 2), (788, 1), (811, 1), (817, 13), (857, 1), (866, 1), (888, 1), (916, 1), (978, 15), (981, 4), (1086, 1), (1145, 1), (1168, 1), (1170, 4), (1175, 1), (1180, 4), (1181, 1), (1184, 5), (1201, 1), (1220, 47), (1240, 1), (1250, 1), (1273, 4), (1285, 1), (1304, 1), (1318, 2), (1320, 2), (1329, 1), (1334, 4), (1338, 6), (1351, 2), (1354, 1), (1371, 1), (1374, 2), (1377, 2), (1392, 2), (1418, 1), (1429, 1), (1494, 3), (1521, 2), (1546, 3), (1557, 1), (1569, 1), (1580, 16), (1585, 15), (1590, 1), (1596, 2), (1607, 1), (1621, 1), (1657, 1), (1663, 1), (1671, 1), (1690, 1), (1703, 2), (1707, 1), (1712, 2), (1748, 1), (1767, 1), (1784, 1), (1791, 1), (1802, 1), (1805, 1), (1819, 2), (1850, 1), (1873, 1), (1876, 6), (1885, 2), (1896, 6), (1898, 2), (1921, 1), (1931, 1), (1980, 1), (1986, 4), (2001, 1), (2005, 26), (2011, 1), (2016, 2), (2031, 1), (2039, 1), (2048, 2), (2072, 1), (2089, 2), (2116, 2), (2126, 4), (2131, 1), (2137, 1), (2142, 6), (2167, 2), (2182, 1), (2216, 2), (2217, 1), (2312, 2), (2317, 1), (2322, 1), (2324, 2), (2356, 1), (2367, 1), (2375, 2), (2379, 1), (2385, 1), (2392, 2), (2395, 1), (2461, 1), (2484, 1), (2497, 1), (2513, 1), (2524, 3), (2547, 1), (2550, 2), (2559, 1), (2568, 2), (2614, 1), (2632, 1), (2641, 26), (2663, 1), (2678, 1), (2685, 2), (2695, 1), (2704, 1), (2705, 1), (2707, 3), (2718, 2), (2725, 1), (2726, 1), (2746, 1), (2749, 4), (2768, 1), (2775, 1), (2787, 1), (2797, 12), (2821, 3), (2825, 1), (2842, 1), (2843, 1), (2853, 1), (2859, 1), (2875, 1), (2884, 1), (2906, 1), (2909, 1), (2947, 1), (2960, 1), (2964, 2), (2993, 13), (3014, 1), (3051, 4), (3074, 10), (3081, 1), (3083, 2), (3089, 1), (3128, 1), (3142, 4), (3155, 2), (3167, 1), (3199, 1), (3229, 2), (3238, 1), (3244, 1), (3278, 4), (3289, 1), (3291, 1), (3300, 1), (3310, 1), (3331, 2), (3335, 1), (3339, 1), (3361, 1), (3383, 1), (3398, 1), (3404, 1), (3408, 1), (3432, 1), (3438, 1)
