occur (DF: 4): (2687, 1), (3393, 1), (3439, 1), (4982, 1)
oce (DF: 2): (1046, 2), (2316, 1)
ocean (DF: 89): (157, 2), (262, 13), (288, 1), (306, 1), (315, 1), (396, 1), (400, 1), (487, 1), (504, 1), (600, 2), (640, 2), (736, 1), (823, 1), (854, 1), (864, 1), (898, 1), (916, 2), (933, 2), (998, 1), (1011, 1), (1036, 1), (1041, 1), (1045, 6), (1126, 2), (1129, 1), (1281, 1), (1286, 1), (1330, 1), (1356, 1), (1408, 1), (1418, 3), (1483, 1), (1488, 1), (1598, 4), (1738, 2), (1739, 1), (1748, 2), (1764, 2), (1777, 2), (1950, 1), (2008, 1), (2014, 3), (2041, 6), (2117, 1), (2267, 6), (2301, 1), (2377, 1), (2435, 1), (2441, 1), (2456, 1), (2538, 2), (2571, 1), (2587, 1), (2594, 1), (2621, 2), (2710, 1), (2728, 1), (2737, 1), (2848, 2), (3001, 2), (3086, 2), (3130, 2), (3139, 1), (3188, 3), (3233, 19), (3277, 1), (3302, 4), (3352, 5), (3376, 2), (3400, 2), (3557, 1), (3661, 3), (3662, 1), (3779, 1), (4013, 5), (4036, 1), (4095, 1), (4134, 3), (4158, 1), (4221, 2), (4237, 2), (4401, 1), (4611, 1), (4661, 1), (4791, 1), (4821, 1), (4850, 8), (4922, 1), (4976, 1)
och (DF: 2): (1197, 1), (2152, 5)
ochii (DF: 1): (335, 6)
ocho (DF: 4): (2476, 2), (4347, 3), (4423, 2), (4852, 1)
ochs (DF: 1): (246, 1)
octan (DF: 1): (2628, 2)
octav (DF: 1): (74, 2)
octob (DF: 3): (1712, 1), (4166, 3), (4941, 1)
octopus (DF: 1): (4945, 1)
ocult (DF: 6): (2090, 1), (2529, 2), (4448, 2), (4797, 1), (4916, 1), (4954, 2)
ocup (DF: 5): (53, 1), (1022, 1), (3092, 2), (4344, 1), (4591, 1)
ocupada (DF: 1): (60, 4)
oczach (DF: 1): (250, 1)
oczami (DF: 1): (250, 2)
oczi (DF: 3): (250, 5), (3744, 2), (4582, 2)
od (DF: 13): (959, 2), (1197, 1), (1825, 2), (2081, 1), (2951, 1), (3381, 4), (3460, 1), (3680, 1), (3744, 2), (4311, 1), (4582, 1), (4761, 1), (4859, 1)
oda (DF: 2): (4311, 1), (4358, 1)
odb (DF: 2): (740, 1), (1922, 1)
odbici (DF: 1): (250, 1)
odci (DF: 1): (1197, 1)
odciski (DF: 1): (2951, 1)
odd (DF: 15): (5, 1), (110, 1), (561, 2), (756, 2), (1093, 1), (1194, 2), (1871, 1), (2270, 3), (2607, 1), (2846, 1), (3741, 1), (3810, 1), (4142, 2), (4674, 1), (4895, 1)
odditi (DF: 2): (3181, 2), (4171, 3)
ode (DF: 3): (2033, 1), (2812, 1), (4864, 2)
odeia (DF: 1): (1183, 1)
odeio (DF: 1): (2833, 1)
odel (DF: 1): (4141, 1)
odesza (DF: 3): (992, 1), (2913, 1), (3651, 1)
odeur (DF: 1): (3453, 1)
odg (DF: 2): (3001, 1), (3992, 1)
odi (DF: 25): (63, 1), (109, 1), (187, 2), (417, 1), (438, 1), (661, 3), (908, 1), (1295, 1), (1296, 1), (1655, 3), (1686, 1), (2088, 2), (2383, 3), (2414, 1), (2814, 1), (3295, 1), (3419, 5), (3665, 6), (3823, 1), (4210, 9), (4236, 1), (4358, 4), (4361, 1), (4859, 1), (4873, 1)
odiador (DF: 1): (2967, 1)
odiam (DF: 2): (2782, 1), (4210, 7)
odiart (DF: 1): (2645, 1)
odise (DF: 3): (1307, 1), (3665, 3), (4797, 1)
odjeba (DF: 1): (1825, 2)
odk (DF: 1): (1655, 1)
odmieni (DF: 1): (1655, 1)
odo (DF: 2): (905, 1), (1918, 2)
odom (DF: 2): (80, 1), (1856, 1)
odorat (DF: 1): (3453, 1)
odoridas (DF: 1): (4373, 4)
odour (DF: 2): (2042, 1), (2682, 1)
odpalam (DF: 1): (661, 1)
odpoczywa (DF: 1): (1655, 1)
odpoczywaj (DF: 1): (1655, 3)
odpoczywam (DF: 1): (661, 2)
odpulam (DF: 1): (4859, 1)
odrobi (DF: 1): (1655, 1)
odwi (DF: 1): (4914, 2)
oe (DF: 1): (4650, 2)
oee (DF: 1): (2868, 2)
oeh (DF: 2): (3090, 6), (3140, 1)
oeil (DF: 1): (794, 1)
oel (DF: 1): (2206, 1)
oest (DF: 1): (2369, 3)
of (DF: 23): (46, 2), (276, 1), (450, 1), (480, 2), (484, 1), (567, 3), (711, 1), (982, 2), (1461, 2), (1471, 1), (1665, 1), (1778, 1), (2021, 2), (2473, 1), (2757, 4), (3313, 3), (3351, 1), (3419, 2), (3492, 1), (4189, 1), (4347, 1), (4386, 1), (4440, 4)
ofb (DF: 1): (3409, 1)
ofenbach (DF: 1): (4172, 1)
ofend (DF: 2): (1228, 1), (1687, 1)
off (DF: 4): (567, 3), (2050, 1), (3206, 1), (4192, 3)
offa (DF: 1): (1439, 1)
offenbach (DF: 2): (246, 2), (1238, 2)
offenbar (DF: 1): (2496, 1)
offend (DF: 11): (68, 1), (72, 1), (113, 1), (935, 4), (1012, 1), (2045, 1), (2506, 1), (2682, 1), (2961, 1), (3101, 1), (4019, 1)
offens (DF: 6): (1618, 1), (1880, 1), (2364, 1), (3247, 2), (3948, 1), (4133, 1)
offensivt (DF: 1): (4295, 5)
offer (DF: 15): (348, 1), (404, 14), (607, 1), (886, 1), (1270, 1), (1849, 1), (2246, 1), (2439, 1), (2757, 1), (2960, 7), (3047, 1), (3195, 2), (3701, 3), (4383, 1), (4982, 1)
offerin (DF: 2): (2236, 1), (4091, 3)
offic (DF: 13): (698, 9), (823, 1), (1718, 1), (1834, 1), (2028, 1), (2305, 1), (3289, 1), (3432, 1), (3447, 1), (4429, 1), (4766, 1), (4830, 1), (4931, 1)
officeel (DF: 1): (4849, 1)
offici (DF: 12): (471, 1), (699, 1), (702, 1), (1059, 1), (1712, 1), (3278, 2), (3300, 1), (3310, 1), (3597, 3), (3884, 1), (4849, 3), (4982, 1)
official (DF: 1): (1453, 1)
officieel (DF: 1): (4849, 23)
offin (DF: 1): (2147, 1)
offish (DF: 1): (2236, 1)
offlin (DF: 2): (2155, 1), (2964, 1)
offset (DF: 10): (26, 3), (350, 2), (469, 3), (673, 1), (825, 1), (1171, 2), (1799, 1), (2208, 1), (2256, 1), (4122, 3)
offsid (DF: 1): (4244, 1)
offspr (DF: 3): (66, 1), (3178, 1), (3521, 1)
ofici (DF: 1): (4382, 1)
oficial (DF: 2): (4300, 3), (4594, 3)
oficin (DF: 3): (53, 1), (417, 1), (3269, 1)
ofrec (DF: 6): (1277, 1), (1907, 2), (3158, 2), (3419, 1), (3823, 1), (4189, 2)
ofrecert (DF: 1): (813, 1)
ofrezc (DF: 3): (934, 2), (1395, 2), (3697, 1)
oft (DF: 3): (437, 1), (1351, 2), (2327, 1)
often (DF: 29): (134, 1), (222, 1), (249, 4), (527, 1), (716, 1), (823, 1), (1145, 1), (1172, 1), (1178, 3), (1531, 4), (1552, 1), (1861, 1), (1891, 1), (1959, 1), (2001, 1), (2008, 1), (2677, 1), (2824, 1), (2875, 2), (3707, 4), (3712, 1), (3878, 1), (3913, 1), (3985, 1), (4092, 35), (4164, 1), (4243, 1), (4764, 1), (4913, 1)
ofu (DF: 1): (1360, 1)
og (DF: 28): (183, 1), (229, 7), (862, 1), (1084, 1), (1465, 12), (1803, 2), (2018, 11), (2056, 1), (2164, 1), (2305, 1), (2309, 1), (2405, 1), (2494, 1), (2666, 1), (2739, 1), (2759, 6), (3424, 1), (3428, 1), (3527, 4), (3591, 11), (4295, 13), (4410, 1), (4425, 11), (4668, 1), (4669, 2), (4714, 1), (4831, 1), (4991, 13)
