booti (DF: 7): (4576, 2), (4604, 6), (4723, 1), (4854, 1), (4884, 4), (2434, 10), (2436, 1)
bootleg (DF: 1): (1135, 1)
bootsi (DF: 3): (113, 3), (3247, 2), (3948, 1)
bootstrap (DF: 1): (4112, 1)
booty (DF: 6): (1039, 6), (3062, 3), (3090, 1), (3580, 12), (4152, 1), (4257, 5)
booyakasha (DF: 1): (4190, 4)
booz (DF: 7): (131, 2), (1303, 1), (2759, 1), (2936, 1), (3179, 1), (4044, 4), (4803, 5)
boozi (DF: 1): (2872, 1)
bop (DF: 32): (565, 4), (846, 3), (1050, 1), (1248, 38), (1425, 1), (1625, 1), (1744, 4), (1891, 1), (2053, 1), (2083, 1), (2254, 1), (2493, 1), (2520, 2), (2527, 1), (2618, 1), (2624, 1), (2840, 1), (3019, 1), (3205, 1), (3223, 6), (3310, 1), (3350, 1), (3485, 1), (3507, 1), (3598, 2), (3793, 1), (3813, 1), (3837, 1), (3995, 1), (4150, 1), (4695, 31), (4831, 1)
bopper (DF: 1): (4766, 3)
boppin (DF: 1): (4128, 1)
bopping (DF: 1): (1778, 1)
boqueron (DF: 1): (1046, 2)
boquiabiert (DF: 1): (4288, 3)
boquit (DF: 7): (12, 18), (117, 1), (1305, 1), (2805, 1), (2814, 3), (3006, 2), (3290, 1)
bor (DF: 3): (905, 2), (1010, 4), (3816, 3)
bora (DF: 1): (3453, 2)
bord (DF: 8): (229, 1), (484, 1), (649, 1), (2152, 1), (4214, 4), (4567, 2), (4763, 1), (4949, 1)
bordel (DF: 1): (4614, 1)
borden (DF: 2): (1432, 1), (2638, 2)
border (DF: 18): (73, 1), (352, 1), (370, 1), (642, 1), (668, 1), (869, 1), (1656, 1), (1673, 1), (2296, 1), (2730, 17), (3095, 32), (3180, 2), (3311, 1), (4002, 2), (4107, 1), (4229, 2), (4612, 1), (4848, 1)
borderlin (DF: 2): (478, 2), (3365, 1)
bordet (DF: 1): (4991, 1)
bordstein (DF: 1): (151, 1)
bordsteinfress (DF: 1): (1845, 4)
bore (DF: 47): (132, 1), (160, 11), (215, 1), (231, 2), (240, 1), (280, 2), (291, 1), (759, 1), (779, 1), (925, 1), (973, 1), (1019, 1), (1084, 1), (1181, 1), (1188, 1), (1531, 1), (1541, 1), (1581, 1), (1742, 1), (2061, 1), (2578, 1), (2791, 1), (3034, 1), (3100, 1), (3101, 1), (3143, 2), (3252, 2), (3331, 2), (3553, 8), (3827, 2), (3922, 1), (4030, 1), (4254, 1), (4367, 2), (4464, 1), (4487, 1), (4661, 1), (4715, 1), (4745, 1), (4750, 1), (4755, 1), (4776, 1), (4897, 17), (1025, 1), (1026, 1), (4348, 1), (4350, 2)
borgeous (DF: 3): (4056, 2), (4118, 1), (4393, 1)
bori (DF: 1): (3371, 1)
boricu (DF: 4): (1259, 1), (1476, 2), (4236, 1), (4879, 1)
boricua (DF: 1): (552, 1)
borin (DF: 4): (2256, 8), (2730, 2), (3095, 4), (4030, 1)
borincan (DF: 1): (2306, 1)
borinqu (DF: 1): (2604, 1)
born (DF: 120): (40, 4), (129, 1), (140, 2), (236, 1), (251, 2), (311, 1), (381, 3), (390, 2), (404, 4), (456, 1), (488, 1), (490, 1), (501, 1), (511, 3), (558, 1), (606, 1), (664, 1), (672, 1), (766, 1), (788, 1), (838, 1), (864, 1), (870, 1), (946, 2), (958, 3), (993, 1), (1068, 1), (1125, 9), (1136, 1), (1149, 113), (1158, 4), (1166, 2), (1186, 6), (1209, 1), (1210, 1), (1263, 10), (1287, 4), (1416, 5), (1434, 1), (1520, 1), (1546, 15), (1555, 1), (1618, 1), (1685, 1), (1722, 1), (1727, 1), (1858, 6), (1885, 2), (1934, 4), (1951, 1), (1957, 2), (2002, 1), (2032, 2), (2044, 3), (2064, 1), (2109, 1), (2129, 39), (2142, 2), (2244, 2), (2272, 1), (2281, 6), (2284, 6), (2366, 1), (2425, 1), (2491, 1), (2495, 1), (2543, 2), (2647, 1), (2770, 1), (2795, 1), (2840, 1), (2856, 1), (2960, 2), (3087, 1), (3103, 1), (3164, 1), (3183, 1), (3286, 2), (3298, 1), (3323, 1), (3373, 3), (3426, 1), (3429, 2), (3482, 1), (3484, 1), (3505, 2), (3598, 1), (3606, 1), (3737, 1), (3741, 1), (3743, 1), (3778, 1), (3818, 10), (3899, 39), (3940, 1), (4021, 1), (4045, 1), (4062, 1), (4093, 5), (4237, 1), (4278, 1), (4286, 3), (4296, 1), (4305, 10), (4501, 1), (4534, 1), (4547, 2), (4601, 1), (4634, 1), (4654, 1), (4661, 1), (4674, 1), (4690, 1), (4733, 1), (4748, 1), (4754, 1), (4834, 1), (4907, 7), (2330, 1), (2332, 1)
bornheim (DF: 1): (2729, 1)
boro (DF: 1): (3272, 2)
borr (DF: 11): (269, 4), (312, 1), (1022, 1), (1461, 1), (1668, 2), (1939, 1), (3031, 1), (3106, 1), (3596, 1), (3723, 1), (4666, 1)
borrach (DF: 10): (1241, 2), (1284, 1), (2529, 4), (2681, 7), (3093, 2), (3418, 2), (4246, 7), (4729, 1), (86, 2), (87, 1)
borrey (DF: 1): (1022, 1)
borrow (DF: 23): (134, 2), (563, 1), (658, 1), (841, 1), (1026, 1), (1142, 1), (1299, 4), (2241, 1), (2607, 1), (2720, 1), (2809, 1), (3033, 1), (3164, 1), (3302, 4), (3393, 1), (3474, 1), (3642, 1), (3676, 2), (4482, 1), (4566, 3), (4634, 1), (4723, 1), (4774, 3)
bory (DF: 1): (1221, 6)
bos (DF: 10): (246, 2), (1033, 1), (1724, 1), (2194, 1), (2729, 1), (3108, 1), (3480, 1), (3942, 1), (4496, 2), (4743, 1)
