heeey (DF: 2): (1169, 4), (1649, 1)
heeft (DF: 4): (43, 1), (1077, 1), (1432, 1), (4607, 2)
heel (DF: 40): (175, 2), (582, 2), (618, 2), (672, 1), (698, 2), (740, 1), (1310, 2), (1344, 1), (1613, 1), (1679, 1), (1732, 1), (1736, 1), (1808, 1), (2019, 1), (2134, 2), (2282, 2), (2394, 1), (2618, 1), (2762, 1), (2775, 1), (2840, 1), (2847, 1), (3026, 1), (3036, 2), (3037, 1), (3170, 1), (3261, 1), (3537, 1), (3749, 1), (3968, 11), (4062, 1), (4213, 1), (4256, 1), (4408, 1), (4446, 1), (4476, 1), (4604, 1), (4834, 1), (4844, 1), (4985, 2)
heen (DF: 2): (43, 1), (1077, 1)
heep (DF: 1): (2458, 1)
heet (DF: 2): (845, 1), (1432, 1)
heey (DF: 1): (1169, 4)
heezi (DF: 3): (1187, 1), (2028, 1), (4669, 1)
heffer (DF: 2): (3529, 1), (4042, 1)
hefti (DF: 2): (2208, 1), (4244, 1)
heftig (DF: 1): (3437, 1)
heh (DF: 19): (476, 1), (490, 1), (577, 3), (792, 2), (1438, 1), (1484, 1), (1703, 4), (2078, 1), (2585, 74), (2634, 1), (2877, 1), (3031, 3), (3356, 1), (3363, 1), (4282, 1), (4567, 16), (4723, 1), (4763, 8), (4998, 1)
heheh (DF: 2): (2399, 1), (4629, 2)
heheheh (DF: 1): (2489, 1)
hehlerei (DF: 1): (2328, 1)
hei (DF: 1): (2986, 2)
heid (DF: 1): (9, 1)
heidå (DF: 1): (4341, 1)
height (DF: 17): (105, 2), (294, 1), (365, 1), (953, 1), (1219, 1), (1547, 1), (1782, 6), (2918, 12), (2934, 1), (3141, 1), (3791, 1), (3917, 1), (4067, 8), (4070, 2), (4298, 1), (4364, 1), (4896, 5)
heil (DF: 1): (2327, 3)
heim (DF: 2): (3067, 4), (4816, 1)
heimat (DF: 3): (1177, 1), (1238, 1), (3108, 1)
heimbring (DF: 1): (3480, 1)
heimlich (DF: 2): (2676, 1), (3123, 1)
hein (DF: 3): (3453, 2), (3467, 6), (3870, 2)
heinous (DF: 1): (3940, 1)
heir (DF: 2): (2847, 1), (4670, 4)
heirat (DF: 1): (484, 1)
heisenberg (DF: 1): (858, 1)
heiss (DF: 6): (681, 1), (2328, 1), (3048, 1), (3437, 1), (3984, 1), (4729, 2)
heissgeliebt (DF: 1): (681, 1)
heisst (DF: 6): (484, 1), (3570, 1), (3849, 1), (3932, 2), (3962, 1), (4387, 1)
heist (DF: 1): (4646, 1)
hektik (DF: 2): (3984, 1), (4387, 1)
hel (DF: 4): (229, 1), (2759, 3), (3527, 6), (4440, 2)
helader (DF: 1): (4515, 1)
helal (DF: 1): (2574, 1)
held (DF: 65): (74, 2), (233, 1), (420, 1), (458, 1), (650, 1), (869, 1), (994, 1), (998, 1), (1082, 6), (1167, 1), (1185, 1), (1334, 2), (1363, 1), (1392, 4), (1624, 1), (1697, 2), (1711, 2), (1738, 1), (1802, 2), (2017, 1), (2143, 1), (2224, 1), (2246, 1), (2376, 1), (2399, 1), (2423, 1), (2533, 9), (2587, 1), (2636, 1), (2715, 2), (2734, 1), (2783, 1), (2894, 1), (2996, 3), (3023, 1), (3098, 2), (3228, 2), (3233, 1), (3238, 1), (3246, 2), (3296, 1), (3390, 1), (3675, 1), (3721, 3), (3766, 1), (3843, 1), (3850, 1), (3938, 1), (3946, 1), (4020, 1), (4196, 2), (4199, 1), (4252, 1), (4321, 2), (4336, 4), (4622, 1), (4643, 1), (4742, 1), (4759, 1), (4877, 1), (4897, 1), (4926, 1), (4932, 2), (4974, 1), (4999, 1)
helden (DF: 4): (1062, 1), (1283, 1), (1755, 2), (3699, 1)
heldentat (DF: 1): (493, 1)
hele (DF: 4): (229, 1), (2018, 2), (3527, 6), (4665, 1)
helema (DF: 1): (4849, 1)
helf (DF: 1): (3381, 1)
helft (DF: 1): (1432, 1)
helg (DF: 1): (3399, 2)
heli (DF: 1): (1029, 1)
helicopt (DF: 6): (80, 8), (2000, 1), (3232, 2), (3991, 1), (4148, 1), (4699, 1)
helikopt (DF: 1): (3480, 1)
helium (DF: 2): (2045, 1), (3741, 1)
helix (DF: 1): (643, 2)
hell (DF: 253): (13, 1), (31, 2), (36, 3), (40, 1), (70, 1), (101, 6), (103, 1), (156, 1), (179, 1), (220, 1), (221, 1), (222, 6), (235, 1), (273, 66), (307, 1), (324, 1), (328, 1), (368, 4), (375, 1), (400, 1), (426, 2), (469, 1), (482, 3), (520, 2), (546, 1), (547, 1), (581, 1), (606, 1), (642, 1), (646, 1), (692, 4), (711, 1), (731, 1), (753, 1), (758, 2), (798, 1), (815, 9), (818, 1), (823, 1), (825, 2), (831, 1), (877, 13), (893, 1), (896, 2), (909, 1), (925, 1), (929, 1), (935, 2), (958, 4), (965, 6), (966, 1), (975, 1), (978, 8), (994, 1), (1011, 1), (1024, 2), (1028, 4), (1049, 1), (1050, 1), (1101, 1), (1112, 1), (1136, 1), (1147, 1), (1153, 1), (1158, 1), (1210, 6), (1232, 2), (1240, 1), (1243, 2), (1258, 1), (1263, 1), (1280, 8), (1297, 1), (1343, 1), (1344, 1), (1356, 1), (1381, 1), (1386, 1), (1455, 1), (1456, 12), (1469, 1), (1475, 1), (1512, 1), (1513, 1), (1531, 3), (1540, 1), (1543, 2), (1554, 1), (1575, 3), (1616, 1), (1623, 1), (1643, 2), (1661, 1), (1676, 8), (1684, 1), (1696, 1), (1718, 1), (1749, 1), (1760, 3), (1784, 1), (1805, 1), (1819, 1), (1820, 1), (1829, 1), (1889, 1), (1891, 21), (1920, 50), (1957, 2), (1972, 1), (1977, 1), (1998, 1), (2000, 1), (2026, 2), (2048, 1), (2058, 6), (2063, 1), (2082, 1), (2103, 2), (2104, 1), (2143, 1), (2168, 2), (2176, 3), (2177, 1), (2181, 1), (2186, 1), (2211, 3), (2227, 1), (2244, 1), (2250, 2), (2251, 1), (2255, 1), (2294, 1), (2300, 1), (2310, 2), (2321, 5), (2407, 8), (2446, 1), (2450, 1), (2495, 12), (2528, 5), (2556, 5), (2578, 1), (2588, 1), (2592, 8), (2636, 1), (2663, 1), (2735, 5), (2778, 1), (2787, 1), (2795, 2), (2797, 1), (2832, 1), (2838, 2), (2840, 2), (2896, 2), (2906, 1), (2911, 2), (2939, 1), (2957, 1), (3019, 1), (3044, 1), (3119, 1), (3122, 4), (3133, 1), (3163, 12), (3164, 1), (3188, 6), (3238, 1), (3241, 1), (3244, 1), (3261, 1), (3268, 1), (3302, 2), (3368, 3), (3371, 1), (3408, 1), (3439, 4), (3483, 1), (3498, 1), (3511, 1), (3518, 1), (3519, 2), (3553, 4), (3589, 1), (3594, 1), (3624, 1), (3626, 1), (3653, 1), (3670, 3), (3672, 3), (3677, 1), (3741, 1), (3767, 1), (3776, 1), (3790, 1), (3802, 1), (3884, 1), (3888, 3), (3904, 1), (3937, 2), (3945, 3), (4017, 2), (4033, 6), (4044, 1), (4045, 1), (4062, 1), (4109, 10), (4121, 2), (4128, 1), (4137, 3), (4153, 2), (4163, 1), (4165, 2), (4177, 1), (4199, 2), (4211, 1), (4218, 2), (4264, 1), (4267, 1), (4270, 1), (4284, 2), (4289, 4), (4310, 1), (4320, 1), (4328, 5), (4371, 5), (4481, 1), (4488, 2), (4492, 1), (4508, 1), (4522, 6), (4533, 1), (4537, 32), (4569, 1), (4603, 1), (4625, 1), (4634, 1), (4647, 1), (4669, 1), (4683, 2), (4684, 1), (4695, 1), (4745, 1), (4773, 1), (4809, 9), (4825, 8), (4872, 6), (4877, 1), (4880, 1), (4907, 1), (4931, 2), (4945, 2), (4971, 2)
hella (DF: 23): (168, 2), (222, 3), (510, 1), (952, 2), (959, 2), (1084, 1), (1143, 1), (1152, 2), (1276, 1), (1575, 1), (1760, 1), (1779, 1), (1799, 2), (1836, 1), (2154, 1), (2840, 1), (2939, 7), (3594, 1), (4527, 1), (4723, 2), (4814, 1), (4837, 1), (4887, 2)
hellbent (DF: 1): (1409, 1)
hellcat (DF: 2): (469, 1), (825, 2)
heller (DF: 1): (4425, 1)
hellfir (DF: 2): (368, 1), (2418, 1)
hellish (DF: 1): (3863, 1)
hello (DF: 54): (15, 1), (34, 4), (138, 1), (293, 14), (298, 1), (446, 1), (595, 1), (641, 12), (656, 7), (714, 1), (1081, 1), (1397, 19), (1413, 1), (1418, 2), (1639, 1), (1750, 2), (1762, 1), (1797, 4), (1915, 3), (1961, 1), (2055, 1), (2091, 2), (2223, 1), (2455, 4), (2661, 2), (2669, 1), (2672, 1), (2699, 9), (2872, 3), (2939, 2), (3105, 1), (3143, 72), (3235, 1), (3410, 1), (3472, 2), (3707, 4), (3790, 1), (3826, 8), (3860, 1), (3872, 2), (3974, 4), (4008, 1), (4164, 4), (4340, 7), (4600, 1), (4603, 5), (4611, 3), (4685, 12), (4773, 1), (4793, 1), (4824, 2), (4926, 1), (4984, 2), (4990, 1)
hellrais (DF: 1): (2050, 1)
helluva (DF: 2): (110, 1), (1304, 1)
hellwach (DF: 1): (778, 1)
helm (DF: 1): (1211, 1)
helmet (DF: 5): (1243, 1), (1555, 1), (2890, 3), (4044, 1), (4183, 3)
help (DF: 276): (52, 1), (58, 1), (78, 1), (88, 3), (93, 1), (137, 1), (145, 2), (221, 1), (251, 1), (261, 1), (263, 1), (270, 1), (279, 17), (318, 1), (324, 1), (327, 1), (368, 2), (380, 1), (425, 2), (427, 2), (428, 1), (432, 1), (469, 1), (470, 1), (507, 1), (520, 2), (530, 1), (546, 1), (574, 2), (589, 6), (616, 1), (640, 1), (677, 8), (688, 1), (753, 1), (766, 5), (787, 1), (809, 1), (815, 5), (825, 1), (835, 2), (845, 1), (887, 1), (916, 1), (929, 4), (936, 1), (946, 4), (955, 2), (962, 2), (978, 2), (986, 1), (1057, 1), (1085, 1), (1088, 1), (1091, 1), (1120, 2), (1155, 1), (1166, 1), (1181, 1), (1191, 2), (1192, 1), (1209, 1), (1210, 6), (1211, 1), (1240, 18), (1281, 3), (1288, 9), (1297, 1), (1314, 1), (1356, 1), (1414, 1), (1421, 1), (1437, 1), (1439, 2), (1442, 9), (1455, 1), (1469, 1), (1470, 1), (1479, 5), (1513, 1), (1539, 1), (1545, 1), (1552, 1), (1553, 3), (1555, 1), (1565, 1), (1574, 1), (1590, 1), (1640, 1), (1651, 1), (1708, 1), (1741, 2), (1742, 3), (1765, 1), (1767, 4), (1768, 4), (1817, 1), (1824, 3), (1832, 1), (1835, 1), (1854, 1), (1868, 1), (1891, 1), (1897, 1), (1910, 1), (1929, 1), (1949, 1), (1964, 3), (1968, 1), (1990, 1), (1997, 2), (2001, 4), (2004, 4), (2022, 1), (2025, 1), (2037, 1), (2045, 1), (2058, 1), (2071, 3), (2080, 1), (2085, 1), (2102, 1), (2105, 1), (2106, 12), (2122, 1), (2123, 1), (2153, 2), (2154, 1), (2220, 1), (2256, 1), (2264, 2), (2288, 3), (2326, 1), (2373, 2), (2381, 8), (2451, 4), (2454, 3), (2497, 18), (2508, 4), (2510, 3), (2550, 3), (2570, 2), (2586, 1), (2592, 1), (2598, 3), (2665, 4), (2669, 1), (2697, 3), (2701, 1), (2708, 1), (2720, 6), (2734, 1), (2762, 2), (2776, 2), (2788, 1), (2802, 8), (2804, 1), (2821, 2), (2826, 1), (2884, 1), (2891, 1), (2901, 2), (2906, 1), (2907, 2), (2910, 1), (2911, 1), (2930, 2), (2957, 1), (2961, 2), (2968, 2), (2979, 2), (2999, 3), (3032, 2), (3034, 1), (3065, 1), (3073, 1), (3097, 1), (3109, 2), (3119, 6), (3131, 2), (3153, 1), (3169, 1), (3172, 6), (3182, 1), (3184, 1), (3189, 5), (3244, 1), (3246, 1), (3266, 1), (3312, 6), (3369, 1), (3371, 1), (3397, 1), (3402, 1), (3404, 1), (3428, 1), (3435, 4), (3450, 1), (3464, 2), (3499, 1), (3501, 1), (3522, 1), (3532, 1), (3535, 8), (3548, 1), (3551, 2), (3574, 3), (3598, 2), (3675, 1), (3698, 4), (3700, 4), (3741, 1), (3747, 1), (3761, 4), (3797, 1), (3837, 2), (3879, 3), (3880, 1), (3893, 4), (3905, 1), (3987, 1), (4012, 2), (4041, 7), (4090, 1), (4095, 1), (4123, 1), (4154, 2), (4185, 1), (4239, 1), (4255, 1), (4277, 2), (4298, 3), (4301, 4), (4309, 2), (4348, 3), (4354, 3), (4359, 1), (4369, 1), (4383, 4), (4391, 6), (4400, 2), (4404, 1), (4408, 1), (4420, 1), (4449, 1), (4452, 4), (4461, 6), (4474, 1), (4514, 1), (4539, 2), (4547, 3), (4578, 2), (4618, 2), (4624, 6), (4626, 1), (4634, 1), (4658, 5), (4680, 1), (4691, 1), (4694, 3), (4706, 8), (4713, 1), (4717, 2), (4732, 1), (4745, 1), (4764, 1), (4773, 1), (4793, 1), (4811, 1), (4829, 1), (4844, 1), (4884, 2), (4901, 1), (4911, 1), (4945, 2), (4973, 5)
helpin (DF: 1): (3487, 1)
helpless (DF: 16): (196, 8), (370, 1), (373, 2), (1012, 1), (1206, 2), (1610, 1), (1680, 4), (2024, 2), (2154, 1), (2348, 1), (2454, 3), (2891, 1), (2944, 1), (3561, 1), (4281, 1), (4340, 1)
helsinki (DF: 1): (2841, 3)
helst (DF: 1): (2018, 1)
helt (DF: 2): (229, 1), (2018, 2)
helter (DF: 2): (495, 21), (3164, 1)
hem (DF: 4): (753, 1), (1077, 1), (1284, 1), (4669, 1)
hembr (DF: 2): (4236, 1), (4560, 1)
hemingway (DF: 1): (3188, 2)
hemmschwell (DF: 1): (2574, 1)
hemp (DF: 1): (2747, 1)
hemso (DF: 2): (778, 2), (1238, 3)
hen (DF: 6): (290, 1), (789, 4), (1657, 1), (2018, 10), (2759, 1), (4506, 1)
hend (DF: 2): (229, 3), (2018, 1)
hendrix (DF: 9): (798, 3), (886, 1), (942, 1), (1433, 1), (1768, 1), (2014, 3), (2106, 1), (2144, 3), (3893, 2)
henessey (DF: 2): (1949, 1), (4165, 1)
henki (DF: 17): (43, 1), (812, 1), (852, 1), (1077, 1), (1318, 1), (1432, 1), (1619, 4), (2638, 1), (3355, 1), (3453, 1), (3748, 1), (3864, 1), (4256, 1), (4465, 1), (4607, 1), (4665, 1), (4849, 1)
henn (DF: 4): (1952, 2), (3529, 1), (4042, 1), (4295, 1)
hennesey (DF: 1): (2607, 1)
hennesi (DF: 2): (1059, 1), (3999, 1)
hennessey (DF: 3): (583, 1), (3180, 2), (3594, 1)
hennessi (DF: 30): (324, 1), (388, 1), (586, 1), (661, 1), (1078, 12), (1293, 1), (1520, 1), (1672, 1), (1924, 6), (2104, 1), (2192, 1), (2277, 1), (2442, 1), (2453, 24), (2607, 1), (2865, 1), (3084, 3), (3085, 2), (3163, 2), (3174, 1), (3180, 2), (3244, 1), (3300, 1), (3310, 1), (3440, 54), (3624, 1), (4211, 1), (4561, 1), (4621, 18), (4719, 18)
hennessy (DF: 1): (1484, 1)
