turn (DF: 27): (4801, 1), (4802, 10), (4882, 3), (4883, 2), (4884, 6), (4888, 2), (4889, 1), (4983, 1), (4984, 1), (548, 1), (549, 1), (550, 3), (1344, 1), (1345, 32), (1346, 1), (1797, 1), (1798, 7), (1799, 1), (2693, 3), (2695, 1), (2697, 1), (2932, 1), (2933, 4), (2935, 1), (4475, 4), (4476, 2), (4477, 1)
turncoat (DF: 1): (1555, 1)
turner (DF: 1): (2319, 18)
turnin (DF: 27): (148, 1), (341, 1), (374, 2), (449, 1), (802, 1), (811, 1), (826, 20), (1704, 2), (1733, 1), (1767, 1), (1873, 1), (1883, 1), (1925, 1), (1980, 5), (2278, 1), (2367, 1), (2495, 1), (2552, 1), (2622, 1), (3300, 1), (3549, 1), (3938, 1), (3963, 1), (4250, 1), (4497, 6), (4629, 1), (4891, 1)
turno (DF: 1): (2735, 1)
turnpik (DF: 1): (1520, 1)
turnstil (DF: 2): (1762, 4), (3161, 1)
turnt (DF: 7): (915, 1), (952, 4), (1354, 1), (1574, 1), (1648, 1), (4214, 1), (4818, 1)
turntabl (DF: 1): (4854, 1)
turr (DF: 1): (2604, 1)
turret (DF: 2): (81, 1), (4503, 1)
tursteh (DF: 1): (2637, 2)
turtl (DF: 4): (1959, 1), (3420, 1), (3520, 1), (4104, 1)
turup (DF: 1): (4770, 3)
turururutu (DF: 1): (594, 1)
turururututu (DF: 1): (594, 1)
turutu (DF: 1): (3078, 4)
tus (DF: 7): (724, 1), (1087, 1), (1257, 2), (2843, 1), (3093, 1), (3146, 1), (3666, 1)
tush (DF: 1): (3640, 4)
tusk (DF: 1): (4407, 1)
tussi (DF: 1): (3006, 4)
tussin (DF: 1): (922, 1)
tussl (DF: 1): (4165, 1)
tusson (DF: 1): (2594, 1)
tust (DF: 2): (484, 1), (3123, 1)
tusz (DF: 1): (250, 2)
tut (DF: 6): (1845, 1), (1850, 1), (2376, 1), (3108, 1), (3466, 1), (3849, 1)
tutaj (DF: 2): (1825, 2), (1918, 13)
tutifruti (DF: 1): (539, 1)
tutor (DF: 1): (471, 1)
tutt (DF: 5): (9, 1), (1010, 1), (2518, 3), (3210, 2), (3295, 1)
tutti (DF: 1): (4479, 1)
tutugon (DF: 1): (0, 1)
tuu (DF: 1): (3853, 1)
tuuu (DF: 1): (3853, 2)
tuviera (DF: 1): (3146, 1)
tuyit (DF: 1): (1584, 1)
tuyo (DF: 2): (1087, 4), (4465, 2)
tv (DF: 69): (9, 1), (213, 2), (428, 1), (668, 1), (675, 2), (713, 1), (833, 1), (1094, 1), (1136, 1), (1142, 1), (1322, 1), (1359, 1), (1434, 1), (1549, 1), (1656, 1), (1712, 1), (1755, 4), (1839, 3), (1920, 5), (2112, 1), (2115, 1), (2230, 1), (2231, 1), (2236, 1), (2245, 1), (2298, 2), (2309, 1), (2329, 1), (2331, 1), (2410, 1), (2567, 1), (2634, 1), (2803, 1), (2895, 1), (3006, 4), (3075, 1), (3128, 1), (3179, 4), (3190, 1), (3203, 1), (3368, 2), (3410, 3), (3566, 1), (3584, 2), (3597, 1), (3601, 2), (3714, 4), (3762, 1), (3789, 1), (3880, 1), (3930, 1), (3956, 1), (4051, 1), (4109, 1), (4154, 1), (4293, 1), (4298, 2), (4325, 3), (4405, 1), (4491, 2), (4525, 2), (4581, 1), (4642, 1), (4720, 1), (4814, 1), (4823, 5), (4869, 3), (4900, 1), (4956, 2)
tvbuu (DF: 1): (1512, 1)
tvgucci (DF: 1): (155, 3)
tvinga (DF: 1): (2152, 1)
tvivl (DF: 1): (4295, 5)
tvor (DF: 1): (2028, 1)
tvs (DF: 2): (1226, 1), (2861, 1)
tvyou (DF: 1): (201, 1)
tw (DF: 2): (5, 1), (2870, 1)
twan (DF: 1): (720, 2)
tward (DF: 1): (2951, 4)
twarz (DF: 1): (4405, 2)
twat (DF: 1): (4956, 1)
twaun (DF: 1): (3884, 1)
tweak (DF: 5): (753, 2), (2000, 1), (2052, 1), (2064, 5), (4262, 1)
tweakin (DF: 3): (1211, 1), (2231, 1), (2493, 3)
twee (DF: 1): (175, 3)
tweedlede (DF: 1): (3923, 1)
tween (DF: 3): (2482, 3), (3075, 1), (3913, 1)
tweet (DF: 3): (829, 4), (1021, 1), (3310, 1)
twehhechtek (DF: 1): (3660, 1)
twelv (DF: 12): (311, 1), (909, 1), (1028, 2), (1219, 1), (1414, 1), (2216, 1), (2231, 1), (2278, 1), (2887, 1), (3119, 1), (3238, 1), (3963, 1)
twelve24 (DF: 1): (419, 1)
twenti (DF: 62): (36, 1), (59, 1), (110, 1), (197, 1), (233, 1), (306, 1), (339, 2), (350, 1), (365, 1), (536, 3), (579, 1), (591, 1), (617, 1), (661, 5), (829, 1), (855, 1), (909, 1), (1092, 1), (1249, 1), (1282, 5), (1416, 2), (1503, 1), (1646, 12), (1648, 1), (1692, 1), (1922, 1), (2112, 2), (2116, 1), (2186, 1), (2198, 1), (2230, 1), (2329, 1), (2397, 4), (2399, 1), (2492, 1), (2607, 1), (2676, 2), (2787, 1), (2798, 1), (2892, 1), (2976, 1), (2991, 1), (3068, 1), (3175, 1), (3184, 2), (3331, 2), (3444, 2), (3562, 1), (3594, 1), (3821, 2), (3824, 1), (3975, 1), (4115, 3), (4150, 1), (4228, 2), (4420, 3), (4565, 1), (4623, 1), (4632, 12), (4739, 1), (4818, 7), (4901, 1)
twenty (DF: 3): (982, 2), (2183, 1), (3219, 4)
twerk (DF: 10): (598, 5), (1011, 1), (1532, 2), (1657, 4), (2083, 10), (3121, 2), (3234, 2), (3445, 1), (3816, 3), (4159, 1)
twerka (DF: 1): (908, 1)
twerke (DF: 1): (1627, 3)
twerkea (DF: 2): (3513, 1), (4188, 2)
twerkin (DF: 1): (1532, 2)
