stand (DF: 74): (4798, 14), (4802, 1), (4812, 2), (4833, 1), (4842, 1), (4844, 1), (4866, 2), (4889, 2), (4936, 2), (4941, 13), (4950, 4), (4960, 7), (4963, 1), (4971, 1), (4982, 5), (4988, 3), (4995, 1), (190, 1), (191, 16), (425, 1), (426, 1), (486, 1), (487, 1), (876, 4), (877, 8), (901, 1), (903, 4), (1154, 1), (1155, 2), (1167, 3), (1168, 1), (1589, 1), (1590, 1), (1611, 3), (1612, 1), (1656, 1), (1657, 1), (1671, 1), (1672, 1), (2172, 3), (2174, 1), (2334, 2), (2335, 1), (2513, 1), (2514, 5), (2537, 2), (2538, 2), (3124, 1), (3126, 1), (3140, 1), (3142, 1), (3338, 2), (3339, 1), (3624, 1), (3625, 6), (3883, 3), (3884, 2), (3992, 1), (3993, 1), (4615, 1), (4617, 2), (4673, 3), (4674, 1), (4727, 1), (4728, 1), (4891, 1), (4921, 2), (4925, 1), (970, 1), (971, 8), (973, 2), (1288, 2), (1289, 2), (1290, 1)
standaard (DF: 1): (3748, 1)
standard (DF: 10): (325, 1), (579, 1), (691, 1), (1281, 1), (1429, 1), (1880, 1), (2485, 1), (2664, 1), (3296, 1), (4995, 1)
standin (DF: 26): (40, 1), (121, 1), (485, 1), (853, 1), (1124, 1), (1344, 8), (1547, 1), (1674, 1), (2072, 2), (2109, 1), (2236, 1), (2649, 1), (2679, 1), (2825, 1), (2929, 1), (2939, 1), (3098, 2), (3241, 1), (3251, 1), (3482, 1), (3581, 1), (3741, 1), (3818, 1), (3879, 1), (3999, 1), (4045, 1)
standort (DF: 1): (4192, 1)
standot (DF: 1): (1848, 1)
standpunkt (DF: 1): (493, 2)
stang (DF: 1): (3570, 4)
stani (DF: 1): (3962, 1)
stank (DF: 12): (418, 1), (650, 1), (802, 1), (1122, 2), (1547, 3), (1566, 1), (2682, 1), (2899, 1), (3718, 6), (3802, 1), (4185, 1), (4746, 1)
stanki (DF: 1): (2397, 4)
stankin (DF: 3): (2636, 1), (4493, 1), (4731, 1)
stankonia (DF: 2): (975, 1), (4731, 1)
stanley (DF: 5): (242, 1), (292, 1), (386, 1), (1796, 1), (3850, 3)
stanni (DF: 2): (2194, 1), (2729, 1)
stanott (DF: 1): (2059, 1)
stanz (DF: 4): (187, 1), (1800, 1), (4086, 2), (4890, 3)
stanza (DF: 1): (1697, 2)
stap (DF: 3): (852, 2), (2638, 1), (3355, 6)
stapel (DF: 2): (2194, 1), (2574, 1)
stapeln (DF: 1): (1238, 1)
stapl (DF: 5): (1613, 1), (3350, 1), (4261, 1), (4452, 2), (4641, 1)
stapleton (DF: 1): (3332, 1)
stappen (DF: 1): (175, 1)
star (DF: 227): (8, 2), (16, 4), (25, 20), (75, 2), (81, 1), (83, 1), (93, 1), (121, 1), (144, 1), (174, 1), (197, 1), (203, 4), (251, 1), (273, 4), (301, 2), (324, 1), (343, 1), (348, 1), (363, 1), (370, 1), (434, 1), (441, 1), (483, 1), (488, 4), (496, 4), (518, 1), (528, 1), (531, 1), (538, 1), (544, 1), (550, 3), (564, 1), (585, 2), (608, 2), (662, 4), (673, 1), (675, 12), (687, 1), (704, 2), (739, 3), (746, 2), (761, 1), (770, 3), (774, 2), (777, 1), (778, 1), (823, 1), (840, 3), (841, 1), (842, 1), (896, 7), (950, 1), (955, 5), (998, 9), (1007, 1), (1010, 1), (1038, 1), (1041, 1), (1053, 1), (1146, 2), (1166, 1), (1172, 1), (1191, 1), (1202, 1), (1214, 3), (1219, 1), (1222, 1), (1226, 1), (1244, 1), (1245, 2), (1281, 1), (1311, 1), (1322, 2), (1323, 2), (1330, 1), (1342, 2), (1352, 1), (1416, 5), (1419, 1), (1472, 4), (1480, 4), (1490, 1), (1495, 4), (1514, 1), (1533, 3), (1539, 3), (1553, 21), (1555, 1), (1567, 3), (1569, 1), (1575, 1), (1607, 1), (1642, 1), (1654, 1), (1663, 1), (1683, 1), (1685, 10), (1695, 7), (1709, 7), (1711, 2), (1712, 1), (1728, 1), (1760, 1), (1779, 1), (1783, 2), (1802, 1), (1804, 1), (1805, 1), (1818, 6), (1848, 1), (1850, 3), (1853, 8), (1868, 2), (1877, 1), (1896, 3), (1904, 1), (1908, 1), (1913, 4), (1922, 1), (1946, 1), (1948, 1), (1952, 2), (1994, 1), (2003, 1), (2005, 2), (2010, 1), (2025, 1), (2036, 1), (2049, 1), (2112, 1), (2138, 8), (2168, 2), (2177, 1), (2218, 2), (2219, 2), (2223, 2), (2235, 1), (2237, 2), (2288, 6), (2317, 1), (2344, 1), (2357, 1), (2363, 1), (2375, 1), (2386, 2), (2401, 1), (2409, 2), (2435, 2), (2438, 2), (2462, 1), (2465, 2), (2476, 1), (2491, 5), (2500, 1), (2520, 2), (2523, 1), (2524, 1), (2527, 1), (2541, 2), (2555, 1), (2567, 2), (2587, 9), (2605, 1), (2609, 1), (2618, 2), (2621, 4), (2641, 2), (2662, 1), (2758, 4), (2786, 1), (2798, 3), (2803, 1), (2824, 2), (2831, 1), (2851, 2), (2874, 2), (2886, 2), (2888, 1), (2895, 1), (2897, 1), (2899, 1), (2910, 2), (2942, 3), (2947, 2), (2976, 3), (3012, 3), (3035, 1), (3038, 2), (3061, 1), (3081, 1), (3088, 2), (3135, 1), (3171, 1), (3181, 8), (3188, 2), (3191, 2), (3218, 1), (3221, 1), (3229, 4), (3258, 2), (3262, 4), (3295, 1), (3321, 1), (3335, 1), (3391, 1), (3443, 1), (3449, 2), (3455, 1), (3466, 1), (3468, 4), (3477, 1), (3487, 1), (3514, 1), (3538, 1), (3589, 1), (3633, 4), (3650, 3), (3680, 1), (3683, 2), (3690, 4), (3742, 9), (3746, 2), (3751, 2), (3770, 3), (3799, 2), (3812, 1), (3817, 3)
