southern (DF: 348): (72, 2), (80, 2), (110, 2), (118, 2), (153, 2), (183, 1), (202, 2), (204, 2), (220, 2), (245, 2), (248, 2), (270, 1), (275, 2), (282, 2), (307, 1), (317, 1), (331, 1), (337, 2), (349, 1), (361, 1), (365, 2), (369, 2), (400, 1), (405, 2), (409, 2), (435, 1), (441, 1), (453, 1), (486, 1), (488, 2), (490, 1), (548, 2), (558, 2), (595, 1), (617, 1), (642, 1), (646, 1), (658, 1), (660, 2), (672, 1), (731, 2), (775, 1), (792, 1), (800, 1), (802, 2), (815, 2), (822, 1), (862, 2), (904, 1), (909, 2), (922, 2), (924, 1), (946, 2), (949, 2), (964, 1), (975, 2), (978, 2), (980, 2), (1011, 3), (1021, 1), (1029, 2), (1031, 1), (1050, 1), (1059, 2), (1060, 2), (1092, 2), (1108, 1), (1122, 1), (1136, 2), (1147, 2), (1196, 1), (1200, 1), (1211, 2), (1216, 2), (1223, 2), (1226, 1), (1243, 1), (1249, 2), (1253, 1), (1293, 2), (1304, 1), (1315, 1), (1336, 1), (1343, 2), (1358, 1), (1372, 1), (1409, 1), (1414, 2), (1419, 1), (1425, 1), (1431, 2), (1451, 1), (1456, 1), (1469, 3), (1477, 2), (1490, 1), (1515, 1), (1531, 2), (1550, 16), (1554, 1), (1558, 1), (1560, 1), (1579, 2), (1588, 1), (1594, 2), (1625, 1), (1648, 1), (1657, 2), (1661, 2), (1674, 2), (1697, 1), (1704, 2), (1708, 2), (1710, 1), (1717, 1), (1722, 1), (1760, 1), (1766, 2), (1773, 1), (1778, 1), (1783, 1), (1790, 1), (1820, 1), (1829, 1), (1833, 2), (1856, 2), (1870, 2), (1873, 2), (1891, 1), (1900, 1), (1922, 1), (1926, 2), (1975, 2), (1984, 2), (1995, 1), (1999, 1), (2000, 1), (2002, 1), (2004, 1), (2026, 2), (2031, 2), (2032, 1), (2039, 1), (2069, 1), (2083, 1), (2110, 2), (2143, 2), (2147, 2), (2154, 2), (2177, 1), (2195, 1), (2198, 2), (2211, 2), (2220, 2), (2221, 1), (2230, 1), (2251, 1), (2254, 1), (2255, 1), (2260, 1), (2269, 1), (2278, 3), (2299, 2), (2322, 2), (2329, 1), (2332, 1), (2339, 2), (2356, 1), (2377, 2), (2425, 1), (2439, 2), (2466, 2), (2482, 1), (2493, 1), (2540, 1), (2545, 2), (2562, 2), (2572, 1), (2584, 2), (2592, 1), (2619, 2), (2634, 1), (2636, 2), (2644, 2), (2649, 1), (2669, 3), (2687, 1), (2691, 2), (2706, 1), (2747, 1), (2762, 2), (2768, 2), (2797, 2), (2804, 1), (2820, 2), (2821, 2), (2832, 1), (2842, 1), (2850, 3), (2855, 2), (2887, 2), (2896, 1), (2899, 3), (3033, 1), (3045, 1), (3075, 1), (3076, 2), (3084, 2), (3091, 1), (3100, 1), (3112, 2), (3117, 2), (3133, 1), (3137, 2), (3147, 2), (3161, 1), (3176, 1), (3180, 2), (3183, 1), (3188, 2), (3199, 1), (3205, 1), (3220, 1), (3238, 1), (3248, 1), (3249, 2), (3251, 1), (3288, 1), (3374, 1), (3397, 1), (3420, 1), (3424, 1), (3432, 2), (3483, 2), (3487, 2), (3507, 1), (3519, 1), (3522, 2), (3525, 2), (3529, 2), (3538, 2), (3576, 1), (3594, 2), (3597, 2), (3601, 1), (3612, 2), (3619, 2), (3624, 2), (3628, 1), (3731, 1), (3741, 1), (3759, 1), (3773, 1), (3781, 1), (3790, 2), (3811, 2), (3813, 1), (3821, 2), (3831, 1), (3867, 1), (3879, 2), (3910, 1), (3915, 1), (3923, 1), (3949, 1), (3963, 2), (3988, 1), (3999, 2), (4042, 1), (4045, 1), (4054, 1), (4069, 2), (4091, 2), (4106, 2), (4127, 1), (4148, 1), (4150, 1), (4165, 2), (4185, 2), (4194, 1), (4218, 1), (4250, 1), (4254, 1), (4261, 1), (4279, 1), (4287, 2), (4297, 1), (4298, 1), (4303, 2), (4315, 1), (4319, 1), (4326, 1), (4339, 1), (4341, 1), (4355, 1), (4360, 2), (4364, 1), (4365, 1), (4374, 1), (4381, 2), (4407, 1), (4460, 1), (4468, 1), (4501, 2), (4525, 2), (4533, 2), (4535, 1), (4547, 2), (4569, 2), (4576, 2), (4585, 1), (4628, 2), (4629, 2), (4661, 1), (4664, 1), (4681, 1), (4684, 2), (4705, 1), (4706, 1), (4731, 3), (4745, 2), (4766, 1), (4770, 2), (4784, 1), (4788, 1), (4793, 2), (4803, 2), (4818, 1), (4827, 1), (4831, 1), (4844, 2), (4851, 2), (4880, 2), (4889, 1), (4895, 1), (4903, 2), (4933, 1), (4938, 2), (4944, 2), (4947, 2), (4963, 1), (4972, 2), (872, 1), (874, 1), (993, 2), (994, 1), (1564, 1), (1565, 2)
southernplayalisticadillacmuzik (DF: 1): (4185, 1)
southland (DF: 1): (1873, 1)
southlea (DF: 1): (3525, 1)
southpaw (DF: 2): (40, 2), (2644, 1)
southsid (DF: 8): (660, 1), (1263, 1), (1438, 25), (2083, 1), (2708, 1), (3186, 1), (3356, 1), (3804, 1)
southstar (DF: 1): (4877, 1)
southwest (DF: 4): (993, 1), (1469, 1), (1562, 2), (3300, 1)
souvenir (DF: 1): (4292, 1)
souvent (DF: 1): (349, 1)
sov (DF: 1): (2952, 1)
sovereign (DF: 1): (4441, 7)
sow (DF: 6): (991, 1), (1533, 1), (2720, 1), (2930, 1), (3109, 1), (4938, 1)
sowin (DF: 1): (742, 1)
soy (DF: 6): (1087, 1), (1920, 10), (2735, 1), (3513, 2), (4109, 2), (4188, 4)
sozin (DF: 1): (3215, 1)
sozinha (DF: 3): (1659, 1), (2631, 1), (2680, 1)
sozinho (DF: 1): (3692, 1)
soziopath (DF: 1): (2050, 1)
soñ (DF: 19): (87, 1), (480, 2), (875, 1), (1159, 1), (1333, 2), (1398, 1), (1677, 1), (1974, 2), (2070, 1), (2088, 1), (2090, 1), (2092, 1), (2585, 24), (2681, 6), (3187, 1), (3697, 2), (3722, 1), (3897, 2), (3969, 1)
