big (DF: 174): (3949, 3), (3956, 1), (3961, 1), (3977, 1), (4002, 2), (4037, 1), (4045, 2), (4046, 1), (4069, 2), (4076, 1), (4084, 2), (4113, 2), (4130, 8), (4142, 1), (4149, 1), (4164, 12), (4168, 1), (4181, 2), (4182, 1), (4206, 1), (4215, 1), (4227, 1), (4242, 1), (4244, 1), (4261, 1), (4267, 2), (4282, 4), (4310, 1), (4316, 3), (4345, 2), (4353, 2), (4378, 2), (4427, 1), (4441, 1), (4443, 1), (4446, 1), (4450, 4), (4453, 2), (4467, 2), (4468, 1), (4475, 3), (4485, 1), (4497, 9), (4525, 4), (4529, 2), (4533, 3), (4537, 1), (4552, 3), (4559, 2), (4562, 2), (4572, 1), (4575, 1), (4583, 1), (4585, 1), (4590, 2), (4604, 3), (4634, 1), (4645, 4), (4647, 2), (4650, 2), (4654, 1), (4668, 2), (4669, 2), (4681, 1), (4684, 2), (4693, 2), (4699, 1), (4710, 2), (4717, 2), (4718, 2), (4771, 2), (4788, 2), (4800, 2), (4814, 4), (4819, 3), (4827, 3), (4833, 1), (4837, 3), (4854, 1), (4864, 4), (4868, 5), (4875, 11), (4878, 2), (4887, 1), (4902, 1), (4905, 1), (4907, 1), (4918, 1), (4921, 2), (4941, 4), (4942, 3), (4956, 2), (4957, 2), (4971, 1), (4972, 1), (4978, 1), (4987, 2), (4989, 1), (35, 1), (39, 1), (222, 1), (223, 1), (235, 1), (237, 2), (239, 1), (533, 1), (535, 3), (562, 1), (563, 1), (617, 3), (618, 1), (697, 3), (698, 2), (797, 1), (800, 1), (993, 1), (994, 1), (1130, 2), (1132, 1), (1142, 5), (1143, 2), (1313, 1), (1315, 1), (1463, 1), (1464, 2), (1592, 1), (1593, 5), (1622, 2), (1623, 1), (1798, 2), (1799, 1), (1830, 1), (1833, 1), (2004, 2), (2005, 1), (2065, 1), (2066, 2), (2257, 2), (2258, 1), (2341, 1), (2344, 1), (2384, 1), (2388, 1), (2417, 2), (2419, 1), (2471, 2), (2472, 15), (2611, 1), (2612, 4), (2640, 2), (2641, 2), (2853, 1), (2855, 1), (2940, 2), (2941, 1), (3003, 2), (3004, 2), (3235, 1), (3236, 2), (4108, 2), (4109, 1), (4251, 3), (4252, 1), (4253, 2), (4254, 1), (4393, 1), (4395, 2), (4700, 1), (4701, 3), (4866, 3), (4874, 1), (747, 1), (749, 1), (750, 1)
bigg (DF: 2): (4381, 1), (4575, 1)
bigga (DF: 2): (1136, 1), (1469, 1)
bigger (DF: 47): (20, 2), (30, 1), (52, 1), (121, 1), (124, 1), (441, 1), (558, 1), (642, 1), (753, 1), (924, 1), (1392, 2), (1425, 2), (1543, 3), (1632, 1), (1695, 1), (1909, 1), (2000, 1), (2462, 1), (2706, 1), (2767, 1), (2780, 1), (2821, 1), (2850, 1), (3037, 1), (3144, 1), (3170, 1), (3201, 1), (3278, 6), (3374, 1), (3790, 1), (3844, 1), (3941, 2), (3991, 3), (4127, 1), (4149, 1), (4153, 2), (4229, 2), (4252, 1), (4321, 1), (4424, 13), (4502, 1), (4533, 1), (4661, 1), (4701, 3), (4746, 2), (4755, 10), (4971, 1)
biggest (DF: 21): (26, 3), (102, 3), (1031, 1), (1160, 2), (1194, 2), (1216, 1), (1437, 1), (2157, 1), (2359, 2), (3010, 1), (3016, 1), (3529, 3), (3671, 1), (3811, 1), (3983, 3), (4008, 1), (4042, 3), (4071, 1), (4554, 1), (4635, 1), (4972, 1)
biggi (DF: 8): (440, 3), (1144, 1), (1431, 1), (2208, 1), (2276, 1), (2865, 1), (3272, 1), (4918, 1)
biggiti (DF: 3): (204, 2), (547, 1), (4956, 1)
bigla (DF: 1): (4815, 1)
bigo (DF: 1): (1197, 4)
bigroom (DF: 3): (1368, 1), (3190, 1), (4559, 12)
bih (DF: 4): (846, 3), (1183, 3), (2000, 8), (4046, 1)
bij (DF: 8): (43, 6), (175, 6), (1077, 3), (2638, 1), (3748, 1), (4256, 2), (4665, 9), (4849, 1)
bijten (DF: 1): (4849, 1)
bik (DF: 1): (4387, 1)
bike (DF: 17): (588, 1), (1520, 1), (1912, 2), (1992, 1), (2550, 1), (2841, 1), (3026, 1), (3152, 2), (3251, 1), (3371, 1), (3629, 1), (4044, 9), (4098, 2), (4256, 1), (4339, 1), (4441, 1), (4812, 2)
bikini (DF: 11): (89, 4), (352, 1), (541, 1), (978, 2), (1046, 4), (1334, 2), (2228, 1), (3401, 1), (4152, 1), (4257, 5), (4326, 1)
bikta (DF: 1): (149, 1)
bil (DF: 3): (34, 1), (4295, 2), (4297, 1)
bilal (DF: 1): (3087, 1)
bilanc (DF: 1): (2567, 1)
bild (DF: 4): (151, 1), (1244, 1), (1758, 2), (3212, 1)
bilen (DF: 1): (2759, 1)
bilionária (DF: 1): (4016, 1)
bilirrubin (DF: 1): (1476, 2)
bill (DF: 61): (9, 1), (52, 1), (66, 1), (121, 1), (405, 1), (449, 2), (510, 1), (604, 4), (693, 1), (740, 1), (774, 1), (946, 2), (956, 4), (975, 1), (1029, 1), (1187, 2), (1223, 4), (1594, 1), (1613, 1), (1661, 1), (1792, 1), (1856, 1), (1872, 1), (1880, 2), (1896, 2), (2026, 1), (2032, 2), (2145, 1), (2167, 1), (2176, 1), (2181, 1), (2225, 1), (2231, 1), (2568, 1), (2646, 1), (2820, 1), (2936, 2), (2964, 1), (3085, 2), (3303, 21), (3393, 1), (3474, 1), (3498, 1), (3554, 1), (3558, 2), (3594, 1), (3597, 1), (3600, 1), (3821, 1), (4081, 1), (4121, 1), (4223, 1), (4308, 1), (4420, 1), (4476, 6), (4517, 1), (4569, 1), (4634, 1), (4668, 1), (4680, 1), (4931, 1)
