tri (DF: 186): (1058, 1), (1059, 1), (1104, 1), (1106, 2), (1227, 1), (1229, 2), (1252, 2), (1253, 1), (1268, 3), (1269, 1), (1285, 1), (1286, 1), (1325, 1), (1326, 1), (1329, 1), (1330, 1), (1412, 1), (1413, 3), (1645, 4), (1646, 1), (1725, 4), (1726, 1), (1742, 5), (1744, 2), (1854, 1), (1856, 1), (1902, 1), (1904, 1), (1928, 1), (1929, 2), (1958, 1), (1960, 1), (1997, 17), (1999, 3), (2000, 3), (2045, 1), (2046, 1), (2074, 7), (2075, 1), (2132, 1), (2134, 2), (2153, 2), (2154, 2), (2197, 1), (2198, 2), (2222, 2), (2223, 1), (2247, 4), (2248, 5), (2288, 3), (2290, 1), (2294, 1), (2296, 2), (2337, 2), (2338, 30), (2355, 6), (2356, 3), (2395, 3), (2397, 1), (2442, 1), (2443, 24), (2536, 2), (2537, 5), (2541, 2), (2542, 2), (2552, 1), (2553, 2), (2612, 1), (2613, 1), (2671, 1), (2672, 1), (2684, 1), (2685, 1), (2708, 1), (2709, 1), (2781, 1), (2783, 2), (2784, 1), (2894, 1), (2895, 3), (3147, 4), (3148, 2), (3223, 1), (3225, 2), (3227, 3), (3228, 4), (3245, 6), (3247, 1), (3263, 2), (3265, 1), (3274, 1), (3275, 1), (3292, 1), (3293, 1), (3370, 1), (3371, 4), (3374, 1), (3396, 1), (3397, 2), (3448, 4), (3449, 1), (3595, 1), (3597, 2), (3699, 1), (3700, 4), (3745, 9), (3746, 3), (3790, 1), (3791, 1), (3798, 1), (3799, 2), (3845, 1), (3846, 2), (3950, 3), (3952, 1), (4067, 1), (4068, 4), (4073, 1), (4075, 3), (4113, 6), (4116, 1), (4190, 1), (4191, 2), (4201, 36), (4203, 1), (4211, 1), (4212, 4), (4220, 1), (4221, 2), (4254, 1), (4255, 1), (4341, 1), (4342, 3), (4348, 6), (4350, 1), (4381, 1), (4383, 3), (4391, 1), (4392, 1), (4407, 2), (4408, 1), (4449, 3), (4450, 2), (4547, 1), (4548, 1), (4557, 2), (4558, 1), (4612, 4), (4613, 1), (4643, 8), (4644, 1), (4646, 1), (4647, 1), (4777, 1), (4778, 1), (4801, 2), (4802, 1), (4813, 4), (4814, 4), (4842, 1), (4843, 8), (4880, 1), (4881, 1), (457, 1), (458, 1), (459, 2), (1208, 1), (1209, 2), (1210, 1), (3830, 1), (3831, 1), (3832, 1), (3948, 13), (3949, 9), (4062, 1), (4063, 8), (4064, 2), (4511, 1), (4512, 1), (4513, 2), (4898, 2), (4899, 1), (4900, 2), (4926, 1), (4928, 1), (4930, 1)
trial (DF: 17): (134, 1), (556, 1), (1304, 2), (1498, 18), (1801, 1), (1841, 1), (2109, 3), (2497, 1), (2978, 1), (3482, 3), (3950, 1), (4523, 3), (4629, 1), (4853, 1), (4861, 1), (3483, 1), (4522, 1)
triangl (DF: 3): (80, 1), (3077, 2), (4132, 1)
triathlon (DF: 2): (689, 1), (778, 1)
tribbett (DF: 1): (4302, 1)
tribe (DF: 5): (1076, 1), (2465, 1), (2521, 1), (3223, 2), (3923, 1)
tribo (DF: 1): (4167, 1)
tribu (DF: 2): (1004, 1), (4909, 1)
tribul (DF: 1): (134, 1)
tribut (DF: 3): (2375, 1), (4030, 1), (4864, 1)
tribù (DF: 1): (9, 1)
trice (DF: 1): (2765, 3)
trick (DF: 71): (77, 2), (89, 4), (182, 3), (270, 1), (305, 1), (324, 1), (449, 1), (566, 1), (669, 1), (684, 1), (696, 1), (702, 8), (740, 1), (753, 1), (867, 2), (993, 1), (1015, 1), (1124, 1), (1136, 1), (1167, 1), (1187, 1), (1214, 3), (1276, 1), (1469, 1), (1515, 1), (1531, 1), (1547, 3), (1566, 2), (1660, 1), (1712, 1), (1727, 1), (1930, 1), (1945, 1), (2037, 1), (2067, 1), (2495, 1), (2531, 3), (2636, 1), (2695, 2), (2701, 1), (2725, 2), (2753, 1), (2760, 1), (2899, 1), (2923, 1), (2939, 1), (2992, 1), (3047, 1), (3142, 1), (3180, 5), (3227, 2), (3282, 2), (3288, 1), (3359, 1), (3509, 1), (3529, 1), (3581, 1), (3803, 2), (3850, 3), (3968, 1), (4042, 1), (4111, 1), (4144, 2), (4148, 1), (4407, 1), (4468, 2), (4501, 1), (4629, 1), (4766, 1), (4907, 1), (4982, 1)
tricki (DF: 1): (165, 2)
trickier (DF: 2): (2241, 1), (2809, 1)
trickin (DF: 7): (372, 1), (449, 1), (660, 1), (846, 3), (1809, 1), (4533, 1), (4629, 1)
trickl (DF: 1): (4543, 1)
tricycl (DF: 2): (357, 2), (3993, 6)
triff (DF: 1): (4318, 1)
trifl (DF: 1): (2477, 1)
trigga (DF: 5): (1136, 1), (2147, 1), (2957, 1), (4407, 1), (4941, 2)
triggaman (DF: 1): (248, 1)
trigger (DF: 36): (13, 1), (92, 4), (324, 1), (407, 1), (529, 4), (829, 1), (842, 1), (946, 2), (981, 1), (993, 1), (1178, 3), (1849, 1), (1856, 1), (1909, 1), (2278, 1), (2332, 1), (2527, 1), (2770, 1), (3172, 1), (3565, 1), (3848, 1), (3904, 1), (3991, 1), (4021, 1), (4059, 1), (4165, 1), (4244, 1), (4250, 1), (4279, 2), (4295, 1), (4468, 1), (4533, 1), (4547, 1), (4684, 3), (4809, 1), (4814, 4)
trikot (DF: 1): (778, 1)
trilan (DF: 1): (1320, 1)
trill (DF: 14): (672, 1), (1661, 1), (2026, 1), (2278, 1), (2545, 1), (2855, 1), (3045, 1), (3727, 3), (3963, 1), (4393, 1), (4410, 1), (4533, 1), (4880, 1), (4914, 1)
