suced (DF: 4): (4011, 4), (4180, 1), (4702, 4), (4797, 3)
suces (DF: 2): (1665, 1), (3875, 1)
sucesso (DF: 1): (2680, 1)
such (DF: 11): (484, 2), (493, 1), (1244, 1), (1736, 3), (1845, 1), (2328, 1), (2463, 3), (2757, 1), (3108, 1), (3480, 1), (4318, 1)
sucht (DF: 4): (198, 1), (1244, 2), (1484, 1), (4816, 4)
suchtig (DF: 1): (2328, 1)
suci (DF: 5): (711, 19), (875, 1), (2604, 1), (2662, 2), (3722, 1)
suck (DF: 71): (72, 1), (85, 1), (114, 1), (220, 1), (221, 1), (287, 2), (350, 5), (446, 1), (525, 2), (691, 1), (840, 1), (846, 3), (922, 1), (946, 4), (959, 2), (1036, 1), (1038, 1), (1091, 3), (1375, 24), (1391, 3), (1430, 1), (1490, 1), (1515, 1), (1535, 4), (1732, 1), (1805, 1), (1846, 1), (1864, 5), (2028, 1), (2045, 1), (2056, 1), (2064, 1), (2160, 2), (2174, 1), (2251, 1), (2307, 2), (2397, 2), (2399, 1), (2447, 1), (2541, 2), (2592, 1), (2596, 1), (2618, 1), (2767, 2), (2838, 2), (2940, 1), (3037, 1), (3152, 2), (3170, 1), (3273, 2), (3521, 1), (3529, 1), (3559, 3), (3597, 1), (3657, 1), (3709, 1), (3884, 1), (3913, 2), (3962, 4), (4026, 1), (4042, 1), (4326, 2), (4355, 1), (4364, 1), (4411, 1), (4526, 1), (4552, 1), (4612, 1), (4766, 1), (4848, 1), (4956, 3)
sucka (DF: 14): (182, 1), (441, 1), (753, 1), (834, 1), (1253, 1), (1588, 1), (1829, 1), (2045, 1), (2075, 1), (2154, 1), (2825, 1), (3174, 2), (3420, 1), (4460, 1)
sucker (DF: 32): (27, 1), (121, 3), (183, 1), (245, 1), (363, 1), (563, 2), (669, 1), (1196, 1), (1505, 2), (1744, 2), (1757, 3), (1773, 1), (1902, 2), (2076, 1), (2229, 1), (2332, 1), (3019, 2), (3161, 2), (3178, 1), (3624, 1), (4007, 1), (4065, 1), (4427, 1), (4452, 2), (4503, 1), (4533, 1), (4664, 1), (4693, 1), (4717, 1), (4866, 1), (4871, 29), (4907, 6)
suckin (DF: 6): (922, 1), (1375, 8), (2527, 2), (3117, 1), (3879, 1), (4766, 2)
sucrilho (DF: 1): (3838, 2)
sucumb (DF: 1): (417, 1)
sucz (DF: 1): (4914, 2)
suczko (DF: 1): (4914, 4)
sud (DF: 15): (12, 2), (417, 1), (1008, 2), (1124, 1), (1255, 1), (1786, 5), (2604, 2), (2743, 1), (3031, 3), (3308, 1), (3581, 1), (4186, 12), (4210, 1), (4440, 1), (4469, 2)
sudac (DF: 1): (4210, 1)
sudader (DF: 1): (1441, 1)
sudamer (DF: 1): (4347, 2)
sudden (DF: 35): (146, 2), (235, 4), (517, 1), (604, 4), (928, 6), (1041, 2), (1262, 1), (1539, 1), (1551, 1), (1750, 1), (1797, 1), (1816, 1), (1950, 2), (1960, 1), (1995, 1), (2057, 1), (2157, 1), (2364, 1), (2509, 1), (2663, 8), (2678, 1), (2730, 1), (2803, 1), (3047, 1), (3095, 2), (3097, 1), (3238, 1), (3265, 1), (3370, 1), (3430, 1), (4340, 2), (4368, 1), (4521, 6), (4627, 3), (4990, 5)
sudo (DF: 1): (32, 1)
sudor (DF: 12): (12, 2), (216, 1), (1193, 1), (1284, 2), (1563, 1), (3031, 1), (3421, 1), (3492, 1), (3875, 1), (4152, 1), (4257, 5), (4709, 1)
sudw (DF: 1): (4816, 1)
sue (DF: 7): (2049, 1), (2606, 2), (3487, 1), (3597, 1), (4044, 1), (4557, 1), (4718, 6)
sueci (DF: 1): (1098, 1)
sueco (DF: 2): (3451, 3), (4561, 3)
sued (DF: 7): (988, 1), (1135, 1), (1431, 1), (1566, 3), (4245, 2), (4543, 1), (4641, 1)
suedehead (DF: 1): (1127, 1)
suegr (DF: 2): (2656, 1), (4143, 1)
suel (DF: 19): (46, 2), (178, 1), (353, 1), (651, 2), (725, 3), (1264, 1), (1653, 6), (1788, 1), (2092, 1), (2585, 12), (3031, 1), (3070, 2), (3187, 2), (3219, 4), (3344, 1), (4049, 2), (4352, 1), (4692, 1), (4711, 1)
suelo (DF: 1): (552, 1)
suelt (DF: 30): (364, 2), (412, 2), (444, 1), (707, 3), (851, 8), (1284, 1), (1682, 1), (1810, 2), (1967, 2), (2043, 2), (2585, 6), (2662, 1), (2805, 3), (2898, 10), (2967, 1), (3580, 4), (3586, 6), (3666, 2), (3916, 2), (4034, 20), (4081, 1), (4152, 1), (4189, 1), (4257, 5), (4285, 6), (4419, 1), (4633, 2), (4671, 2), (4729, 1), (4951, 1)
sueltal (DF: 1): (2585, 2)
sueltes (DF: 2): (3916, 3), (4081, 1)
suen (DF: 25): (87, 1), (227, 1), (403, 1), (417, 1), (628, 3), (1141, 1), (1424, 1), (1476, 2), (1501, 2), (1668, 2), (2114, 34), (2316, 1), (2785, 1), (3313, 1), (3342, 1), (3816, 3), (3898, 1), (4011, 4), (4238, 1), (4288, 1), (4419, 2), (4423, 1), (4430, 1), (4434, 1), (4954, 1)
suena (DF: 1): (299, 2)
suert (DF: 15): (269, 1), (444, 1), (858, 1), (890, 3), (1159, 3), (1284, 1), (1370, 3), (1974, 5), (2098, 1), (2529, 2), (2645, 1), (4515, 1), (4605, 1), (4949, 1), (4951, 3)
sueñ (DF: 25): (312, 1), (353, 1), (355, 1), (403, 1), (489, 1), (557, 1), (580, 2), (679, 1), (776, 1), (891, 6), (1109, 1), (1159, 1), (1309, 3), (1379, 2), (1441, 1), (1677, 1), (1826, 6), (1842, 1), (1878, 1), (1939, 5), (1966, 12), (2034, 4), (2070, 1), (2090, 4), (2092, 1)
