pilon (DF: 1): (4308, 2)
pilot (DF: 15): (59, 1), (276, 1), (336, 1), (537, 1), (1197, 1), (2212, 2), (2374, 2), (2768, 1), (2956, 1), (3272, 1), (3351, 1), (3923, 1), (3949, 3), (4127, 1), (4901, 1)
pilota (DF: 1): (1918, 1)
piment (DF: 1): (540, 1)
pimient (DF: 2): (707, 1), (3586, 2)
pimmelberg (DF: 1): (2729, 1)
pimp (DF: 58): (13, 1), (339, 1), (346, 1), (418, 1), (446, 1), (547, 1), (558, 1), (660, 12), (684, 4), (740, 1), (993, 1), (1060, 3), (1361, 1), (1430, 1), (1469, 1), (1566, 1), (1661, 2), (1732, 1), (1762, 1), (1926, 5), (2102, 1), (2199, 1), (2225, 1), (2230, 2), (2278, 2), (2286, 1), (2565, 1), (2607, 1), (2737, 1), (2832, 1), (2843, 2), (2850, 1), (2855, 1), (2865, 2), (2887, 1), (2892, 1), (2899, 4), (2939, 1), (3261, 2), (3529, 4), (3612, 3), (3781, 1), (3804, 1), (3854, 1), (3904, 1), (4042, 4), (4127, 6), (4226, 1), (4420, 1), (4503, 4), (4533, 1), (4575, 1), (4604, 1), (4669, 1), (4731, 5), (4766, 2), (4920, 2), (4962, 1)
pimperi (DF: 1): (684, 2)
pimpf (DF: 1): (311, 2)
pimpin (DF: 23): (365, 1), (558, 2), (586, 1), (1361, 2), (1717, 2), (2177, 1), (2199, 2), (2251, 1), (2256, 1), (2278, 3), (2442, 1), (2666, 1), (2832, 1), (3112, 1), (3148, 1), (3525, 3), (3612, 3), (3624, 1), (4037, 1), (4121, 2), (4381, 1), (4661, 1), (4723, 2)
pimpl (DF: 1): (3589, 1)
pimpz (DF: 1): (2850, 1)
pin (DF: 26): (76, 1), (450, 1), (464, 1), (476, 1), (724, 1), (752, 1), (1143, 1), (1411, 1), (1631, 1), (1665, 1), (1929, 1), (2037, 1), (2091, 2), (2511, 2), (2569, 1), (3199, 6), (3331, 2), (3433, 4), (3510, 1), (3631, 1), (3794, 3), (4044, 1), (4189, 3), (4343, 3), (4729, 1), (4951, 2)
pina (DF: 2): (1949, 1), (4552, 1)
pinag (DF: 1): (1489, 1)
pinaikkum (DF: 1): (3471, 1)
pinbal (DF: 1): (4712, 15)
pinch (DF: 14): (178, 2), (370, 1), (382, 1), (641, 1), (1022, 1), (1844, 1), (2081, 1), (2322, 1), (2636, 1), (2735, 1), (2967, 1), (3789, 1), (4009, 1), (4071, 1)
pinckney (DF: 1): (4223, 1)
pind (DF: 1): (4985, 1)
pinda (DF: 1): (4421, 2)
pine (DF: 6): (1172, 1), (1926, 1), (2672, 1), (2786, 1), (3941, 1), (4885, 1)
pineappl (DF: 2): (3363, 1), (3407, 1)
ping (DF: 2): (3597, 2), (4619, 2)
pinggan (DF: 1): (4815, 1)
pingr (DF: 1): (4855, 1)
pingu (DF: 2): (276, 1), (3351, 1)
pinion (DF: 1): (924, 1)
pink (DF: 37): (89, 4), (190, 1), (597, 1), (672, 1), (1024, 1), (1058, 1), (1359, 3), (1375, 8), (1378, 2), (1424, 1), (1625, 2), (1711, 1), (2010, 1), (2014, 3), (2344, 1), (2397, 1), (2459, 1), (2642, 2), (2737, 1), (2923, 1), (2939, 1), (3164, 1), (3188, 3), (3237, 3), (3493, 2), (3556, 8), (3914, 1), (3982, 3), (4072, 1), (4127, 1), (4259, 1), (4492, 1), (4604, 1), (4739, 1), (4812, 1), (2060, 1), (2061, 1)
pinkerton (DF: 1): (3974, 1)
pinki (DF: 14): (81, 1), (862, 1), (1282, 1), (1354, 2), (1396, 1), (1880, 1), (2186, 1), (2322, 1), (2565, 5), (3037, 1), (3170, 1), (3854, 5), (4211, 1), (4963, 1)
pinnacl (DF: 2): (1410, 1), (4261, 1)
pinnin (DF: 1): (3483, 3)
pinocchio (DF: 1): (486, 1)
pinot (DF: 1): (2494, 1)
pinoy (DF: 16): (0, 1), (432, 1), (871, 1), (967, 1), (1489, 1), (2213, 1), (3150, 1), (3470, 1), (3499, 1), (3725, 1), (3872, 1), (3887, 1), (4563, 7), (4657, 1), (4815, 1), (4910, 1)
pinsel (DF: 1): (1758, 1)
pinstrip (DF: 1): (1058, 1)
pint (DF: 21): (594, 2), (858, 1), (890, 2), (1058, 1), (1305, 1), (1424, 1), (1531, 1), (1686, 1), (1687, 1), (1799, 1), (1952, 2), (2043, 1), (2084, 1), (2088, 1), (2656, 2), (2967, 1), (3296, 1), (3612, 1), (3623, 1), (4072, 1), (4831, 1)
pinta (DF: 1): (3759, 2)
pintam (DF: 1): (4238, 1)
pintart (DF: 1): (4195, 2)
pintartel (DF: 1): (4886, 2)
pinterest (DF: 1): (2531, 3)
pintor (DF: 1): (3132, 1)
pintur (DF: 1): (4258, 4)
pio (DF: 1): (3587, 1)
piogg (DF: 1): (3210, 1)
piol (DF: 1): (4361, 1)
pionc (DF: 1): (4614, 1)
pioneer (DF: 1): (692, 1)
pioner (DF: 1): (3614, 1)
pior (DF: 1): (2839, 1)
piov (DF: 3): (2498, 2), (3210, 1), (3491, 1)
pip (DF: 4): (53, 1), (1022, 1), (1178, 1), (3935, 1)
pipa (DF: 2): (151, 1), (4167, 1)
pipe (DF: 21): (121, 1), (183, 1), (213, 14), (642, 1), (766, 10), (1058, 1), (1219, 1), (1520, 1), (1674, 1), (1711, 1), (1777, 2), (2002, 1), (2220, 1), (2573, 1), (2630, 1), (2746, 1), (3241, 1), (3541, 1), (3913, 1), (4493, 1), (4877, 1)
pipelet (DF: 2): (3768, 2), (4287, 2)
pipelin (DF: 3): (2344, 1), (3420, 1), (4148, 1)
piper (DF: 5): (389, 2), (1111, 1), (1661, 1), (1710, 1), (3563, 1)
pipigilan (DF: 1): (1489, 6)
pipin (DF: 1): (2964, 2)
pipp (DF: 1): (2567, 1)
