hood (DF: 49): (3335, 1), (3409, 3), (3428, 1), (3480, 37), (3487, 1), (3498, 1), (3598, 1), (3602, 1), (3624, 1), (3652, 1), (3773, 2), (3804, 2), (3821, 1), (3923, 1), (3924, 3), (4019, 1), (4106, 1), (4127, 2), (4244, 1), (4279, 1), (4318, 4), (4342, 1), (4359, 1), (4420, 2), (4468, 1), (4503, 1), (4523, 1), (4603, 1), (4641, 1), (4668, 2), (4669, 2), (4681, 1), (4762, 1), (4767, 3), (4784, 6), (4827, 1), (4837, 1), (4866, 2), (4877, 1), (4903, 3), (4905, 1), (4933, 1), (4937, 1), (4941, 3), (4947, 1), (4972, 4), (4978, 2), (4982, 2), (4766, 2)
hood43 (DF: 1): (4244, 1)
hoodboog (DF: 1): (3084, 3)
hoodbug (DF: 1): (1438, 3)
hoodi (DF: 13): (248, 1), (494, 1), (1304, 1), (2208, 1), (3144, 1), (3740, 2), (4318, 1), (4421, 1), (4468, 1), (4497, 2), (4604, 1), (4608, 2), (4827, 1)
hoodlum (DF: 1): (4244, 1)
hoodoo (DF: 1): (3818, 4)
hoodrat (DF: 1): (4956, 1)
hoofd (DF: 3): (1432, 1), (4607, 1), (4849, 12)
hoog (DF: 2): (1077, 6), (1619, 1)
hooh (DF: 1): (1438, 2)
hook (DF: 59): (130, 1), (257, 2), (337, 1), (441, 1), (450, 1), (753, 1), (786, 14), (800, 3), (877, 1), (922, 1), (925, 1), (958, 2), (1180, 2), (1187, 2), (1230, 1), (1355, 2), (1594, 1), (1713, 1), (1820, 1), (1874, 1), (2045, 1), (2056, 2), (2083, 3), (2087, 1), (2101, 2), (2104, 1), (2147, 1), (2328, 3), (2332, 1), (2346, 2), (2378, 1), (2399, 2), (2490, 2), (2603, 1), (2636, 1), (2676, 1), (2729, 1), (2824, 2), (2906, 1), (2957, 1), (2959, 2), (3055, 2), (3189, 1), (3315, 1), (3490, 3), (3604, 2), (3781, 1), (3975, 1), (3988, 1), (4026, 1), (4082, 2), (4103, 1), (4366, 10), (4461, 3), (4533, 1), (4669, 1), (4938, 2), (1028, 2), (1029, 1)
hookah (DF: 6): (450, 1), (711, 1), (2164, 17), (3541, 1), (3587, 2), (3884, 1)
hooker (DF: 5): (753, 1), (1618, 1), (2143, 1), (2701, 1), (3803, 2)
hookin (DF: 1): (4784, 3)
hookup (DF: 1): (3238, 1)
hooligan (DF: 2): (2002, 1), (3128, 1)
hoon (DF: 1): (1834, 1)
hoooo (DF: 1): (2263, 2)
hoop (DF: 8): (122, 9), (1711, 1), (2116, 2), (2637, 1), (2895, 1), (3152, 1), (3914, 1), (4575, 1)
hoopa (DF: 1): (3589, 1)
hoopin (DF: 1): (2053, 1)
hoopl (DF: 1): (2112, 1)
hoopla (DF: 1): (819, 1)
hoopti (DF: 6): (222, 1), (1410, 1), (1718, 1), (2545, 1), (3121, 4), (3914, 2)
hoor (DF: 3): (852, 1), (1432, 1), (1619, 1)
hooray (DF: 3): (4096, 3), (4468, 9), (4770, 3)
hoosegow (DF: 1): (1957, 2)
hoosier (DF: 1): (3884, 1)
hooti (DF: 2): (206, 1), (3905, 1)
hoov (DF: 1): (3302, 2)
hoover (DF: 3): (2053, 1), (4128, 1), (4250, 1)
hop (DF: 203): (6, 1), (9, 1), (13, 1), (16, 1), (27, 1), (31, 1), (40, 1), (43, 1), (45, 1), (47, 1), (53, 2), (65, 1), (72, 2), (74, 2), (79, 2), (80, 2), (81, 2), (87, 1), (110, 3), (118, 2), (149, 1), (153, 2), (155, 2), (159, 1), (168, 1), (181, 1), (197, 2), (202, 2), (204, 2), (217, 2), (220, 2), (227, 2), (229, 1), (235, 1), (245, 2), (248, 2), (250, 2), (255, 1), (257, 1), (262, 2), (268, 4), (270, 2), (275, 2), (278, 2), (282, 1), (285, 1), (306, 3), (313, 1), (317, 1), (331, 1), (332, 2), (337, 2), (341, 1), (342, 1), (349, 2), (350, 1), (352, 1), (353, 2), (358, 1), (365, 3), (369, 2), (399, 1), (400, 1), (405, 2), (409, 2), (417, 2), (437, 1), (438, 2), (441, 1), (446, 2), (449, 2), (452, 2), (465, 2), (469, 1), (486, 2), (488, 2), (490, 2), (510, 1), (514, 1), (525, 2), (528, 2), (548, 2), (558, 2), (562, 1), (563, 3), (564, 2), (574, 1), (595, 1), (606, 1), (624, 1), (640, 2), (642, 2), (646, 2), (658, 2), (660, 2), (662, 1), (669, 1), (672, 2), (673, 1), (684, 2), (691, 2), (692, 2), (693, 2), (696, 2), (698, 2), (702, 1), (737, 2), (746, 2), (751, 2), (753, 1), (759, 2), (762, 2), (775, 2), (778, 1), (782, 1), (794, 1), (800, 2), (804, 1), (812, 1), (813, 1), (815, 2), (822, 2), (824, 3), (846, 2), (852, 1), (858, 2), (862, 2), (874, 1), (875, 2), (884, 2), (888, 1), (904, 2), (909, 2), (920, 2), (922, 2), (924, 1), (925, 1), (926, 1), (928, 2), (938, 2), (946, 2), (949, 2), (963, 1), (964, 2), (975, 2), (978, 2), (980, 2), (983, 1), (988, 1), (1000, 1), (1010, 1), (1011, 1), (1021, 2), (1028, 2), (1029, 3), (1031, 1), (1038, 2), (1045, 2), (1050, 2), (1059, 3), (1060, 2), (1077, 1), (1079, 1), (1084, 1), (1087, 2), (1092, 3), (1098, 2), (1122, 2), (1124, 1), (1136, 2), (1141, 1), (1143, 1), (1152, 2), (1157, 1), (1170, 1), (1187, 1), (1192, 1), (1196, 2), (1197, 2), (1200, 2), (1211, 2), (1214, 8), (1216, 2), (1217, 2), (1223, 2), (1226, 1), (1243, 2), (1249, 2), (1253, 1), (1255, 2), (1259, 1), (1263, 1), (1269, 1), (1275, 2), (1276, 2), (1282, 2), (1293, 2), (1304, 2), (1331, 1), (1336, 2), (1343, 2), (1344, 1), (1349, 1)
