palisad (DF: 4): (223, 1), (2286, 1), (4543, 1), (4574, 1)
palisz (DF: 1): (661, 1)
paliwo (DF: 1): (1655, 3)
palla (DF: 1): (443, 1)
palladium (DF: 1): (2399, 1)
pallet (DF: 2): (3118, 1), (3310, 1)
palli (DF: 1): (1982, 20)
palm (DF: 42): (68, 2), (200, 1), (216, 2), (278, 4), (285, 2), (325, 2), (328, 2), (438, 1), (643, 1), (846, 3), (1041, 2), (1059, 1), (1217, 2), (1342, 1), (1657, 1), (1800, 3), (1831, 2), (1848, 1), (1946, 1), (1950, 2), (2105, 1), (2143, 1), (2267, 6), (2363, 1), (2831, 1), (3166, 1), (3421, 1), (3514, 1), (4044, 1), (4053, 2), (4124, 1), (4198, 1), (4294, 18), (4354, 1), (4360, 3), (4693, 6), (4697, 1), (4760, 3), (4880, 1), (4939, 1), (4960, 1), (4992, 1)
palmer (DF: 4): (497, 1), (1242, 1), (1381, 1), (2215, 1)
palmero (DF: 1): (1642, 1)
palmetto (DF: 1): (2340, 1)
palmi (DF: 1): (1918, 1)
palmqvist (DF: 1): (2667, 2)
palom (DF: 4): (84, 4), (364, 2), (417, 1), (2585, 2)
paloma (DF: 1): (3469, 1)
palpit (DF: 4): (875, 1), (1447, 1), (3722, 1), (4659, 1)
palti (DF: 1): (149, 1)
pam (DF: 8): (446, 1), (1010, 74), (1188, 1), (1238, 1), (2021, 18), (2461, 5), (3567, 32), (3789, 1)
pamel (DF: 1): (1046, 2)
pamela (DF: 1): (3293, 1)
pami (DF: 1): (250, 1)
pamper (DF: 2): (616, 1), (3204, 1)
pamphlet (DF: 1): (3244, 1)
pamputa (DF: 1): (4771, 2)
pan (DF: 34): (76, 1), (252, 1), (370, 1), (723, 1), (866, 2), (1471, 1), (1547, 1), (1682, 2), (1907, 2), (1918, 2), (1920, 15), (2049, 1), (2170, 1), (2172, 1), (2275, 2), (2316, 2), (2461, 1), (2596, 1), (2906, 1), (3048, 1), (3068, 2), (3723, 3), (3949, 3), (4032, 1), (4109, 3), (4210, 1), (4236, 1), (4246, 1), (4285, 4), (4434, 1), (4799, 1), (4811, 1), (4880, 1), (4986, 1)
panaginip (DF: 2): (4815, 1), (4910, 1)
panahon (DF: 1): (4657, 5)
panam (DF: 3): (1476, 2), (3093, 2), (4219, 1)
panama (DF: 6): (195, 31), (246, 1), (552, 1), (579, 1), (2391, 31), (3589, 1)
panamer (DF: 1): (524, 6)
panamera (DF: 4): (1354, 1), (2268, 2), (3064, 6), (3248, 1)
panc (DF: 3): (2567, 1), (3954, 1), (4992, 1)
pancak (DF: 6): (454, 3), (553, 2), (862, 1), (2534, 1), (3867, 1), (4681, 1)
pancrea (DF: 1): (4490, 1)
pand (DF: 4): (910, 1), (1803, 3), (2877, 1), (3897, 1)
pandill (DF: 1): (4560, 1)
pandillero (DF: 1): (2735, 2)
pandora (DF: 2): (1343, 1), (4319, 1)
pane (DF: 5): (1197, 1), (1959, 1), (2569, 1), (3398, 1), (3674, 2)
panflet (DF: 1): (2316, 1)
pang (DF: 1): (4563, 1)
pangarap (DF: 2): (0, 7), (4815, 1)
pani (DF: 4): (908, 1), (1197, 2), (4311, 1), (4761, 1)
panic (DF: 22): (59, 1), (469, 2), (562, 1), (825, 3), (1000, 18), (1343, 1), (1374, 1), (1413, 1), (1621, 2), (1801, 1), (2256, 1), (2562, 1), (3080, 1), (3181, 1), (3295, 1), (3856, 2), (3934, 2), (3946, 1), (4067, 2), (4153, 10), (4171, 1), (4283, 4)
panick (DF: 5): (1971, 1), (2474, 2), (2890, 1), (3068, 1), (4183, 1)
paniek (DF: 1): (1077, 1)
panik (DF: 1): (2194, 1)
panini (DF: 1): (2341, 4)
paniqu (DF: 1): (1089, 1)
panni (DF: 1): (908, 1)
panoram (DF: 2): (2127, 1), (4723, 1)
panorama (DF: 2): (1489, 1), (2366, 1)
panowani (DF: 1): (4761, 1)
pans (DF: 1): (2938, 1)
pansin (DF: 1): (0, 2)
pant (DF: 46): (51, 1), (74, 2), (124, 2), (535, 8), (669, 1), (675, 2), (698, 2), (925, 1), (951, 1), (1214, 3), (1217, 2), (1271, 10), (1436, 1), (1552, 1), (1556, 6), (1603, 1), (1650, 1), (1805, 1), (1836, 1), (1922, 1), (2039, 1), (2177, 2), (2223, 1), (2251, 1), (2300, 1), (2323, 1), (2618, 1), (2801, 2), (2825, 1), (2865, 1), (3128, 1), (3368, 1), (3507, 3), (3755, 8), (3813, 1), (3930, 1), (4107, 1), (4396, 1), (4411, 1), (4525, 2), (4615, 1), (4715, 1), (4830, 1), (4833, 1), (4842, 1), (4936, 2)
pantagruel (DF: 1): (4945, 2)
pantaleta (DF: 1): (3001, 1)
pantall (DF: 4): (1677, 1), (3358, 1), (3609, 2), (4790, 1)
pantalon (DF: 7): (399, 1), (851, 6), (1519, 2), (1677, 1), (2585, 2), (2604, 1), (3111, 1)
panter (DF: 3): (1519, 2), (1724, 1), (2656, 2)
panth (DF: 1): (2050, 1)
panther (DF: 4): (1089, 1), (1894, 1), (2218, 1), (2482, 1)
panti (DF: 21): (321, 4), (789, 1), (1024, 1), (1131, 3), (1299, 1), (1413, 1), (1532, 2), (1657, 1), (2218, 1), (2254, 1), (2655, 1), (3001, 1), (3121, 2), (3144, 1), (3273, 4), (3335, 1), (3513, 1), (3803, 2), (4019, 1), (4188, 2), (4356, 2)
panticit (DF: 2): (4300, 3), (4594, 3)
pantin (DF: 1): (4495, 1)
pantri (DF: 2): (3121, 2), (3204, 2)
panty (DF: 2): (1213, 4), (4386, 1)
pantyhos (DF: 2): (3117, 1), (3789, 1)
panurg (DF: 1): (4945, 3)
panyo (DF: 1): (3150, 1)
panz (DF: 2): (1686, 1), (2328, 1)
pao (DF: 1): (4043, 1)
paog (DF: 1): (149, 1)
paol (DF: 1): (1112, 2)
paolo (DF: 2): (4145, 1), (4990, 1)
pap (DF: 18): (143, 2), (349, 11), (364, 2), (444, 1), (476, 2), (577, 1), (681, 1), (1141, 1), (1476, 2), (1987, 1), (2084, 1), (2147, 8), (2573, 3), (3219, 4), (3570, 3), (3954, 1), (4434, 1), (4912, 2)
papa (DF: 26): (30, 2), (90, 2), (102, 10), (165, 2), (183, 1), (1457, 3), (2100, 8), (2634, 1), (2665, 1), (2737, 1), (2778, 3), (3466, 1), (3474, 16), (3500, 1), (3634, 2), (3818, 1), (4090, 1), (4102, 1), (4136, 4), (4231, 1), (4383, 1), (4534, 1), (4541, 1), (4552, 1), (4634, 11), (4795, 3)
papanaw (DF: 1): (4657, 4)
papaout (DF: 1): (349, 25)
papar (DF: 1): (1443, 1)
paparazzi (DF: 3): (102, 11), (2359, 2), (4837, 1)
papatinho (DF: 1): (2631, 2)
papay (DF: 1): (1974, 1)
papaya (DF: 1): (3216, 1)
pape (DF: 2): (3161, 1), (3288, 1)
papel (DF: 19): (1159, 1), (1305, 2), (1582, 1), (2150, 3), (2604, 1), (2805, 1), (3342, 1), (3596, 1), (3631, 1), (3981, 1), (4195, 2), (4267, 4), (4288, 1), (4361, 1), (4515, 1), (4518, 5), (4556, 1), (4804, 4), (4916, 4)
paper (DF: 94): (248, 2), (356, 1), (435, 1), (441, 1), (490, 1), (510, 1), (535, 2), (558, 1), (586, 1), (642, 1), (668, 1), (702, 1), (731, 2), (800, 1), (809, 1), (927, 1), (1026, 1), (1029, 9), (1122, 2), (1187, 2), (1189, 1), (1354, 1), (1361, 2), (1448, 3), (1490, 2), (1515, 1), (1558, 1), (1575, 1), (1587, 2), (1648, 1), (1656, 1), (1669, 1), (1707, 1), (1757, 1), (1760, 1), (1805, 1), (1856, 1), (1891, 1), (1975, 1), (2004, 1), (2076, 2), (2104, 1), (2115, 1), (2116, 1), (2199, 2), (2254, 3), (2298, 2), (2352, 1), (2356, 1), (2411, 3), (2442, 1), (2472, 1), (2489, 1), (2534, 1), (2555, 1), (2626, 1), (2644, 1), (2658, 1), (2735, 1), (2738, 1), (2807, 2), (2855, 1), (3018, 1), (3079, 6), (3138, 1), (3160, 3), (3164, 1), (3232, 1), (3234, 8), (3278, 2), (3288, 2), (3300, 1), (3301, 2), (3383, 6), (3447, 1), (3538, 1), (3594, 1), (3786, 2), (3804, 2), (3989, 1), (3999, 1), (4121, 2), (4267, 1), (4310, 1), (4341, 1), (4355, 1), (4466, 1), (4491, 2), (4493, 1), (4533, 1), (4731, 1), (4764, 1), (4788, 2), (4901, 1)
papercut (DF: 1): (1626, 1)
paperwhit (DF: 2): (1617, 1), (4822, 1)
paperwork (DF: 2): (1304, 1), (4503, 1)
papi (DF: 35): (227, 2), (347, 1), (399, 2), (419, 1), (444, 2), (552, 2), (724, 1), (1416, 6), (1422, 1), (1519, 8), (1520, 2), (1563, 33), (1584, 1), (1682, 1), (1918, 1), (2322, 1), (2351, 1), (2463, 2), (2574, 1), (2642, 2), (3090, 14), (3313, 1), (3358, 4), (3609, 8), (3697, 1), (3806, 33), (4034, 4), (4084, 1), (4214, 1), (4419, 7), (4434, 1), (4470, 1), (4479, 1), (4790, 1), (4849, 1)
