ribbon (DF: 8): (597, 1), (2093, 2), (3310, 3), (3650, 1), (3661, 1), (3815, 12), (4320, 1), (4927, 1)
ribcag (DF: 1): (2378, 1)
ribell (DF: 1): (3491, 3)
ribshack (DF: 1): (1469, 1)
ric (DF: 60): (12, 2), (14, 1), (53, 1), (216, 1), (276, 2), (284, 4), (345, 2), (371, 1), (577, 1), (707, 5), (711, 1), (762, 1), (889, 1), (910, 1), (1008, 2), (1039, 1), (1061, 1), (1116, 1), (1255, 1), (1300, 2), (1476, 14), (1519, 26), (1978, 1), (2108, 3), (2306, 1), (2336, 3), (2461, 10), (2530, 1), (2604, 1), (2656, 1), (2659, 2), (2785, 1), (3006, 2), (3070, 2), (3093, 2), (3226, 3), (3248, 1), (3290, 1), (3351, 2), (3399, 1), (3421, 1), (3459, 4), (3492, 1), (3555, 66), (3586, 10), (3665, 3), (3697, 1), (3875, 1), (4236, 2), (4246, 1), (4300, 3), (4356, 54), (4479, 4), (4594, 3), (4678, 2), (4704, 6), (4729, 1), (4780, 1), (4916, 3), (4941, 1)
rica (DF: 2): (2710, 1), (3272, 1)
rican (DF: 7): (34, 1), (552, 1), (1076, 1), (1249, 1), (1520, 1), (2708, 1), (4525, 2)
ricc (DF: 2): (1850, 2), (2567, 1)
riccardo (DF: 1): (4319, 1)
ricch (DF: 2): (268, 1), (1375, 1)
ricchezz (DF: 1): (3316, 1)
ricci (DF: 1): (2958, 1)
rice (DF: 8): (435, 2), (1163, 1), (1469, 1), (1926, 1), (2192, 1), (2573, 4), (4452, 2), (4629, 1)
rich (DF: 119): (51, 1), (103, 1), (168, 1), (179, 1), (182, 1), (183, 1), (220, 3), (287, 6), (324, 1), (339, 1), (386, 7), (480, 1), (525, 1), (528, 1), (558, 1), (598, 4), (616, 1), (658, 2), (699, 2), (711, 1), (804, 2), (875, 1), (920, 1), (930, 1), (1031, 4), (1060, 2), (1092, 1), (1122, 1), (1164, 1), (1216, 1), (1218, 33), (1253, 1), (1334, 2), (1391, 15), (1410, 1), (1560, 1), (1566, 1), (1632, 7), (1674, 6), (1711, 1), (1731, 12), (1896, 1), (1922, 1), (2052, 1), (2064, 1), (2198, 1), (2230, 1), (2231, 1), (2256, 10), (2263, 2), (2278, 1), (2333, 1), (2471, 4), (2511, 2), (2522, 2), (2573, 1), (2592, 1), (2650, 3), (2662, 2), (2706, 4), (2717, 3), (2723, 1), (2822, 1), (2899, 1), (2923, 1), (2978, 1), (3010, 1), (3051, 4), (3064, 1), (3075, 1), (3077, 1), (3174, 1), (3179, 1), (3205, 1), (3232, 1), (3272, 1), (3374, 1), (3397, 1), (3420, 1), (3437, 1), (3466, 1), (3521, 1), (3532, 1), (3555, 3), (3575, 2), (3592, 6), (3722, 1), (3803, 1), (3815, 6), (3816, 3), (3826, 4), (3843, 2), (3864, 1), (3879, 3), (3884, 12), (3909, 1), (3991, 1), (4044, 1), (4072, 1), (4106, 2), (4122, 1), (4127, 2), (4150, 1), (4267, 1), (4300, 3), (4320, 1), (4410, 14), (4460, 1), (4506, 1), (4569, 3), (4594, 3), (4604, 1), (4619, 2), (4700, 3), (4818, 1), (4827, 2), (4831, 3), (4945, 1), (4972, 4)
richard (DF: 6): (350, 1), (673, 1), (1799, 4), (2511, 2), (3310, 1), (4420, 1)
richer (DF: 5): (980, 1), (1260, 1), (1837, 1), (3628, 1), (4328, 1)
richest (DF: 1): (3675, 1)
richi (DF: 3): (1122, 1), (1793, 1), (2231, 1)
richmond (DF: 1): (2225, 1)
richt (DF: 2): (880, 1), (1484, 1)
richter (DF: 1): (1471, 1)
richtig (DF: 11): (198, 2), (397, 1), (483, 1), (1238, 1), (1654, 1), (1715, 1), (2328, 1), (3067, 1), (3437, 1), (3962, 1), (4387, 1)
richtung (DF: 1): (4998, 1)
rick (DF: 27): (525, 1), (540, 1), (615, 1), (672, 1), (1200, 1), (1410, 1), (1849, 1), (1866, 2), (2004, 1), (2014, 3), (2255, 1), (2472, 2), (2484, 2), (2511, 1), (2612, 1), (2619, 1), (2649, 2), (2706, 1), (3310, 3), (3565, 1), (3628, 2), (4127, 1), (4490, 1), (4827, 1), (4912, 1), (4941, 1), (4963, 1)
rickey (DF: 1): (1558, 2)
ricki (DF: 12): (846, 9), (1196, 1), (1606, 3), (2399, 1), (2464, 6), (2692, 1), (3330, 6), (4044, 1), (4045, 1), (4412, 10), (4449, 1), (4736, 7)
rickshaw (DF: 1): (3902, 1)
ricky (DF: 5): (12, 1), (1740, 4), (1966, 7), (2461, 2), (3226, 4)
rico (DF: 11): (255, 1), (552, 1), (1072, 1), (1156, 4), (1183, 2), (1979, 1), (2208, 1), (2680, 2), (2711, 1), (3451, 1), (3618, 1)
ricochet (DF: 4): (1236, 9), (1863, 6), (2461, 1), (4134, 1)
ricola (DF: 1): (893, 2)
ricominc (DF: 1): (2059, 1)
ricompens (DF: 1): (4587, 1)
ricooooo (DF: 1): (552, 1)
ricoooooo (DF: 1): (552, 1)
ricord (DF: 7): (187, 3), (1850, 3), (2518, 1), (2549, 1), (2567, 1), (3316, 1), (3972, 1)
ricur (DF: 1): (4484, 1)
rid (DF: 27): (9, 1), (137, 1), (563, 1), (737, 1), (775, 2), (893, 1), (1008, 2), (1461, 1), (1645, 2), (1968, 1), (2045, 1), (2244, 2), (2333, 1), (2422, 1), (3136, 2), (3184, 1), (3210, 3), (3295, 1), (3316, 1), (3394, 3), (3458, 1), (3464, 3), (3483, 1), (4086, 1), (4790, 1), (4834, 1), (4873, 1)
rida (DF: 6): (535, 1), (2583, 1), (3249, 7), (3311, 1), (3478, 1), (3852, 1)
ridah (DF: 1): (337, 1)
