unarvinai (DF: 1): (3471, 1)
unas (DF: 8): (178, 1), (836, 1), (1424, 1), (1481, 2), (3603, 4), (3851, 1), (3898, 1), (4258, 1)
unattend (DF: 1): (4045, 1)
unavail (DF: 1): (4413, 1)
unaverag (DF: 3): (3439, 5), (4062, 1), (4377, 1)
unavoid (DF: 2): (497, 2), (3347, 4)
unawar (DF: 4): (329, 6), (581, 1), (922, 1), (1910, 4)
unbear (DF: 2): (1361, 1), (2199, 1)
unbegrenzt (DF: 1): (1583, 1)
unbeheizt (DF: 1): (3048, 1)
unbekannt (DF: 2): (3212, 1), (4998, 1)
unbeliev (DF: 3): (3644, 1), (3659, 43), (4094, 1)
unberuhrt (DF: 1): (3212, 5)
unbezahlbar (DF: 2): (1736, 1), (1942, 1)
unborn (DF: 1): (4067, 1)
unboth (DF: 1): (1839, 3)
unbreak (DF: 1): (1418, 7)
unbroken (DF: 1): (2016, 1)
unbutton (DF: 1): (3738, 1)
unc (DF: 3): (210, 1), (2064, 5), (4931, 1)
uncam (DF: 1): (4347, 1)
uncanni (DF: 1): (1430, 1)
uncav (DF: 1): (3493, 1)
uncertain (DF: 2): (360, 3), (4043, 1)
uncertainti (DF: 1): (2918, 3)
unchain (DF: 1): (1533, 7)
unchang (DF: 1): (482, 1)
unchart (DF: 4): (40, 1), (1581, 2), (3493, 1), (4026, 1)
uncivil (DF: 1): (2261, 2)
uncl (DF: 21): (446, 1), (574, 1), (1076, 1), (1457, 3), (1744, 2), (1899, 1), (1977, 2), (2000, 1), (2013, 1), (2172, 1), (2218, 1), (2397, 1), (2634, 1), (2646, 1), (2649, 1), (3634, 1), (4136, 4), (4575, 1), (4617, 1), (4895, 1), (4905, 1)
unclean (DF: 1): (1948, 1)
unclear (DF: 1): (1351, 2)
unclench (DF: 1): (1326, 1)
unclip (DF: 1): (2061, 1)
uncomfort (DF: 1): (3054, 2)
uncompl (DF: 2): (1755, 1), (3714, 1)
uncondit (DF: 9): (618, 1), (710, 1), (1869, 1), (2787, 1), (3537, 27), (3540, 1), (4365, 1), (4412, 2), (4963, 2)
unconditional (DF: 1): (3284, 2)
unconsci (DF: 4): (1065, 1), (2636, 1), (4261, 1), (4963, 2)
uncontrol (DF: 1): (838, 1)
uncov (DF: 3): (3222, 1), (3347, 1), (4050, 1)
uncut (DF: 2): (946, 1), (4853, 1)
undastand (DF: 1): (2377, 1)
undead (DF: 1): (501, 1)
undecid (DF: 2): (590, 1), (2008, 1)
undef (DF: 1): (673, 1)
undefin (DF: 1): (2989, 1)
under (DF: 5): (1004, 1), (1123, 4), (3284, 2), (4909, 1), (4951, 1)
underag (DF: 3): (896, 1), (1829, 1), (4404, 1)
undercount (DF: 1): (603, 2)
undercov (DF: 20): (270, 1), (469, 2), (511, 3), (825, 3), (1924, 1), (1964, 1), (2065, 1), (2084, 1), (2259, 1), (2500, 1), (2636, 1), (2742, 1), (2817, 13), (2824, 1), (3949, 3), (4124, 1), (4503, 1), (4641, 1), (4645, 1), (4754, 1)
underdog (DF: 8): (693, 1), (1114, 1), (1257, 2), (1319, 1), (1575, 1), (1760, 1), (2038, 1), (3273, 8)
underestim (DF: 7): (563, 1), (834, 1), (1332, 1), (2930, 1), (3109, 1), (3288, 1), (4424, 1)
underestimat (DF: 1): (2676, 1)
underground (DF: 36): (76, 1), (225, 18), (306, 1), (369, 1), (381, 1), (619, 4), (639, 1), (726, 1), (743, 1), (817, 1), (974, 1), (1296, 1), (1488, 1), (2104, 1), (2412, 2), (2607, 6), (2738, 1), (2990, 1), (2993, 1), (3249, 1), (3298, 1), (3439, 4), (3488, 1), (3597, 1), (3684, 2), (3795, 1), (3803, 3), (3880, 1), (3939, 1), (3949, 3), (4023, 2), (4185, 1), (4468, 1), (4669, 1), (4746, 1), (4933, 1)
undergrounnnnd (DF: 1): (2957, 1)
underlig (DF: 1): (229, 4)
underligt (DF: 1): (229, 1)
underlin (DF: 2): (3468, 2), (3967, 2)
underneath (DF: 59): (119, 1), (134, 1), (226, 3), (513, 3), (592, 2), (597, 1), (604, 4), (611, 4), (641, 1), (689, 1), (819, 1), (901, 1), (941, 1), (1135, 1), (1172, 3), (1192, 4), (1223, 1), (1227, 1), (1239, 1), (1281, 1), (1312, 1), (1330, 1), (1538, 1), (1576, 1), (1871, 1), (1924, 1), (1976, 12), (2054, 1), (2094, 1), (2124, 2), (2313, 1), (2317, 1), (2469, 2), (2603, 1), (2626, 2), (2649, 1), (2723, 1), (2783, 1), (2846, 1), (3054, 1), (3081, 1), (3105, 1), (3119, 1), (3201, 1), (3824, 2), (3860, 1), (3873, 1), (3937, 2), (4013, 2), (4095, 1), (4158, 1), (4221, 2), (4359, 1), (4391, 2), (4693, 5), (4760, 3), (4905, 1), (4756, 1), (4758, 1)
underpass (DF: 1): (2120, 1)
underr (DF: 5): (834, 1), (1316, 6), (1701, 4), (2626, 1), (2776, 3)
understand (DF: 56): (25, 2), (68, 2), (174, 1), (177, 1), (219, 1), (259, 1), (278, 2), (287, 2), (304, 1), (325, 2), (414, 1), (420, 2), (486, 3), (527, 3), (548, 3), (556, 2), (563, 1), (606, 1), (618, 1), (704, 3), (740, 1), (742, 3), (781, 1), (786, 3), (838, 1), (859, 1), (922, 2), (924, 1), (950, 2), (968, 1), (991, 1), (993, 2), (997, 1), (1006, 2), (1050, 2), (1055, 1), (1085, 1), (1094, 1), (1120, 1), (1154, 1), (1192, 1), (1270, 1), (1298, 1), (1306, 1), (1347, 2), (1356, 1), (1405, 1), (1423, 1), (1429, 4), (1438, 1), (1501, 2), (1527, 2), (1536, 1), (1553, 3), (1568, 1), (1578, 1)
