pensiv (DF: 2): (2849, 1), (4342, 1)
pensj (DF: 1): (3744, 2)
pensja (DF: 1): (4405, 2)
penso (DF: 1): (213, 1)
pent (DF: 1): (1800, 1)
pentagram (DF: 1): (407, 1)
pentatonix (DF: 1): (608, 1)
penthous (DF: 12): (153, 2), (212, 2), (1058, 1), (1410, 1), (1484, 1), (1574, 1), (2075, 2), (2322, 1), (2646, 1), (2974, 1), (4542, 2), (4929, 1)
pentotal (DF: 1): (9, 1)
pentratin (DF: 1): (4023, 1)
penumbr (DF: 1): (4210, 1)
peon (DF: 1): (1558, 1)
peopl (DF: 364): (13, 2), (26, 12), (27, 3), (30, 1), (69, 1), (72, 1), (78, 1), (103, 1), (122, 1), (129, 1), (134, 2), (138, 1), (154, 1), (191, 9), (201, 1), (221, 1), (228, 1), (282, 2), (294, 1), (336, 1), (365, 1), (385, 2), (416, 2), (431, 30), (462, 1), (470, 1), (505, 4), (510, 2), (556, 1), (558, 1), (563, 1), (576, 11), (581, 1), (583, 1), (591, 1), (596, 3), (599, 1), (606, 1), (616, 1), (617, 1), (642, 1), (673, 2), (690, 1), (704, 1), (719, 2), (727, 2), (731, 1), (736, 1), (743, 1), (746, 1), (766, 1), (795, 1), (798, 1), (804, 1), (814, 2), (823, 2), (835, 2), (865, 1), (874, 11), (932, 2), (942, 1), (944, 1), (946, 2), (955, 2), (965, 6), (976, 1), (986, 1), (987, 1), (991, 2), (1021, 1), (1045, 4), (1055, 1), (1060, 1), (1063, 1), (1088, 2), (1152, 1), (1214, 3), (1217, 4), (1247, 8), (1276, 1), (1298, 1), (1311, 1), (1313, 1), (1354, 1), (1369, 2), (1419, 1), (1426, 1), (1429, 1), (1431, 1), (1434, 4), (1438, 1), (1454, 2), (1477, 1), (1482, 1), (1502, 2), (1504, 1), (1513, 2), (1552, 1), (1624, 1), (1634, 1), (1639, 3), (1643, 1), (1648, 1), (1688, 1), (1708, 2), (1710, 2), (1721, 1), (1729, 2), (1744, 2), (1766, 3), (1775, 2), (1781, 3), (1793, 1), (1820, 1), (1886, 2), (1888, 1), (1894, 1), (1926, 4), (1935, 4), (1938, 1), (1957, 2), (1964, 10), (1975, 1), (1977, 1), (1990, 6), (1995, 3), (1999, 6), (2005, 4), (2028, 1), (2065, 2), (2075, 1), (2120, 2), (2135, 1), (2145, 2), (2157, 3), (2160, 1), (2177, 1), (2179, 1), (2184, 1), (2206, 2), (2211, 13), (2227, 1), (2229, 1), (2232, 5), (2236, 3), (2241, 2), (2251, 1), (2326, 1), (2339, 1), (2381, 1), (2382, 1), (2399, 2), (2411, 2), (2415, 2), (2423, 1), (2427, 3), (2439, 5), (2455, 1), (2462, 3), (2499, 2), (2500, 1), (2513, 5), (2534, 1), (2577, 3), (2588, 2), (2592, 2), (2599, 1), (2636, 1), (2665, 1), (2689, 1), (2692, 1), (2712, 2), (2737, 2), (2757, 1), (2767, 1), (2776, 1), (2791, 2), (2809, 2), (2812, 1), (2815, 1), (2820, 2), (2849, 1), (2861, 1), (2868, 8), (2878, 1), (2880, 1), (2892, 4), (2906, 1), (2927, 1), (2929, 1), (2939, 2), (2957, 2), (2976, 2), (2990, 1), (3027, 1), (3044, 1), (3051, 4), (3059, 1), (3061, 3), (3068, 1), (3072, 6), (3105, 2), (3136, 2), (3138, 1), (3164, 1), (3183, 2), (3260, 4), (3288, 1), (3299, 4), (3302, 4), (3312, 12), (3371, 1), (3395, 2), (3410, 3), (3414, 2), (3420, 3), (3428, 10), (3447, 1), (3458, 1), (3483, 2), (3484, 1), (3485, 2), (3507, 1), (3516, 3), (3537, 1), (3538, 1), (3545, 6), (3551, 1), (3558, 2), (3562, 3), (3567, 1), (3573, 2), (3597, 1), (3619, 1), (3628, 1), (3636, 2), (3676, 2), (3687, 4), (3698, 2), (3721, 3), (3770, 6), (3772, 1), (3783, 1), (3789, 1), (3811, 1), (3813, 7), (3815, 6), (3821, 2), (3848, 1), (3879, 2), (3904, 2), (3911, 14), (3917, 3), (3983, 3), (3985, 1), (3999, 2), (4028, 1), (4043, 1), (4044, 3), (4054, 2), (4059, 2), (4061, 5), (4072, 1), (4084, 4), (4096, 6), (4102, 2), (4141, 1), (4146, 1), (4147, 1), (4155, 2), (4165, 3), (4205, 1), (4221, 2), (4228, 4), (4234, 2), (4239, 1), (4255, 1), (4267, 1), (4302, 2), (4303, 2), (4326, 1), (4332, 1), (4334, 1), (4341, 1), (4355, 2), (4378, 12), (4389, 1), (4404, 6), (4411, 2), (4427, 7), (4441, 1), (4452, 4), (4457, 1), (4481, 1), (4509, 5), (4517, 4), (4521, 1), (4536, 1), (4555, 4), (4557, 1), (4566, 3), (4578, 2), (4600, 2), (4603, 1), (4606, 26), (4613, 1), (4620, 3), (4627, 2), (4634, 2), (4637, 4), (4655, 1), (4664, 3), (4668, 1), (4687, 3), (4718, 2), (4722, 1), (4723, 2), (4731, 1), (4746, 1), (4764, 1), (4773, 6), (4801, 1), (4808, 1), (4823, 4), (4854, 1), (4857, 1), (4864, 3), (4867, 3), (4872, 2), (4875, 1), (4885, 1), (4889, 1), (4904, 21), (4907, 1), (4926, 1), (4931, 5), (4942, 2), (4973, 15), (502, 1), (503, 4), (781, 2), (782, 1), (1154, 1), (1155, 2), (1572, 1), (1573, 2), (1767, 1), (2001, 1), (2002, 2), (2003, 1), (2332, 1), (2333, 1), (2640, 4), (2641, 4), (2980, 1), (2981, 10), (3387, 1), (3388, 1), (3720, 1), (3857, 4), (3860, 2), (4513, 3), (4623, 3), (4624, 3)
peor (DF: 6): (87, 1), (284, 8), (3158, 2), (3239, 1), (3666, 5), (4143, 20)
