motherf (DF: 1): (4215, 12)
motherfu (DF: 1): (4091, 6)
motherfuck (DF: 159): (51, 2), (72, 1), (80, 2), (134, 1), (151, 1), (154, 1), (178, 1), (181, 1), (183, 1), (197, 2), (198, 1), (204, 4), (221, 1), (231, 2), (292, 1), (324, 5), (339, 1), (418, 1), (441, 1), (458, 6), (486, 1), (579, 1), (606, 1), (646, 1), (689, 8), (697, 4), (823, 1), (874, 1), (925, 1), (993, 2), (1021, 1), (1060, 1), (1091, 1), (1124, 1), (1135, 1), (1157, 1), (1216, 1), (1259, 2), (1282, 1), (1328, 6), (1374, 6), (1410, 1), (1429, 1), (1430, 2), (1436, 31), (1471, 2), (1515, 1), (1535, 10), (1552, 2), (1566, 2), (1580, 1), (1588, 1), (1594, 1), (1643, 2), (1657, 5), (1661, 1), (1671, 2), (1700, 4), (1704, 2), (1731, 5), (1864, 1), (1972, 1), (2076, 1), (2110, 6), (2194, 1), (2198, 1), (2218, 2), (2225, 1), (2276, 3), (2278, 1), (2286, 1), (2294, 3), (2305, 6), (2320, 1), (2332, 2), (2359, 2), (2378, 1), (2467, 2), (2489, 2), (2592, 1), (2594, 1), (2646, 1), (2649, 1), (2676, 1), (2708, 1), (2735, 3), (2746, 1), (2760, 1), (2765, 1), (2767, 1), (2776, 3), (2822, 1), (2880, 9), (2887, 1), (2895, 2), (2923, 2), (2939, 3), (2957, 1), (3018, 3), (3144, 1), (3152, 1), (3184, 1), (3186, 2), (3248, 1), (3268, 2), (3282, 2), (3336, 4), (3411, 10), (3439, 8), (3461, 17), (3487, 1), (3498, 1), (3529, 1), (3538, 1), (3581, 1), (3594, 2), (3597, 1), (3741, 1), (3781, 1), (3819, 2), (3821, 1), (3835, 1), (3913, 1), (3923, 2), (3963, 1), (4026, 1), (4042, 1), (4059, 2), (4084, 7), (4102, 1), (4106, 1), (4122, 1), (4165, 2), (4246, 1), (4326, 1), (4327, 1), (4374, 1), (4381, 1), (4410, 2), (4420, 1), (4543, 1), (4547, 1), (4603, 4), (4629, 1), (4645, 2), (4664, 1), (4684, 6), (4784, 9), (4811, 1), (4827, 1), (4842, 2), (4866, 2), (4880, 4), (4903, 3), (4904, 29), (4916, 1), (4941, 1), (4971, 14), (4994, 11)
motherfucka (DF: 7): (33, 6), (51, 1), (204, 1), (1319, 1), (3148, 1), (3731, 1), (3914, 9)
motherfuckerss (DF: 1): (1136, 1)
motherfuckin (DF: 65): (40, 1), (92, 4), (134, 3), (204, 2), (248, 1), (525, 1), (558, 3), (658, 1), (731, 1), (824, 1), (993, 5), (1011, 6), (1032, 1), (1196, 1), (1216, 2), (1253, 2), (1354, 1), (1374, 2), (1552, 2), (1704, 2), (1712, 4), (1725, 2), (1990, 1), (2110, 3), (2276, 3), (2332, 6), (2377, 3), (2562, 1), (2563, 2), (2607, 1), (2636, 1), (2895, 3), (3018, 5), (3019, 1), (3045, 1), (3148, 1), (3184, 1), (3253, 6), (3268, 1), (3428, 1), (3811, 1), (3843, 2), (4074, 1), (4128, 1), (4190, 3), (4381, 3), (4407, 18), (4420, 2), (4440, 1), (4503, 2), (4527, 6), (4533, 1), (4547, 1), (4629, 2), (4641, 1), (4669, 4), (4684, 1), (4717, 2), (4784, 6), (4814, 1), (4818, 1), (4866, 2), (4895, 1), (4941, 8), (4971, 3)
motherland (DF: 1): (4019, 1)
mothership (DF: 2): (1885, 2), (4359, 1)
mothxr (DF: 1): (120, 1)
moti (DF: 3): (139, 1), (2876, 1), (4077, 1)
motiff (DF: 1): (2785, 2)
motion (DF: 63): (40, 1), (43, 1), (113, 5), (122, 1), (133, 1), (135, 1), (162, 1), (183, 1), (240, 1), (271, 1), (449, 1), (593, 1), (671, 1), (723, 1), (886, 1), (963, 1), (986, 1), (1045, 5), (1057, 1), (1059, 14), (1164, 1), (1317, 1), (1364, 1), (1408, 1), (1482, 1), (1492, 1), (1598, 4), (1600, 1), (1667, 1), (1711, 1), (1739, 15), (1761, 1), (1777, 2), (1801, 1), (1821, 1), (1950, 1), (2008, 1), (2075, 1), (2187, 1), (2204, 1), (2432, 1), (2441, 1), (2540, 2), (2571, 6), (2646, 1), (2790, 1), (2827, 1), (3043, 1), (3349, 1), (3355, 1), (3376, 10), (3415, 1), (3449, 1), (3565, 1), (3720, 1), (3775, 1), (3915, 1), (4095, 1), (4433, 1), (4500, 1), (4572, 1), (4690, 1), (4988, 1)
motionless (DF: 4): (591, 1), (2038, 1), (2908, 1), (3044, 1)
motiv (DF: 34): (26, 3), (65, 1), (405, 1), (580, 2), (637, 1), (862, 1), (1061, 2), (1085, 1), (1178, 1), (1461, 5), (1515, 1), (1691, 66), (1757, 1), (1805, 1), (2090, 1), (2179, 2), (2259, 2), (2411, 2), (2668, 1), (2704, 1), (2764, 4), (2780, 1), (2792, 1), (2866, 1), (3100, 1), (3347, 1), (3495, 2), (4404, 1), (4490, 1), (4591, 2), (4633, 2), (4799, 1), (4880, 1), (4949, 1)
motivart (DF: 1): (2668, 1)
moto (DF: 1): (1351, 2)
motor (DF: 18): (113, 1), (399, 1), (877, 1), (1023, 2), (1490, 1), (1494, 1), (1606, 1), (2034, 4), (2050, 1), (2230, 1), (2464, 2), (2585, 2), (3330, 2), (3337, 6), (3462, 1), (3875, 1), (4739, 1), (4942, 1)
motorama (DF: 1): (659, 1)
motorbik (DF: 3): (740, 1), (1122, 1), (3261, 1)
motorboat (DF: 1): (1122, 1)
motorcad (DF: 1): (673, 1)
motorcycl (DF: 2): (802, 1), (4490, 1)
motorola (DF: 2): (27, 1), (3298, 10)
motosierr (DF: 1): (4515, 1)
motown (DF: 3): (387, 1), (603, 2), (4551, 1)
motownphilli (DF: 3): (172, 5), (2178, 5), (2566, 5)
mott (DF: 1): (2112, 1)
motto (DF: 6): (591, 1), (1354, 1), (1845, 1), (2328, 4), (3852, 4), (4652, 1)
motu (DF: 1): (2778, 1)
motylki (DF: 1): (4914, 4)
motörhead (DF: 2): (2800, 1), (3613, 1)
mouah (DF: 1): (34, 1)
mouch (DF: 1): (3909, 1)
mouchoir (DF: 1): (649, 1)
moudda (DF: 1): (3660, 1)
mouf (DF: 2): (2198, 1), (4045, 1)
moul (DF: 1): (676, 2)
mould (DF: 2): (165, 2), (2317, 2)
moulin (DF: 1): (4607, 1)
mound (DF: 2): (202, 1), (558, 1)
mounidoto (DF: 1): (4373, 2)
mount (DF: 10): (753, 1), (1012, 1), (2083, 1), (2267, 6), (2500, 1), (2762, 1), (3444, 1), (3601, 2), (4051, 1), (4720, 1)
mountain (DF: 58): (11, 1), (42, 4), (114, 6), (203, 1), (208, 4), (301, 1), (406, 1), (548, 1), (635, 3), (659, 3), (772, 2), (801, 1), (815, 2), (834, 1), (1137, 1), (1245, 1), (1287, 1), (1353, 4), (1575, 1), (1600, 1), (1748, 2), (1760, 1), (1780, 1), (1812, 1), (1823, 1), (1901, 4), (1912, 14), (1925, 1), (2267, 6), (2310, 1), (2321, 1), (2399, 2), (2412, 1), (2524, 1), (2603, 1), (2710, 1), (2808, 1), (3040, 1), (3144, 3), (3177, 2), (3289, 6), (3444, 1), (3512, 3), (3621, 1), (3902, 1), (4111, 1), (4218, 1), (4222, 1), (4230, 3), (4254, 1), (4293, 1), (4452, 2), (4570, 1), (4746, 1), (4785, 1), (4821, 2), (4857, 1), (4917, 1)
mountainsid (DF: 2): (568, 1), (2798, 1)
mourir (DF: 1): (30, 6)
mourn (DF: 9): (1344, 1), (1497, 1), (2332, 26), (2366, 1), (2890, 1), (3077, 1), (3164, 1), (3294, 1), (4183, 1)
mournin (DF: 2): (1880, 1), (2332, 1)
mous (DF: 5): (179, 1), (1250, 1), (1747, 1), (3769, 1), (4914, 2)
mouss (DF: 1): (1736, 2)
mouth (DF: 150): (13, 1), (40, 1), (68, 1), (148, 1), (317, 1), (405, 10), (421, 1), (469, 1), (474, 2), (485, 1), (486, 2), (546, 1), (558, 1), (579, 1), (616, 1), (647, 1), (684, 1), (692, 2), (702, 1), (759, 1), (793, 1), (804, 1), (825, 1), (884, 1), (896, 1), (899, 1), (904, 1), (909, 2), (946, 2), (952, 1), (975, 2), (993, 1), (1017, 2), (1163, 1), (1200, 1), (1214, 3), (1250, 1), (1283, 16), (1375, 8), (1393, 1), (1400, 3), (1535, 22), (1559, 2), (1588, 1), (1594, 1), (1625, 2), (1646, 1), (1708, 1), (1732, 1), (1929, 1), (1991, 1), (2019, 1), (2037, 3), (2060, 1), (2077, 4), (2160, 1), (2192, 1), (2250, 1), (2252, 2), (2377, 1), (2378, 1), (2382, 2), (2399, 1), (2415, 1), (2445, 1), (2506, 1), (2525, 1), (2526, 2), (2561, 1), (2584, 1), (2596, 1), (2607, 1), (2612, 1), (2629, 2), (2660, 1), (2669, 1), (2765, 2), (2767, 1), (2820, 8), (2832, 2), (2851, 3), (2872, 1), (2880, 1), (2899, 5), (2906, 1), (2940, 1), (2976, 1), (2995, 1), (3018, 1), (3059, 1), (3064, 1), (3084, 3), (3268, 1), (3310, 1), (3371, 1), (3374, 1), (3389, 8), (3429, 1), (3433, 2), (3451, 3), (3487, 1), (3521, 2), (3589, 3), (3642, 1), (3731, 1), (3756, 1), (3777, 2), (3779, 1), (3794, 3), (3807, 2), (3850, 3), (3869, 1), (3900, 1), (3904, 1), (3979, 1), (4087, 2), (4099, 1), (4120, 2), (4127, 1), (4165, 1), (4168, 1), (4170, 1), (4182, 1), (4228, 2), (4275, 1), (4303, 1), (4326, 1), (4348, 1), (4374, 1), (4420, 2), (4431, 4), (4446, 1), (4503, 1), (4547, 1), (4572, 1), (4575, 1), (4585, 1), (4627, 1), (4670, 3), (4684, 1), (4689, 1), (4723, 1), (4766, 1), (4834, 2), (4875, 2), (4880, 1), (4904, 1), (4932, 2), (4938, 1), (4966, 1)
mouthpiec (DF: 2): (404, 2), (2960, 1)
mov (DF: 21): (44, 1), (328, 4), (778, 1), (897, 1), (1046, 2), (1061, 1), (1079, 4), (1215, 2), (1300, 1), (1686, 1), (1778, 1), (2027, 1), (2033, 5), (2342, 1), (2429, 1), (2729, 1), (2792, 1), (2938, 1), (3111, 1), (3916, 4), (4192, 1)
move (DF: 503): (2, 2), (3, 1), (27, 1), (33, 4), (47, 1), (55, 4), (56, 1), (59, 5), (65, 1), (74, 2), (113, 1), (116, 3), (123, 1), (124, 4), (141, 1), (170, 5), (172, 1), (195, 2), (209, 2), (215, 1), (224, 3), (225, 2), (228, 1), (237, 2), (243, 1), (259, 1), (262, 1), (273, 4), (274, 2), (279, 3), (282, 2), (305, 1), (306, 2), (309, 8), (318, 1), (322, 8), (339, 1), (350, 1), (365, 1), (394, 2), (402, 2), (405, 1), (409, 2), (424, 30), (436, 2), (472, 1), (492, 1), (514, 2), (530, 3), (536, 1), (554, 1), (556, 1), (559, 1), (563, 1), (565, 4), (581, 1), (586, 9), (622, 2), (627, 20), (639, 3), (643, 3), (663, 1), (680, 6), (691, 1), (696, 1), (718, 1), (731, 1), (735, 3), (740, 1), (769, 2), (782, 1), (787, 2), (793, 2), (798, 2), (809, 2), (812, 35), (816, 4), (817, 3), (834, 2), (841, 1), (845, 3), (877, 3), (883, 9), (884, 1), (899, 1), (914, 3), (947, 2), (973, 2), (993, 1), (1002, 2), (1014, 1), (1021, 1), (1023, 2), (1029, 1), (1038, 18), (1055, 1), (1058, 1), (1059, 4), (1092, 1), (1106, 1), (1108, 1), (1119, 4), (1123, 1), (1164, 2), (1169, 3), (1181, 1), (1187, 1), (1209, 1), (1212, 1), (1214, 3), (1216, 1), (1217, 4), (1250, 1), (1270, 3), (1273, 4), (1285, 1), (1304, 2), (1308, 2), (1313, 1), (1319, 7), (1323, 2), (1326, 1), (1337, 1), (1349, 2), (1351, 8), (1374, 4), (1375, 16), (1381, 2), (1419, 2), (1429, 5), (1451, 2), (1454, 2), (1482, 1), (1500, 4), (1503, 2), (1504, 1), (1509, 1), (1512, 1), (1520, 1), (1527, 2), (1544, 1), (1576, 1), (1594, 2), (1610, 2), (1629, 1), (1640, 1), (1646, 1), (1657, 1), (1661, 2), (1662, 1), (1672, 1), (1705, 2), (1707, 1), (1732, 1), (1737, 1), (1746, 1), (1749, 2), (1756, 2), (1766, 2), (1767, 1), (1772, 9), (1774, 1), (1776, 1), (1783, 2), (1785, 1), (1791, 8), (1792, 2), (1798, 3), (1801, 1), (1805, 1), (1820, 1), (1824, 2), (1865, 2), (1880, 1), (1885, 12), (1901, 4), (1906, 2), (1952, 2), (1959, 1), (1962, 1), (2000, 1), (2014, 9), (2048, 3), (2053, 1), (2064, 5), (2071, 1), (2083, 1), (2093, 2), (2102, 1), (2116, 2), (2128, 4), (2134, 1), (2142, 3), (2143, 1), (2146, 2), (2147, 8), (2173, 10), (2177, 1), (2178, 1), (2184, 2), (2208, 1), (2209, 3), (2216, 7), (2217, 2), (2235, 1), (2240, 1), (2253, 2), (2259, 2), (2260, 1), (2264, 2), (2277, 1), (2283, 3), (2294, 1), (2300, 1), (2305, 5), (2310, 1), (2319, 4), (2333, 1), (2334, 1), (2349, 1), (2368, 17), (2375, 3), (2384, 4), (2389, 2), (2391, 2), (2413, 2), (2416, 3), (2418, 1), (2421, 2), (2430, 2), (2438, 2), (2440, 4), (2442, 9), (2465, 1), (2470, 1), (2484, 1), (2511, 2), (2512, 1), (2520, 2), (2533, 36), (2541, 33), (2545, 1), (2548, 2), (2555, 8), (2557, 2), (2566, 1), (2599, 4), (2607, 1), (2614, 1), (2619, 1), (2620, 1), (2625, 2), (2630, 1), (2632, 1), (2634, 3), (2636, 1), (2657, 1), (2660, 1), (2672, 7), (2677, 2), (2678, 1), (2699, 1), (2700, 6), (2705, 3), (2706, 2), (2715, 2), (2726, 7), (2736, 1), (2762, 2), (2776, 1), (2791, 1), (2800, 1), (2807, 4), (2825, 3), (2831, 2), (2835, 1), (2842, 2), (2843, 2), (2859, 48), (2862, 8), (2864, 1), (2865, 2), (2866, 1), (2870, 3), (2883, 2), (2884, 3), (2890, 1), (2892, 10), (2911, 1), (2912, 1), (2920, 3), (2927, 1), (2942, 1), (2953, 1), (2981, 1), (2985, 3), (2991, 1), (2993, 3), (2995, 9), (3034, 1), (3039, 8), (3040, 1), (3043, 8), (3053, 1), (3129, 1), (3144, 1), (3168, 2), (3177, 2), (3186, 1), (3193, 10), (3200, 1), (3207, 1), (3209, 4), (3217, 2), (3221, 2), (3227, 3), (3234, 2), (3238, 9), (3243, 5), (3251, 1), (3265, 1), (3268, 1), (3270, 1), (3279, 3), (3302, 2), (3305, 2), (3318, 1), (3322, 1), (3339, 2), (3363, 1), (3367, 1), (3391, 2), (3393, 1), (3394, 3), (3428, 2), (3429, 2), (3432, 1), (3446, 1), (3448, 6), (3451, 1), (3460, 1), (3461, 2), (3464, 1), (3468, 2), (3500, 14), (3513, 1), (3529, 1), (3530, 8), (3539, 2), (3541, 2), (3542, 1), (3543, 2), (3545, 2), (3547, 2), (3552, 1), (3601, 4), (3607, 2), (3613, 1), (3621, 2), (3628, 3), (3644, 2), (3655, 1), (3659, 3), (3662, 1), (3685, 1), (3693, 6), (3695, 1), (3716, 2), (3719, 1), (3728, 1), (3730, 6), (3755, 16), (3766, 1), (3773, 8), (3780, 10), (3783, 1), (3790, 1), (3806, 28), (3821, 1), (3834, 3), (3837, 1), (3838, 1), (3852, 4), (3865, 4), (3867, 1), (3886, 1), (3888, 7), (3913, 1), (3922, 2), (3926, 1), (3956, 1), (3957, 1), (3965, 1), (3966, 6), (3967, 2), (3977, 1), (4001, 1), (4008, 4), (4023, 2), (4042, 1), (4045, 1), (4050, 1), (4051, 2), (4053, 2), (4059, 1), (4095, 1), (4102, 1), (4113, 37), (4122, 6), (4139, 45), (4147, 1), (4148, 1), (4163, 2), (4173, 1), (4183, 1), (4188, 2), (4190, 1), (4199, 1), (4208, 1), (4214, 1), (4229, 2), (4233, 1), (4234, 2), (4239, 1), (4240, 1), (4243, 2), (4250, 1), (4251, 1), (4274, 1), (4279, 1), (4284, 2), (4293, 1), (4306, 1), (4313, 2), (4326, 1), (4360, 3), (4383, 2), (4392, 1), (4446, 1), (4451, 10), (4463, 4), (4466, 1), (4474, 1), (4480, 10), (4494, 1), (4495, 1), (4500, 10), (4505, 1), (4514, 1), (4521, 1), (4522, 1), (4524, 1), (4551, 1), (4585, 1), (4586, 1), (4596, 3), (4604, 1), (4616, 3), (4617, 1), (4631, 1), (4643, 6), (4646, 1), (4660, 2), (4667, 2), (4669, 1), (4673, 3), (4715, 3), (4717, 1), (4720, 2), (4724, 2), (4741, 2), (4746, 2), (4759, 1), (4762, 1), (4775, 5), (4787, 1), (4788, 2), (4791, 3), (4796, 1), (4806, 3), (4824, 7), (4857, 1), (4864, 2), (4866, 2), (4867, 3), (4877, 1), (4878, 2), (4880, 3), (4884, 6), (4897, 1), (4899, 6), (4905, 2), (4911, 4), (4918, 4), (4940, 1), (4947, 1), (4962, 1), (4971, 1), (4976, 3), (4982, 1), (4988, 1), (4994, 16), (4995, 2)
moved (DF: 1): (397, 1)
movem (DF: 1): (1300, 1)
movement (DF: 15): (471, 1), (705, 2), (1187, 1), (2105, 1), (2235, 5), (2241, 1), (2334, 1), (2465, 1), (2809, 1), (3001, 2), (4211, 1), (4299, 20), (4585, 1), (4864, 1), (4941, 1)
mover (DF: 3): (3601, 2), (4051, 1), (4720, 1)
movert (DF: 3): (256, 3), (412, 2), (1213, 2)
movi (DF: 80): (179, 1), (215, 1), (220, 1), (223, 1), (274, 2), (343, 1), (704, 1), (807, 1), (896, 3), (910, 2), (1018, 2), (1032, 1), (1038, 2), (1067, 1), (1079, 1), (1117, 1), (1131, 3), (1164, 1), (1212, 1), (1319, 1), (1453, 3), (1461, 1), (1474, 3), (1490, 1), (1643, 1), (1798, 1), (1810, 2), (1813, 1), (1887, 1), (2008, 1), (2172, 3), (2290, 1), (2359, 2), (2455, 1), (2476, 1), (2482, 1), (2534, 1), (2541, 4), (2624, 1), (2693, 1), (2710, 1), (2791, 1), (2840, 1), (2866, 1), (2879, 1), (2897, 1), (2916, 2), (3140, 2), (3183, 1), (3203, 2), (3242, 1), (3322, 1), (3417, 1), (3498, 1), (3508, 1), (3597, 1), (3612, 1), (3628, 2), (3718, 1), (3762, 1), (3895, 1), (3897, 1), (3923, 1), (3937, 2), (4009, 2), (4019, 1), (4032, 1), (4127, 2), (4154, 1), (4156, 4), (4264, 1), (4294, 3), (4366, 2), (4454, 2), (4642, 1), (4654, 1), (4693, 1), (4727, 1), (4823, 4), (4995, 1)
moviendot (DF: 1): (1740, 3)
movimento (DF: 1): (1881, 2)
movimient (DF: 17): (14, 1), (328, 4), (417, 1), (476, 1), (707, 6), (1284, 1), (2034, 6), (2429, 1), (2814, 1), (3342, 3), (3586, 11), (3631, 1), (3757, 4), (3875, 1), (4209, 1), (4507, 1), (4550, 1)
movin (DF: 78): (2, 1), (20, 1), (89, 24), (103, 1), (181, 2), (212, 6), (237, 1), (622, 1), (658, 1), (773, 2), (788, 2), (794, 12), (944, 1), (952, 1), (1038, 4), (1045, 1), (1097, 6), (1136, 1), (1152, 1), (1263, 2), (1269, 2), (1315, 2), (1375, 16), (1477, 1), (1498, 3), (1556, 1), (1705, 1), (1728, 2), (1805, 4), (1816, 1), (1909, 1), (1924, 1), (1995, 1), (2000, 1), (2116, 1), (2240, 1), (2301, 1), (2390, 9), (2424, 2), (2440, 1), (2477, 1), (2541, 8), (2819, 2), (2865, 2), (3010, 1), (3052, 5), (3101, 4), (3185, 2), (3286, 1), (3547, 3), (3625, 2), (3628, 1), (3680, 2), (3773, 2), (3807, 8), (3837, 2), (4017, 6), (4128, 1), (4211, 1), (4263, 1), (4271, 1), (4280, 24), (4303, 1), (4310, 1), (4372, 1), (4404, 1), (4533, 1), (4601, 2), (4669, 1), (4680, 3), (4791, 1), (4837, 2), (4878, 1), (4889, 1), (4911, 4), (4933, 1), (4976, 1), (4982, 1)
mow (DF: 3): (1243, 1), (2048, 1), (2389, 1)
moz (DF: 1): (4479, 1)
mozalbet (DF: 2): (1563, 1), (4034, 4)
mozambiqu (DF: 2): (931, 1), (3784, 1)
mozart (DF: 1): (2389, 1)
mozhi (DF: 1): (3471, 9)
mozhigalukkum (DF: 1): (3471, 1)
mozhiy (DF: 1): (3471, 4)
mozhiya (DF: 1): (3471, 1)
mozhiyai (DF: 1): (3471, 1)
mozzi (DF: 2): (1849, 1), (3598, 1)
mozão (DF: 1): (4357, 1)
moço (DF: 1): (2839, 1)
moët (DF: 1): (2943, 1)
moñ (DF: 1): (3219, 12)
mp (DF: 1): (3249, 1)
mp3 (DF: 2): (2208, 1), (3789, 1)
mps (DF: 1): (938, 1)
mr (DF: 71): (24, 1), (75, 1), (282, 4), (337, 2), (369, 1), (579, 1), (628, 1), (681, 1), (694, 1), (753, 1), (910, 1), (924, 1), (1124, 1), (1169, 3), (1431, 1), (1436, 1), (1454, 1), (1461, 1), (1539, 9), (1552, 1), (1590, 2), (1635, 1), (1647, 1), (1712, 1), (1833, 1), (1873, 1), (1918, 1), (1943, 1), (1949, 1), (2298, 1), (2333, 1), (2347, 1), (2476, 1), (2607, 2), (2697, 1), (2708, 1), (2785, 1), (2820, 1), (2998, 4), (2999, 1), (3052, 1), (3075, 1), (3083, 2), (3084, 3), (3188, 2), (3238, 1), (3363, 1), (3405, 1), (3429, 1), (3487, 1), (3501, 10), (3581, 1), (3584, 2), (3635, 1), (3675, 1), (3782, 1), (3927, 1), (4012, 20), (4058, 14), (4222, 5), (4226, 1), (4249, 1), (4435, 1), (4468, 1), (4490, 1), (4491, 1), (4547, 1), (4629, 1), (4745, 1), (4934, 1), (4995, 2)
