twice (DF: 73): (38, 1), (40, 1), (89, 16), (190, 4), (319, 8), (401, 4), (537, 1), (570, 2), (590, 2), (916, 1), (1111, 1), (1124, 1), (1142, 2), (1168, 1), (1219, 1), (1282, 1), (1297, 1), (1385, 2), (1455, 1), (1497, 1), (1555, 1), (1566, 1), (1574, 2), (1594, 1), (1642, 1), (1643, 1), (1727, 1), (1899, 1), (1975, 1), (2039, 1), (2056, 1), (2171, 1), (2335, 2), (2422, 1), (2559, 1), (2677, 1), (2704, 1), (2738, 4), (2866, 3), (2969, 1), (2991, 2), (3039, 6), (3175, 1), (3278, 2), (3294, 1), (3312, 1), (3343, 2), (3408, 1), (3468, 2), (3581, 1), (3802, 1), (3939, 1), (3967, 2), (4113, 2), (4200, 1), (4256, 1), (4326, 2), (4392, 1), (4443, 1), (4456, 1), (4493, 1), (4503, 1), (4552, 3), (4557, 1), (4639, 6), (4776, 1), (4872, 1), (4982, 1), (4995, 2), (2288, 3), (2290, 1), (3023, 1), (3026, 1)
twiddl (DF: 1): (597, 1)
twig (DF: 3): (1378, 1), (1535, 1), (2737, 1)
twilight (DF: 7): (575, 2), (888, 2), (2609, 1), (3134, 3), (3605, 2), (4149, 1), (4764, 1)
twin (DF: 17): (192, 1), (464, 1), (643, 1), (1036, 1), (1226, 1), (1657, 5), (1739, 1), (1849, 1), (2540, 2), (3510, 1), (3571, 6), (3681, 12), (3790, 1), (4319, 1), (4367, 1), (4558, 24), (4571, 1)
twing (DF: 1): (3745, 3)
twink (DF: 1): (4551, 1)
twinkl (DF: 2): (3455, 1), (3914, 2)
twintig (DF: 1): (175, 2)
twirl (DF: 6): (337, 1), (818, 1), (2634, 1), (3059, 1), (3116, 1), (4455, 1)
twis (DF: 1): (3480, 1)
twist (DF: 76): (80, 8), (92, 1), (171, 1), (223, 1), (337, 1), (381, 1), (550, 3), (574, 1), (586, 1), (619, 3), (753, 1), (900, 4), (1060, 1), (1069, 1), (1299, 1), (1439, 1), (1515, 1), (1550, 4), (1552, 1), (1601, 1), (1666, 1), (1675, 1), (1701, 2), (1829, 1), (1874, 1), (1956, 1), (1976, 12), (2208, 1), (2332, 1), (2397, 1), (2413, 2), (2442, 1), (2507, 2), (2544, 2), (2636, 1), (2655, 8), (2767, 1), (2865, 1), (2866, 1), (2891, 1), (2992, 1), (3053, 1), (3180, 2), (3200, 1), (3267, 9), (3329, 1), (3331, 1), (3486, 1), (3601, 2), (3652, 1), (3700, 2), (3803, 1), (3821, 1), (3837, 1), (3946, 1), (4018, 1), (4051, 1), (4070, 3), (4123, 1), (4199, 2), (4293, 3), (4314, 4), (4316, 1), (4427, 1), (4463, 2), (4538, 2), (4612, 1), (4617, 2), (4690, 1), (4712, 2), (4720, 1), (4771, 2), (4785, 1), (4848, 1), (4906, 1), (4982, 1)
twista (DF: 2): (2865, 4), (3180, 3)
twister (DF: 3): (3059, 1), (3193, 4), (4027, 1)
twistin (DF: 3): (418, 1), (1490, 1), (3083, 1)
twitch (DF: 6): (204, 1), (1846, 1), (2052, 1), (2133, 4), (3045, 1), (3999, 1)
twitter (DF: 7): (634, 1), (1021, 1), (1313, 1), (1490, 1), (2083, 2), (2359, 2), (4814, 1)
twizzla (DF: 1): (246, 1)
twizzler (DF: 1): (2628, 2)
two (DF: 185): (13, 2), (47, 1), (52, 1), (68, 1), (78, 1), (88, 1), (92, 1), (152, 2), (155, 3), (176, 6), (181, 1), (197, 1), (223, 3), (239, 8), (264, 1), (292, 1), (296, 12), (304, 2), (306, 1), (343, 1), (352, 1), (367, 1), (374, 1), (387, 5), (389, 2), (409, 2), (429, 1), (449, 4), (464, 1), (470, 1), (471, 1), (485, 1), (490, 1), (491, 1), (510, 2), (527, 1), (535, 4), (538, 1), (541, 1), (556, 2), (563, 1), (571, 2), (574, 1), (587, 2), (605, 1), (616, 1), (617, 2), (641, 1), (642, 1), (661, 1), (669, 1), (689, 1), (691, 1), (708, 1), (737, 3), (745, 2), (800, 1), (802, 3), (823, 2), (826, 2), (831, 3), (841, 2), (862, 1), (866, 2), (870, 1), (886, 1), (896, 3), (909, 2), (925, 3), (958, 2), (964, 1), (976, 3), (980, 1), (994, 1), (1011, 2), (1044, 2), (1050, 1), (1067, 1), (1069, 1), (1087, 1), (1092, 7), (1097, 1), (1101, 10), (1124, 1), (1135, 2), (1157, 2), (1196, 1), (1203, 1), (1249, 1), (1256, 2), (1275, 6), (1282, 3), (1293, 1), (1298, 3), (1304, 2), (1326, 1), (1329, 1), (1332, 6), (1336, 2), (1342, 1), (1361, 1), (1371, 1), (1378, 2), (1385, 16), (1391, 3), (1393, 1), (1396, 1), (1401, 1), (1414, 2), (1427, 1), (1431, 1), (1448, 3), (1469, 1), (1488, 1), (1490, 1), (1511, 1), (1535, 7), (1549, 1), (1571, 1), (1580, 4), (1587, 2), (1593, 2), (1629, 1), (1674, 1), (1680, 1), (1694, 1), (1700, 2), (1716, 1), (1718, 1), (1722, 1), (1761, 1), (1763, 1), (1799, 1), (1822, 1), (1868, 2), (1873, 1), (1880, 1), (1882, 1), (1899, 1), (1904, 2), (1920, 10), (1949, 1), (1980, 1), (1989, 2), (1990, 1), (1998, 1), (2010, 1), (2014, 3), (2038, 1), (2056, 1), (2075, 1), (2091, 48), (2093, 2), (2110, 3), (2116, 1), (2143, 1), (2149, 2), (2154, 21), (2167, 1), (2177, 2), (2199, 1), (2218, 1), (2220, 4), (2225, 1), (2230, 1), (2240, 1), (2256, 1), (2261, 1), (2278, 1), (2286, 1), (2291, 1), (2292, 6), (2294, 1), (2301, 1), (2307, 6), (2315, 1), (2322, 1), (2329, 2), (2354, 8), (2355, 9), (2357, 1), (2377, 1), (2399, 1), (2409, 2), (2411, 1)
