bikta (DF: 1): (149, 1)
bil (DF: 3): (34, 1), (4295, 2), (4297, 1)
bilal (DF: 1): (3087, 1)
bilanc (DF: 1): (2567, 1)
bild (DF: 4): (151, 1), (1244, 1), (1758, 2), (3212, 1)
bilen (DF: 1): (2759, 1)
bilionária (DF: 1): (4016, 1)
bilirrubin (DF: 1): (1476, 2)
bill (DF: 63): (9, 1), (52, 1), (66, 1), (121, 1), (405, 1), (449, 2), (510, 1), (604, 4), (693, 1), (740, 1), (774, 1), (946, 2), (956, 4), (975, 1), (1029, 1), (1187, 2), (1223, 4), (1594, 1), (1613, 1), (1661, 1), (1792, 1), (1856, 1), (1872, 1), (1880, 2), (1896, 2), (2026, 1), (2032, 2), (2145, 1), (2167, 1), (2176, 1), (2181, 1), (2225, 1), (2231, 1), (2568, 1), (2646, 1), (2820, 1), (2936, 2), (2964, 1), (3085, 2), (3303, 21), (3393, 1), (3474, 1), (3498, 1), (3554, 1), (3558, 2), (3594, 1), (3597, 1), (3600, 1), (3821, 1), (4081, 1), (4121, 1), (4223, 1), (4308, 1), (4420, 1), (4476, 6), (4517, 1), (4569, 1), (4634, 1), (4668, 1), (4680, 1), (4931, 1), (4962, 1), (4995, 1)
billboard (DF: 18): (395, 1), (481, 1), (571, 1), (632, 1), (731, 1), (1063, 1), (1273, 1), (1300, 1), (1395, 1), (2243, 1), (2564, 1), (2645, 1), (2860, 1), (2972, 1), (3119, 1), (3420, 1), (3483, 2), (4416, 1)
billed (DF: 1): (1465, 1)
billet (DF: 16): (34, 1), (598, 1), (667, 1), (910, 1), (1677, 1), (2205, 1), (2843, 1), (3219, 4), (3591, 1), (4088, 4), (4143, 1), (4419, 1), (4440, 2), (4469, 2), (4515, 1), (4991, 1)
billi (DF: 23): (70, 1), (160, 1), (1174, 1), (1277, 14), (1561, 1), (1817, 1), (1883, 1), (1915, 1), (2001, 1), (2053, 1), (2112, 1), (2472, 1), (2516, 1), (3133, 1), (3184, 3), (3285, 2), (3931, 1), (4137, 1), (4519, 1), (4598, 1), (4718, 8), (4834, 1), (4875, 1)
billig (DF: 1): (2100, 4)
billion (DF: 20): (699, 1), (1074, 1), (1200, 1), (1277, 20), (1573, 2), (1607, 1), (1674, 2), (1739, 1), (2045, 1), (2664, 1), (2705, 1), (2754, 3), (2778, 1), (3232, 1), (3964, 2), (4293, 1), (4315, 1), (4319, 1), (4431, 8), (4941, 1)
billionair (DF: 3): (746, 1), (4127, 2), (4557, 1)
billo (DF: 2): (4421, 2), (4985, 1)
billow (DF: 1): (4836, 1)
billu (DF: 1): (4421, 1)
biltmor (DF: 1): (4941, 1)
bilzeri (DF: 1): (1631, 1)
bimb (DF: 1): (4587, 1)
bimbo (DF: 1): (4815, 2)
bimil (DF: 1): (32, 2)
bimmer (DF: 2): (1622, 2), (2269, 1)
bimmera (DF: 1): (2268, 1)
bin (DF: 4): (275, 1), (976, 4), (2817, 1), (2939, 1)
bind (DF: 2): (208, 3), (4427, 1)
bing (DF: 6): (591, 1), (1256, 3), (4121, 2), (4681, 1), (4831, 4), (4877, 1)
bingo (DF: 1): (1779, 1)
binnen (DF: 2): (175, 1), (3748, 1)
binnezz (DF: 1): (198, 1)
binocular (DF: 1): (3852, 4)
bio (DF: 1): (4941, 1)
biographi (DF: 4): (1805, 1), (2583, 1), (3181, 2), (4171, 3)
biolog (DF: 1): (1513, 1)
bionic (DF: 6): (371, 1), (2034, 6), (3018, 1), (3111, 1), (4081, 3), (4704, 9)
bior (DF: 2): (1825, 2), (1918, 1)
biotch (DF: 1): (1343, 3)
bip (DF: 3): (53, 2), (2805, 1), (4016, 2)
bipolar (DF: 4): (646, 1), (1540, 1), (2082, 1), (4367, 1)
bira (DF: 1): (3962, 5)
biraci (DF: 2): (804, 4), (3498, 1)
birch (DF: 2): (1172, 1), (2775, 1)
bird (DF: 82): (153, 2), (189, 2), (202, 1), (208, 3), (306, 1), (365, 1), (429, 1), (536, 2), (544, 1), (618, 2), (660, 1), (664, 1), (668, 1), (701, 1), (740, 1), (749, 1), (802, 1), (899, 1), (902, 1), (909, 1), (984, 1), (1034, 15), (1125, 1), (1202, 3), (1279, 1), (1319, 1), (1391, 3), (1488, 2), (1533, 1), (1656, 1), (1661, 2), (1739, 1), (1748, 1), (1773, 1), (1805, 1), (1837, 1), (1841, 1), (1858, 1), (1898, 1), (1995, 1), (2028, 1), (2044, 6), (2064, 3), (2076, 2), (2084, 1), (2247, 1), (2371, 1), (2411, 1), (2435, 1), (2735, 1), (2758, 10), (2786, 1), (2806, 2), (2911, 1), (2936, 1), (3142, 1), (3164, 1), (3220, 16), (3291, 1), (3371, 1), (3545, 2), (3634, 5), (3753, 2), (3790, 1), (3821, 1), (3841, 3), (4117, 7), (4127, 2), (4134, 1), (4194, 1), (4226, 1), (4293, 1), (4401, 1), (4429, 1), (4533, 2), (4727, 1), (4757, 3), (4779, 4), (4830, 1), (4871, 2), (4880, 1), (4918, 6)
birdi (DF: 2): (2490, 4), (2634, 1)
birdman (DF: 3): (1029, 3), (3507, 1), (4880, 2)
birdsong (DF: 2): (2538, 3), (2911, 5)
birkin (DF: 4): (2064, 1), (2256, 3), (4159, 1), (4506, 1)
birmingham (DF: 3): (666, 1), (1317, 1), (1873, 1)
birr (DF: 2): (3491, 1), (4992, 2)
birth (DF: 15): (74, 2), (200, 1), (441, 1), (696, 1), (939, 1), (993, 1), (1129, 2), (1504, 1), (2032, 1), (2332, 1), (2435, 1), (2451, 1), (2592, 1), (4326, 1), (4533, 1)
birthday (DF: 37): (179, 1), (339, 4), (391, 8), (449, 1), (535, 2), (647, 1), (812, 1), (975, 1), (1334, 2), (1359, 3), (1374, 2), (1639, 2), (1710, 10), (1779, 1), (1899, 1), (1933, 1), (2064, 1), (2142, 14), (2186, 1), (2222, 1), (2392, 2), (2419, 1), (2583, 1), (2802, 1), (2949, 1), (3128, 1), (3186, 1), (3444, 1), (3673, 1), (3794, 2), (3826, 20), (4019, 1), (4059, 1), (4293, 1), (4731, 1), (4752, 1), (4941, 1)
bis (DF: 1): (3213, 1)
bisbal (DF: 1): (632, 1)
biscayn (DF: 1): (2014, 3)
biscott (DF: 1): (540, 1)
biscotti (DF: 1): (2256, 1)
biscuit (DF: 8): (92, 1), (940, 1), (1739, 1), (2256, 1), (2771, 1), (3909, 1), (4322, 2), (4407, 1)
bish (DF: 1): (1972, 10)
bishop (DF: 9): (126, 1), (200, 1), (737, 1), (1249, 1), (2001, 1), (2049, 1), (2286, 1), (2596, 2), (4895, 1)
bismillah (DF: 2): (2770, 3), (4021, 3)
bismol (DF: 1): (3052, 1)
bisogn (DF: 2): (187, 1), (4873, 1)
bisola (DF: 1): (430, 1)
bison (DF: 1): (1196, 1)
bisqu (DF: 1): (553, 1)
biss (DF: 2): (4318, 1), (4816, 1)
bissch (DF: 1): (2463, 1)
bissl (DF: 1): (4816, 1)
bit (DF: 140): (15, 2), (109, 1), (113, 1), (153, 32), (195, 2), (236, 3), (306, 1), (377, 3), (388, 1), (472, 15), (563, 1), (586, 1), (591, 1), (691, 1), (753, 1), (900, 9), (948, 2), (1021, 1), (1091, 1), (1101, 1), (1120, 2), (1144, 1), (1157, 1), (1163, 6), (1214, 9), (1251, 1), (1267, 1), (1345, 1), (1392, 2), (1406, 1), (1429, 1), (1437, 1), (1516, 4), (1517, 1), (1553, 6), (1626, 2), (1657, 3), (1783, 2), (1820, 1), (1864, 1), (1884, 1), (1886, 5), (1903, 1), (1928, 1), (1997, 1), (2030, 1), (2040, 1), (2061, 2), (2064, 2), (2084, 1), (2117, 1), (2124, 2), (2153, 2), (2238, 1), (2272, 3), (2303, 1), (2324, 1), (2380, 1), (2391, 2), (2416, 1), (2427, 10), (2466, 4), (2490, 6), (2512, 2), (2531, 2), (2548, 2), (2557, 1), (2569, 1), (2594, 2), (2607, 1), (2636, 1), (2747, 1), (2780, 1), (2825, 1), (2901, 2), (2925, 2), (2927, 2), (3056, 1), (3059, 1), (3083, 1), (3102, 1), (3124, 4), (3178, 1), (3184, 1), (3196, 1), (3292, 2), (3301, 1), (3371, 1), (3383, 2), (3408, 1), (3441, 1), (3522, 1), (3524, 1), (3542, 2), (3606, 1), (3627, 13), (3639, 4), (3705, 27), (3736, 1), (3742, 12), (3756, 2), (3790, 1), (3809, 2), (3880, 1), (3909, 1), (3913, 1), (3923, 1), (3927, 1), (4023, 1), (4069, 1), (4077, 4), (4229, 2), (4251, 2), (4262, 1), (4278, 2), (4290, 2), (4298, 1), (4313, 1), (4317, 1), (4410, 2), (4468, 2), (4478, 1), (4494, 1), (4542, 1), (4583, 8), (4598, 1), (4629, 1), (4634, 1), (4686, 1), (4703, 1), (4783, 1), (4834, 1), (4844, 1), (4855, 4), (4874, 1), (4884, 2), (4897, 1), (4920, 1), (4955, 3), (4973, 35)
bitc (DF: 4): (63, 1), (1010, 1), (1987, 3), (4992, 7)
bitch (DF: 532): (15, 1), (47, 1), (51, 9), (55, 2), (66, 1), (69, 1), (70, 2), (72, 2), (81, 2), (92, 3), (110, 4), (124, 2), (138, 3), (155, 15), (159, 1), (168, 3), (175, 2), (179, 6), (181, 8), (183, 7), (197, 1), (204, 1), (210, 1), (221, 1), (222, 12), (292, 8), (322, 3), (324, 4), (339, 1), (343, 3), (350, 6), (357, 1), (363, 1), (365, 1), (388, 1), (407, 7), (418, 3), (429, 3), (434, 3), (440, 1), (441, 1), (446, 9), (469, 2), (471, 1), (511, 3), (525, 1), (528, 2), (536, 3), (556, 1), (558, 2), (562, 1), (579, 21), (586, 1), (595, 3), (606, 1), (616, 17), (618, 1), (641, 1), (646, 2), (658, 5), (660, 6), (661, 3), (673, 3), (675, 6), (676, 3), (681, 1), (684, 17), (689, 9), (696, 22), (702, 4), (710, 1), (711, 1), (731, 13), (740, 4), (777, 1), (804, 2), (808, 5), (823, 1), (824, 2), (825, 3), (829, 7), (841, 1), (852, 1), (862, 3), (868, 2), (892, 1), (893, 1), (909, 1), (913, 1), (915, 4), (920, 1), (925, 2), (928, 1), (946, 6), (952, 6), (966, 7), (980, 1), (993, 3), (1016, 6), (1028, 4), (1029, 5), (1031, 3), (1036, 9), (1038, 2), (1058, 3), (1059, 3), (1072, 10), (1084, 1), (1091, 6), (1092, 30), (1114, 1), (1122, 9), (1124, 1), (1132, 1), (1135, 3), (1136, 2), (1147, 1), (1174, 1), (1183, 5), (1196, 1), (1211, 1), (1216, 4), (1217, 2), (1218, 1), (1229, 1), (1253, 3), (1282, 1), (1304, 7), (1316, 2), (1319, 1), (1328, 1), (1334, 6), (1336, 2), (1343, 2), (1354, 17), (1361, 2), (1375, 16), (1378, 2), (1391, 33), (1410, 3), (1414, 5), (1425, 64), (1430, 3), (1432, 1), (1436, 2), (1471, 6), (1490, 2), (1491, 2), (1498, 12), (1505, 6), (1512, 2), (1515, 7), (1520, 1), (1531, 4), (1532, 2), (1547, 3), (1550, 8), (1556, 1), (1558, 1), (1566, 8), (1575, 2), (1587, 6), (1588, 3), (1594, 2), (1613, 1), (1623, 2), (1625, 16), (1632, 4), (1643, 6), (1648, 3), (1657, 5), (1669, 2), (1672, 2), (1674, 7), (1690, 1), (1704, 5), (1712, 4), (1718, 1), (1727, 1), (1728, 2), (1739, 12), (1748, 1), (1750, 2), (1760, 2), (1772, 15), (1773, 4), (1801, 26), (1829, 1), (1844, 1), (1849, 7), (1856, 2), (1864, 3), (1880, 1), (1891, 3), (1895, 1), (1896, 7), (1919, 1), (1979, 2), (2000, 4), (2004, 1), (2014, 36), (2028, 2), (2033, 1), (2038, 1), (2045, 9), (2052, 2), (2053, 6), (2058, 3), (2064, 11), (2083, 11), (2091, 16), (2100, 1), (2104, 1), (2110, 15), (2116, 5), (2133, 7), (2143, 1), (2145, 1), (2147, 1), (2160, 1), (2162, 3), (2164, 1), (2170, 4), (2177, 1), (2183, 1), (2198, 2), (2199, 2), (2208, 2), (2225, 1), (2230, 7), (2231, 5), (2242, 1), (2251, 4), (2254, 7), (2256, 6), (2269, 13), (2270, 1), (2276, 2), (2278, 5), (2283, 3), (2286, 3), (2319, 10), (2322, 3), (2333, 1), (2356, 5), (2359, 8), (2394, 1), (2397, 3), (2399, 1), (2405, 3), (2424, 20), (2440, 2), (2442, 1), (2445, 2), (2467, 8), (2471, 2), (2472, 9), (2477, 5), (2489, 3), (2493, 2), (2495, 1), (2520, 36), (2522, 4), (2527, 3), (2541, 4), (2545, 3), (2561, 5), (2562, 1), (2563, 10), (2565, 1), (2594, 3), (2607, 2), (2612, 4), (2616, 1), (2619, 5), (2624, 2), (2636, 3), (2637, 1), (2644, 8), (2646, 2), (2649, 1), (2650, 8), (2662, 1), (2666, 8), (2669, 5), (2676, 4), (2680, 1), (2705, 1), (2706, 1), (2708, 2), (2737, 2), (2739, 1), (2746, 2), (2747, 1), (2765, 2), (2771, 1), (2776, 3), (2778, 24), (2801, 4), (2819, 20), (2822, 1), (2840, 3), (2843, 2), (2850, 5), (2855, 1), (2872, 9), (2879, 1), (2880, 2), (2887, 2), (2895, 2), (2896, 1), (2939, 2), (2985, 5), (3010, 9), (3037, 3), (3045, 1), (3064, 2), (3067, 2), (3075, 6), (3084, 3), (3100, 4), (3112, 1), (3127, 1), (3140, 1), (3144, 14), (3152, 1), (3169, 1), (3170, 3), (3174, 1), (3180, 2), (3184, 5), (3186, 2), (3213, 1), (3216, 3), (3232, 3), (3237, 2), (3248, 9), (3249, 3), (3253, 2), (3267, 1), (3268, 7), (3272, 4), (3278, 2), (3293, 2), (3298, 4), (3310, 16), (3335, 2), (3356, 1), (3368, 1), (3374, 1), (3408, 12), (3420, 1), (3424, 7), (3427, 11), (3428, 1), (3432, 2), (3439, 9), (3440, 12), (3451, 6), (3460, 1), (3480, 1), (3483, 3), (3484, 1), (3485, 6), (3498, 8), (3502, 5), (3507, 10), (3513, 1), (3515, 7), (3521, 4), (3529, 4), (3538, 8), (3543, 2), (3549, 3), (3562, 1), (3568, 1), (3570, 3), (3571, 1), (3581, 1), (3589, 6), (3594, 1), (3598, 2), (3606, 28), (3612, 5), (3624, 2), (3626, 11), (3628, 2), (3652, 2), (3681, 2), (3727, 5), (3741, 3), (3753, 1), (3769, 1), (3773, 4), (3781, 2), (3783, 3), (3789, 1), (3804, 2), (3807, 2), (3813, 2), (3815, 6), (3821, 1), (3822, 8), (3826, 2), (3830, 1), (3840, 2), (3843, 4), (3850, 3), (3854, 1), (3857, 5), (3867, 5), (3884, 8), (3900, 2), (3909, 1), (3913, 9), (3914, 1), (3923, 6), (3930, 3), (3963, 2), (3979, 3), (3991, 2), (3993, 3), (4019, 12), (4026, 2), (4032, 1), (4042, 4), (4045, 20), (4046, 4), (4059, 4), (4062, 8), (4072, 1), (4083, 1), (4091, 1), (4092, 3), (4107, 1), (4122, 5), (4127, 7), (4128, 11), (4150, 8), (4165, 5), (4170, 5), (4188, 2), (4192, 1), (4226, 19), (4244, 1), (4255, 1), (4261, 1), (4262, 2), (4278, 2), (4279, 1), (4282, 15), (4295, 1), (4297, 1), (4298, 1), (4303, 1), (4314, 4), (4327, 5), (4339, 25), (4341, 1), (4345, 6), (4364, 2), (4365, 1), (4367, 1), (4374, 3), (4381, 5), (4407, 1), (4410, 24), (4411, 5), (4420, 8), (4440, 3), (4452, 2), (4460, 1), (4478, 1), (4490, 2), (4493, 2), (4497, 6), (4503, 6), (4515, 2), (4523, 10), (4533, 6), (4552, 9), (4558, 4), (4559, 8), (4561, 5), (4585, 5), (4619, 13), (4620, 2), (4629, 5), (4641, 2), (4645, 4), (4655, 2), (4661, 4), (4669, 12), (4681, 2), (4684, 7), (4700, 8), (4707, 2), (4723, 1), (4736, 7), (4754, 1), (4762, 1), (4766, 8), (4767, 2), (4770, 1), (4784, 12), (4811, 7), (4818, 64), (4827, 5), (4831, 3), (4833, 6), (4834, 3), (4837, 1), (4849, 1), (4866, 2), (4874, 1), (4880, 5), (4887, 1), (4895, 5), (4897, 1), (4905, 5), (4914, 8), (4918, 1), (4931, 1), (4933, 4), (4941, 6), (4944, 1), (4956, 22), (4966, 2), (4971, 2), (4972, 3), (4982, 1), (4989, 1)
bitchin (DF: 7): (181, 1), (2142, 1), (2679, 1), (2880, 1), (3677, 1), (4875, 1), (4940, 1)
bite (DF: 70): (100, 1), (104, 3), (228, 1), (235, 1), (338, 2), (350, 1), (442, 3), (603, 2), (616, 1), (634, 1), (719, 2), (757, 1), (925, 1), (939, 1), (941, 1), (975, 1), (993, 1), (1106, 1), (1114, 1), (1128, 2), (1202, 1), (1564, 1), (1661, 1), (1820, 2), (1857, 1), (2084, 1), (2093, 2), (2096, 1), (2117, 1), (2210, 1), (2217, 3), (2311, 1), (2415, 1), (2626, 2), (2677, 1), (2701, 1), (2716, 1), (2780, 2), (2950, 2), (3077, 1), (3142, 1), (3157, 6), (3173, 1), (3183, 2), (3248, 1), (3287, 2), (3315, 1), (3327, 2), (3408, 1), (3483, 1), (3923, 1), (3951, 1), (4055, 6), (4078, 1), (4115, 2), (4120, 2), (4122, 1), (4245, 1), (4486, 1), (4489, 6), (4508, 1), (4575, 1), (4593, 1), (4693, 1), (4695, 1), (4707, 2), (4731, 1), (4784, 3), (4967, 1), (4987, 2)
biter (DF: 1): (783, 3)
bithc (DF: 1): (1896, 1)
bitin (DF: 7): (672, 1), (2333, 1), (2991, 1), (3811, 1), (4091, 5), (4098, 2), (4766, 1)
bitt (DF: 10): (397, 1), (681, 2), (1736, 4), (1845, 1), (3381, 1), (3409, 1), (3480, 1), (3570, 2), (3849, 2), (4425, 1)
bitter (DF: 28): (133, 1), (300, 1), (310, 1), (428, 3), (576, 2), (1021, 1), (1205, 1), (1383, 1), (1663, 1), (1804, 1), (1861, 1), (1880, 1), (2060, 4), (2333, 1), (2373, 1), (2454, 3), (2754, 12), (2866, 1), (3053, 1), (3871, 1), (3931, 1), (4015, 1), (4073, 1), (4230, 1), (4427, 1), (4538, 1), (4745, 1), (4746, 1)
bittersweet (DF: 4): (2879, 2), (3535, 8), (3633, 1), (4201, 6)
