ausent (DF: 1): (4382, 1)
ausgang (DF: 1): (246, 1)
ausgeb (DF: 1): (3123, 1)
ausgebildet (DF: 1): (3962, 1)
ausgeharrt (DF: 1): (3212, 1)
ausgereist (DF: 1): (1244, 1)
ausle (DF: 1): (3462, 1)
ausm (DF: 2): (3437, 1), (4816, 1)
ausnahmezustand (DF: 1): (2729, 2)
ausnehm (DF: 1): (1583, 1)
ausreich (DF: 1): (4004, 1)
auss (DF: 11): (484, 1), (540, 1), (598, 1), (676, 1), (1244, 1), (1715, 1), (2535, 2), (2637, 1), (3048, 1), (4198, 2), (4876, 4)
aussag (DF: 1): (3108, 1)
ausserkontroll (DF: 2): (3381, 1), (3462, 3)
aussieht (DF: 1): (4989, 1)
ausspah (DF: 1): (3462, 1)
auster (DF: 1): (1677, 1)
austin (DF: 5): (636, 1), (1739, 1), (2219, 1), (2692, 3), (4469, 6)
aut (DF: 2): (4288, 3), (4344, 3)
autent (DF: 2): (2316, 1), (4288, 7)
auteur (DF: 1): (676, 1)
authentic (DF: 2): (3437, 1), (4004, 1)
author (DF: 6): (101, 1), (1575, 1), (1760, 1), (1926, 1), (2411, 1), (2677, 1)
auto (DF: 9): (246, 1), (1164, 1), (1343, 1), (1440, 1), (2329, 1), (2583, 1), (3252, 1), (3521, 1), (4708, 1)
autobahn (DF: 1): (2100, 1)
autobomb (DF: 1): (2050, 1)
autobus (DF: 1): (3898, 5)
autodenomin (DF: 1): (3981, 1)
autofen (DF: 1): (198, 1)
autograf (DF: 1): (1401, 1)
autograph (DF: 7): (123, 1), (1031, 1), (2797, 3), (3521, 1), (4699, 2), (4941, 1), (4972, 1)
automat (DF: 23): (200, 1), (281, 3), (434, 1), (855, 18), (1193, 1), (2004, 4), (2198, 1), (2264, 4), (2467, 2), (2563, 1), (2669, 1), (2687, 1), (3248, 16), (3437, 1), (3817, 1), (4129, 1), (4165, 1), (4240, 2), (4359, 1), (4381, 3), (4552, 3), (4702, 1), (4709, 1)
automobil (DF: 4): (802, 1), (4359, 1), (4654, 1), (4953, 2)
automolov (DF: 1): (4953, 1)
autonomi (DF: 1): (4266, 2)
autop (DF: 1): (4939, 1)
autopilot (DF: 2): (2218, 1), (3937, 2)
autor (DF: 3): (345, 2), (2150, 1), (2498, 1)
autos (DF: 2): (1238, 1), (1736, 1)
autotun (DF: 2): (1374, 2), (4124, 1)
autour (DF: 1): (4198, 5)
autr (DF: 9): (349, 2), (1089, 7), (3213, 12), (3660, 1), (3909, 1), (4198, 3), (4308, 2), (4614, 2), (4675, 1)
autumn (DF: 7): (1332, 1), (1732, 1), (1808, 2), (3152, 1), (3220, 1), (3798, 3), (4618, 1)
auwt (DF: 1): (3864, 2)
auxxk (DF: 1): (3565, 1)
ava (DF: 2): (1976, 1), (4973, 1)
avai (DF: 2): (3660, 1), (3748, 1)
avail (DF: 3): (3052, 1), (4789, 1), (4905, 1)
aval (DF: 1): (598, 1)
avalanch (DF: 4): (312, 1), (3026, 1), (4614, 1), (4731, 1)
avanc (DF: 3): (345, 2), (598, 1), (2898, 5)
avancent (DF: 1): (598, 1)
avant (DF: 4): (540, 1), (2425, 1), (2797, 1), (3213, 3)
avanti (DF: 1): (4387, 12)
avanz (DF: 6): (143, 1), (2243, 1), (2792, 1), (3028, 1), (4780, 1), (4939, 1)
avatar (DF: 1): (3439, 1)
ave (DF: 9): (352, 1), (365, 1), (541, 1), (715, 1), (876, 2), (966, 3), (1076, 1), (4481, 1), (4552, 1)
avec (DF: 2): (2602, 1), (4356, 2)
aven (DF: 1): (44, 1)
aveng (DF: 5): (158, 1), (2042, 1), (3194, 1), (4641, 1), (4974, 3)
avenir (DF: 1): (3660, 2)
aventador (DF: 2): (524, 1), (2256, 4)
aventur (DF: 11): (649, 1), (885, 1), (1379, 3), (1966, 1), (3504, 3), (4011, 4), (4186, 8), (4189, 1), (4236, 4), (4702, 3), (4804, 3)
aventurar (DF: 1): (2242, 1)
avenu (DF: 13): (195, 4), (898, 1), (1581, 1), (2109, 1), (2115, 1), (2216, 1), (2391, 4), (2757, 1), (3482, 1), (4684, 3), (4875, 1), (4880, 1), (4982, 1)
aver (DF: 2): (2059, 3), (4086, 12)
averag (DF: 12): (805, 1), (988, 1), (1594, 1), (1625, 1), (1672, 1), (1820, 1), (2389, 2), (2405, 1), (2561, 1), (3234, 2), (3882, 2), (4844, 1)
avergonz (DF: 1): (813, 5)
averigu (DF: 2): (1411, 1), (3092, 1)
averl (DF: 1): (1848, 1)
avert (DF: 3): (1344, 1), (2415, 1), (4715, 1)
aviador (DF: 2): (276, 1), (3351, 1)
aviann (DF: 2): (3144, 1), (4552, 1)
avicii (DF: 10): (585, 1), (1056, 1), (1973, 1), (2005, 2), (2044, 1), (2641, 2), (2928, 1), (3046, 5), (3770, 3), (3848, 1)
aviento (DF: 1): (4267, 4)
avil (DF: 1): (628, 1)
avila (DF: 1): (2460, 1)
avion (DF: 10): (399, 1), (1022, 1), (1277, 1), (1524, 1), (2898, 5), (2967, 1), (3080, 1), (4614, 1), (4852, 1), (4912, 1)
avis (DF: 14): (366, 2), (711, 1), (2033, 1), (2043, 1), (2354, 1), (3211, 5), (3226, 6), (3269, 1), (3434, 2), (3489, 2), (3590, 2), (4081, 1), (4186, 6), (4702, 2)
avisal (DF: 1): (1682, 6)
avoid (DF: 12): (369, 1), (663, 2), (1513, 1), (2740, 1), (2943, 1), (3119, 1), (3712, 1), (3935, 1), (3971, 9), (4199, 1), (4715, 1), (4740, 1)
avoir (DF: 1): (30, 1)
avril (DF: 1): (1822, 2)
avventur (DF: 1): (1818, 1)
avvicin (DF: 2): (3295, 4), (4086, 1)
avvis (DF: 2): (2567, 1), (4873, 1)
