iyo (DF: 1): (4815, 1)
iyong (DF: 3): (0, 4), (3150, 4), (4563, 1)
iz (DF: 2): (4318, 1), (4942, 1)
iza (DF: 2): (3305, 5), (3364, 1)
izakaya (DF: 1): (1077, 2)
izecold (DF: 1): (2179, 1)
izi (DF: 1): (187, 1)
izm (DF: 3): (490, 1), (964, 23), (1790, 1)
iztapalap (DF: 3): (934, 1), (1395, 1), (3070, 2)
izz (DF: 2): (1124, 3), (3581, 3)
izzi (DF: 2): (2037, 1), (2593, 1)
j (DF: 106): (9, 1), (197, 1), (227, 1), (278, 2), (328, 3), (345, 2), (412, 5), (440, 1), (633, 1), (660, 1), (734, 1), (808, 1), (897, 3), (922, 1), (924, 3), (946, 2), (996, 1), (1084, 1), (1092, 1), (1122, 2), (1171, 1), (1188, 1), (1284, 3), (1370, 1), (1532, 2), (1559, 1), (1682, 4), (1688, 2), (1778, 3), (1891, 3), (1913, 2), (1949, 9), (1972, 1), (2026, 1), (2027, 3), (2083, 1), (2110, 3), (2152, 2), (2205, 1), (2210, 1), (2223, 1), (2228, 1), (2255, 1), (2260, 1), (2342, 3), (2545, 1), (2557, 1), (2561, 1), (2588, 1), (2656, 2), (2856, 1), (2927, 1), (2936, 2), (3037, 1), (3052, 1), (3059, 8), (3071, 4), (3077, 1), (3152, 1), (3170, 1), (3322, 1), (3335, 1), (3342, 2), (3362, 1), (3387, 1), (3453, 1), (3513, 3), (3515, 1), (3555, 3), (3660, 3), (3707, 1), (3748, 1), (3816, 3), (3923, 1), (3972, 1), (3985, 1), (4152, 3), (4182, 1), (4188, 6), (4250, 4), (4257, 7), (4285, 9), (4313, 1), (4381, 1), (4421, 5), (4434, 3), (4518, 2), (4572, 1), (4574, 1), (4643, 1), (4663, 1), (4668, 1), (4675, 2), (4693, 1), (4702, 2), (4723, 3), (4770, 34), (4789, 1), (4855, 1), (4863, 1), (4889, 1), (4914, 10), (4931, 1), (30, 7), (31, 1), (1916, 1)
ja (DF: 83): (12, 8), (43, 4), (198, 1), (229, 3), (250, 1), (437, 2), (444, 1), (483, 2), (493, 3), (667, 1), (740, 1), (778, 1), (812, 6), (996, 1), (1005, 1), (1177, 2), (1238, 1), (1244, 1), (1432, 7), (1465, 12), (1497, 1), (1631, 2), (1654, 2), (1655, 1), (1715, 1), (1736, 5), (1834, 1), (1845, 1), (1890, 84), (1918, 10), (2018, 1), (2050, 2), (2092, 1), (2108, 2), (2152, 2), (2260, 1), (2286, 2), (2306, 1), (2351, 1), (2383, 6), (2463, 1), (2496, 1), (2637, 2), (2792, 1), (2881, 3), (2951, 1), (3048, 1), (3067, 5), (3108, 4), (3294, 1), (3527, 2), (3570, 23), (3591, 13), (3744, 10), (3864, 2), (3932, 2), (3941, 1), (3962, 3), (4004, 2), (4124, 1), (4192, 4), (4227, 42), (4256, 2), (4295, 11), (4311, 8), (4387, 5), (4405, 1), (4469, 2), (4650, 6), (4665, 12), (4686, 2), (4709, 1), (4714, 2), (4849, 6), (4852, 1), (4859, 2), (4876, 15), (4879, 1), (4897, 4), (4914, 10), (4989, 3), (4998, 2), (3590, 2)
jaa (DF: 3): (1218, 1), (1834, 1), (3067, 1)
jaaaa (DF: 1): (2078, 1)
jaan (DF: 2): (2268, 1), (4421, 1)
jaana (DF: 1): (1834, 1)
jaani (DF: 1): (4985, 2)
jaava (DF: 1): (2268, 2)
jab (DF: 7): (81, 1), (324, 1), (642, 1), (1091, 3), (1773, 1), (2747, 1), (2884, 1)
jaba (DF: 2): (32, 1), (3690, 2)
jabajulla (DF: 1): (3690, 2)
jabar (DF: 1): (2706, 1)
jabari (DF: 1): (2482, 1)
jabbar (DF: 1): (4127, 1)
jaborn (DF: 1): (1885, 2)
jac (DF: 1): (1894, 1)
jack (DF: 151): (2, 2), (13, 1), (58, 2), (113, 1), (121, 3), (128, 2), (130, 1), (172, 3), (175, 1), (194, 2), (207, 2), (237, 1), (255, 2), (257, 2), (298, 2), (327, 1), (348, 2), (379, 1), (387, 2), (406, 1), (410, 2), (449, 2), (454, 1), (485, 2), (525, 2), (527, 2), (530, 1), (536, 3), (540, 2), (547, 2), (563, 2), (566, 1), (579, 1), (583, 2), (595, 1), (613, 1), (622, 2), (646, 1), (647, 2), (669, 2), (736, 1), (742, 1), (753, 2), (781, 2), (786, 1), (803, 2), (821, 2), (841, 1), (852, 1), (859, 2), (914, 2), (926, 2), (948, 2), (956, 1), (973, 2), (983, 2), (997, 1), (1044, 2), (1070, 2), (1094, 1), (1098, 1), (1111, 2), (1120, 2), (1188, 2), (1212, 2), (1223, 1), (1238, 1), (1245, 2), (1269, 2), (1297, 1), (1301, 2), (1314, 1), (1323, 1), (1326, 2), (1342, 1), (1355, 2), (1403, 2), (1405, 2), (1409, 1), (1423, 2), (1438, 1), (1455, 1), (1475, 1), (1493, 2), (1499, 2), (1513, 2), (1520, 2), (1522, 2), (1534, 1), (1551, 2), (1595, 1), (1604, 2), (1615, 2), (1641, 2), (1705, 2), (1721, 1), (1733, 2), (1757, 2), (1809, 3), (1820, 1), (1838, 2), (1840, 2), (1860, 1), (1885, 1), (1893, 2), (1916, 2), (1949, 1), (2002, 1), (2010, 1), (2011, 2), (2018, 1), (2048, 1), (2055, 2), (2080, 2), (2147, 8), (2161, 1), (2171, 2), (2178, 3), (2191, 1), (2194, 1), (2225, 1), (2232, 2), (2264, 1), (2278, 2), (2286, 2), (2304, 1), (2340, 1), (2361, 2), (2388, 1), (2393, 2), (2399, 1), (2416, 1), (2433, 1), (2509, 2), (2512, 2), (2519, 2), (2523, 1), (2557, 2), (2566, 3), (2586, 1), (2588, 2), (2632, 1), (2692, 2), (2694, 2), (2704, 2), (2719, 3), (2734, 2), (2756, 2), (2779, 2), (2790, 2), (2804, 1)
