peck (DF: 3): (490, 1), (1111, 2), (2039, 1)
peculiar (DF: 1): (4131, 2)
ped (DF: 21): (178, 1), (417, 1), (444, 1), (460, 5), (540, 1), (580, 1), (1051, 2), (1481, 6), (1803, 1), (2098, 3), (2336, 1), (2529, 2), (2606, 2), (2645, 5), (2948, 2), (3070, 2), (3418, 2), (3434, 1), (4009, 1), (4032, 6), (4852, 1)
pedacit (DF: 1): (28, 1)
pedal (DF: 16): (417, 1), (802, 1), (877, 3), (952, 1), (1344, 1), (1718, 1), (1743, 1), (1837, 1), (2057, 1), (2270, 3), (3127, 1), (3133, 1), (3462, 1), (3483, 9), (4044, 3), (4825, 1)
pedalin (DF: 1): (4372, 1)
pedaz (DF: 4): (276, 1), (1264, 1), (3351, 1), (4246, 1)
pedazo (DF: 2): (3513, 1), (4188, 2)
peddl (DF: 2): (420, 1), (1196, 1)
peddler (DF: 1): (3238, 1)
pede (DF: 3): (213, 1), (3838, 1), (4357, 2)
pedest (DF: 3): (1651, 1), (2677, 1), (4294, 3)
pedestrian (DF: 2): (1122, 1), (1625, 1)
pedi (DF: 1): (1095, 1)
pedialyt (DF: 1): (616, 1)
pedicur (DF: 2): (948, 2), (1550, 4)
pedim (DF: 1): (628, 1)
pedir (DF: 2): (1659, 1), (3146, 1)
pediu (DF: 1): (2651, 2)
pedo (DF: 3): (988, 1), (2735, 1), (3479, 1)
pedophil (DF: 1): (2472, 1)
pedophilin (DF: 1): (2057, 1)
pedr (DF: 1): (4347, 2)
pedro (DF: 1): (2308, 1)
pee (DF: 8): (52, 1), (72, 1), (536, 6), (862, 2), (2192, 1), (2286, 1), (3026, 1), (3232, 1)
peed (DF: 1): (1558, 1)
peek (DF: 7): (149, 1), (711, 1), (1084, 1), (2192, 1), (3237, 2), (4148, 2), (4887, 1)
peekin (DF: 1): (3272, 1)
peel (DF: 16): (248, 2), (337, 9), (360, 1), (418, 1), (546, 1), (731, 1), (841, 8), (2303, 1), (2459, 4), (2664, 1), (2895, 1), (3018, 1), (3420, 1), (4570, 1), (4673, 15), (4897, 1)
peeler (DF: 2): (2147, 1), (3781, 1)
peelin (DF: 2): (337, 1), (4575, 1)
peep (DF: 37): (33, 2), (69, 1), (446, 1), (603, 4), (738, 1), (789, 5), (946, 2), (1011, 1), (1114, 1), (1187, 1), (1579, 5), (1672, 1), (1731, 1), (1784, 1), (2076, 1), (2160, 2), (2594, 1), (2628, 2), (2692, 1), (2795, 1), (3010, 1), (3019, 1), (3084, 3), (3127, 1), (3140, 2), (3147, 1), (3300, 1), (3483, 1), (3486, 2), (3597, 1), (3726, 1), (4165, 1), (4303, 1), (4366, 2), (4547, 1), (4937, 1), (4971, 1)
peephol (DF: 1): (181, 1)
peepin (DF: 8): (753, 1), (1564, 1), (1949, 1), (2562, 1), (2964, 1), (3238, 1), (3432, 1), (4585, 1)
peer (DF: 7): (1801, 1), (2561, 1), (2596, 1), (2723, 1), (2906, 1), (4094, 1), (4368, 1)
peest (DF: 1): (149, 1)
peg (DF: 43): (10, 2), (28, 23), (216, 1), (284, 2), (347, 1), (567, 6), (858, 2), (996, 1), (1033, 1), (1079, 1), (1300, 2), (1563, 1), (1677, 2), (1788, 1), (1803, 2), (2033, 1), (2399, 3), (2429, 1), (2487, 2), (2601, 1), (2662, 1), (2814, 1), (3226, 1), (3358, 6), (3421, 1), (3590, 1), (3609, 12), (4081, 1), (4189, 1), (4207, 1), (4219, 11), (4285, 1), (4289, 9), (4448, 1), (4479, 3), (4515, 1), (4560, 2), (4633, 4), (4790, 1), (4799, 1), (4912, 1), (4916, 8), (4288, 3)
pega (DF: 8): (44, 43), (283, 6), (1072, 1), (1296, 1), (2429, 1), (3353, 1), (3590, 1), (3816, 6)
pegada (DF: 3): (3364, 2), (3513, 1), (4188, 2)
pegadit (DF: 3): (1039, 1), (2805, 1), (3070, 2)
pegait (DF: 2): (1584, 5), (2938, 1)
pegam (DF: 2): (44, 1), (1519, 2)
pegamel (DF: 1): (3816, 6)
pegament (DF: 1): (4347, 1)
pegar (DF: 2): (1183, 1), (3215, 1)
pegart (DF: 1): (3916, 3)
pegat (DF: 4): (412, 8), (567, 39), (577, 1), (2429, 4)
pegboard (DF: 4): (2040, 1), (2508, 1), (3751, 1), (4215, 1)
pegg (DF: 2): (1850, 1), (4992, 2)
pegou (DF: 1): (3364, 1)
pegu (DF: 1): (4214, 1)
pehl (DF: 2): (1834, 3), (4686, 2)
pei (DF: 1): (3507, 1)
peic (DF: 1): (1949, 1)
pein (DF: 4): (34, 1), (53, 1), (3909, 1), (4034, 1)
peita (DF: 1): (3353, 1)
peitar (DF: 1): (1278, 1)
peito (DF: 3): (1659, 1), (3305, 2), (4357, 1)
peitsch (DF: 1): (3437, 1)
peix (DF: 1): (1072, 2)
pel (DF: 43): (9, 1), (46, 2), (87, 1), (117, 2), (707, 1), (851, 8), (1039, 3), (1061, 3), (1109, 1), (1241, 1), (1307, 6), (1461, 1), (1631, 1), (1668, 2), (1788, 1), (1967, 2), (2088, 1), (2585, 2), (2828, 1), (3078, 1), (3313, 2), (3342, 6), (3358, 1), (3403, 2), (3586, 2), (3609, 2), (3876, 1), (3890, 1), (3903, 1), (3920, 1), (4081, 4), (4189, 1), (4246, 1), (4285, 6), (4344, 3), (4448, 2), (4479, 1), (4568, 1), (4666, 1), (4671, 2), (4780, 1), (4799, 5), (4886, 2)
pela (DF: 1): (2711, 1)
pelagat (DF: 1): (4210, 1)
pelal (DF: 1): (3313, 1)
pele (DF: 10): (276, 1), (284, 2), (539, 1), (1141, 1), (1453, 1), (2020, 1), (3071, 2), (3351, 1), (4143, 1), (4356, 2)
peleam (DF: 2): (2782, 1), (2814, 1)
