weak (DF: 34): (2831, 6), (3019, 1), (3175, 4), (3194, 3), (3216, 1), (3310, 1), (3331, 2), (3339, 2), (3425, 2), (3584, 2), (3612, 1), (3655, 1), (3702, 3), (3754, 1), (3937, 2), (3968, 1), (3977, 1), (3999, 1), (4127, 1), (4192, 1), (4243, 1), (4353, 1), (4374, 1), (4383, 5), (4427, 1), (4453, 1), (4476, 1), (4620, 1), (4764, 1), (4834, 3), (4877, 1), (3701, 1), (4172, 2), (4173, 1)
weaken (DF: 2): (1643, 1), (3177, 2)
weaker (DF: 4): (1205, 1), (2462, 1), (3461, 5), (4667, 1)
wealth (DF: 17): (369, 4), (548, 1), (650, 2), (753, 1), (1009, 1), (1012, 1), (1728, 2), (1885, 2), (2160, 2), (2256, 1), (2521, 4), (2676, 1), (2895, 1), (3194, 3), (3374, 1), (3923, 1), (4023, 1)
wealthi (DF: 2): (1110, 1), (1375, 8)
wean (DF: 1): (332, 1)
weapon (DF: 34): (81, 1), (408, 1), (472, 1), (581, 1), (601, 2), (951, 7), (1205, 1), (1211, 1), (1214, 3), (1410, 1), (1471, 1), (1531, 1), (1741, 1), (1775, 1), (1836, 1), (1856, 1), (1909, 1), (2192, 1), (2506, 1), (3019, 1), (3138, 1), (3172, 1), (3216, 1), (3565, 1), (3754, 1), (3886, 1), (4048, 3), (4087, 1), (4355, 1), (4377, 1), (4522, 1), (4547, 1), (4620, 1), (4669, 1)
weaponri (DF: 1): (2607, 1)
wear (DF: 151): (27, 1), (74, 2), (85, 1), (97, 1), (128, 1), (132, 1), (137, 12), (155, 3), (179, 1), (183, 1), (224, 9), (286, 3), (290, 1), (343, 1), (352, 1), (405, 2), (449, 1), (456, 1), (474, 2), (541, 1), (546, 1), (570, 1), (575, 4), (636, 1), (660, 1), (694, 1), (698, 2), (699, 1), (703, 1), (731, 1), (737, 1), (798, 1), (808, 1), (833, 1), (919, 1), (924, 1), (956, 2), (965, 6), (1058, 1), (1171, 1), (1217, 2), (1253, 2), (1294, 1), (1299, 1), (1312, 1), (1359, 3), (1375, 8), (1388, 2), (1420, 1), (1438, 1), (1480, 1), (1503, 9), (1552, 1), (1603, 1), (1618, 1), (1650, 2), (1700, 1), (1828, 1), (1852, 1), (1940, 2), (1959, 1), (1968, 12), (2038, 3), (2116, 2), (2131, 1), (2169, 2), (2269, 1), (2355, 3), (2359, 2), (2397, 1), (2399, 1), (2482, 1), (2497, 1), (2522, 2), (2565, 1), (2658, 1), (2676, 1), (2726, 1), (2737, 1), (2747, 1), (2832, 1), (2847, 2), (2856, 1), (2899, 1), (2939, 2), (3001, 1), (3013, 4), (3026, 1), (3037, 1), (3039, 2), (3068, 1), (3129, 2), (3161, 1), (3170, 1), (3204, 2), (3221, 1), (3240, 4), (3329, 2), (3371, 5), (3374, 1), (3410, 1), (3454, 1), (3486, 1), (3515, 1), (3546, 1), (3557, 2), (3595, 1), (3598, 2), (3654, 1), (3661, 1), (3694, 1), (3726, 1), (3730, 6), (3801, 3), (3806, 2), (3813, 1), (3854, 1), (3886, 1), (3905, 1), (4045, 1), (4112, 1), (4185, 3), (4237, 1), (4249, 1), (4252, 6), (4349, 2), (4389, 1), (4408, 2), (4442, 1), (4519, 1), (4524, 1), (4537, 1), (4547, 1), (4608, 1), (4647, 1), (4662, 1), (4688, 3), (4818, 1), (4819, 1), (4831, 1), (4834, 3), (4842, 2), (4866, 1), (4895, 1), (4907, 1), (4936, 4), (4940, 5), (4964, 1), (4990, 4), (527, 1), (528, 1)
weari (DF: 14): (150, 3), (1119, 3), (1585, 1), (1690, 1), (1808, 1), (1986, 1), (2075, 1), (2076, 1), (2981, 1), (3662, 4), (4111, 1), (4353, 1), (4368, 1), (4618, 1)
wearin (DF: 12): (1648, 1), (1777, 2), (2026, 1), (2269, 1), (2489, 1), (2523, 4), (2624, 1), (2730, 1), (2939, 1), (3095, 2), (3152, 3), (3427, 1)
weather (DF: 44): (245, 1), (453, 1), (562, 1), (612, 1), (814, 2), (975, 1), (1237, 1), (1344, 1), (1498, 3), (1564, 1), (1744, 6), (1836, 2), (1898, 4), (1910, 1), (2116, 1), (2126, 1), (2232, 1), (2286, 2), (2357, 1), (2409, 2), (2537, 1), (2804, 1), (2890, 1), (2927, 1), (2936, 1), (3112, 9), (3414, 4), (3520, 1), (3769, 1), (4183, 1), (4185, 1), (4412, 2), (4443, 1), (4524, 1), (4543, 1), (4649, 1), (4693, 1), (4764, 1), (4786, 1), (4871, 2), (4877, 1), (4901, 1), (4931, 1), (4967, 1)
weathermen (DF: 1): (2352, 1)
weav (DF: 8): (1532, 2), (2084, 1), (2269, 1), (2511, 2), (3886, 6), (4027, 3), (4455, 1), (4731, 1)
web (DF: 7): (540, 1), (1646, 1), (1666, 6), (1922, 1), (2310, 1), (3433, 2), (4508, 3)
webber (DF: 1): (4326, 1)
webcam (DF: 1): (3555, 3)
webster (DF: 1): (686, 1)
wechselt (DF: 1): (3570, 1)
weck (DF: 2): (1771, 3), (4004, 1)
wed (DF: 23): (228, 1), (556, 1), (566, 6), (808, 1), (1456, 3), (1697, 2), (1737, 1), (1758, 2), (1880, 1), (2025, 1), (2083, 2), (2146, 2), (2697, 3), (2730, 1), (2910, 1), (2999, 3), (3095, 2), (3285, 5), (3310, 1), (3381, 2), (4604, 1), (4684, 1), (4849, 1)
weddin (DF: 2): (1926, 1), (2294, 1)
wedg (DF: 1): (4615, 1)
wednesday (DF: 15): (233, 1), (239, 1), (870, 6), (1349, 1), (1490, 1), (1516, 16), (1684, 1), (1933, 1), (2014, 3), (2949, 1), (3024, 1), (3774, 1), (3843, 1), (4485, 1), (4987, 12)
wee (DF: 14): (16, 4), (89, 4), (372, 1), (536, 1), (565, 4), (698, 216), (862, 2), (973, 2), (1748, 1), (1809, 1), (1982, 29), (2286, 1), (2704, 1), (3420, 1)
