slowli (DF: 25): (3706, 2), (3810, 1), (3811, 1), (3929, 1), (3998, 1), (4031, 10), (4156, 2), (4254, 4), (4385, 1), (4438, 1), (4509, 3), (4538, 1), (4565, 1), (4626, 1), (4684, 1), (4773, 1), (4785, 2), (4794, 2), (4831, 6), (4863, 1), (4990, 4), (1980, 1), (1981, 1), (4368, 1), (4371, 1)
sls (DF: 1): (2050, 1)
slu (DF: 1): (4816, 1)
sludg (DF: 1): (3657, 1)
slug (DF: 13): (332, 1), (1253, 1), (1520, 1), (1922, 2), (2076, 1), (2771, 2), (3110, 1), (3300, 1), (3483, 1), (3598, 1), (3781, 1), (4739, 1), (4971, 1)
slugger (DF: 1): (2076, 1)
slum (DF: 8): (668, 1), (1136, 1), (1297, 1), (1455, 1), (1477, 1), (1656, 1), (3133, 1), (4844, 2)
slumber (DF: 3): (866, 2), (1330, 1), (4618, 1)
slumdog (DF: 1): (4149, 1)
slummin (DF: 1): (558, 1)
slump (DF: 7): (51, 3), (966, 4), (1143, 1), (1766, 2), (1774, 1), (1849, 1), (4282, 1)
slung (DF: 1): (25, 2)
slur (DF: 3): (494, 1), (2252, 2), (3335, 1)
slurp (DF: 3): (808, 1), (966, 1), (2174, 7)
slurper (DF: 1): (4297, 6)
slush (DF: 1): (3084, 3)
slushii (DF: 1): (357, 1)
slut (DF: 10): (660, 1), (702, 1), (1430, 1), (1926, 1), (2471, 2), (2527, 1), (3084, 3), (4561, 1), (4767, 1), (4944, 1)
sluta (DF: 1): (2152, 4)
slvr (DF: 1): (1723, 2)
slår (DF: 2): (3527, 4), (4425, 1)
smack (DF: 31): (13, 1), (89, 104), (317, 1), (443, 1), (535, 8), (581, 1), (689, 1), (925, 1), (948, 2), (1136, 1), (1157, 1), (1343, 1), (1361, 1), (1532, 2), (1564, 1), (1820, 1), (1949, 1), (2199, 1), (2278, 1), (2286, 1), (2557, 1), (2767, 1), (3018, 1), (3152, 1), (3904, 1), (4027, 2), (4165, 1), (4168, 6), (4313, 1), (4884, 2), (4895, 1)
smaddi (DF: 1): (2878, 1)
smahd (DF: 1): (4937, 1)
small (DF: 62): (247, 2), (262, 1), (326, 1), (488, 10), (574, 1), (581, 1), (619, 1), (731, 1), (772, 2), (785, 1), (834, 1), (932, 1), (993, 1), (1132, 2), (1144, 1), (1234, 2), (1258, 1), (1428, 1), (1468, 1), (1572, 1), (1600, 1), (1812, 1), (1849, 1), (1900, 2), (1912, 6), (2075, 1), (2143, 1), (2276, 1), (2381, 2), (2386, 4), (2447, 2), (2472, 2), (2482, 1), (2582, 2), (2672, 1), (2807, 1), (2808, 1), (2925, 1), (2940, 1), (3068, 2), (3129, 1), (3166, 1), (3203, 1), (3529, 3), (3625, 11), (3730, 1), (3941, 1), (3999, 1), (4042, 3), (4087, 1), (4141, 1), (4278, 1), (4323, 3), (4461, 1), (4490, 1), (4713, 3), (4757, 42), (4794, 1), (4831, 4), (4956, 1), (4995, 1), (1911, 1)
smaller (DF: 1): (2294, 1)
smallest (DF: 3): (40, 1), (208, 3), (4095, 1)
smallpool (DF: 2): (860, 1), (2685, 1)
smalltown (DF: 1): (3866, 1)
smallvill (DF: 1): (3436, 1)
smallz (DF: 2): (1896, 4), (4995, 2)
smart (DF: 26): (426, 1), (430, 1), (455, 1), (740, 2), (946, 2), (1011, 1), (1031, 1), (1136, 1), (1292, 1), (1845, 1), (1926, 1), (1952, 2), (1957, 2), (2143, 1), (2355, 6), (2526, 2), (2690, 1), (3350, 1), (3794, 3), (3821, 1), (3921, 2), (4059, 1), (4303, 1), (4425, 1), (4620, 1), (4972, 1)
smarter (DF: 6): (1060, 2), (1375, 8), (2169, 3), (3468, 2), (3967, 2), (4962, 1)
smartest (DF: 1): (1194, 2)
smartphon (DF: 1): (4088, 1)
smash (DF: 29): (210, 1), (285, 4), (350, 6), (669, 1), (675, 2), (1084, 1), (1174, 3), (1349, 3), (1391, 3), (1397, 1), (1436, 1), (1490, 3), (1625, 1), (1708, 1), (1712, 1), (1790, 1), (1856, 1), (2083, 3), (2500, 1), (2978, 1), (3121, 2), (3178, 1), (3487, 1), (3745, 1), (3826, 2), (3930, 1), (4165, 1), (4947, 1), (4956, 1)
smashin (DF: 3): (964, 1), (2523, 1), (4381, 1)
smear (DF: 3): (418, 1), (446, 1), (4133, 1)
smeekt (DF: 1): (3453, 1)
smell (DF: 80): (222, 7), (248, 2), (320, 1), (379, 1), (435, 1), (665, 1), (740, 6), (767, 6), (922, 1), (1028, 4), (1122, 1), (1124, 1), (1136, 1), (1169, 1), (1219, 1), (1258, 1), (1298, 1), (1304, 1), (1344, 1), (1505, 2), (1658, 1), (1722, 1), (1728, 2), (1747, 1), (1789, 1), (1841, 1), (1891, 1), (1899, 1), (2004, 3), (2058, 3), (2091, 2), (2117, 1), (2143, 1), (2231, 2), (2256, 1), (2274, 1), (2282, 2), (2411, 1), (2613, 4), (2649, 1), (2658, 2), (2676, 1), (2760, 1), (2832, 1), (2884, 1), (2907, 2), (2927, 1), (2939, 1), (3083, 2), (3143, 1), (3201, 1), (3282, 2), (3363, 1), (3429, 1), (3432, 1), (3487, 1), (3581, 1), (3790, 1), (3919, 1), (4023, 1), (4044, 1), (4073, 1), (4166, 3), (4185, 1), (4267, 1), (4319, 1), (4329, 1), (4364, 1), (4396, 1), (4420, 1), (4459, 6), (4570, 1), (4585, 1), (4675, 2), (4684, 1), (4705, 1), (4712, 2), (4867, 3), (4942, 1), (4964, 1)
smelli (DF: 3): (2058, 1), (3718, 1), (4533, 1)
smellin (DF: 4): (964, 1), (1124, 1), (1313, 1), (3581, 1)
smelt (DF: 1): (1083, 3)
smesso (DF: 1): (358, 2)
