pippen (DF: 2): (2624, 1), (3879, 1)
piqu (DF: 9): (724, 1), (891, 3), (1004, 2), (1183, 2), (1659, 1), (1826, 3), (2539, 1), (3313, 1), (4909, 2)
piquet (DF: 9): (444, 1), (567, 3), (711, 1), (1803, 4), (2108, 1), (3881, 1), (4193, 4), (4704, 1), (4729, 3)
pir (DF: 1): (2739, 1)
pira (DF: 1): (3471, 1)
piramid (DF: 1): (3717, 1)
piranha (DF: 3): (2084, 1), (4675, 1), (4874, 1)
pirat (DF: 8): (81, 1), (1022, 1), (1211, 1), (1366, 7), (2261, 1), (3741, 1), (3949, 3), (4425, 1)
piraton (DF: 1): (1022, 2)
pirinthaai (DF: 1): (3471, 1)
pirithidum (DF: 1): (3471, 1)
pirivaai (DF: 1): (3471, 1)
pirouett (DF: 1): (2935, 1)
piru (DF: 2): (446, 1), (4941, 3)
pirus (DF: 1): (2923, 1)
piryo (DF: 1): (2817, 1)
pis (DF: 20): (173, 2), (276, 1), (2098, 1), (2739, 1), (2967, 2), (2972, 3), (3070, 2), (3226, 6), (3351, 1), (3459, 5), (3881, 1), (4032, 6), (4081, 1), (4180, 2), (4285, 12), (4430, 1), (4504, 1), (4515, 1), (4671, 2), (4908, 2)
pisc (DF: 2): (3316, 2), (4611, 1)
piscin (DF: 1): (4186, 2)
piscina (DF: 2): (2651, 2), (4167, 1)
pish (DF: 1): (3451, 1)
pislik (DF: 1): (2050, 1)
pisngi (DF: 1): (3150, 1)
piso (DF: 1): (2651, 2)
piss (DF: 44): (222, 1), (231, 2), (246, 1), (493, 1), (658, 1), (705, 1), (737, 1), (759, 1), (1001, 3), (1218, 1), (1238, 3), (1244, 1), (1374, 2), (1498, 3), (1510, 3), (1529, 12), (1712, 1), (1844, 4), (2018, 1), (2058, 3), (2075, 1), (2143, 1), (2376, 1), (2511, 2), (2624, 1), (2906, 1), (2939, 1), (2963, 1), (3033, 1), (3163, 2), (3234, 2), (3248, 1), (3383, 6), (3408, 1), (3597, 1), (3642, 3), (4038, 1), (4165, 1), (4244, 1), (4267, 1), (4383, 1), (4707, 1), (4872, 1), (4941, 1)
pissin (DF: 1): (2624, 1)
pisst (DF: 1): (3437, 1)
pist (DF: 15): (46, 3), (598, 8), (1039, 1), (1079, 1), (1686, 2), (2021, 1), (2034, 2), (2043, 3), (2309, 1), (2604, 1), (3996, 1), (4081, 1), (4189, 1), (4729, 1), (4951, 2)
pista (DF: 7): (306, 1), (1659, 1), (1881, 1), (2210, 1), (2242, 1), (2843, 1), (4016, 2)
pistando (DF: 1): (2735, 1)
piste (DF: 2): (711, 1), (1501, 1)
pisto (DF: 2): (2735, 1), (3902, 1)
pistol (DF: 52): (63, 1), (69, 1), (72, 1), (183, 1), (197, 1), (248, 1), (324, 1), (418, 1), (617, 1), (684, 1), (689, 1), (692, 2), (710, 1), (731, 1), (842, 1), (1031, 4), (1253, 4), (1304, 1), (1315, 1), (1328, 2), (1552, 1), (1594, 1), (1653, 4), (1730, 1), (1748, 1), (1775, 1), (2194, 1), (2251, 1), (2303, 1), (2376, 1), (2377, 2), (2607, 1), (2855, 1), (3110, 1), (3300, 1), (3310, 1), (3313, 1), (3483, 2), (3485, 3), (3594, 1), (3597, 1), (3985, 1), (4111, 2), (4165, 1), (4209, 1), (4250, 1), (4547, 1), (4684, 2), (4731, 1), (4908, 2), (4972, 4), (4982, 1)
pistola (DF: 1): (3215, 1)
pistolen (DF: 1): (2759, 1)
pistols (DF: 1): (1677, 1)
piston (DF: 4): (195, 2), (1350, 1), (2391, 2), (4953, 1)
pisz (DF: 2): (908, 1), (4311, 1)
pit (DF: 21): (270, 1), (702, 1), (1132, 1), (1223, 1), (1330, 3), (1402, 1), (1588, 1), (1773, 1), (1881, 2), (2313, 4), (2422, 1), (2476, 3), (2776, 2), (2892, 1), (3246, 1), (3480, 1), (4279, 1), (4318, 1), (4746, 6), (4816, 1), (4931, 1)
pitata (DF: 1): (4686, 1)
pitbul (DF: 4): (2198, 1), (2476, 2), (3363, 1), (4411, 1)
pitbull (DF: 8): (24, 2), (198, 1), (778, 1), (1461, 1), (2108, 1), (2743, 2), (2785, 2), (4318, 4)
pitbulls (DF: 1): (2967, 1)
pitch (DF: 12): (567, 3), (1196, 1), (1440, 1), (1682, 1), (2930, 2), (2969, 1), (3109, 2), (3408, 1), (3451, 1), (3991, 1), (4572, 1), (4803, 5)
pitchback (DF: 1): (326, 1)
pitche (DF: 1): (851, 2)
pitcher (DF: 1): (4824, 1)
piteous (DF: 1): (2233, 1)
pitfal (DF: 2): (834, 1), (2061, 1)
piti (DF: 16): (27, 1), (343, 1), (680, 2), (802, 1), (883, 3), (1676, 4), (1808, 1), (2399, 1), (3010, 1), (3194, 1), (3500, 2), (3633, 1), (4318, 1), (4548, 1), (4634, 1), (4907, 1)
pitiless (DF: 1): (1324, 1)
pitonis (DF: 1): (2585, 2)
pitt (DF: 1): (2223, 1)
pittsburgh (DF: 1): (1891, 1)
piuttost (DF: 1): (1485, 1)
piv (DF: 1): (417, 1)
pivot (DF: 1): (4764, 1)
pixel (DF: 1): (881, 1)
pixi (DF: 4): (665, 1), (1029, 1), (3209, 1), (3657, 1)
pixx (DF: 3): (426, 1), (3414, 1), (4624, 1)
pizazz (DF: 1): (4569, 1)
pizd (DF: 1): (1825, 8)
pizound (DF: 1): (2850, 1)
pizz (DF: 1): (3295, 2)
pizza (DF: 2): (2061, 6), (3272, 1)
pizzark (DF: 1): (669, 1)
piétin (DF: 1): (4614, 1)
piñ (DF: 3): (1008, 2), (3401, 2), (3603, 1)
piña (DF: 1): (988, 1)
piñata (DF: 1): (418, 1)
pj (DF: 8): (145, 1), (179, 1), (668, 1), (1076, 1), (2534, 1), (2573, 1), (2932, 1), (3923, 1)
pjanoo (DF: 1): (747, 2)
