matter (DF: 184): (838, 1), (876, 2), (888, 5), (896, 3), (944, 3), (991, 3), (1071, 1), (1119, 1), (1191, 1), (1210, 2), (1240, 1), (1242, 1), (1269, 1), (1281, 1), (1298, 1), (1313, 1), (1332, 3), (1345, 2), (1363, 1), (1396, 1), (1400, 1), (1429, 2), (1436, 1), (1460, 24), (1469, 1), (1498, 3), (1504, 1), (1506, 1), (1513, 1), (1547, 1), (1552, 1), (1567, 3), (1587, 2), (1597, 1), (1632, 6), (1645, 2), (1660, 1), (1685, 4), (1690, 1), (1692, 2), (1709, 1), (1744, 10), (1762, 2), (1767, 7), (1779, 1), (1781, 2), (1790, 1), (1883, 1), (1891, 1), (1898, 1), (1926, 2), (1929, 1), (1937, 1), (1945, 7), (2010, 1), (2017, 1), (2019, 4), (2054, 1), (2067, 1), (2137, 4), (2158, 1), (2190, 4), (2198, 1), (2228, 1), (2259, 1), (2270, 4), (2282, 2), (2289, 3), (2296, 1), (2338, 12), (2358, 11), (2361, 5), (2427, 6), (2515, 1), (2533, 9), (2577, 1), (2580, 1), (2584, 1), (2614, 5), (2643, 1), (2663, 4), (2686, 10), (2708, 1), (2716, 4), (2724, 3), (2770, 5), (2799, 1), (2821, 2), (2832, 1), (2843, 1), (2865, 1), (2893, 3), (2899, 1), (2929, 2), (2980, 1), (2988, 10), (3060, 5), (3094, 2), (3185, 2), (3188, 15), (3209, 3), (3257, 1), (3260, 1), (3268, 1), (3300, 1), (3314, 1), (3347, 1), (3379, 4), (3413, 3), (3448, 2), (3479, 1), (3511, 2), (3515, 1), (3520, 3), (3537, 1), (3540, 1), (3605, 5), (3730, 4), (3750, 24), (3803, 1), (3874, 2), (3923, 1), (3936, 28), (3965, 5), (3970, 3), (3973, 3), (3993, 3), (3999, 1), (4001, 1), (4010, 1), (4021, 5), (4053, 2), (4074, 1), (4092, 2), (4097, 5), (4119, 1), (4126, 1), (4129, 1), (4144, 2), (4156, 4), (4185, 1), (4218, 1), (4230, 4), (4294, 3), (4298, 2), (4317, 4), (4331, 1), (4368, 1), (4404, 1), (4443, 1), (4452, 2), (4457, 1), (4503, 1), (4521, 3), (4542, 1), (4575, 1), (4589, 1), (4595, 3), (4664, 1), (4672, 1), (4673, 18), (4684, 1), (4723, 1), (4745, 1), (4789, 3), (4798, 2), (4822, 1), (4844, 9), (4877, 1), (4891, 4), (4947, 1), (4969, 1), (91, 1), (92, 1), (849, 1), (850, 1), (1585, 4), (3337, 3), (3338, 2), (3649, 2), (3651, 2), (4259, 1), (4261, 1), (4450, 3)
matters (DF: 1): (1677, 1)
matthew (DF: 4): (701, 1), (1928, 1), (3329, 1), (4427, 1)
matti (DF: 3): (1432, 4), (3748, 1), (4607, 1)
mattin (DF: 1): (1485, 6)
mattress (DF: 10): (658, 1), (1720, 1), (2177, 1), (2217, 3), (2394, 1), (2476, 1), (3118, 1), (4679, 1), (4905, 1), (4962, 1)
matur (DF: 3): (1396, 1), (2246, 1), (4745, 1)
mau (DF: 4): (1740, 4), (1966, 7), (2328, 1), (2461, 2)
maui (DF: 2): (1094, 1), (1564, 1)
maul (DF: 2): (2637, 1), (3984, 4)
maull (DF: 1): (2414, 1)
mauri (DF: 1): (3350, 1)
mauric (DF: 1): (2868, 2)
maus (DF: 3): (1324, 1), (1484, 1), (4989, 1)
mausi (DF: 1): (4989, 1)
mavado (DF: 1): (4827, 1)
maverick (DF: 3): (395, 1), (2879, 1), (4213, 1)
mavi (DF: 1): (3201, 1)
mavrick (DF: 1): (654, 1)
mawawala (DF: 1): (4910, 1)
max (DF: 20): (250, 1), (275, 1), (483, 1), (541, 1), (823, 1), (952, 4), (1161, 2), (1410, 1), (1484, 1), (1654, 1), (1700, 1), (1773, 1), (1976, 1), (2482, 1), (3726, 1), (4264, 1), (4400, 1), (4820, 1), (4905, 1), (4973, 1)
maxi (DF: 20): (360, 1), (425, 1), (487, 1), (549, 1), (863, 1), (970, 1), (979, 1), (1480, 1), (1696, 1), (2048, 1), (2352, 1), (2912, 1), (3195, 1), (3259, 1), (3417, 1), (3560, 1), (3866, 1), (3980, 1), (4120, 1), (4898, 1)
maxim (DF: 1): (69, 1)
maximum (DF: 4): (581, 1), (1707, 1), (1936, 3), (2093, 2)
maxin (DF: 5): (69, 1), (352, 1), (1564, 1), (2692, 1), (2927, 1)
maxwel (DF: 7): (141, 2), (411, 1), (1906, 1), (3735, 1), (4068, 1), (4832, 2), (4853, 1)
may (DF: 96): (15, 1), (50, 8), (152, 4), (183, 1), (289, 2), (337, 1), (389, 1), (391, 4), (435, 1), (455, 1), (486, 3), (495, 6), (503, 4), (601, 1), (605, 3), (641, 1), (664, 2), (690, 1), (705, 1), (726, 1), (767, 4), (770, 1), (783, 1), (805, 1), (838, 1), (863, 1), (885, 4), (923, 3), (974, 1), (1015, 1), (1032, 1), (1226, 2), (1236, 3), (1260, 4), (1294, 3), (1308, 1), (1344, 3), (1364, 1), (1417, 1), (1452, 1), (1489, 1), (1502, 2), (1513, 9), (1544, 1), (1549, 2), (1607, 1), (1615, 1), (1690, 1), (1762, 2), (1784, 2), (1852, 1), (1863, 2), (1867, 1), (1870, 1), (1925, 2), (1934, 1), (2000, 1), (2083, 1), (2093, 2), (2110, 3), (2116, 1), (2218, 1), (2244, 1), (2264, 6), (2273, 1), (2333, 1), (2399, 1), (2452, 1), (2536, 1), (2588, 1), (2592, 2), (2628, 2), (2634, 3), (2652, 2), (2676, 1), (2678, 1), (2685, 1), (2699, 4), (2707, 1), (2720, 1), (2731, 1), (2737, 1), (2853, 13), (2878, 1), (3027, 1), (3042, 1), (3047, 1), (3178, 1), (3189, 2), (3207, 2), (3238, 1), (3242, 1), (3370, 4), (3410, 1), (3566, 2), (3573, 1)
