dude (DF: 34): (1552, 1), (1812, 1), (1869, 1), (1896, 1), (1922, 1), (2028, 1), (2112, 23), (2143, 1), (2269, 1), (2333, 1), (2389, 1), (2399, 1), (2563, 2), (2569, 1), (2627, 1), (2676, 1), (2821, 1), (3037, 1), (3170, 1), (3180, 4), (3408, 1), (3553, 2), (3597, 3), (3621, 3), (3769, 1), (3930, 1), (4137, 1), (4310, 1), (4374, 1), (4460, 1), (4575, 1), (4620, 1), (4874, 1), (4942, 1)
dudu (DF: 2): (3591, 3), (4714, 6)
due (DF: 41): (63, 2), (241, 1), (267, 2), (300, 1), (377, 1), (435, 1), (441, 1), (800, 1), (966, 2), (1216, 1), (1223, 1), (1363, 1), (1594, 1), (1800, 1), (1830, 2), (1850, 1), (2014, 3), (2017, 1), (2360, 1), (2472, 1), (2549, 2), (2660, 1), (2677, 4), (3019, 1), (3138, 3), (3210, 1), (3260, 1), (3414, 2), (3491, 1), (3531, 1), (3606, 2), (3646, 2), (3707, 2), (3954, 6), (4002, 1), (4575, 1), (4641, 1), (4873, 1), (4877, 1), (4890, 5), (4992, 1)
duel (DF: 21): (312, 1), (354, 1), (412, 2), (648, 2), (858, 1), (1228, 1), (1677, 2), (1939, 1), (1953, 6), (3090, 2), (3434, 15), (3669, 1), (3853, 1), (3920, 22), (4049, 5), (4081, 3), (4180, 4), (4550, 1), (4605, 1), (4782, 2), (4879, 3)
duend (DF: 2): (1724, 1), (4258, 1)
duerm (DF: 21): (353, 1), (1095, 1), (1112, 1), (1159, 1), (1424, 1), (1441, 1), (1461, 1), (1524, 1), (1582, 1), (1966, 3), (2090, 1), (2306, 1), (2414, 4), (3070, 2), (3239, 1), (4515, 1), (4560, 1), (4790, 1), (4799, 1), (4804, 4), (4954, 1)
duet (DF: 4): (774, 1), (1724, 1), (2427, 1), (2846, 2)
dueñ (DF: 19): (371, 2), (724, 1), (1027, 1), (1033, 1), (1284, 1), (1524, 1), (2033, 1), (2488, 1), (3071, 1), (3669, 1), (3816, 3), (4236, 1), (4347, 1), (4434, 2), (4651, 2), (4702, 1), (4804, 4), (4879, 1), (4948, 1)
duffel (DF: 1): (1919, 1)
duffl (DF: 5): (1036, 1), (1393, 1), (1436, 1), (2527, 1), (3068, 1)
duft (DF: 2): (4124, 1), (4192, 1)
dug (DF: 8): (411, 1), (1929, 1), (2590, 1), (3511, 1), (3661, 3), (4168, 1), (4279, 1), (4931, 1)
dugeri (DF: 1): (3538, 1)
dugna (DF: 1): (4686, 1)
dugo (DF: 1): (4563, 6)
duh (DF: 4): (1781, 11), (1982, 25), (2069, 8), (3706, 64)
duhé (DF: 2): (3023, 1), (4676, 1)
duk (DF: 5): (3104, 4), (4425, 12), (4504, 1), (4752, 2), (4852, 1)
duke (DF: 14): (157, 1), (441, 1), (485, 1), (1126, 1), (1196, 1), (1317, 1), (1368, 1), (1431, 1), (1521, 1), (2035, 2), (3010, 1), (3597, 1), (3973, 1), (4681, 3)
duket (DF: 1): (1296, 7)
duki (DF: 9): (109, 2), (143, 1), (1296, 1), (1501, 2), (2033, 2), (3104, 1), (4289, 1), (4504, 1), (4651, 1)
dulc (DF: 10): (512, 2), (1099, 2), (1478, 1), (2108, 2), (2127, 7), (2585, 2), (2898, 5), (3187, 1), (4352, 2), (4711, 2)
dulcement (DF: 2): (3656, 3), (4678, 2)
dulcine (DF: 1): (2938, 1)
dull (DF: 5): (2579, 1), (3790, 1), (3877, 2), (3971, 1), (4161, 3)
duller (DF: 1): (2361, 1)
dulmanui (DF: 1): (32, 2)
dulzon (DF: 1): (628, 1)
dulzur (DF: 1): (2021, 2)
dum (DF: 9): (597, 1), (1180, 112), (1465, 1), (2120, 1), (2895, 2), (3462, 2), (4000, 3), (4756, 12), (4758, 12)
duman (DF: 2): (2050, 1), (4192, 1)
dumb (DF: 57): (4, 41), (185, 1), (324, 1), (352, 1), (541, 1), (647, 1), (694, 1), (723, 1), (959, 8), (1011, 1), (1026, 1), (1045, 1), (1299, 1), (1323, 1), (1374, 4), (1392, 4), (1513, 1), (1532, 2), (1547, 3), (1571, 6), (1578, 1), (1634, 1), (1720, 1), (1857, 2), (2069, 1), (2405, 1), (2520, 18), (2767, 2), (2795, 1), (3178, 1), (3244, 1), (3251, 2), (3485, 1), (3506, 1), (3571, 3), (3680, 2), (3807, 2), (3826, 2), (4000, 11), (4111, 8), (4244, 1), (4249, 1), (4303, 14), (4342, 1), (4503, 1), (4539, 1), (4558, 12), (4652, 1), (4673, 3), (4681, 1), (4712, 8), (4715, 1), (4731, 1), (4811, 1), (4833, 1), (4931, 1), (3681, 6)
dumbbells (DF: 2): (1004, 1), (4909, 1)
dumber (DF: 4): (81, 1), (3251, 1), (3923, 1), (4460, 1)
dumbo (DF: 1): (759, 1)
dumm (DF: 2): (2535, 1), (3208, 6)
dummi (DF: 6): (222, 1), (693, 2), (1571, 2), (1926, 1), (2607, 1), (3152, 1)
dummy (DF: 1): (1255, 1)
dumont (DF: 4): (157, 1), (1126, 1), (1368, 1), (3973, 1)
dump (DF: 22): (68, 1), (69, 1), (222, 1), (446, 1), (617, 1), (696, 2), (1124, 1), (1181, 1), (1550, 4), (2230, 1), (2822, 1), (3034, 1), (3562, 1), (3568, 1), (3581, 1), (3923, 1), (4122, 1), (4128, 1), (4165, 1), (4525, 2), (4690, 1), (4971, 1)
dumpster (DF: 1): (446, 1)
dumudula (DF: 1): (4815, 1)
dun (DF: 4): (430, 3), (3444, 1), (4918, 1), (4919, 37)
dunc (DF: 1): (3444, 1)
dund (DF: 1): (4919, 1)
dundun (DF: 1): (4919, 5)
dundundun (DF: 1): (4919, 1)
dune (DF: 1): (2266, 2)
dung (DF: 1): (4985, 1)
dunga (DF: 1): (149, 1)
dungare (DF: 2): (1896, 1), (1972, 1)
dungeon (DF: 2): (407, 1), (469, 1)
