silent (DF: 11): (4230, 1), (4320, 1), (4454, 2), (4489, 2), (4522, 1), (4674, 17), (4730, 1), (4749, 1), (4785, 1), (4805, 13), (4956, 1)
silenz (DF: 2): (438, 1), (4873, 1)
silhouet (DF: 1): (2031, 2)
silhouett (DF: 7): (729, 1), (830, 1), (882, 1), (2935, 1), (3165, 1), (3848, 7), (3865, 1)
silhouetto (DF: 2): (2770, 1), (4021, 1)
silk (DF: 11): (285, 3), (446, 1), (752, 1), (1156, 12), (1399, 1), (1833, 1), (2039, 1), (2375, 1), (3618, 3), (4343, 3), (4647, 1)
silki (DF: 4): (527, 1), (1272, 1), (1303, 1), (2375, 18)
silkk (DF: 5): (731, 1), (1216, 1), (2026, 1), (2850, 3), (4947, 8)
sill (DF: 5): (276, 1), (664, 1), (3351, 1), (3875, 1), (4034, 1)
silli (DF: 31): (70, 1), (220, 1), (318, 1), (581, 1), (616, 1), (1021, 1), (1076, 1), (1127, 1), (1162, 1), (1268, 3), (1988, 1), (2053, 2), (2093, 2), (2514, 4), (2523, 4), (2695, 2), (2719, 2), (3184, 6), (3265, 1), (3584, 2), (3674, 2), (3803, 1), (3991, 1), (4074, 1), (4266, 4), (4414, 2), (4449, 1), (4629, 1), (4751, 2), (4823, 1), (4907, 1)
sillk (DF: 1): (3249, 3)
siln (DF: 1): (4761, 1)
silv (DF: 1): (2050, 1)
silva (DF: 2): (111, 1), (4173, 1)
silver (DF: 32): (20, 1), (183, 1), (223, 1), (251, 1), (386, 1), (548, 1), (659, 3), (861, 1), (1166, 1), (1408, 1), (1573, 8), (1696, 2), (1757, 1), (1798, 1), (1990, 1), (2019, 2), (2202, 1), (2252, 36), (2261, 1), (3081, 1), (3371, 3), (3393, 5), (3562, 1), (3597, 1), (3721, 3), (3896, 1), (3995, 2), (4110, 1), (4111, 1), (4712, 2), (4802, 1), (4962, 1)
silverstein (DF: 1): (2810, 1)
silvertongu (DF: 1): (2252, 1)
silverwar (DF: 1): (616, 1)
sim (DF: 1): (3467, 1)
simba (DF: 1): (4027, 1)
simian (DF: 1): (2379, 1)
simil (DF: 4): (563, 1), (2316, 1), (3492, 3), (4013, 1)
similar (DF: 3): (365, 1), (3821, 1), (4982, 1)
simmer (DF: 2): (2953, 2), (3270, 2)
simmon (DF: 3): (337, 1), (1071, 2), (2216, 1)
simon (DF: 14): (178, 4), (988, 1), (1122, 1), (1449, 2), (1647, 1), (2386, 1), (2757, 1), (3479, 12), (3816, 3), (3957, 1), (4281, 1), (4358, 1), (4465, 1), (4526, 1)
simonet (DF: 1): (1411, 1)
simp (DF: 4): (1566, 2), (2278, 1), (2726, 1), (3963, 1)
simpatico (DF: 1): (3729, 1)
simpl (DF: 76): (69, 1), (87, 1), (122, 1), (270, 1), (298, 1), (338, 1), (519, 2), (527, 1), (618, 1), (685, 3), (717, 3), (854, 20), (904, 1), (1073, 2), (1188, 1), (1413, 1), (1552, 1), (1571, 1), (1636, 1), (1675, 1), (1720, 1), (1872, 1), (2068, 1), (2167, 1), (2205, 1), (2223, 10), (2227, 3), (2263, 16), (2298, 1), (2318, 1), (2333, 1), (2372, 1), (2460, 1), (2506, 1), (2568, 1), (2588, 1), (2624, 2), (2649, 1), (2669, 1), (2803, 2), (2884, 1), (2939, 1), (3084, 6), (3184, 1), (3186, 1), (3194, 1), (3252, 1), (3287, 1), (3397, 11), (3506, 1), (3508, 1), (3532, 11), (3682, 12), (3691, 34), (3720, 1), (3731, 1), (3808, 2), (3986, 1), (4170, 1), (4200, 2), (4222, 1), (4225, 3), (4240, 2), (4276, 1), (4334, 1), (4338, 10), (4429, 1), (4482, 4), (4491, 1), (4506, 2), (4588, 1), (4603, 4), (4664, 1), (4724, 1), (4845, 1), (4951, 1)
simplement (DF: 6): (117, 1), (371, 1), (628, 2), (3996, 1), (4382, 1), (4729, 1)
simpler (DF: 2): (488, 1), (3152, 1)
simpli (DF: 26): (3, 1), (27, 1), (183, 1), (365, 1), (405, 2), (497, 17), (519, 12), (993, 1), (1076, 1), (1270, 3), (1463, 1), (1599, 1), (1797, 2), (1874, 1), (2223, 4), (2393, 1), (2449, 2), (2536, 1), (2669, 1), (2936, 1), (3101, 1), (3129, 1), (3148, 1), (3175, 1), (3540, 1), (4959, 1)
simplic (DF: 3): (921, 1), (3230, 1), (3506, 1)
simplifi (DF: 2): (273, 4), (805, 1)
simplist (DF: 1): (1748, 1)
simpson (DF: 4): (1253, 1), (2261, 1), (2399, 1), (3045, 1)
simt (DF: 1): (335, 1)
simulcop (DF: 1): (2325, 1)
simultan (DF: 1): (2366, 4)
simón (DF: 2): (1649, 2), (2735, 1)
sin (DF: 83): (53, 1), (132, 1), (142, 1), (186, 2), (200, 2), (220, 1), (232, 1), (267, 2), (288, 1), (368, 1), (404, 14), (479, 9), (592, 3), (614, 2), (619, 1), (636, 1), (693, 1), (864, 1), (868, 1), (955, 4), (1087, 4), (1158, 2), (1180, 2), (1272, 1), (1369, 2), (1378, 2), (1386, 2), (1456, 1), (1710, 1), (1754, 8), (1776, 2), (1869, 1), (1873, 1), (2018, 2), (2030, 7), (2145, 1), (2152, 1), (2162, 6), (2204, 2), (2412, 1), (2448, 2), (2458, 3), (2523, 1), (2546, 1), (2573, 1), (2723, 1), (2773, 4), (2960, 7), (3035, 7), (3036, 4), (3110, 1), (3115, 2), (3319, 1), (3327, 2), (3372, 2), (3457, 6), (3510, 2), (3590, 1), (3712, 1), (3799, 1), (3821, 1), (3902, 1), (3988, 1), (4027, 1), (4044, 1), (4073, 4), (4083, 2), (4217, 1), (4255, 1), (4315, 1), (4337, 2), (4359, 1), (4377, 1), (4386, 1), (4461, 1), (4508, 1), (4648, 1), (4764, 3), (4773, 1), (4850, 2), (4875, 1), (4897, 1), (4971, 1)
