namah (DF: 2): (1602, 1), (2921, 1)
naman (DF: 2): (1489, 1), (3887, 1)
namas (DF: 1): (1443, 1)
namaseo (DF: 1): (32, 1)
name (DF: 434): (11, 1), (25, 2), (27, 1), (32, 2), (35, 1), (65, 2), (69, 1), (70, 56), (72, 1), (74, 2), (76, 1), (81, 1), (123, 4), (138, 1), (140, 2), (158, 5), (166, 1), (172, 1), (174, 4), (179, 1), (183, 1), (197, 2), (233, 1), (242, 2), (261, 1), (265, 1), (268, 1), (274, 6), (275, 1), (295, 1), (352, 1), (374, 1), (380, 1), (381, 1), (386, 1), (391, 8), (393, 1), (405, 1), (445, 1), (482, 2), (485, 1), (486, 1), (503, 4), (527, 1), (541, 1), (548, 1), (555, 2), (556, 2), (560, 1), (573, 3), (585, 2), (589, 4), (602, 2), (606, 3), (616, 1), (635, 17), (647, 1), (650, 5), (668, 1), (669, 1), (672, 1), (690, 1), (698, 2), (718, 1), (775, 4), (783, 1), (800, 1), (802, 4), (803, 1), (804, 4), (819, 1), (820, 6), (840, 1), (859, 1), (870, 1), (901, 3), (914, 3), (921, 2), (922, 1), (930, 1), (958, 5), (967, 1), (983, 2), (1026, 1), (1029, 1), (1038, 6), (1053, 1), (1059, 1), (1062, 4), (1076, 2), (1084, 1), (1113, 54), (1135, 1), (1136, 1), (1152, 1), (1157, 2), (1202, 1), (1208, 8), (1212, 3), (1219, 1), (1226, 1), (1246, 4), (1268, 3), (1269, 1), (1290, 15), (1294, 3), (1304, 1), (1311, 3), (1312, 1), (1313, 2), (1319, 1), (1325, 1), (1326, 1), (1329, 1), (1342, 1), (1354, 3), (1363, 1), (1368, 1), (1372, 1), (1373, 15), (1374, 2), (1378, 6), (1392, 2), (1452, 6), (1454, 1), (1459, 1), (1488, 7), (1502, 2), (1514, 1), (1528, 16), (1543, 2), (1640, 1), (1649, 1), (1650, 1), (1656, 1), (1664, 2), (1670, 2), (1671, 1), (1672, 1), (1674, 1), (1690, 1), (1696, 1), (1699, 1), (1708, 5), (1719, 8), (1720, 1), (1727, 1), (1728, 2), (1744, 4), (1795, 2), (1805, 1), (1813, 1), (1820, 1), (1823, 1), (1840, 6), (1864, 1), (1877, 1), (1885, 6), (1887, 1), (1889, 20), (1891, 1), (1899, 1), (1902, 1), (1904, 2), (1908, 1), (1913, 2), (1984, 1), (2004, 1), (2005, 2), (2011, 1), (2013, 1), (2017, 1), (2026, 1), (2032, 2), (2039, 2), (2046, 1), (2056, 4), (2087, 2), (2110, 3), (2128, 4), (2143, 1), (2147, 1), (2160, 1), (2175, 1), (2176, 2), (2177, 2), (2178, 1), (2184, 1), (2205, 2), (2209, 3), (2210, 19), (2220, 1), (2221, 1), (2225, 1), (2227, 2), (2235, 1), (2269, 1), (2286, 2), (2299, 3), (2315, 1), (2340, 1), (2359, 2), (2366, 1), (2380, 1), (2399, 4), (2421, 10), (2439, 1), (2446, 1), (2468, 8), (2472, 1), (2477, 2), (2500, 1), (2504, 1), (2515, 1), (2524, 1), (2525, 1), (2528, 1), (2541, 12), (2554, 8), (2566, 1), (2569, 1), (2594, 1), (2597, 1), (2605, 4), (2607, 6), (2612, 2), (2641, 2), (2644, 1), (2655, 1), (2674, 1), (2695, 1), (2699, 2), (2719, 1), (2720, 1), (2725, 1), (2730, 2), (2746, 1), (2767, 1), (2771, 1), (2776, 1), (2798, 1), (2800, 1), (2806, 2), (2816, 4), (2831, 1), (2837, 4), (2838, 1), (2875, 2), (2884, 3), (2890, 1), (2895, 2), (2903, 2), (2914, 3), (2919, 1), (2953, 4), (2969, 3), (2976, 1), (2991, 1), (2998, 1), (3026, 1), (3027, 1), (3052, 1), (3059, 2), (3075, 1), (3076, 1), (3083, 1), (3095, 4), (3101, 1), (3107, 1), (3110, 2), (3115, 26), (3116, 2), (3136, 2), (3138, 1), (3140, 1), (3161, 3), (3175, 1), (3177, 2), (3194, 3), (3218, 1), (3221, 1), (3222, 1), (3227, 1), (3238, 3), (3246, 13), (3248, 4), (3265, 1), (3266, 1), (3270, 4), (3293, 1), (3321, 4), (3371, 2), (3378, 12), (3402, 1), (3406, 3), (3427, 2), (3428, 1), (3433, 2), (3458, 1), (3468, 2), (3469, 2), (3474, 1), (3484, 1), (3496, 2), (3513, 1), (3516, 3), (3521, 3), (3525, 1), (3538, 1), (3549, 1), (3556, 1), (3562, 1), (3565, 1), (3568, 1), (3574, 3), (3594, 1), (3613, 1), (3651, 1), (3654, 2), (3676, 2), (3699, 4), (3702, 1), (3710, 16), (3719, 1), (3721, 6), (3751, 1), (3759, 1), (3767, 21), (3770, 3), (3771, 1), (3802, 1), (3873, 3), (3883, 1), (3894, 1), (3905, 1), (3913, 1), (3914, 1), (3918, 2), (3935, 4), (3956, 1), (3967, 2), (4008, 1), (4023, 1), (4026, 2), (4027, 1), (4037, 1), (4045, 2), (4058, 7), (4059, 18), (4067, 2), (4068, 3), (4069, 1), (4075, 5), (4076, 1), (4082, 1), (4091, 1), (4097, 1), (4108, 2), (4112, 1), (4122, 1), (4123, 1), (4128, 2), (4170, 2), (4183, 1), (4184, 5), (4188, 2), (4228, 2), (4244, 3), (4266, 2), (4292, 1), (4293, 4), (4294, 21), (4302, 1), (4326, 2), (4329, 1), (4337, 6), (4355, 1), (4366, 14), (4384, 1), (4397, 2), (4422, 1), (4431, 4), (4441, 1), (4446, 1), (4447, 1), (4459, 1), (4468, 2), (4472, 1), (4487, 1), (4490, 1), (4497, 3), (4521, 4), (4523, 7), (4552, 1), (4566, 3), (4569, 1), (4603, 1), (4604, 1), (4626, 5), (4629, 4), (4634, 2), (4646, 1), (4660, 2), (4661, 7), (4668, 1), (4684, 2), (4690, 1), (4691, 6), (4705, 1), (4707, 2), (4740, 1), (4759, 2), (4762, 2), (4764, 1), (4776, 1), (4777, 1), (4779, 36), (4820, 6), (4823, 4), (4854, 2), (4857, 1), (4866, 1), (4868, 1), (4896, 197), (4897, 1), (4907, 6), (4926, 1), (4931, 1), (4933, 1), (4936, 2), (4941, 1), (4945, 3), (4947, 1), (4959, 1)
nameless (DF: 4): (1329, 1), (2250, 1), (2708, 1), (4823, 2)
nami (DF: 6): (250, 5), (506, 76), (2066, 76), (3643, 152), (4651, 2), (4761, 2)
namida (DF: 1): (1102, 1)
namm (DF: 1): (3471, 5)
nammai (DF: 1): (3471, 2)
namorando (DF: 1): (2631, 1)
nan (DF: 2): (3342, 1), (4692, 1)
nana (DF: 6): (673, 1), (1310, 4), (2230, 1), (3204, 6), (3429, 8), (3557, 1)
nanaman (DF: 1): (1489, 1)
nanan (DF: 1): (3596, 1)
nananana (DF: 3): (278, 4), (4417, 2), (4665, 4)
nananawagan (DF: 1): (3887, 3)
nananinanan (DF: 1): (3596, 1)
nanaran (DF: 1): (3342, 1)
nanau (DF: 1): (3342, 2)
nanba (DF: 1): (3471, 2)
nanci (DF: 4): (235, 1), (1052, 1), (1976, 3), (3018, 1)
nancy (DF: 2): (2729, 1), (3399, 2)
nand (DF: 2): (1443, 1), (3897, 1)
nandit (DF: 1): (3897, 1)
nandito (DF: 1): (4563, 1)
naneul (DF: 1): (32, 1)
naneun (DF: 1): (2817, 1)
nang (DF: 3): (0, 1), (871, 3), (4815, 1)
nanga (DF: 1): (2086, 1)
nani (DF: 1): (1238, 1)
nanin (DF: 1): (3596, 1)
naninanin (DF: 1): (3596, 1)
naninaninan (DF: 1): (3596, 1)
naniniga (DF: 1): (4815, 1)
nann (DF: 2): (469, 1), (825, 2)
nannin (DF: 1): (2549, 1)
nao (DF: 1): (2063, 1)
nap (DF: 6): (842, 1), (2000, 1), (2801, 2), (3148, 1), (3312, 1), (3813, 1)
nap600 (DF: 1): (3813, 1)
napakikinggan (DF: 1): (3887, 3)
napalingon (DF: 1): (0, 1)
napalm (DF: 2): (2422, 1), (3127, 1)
napatingin (DF: 1): (3887, 1)
nappan (DF: 1): (4985, 1)
nappi (DF: 7): (446, 1), (616, 1), (1661, 1), (3594, 1), (4037, 1), (4420, 1), (4844, 15)
nara (DF: 1): (4358, 1)
naran (DF: 1): (4692, 5)
naranj (DF: 2): (2088, 1), (2938, 1)
naraz (DF: 1): (1197, 1)
narb (DF: 1): (3409, 1)
narc (DF: 4): (1136, 1), (1896, 2), (3080, 1), (4641, 1)
narco (DF: 2): (232, 1), (2084, 9)
narcos (DF: 1): (1432, 1)
narcot (DF: 2): (183, 1), (4484, 1)
narcotic (DF: 1): (1177, 1)
narda (DF: 1): (3887, 1)
nareba (DF: 1): (1360, 1)
narguiléavec (DF: 1): (4088, 1)
narin (DF: 1): (540, 1)
narir (DF: 1): (4910, 3)
nariyan (DF: 1): (871, 1)
nariz (DF: 1): (1072, 1)
naroon (DF: 1): (3150, 1)
naroroon (DF: 1): (4563, 1)
narr (DF: 1): (813, 2)
narrat (DF: 3): (2032, 1), (2605, 1), (3321, 1)
narrow (DF: 4): (689, 1), (2422, 1), (2940, 1), (3790, 1)
nas (DF: 22): (187, 1), (250, 4), (908, 1), (1622, 1), (1655, 1), (1845, 1), (1847, 1), (2050, 1), (2341, 1), (2463, 1), (2552, 1), (2567, 1), (2680, 1), (2771, 1), (3467, 1), (3628, 1), (3941, 1), (4357, 1), (4645, 1), (4743, 1), (4761, 1), (4877, 1)
nasa (DF: 1): (4563, 1)
nasagasaan (DF: 1): (4815, 1)
nasasabik (DF: 1): (4910, 3)
nasc (DF: 1): (4873, 2)
nascer (DF: 2): (1278, 1), (2631, 1)
nascia (DF: 1): (4167, 1)
nascond (DF: 3): (63, 1), (3210, 3), (3954, 1)
naseruol (DF: 1): (63, 1)
naseweis (DF: 1): (3048, 1)
nash (DF: 3): (149, 1), (3293, 2), (4686, 1)
nashvill (DF: 1): (3675, 1)
nasi (DF: 3): (577, 1), (3031, 1), (4790, 2)
nasmaak (DF: 1): (1077, 2)
nasri (DF: 1): (3229, 2)
nasseon (DF: 1): (2817, 1)
nasti (DF: 54): (274, 93), (388, 1), (453, 1), (738, 1), (781, 1), (900, 1), (966, 1), (1212, 47), (1334, 2), (1345, 1), (1361, 3), (1391, 48), (1517, 1), (1558, 2), (1672, 1), (1864, 1), (1884, 1), (1903, 1), (1949, 1), (1999, 3), (2030, 1), (2040, 1), (2060, 1), (2076, 1), (2109, 1), (2131, 1), (2199, 3), (2238, 1), (2251, 1), (2324, 1), (2561, 1), (2592, 2), (2884, 2), (3025, 1), (3121, 2), (3196, 1), (3420, 1), (3451, 4), (3482, 1), (3736, 1), (3999, 1), (4087, 1), (4155, 1), (4262, 1), (4337, 6), (4349, 2), (4374, 1), (4407, 1), (4478, 1), (4703, 1), (4783, 1), (4786, 1), (4920, 1), (4956, 1)
nastier (DF: 2): (3529, 1), (4042, 1)
nasty (DF: 5): (1682, 1), (3903, 1), (4081, 3), (4236, 1), (4804, 2)
nastylgia (DF: 1): (2573, 1)
nasza (DF: 2): (1655, 1), (4914, 2)
naszym (DF: 1): (4311, 1)
nat (DF: 6): (1907, 2), (2198, 1), (2733, 1), (3437, 1), (4849, 1), (4905, 1)
natali (DF: 4): (823, 2), (3465, 1), (4430, 1), (4916, 1)
natania (DF: 1): (4928, 1)
natash (DF: 5): (1309, 3), (1907, 1), (2642, 1), (4209, 1), (4568, 1)
natasha (DF: 1): (2989, 1)
nate (DF: 13): (172, 1), (684, 2), (753, 5), (2177, 1), (2178, 1), (2332, 2), (2566, 1), (2677, 1), (3150, 3), (3591, 1), (3742, 1), (3884, 2), (4381, 1)
nate57 (DF: 1): (2328, 1)
nathan (DF: 1): (461, 2)
nati (DF: 1): (3150, 1)
natin (DF: 1): (4563, 1)
nation (DF: 63): (61, 1), (104, 1), (204, 1), (207, 1), (253, 1), (281, 1), (322, 1), (599, 1), (609, 1), (623, 1), (643, 1), (838, 3), (1034, 1), (1064, 1), (1076, 1), (1085, 1), (1090, 1), (1345, 2), (1423, 1), (1690, 1), (1716, 1), (1964, 1), (2002, 1), (2006, 1), (2075, 1), (2096, 1), (2232, 2), (2266, 7), (2293, 1), (2334, 1), (2361, 1), (2403, 1), (2431, 1), (2448, 1), (2483, 1), (2527, 1), (2535, 1), (2671, 1), (2717, 1), (2732, 1), (2778, 1), (2913, 1), (2916, 1), (3063, 1), (3082, 1), (3395, 1), (3445, 1), (3518, 2), (3653, 2), (3677, 2), (3686, 1), (3732, 1), (3825, 1), (4124, 1), (4148, 1), (4196, 1), (4262, 1), (4454, 1), (4604, 1), (4792, 1), (4807, 1), (4854, 1), (4905, 1)
natious (DF: 1): (1775, 1)
nativ (DF: 3): (2032, 1), (2197, 1), (4532, 1)
natrix (DF: 1): (3962, 1)
natti (DF: 5): (1309, 3), (1907, 3), (2642, 5), (4209, 1), (4568, 1)
natunaw (DF: 1): (4815, 1)
natur (DF: 69): (16, 3), (97, 1), (200, 1), (242, 1), (406, 1), (425, 1), (456, 1), (497, 1), (619, 1), (650, 5), (740, 1), (789, 1), (962, 6), (1210, 2), (1361, 2), (1389, 1), (1477, 1), (1589, 1), (1663, 1), (1690, 2), (1708, 2), (1856, 1), (2199, 2), (2240, 1), (2288, 3), (2432, 6), (2462, 1), (2492, 1), (2515, 1), (2813, 4), (2919, 1), (2927, 1), (2943, 2), (3161, 1), (3173, 7), (3204, 1), (3271, 1), (3276, 1), (3299, 2), (3402, 1), (3464, 1), (3469, 1), (3526, 2), (3565, 1), (3704, 1), (3739, 1), (3801, 1), (3847, 5), (3940, 1), (3999, 1), (4015, 1), (4044, 1), (4054, 2), (4082, 3), (4094, 1), (4177, 1), (4187, 2), (4383, 1), (4391, 1), (4427, 2), (4468, 3), (4547, 1), (4555, 2), (4565, 1), (4631, 37), (4770, 3), (4779, 4), (4907, 1), (4982, 1)
