tirili (DF: 2): (1920, 10), (4109, 2)
tirit (DF: 1): (4210, 1)
tiro (DF: 5): (1415, 1), (1920, 5), (3513, 1), (4109, 1), (4188, 2)
tiron (DF: 1): (3080, 1)
tirote (DF: 1): (4034, 1)
tis (DF: 4): (1238, 1), (2856, 1), (3021, 2), (3487, 1)
tisch (DF: 3): (2463, 1), (3462, 1), (4989, 1)
tisci (DF: 1): (4319, 1)
tisdal (DF: 1): (1097, 1)
tisket (DF: 1): (3597, 1)
tissu (DF: 3): (2666, 1), (3220, 3), (4699, 1)
tit (DF: 16): (27, 1), (444, 1), (691, 1), (1157, 1), (1193, 3), (1330, 1), (1939, 1), (1949, 1), (1997, 1), (2021, 3), (2322, 1), (2604, 2), (3219, 4), (4017, 2), (4614, 1), (4709, 3)
titan (DF: 5): (3598, 1), (3868, 2), (4094, 1), (4226, 1), (4435, 1)
titanium (DF: 5): (981, 4), (1236, 34), (1863, 23), (2026, 1), (2607, 1)
tite (DF: 1): (3453, 1)
titelblatt (DF: 1): (4124, 1)
tith (DF: 3): (200, 1), (1378, 2), (4827, 1)
titi (DF: 2): (1657, 1), (4045, 3)
titl (DF: 7): (471, 1), (563, 1), (1186, 2), (1552, 1), (3479, 1), (3815, 3), (4026, 1)
tito (DF: 2): (3247, 2), (3948, 1)
titr (DF: 1): (540, 1)
titt (DF: 1): (3570, 1)
tittenfick (DF: 1): (493, 1)
titti (DF: 17): (418, 1), (469, 2), (616, 1), (825, 3), (1532, 2), (1587, 4), (2256, 1), (2399, 1), (2899, 4), (2957, 1), (3010, 3), (3248, 1), (3460, 1), (4127, 2), (4393, 2), (4552, 3), (4818, 1)
titul (DF: 2): (858, 1), (2604, 1)
tix (DF: 1): (894, 1)
tiz (DF: 1): (4873, 1)
tiësto (DF: 8): (39, 2), (777, 1), (1527, 2), (1538, 1), (2684, 1), (3794, 2), (4221, 2), (4392, 2)
tiñ (DF: 1): (283, 1)
tiñend (DF: 1): (355, 1)
tjek (DF: 1): (229, 1)
tjekker (DF: 1): (4295, 1)
tking (DF: 1): (4784, 3)
tkiss (DF: 1): (804, 1)
tlc (DF: 5): (859, 4), (1111, 11), (2811, 1), (3584, 1), (4008, 2)
tle (DF: 2): (1076, 12), (3744, 4)
tli (DF: 1): (4905, 1)
tm (DF: 1): (1250, 1)
tmare (DF: 1): (3999, 1)
tmenyet (DF: 1): (246, 3)
tminyaet (DF: 1): (4387, 1)
tmo (DF: 1): (4072, 1)
tn (DF: 2): (2208, 1), (3409, 1)
tnght (DF: 1): (1090, 2)
tnie (DF: 1): (250, 2)
tns (DF: 1): (3409, 1)
tnt (DF: 2): (3590, 2), (3970, 1)
to (DF: 95): (14, 2), (46, 2), (53, 1), (109, 1), (284, 10), (311, 1), (345, 6), (364, 2), (371, 4), (399, 3), (412, 2), (444, 1), (567, 15), (577, 1), (667, 1), (728, 2), (910, 6), (1008, 8), (1033, 1), (1079, 10), (1215, 9), (1255, 1), (1284, 1), (1296, 2), (1300, 2), (1453, 4), (1461, 3), (1474, 2), (1478, 6), (1481, 6), (1519, 4), (1563, 2), (1631, 4), (1653, 12), (1668, 8), (1715, 4), (1736, 1), (1803, 2), (2033, 7), (2306, 2), (2309, 1), (2320, 1), (2328, 1), (2336, 2), (2351, 2), (2383, 3), (2461, 1), (2487, 1), (2604, 1), (2648, 6), (2739, 2), (2757, 1), (2782, 2), (2877, 8), (2885, 2), (2898, 5), (2967, 8), (3006, 12), (3062, 1), (3093, 4), (3111, 1), (3212, 1), (3219, 16), (3284, 6), (3313, 1), (3342, 5), (3381, 4), (3492, 1), (3555, 9), (3587, 1), (3590, 8), (3631, 2), (3665, 30), (3723, 1), (3881, 1), (3909, 1), (3916, 1), (4124, 3), (4143, 4), (4186, 2), (4207, 1), (4246, 1), (4285, 1), (4347, 1), (4361, 1), (4419, 22), (4440, 3), (4470, 2), (4479, 2), (4484, 1), (4550, 1), (4704, 1), (4886, 2), (4951, 1), (283, 1)
toa (DF: 8): (46, 3), (1098, 2), (1501, 1), (1907, 2), (2354, 7), (3401, 2), (3816, 21), (4470, 1)
toad (DF: 1): (2543, 1)
toall (DF: 3): (1563, 1), (2662, 1), (3903, 1)
toast (DF: 29): (159, 1), (183, 1), (299, 1), (396, 2), (672, 1), (892, 2), (952, 2), (1152, 8), (1448, 1), (1452, 1), (1477, 1), (1492, 1), (1664, 12), (1714, 6), (2014, 3), (2439, 3), (2472, 1), (2573, 1), (3079, 2), (3486, 1), (3726, 1), (4157, 2), (4221, 2), (4311, 1), (4329, 28), (4447, 1), (4641, 1), (4789, 1), (4874, 4)
toaster (DF: 7): (535, 2), (591, 1), (1552, 1), (1588, 1), (1714, 6), (3186, 1), (4446, 1)
toastin (DF: 2): (339, 1), (4410, 1)
tob (DF: 2): (908, 1), (4761, 2)
tobacco (DF: 2): (2000, 1), (3597, 1)
tobey (DF: 1): (1474, 1)
tobi (DF: 2): (121, 1), (846, 1)
tobymac (DF: 1): (1767, 1)
toc (DF: 30): (46, 2), (53, 2), (143, 1), (217, 1), (256, 3), (353, 1), (371, 1), (466, 3), (651, 3), (707, 5), (858, 1), (910, 1), (995, 1), (1022, 2), (1095, 2), (1133, 44), (1228, 1), (1255, 1), (1259, 1), (1296, 1), (1300, 2), (1424, 1), (1481, 8), (1677, 2), (1682, 1), (1810, 4), (1907, 1), (2033, 13), (2383, 3), (2473, 1)
