still (DF: 303): (4061, 5), (4072, 2), (4078, 2), (4080, 2), (4097, 1), (4116, 2), (4120, 2), (4144, 2), (4153, 1), (4163, 2), (4166, 3), (4176, 1), (4178, 9), (4183, 1), (4222, 1), (4235, 3), (4240, 2), (4243, 1), (4249, 17), (4250, 1), (4261, 6), (4279, 1), (4282, 1), (4286, 2), (4302, 1), (4306, 1), (4310, 1), (4316, 2), (4319, 1), (4324, 1), (4327, 1), (4334, 3), (4355, 8), (4360, 6), (4366, 2), (4372, 5), (4377, 2), (4389, 1), (4392, 1), (4400, 1), (4403, 5), (4404, 1), (4413, 1), (4431, 16), (4438, 1), (4441, 1), (4442, 2), (4452, 6), (4460, 2), (4468, 2), (4472, 2), (4485, 1), (4490, 1), (4495, 1), (4497, 3), (4498, 3), (4503, 1), (4505, 1), (4509, 2), (4516, 1), (4520, 11), (4533, 1), (4537, 1), (4547, 1), (4551, 1), (4552, 5), (4566, 15), (4586, 10), (4616, 1), (4620, 2), (4626, 2), (4632, 4), (4645, 1), (4649, 4), (4661, 2), (4669, 4), (4672, 2), (4673, 3), (4675, 1), (4680, 1), (4685, 1), (4693, 1), (4695, 1), (4715, 1), (4716, 1), (4724, 5), (4727, 3), (4737, 1), (4739, 1), (4740, 1), (4745, 1), (4746, 1), (4759, 1), (4764, 3), (4774, 3), (4779, 4), (4787, 1), (4788, 6), (4793, 1), (4796, 2), (4812, 2), (4813, 5), (4824, 1), (4827, 2), (4831, 7), (4833, 1), (4834, 3), (4838, 4), (4842, 1), (4845, 3), (4863, 1), (4866, 1), (4868, 11), (4872, 1), (4877, 2), (4878, 1), (4885, 1), (4887, 1), (4891, 1), (4905, 2), (4907, 1), (4917, 1), (4918, 1), (4921, 2), (4931, 3), (4934, 1), (4956, 1), (4962, 1), (4963, 1), (4967, 1), (4970, 1), (4981, 2), (4995, 2), (190, 3), (191, 1), (226, 1), (228, 4), (329, 6), (330, 2), (336, 4), (337, 1), (389, 2), (391, 1), (409, 4), (410, 1), (421, 5), (423, 2), (515, 8), (516, 1), (548, 1), (550, 6), (671, 2), (672, 2), (783, 1), (785, 2), (815, 3), (817, 2), (833, 1), (834, 2), (860, 9), (861, 2), (1044, 2), (1045, 1), (1128, 2), (1129, 8), (1132, 2), (1134, 1), (1216, 2), (1217, 1), (1286, 1), (1287, 1), (1291, 2), (1294, 2), (1329, 2), (1330, 1), (1468, 5), (1469, 1), (1472, 5), (1473, 2), (1545, 1), (1547, 1), (1645, 6), (1646, 1), (2074, 8), (2075, 1), (2084, 1), (2085, 1), (2294, 1), (2297, 2), (2372, 1), (2374, 4), (2375, 2), (2466, 3), (2467, 1), (2495, 2), (2497, 1), (2571, 1), (2572, 1), (2587, 1), (2588, 1), (2592, 1), (2593, 3), (2597, 1), (2598, 2), (2614, 1), (2616, 1), (2634, 2), (2635, 1), (2699, 1), (2700, 2), (2748, 2), (2750, 3), (2787, 1), (2788, 14), (2790, 1), (2820, 2), (2821, 2), (2845, 1), (2846, 1), (2864, 2), (2865, 1), (2871, 1), (2872, 1), (2903, 4), (2906, 1), (3044, 1), (3045, 1), (3119, 1), (3120, 1), (3169, 1), (3170, 1), (3333, 1), (3334, 6), (3370, 5), (3371, 3), (3389, 1), (3390, 1), (3425, 1), (3426, 25), (3506, 2), (3507, 1), (3534, 1), (3535, 4), (3539, 1), (3540, 1), (3637, 2), (3641, 3), (3662, 2), (3663, 12), (3670, 1), (3673, 1), (3699, 1), (3700, 4), (3727, 3), (3728, 1), (3776, 1), (3777, 3), (3801, 1), (3802, 2), (3818, 1), (3820, 1), (3976, 1), (3977, 1), (4045, 1), (4046, 1), (4226, 1), (4228, 8), (4229, 2), (4262, 1), (4263, 1), (4303, 1), (4304, 7), (4374, 1), (4603, 2), (4604, 1), (4717, 1), (4718, 2), (4778, 1), (4836, 1), (4837, 1), (239, 1), (240, 1), (241, 1), (1062, 1), (1063, 1), (1065, 2), (1764, 4), (1765, 2), (1766, 1), (2174, 1), (2175, 1), (2176, 1), (2195, 1), (2196, 2), (2197, 2), (4199, 1), (4201, 6), (4202, 10), (4511, 1), (4513, 4), (4892, 1), (4893, 6), (4894, 3)
stillmat (DF: 1): (1847, 1)
stilt (DF: 1): (4282, 1)
stimm (DF: 5): (483, 1), (484, 1), (1654, 1), (1845, 1), (4743, 1)
stimul (DF: 6): (546, 1), (683, 1), (2916, 5), (3244, 1), (3985, 4), (4454, 5)
sting (DF: 13): (201, 1), (1351, 2), (1419, 1), (1594, 1), (2036, 4), (2162, 7), (2633, 1), (3116, 1), (3884, 1), (3952, 1), (4083, 2), (4129, 1), (4483, 2)
sting10 (DF: 1): (2084, 1)
stingi (DF: 1): (4218, 1)
stink (DF: 4): (446, 1), (1076, 1), (1562, 6), (2124, 1)
stinkdyr (DF: 1): (2018, 1)
stinkin (DF: 1): (2679, 1)
stir (DF: 8): (81, 1), (263, 1), (574, 1), (1014, 1), (1272, 1), (1877, 1), (2042, 2), (4632, 2)
stirb (DF: 2): (1238, 1), (4318, 1)
stirbt (DF: 2): (1616, 1), (4318, 1)
stirn (DF: 2): (1845, 1), (3984, 1)
stisema (DF: 1): (1764, 1)
stitch (DF: 7): (81, 1), (772, 2), (1812, 1), (2771, 1), (3204, 2), (4503, 1), (4933, 1)
stizu (DF: 1): (4816, 3)
stjæler (DF: 1): (229, 1)
sto (DF: 3): (3584, 2), (3876, 1), (4859, 1)
stock (DF: 16): (513, 1), (643, 3), (794, 1), (1802, 1), (2004, 1), (2045, 1), (2192, 1), (2263, 1), (2291, 1), (2607, 1), (2691, 1), (2706, 1), (2899, 1), (3374, 1), (3447, 2), (3598, 18)
