ude (DF: 1): (4295, 2)
uden (DF: 2): (2759, 2), (4295, 5)
udenfor (DF: 1): (229, 1)
udoni (DF: 1): (2472, 1)
udsigt (DF: 1): (229, 4)
udusz (DF: 1): (1918, 1)
udz (DF: 1): (1197, 1)
ue (DF: 2): (1124, 2), (3581, 2)
ueb (DF: 1): (1800, 1)
ueh (DF: 2): (851, 2), (910, 2)
uff (DF: 5): (283, 1), (347, 1), (483, 1), (1654, 1), (3067, 1)
ufo (DF: 5): (2492, 1), (3057, 1), (3570, 1), (3919, 1), (4565, 1)
ufof (DF: 1): (3057, 1)
ugh (DF: 14): (436, 2), (570, 1), (736, 2), (1200, 1), (1216, 1), (1515, 1), (2062, 1), (2110, 3), (2278, 2), (2328, 3), (2359, 2), (2887, 1), (3061, 1), (3174, 2)
ugk (DF: 10): (72, 1), (595, 2), (2278, 2), (2545, 1), (2855, 1), (2887, 2), (3963, 2), (4533, 2), (4766, 2), (4851, 1)
uglern (DF: 1): (2018, 1)
ugli (DF: 28): (546, 1), (583, 1), (746, 1), (841, 1), (1026, 6), (1358, 1), (1594, 1), (1772, 3), (1837, 1), (1858, 3), (1948, 1), (2274, 1), (2565, 1), (2985, 1), (3116, 2), (3117, 1), (3393, 1), (3516, 2), (3526, 1), (3761, 5), (3854, 1), (3999, 1), (4067, 1), (4137, 1), (4150, 2), (4435, 1), (4764, 4), (4903, 1)
ugual (DF: 2): (1800, 1), (3972, 1)
uh (DF: 481): (2, 1), (4, 1), (14, 14), (17, 1), (28, 2), (32, 4), (63, 10), (70, 1), (80, 16), (81, 3), (113, 4), (138, 1), (144, 2), (153, 36), (157, 10), (168, 1), (173, 1), (181, 1), (185, 2), (197, 2), (204, 1), (210, 3), (213, 2), (215, 2), (216, 22), (222, 3), (229, 2), (235, 1), (237, 1), (243, 2), (248, 1), (255, 7), (264, 2), (270, 1), (274, 2), (282, 8), (296, 3), (299, 28), (339, 4), (347, 1), (350, 5), (352, 2), (356, 2), (357, 3), (362, 60), (387, 1), (391, 16), (406, 1), (409, 14), (414, 1), (420, 1), (434, 2), (436, 2), (444, 2), (449, 6), (457, 7), (460, 19), (469, 4), (471, 1), (479, 6), (481, 1), (486, 1), (498, 13), (503, 4), (525, 16), (546, 1), (556, 2), (569, 1), (574, 1), (577, 2), (582, 28), (586, 1), (599, 1), (604, 4), (606, 5), (622, 1), (626, 6), (628, 4), (656, 2), (660, 1), (669, 1), (673, 3), (687, 1), (690, 1), (696, 11), (708, 2), (711, 11), (714, 1), (719, 2), (742, 6), (774, 1), (778, 1), (780, 1), (782, 2), (786, 7), (798, 1), (801, 16), (812, 1), (824, 2), (825, 4), (826, 26), (830, 5), (835, 4), (846, 1), (859, 1), (872, 2), (873, 1), (886, 2), (897, 4), (900, 6), (904, 2), (910, 6), (920, 1), (927, 1), (941, 6), (952, 1), (986, 1), (1010, 2), (1011, 11), (1024, 2), (1033, 1), (1045, 1), (1060, 4), (1071, 3), (1080, 10), (1084, 1), (1094, 1), (1097, 11), (1109, 3), (1122, 3), (1126, 20), (1142, 5), (1143, 2), (1170, 2), (1208, 16), (1212, 1), (1214, 21), (1217, 2), (1253, 1), (1276, 3), (1277, 2), (1282, 1), (1292, 2), (1296, 7), (1297, 2), (1316, 28), (1319, 1), (1328, 1), (1333, 2), (1344, 1), (1414, 1), (1415, 6), (1433, 1), (1439, 3), (1441, 3), (1448, 3), (1455, 2), (1457, 24), (1465, 8), (1497, 8), (1502, 2), (1505, 2), (1508, 6), (1513, 2), (1532, 12), (1539, 2), (1547, 1), (1550, 4), (1559, 10), (1566, 1), (1580, 2), (1587, 4), (1588, 2), (1591, 1), (1626, 4), (1629, 1), (1668, 8), (1672, 1), (1683, 2), (1703, 1), (1704, 1), (1705, 1), (1718, 2), (1723, 6), (1727, 1), (1737, 3), (1750, 1), (1766, 10), (1778, 4), (1781, 1), (1799, 1), (1803, 9), (1837, 2), (1838, 3), (1850, 1), (1854, 2), (1894, 1), (1896, 1), (1904, 1), (1909, 1), (1932, 1), (1949, 3), (1952, 2), (1956, 5), (1960, 8), (1970, 6), (1972, 1), (1984, 4), (1997, 1), (2002, 1), (2027, 4), (2028, 2), (2053, 10), (2076, 1), (2077, 1), (2081, 2), (2084, 2), (2093, 16), (2102, 2), (2116, 14), (2146, 6), (2154, 1), (2183, 3), (2198, 1), (2203, 3), (2223, 2), (2238, 2), (2263, 4), (2282, 2), (2287, 1), (2309, 2), (2320, 1), (2337, 2), (2342, 4), (2354, 1), (2359, 2), (2377, 1), (2380, 1), (2399, 3), (2404, 6), (2406, 2), (2423, 1), (2428, 12), (2440, 1), (2442, 1), (2467, 1), (2476, 1), (2477, 2), (2509, 1), (2511, 2), (2518, 1), (2540, 2), (2545, 1), (2561, 18), (2565, 7), (2567, 2), (2586, 1), (2612, 1), (2628, 4), (2651, 14), (2660, 1), (2680, 2), (2688, 3), (2690, 2), (2692, 1), (2699, 1), (2703, 1), (2705, 2), (2712, 2), (2726, 2), (2730, 4), (2739, 4), (2756, 6), (2759, 1), (2760, 4), (2765, 1), (2767, 1), (2778, 1), (2782, 2), (2790, 2), (2795, 3), (2815, 30), (2825, 2), (2829, 7), (2856, 1), (2858, 3), (2873, 6), (2892, 1), (2948, 2), (2964, 1), (2971, 6), (2972, 2), (3011, 190), (3027, 1), (3031, 6), (3033, 1), (3070, 180), (3078, 12), (3079, 6), (3091, 1), (3095, 8), (3098, 1), (3101, 20), (3111, 6), (3112, 2), (3133, 1), (3136, 2), (3152, 5), (3163, 32), (3168, 1), (3171, 2), (3184, 3), (3186, 24), (3187, 2), (3217, 1), (3227, 1), (3232, 3), (3235, 1), (3237, 16), (3238, 1), (3244, 1), (3247, 2), (3261, 1), (3264, 12), (3268, 1), (3272, 2), (3282, 8), (3286, 1), (3294, 8), (3335, 1), (3338, 2), (3348, 1), (3370, 1), (3380, 2), (3408, 1), (3413, 3), (3419, 1), (3420, 5), (3421, 22), (3432, 1), (3444, 1), (3451, 5), (3458, 1), (3476, 8), (3484, 3), (3486, 8), (3498, 2), (3507, 3), (3513, 1), (3515, 4), (3527, 41), (3549, 1), (3555, 3), (3557, 1), (3559, 1), (3584, 14), (3588, 2), (3602, 1), (3628, 3), (3631, 1), (3632, 1), (3636, 1), (3676, 2), (3700, 2), (3707, 22), (3718, 2), (3726, 1), (3758, 12), (3773, 2), (3800, 2), (3822, 1), (3826, 2), (3838, 2), (3852, 4), (3854, 7), (3913, 1), (3914, 1), (3936, 4), (3948, 1), (3956, 1), (3991, 2), (3993, 9), (3999, 3), (4007, 2), (4008, 12), (4011, 4), (4022, 1), (4028, 1), (4044, 1), (4045, 1), (4056, 2), (4062, 1), (4102, 1), (4113, 20), (4121, 2), (4122, 5), (4123, 1), (4128, 1), (4136, 32), (4143, 5), (4149, 3), (4154, 1), (4159, 1), (4180, 1), (4182, 5), (4188, 2), (4190, 1), (4207, 3), (4221, 2), (4243, 1), (4245, 1), (4282, 28), (4283, 1), (4289, 1), (4300, 18), (4317, 3), (4339, 36), (4357, 1), (4358, 26), (4390, 5), (4410, 24), (4417, 8), (4446, 4), (4465, 1), (4469, 6), (4481, 1), (4484, 1), (4497, 3), (4501, 3), (4506, 6), (4515, 1), (4518, 9), (4550, 8), (4561, 3), (4566, 3), (4568, 12), (4572, 5), (4575, 6), (4585, 10), (4587, 1), (4594, 18), (4608, 1), (4611, 1), (4619, 2), (4628, 1), (4642, 1), (4649, 8), (4652, 1), (4653, 4), (4669, 2), (4681, 3), (4702, 4), (4723, 5), (4724, 2), (4731, 1), (4733, 1), (4736, 42), (4750, 6), (4762, 3), (4766, 1), (4773, 3), (4782, 1), (4797, 1), (4799, 1), (4834, 5), (4837, 2), (4851, 1), (4854, 1), (4866, 1), (4871, 4), (4872, 3), (4878, 1), (4886, 4), (4889, 1), (4899, 2), (4911, 2), (4933, 1), (4943, 1), (4962, 1), (4974, 2), (4995, 1)
uh1 (DF: 1): (4282, 1)
uhh (DF: 47): (153, 4), (222, 1), (418, 1), (586, 1), (835, 2), (884, 8), (895, 1), (964, 1), (992, 8), (1111, 1), (1216, 9), (1282, 3), (1284, 1), (1326, 17), (1736, 4), (1949, 2), (2034, 2), (2084, 1), (2143, 3), (2147, 1), (2203, 42), (2240, 1), (2442, 1), (2651, 2), (2760, 1), (2767, 1), (2855, 1), (3133, 1), (3156, 1), (3187, 2), (3248, 4), (3278, 2), (3282, 2), (3286, 1), (3474, 1), (3527, 1), (3529, 1), (3559, 1), (3803, 2), (4042, 1), (4045, 1), (4068, 1), (4127, 2), (4218, 1), (4731, 3), (4849, 3), (4974, 1)
uhhh (DF: 2): (1059, 1), (2034, 34)
uhhhh (DF: 2): (2203, 2), (4937, 1)
uhhm (DF: 1): (4849, 3)
uhhrm (DF: 1): (4849, 1)
uhm (DF: 4): (473, 28), (556, 1), (2336, 1), (3674, 2)
uhmadlib (DF: 1): (2075, 1)
uhr (DF: 6): (246, 1), (1583, 1), (2100, 2), (2376, 1), (3932, 26), (4876, 1)
uhrzeit (DF: 1): (3437, 4)
uhtec (DF: 1): (829, 1)
uhuh (DF: 1): (355, 1)
uhuhu (DF: 1): (355, 1)
uhuuuh (DF: 1): (1310, 2)
ui (DF: 1): (2739, 3)
uicid (DF: 3): (407, 2), (823, 4), (1135, 1)
uicideboy (DF: 3): (823, 1), (1135, 1), (1430, 1)
uid (DF: 1): (4288, 1)
uit (DF: 6): (43, 1), (2638, 1), (3748, 1), (4297, 6), (4665, 10), (4849, 1)
uiten (DF: 1): (4665, 1)
uitkomst (DF: 1): (2638, 1)
uju (DF: 1): (32, 1)
uk (DF: 24): (238, 1), (273, 1), (965, 1), (1684, 1), (1693, 1), (2207, 1), (2279, 1), (2341, 1), (3325, 1), (3430, 1), (3447, 1), (3528, 1), (3681, 1), (3983, 1), (4130, 1), (4139, 1), (4358, 1), (4482, 1), (4736, 1), (4772, 8), (4813, 1), (4864, 1), (4867, 1), (4917, 1)
uknowhatimsayin (DF: 1): (210, 1)
ukulel (DF: 1): (454, 1)
ula (DF: 1): (1653, 32)
ulaga (DF: 1): (3471, 1)
ulagaavum (DF: 1): (3471, 4)
ulagathukkaaga (DF: 1): (3471, 1)
ulagil (DF: 1): (3471, 1)
ulagukk (DF: 1): (3471, 1)
ulan (DF: 1): (3150, 5)
ulap (DF: 1): (3887, 4)
ule (DF: 1): (2102, 12)
ulgh (DF: 1): (1571, 1)
ulic (DF: 1): (908, 1)
ulicach (DF: 1): (4859, 1)
ulici (DF: 1): (4582, 8)
ulit (DF: 1): (0, 1)
ulla (DF: 1): (3471, 5)
ulti (DF: 1): (149, 1)
ultim (DF: 101): (16, 4), (103, 1), (113, 1), (130, 2), (210, 1), (251, 1), (280, 1), (453, 1), (530, 1), (563, 1), (574, 1), (607, 1), (642, 1), (647, 1), (686, 1), (725, 2), (918, 1), (964, 1), (997, 1), (1052, 1), (1188, 1), (1194, 1), (1268, 1), (1284, 2), (1306, 1), (1314, 1), (1323, 1), (1324, 1), (1351, 1), (1438, 1), (1446, 1), (1523, 1), (1535, 1), (1564, 1), (1582, 1), (1628, 1), (1690, 1), (1757, 1), (1790, 1), (1809, 1), (1863, 1), (1912, 1), (2124, 1), (2221, 1), (2225, 1), (2284, 1), (2325, 2), (2354, 2), (2470, 1), (2519, 1), (2586, 1), (2588, 1), (2604, 1), (2640, 1), (2782, 2), (2891, 1), (2933, 1), (3057, 1), (3070, 6), (3134, 1), (3161, 1), (3211, 1), (3288, 1), (3294, 1), (3295, 7), (3338, 1), (3344, 2), (3370, 1), (3491, 1), (3620, 1), (3717, 1), (3731, 2), (3733, 1), (3845, 1), (3851, 2), (3949, 1), (3965, 1), (4023, 1), (4049, 1), (4051, 1), (4082, 1), (4085, 1), (4143, 2), (4217, 1), (4218, 1), (4345, 1), (4388, 1), (4407, 1), (4428, 1), (4439, 2), (4468, 1), (4554, 1), (4568, 1), (4696, 1), (4717, 1), (4762, 1), (4829, 1), (4856, 2), (4860, 2), (4873, 3), (4897, 1)
ultimatum (DF: 1): (1400, 1)
ultra (DF: 2): (1856, 1), (4760, 1)
ultraviolent (DF: 1): (2496, 1)
ultraviolet (DF: 2): (3896, 1), (3949, 3)
um (DF: 40): (128, 1), (213, 10), (606, 1), (841, 1), (1060, 1), (1072, 1), (1157, 1), (1183, 4), (1287, 1), (1415, 1), (1564, 1), (1613, 1), (1659, 1), (1881, 2), (2080, 1), (2223, 2), (2482, 1), (2631, 1), (2651, 6), (2680, 7), (2711, 9), (2839, 1), (3215, 1), (3364, 11), (3467, 1), (3497, 6), (3674, 4), (3692, 1), (3784, 1), (3838, 5), (3870, 1), (4016, 1), (4090, 8), (4105, 1), (4167, 4), (4282, 1), (4492, 1), (4793, 1), (4872, 2), (4947, 1)
uma (DF: 19): (213, 6), (1072, 1), (1095, 1), (1183, 3), (1278, 1), (1659, 10), (1787, 1), (1979, 7), (2242, 1), (2651, 4), (2680, 4), (2711, 4), (3497, 2), (3838, 3), (3870, 1), (3955, 2), (4016, 1), (4167, 1), (4357, 1)
umacz (DF: 1): (4311, 1)
uman (DF: 1): (3210, 1)
umasa (DF: 1): (4910, 1)
umbrella (DF: 11): (1094, 1), (1203, 5), (1276, 1), (1334, 2), (1391, 3), (1498, 3), (2644, 8), (3247, 2), (3948, 1), (4649, 16), (4764, 1)
ume (DF: 1): (149, 1)
umfeld (DF: 1): (3123, 1)
umgarn (DF: 1): (1758, 1)
umgeb (DF: 1): (1177, 1)
umhangetasch (DF: 1): (3849, 4)
umi (DF: 2): (1102, 3), (1360, 2)
umibig (DF: 1): (4815, 4)
umierami (DF: 1): (250, 1)
umikot (DF: 1): (4815, 1)
umkehr (DF: 1): (3466, 1)
umm (DF: 6): (698, 2), (2011, 1), (2240, 1), (2895, 1), (4238, 1), (4284, 6)
ummet (DF: 3): (1195, 1), (2420, 1), (4545, 1)
ummm (DF: 2): (1234, 2), (3206, 1)
umpir (DF: 1): (1974, 1)
umr (DF: 1): (1918, 2)
umsatz (DF: 4): (198, 1), (1583, 4), (2881, 1), (3849, 3)
umsatzfixiert (DF: 2): (778, 1), (2463, 17)
un (DF: 24): (149, 2), (299, 1), (335, 1), (358, 6), (1018, 2), (1087, 1), (1171, 4), (1257, 1), (1834, 1), (2205, 2), (2260, 1), (2277, 3), (2680, 1), (2843, 3), (3146, 1), (3188, 2), (3363, 2), (3451, 1), (3513, 1), (3599, 1), (3990, 27), (4188, 2), (4267, 7), (4855, 2)
una (DF: 11): (299, 2), (552, 1), (1920, 5), (2210, 1), (2277, 1), (2936, 1), (3001, 1), (3513, 1), (4109, 1), (4188, 2), (4214, 1)
unabl (DF: 1): (3347, 1)
unabomb (DF: 1): (2746, 1)
unaccept (DF: 1): (4427, 1)
unafraid (DF: 5): (1581, 1), (1901, 2), (2571, 1), (2918, 24), (3376, 2)
unag (DF: 1): (1129, 1)
unalon (DF: 1): (3966, 1)
unam (DF: 1): (2792, 1)
