cut (DF: 56): (4057, 6), (4072, 1), (4080, 2), (4091, 1), (4129, 11), (4137, 1), (4175, 1), (4183, 1), (4208, 4), (4226, 1), (4231, 1), (4267, 1), (4272, 2), (4303, 1), (4355, 2), (4411, 1), (4420, 8), (4427, 1), (4432, 1), (4472, 1), (4522, 1), (4546, 3), (4575, 1), (4601, 5), (4615, 1), (4626, 7), (4641, 1), (4652, 1), (4680, 1), (4684, 1), (4700, 3), (4718, 2), (4738, 1), (4754, 1), (4762, 1), (4834, 1), (4837, 1), (4847, 1), (4878, 1), (4889, 1), (4894, 1), (1169, 1), (1171, 1), (2005, 2), (2006, 2), (2037, 1), (2038, 1), (2234, 1), (2235, 1), (2611, 1), (2613, 1), (3770, 3), (3771, 2), (4053, 2), (4054, 2), (4128, 1)
cute (DF: 29): (275, 2), (469, 1), (485, 1), (825, 1), (884, 1), (922, 1), (988, 1), (1194, 2), (1208, 1), (1397, 1), (1550, 4), (1571, 7), (1605, 1), (1623, 1), (1775, 1), (2399, 1), (2981, 2), (3010, 1), (3180, 2), (3310, 1), (3432, 1), (3789, 2), (4045, 1), (4669, 1), (4681, 1), (4830, 1), (4950, 4), (1866, 1), (1867, 2)
cutest (DF: 3): (2586, 1), (2868, 4), (4997, 1)
cuti (DF: 9): (261, 1), (449, 1), (786, 1), (1203, 1), (1499, 1), (2241, 2), (2692, 1), (2809, 2), (4008, 1)
cuticl (DF: 2): (804, 1), (1336, 1)
cutiest (DF: 1): (951, 2)
cutis (DF: 1): (1039, 1)
cutlass (DF: 3): (197, 1), (802, 1), (2143, 1)
cutler (DF: 3): (769, 1), (3507, 1), (4549, 1)
cutthroat (DF: 1): (3991, 1)
cuttin (DF: 13): (47, 1), (153, 2), (751, 2), (808, 1), (1140, 1), (1436, 1), (2026, 1), (2254, 1), (2582, 2), (2612, 1), (3019, 1), (3398, 1), (4629, 1)
cuz (DF: 74): (27, 1), (33, 6), (62, 1), (130, 2), (148, 1), (247, 34), (292, 1), (332, 1), (337, 2), (339, 1), (400, 1), (541, 1), (583, 2), (636, 1), (669, 3), (731, 3), (737, 1), (803, 1), (845, 3), (946, 6), (988, 4), (1028, 3), (1094, 2), (1111, 2), (1562, 6), (1594, 1), (1608, 1), (1673, 1), (1709, 1), (1775, 1), (1835, 5), (1894, 1), (1900, 34), (1956, 2), (2026, 1), (2039, 2), (2157, 4), (2208, 1), (2251, 1), (2278, 2), (2377, 1), (2482, 3), (2666, 1), (2692, 1), (2747, 3), (2850, 1), (2892, 1), (2915, 3), (3018, 1), (3021, 1), (3043, 3), (3127, 4), (3223, 6), (3350, 1), (3490, 2), (3594, 2), (3626, 1), (3965, 1), (4019, 1), (4072, 1), (4126, 2), (4244, 3), (4272, 1), (4342, 2), (4350, 1), (4400, 2), (4452, 2), (4533, 3), (4653, 8), (4684, 1), (4762, 5), (4764, 1), (4944, 1), (4971, 1)
cuzi (DF: 1): (3140, 2)
cuándo (DF: 1): (2210, 1)
cuánto (DF: 1): (1171, 2)
cvbz (DF: 2): (3398, 2), (4472, 1)
cvs (DF: 1): (893, 1)
cwc19 (DF: 1): (191, 2)
cx (DF: 1): (2607, 1)
cyaan (DF: 1): (4828, 1)
cyaant (DF: 1): (905, 1)
cyanid (DF: 2): (1210, 1), (2313, 1)
cyar (DF: 1): (2540, 6)
cyber (DF: 2): (3237, 1), (3312, 1)
cybersex (DF: 1): (3237, 12)
cych (DF: 1): (4405, 1)
cycl (DF: 9): (925, 2), (1059, 1), (1205, 1), (2218, 1), (2643, 1), (2859, 2), (2908, 1), (3634, 1), (3940, 1)
cyclic (DF: 1): (3971, 1)
cyclon (DF: 3): (3712, 1), (4169, 1), (4596, 4)
cyndi (DF: 1): (3503, 1)
cynic (DF: 2): (2524, 1), (2754, 3)
cypher (DF: 4): (40, 1), (490, 1), (1885, 12), (3726, 1)
cypress (DF: 11): (40, 1), (276, 5), (1211, 1), (2957, 2), (3351, 5), (3562, 1), (3569, 1), (3949, 1), (4279, 3), (4468, 1), (4852, 6)
cyrk (DF: 1): (661, 1)
cyrus (DF: 3): (1153, 1), (3225, 1), (4401, 1)
cyst (DF: 1): (4262, 1)
cz (DF: 7): (250, 1), (661, 3), (908, 1), (1655, 1), (1918, 1), (4311, 1), (4914, 10)
czaj (DF: 1): (908, 1)
czam (DF: 1): (661, 12)
czar (DF: 1): (650, 1)
czarn (DF: 1): (4914, 26)
czas (DF: 4): (250, 4), (2951, 4), (4405, 1), (4761, 4)
czasem (DF: 3): (1197, 1), (4358, 2), (4859, 4)
czasu (DF: 5): (908, 1), (1655, 2), (1918, 1), (3744, 2), (4358, 1)
czego (DF: 2): (250, 1), (4859, 5)
czekaj (DF: 1): (4405, 1)
czelu (DF: 1): (250, 1)
czemu (DF: 2): (1197, 4), (4582, 1)
czerstwi (DF: 1): (2951, 4)
czerwon (DF: 1): (4311, 1)
czesna (DF: 1): (250, 1)
czi (DF: 6): (250, 3), (1655, 5), (1825, 12), (1918, 1), (2951, 1), (4311, 2)
czna (DF: 1): (4761, 1)
czterna (DF: 1): (1825, 2)
czu (DF: 1): (3744, 4)
czuj (DF: 2): (1197, 1), (3744, 2)
czysta (DF: 1): (4761, 3)
cá (DF: 2): (1486, 1), (1659, 1)
cállate (DF: 1): (3485, 1)
cárcel (DF: 1): (1087, 1)
céili (DF: 1): (379, 1)
céline (DF: 3): (533, 1), (1197, 1), (1777, 2)
céu (DF: 2): (1415, 14), (3215, 1)
cê (DF: 9): (213, 2), (1072, 11), (1183, 2), (1881, 10), (2242, 3), (2680, 4), (2839, 2), (3692, 2), (3838, 1)
