scar (DF: 9): (4073, 2), (4113, 2), (4337, 6), (4383, 6), (4460, 1), (4710, 1), (4888, 2), (158, 1), (159, 1)
scaramouch (DF: 2): (2770, 2), (4021, 2)
scare (DF: 154): (5, 1), (80, 1), (121, 1), (146, 4), (157, 1), (168, 2), (197, 1), (209, 1), (240, 2), (245, 1), (254, 1), (295, 1), (455, 2), (520, 4), (532, 1), (548, 1), (579, 1), (591, 1), (629, 2), (641, 1), (647, 1), (686, 1), (692, 2), (799, 1), (842, 1), (859, 1), (941, 2), (959, 1), (998, 3), (1003, 3), (1126, 2), (1136, 1), (1150, 1), (1163, 1), (1164, 1), (1188, 1), (1216, 1), (1227, 1), (1258, 1), (1319, 1), (1335, 2), (1336, 1), (1356, 1), (1372, 1), (1387, 1), (1400, 1), (1482, 3), (1494, 2), (1497, 1), (1545, 1), (1547, 3), (1550, 8), (1594, 1), (1603, 1), (1621, 1), (1657, 8), (1693, 3), (1731, 5), (1742, 1), (1765, 1), (1857, 1), (1880, 1), (1990, 1), (2002, 1), (2046, 1), (2097, 1), (2123, 1), (2154, 1), (2156, 1), (2195, 1), (2356, 1), (2361, 3), (2393, 1), (2449, 2), (2454, 1), (2466, 1), (2469, 7), (2482, 1), (2495, 1), (2526, 2), (2560, 1), (2587, 3), (2591, 2), (2634, 1), (2674, 1), (2709, 1), (2713, 2), (2723, 1), (2745, 2), (2765, 2), (2787, 2), (2820, 1), (2827, 4), (2861, 3), (2864, 3), (2879, 3), (2918, 12), (2923, 2), (2954, 4), (3072, 6), (3076, 1), (3091, 2), (3166, 3), (3180, 2), (3182, 1), (3294, 1), (3483, 1), (3529, 1), (3534, 2), (3538, 1), (3597, 1), (3751, 1), (3807, 4), (3813, 2), (3884, 1), (3936, 4), (3974, 1), (3999, 6), (4020, 1), (4033, 6), (4042, 1), (4068, 1), (4135, 1), (4149, 3), (4211, 3), (4218, 1), (4234, 4), (4281, 1), (4364, 1), (4401, 1), (4408, 1), (4409, 1), (4436, 1), (4632, 6), (4690, 1), (4715, 3), (4716, 2), (4733, 1), (4762, 1), (4792, 1), (4801, 1), (691, 1), (1662, 1), (1663, 1), (1719, 1), (1720, 1), (2961, 4), (2962, 1), (3191, 10), (3192, 2), (3394, 6), (3395, 2), (4547, 1), (4548, 2)
scarecrow (DF: 2): (435, 1), (4044, 1)
scared (DF: 1): (2757, 1)
scarfac (DF: 11): (204, 1), (455, 1), (681, 1), (1328, 1), (1708, 2), (2649, 2), (2706, 1), (3597, 3), (4547, 2), (4629, 1), (4880, 1)
scari (DF: 9): (641, 4), (1865, 3), (2174, 1), (2469, 1), (2513, 3), (2883, 2), (2981, 1), (3019, 1), (4281, 1)
scaric (DF: 1): (3316, 1)
scarier (DF: 1): (4834, 1)
scariest (DF: 1): (2126, 2)
scarlet (DF: 4): (81, 1), (636, 1), (3220, 1), (3651, 2)
scarp (DF: 2): (1850, 1), (3295, 4)
scarsdal (DF: 1): (4284, 2)
scat (DF: 1): (2499, 6)
scatch (DF: 1): (2649, 1)
scatt (DF: 1): (1800, 3)
scatter (DF: 11): (278, 4), (646, 1), (1552, 1), (1647, 1), (1762, 1), (1883, 1), (2994, 2), (3379, 1), (4310, 3), (4684, 1), (4982, 1)
scatti (DF: 1): (1021, 1)
scaveng (DF: 2): (510, 1), (924, 1)
scazz (DF: 1): (1485, 1)
scc (DF: 1): (4668, 1)
scegl (DF: 1): (4873, 2)
scelg (DF: 1): (4873, 1)
scelt (DF: 1): (1848, 1)
scem (DF: 3): (63, 1), (4587, 1), (4992, 1)
scen (DF: 2): (1655, 1), (2567, 1)
scena (DF: 1): (250, 1)
scenario (DF: 3): (1949, 1), (2174, 1), (4200, 1)
scend (DF: 4): (524, 2), (1485, 1), (2498, 1), (4587, 2)
scene (DF: 101): (15, 1), (25, 2), (27, 1), (31, 1), (70, 1), (82, 1), (188, 2), (220, 1), (289, 2), (306, 1), (404, 2), (469, 1), (510, 1), (563, 1), (789, 1), (802, 1), (807, 1), (825, 1), (877, 1), (921, 1), (941, 1), (944, 1), (1041, 1), (1158, 1), (1220, 1), (1258, 1), (1272, 2), (1281, 1), (1351, 2), (1380, 2), (1381, 2), (1541, 1), (1573, 2), (1575, 1), (1760, 1), (1820, 1), (1934, 1), (1950, 1), (2008, 1), (2057, 2), (2076, 1), (2089, 2), (2208, 1), (2216, 1), (2268, 1), (2269, 1), (2278, 1), (2377, 1), (2389, 1), (2433, 1), (2511, 2), (2531, 2), (2594, 2), (2618, 1), (2649, 1), (2665, 1), (2817, 2), (2906, 1), (2922, 1), (2960, 1), (3107, 1), (3234, 6), (3247, 2), (3274, 9), (3417, 1), (3439, 1), (3444, 1), (3494, 1), (3559, 1), (3565, 1), (3611, 1), (3648, 1), (3677, 2), (3694, 1), (3758, 3), (3776, 6), (3807, 2), (3886, 13), (3888, 3), (3923, 1), (3925, 4), (3948, 1), (3963, 1), (4019, 1), (4045, 1), (4062, 1), (4122, 1), (4128, 1), (4148, 1), (4159, 1), (4185, 1), (4244, 1), (4298, 1), (4335, 1), (4378, 4), (4478, 1), (4553, 2), (4628, 1), (4631, 1), (4684, 1), (4823, 4)
sceneri (DF: 7): (922, 1), (993, 1), (2562, 1), (2636, 1), (2935, 1), (3443, 1), (4647, 1)
scent (DF: 4): (2613, 4), (2786, 1), (2907, 2), (4964, 1)
scentless (DF: 1): (2682, 1)
schach (DF: 1): (4318, 1)
schacht (DF: 1): (3048, 1)
schadel (DF: 4): (484, 1), (1845, 1), (3849, 1), (4743, 1)
schaff (DF: 1): (1176, 1)
schafter (DF: 1): (1197, 1)
schajri (DF: 1): (2860, 1)
schalt (DF: 1): (2328, 1)
scham (DF: 1): (397, 1)
