tatzeit (DF: 1): (1484, 1)
tau (DF: 1): (908, 1)
taub (DF: 2): (2463, 1), (3984, 1)
tauch (DF: 1): (3984, 1)
taught (DF: 49): (40, 1), (270, 1), (337, 1), (548, 1), (571, 2), (925, 1), (1084, 1), (1140, 1), (1163, 8), (1219, 1), (1288, 7), (1399, 1), (1462, 1), (1702, 2), (1861, 2), (1957, 2), (2131, 1), (2241, 1), (2305, 1), (2580, 1), (2584, 3), (2649, 1), (2671, 4), (2794, 3), (2809, 1), (2835, 1), (2935, 1), (3112, 2), (3198, 2), (3291, 1), (3310, 1), (3426, 2), (3440, 12), (3621, 2), (3769, 1), (3879, 3), (3919, 1), (3999, 1), (4127, 1), (4243, 1), (4338, 2), (4349, 2), (4547, 1), (4551, 2), (4669, 1), (4684, 1), (4843, 1), (4844, 1), (4962, 1)
tauis (DF: 1): (3067, 2)
taunt (DF: 1): (3562, 1)
taur (DF: 1): (4421, 1)
tauscht (DF: 1): (151, 1)
tausend (DF: 4): (1238, 1), (3048, 1), (3409, 1), (4876, 5)
tava (DF: 9): (1072, 1), (1183, 1), (1415, 1), (1659, 1), (3215, 4), (3364, 2), (3497, 1), (3838, 1), (4167, 1)
tavarez (DF: 3): (3816, 2), (4300, 6), (4594, 6)
tavern (DF: 1): (2687, 1)
tawa (DF: 1): (3150, 1)
tawk (DF: 1): (2452, 1)
tawon (DF: 1): (2637, 1)
tax (DF: 18): (250, 1), (438, 1), (842, 1), (1362, 5), (1805, 1), (2717, 1), (3052, 1), (3117, 1), (3210, 1), (3311, 3), (3316, 1), (3999, 1), (4122, 1), (4718, 2), (4866, 1), (4874, 1), (4905, 1), (4931, 1)
taxabl (DF: 1): (1708, 1)
taxi (DF: 11): (321, 1), (518, 1), (537, 5), (767, 2), (1896, 1), (2433, 1), (2550, 1), (2890, 1), (3167, 1), (3611, 1), (4183, 1)
taxin (DF: 1): (1708, 1)
taxman (DF: 3): (251, 1), (1166, 1), (1341, 1)
tay (DF: 7): (541, 1), (1216, 1), (1849, 2), (1880, 1), (2489, 2), (3310, 1), (4853, 3)
taylor (DF: 23): (507, 1), (540, 1), (862, 1), (1084, 1), (1205, 1), (1431, 1), (1490, 1), (1672, 1), (2062, 1), (2456, 1), (2708, 1), (3147, 1), (3424, 1), (3468, 2), (3522, 1), (3758, 2), (3967, 2), (4039, 1), (4337, 1), (4370, 1), (4628, 1), (4646, 2), (4770, 1)
taylr (DF: 1): (448, 1)
tayo (DF: 4): (871, 1), (3150, 1), (4657, 2), (4815, 3)
tayron (DF: 2): (891, 3), (1826, 3)
taz (DF: 1): (3420, 15)
tazmani (DF: 1): (4729, 1)
tbt (DF: 2): (2309, 1), (4072, 1)
tc (DF: 1): (1594, 1)
tch (DF: 5): (179, 1), (788, 2), (3272, 1), (4552, 1), (4601, 2)
tcha (DF: 2): (872, 2), (3882, 2)
tchaikovski (DF: 1): (2389, 1)
tchami (DF: 2): (670, 1), (1482, 1)
tchik (DF: 1): (34, 2)
tchikit (DF: 1): (34, 1)
tchoko (DF: 1): (540, 1)
tchoupitoula (DF: 1): (1216, 1)
tck (DF: 1): (3048, 1)
tdh (DF: 1): (173, 1)
tdhpis (DF: 1): (173, 1)
tdon (DF: 1): (1997, 1)
te (DF: 86): (9, 3), (30, 2), (60, 2), (63, 5), (194, 2), (213, 1), (250, 5), (306, 1), (335, 3), (524, 3), (552, 6), (852, 1), (908, 2), (1000, 8), (1010, 1), (1077, 5), (1171, 5), (1278, 6), (1415, 11), (1485, 2), (1520, 1), (1619, 1), (1659, 2), (1669, 2), (1800, 3), (1834, 1), (1848, 1), (1850, 8), (1881, 2), (1920, 40), (1979, 4), (1987, 1), (2059, 3), (2205, 3), (2210, 3), (2242, 21), (2243, 1), (2268, 3), (2277, 4), (2476, 4), (2518, 5), (2549, 7), (2631, 3), (2638, 1), (2680, 2), (2730, 4), (2735, 3), (2839, 3), (2843, 3), (2986, 10), (3095, 8), (3146, 4), (3210, 1), (3295, 9), (3355, 1), (3363, 2), (3364, 5), (3467, 9), (3491, 12), (3513, 2), (3660, 3), (3692, 3), (3717, 11), (3744, 2), (3748, 2), (3864, 1), (3870, 5), (3902, 1), (4016, 2), (4086, 5), (4109, 8), (4167, 2), (4188, 4), (4214, 3), (4357, 3), (4358, 1), (4361, 1), (4421, 4), (4597, 1), (4607, 1), (4665, 3), (4816, 3), (4849, 1), (4873, 2), (4914, 8), (4985, 6)
tea (DF: 15): (695, 1), (904, 1), (1172, 1), (1274, 1), (1436, 1), (1885, 2), (2300, 14), (2490, 4), (2719, 4), (2778, 1), (2899, 1), (3201, 1), (3223, 1), (3985, 1), (4652, 1)
teab (DF: 1): (2881, 1)
teach (DF: 53): (160, 3), (558, 1), (579, 1), (586, 1), (590, 1), (899, 1), (929, 1), (1088, 1), (1163, 1), (1219, 1), (1288, 1), (1369, 1), (1566, 1), (1611, 7), (1674, 1), (1847, 1), (1888, 1), (1922, 1), (1960, 1), (2002, 1), (2160, 1), (2198, 1), (2227, 1), (2246, 1), (2442, 1), (2497, 1), (2521, 2), (2746, 1), (2788, 1), (2835, 1), (2934, 3), (2991, 1), (3128, 1), (3164, 1), (3312, 2), (3375, 3), (3393, 1), (3547, 8), (3597, 1), (3608, 1), (3612, 1), (3635, 1), (3697, 1), (3735, 1), (4112, 6), (4154, 1), (4243, 1), (4523, 1), (4658, 1), (4787, 1), (4843, 1), (4931, 1), (4963, 1)
teacha (DF: 1): (2692, 1)
teacher (DF: 28): (719, 2), (1031, 1), (1124, 1), (1369, 1), (1555, 1), (1571, 1), (1639, 1), (1675, 1), (1784, 1), (2145, 1), (2499, 1), (2521, 1), (2655, 1), (3137, 1), (3206, 1), (3298, 1), (3383, 1), (3500, 1), (3581, 1), (3879, 1), (4244, 1), (4250, 1), (4345, 2), (4427, 1), (4551, 1), (4722, 1), (4812, 4), (4972, 1)
teachin (DF: 1): (924, 1)
teacup (DF: 1): (2060, 1)
team (DF: 61): (47, 1), (65, 2), (222, 1), (419, 1), (510, 1), (528, 1), (737, 1), (738, 1), (775, 2), (802, 1), (1028, 1), (1077, 1), (1157, 1), (1164, 1), (1174, 10), (1410, 1), (1424, 1), (1432, 1), (1448, 3), (1490, 1), (2010, 1), (2057, 2), (2084, 1), (2112, 1), (2230, 1), (2263, 1), (2377, 2), (2477, 2), (2500, 1), (2583, 1), (2605, 1), (2644, 1), (2646, 1), (2870, 3), (3010, 1), (3079, 6), (3137, 1), (3293, 1), (3300, 1), (3321, 1), (3624, 1), (3753, 1), (3821, 1), (3879, 1), (3903, 1), (3940, 1), (3974, 1), (3999, 6), (4059, 1), (4157, 1), (4259, 1), (4319, 1), (4404, 1), (4434, 1), (4460, 1), (4552, 1), (4613, 1), (4766, 1), (4784, 3), (4877, 1), (4918, 1)
teammat (DF: 1): (4142, 2)
tear (DF: 237): (5, 1), (27, 1), (36, 6), (58, 1), (74, 2), (78, 1), (81, 1), (103, 1), (120, 1), (155, 18), (159, 1), (196, 4), (235, 1), (244, 1), (267, 8), (299, 3), (300, 1), (338, 4), (402, 2), (410, 1), (425, 1), (428, 1), (432, 1), (446, 1), (451, 1), (464, 1), (470, 1), (487, 1), (496, 1), (551, 2), (559, 1), (585, 2), (586, 1), (602, 1), (644, 2), (678, 1), (683, 2), (701, 1), (712, 1), (731, 1), (763, 6), (764, 1), (787, 1), (796, 1), (847, 2), (896, 1), (960, 8), (1001, 3), (1009, 4), (1048, 1), (1071, 1), (1121, 1), (1162, 1), (1243, 2), (1245, 2), (1261, 1), (1299, 2), (1323, 1), (1328, 4), (1359, 3), (1361, 1), (1378, 2), (1392, 2), (1436, 1), (1454, 1), (1475, 1), (1483, 3), (1497, 4), (1529, 12), (1538, 1), (1545, 1), (1608, 3), (1613, 1), (1639, 2), (1649, 1), (1680, 4), (1684, 3), (1696, 1), (1709, 7), (1713, 1), (1735, 1), (1741, 2), (1742, 3), (1745, 1), (1783, 2), (1805, 1), (1817, 1), (1835, 2), (1852, 1), (1868, 2), (1877, 1), (1883, 1), (1915, 2), (1922, 1), (1934, 2), (1943, 1), (1948, 4), (1969, 1), (1983, 2), (2016, 1), (2023, 1), (2047, 1), (2060, 1), (2103, 2), (2113, 1), (2115, 1), (2128, 4), (2138, 2), (2175, 4), (2185, 1), (2199, 1), (2206, 2), (2220, 1), (2228, 1), (2273, 1), (2278, 1), (2294, 1), (2310, 1), (2317, 2), (2332, 1), (2335, 3), (2337, 2), (2347, 2), (2396, 1), (2398, 2), (2419, 1), (2427, 6), (2438, 2), (2440, 3), (2442, 1), (2579, 6), (2580, 1), (2586, 2), (2594, 1), (2597, 1), (2621, 2), (2634, 1), (2649, 1), (2679, 3), (2723, 1), (2773, 1), (2790, 1), (2850, 1), (2852, 1), (2887, 1), (2907, 2), (2930, 11), (2940, 2), (2961, 1), (2994, 8), (3012, 1), (3046, 1), (3066, 3), (3103, 2), (3109, 11), (3113, 1), (3119, 1), (3165, 3), (3168, 1), (3200, 1), (3230, 5), (3259, 1), (3266, 1), (3284, 2), (3287, 4), (3294, 4), (3307, 2), (3343, 4), (3349, 1), (3366, 2), (3370, 2), (3374, 1), (3386, 1), (3388, 1), (3390, 6), (3404, 4), (3406, 1), (3452, 2), (3474, 1), (3574, 9), (3600, 1), (3635, 1), (3739, 8), (3742, 3), (3754, 4), (3760, 1), (3773, 6), (3779, 1), (3792, 6), (3806, 6), (3820, 1), (3822, 4), (3828, 1), (3845, 1), (3852, 4), (3861, 1), (3869, 1), (3871, 1), (3873, 1), (3901, 1), (3921, 2), (3933, 1), (3938, 7), (3951, 1), (3963, 1), (3982, 3), (3983, 3), (4063, 6), (4074, 1), (4118, 2), (4120, 17), (4148, 1), (4201, 15), (4230, 1), (4255, 1), (4298, 1), (4346, 1), (4383, 10), (4407, 1), (4413, 2), (4509, 1), (4523, 1), (4538, 1), (4569, 1), (4578, 4), (4613, 1), (4615, 1), (4634, 1), (4655, 1), (4656, 3), (4660, 2), (4684, 1), (4685, 1), (4716, 1), (4880, 1), (4917, 1), (4968, 1)
teardrop (DF: 8): (102, 1), (240, 1), (1431, 1), (2946, 1), (3608, 1), (4588, 1), (4656, 1), (4708, 1)
teari (DF: 1): (2075, 1)
tearin (DF: 6): (1410, 1), (2068, 2), (2164, 1), (2294, 1), (3113, 2), (3938, 1)
tearsh (DF: 1): (1868, 5)
tearstain (DF: 1): (633, 1)
teas (DF: 37): (100, 1), (166, 2), (359, 2), (382, 6), (406, 1), (551, 1), (684, 2), (740, 1), (812, 1), (904, 1), (1015, 1), (1168, 3), (1246, 1), (1493, 2), (1516, 4), (1528, 4), (1532, 14), (1561, 1), (1867, 1), (2093, 2), (2232, 1), (2239, 6), (2404, 1), (2428, 2), (2653, 1), (2816, 1), (2829, 1), (2837, 1), (2873, 1), (2981, 2), (3016, 1), (3507, 1), (3803, 1), (4609, 1), (4611, 1), (4669, 1), (4897, 1)
teaser (DF: 4): (1997, 1), (2595, 1), (4831, 1), (4944, 1)
teasin (DF: 3): (153, 2), (1931, 1), (2687, 1)
tebow (DF: 1): (4620, 1)
tec (DF: 17): (159, 1), (407, 1), (469, 1), (490, 1), (825, 1), (829, 3), (1799, 2), (1833, 1), (2014, 3), (2612, 1), (2636, 1), (3110, 4), (3485, 6), (4365, 1), (4410, 1), (4834, 1), (4837, 1)
tecca (DF: 5): (55, 2), (3571, 1), (3681, 2), (4558, 1), (4820, 1)
tech (DF: 19): (34, 1), (184, 1), (1028, 1), (1118, 1), (1677, 1), (1702, 1), (1856, 1), (2316, 1), (2520, 2), (2885, 1), (2909, 1), (2958, 1), (2972, 2), (3100, 1), (3277, 1), (3667, 1), (4153, 1), (4226, 1), (4560, 1)
technic (DF: 3): (2957, 1), (3485, 1), (3731, 1)
technicolour (DF: 1): (3966, 11)
technik (DF: 1): (3437, 1)
techniqu (DF: 1): (4828, 1)
techno (DF: 2): (1028, 1), (4652, 1)
technolog (DF: 4): (619, 3), (683, 1), (1412, 1), (4012, 1)
technotron (DF: 2): (1779, 1), (2434, 1)
techo (DF: 1): (3902, 1)
tecnic (DF: 5): (1193, 1), (1519, 24), (2034, 6), (4484, 1), (4709, 1)
tecolot (DF: 1): (3902, 1)
ted (DF: 12): (222, 1), (781, 1), (1531, 12), (1815, 1), (1837, 1), (1999, 3), (2194, 1), (3265, 4), (3593, 2), (4155, 1), (4655, 2), (4684, 1)
teddi (DF: 18): (449, 1), (781, 1), (973, 1), (1949, 1), (1999, 3), (2104, 1), (2241, 2), (2251, 1), (2716, 3), (2809, 2), (2865, 1), (3244, 1), (3589, 1), (3922, 1), (4155, 1), (4580, 2), (4717, 1), (4907, 1)
tedi (DF: 1): (4752, 1)
tedu (DF: 1): (2567, 2)
