presenci (DF: 3): (1687, 1), (2828, 1), (4560, 1)
present (DF: 107): (65, 1), (182, 1), (210, 1), (245, 1), (276, 1), (280, 1), (299, 1), (306, 1), (351, 1), (353, 6), (403, 3), (417, 1), (421, 1), (513, 2), (514, 1), (594, 1), (607, 1), (662, 1), (686, 1), (715, 1), (839, 1), (858, 1), (975, 1), (1013, 1), (1052, 1), (1098, 1), (1194, 1), (1268, 1), (1305, 1), (1316, 1), (1324, 1), (1340, 1), (1351, 1), (1355, 1), (1379, 1), (1392, 1), (1535, 1), (1628, 1), (1665, 8), (1747, 2), (1783, 2), (1842, 3), (1876, 3), (1912, 1), (2015, 1), (2039, 1), (2042, 1), (2061, 1), (2072, 1), (2124, 1), (2284, 1), (2316, 1), (2416, 1), (2422, 1), (2435, 1), (2470, 1), (2497, 1), (2607, 1), (2634, 1), (2640, 1), (2656, 2), (2676, 2), (2677, 1), (2691, 1), (2715, 1), (2749, 2), (2792, 1), (2888, 1), (2933, 1), (2936, 1), (3004, 1), (3057, 1), (3070, 6), (3105, 1), (3128, 1), (3134, 1), (3281, 1), (3351, 2), (3361, 1), (3502, 2), (3504, 1), (3540, 1), (3549, 1), (3569, 1), (3605, 1), (3633, 2), (3650, 1), (3669, 1), (3676, 1), (3677, 1), (3796, 1), (3855, 1), (3860, 1), (4037, 1), (4080, 1), (4270, 1), (4273, 1), (4344, 1), (4345, 1), (4347, 1), (4591, 2), (4696, 1), (4852, 1), (4884, 2), (4916, 1), (44, 1), (45, 1)
presenta (DF: 1): (1485, 1)
presentement (DF: 1): (2839, 1)
presenti (DF: 1): (1687, 1)
presents (DF: 2): (2180, 1), (4445, 1)
preserv (DF: 3): (1875, 1), (1994, 1), (3594, 1)
presid (DF: 25): (13, 1), (27, 1), (337, 2), (808, 1), (946, 2), (986, 1), (1311, 1), (1375, 8), (1820, 1), (2045, 1), (2061, 1), (2177, 1), (2241, 1), (2584, 1), (2691, 1), (2809, 1), (3553, 4), (3821, 1), (3904, 1), (4054, 2), (4632, 2), (4788, 2), (4844, 1), (4887, 1), (4962, 1)
president (DF: 2): (1461, 1), (3492, 1)
presidenti (DF: 6): (673, 1), (2706, 1), (3152, 1), (4046, 2), (4226, 1), (4341, 1)
presient (DF: 1): (4011, 4)
presion (DF: 15): (12, 2), (567, 3), (711, 1), (1277, 2), (1677, 1), (1686, 1), (2021, 1), (2429, 1), (3219, 24), (3313, 4), (3358, 1), (3399, 1), (3609, 2), (4729, 1), (4912, 1)
preso (DF: 2): (1072, 1), (3215, 1)
presqu (DF: 1): (649, 4)
press (DF: 36): (89, 4), (211, 1), (246, 2), (334, 2), (352, 1), (541, 1), (564, 2), (606, 1), (692, 2), (915, 1), (967, 1), (1028, 1), (1086, 2), (1157, 1), (1214, 3), (1351, 2), (1374, 2), (1510, 3), (1513, 1), (1715, 1), (1820, 1), (2061, 1), (2170, 1), (2521, 4), (2692, 1), (3196, 34), (3543, 1), (3812, 2), (3833, 1), (3848, 1), (3938, 1), (3974, 1), (4019, 1), (4127, 1), (4764, 1), (4911, 1)
pressin (DF: 3): (1374, 2), (2356, 1), (3010, 1)
pressur (DF: 58): (179, 1), (185, 2), (204, 1), (383, 1), (604, 4), (746, 1), (920, 5), (959, 1), (966, 1), (1097, 1), (1103, 1), (1203, 5), (1249, 1), (1269, 1), (1276, 1), (1299, 1), (1331, 11), (1439, 7), (1475, 3), (1573, 4), (1870, 3), (1962, 1), (2052, 1), (2063, 2), (2094, 1), (2232, 1), (2469, 2), (2507, 2), (2596, 1), (2599, 1), (2714, 1), (2723, 1), (2780, 1), (2810, 1), (3044, 1), (3312, 1), (3374, 1), (3380, 1), (3429, 1), (3483, 1), (3484, 1), (3522, 1), (3565, 1), (3602, 1), (3693, 1), (3707, 2), (3761, 5), (3929, 3), (3941, 1), (3960, 1), (4126, 1), (4145, 1), (4366, 10), (4412, 4), (4740, 1), (4844, 1), (4880, 1), (4905, 2)
pressão (DF: 1): (3838, 1)
prest (DF: 10): (269, 1), (283, 2), (1177, 2), (1213, 12), (1850, 1), (3954, 1), (4484, 2), (4532, 1), (4671, 2), (4729, 1)
presta (DF: 1): (1072, 2)
prestam (DF: 2): (791, 1), (3908, 1)
prestig (DF: 2): (345, 2), (4427, 1)
presto (DF: 1): (1278, 1)
preston (DF: 2): (1850, 1), (1896, 1)
presum (DF: 7): (117, 1), (728, 4), (1022, 1), (1295, 2), (3071, 1), (3183, 1), (3876, 1)
pret (DF: 1): (4853, 2)
preta (DF: 3): (2833, 1), (3364, 1), (3692, 1)
pretend (DF: 87): (62, 4), (104, 1), (157, 3), (232, 1), (259, 5), (297, 1), (454, 6), (462, 8), (494, 8), (516, 1), (627, 10), (694, 1), (850, 2), (920, 1), (990, 1), (1012, 1), (1091, 1), (1102, 3), (1123, 1), (1126, 6), (1202, 1), (1289, 5), (1298, 1), (1361, 1), (1420, 1), (1613, 1), (1615, 4), (1663, 1), (1673, 2), (1699, 1), (1720, 8), (1820, 1), (1857, 2), (1870, 1), (1913, 1), (1930, 2), (1945, 1), (1958, 1), (2097, 4), (2165, 2), (2199, 1), (2300, 1), (2318, 1), (2353, 1), (2367, 1), (2400, 2), (2513, 1), (2559, 1), (2613, 4), (2713, 1), (2748, 1), (2788, 1), (2799, 3), (2849, 8), (2851, 1), (2900, 1), (3008, 2), (3051, 8), (3114, 2), (3143, 2), (3157, 2), (3180, 2), (3247, 2), (3268, 1), (3274, 1), (3412, 2), (3490, 1), (3553, 54), (3711, 2), (3769, 1), (3856, 2), (3900, 1), (3908, 1), (3948, 1), (4031, 2), (4055, 2), (4116, 1), (4135, 2), (4206, 1), (4249, 1), (4270, 1), (4338, 2), (4404, 1), (4429, 1), (4489, 2), (4549, 1), (4564, 1)
