radio (DF: 135): (2176, 1), (2216, 2), (2222, 1), (2226, 1), (2234, 1), (2314, 1), (2372, 1), (2389, 1), (2418, 1), (2425, 2), (2427, 1), (2456, 1), (2467, 1), (2477, 1), (2509, 1), (2524, 1), (2575, 1), (2593, 1), (2610, 2), (2621, 2), (2622, 1), (2660, 1), (2669, 1), (2689, 1), (2692, 1), (2726, 1), (2738, 1), (2746, 1), (2751, 1), (2769, 1), (2777, 1), (2838, 1), (2844, 1), (2849, 1), (2872, 1), (2900, 1), (2909, 2), (2936, 1), (2966, 1), (3034, 1), (3057, 1), (3114, 1), (3127, 1), (3153, 2), (3229, 2), (3240, 1), (3252, 1), (3265, 1), (3268, 2), (3273, 2), (3279, 1), (3298, 1), (3336, 1), (3338, 1), (3354, 1), (3398, 1), (3405, 1), (3442, 2), (3457, 2), (3468, 1), (3481, 2), (3502, 1), (3533, 1), (3543, 1), (3566, 1), (3567, 1), (3592, 1), (3677, 5), (3683, 33), (3725, 2), (3739, 1), (3743, 1), (3783, 1), (3794, 2), (3802, 1), (3809, 2), (3848, 1), (3880, 2), (3892, 1), (3896, 1), (3904, 1), (3922, 2), (3928, 1), (3941, 1), (3956, 1), (3957, 1), (3973, 1), (3987, 1), (4002, 1), (4008, 2), (4017, 3), (4062, 1), (4070, 1), (4085, 1), (4090, 1), (4108, 1), (4175, 1), (4212, 1), (4226, 1), (4265, 1), (4327, 1), (4353, 1), (4410, 1), (4418, 1), (4427, 2), (4447, 1), (4476, 2), (4522, 10), (4529, 1), (4546, 12), (4559, 1), (4573, 1), (4630, 1), (4638, 1), (4675, 1), (4708, 1), (4744, 2), (4775, 1), (4776, 1), (4889, 1), (4919, 1), (4969, 2), (4985, 1), (704, 1), (706, 2), (1512, 1), (1513, 2), (2190, 1), (2191, 1), (4072, 1), (4074, 2), (4282, 1), (4283, 1), (4377, 1), (4378, 1)
radiohead (DF: 6): (137, 1), (1658, 1), (1968, 1), (2503, 6), (2559, 1), (4067, 1)
radiu (DF: 1): (4582, 2)
radium (DF: 1): (723, 1)
radric (DF: 2): (938, 1), (2397, 1)
rae (DF: 10): (1832, 1), (3218, 1), (3731, 2), (4211, 1), (4218, 1), (4610, 1), (4774, 1), (4831, 2), (4866, 1), (4920, 2)
raei (DF: 1): (2906, 1)
raekwon (DF: 5): (406, 1), (3374, 1), (3726, 1), (3731, 1), (4069, 2)
raemon (DF: 1): (72, 1)
raf (DF: 4): (525, 1), (3897, 2), (4358, 1), (4833, 1)
raffa (DF: 1): (213, 1)
rafiki (DF: 1): (673, 1)
raft (DF: 1): (3183, 1)
rag (DF: 17): (68, 1), (441, 1), (993, 1), (2278, 2), (2650, 2), (2735, 1), (2887, 1), (3466, 1), (3772, 1), (3909, 1), (3963, 2), (4100, 1), (4197, 1), (4250, 2), (4604, 1), (4700, 2), (4818, 1)
ragazz (DF: 3): (3295, 1), (3954, 3), (4992, 2)
ragazzi (DF: 1): (2951, 8)
ragazzin (DF: 2): (1850, 3), (4587, 3)
rage (DF: 44): (40, 1), (121, 1), (264, 1), (336, 1), (453, 1), (581, 1), (650, 1), (683, 1), (838, 1), (882, 2), (1196, 1), (1541, 1), (1600, 3), (1727, 1), (1779, 1), (1909, 1), (2032, 1), (2184, 1), (2404, 1), (2428, 2), (2569, 1), (2808, 3), (2873, 1), (3132, 15), (3164, 1), (3293, 1), (3490, 1), (3562, 1), (3565, 1), (3751, 1), (3759, 1), (3779, 1), (3871, 2), (3899, 40), (3992, 2), (4097, 2), (4261, 1), (4459, 1), (4490, 1), (4522, 1), (4615, 1), (4684, 1), (4786, 1), (4897, 1)
ragg (DF: 1): (4890, 1)
raggaeton (DF: 9): (438, 1), (640, 1), (746, 1), (762, 1), (1255, 1), (1924, 1), (2814, 1), (3311, 1), (4386, 1)
ragged (DF: 1): (2757, 1)
raggedi (DF: 1): (2039, 1)
raggi (DF: 1): (971, 1)
ragin (DF: 3): (408, 1), (2592, 1), (3234, 2)
ragion (DF: 3): (1848, 3), (2518, 1), (2549, 1)
ragtim (DF: 1): (1381, 1)
ragtop (DF: 1): (306, 1)
ragú (DF: 1): (3498, 1)
rah (DF: 4): (673, 6), (696, 2), (737, 1), (4995, 6)
raha (DF: 1): (1834, 5)
raheem (DF: 5): (930, 1), (1675, 1), (2105, 1), (2686, 1), (3420, 7)
rahman (DF: 1): (430, 1)
rahmeen (DF: 1): (3867, 1)
rahsaan (DF: 2): (1679, 2), (2536, 2)
rai (DF: 1): (3539, 1)
raic (DF: 1): (353, 1)
raichu (DF: 1): (4582, 2)
raid (DF: 6): (338, 1), (2892, 1), (3287, 1), (3949, 3), (4468, 1), (4903, 1)
raider (DF: 2): (2093, 2), (3562, 1)
raiders (DF: 1): (4852, 1)
raidin (DF: 1): (3628, 1)
rail (DF: 3): (3510, 2), (3578, 1), (4492, 1)
railroad (DF: 5): (1380, 2), (1471, 1), (2965, 1), (3708, 12), (3760, 1)
railway (DF: 2): (2757, 1), (3320, 2)
rain (DF: 63): (25, 4), (31, 2), (124, 3), (164, 1), (181, 2), (197, 1), (220, 1), (253, 1), (263, 2), (264, 1), (296, 3), (308, 71), (340, 8), (360, 3), (392, 2), (396, 2), (454, 6), (504, 1), (535, 4), (562, 1), (571, 2), (686, 1), (713, 2), (758, 2), (782, 1), (829, 1), (857, 1), (937, 83), (939, 1), (967, 1), (1040, 17), (1067, 1), (1083, 20), (1114, 2), (1149, 12), (1167, 3), (1186, 4), (1226, 1), (1281, 9), (1315, 1), (1359, 1), (1373, 85), (1378, 6), (1414, 1), (1431, 1), (1434, 5), (1437, 1), (1458, 6), (1488, 3), (1496, 1), (1506, 1), (1512, 1), (1533, 1), (1543, 1), (1548, 8), (1576, 3), (1604, 1), (1609, 2), (1613, 5), (1617, 2), (1624, 1), (1632, 1), (1641, 2)
