head (DF: 86): (1426, 1), (1428, 1), (1512, 1), (1513, 1), (1594, 1), (1595, 1), (1608, 1), (1609, 2), (1673, 2), (1674, 3), (1718, 1), (1719, 1), (2134, 3), (2135, 3), (2137, 5), (2173, 1), (2174, 1), (2294, 1), (2297, 1), (2441, 2), (2442, 2), (2570, 4), (2572, 1), (2627, 3), (2628, 2), (2695, 1), (2696, 2), (2761, 3), (2762, 1), (2976, 3), (2977, 2), (3016, 2), (3018, 1), (3072, 5), (3075, 1), (3086, 9), (3087, 1), (3185, 5), (3186, 1), (3235, 1), (3237, 2), (3310, 1), (3311, 7), (3312, 3), (3333, 6), (3335, 1), (3393, 1), (3395, 2), (3538, 1), (3540, 1), (3661, 1), (3662, 4), (3776, 1), (3777, 2), (3854, 3), (3855, 2), (4055, 2), (4056, 2), (4113, 2), (4115, 1), (4384, 2), (4385, 1), (4471, 1), (4473, 3), (4724, 1), (4727, 1), (4740, 1), (4741, 1), (4885, 1), (4887, 2), (4973, 10), (4974, 7), (591, 1), (592, 5), (593, 2), (2298, 4), (2299, 1), (2300, 4), (2974, 1), (2975, 1), (3166, 1), (3167, 1), (3169, 1), (4279, 4), (4280, 32), (4281, 1)
headach (DF: 7): (145, 1), (336, 1), (510, 1), (1719, 1), (1883, 1), (2754, 6), (4773, 1)
headedwith (DF: 1): (591, 1)
headhunt (DF: 1): (547, 1)
headhunterz (DF: 3): (2654, 1), (4002, 1), (4650, 1)
headi (DF: 2): (1574, 2), (2573, 1)
headin (DF: 3): (2821, 1), (2879, 2), (2886, 2)
headlight (DF: 14): (67, 1), (218, 6), (302, 1), (1794, 1), (1862, 5), (2274, 4), (2378, 1), (2523, 1), (2630, 1), (3247, 2), (3494, 2), (3948, 1), (4261, 1), (4299, 5)
headlin (DF: 4): (425, 1), (1357, 2), (1640, 1), (4897, 1)
headlock (DF: 1): (740, 6)
headlong (DF: 1): (1350, 1)
headphani (DF: 1): (4552, 1)
headphon (DF: 6): (1479, 1), (2691, 1), (3441, 1), (3802, 1), (4526, 1), (4900, 1)
headpiec (DF: 1): (4407, 1)
headquart (DF: 1): (642, 1)
headston (DF: 2): (2791, 1), (4169, 1)
headstrong (DF: 4): (521, 1), (1097, 1), (2764, 13), (3661, 1)
heah (DF: 2): (1248, 1), (2198, 1)
heal (DF: 50): (13, 1), (36, 3), (121, 1), (309, 2), (433, 1), (471, 1), (507, 1), (668, 1), (674, 1), (687, 1), (698, 2), (722, 2), (1075, 1), (1138, 1), (1302, 2), (1344, 2), (1535, 4), (1590, 1), (1656, 1), (1897, 3), (1923, 2), (2166, 1), (2419, 1), (2532, 1), (2761, 3), (2775, 4), (2856, 1), (2886, 2), (2894, 1), (2996, 9), (3066, 6), (3073, 2), (3103, 1), (3153, 2), (3177, 3), (3189, 1), (3317, 7), (3334, 3), (3574, 1), (3688, 1), (3713, 1), (3904, 1), (4010, 1), (4015, 4), (4048, 3), (4050, 1), (4483, 2), (4578, 2), (4737, 1), (4877, 1)
healer (DF: 1): (4119, 1)
healin (DF: 1): (4546, 3)
health (DF: 15): (472, 1), (638, 1), (1210, 12), (1651, 1), (2160, 1), (2676, 1), (2978, 1), (3220, 1), (3338, 2), (3371, 1), (3790, 1), (3813, 2), (4154, 1), (4481, 1), (4593, 1)
healthcar (DF: 1): (1837, 1)
healthi (DF: 4): (1276, 1), (1835, 1), (3429, 1), (4272, 2)
heap (DF: 3): (1469, 1), (2878, 1), (3238, 1)
hear (DF: 168): (18, 12), (30, 8), (56, 1), (57, 4), (59, 1), (72, 1), (74, 18), (78, 2), (114, 3), (123, 3), (126, 14), (136, 4), (142, 1), (154, 1), (158, 4), (159, 1), (209, 1), (220, 1), (225, 2), (235, 4), (258, 1), (266, 3), (279, 2), (307, 3), (314, 3), (320, 1), (324, 1), (337, 1), (352, 1), (357, 1), (375, 1), (391, 6), (402, 1), (410, 3), (411, 2), (420, 1), (433, 1), (435, 2), (442, 3), (443, 1), (455, 4), (458, 1), (470, 2), (487, 1), (492, 3), (495, 2), (503, 4), (513, 2), (515, 2), (522, 1), (527, 1), (532, 1), (548, 1), (571, 1), (591, 1), (638, 1), (639, 1), (657, 1), (671, 2), (690, 1), (691, 1), (698, 10), (699, 1), (705, 2), (708, 1), (720, 1), (726, 3), (729, 1), (732, 1), (766, 2), (792, 4), (803, 1), (817, 1), (828, 1), (840, 8), (875, 1), (925, 2), (927, 1), (930, 1), (935, 6), (941, 4), (946, 2), (948, 2), (958, 3), (965, 6), (985, 1), (994, 2), (1006, 2), (1014, 1), (1019, 1), (1021, 1), (1024, 5), (1059, 2), (1070, 9), (1075, 1), (1130, 2), (1145, 1), (1148, 3), (1163, 1), (1170, 6), (1172, 1), (1185, 1), (1194, 2), (1201, 1), (1204, 1), (1211, 2), (1216, 2), (1227, 2), (1229, 1), (1240, 2), (1245, 2), (1256, 1), (1268, 3), (1281, 2), (1287, 1), (1288, 6), (1302, 1), (1304, 1), (1325, 2), (1350, 1), (1354, 1), (1361, 1), (1373, 14), (1389, 4), (1392, 2), (1400, 1), (1402, 2), (1429, 1), (1431, 1), (1438, 2), (1456, 3), (1471, 1), (1473, 1), (1477, 2), (1499, 1), (1504, 1), (1515, 3), (1520, 1), (1532, 28), (1547, 1), (1552, 1), (1559, 2), (1561, 1), (1568, 1), (1569, 1), (1575, 1), (1594, 1), (1626, 8), (1631, 1), (1643, 2), (1649, 2), (1663, 1), (1668, 2), (1682, 1), (1693, 3), (1699, 1), (1708, 4), (1718, 1), (1750, 2), (1760, 1), (1762, 1), (1766, 1), (1781, 1), (1792, 1), (1823, 3), (1831, 2), (1838, 1), (1858, 1)
