aquilina (DF: 1): (1496, 1)
aquilo (DF: 1): (3838, 1)
aquí (DF: 7): (299, 1), (1171, 3), (1520, 2), (1649, 1), (2843, 1), (4214, 3), (4267, 4)
ar (DF: 15): (31, 1), (69, 1), (555, 3), (696, 1), (829, 1), (1477, 1), (1486, 6), (1547, 1), (1687, 5), (1787, 1), (1953, 1), (2033, 3), (2801, 2), (3497, 1), (4346, 1)
ara (DF: 1): (430, 1)
arab (DF: 4): (1845, 1), (2075, 1), (2170, 1), (4318, 1)
arabi (DF: 1): (1218, 43)
arabia (DF: 1): (4303, 1)
arabian (DF: 1): (2075, 1)
arachaeg (DF: 1): (2817, 1)
araen (DF: 1): (2817, 1)
aragon (DF: 1): (615, 1)
aran (DF: 1): (1102, 1)
araw (DF: 1): (4657, 5)
arañ (DF: 1): (3890, 1)
arbeidstijd (DF: 1): (2260, 1)
arbejd (DF: 1): (4425, 1)
arbi (DF: 1): (3068, 1)
arbi3 (DF: 1): (4387, 1)
arbitr (DF: 1): (540, 1)
arbol (DF: 1): (353, 1)
arbre (DF: 1): (4986, 2)
arcad (DF: 3): (223, 1), (1912, 1), (4441, 3)
arcadia (DF: 2): (1936, 1), (3679, 7)
arcadium (DF: 1): (2366, 1)
arcangel (DF: 4): (1524, 2), (3996, 3), (4469, 3), (4729, 2)
arch (DF: 5): (1253, 1), (2284, 12), (3277, 1), (4044, 1), (4696, 1)
archer (DF: 1): (1330, 1)
archi (DF: 2): (1253, 5), (1829, 4)
archimed (DF: 1): (2170, 1)
architectur (DF: 1): (1647, 1)
architrackz (DF: 1): (3748, 1)
arco (DF: 1): (2322, 1)
arcoiris (DF: 1): (2662, 1)
arctic (DF: 2): (291, 1), (1656, 1)
arctiqu (DF: 1): (1089, 1)
ard (DF: 1): (4995, 1)
arde (DF: 5): (1677, 2), (1687, 1), (2805, 1), (3495, 2), (4032, 2)
ardiend (DF: 1): (3419, 3)
ardient (DF: 3): (1939, 1), (2656, 1), (4671, 2)
ardipithecus (DF: 1): (2206, 1)
ardit (DF: 1): (2018, 1)
are (DF: 13): (44, 1), (1004, 6), (1461, 2), (1677, 1), (2648, 2), (2757, 5), (2967, 1), (3090, 1), (3111, 1), (3284, 2), (3419, 1), (4347, 2), (4909, 6)
area (DF: 11): (68, 2), (159, 1), (436, 4), (970, 7), (1292, 1), (1477, 1), (1922, 1), (2594, 1), (2690, 1), (4100, 1), (4834, 1)
aren (DF: 26): (53, 1), (216, 1), (217, 1), (252, 1), (364, 6), (417, 1), (891, 1), (1046, 10), (1061, 3), (1300, 2), (1305, 3), (1582, 1), (1677, 1), (1826, 1), (2473, 1), (2757, 1), (2805, 1), (3158, 1), (3313, 1), (3401, 1), (3421, 1), (3603, 1), (4419, 1), (4532, 1), (4908, 2), (4954, 1)
arena (DF: 9): (168, 1), (326, 1), (804, 4), (905, 1), (1727, 2), (2843, 1), (3565, 1), (4267, 1), (4298, 1)
arener (DF: 1): (4666, 1)
aretha (DF: 2): (3315, 1), (4698, 1)
arg (DF: 1): (2637, 1)
argelin (DF: 1): (2150, 1)
argent (DF: 2): (3453, 1), (4440, 1)
argentin (DF: 16): (143, 2), (283, 1), (347, 1), (480, 2), (1296, 1), (1424, 2), (1476, 2), (2354, 1), (2662, 1), (2739, 2), (3269, 1), (4032, 2), (4361, 2), (4504, 2), (4651, 2), (4912, 2)
argh (DF: 2): (44, 1), (2084, 1)
argu (DF: 10): (1573, 2), (1839, 3), (2233, 1), (2394, 1), (2586, 3), (2812, 1), (3049, 1), (3193, 1), (3789, 1), (3895, 6)
arguin (DF: 1): (2634, 1)
argument (DF: 5): (726, 2), (1229, 2), (3404, 1), (3412, 2), (4031, 1)
argüend (DF: 1): (3603, 1)
arh (DF: 1): (4714, 12)
ari (DF: 11): (893, 1), (1559, 2), (2246, 1), (2683, 2), (2941, 2), (3121, 1), (3723, 2), (3777, 1), (4182, 1), (4572, 1), (4992, 1)
aria (DF: 2): (1028, 1), (4298, 3)
ariana (DF: 14): (95, 1), (215, 1), (273, 2), (357, 3), (1725, 1), (1867, 1), (1887, 1), (2522, 1), (2780, 1), (2920, 1), (3809, 2), (3993, 7), (4160, 1), (4270, 1)
arigato (DF: 1): (4012, 17)
arindha (DF: 1): (3471, 1)
arintha (DF: 1): (3471, 1)
aris (DF: 4): (407, 1), (453, 1), (2184, 3), (4786, 1)
arisc (DF: 2): (371, 1), (1803, 4)
ariv (DF: 1): (3471, 1)
arivaai (DF: 1): (3471, 1)
arivukkul (DF: 1): (3471, 1)
arizona (DF: 5): (1174, 1), (3238, 1), (3594, 1), (3944, 4), (4736, 1)
ark (DF: 3): (1699, 1), (2260, 1), (2435, 1)
arkansa (DF: 2): (816, 1), (3594, 1)
arlo (DF: 1): (2124, 1)
arm (DF: 64): (174, 8), (196, 8), (223, 1), (228, 1), (239, 3), (365, 1), (379, 1), (419, 2), (422, 1), (464, 5), (517, 1), (582, 2), (585, 2), (618, 2), (633, 1), (659, 1), (668, 1), (678, 2), (684, 1), (745, 2), (763, 3), (800, 1), (853, 3), (1052, 1), (1059, 1), (1087, 1), (1088, 2), (1151, 1), (1182, 3), (1206, 6), (1209, 1), (1250, 2), (1258, 1), (1347, 16), (1375, 8), (1396, 1), (1463, 2), (1492, 3), (1508, 2), (1522, 3), (1649, 2), (1656, 1), (1674, 2), (1692, 1), (1738, 1), (1745, 12), (1771, 6), (1823, 1), (1832, 6), (1858, 1), (1866, 2), (1871, 3), (1909, 1), (1923, 6), (1944, 4), (1969, 6), (1989, 1), (2000, 1), (2044, 3), (2061, 1), (2138, 1), (2196, 1), (2210, 3), (2223, 4)
