colombia (DF: 1): (1899, 1)
colombian (DF: 3): (552, 1), (2357, 1), (4284, 12)
colonel (DF: 1): (1216, 1)
coloni (DF: 1): (711, 1)
colonis (DF: 1): (3234, 2)
coloniz (DF: 1): (353, 1)
coloqu (DF: 1): (2354, 1)
color (DF: 113): (77, 1), (110, 1), (113, 4), (143, 2), (152, 1), (194, 1), (216, 1), (248, 1), (252, 1), (257, 2), (360, 1), (405, 1), (496, 3), (578, 21), (594, 2), (616, 1), (623, 1), (659, 3), (682, 1), (688, 2), (705, 1), (836, 1), (946, 2), (972, 1), (1013, 3), (1031, 1), (1079, 1), (1099, 2), (1124, 1), (1159, 1), (1189, 3), (1221, 4), (1224, 1), (1240, 1), (1355, 1), (1366, 1), (1372, 1), (1442, 1), (1539, 2), (1588, 1), (1686, 5), (1712, 1), (1878, 1), (2000, 1), (2046, 1), (2143, 1), (2154, 1), (2180, 3), (2201, 1), (2285, 2), (2301, 1), (2354, 2), (2361, 1), (2458, 1), (2480, 1), (2525, 1), (2527, 2), (2546, 1), (2565, 1), (2666, 4), (2727, 1), (2747, 1), (2792, 1), (2807, 1), (2831, 1), (2847, 12), (2884, 1), (2937, 1), (2967, 1), (2979, 2), (3031, 1), (3044, 1), (3188, 2), (3232, 1), (3269, 1), (3317, 7), (3347, 1), (3388, 1), (3421, 1), (3473, 1), (3509, 1), (3581, 1), (3604, 1), (3623, 1), (3786, 6), (3788, 1), (3801, 1), (3834, 3), (3845, 1), (3854, 1), (3890, 2), (3896, 1), (3907, 24), (3987, 2), (4032, 1), (4066, 1), (4090, 12), (4117, 1), (4122, 1), (4142, 1), (4221, 2), (4243, 3), (4250, 2), (4450, 1), (4659, 2), (4742, 16), (4779, 12), (4844, 1), (4873, 2), (4886, 4), (4925, 1), (4941, 1), (4972, 1)
colorado (DF: 3): (301, 1), (3033, 1), (4206, 1)
colorsit (DF: 1): (364, 6)
coloss (DF: 2): (4319, 1), (4490, 1)
colour (DF: 24): (205, 1), (393, 2), (442, 1), (482, 2), (593, 1), (619, 1), (745, 1), (899, 1), (1021, 1), (1667, 1), (1782, 1), (2063, 3), (2135, 2), (2234, 1), (2526, 1), (2596, 1), (3252, 1), (3256, 1), (3463, 1), (3712, 1), (3989, 2), (4141, 10), (4146, 2), (4964, 1)
colourblind (DF: 1): (4573, 5)
colourist (DF: 2): (1308, 1), (1774, 1)
colourless (DF: 1): (3772, 2)
colp (DF: 4): (1000, 2), (1800, 1), (1848, 1), (3491, 1)
colt (DF: 4): (778, 1), (2211, 1), (2278, 1), (3353, 1)
coltran (DF: 2): (2057, 1), (2255, 1)
columbi (DF: 2): (4152, 2), (4257, 10)
columbia (DF: 2): (2561, 1), (4267, 1)
columbian (DF: 1): (922, 1)
columbin (DF: 1): (1648, 1)
columpi (DF: 1): (4288, 1)
com (DF: 167): (19, 2), (53, 1), (63, 1), (117, 1), (127, 3), (178, 1), (213, 2), (227, 4), (256, 3), (284, 12), (333, 2), (399, 1), (417, 2), (444, 1), (577, 2), (724, 1), (851, 2), (858, 2), (875, 6), (897, 2), (910, 1), (918, 1), (934, 1), (952, 1), (982, 2), (1004, 4), (1008, 2), (1061, 1), (1079, 1), (1098, 1), (1116, 4), (1159, 1), (1183, 7), (1215, 2), (1221, 2), (1259, 1), (1278, 2), (1284, 1), (1307, 1), (1395, 1), (1415, 5), (1422, 2), (1441, 1), (1476, 2), (1481, 12), (1501, 2), (1519, 2), (1524, 1), (1659, 4), (1665, 1), (1668, 12), (1677, 3), (1752, 1), (1778, 2), (1786, 13), (1787, 4), (1878, 1), (1881, 7), (1932, 2), (1939, 4), (1979, 3), (2021, 3), (2027, 2), (2033, 1), (2070, 8), (2108, 1), (2114, 4), (2183, 2), (2242, 2), (2275, 28), (2308, 9), (2309, 1), (2328, 2), (2336, 1), (2342, 2), (2429, 4), (2435, 1), (2497, 1), (2529, 8), (2539, 6), (2631, 2), (2651, 4), (2656, 1), (2659, 6), (2662, 1), (2680, 2), (2711, 8), (2739, 1), (2757, 2), (2766, 1), (2814, 1), (2828, 12), (2839, 1), (2967, 1), (2986, 6), (3028, 1), (3071, 6), (3090, 3), (3104, 2), (3197, 4), (3215, 8), (3290, 1), (3313, 7), (3340, 1), (3348, 7), (3353, 1), (3364, 2), (3434, 5), (3467, 3), (3540, 1), (3555, 12), (3570, 4), (3572, 2), (3580, 2), (3588, 14), (3590, 10), (3603, 2), (3623, 1), (3692, 3), (3697, 1), (3722, 6), (3838, 2), (3875, 6), (3881, 2), (3903, 1), (3920, 4), (3996, 1), (4016, 3), (4034, 1), (4081, 4), (4167, 2), (4189, 1), (4209, 2), (4210, 1), (4236, 1), (4285, 2), (4300, 6), (4347, 1), (4352, 1), (4356, 2), (4357, 3), (4423, 1), (4434, 1), (4448, 1), (4469, 2), (4470, 1), (4479, 4), (4507, 1), (4515, 1), (4518, 5), (4568, 1), (4594, 6), (4633, 12), (4692, 1), (4702, 4), (4752, 2), (4780, 2), (4797, 3), (4799, 2), (4804, 8), (4879, 1), (4908, 4), (4909, 4), (4916, 8), (4948, 1), (4951, 3), (4961, 8)
coma (DF: 2): (54, 4), (288, 1)
comand (DF: 3): (3078, 1), (3881, 1), (4633, 2)
comatos (DF: 3): (2559, 1), (3251, 1), (4047, 1)
comb (DF: 18): (117, 1), (353, 1), (449, 1), (577, 1), (932, 1), (1116, 1), (1520, 1), (1563, 9), (1761, 1), (2045, 1), (2604, 1), (2861, 1), (3128, 1), (3399, 1), (4032, 1), (4186, 2), (4434, 1), (4589, 1)
combat (DF: 4): (284, 2), (1216, 1), (2716, 2), (3680, 1)
combet (DF: 1): (4081, 1)
combi (DF: 3): (1786, 4), (1932, 1), (3219, 4)
combien (DF: 1): (598, 1)
combin (DF: 17): (306, 1), (371, 1), (628, 1), (672, 1), (707, 5), (729, 2), (731, 1), (1084, 1), (1807, 3), (2828, 1), (2891, 1), (3183, 1), (3226, 1), (3586, 10), (3603, 1), (3903, 1), (4189, 1)
combination (DF: 1): (724, 1)
combo (DF: 4): (397, 1), (552, 2), (841, 1), (4425, 11)
comboney (DF: 1): (4318, 1)
combust (DF: 3): (1135, 1), (2716, 1), (4623, 2)
come (DF: 1572): (4, 1), (5, 2), (15, 2), (16, 3), (17, 1), (20, 1), (25, 4), (30, 8), (31, 1), (32, 4), (35, 1), (36, 2), (38, 1), (39, 2), (40, 1), (43, 3), (47, 3), (50, 1), (54, 1), (58, 2), (64, 2), (65, 1), (66, 1), (68, 3), (71, 1), (72, 3), (73, 3), (76, 5), (80, 19), (82, 1), (88, 2), (93, 3), (96, 3), (97, 1), (100, 2), (102, 1), (110, 1), (113, 5), (119, 2), (121, 2), (124, 3), (128, 1), (132, 24), (134, 1), (138, 1), (140, 4), (145, 4), (148, 3), (152, 3), (159, 1), (162, 2), (166, 2), (174, 2), (176, 6), (182, 1), (186, 2), (188, 8), (195, 6), (196, 16), (200, 1), (204, 2), (209, 2), (215, 3), (220, 2), (221, 2), (222, 3), (223, 1), (224, 3), (232, 1), (235, 1), (236, 3), (241, 12), (243, 1), (244, 8), (247, 34), (248, 3), (251, 1), (253, 1), (254, 10), (255, 4), (257, 1), (259, 1), (267, 8), (273, 8), (277, 1), (278, 2), (280, 2), (282, 14), (285, 4), (286, 3), (287, 4), (288, 1), (290, 2), (297, 1), (305, 1), (306, 1), (307, 2), (308, 1), (324, 1), (329, 18), (332, 2), (334, 10), (337, 1), (338, 4), (339, 6), (343, 2), (348, 3), (352, 2), (356, 6), (357, 2), (363, 1), (365, 2), (367, 1), (370, 2), (372, 1), (373, 1), (381, 3), (387, 1), (389, 1), (392, 38), (393, 13), (394, 4), (406, 2), (407, 1), (409, 4), (414, 7), (420, 1), (421, 1), (423, 2), (425, 1), (433, 2), (435, 8), (442, 12), (445, 3), (449, 2), (453, 1), (455, 1), (456, 1), (461, 3), (462, 8), (473, 4), (478, 4), (479, 3), (482, 2), (485, 1), (486, 1), (487, 1), (490, 4), (495, 14), (499, 2), (503, 4), (511, 3), (513, 3), (518, 1), (521, 2), (525, 1), (527, 1), (528, 1), (529, 1), (535, 2), (538, 2), (541, 3), (547, 1), (550, 3), (553, 1), (554, 1), (558, 4), (560, 2), (563, 1), (564, 2), (565, 4), (566, 6), (573, 3), (574, 1), (581, 1), (582, 4), (583, 1), (586, 1), (587, 4), (588, 7), (589, 1), (590, 10), (599, 1), (602, 1), (603, 2), (604, 16), (616, 1), (617, 3), (618, 4), (621, 1), (627, 10), (630, 2), (638, 4), (640, 2), (642, 1), (646, 1), (647, 2), (656, 1), (658, 1), (662, 4), (664, 1), (668, 3), (669, 2), (671, 2), (673, 1), (682, 1), (683, 2), (690, 1), (691, 1), (693, 3), (695, 6), (696, 1), (703, 2), (706, 12), (712, 2), (722, 1), (723, 3), (732, 30), (734, 2), (737, 3), (738, 6), (746, 1), (749, 2), (751, 8), (752, 3), (753, 1), (758, 9), (767, 74), (769, 1), (772, 12), (775, 10), (777, 1), (785, 1), (787, 2), (789, 2), (799, 8), (801, 2), (803, 3), (804, 1), (811, 2), (816, 2), (818, 1), (819, 1), (829, 5), (830, 6), (832, 4), (835, 2), (841, 4), (842, 2), (845, 8), (849, 1), (850, 1), (853, 1), (857, 1), (859, 1), (862, 1), (863, 1), (867, 8), (869, 1), (872, 5), (873, 1), (874, 11), (877, 1), (879, 3), (884, 14), (892, 2), (893, 1), (903, 20), (904, 2), (905, 1), (909, 3), (916, 1), (922, 1), (925, 4), (926, 3), (927, 3), (928, 2), (929, 1), (930, 3), (931, 3), (939, 1), (941, 2), (946, 2), (948, 2), (952, 1), (955, 1), (958, 2), (962, 6), (964, 1), (966, 2), (968, 3), (970, 4), (973, 4), (975, 1), (978, 4), (980, 1), (983, 2), (984, 16), (985, 6), (988, 1), (993, 1), (998, 2), (1007, 1), (1009, 1), (1011, 3), (1021, 1), (1023, 4), (1024, 4), (1025, 4), (1026, 1), (1028, 1), (1029, 1), (1032, 2), (1041, 2), (1049, 23), (1050, 1), (1052, 1), (1053, 1), (1055, 15), (1059, 1), (1060, 5), (1068, 1), (1069, 1), (1071, 9), (1073, 2), (1075, 6), (1076, 1), (1081, 1), (1083, 1), (1084, 4), (1092, 7), (1094, 1), (1097, 1), (1103, 1), (1106, 1), (1107, 4), (1111, 3), (1114, 3), (1115, 14), (1119, 1), (1120, 16), (1121, 2), (1124, 1), (1127, 5), (1131, 6), (1134, 1), (1137, 4), (1140, 1), (1143, 3), (1150, 1), (1152, 1), (1154, 1), (1156, 4), (1160, 4), (1163, 1), (1166, 1), (1167, 3), (1168, 1), (1170, 2), (1172, 2), (1173, 1), (1178, 2), (1180, 4), (1181, 3), (1182, 2), (1188, 2), (1189, 7), (1191, 10), (1199, 2), (1201, 13), (1202, 4), (1203, 1), (1211, 1), (1216, 1), (1220, 2), (1223, 1), (1234, 4), (1245, 3), (1246, 2), (1247, 6), (1249, 1), (1252, 8), (1253, 1), (1256, 1), (1261, 1), (1263, 25), (1265, 4), (1266, 4), (1267, 3), (1274, 6), (1279, 16), (1281, 1), (1282, 3), (1283, 16), (1285, 2), (1286, 4), (1287, 1), (1292, 1), (1298, 1), (1299, 2), (1301, 1), (1311, 1), (1314, 1), (1316, 2), (1319, 4), (1324, 4), (1325, 2), (1328, 2), (1334, 2), (1335, 2), (1338, 4), (1339, 9), (1341, 11), (1346, 3), (1347, 2), (1349, 3), (1353, 2), (1355, 1), (1362, 1), (1365, 1), (1368, 1), (1374, 2), (1378, 2), (1380, 6), (1381, 7), (1383, 8), (1388, 1), (1389, 14), (1390, 1), (1393, 1), (1394, 1), (1396, 1), (1399, 2), (1400, 3), (1405, 1), (1408, 1), (1410, 1), (1414, 3), (1419, 1), (1423, 14), (1428, 1), (1431, 1), (1434, 6), (1436, 3), (1438, 3), (1439, 1), (1440, 1), (1442, 2), (1458, 3), (1459, 2), (1462, 1), (1466, 1), (1469, 6), (1475, 1), (1477, 1), (1480, 3), (1482, 2), (1483, 1), (1487, 1), (1490, 1), (1493, 1), (1494, 6), (1499, 1), (1502, 2), (1503, 1), (1504, 1), (1505, 10), (1508, 2), (1509, 2), (1513, 7), (1514, 1), (1525, 6), (1528, 8), (1531, 1), (1532, 10), (1539, 2), (1540, 5), (1543, 1), (1547, 1), (1549, 3), (1550, 8), (1554, 4), (1555, 3), (1557, 40), (1559, 2), (1565, 1), (1567, 2), (1575, 1), (1578, 1), (1585, 1), (1586, 1), (1587, 2), (1588, 2), (1591, 7), (1593, 1), (1594, 1), (1597, 1), (1604, 4), (1605, 12), (1607, 1), (1613, 2), (1615, 1), (1617, 2), (1620, 1), (1625, 5), (1626, 8), (1636, 2), (1642, 2), (1643, 2), (1644, 4), (1656, 3), (1660, 4), (1661, 2), (1663, 1), (1669, 1), (1671, 1), (1673, 1), (1674, 1), (1675, 1), (1676, 8), (1679, 9), (1685, 1), (1690, 1), (1693, 3), (1694, 6), (1696, 1), (1697, 17), (1699, 2), (1703, 2), (1704, 2), (1707, 1), (1708, 1), (1709, 1), (1712, 1), (1718, 1), (1721, 2), (1722, 2), (1725, 4), (1726, 3), (1728, 2), (1730, 1), (1731, 1), (1735, 23), (1741, 2), (1742, 6), (1743, 4), (1744, 6), (1746, 2), (1747, 3), (1748, 1), (1751, 5), (1756, 8), (1759, 12), (1760, 1), (1761, 1), (1764, 1), (1765, 1), (1766, 1), (1767, 32), (1768, 1), (1774, 4), (1779, 1), (1782, 1), (1783, 2), (1784, 31), (1793, 4), (1799, 2), (1801, 1), (1802, 1), (1804, 4), (1806, 1), (1807, 4), (1809, 1), (1811, 11), (1812, 6), (1815, 2), (1817, 1), (1820, 2), (1824, 1), (1829, 3), (1830, 11), (1831, 1), (1832, 2), (1836, 5), (1837, 1), (1838, 17), (1846, 1), (1851, 2), (1853, 4), (1854, 1), (1858, 1), (1861, 1), (1867, 2), (1873, 5), (1875, 3), (1876, 3), (1882, 1), (1885, 2), (1886, 2), (1891, 1), (1893, 4), (1896, 4), (1898, 6), (1899, 1), (1900, 34), (1902, 1), (1906, 1), (1909, 4), (1912, 2), (1914, 2), (1916, 3), (1920, 5), (1922, 2), (1924, 2), (1925, 1), (1928, 6), (1934, 2), (1936, 3), (1938, 1), (1944, 1), (1945, 14), (1950, 2), (1951, 17), (1952, 44), (1954, 1), (1956, 1), (1957, 8), (1961, 1), (1962, 2), (1964, 2), (1976, 6), (1977, 8), (1983, 5), (1990, 5), (1994, 3), (1995, 1), (2000, 3), (2004, 1), (2005, 2), (2010, 2), (2011, 3), (2014, 3), (2015, 2), (2016, 3), (2023, 1), (2026, 1), (2028, 3), (2029, 4), (2030, 1), (2031, 12), (2035, 4), (2038, 1), (2044, 9), (2045, 1), (2048, 1), (2055, 1), (2057, 1), (2061, 1), (2062, 1), (2063, 1), (2067, 4), (2069, 2), (2073, 2), (2074, 5), (2075, 2), (2076, 2), (2082, 5), (2083, 2), (2085, 2), (2091, 2), (2093, 4), (2097, 1), (2102, 1), (2103, 1), (2104, 2), (2105, 2), (2106, 3), (2118, 2), (2119, 3), (2120, 1), (2128, 4), (2133, 1), (2135, 2), (2140, 4), (2144, 1), (2145, 1), (2147, 1), (2148, 4), (2153, 16), (2154, 7), (2156, 7), (2161, 14), (2162, 27), (2163, 2), (2177, 1), (2184, 2), (2186, 4), (2190, 40), (2193, 1), (2195, 2), (2197, 2), (2198, 1), (2201, 1), (2202, 15), (2203, 1), (2208, 13), (2210, 1), (2216, 1), (2218, 1), (2219, 8), (2222, 9), (2228, 1), (2230, 1), (2235, 1), (2236, 2), (2237, 2), (2239, 2), (2240, 11), (2254, 3), (2259, 2), (2264, 2), (2265, 1), (2271, 1), (2272, 3), (2274, 4), (2276, 1), (2277, 6), (2278, 2), (2282, 6), (2286, 1), (2287, 2), (2290, 1), (2293, 1), (2296, 5), (2297, 1), (2302, 2), (2303, 2), (2305, 5), (2314, 9), (2315, 1), (2331, 1), (2333, 1), (2340, 1), (2350, 1), (2357, 1), (2360, 1), (2361, 2), (2362, 1), (2366, 1), (2367, 1), (2378, 1), (2380, 2), (2382, 2), (2389, 11), (2391, 6), (2393, 6), (2395, 40), (2399, 1), (2403, 1), (2404, 1), (2405, 1), (2406, 22), (2408, 1), (2413, 1), (2415, 1), (2418, 3), (2421, 4), (2422, 4), (2423, 1), (2428, 2), (2432, 3), (2438, 9), (2441, 1), (2442, 1), (2445, 5), (2446, 5), (2447, 1), (2449, 12), (2451, 7), (2456, 1), (2458, 2), (2465, 1), (2472, 3), (2474, 1), (2477, 1), (2478, 1), (2479, 8), (2481, 6), (2482, 7), (2484, 1), (2485, 2), (2486, 1), (2490, 2), (2497, 3), (2499, 1), (2502, 1), (2509, 4), (2511, 4), (2513, 4), (2516, 3), (2519, 18), (2525, 5), (2526, 2), (2528, 1), (2540, 4), (2544, 1), (2546, 1), (2547, 1), (2548, 14), (2551, 1), (2552, 1), (2555, 1), (2556, 5), (2559, 5), (2561, 1), (2565, 3), (2569, 4), (2572, 1), (2573, 2), (2577, 1), (2587, 2), (2589, 6), (2591, 4), (2594, 17), (2595, 1), (2596, 2), (2599, 1), (2600, 1), (2603, 2), (2605, 6), (2607, 7), (2609, 3), (2613, 1), (2618, 2), (2623, 9), (2626, 1), (2627, 1), (2630, 4), (2632, 1), (2641, 2), (2646, 2), (2650, 3), (2652, 5), (2653, 4), (2661, 4), (2663, 1), (2665, 3), (2666, 6), (2669, 3), (2670, 3), (2671, 8), (2672, 7), (2675, 6), (2676, 2), (2677, 1), (2684, 1), (2690, 1), (2692, 1), (2701, 1), (2705, 4), (2709, 2), (2710, 9), (2715, 4), (2720, 3), (2724, 4), (2730, 13), (2735, 2), (2736, 2), (2738, 9), (2742, 4), (2745, 2), (2749, 2), (2750, 1), (2752, 7), (2756, 1), (2760, 3), (2762, 1), (2767, 2), (2770, 3), (2771, 2), (2772, 6), (2774, 18), (2778, 2), (2779, 4), (2784, 1), (2789, 2), (2793, 2), (2795, 2), (2798, 9), (2801, 5), (2804, 2), (2816, 2), (2820, 2), (2821, 1), (2822, 1), (2827, 4), (2831, 1), (2834, 10), (2835, 3), (2837, 2), (2842, 5), (2843, 1), (2849, 8), (2855, 1), (2856, 4), (2859, 4), (2865, 6), (2871, 1), (2873, 1), (2875, 3), (2879, 3), (2883, 8), (2892, 5), (2895, 1), (2896, 2), (2900, 1), (2901, 16), (2902, 2), (2904, 4), (2909, 1), (2914, 1), (2916, 7), (2920, 3), (2922, 2), (2923, 1), (2926, 1), (2927, 1), (2932, 1), (2933, 2), (2935, 3), (2936, 3), (2939, 9), (2942, 3), (2950, 17), (2956, 6), (2957, 1), (2959, 2), (2962, 7), (2963, 6), (2968, 36), (2969, 1), (2978, 1), (2981, 3), (2982, 1), (2983, 2), (2990, 1), (2991, 1), (3009, 18), (3010, 4), (3012, 3), (3014, 1), (3018, 1), (3019, 1), (3023, 1), (3024, 1), (3025, 2), (3026, 1), (3027, 1), (3034, 3), (3035, 1), (3036, 4), (3037, 3), (3042, 7), (3051, 4), (3052, 20), (3053, 35), (3055, 2), (3058, 2), (3059, 1), (3060, 31), (3066, 1), (3073, 1), (3076, 3), (3077, 3), (3084, 21), (3086, 1), (3088, 2), (3095, 26), (3096, 1), (3097, 1), (3098, 1), (3100, 1), (3101, 1), (3103, 1), (3107, 1), (3112, 5), (3117, 1), (3124, 16), (3126, 1), (3127, 2), (3129, 1), (3132, 3), (3135, 1), (3136, 2), (3139, 1), (3144, 1), (3147, 2), (3148, 12), (3149, 3), (3151, 28), (3153, 1), (3161, 3), (3162, 3), (3163, 2), (3164, 2), (3165, 4), (3169, 3), (3170, 3), (3176, 2), (3180, 2), (3181, 4), (3184, 2), (3185, 1), (3189, 14), (3190, 2), (3195, 8), (3198, 4), (3206, 5), (3208, 2), (3217, 5), (3228, 4), (3234, 2), (3238, 4), (3242, 2), (3244, 13), (3247, 14), (3248, 1), (3251, 2), (3252, 10), (3254, 2), (3260, 2), (3261, 1), (3265, 6), (3266, 1), (3271, 3), (3273, 42), (3276, 1), (3281, 1), (3282, 6), (3283, 2), (3286, 4), (3287, 4), (3293, 3), (3296, 1), (3298, 5), (3300, 3), (3302, 4), (3303, 2), (3304, 2), (3306, 2), (3307, 3), (3312, 1), (3321, 6), (3323, 3), (3325, 2), (3327, 2), (3329, 11), (3331, 2), (3334, 18), (3337, 6), (3338, 2), (3345, 1), (3347, 1), (3354, 113), (3361, 1), (3362, 3), (3366, 5), (3371, 2), (3374, 2), (3375, 1), (3379, 1), (3380, 5), (3382, 2), (3383, 7), (3384, 2), (3388, 1), (3392, 1), (3393, 1), (3396, 2), (3397, 2), (3406, 1), (3410, 1), (3412, 2), (3414, 3), (3420, 5), (3426, 1), (3427, 6), (3428, 2), (3432, 2), (3436, 1), (3441, 16), (3442, 4), (3447, 4), (3450, 1), (3452, 2), (3456, 1), (3458, 1), (3460, 1), (3464, 3), (3468, 1), (3470, 1), (3476, 2), (3478, 7), (3479, 1), (3483, 3), (3487, 3), (3498, 1), (3499, 2), (3500, 2), (3501, 1), (3510, 1), (3511, 5), (3515, 2), (3516, 3), (3518, 4), (3519, 2), (3526, 1), (3529, 3), (3532, 2), (3533, 1), (3534, 1), (3535, 10), (3538, 2), (3539, 1), (3542, 2), (3547, 2), (3549, 2), (3552, 2), (3559, 16), (3562, 2), (3563, 4), (3565, 1), (3566, 3), (3568, 3), (3574, 7), (3581, 1), (3584, 2), (3593, 2), (3597, 1), (3598, 2), (3600, 3), (3601, 8), (3604, 1), (3612, 1), (3615, 3), (3618, 1), (3619, 2), (3624, 1), (3627, 11), (3628, 1), (3632, 4), (3633, 2), (3635, 5), (3638, 12), (3646, 2), (3649, 6), (3650, 3), (3653, 1), (3655, 4), (3658, 1), (3661, 3), (3664, 1), (3677, 21), (3679, 4), (3691, 2), (3701, 3), (3702, 3), (3704, 6), (3706, 4), (3707, 19), (3710, 3), (3715, 2), (3718, 4), (3719, 15), (3720, 3), (3726, 1), (3729, 2), (3733, 1), (3738, 2), (3740, 1), (3742, 6), (3745, 1), (3746, 4), (3751, 2), (3753, 2), (3755, 1), (3756, 1), (3763, 3), (3770, 3), (3774, 6), (3780, 6), (3783, 1), (3784, 3), (3786, 14), (3790, 4), (3792, 48), (3797, 2), (3799, 3), (3800, 1), (3801, 8), (3803, 1), (3804, 4), (3805, 3), (3807, 6), (3810, 2), (3811, 3), (3812, 2), (3814, 3), (3820, 2), (3821, 4), (3824, 2), (3826, 6), (3827, 2), (3828, 1), (3832, 12), (3833, 3), (3834, 9), (3846, 2), (3847, 5), (3848, 8), (3852, 8), (3854, 3), (3856, 2), (3863, 2), (3864, 1), (3877, 1), (3879, 1), (3880, 1), (3883, 4), (3884, 1), (3888, 7), (3889, 2), (3893, 1), (3896, 1), (3899, 4), (3902, 3), (3905, 1), (3907, 8), (3910, 2), (3911, 14), (3913, 1), (3914, 1), (3917, 2), (3919, 1), (3921, 2), (3922, 4), (3923, 1), (3927, 4), (3931, 1), (3934, 1), (3936, 4), (3937, 2), (3941, 3), (3944, 4), (3946, 2), (3948, 7), (3949, 9), (3959, 4), (3966, 4), (3967, 1), (3971, 1), (3974, 2), (3975, 4), (3982, 3), (3985, 1), (3990, 1), (3991, 7), (3993, 6), (3998, 6), (3999, 2), (4003, 3), (4005, 1), (4006, 4), (4008, 3), (4010, 1), (4012, 2), (4013, 3), (4020, 1), (4021, 3), (4026, 2), (4027, 1), (4030, 1), (4040, 2), (4042, 3), (4044, 1), (4045, 1), (4051, 4), (4052, 4), (4059, 1), (4060, 1), (4061, 5), (4065, 2), (4066, 6), (4067, 3), (4071, 1), (4072, 2), (4074, 1), (4075, 8), (4078, 1), (4079, 2), (4082, 1), (4083, 9), (4085, 3), (4091, 1), (4092, 1), (4094, 1), (4096, 3), (4104, 1), (4107, 1), (4109, 1), (4118, 3), (4119, 1), (4130, 6), (4140, 1), (4144, 8), (4146, 2), (4148, 1), (4149, 6), (4153, 6), (4159, 1), (4165, 1), (4168, 1), (4171, 6), (4173, 7), (4177, 3), (4182, 1), (4185, 1), (4187, 2), (4190, 2), (4196, 1), (4199, 1), (4200, 1), (4204, 1), (4205, 6), (4211, 19), (4222, 2), (4226, 3), (4230, 3), (4231, 1), (4232, 8), (4233, 10), (4234, 4), (4235, 1), (4241, 6), (4243, 3), (4244, 10), (4245, 9), (4247, 3), (4252, 1), (4254, 4), (4256, 1), (4259, 2), (4261, 1), (4266, 1), (4271, 1), (4276, 3), (4277, 36), (4279, 1), (4292, 4), (4298, 2), (4301, 12), (4303, 3), (4309, 2), (4316, 1), (4317, 6), (4319, 1), (4320, 1), (4324, 9), (4325, 1), (4329, 1), (4331, 1), (4335, 2), (4337, 4), (4339, 1), (4340, 2), (4342, 1), (4343, 9), (4355, 3), (4359, 3), (4364, 1), (4365, 2), (4370, 3), (4372, 3), (4376, 5), (4377, 2), (4380, 12), (4381, 1), (4383, 1), (4385, 1), (4389, 2), (4390, 1), (4395, 1), (4396, 1), (4397, 2), (4398, 1), (4401, 1), (4403, 4), (4404, 1), (4407, 2), (4408, 3), (4409, 1), (4412, 8), (4426, 1), (4435, 1), (4436, 8), (4441, 3), (4449, 1), (4452, 14), (4454, 7), (4456, 2), (4457, 1), (4459, 2), (4463, 4), (4466, 1), (4468, 1), (4471, 1), (4474, 3), (4476, 4), (4477, 3), (4481, 2), (4490, 2), (4494, 7), (4495, 1), (4500, 16), (4503, 1), (4505, 1), (4508, 1), (4514, 2), (4516, 1), (4517, 4), (4524, 2), (4525, 6), (4526, 2), (4530, 1), (4537, 1), (4542, 1), (4543, 6), (4547, 1), (4552, 1), (4553, 8), (4561, 1), (4569, 3), (4570, 3), (4572, 1), (4574, 1), (4575, 3), (4580, 1), (4583, 32), (4585, 9), (4589, 1), (4593, 1), (4596, 4), (4598, 5), (4603, 1), (4604, 2), (4606, 1), (4608, 1), (4611, 2), (4615, 1), (4616, 1), (4617, 3), (4618, 2), (4619, 1), (4623, 1), (4626, 5), (4627, 2), (4629, 1), (4631, 19), (4632, 2), (4634, 1), (4641, 1), (4642, 3), (4645, 1), (4647, 6), (4649, 10), (4653, 3), (4654, 1), (4655, 24), (4656, 2), (4658, 2), (4660, 2), (4661, 4), (4663, 4), (4668, 2), (4669, 1), (4674, 1), (4675, 1), (4677, 1), (4684, 1), (4687, 1), (4695, 2), (4698, 1), (4700, 3), (4720, 4), (4723, 3), (4728, 3), (4731, 4), (4732, 3), (4733, 4), (4739, 1), (4741, 1), (4745, 1), (4754, 1), (4756, 1), (4758, 1), (4764, 2), (4766, 2), (4770, 1), (4775, 1), (4776, 2), (4779, 4), (4781, 4), (4784, 3), (4786, 1), (4788, 2), (4792, 8), (4793, 4), (4794, 4), (4798, 1), (4801, 1), (4803, 7), (4808, 1), (4824, 74), (4825, 2), (4826, 1), (4827, 1), (4830, 1), (4842, 1), (4844, 3), (4854, 6), (4865, 2), (4866, 3), (4870, 6), (4874, 1), (4875, 1), (4877, 1), (4882, 1), (4883, 2), (4885, 1), (4887, 5), (4889, 11), (4892, 4), (4893, 4), (4896, 5), (4897, 4), (4904, 2), (4905, 1), (4907, 1), (4911, 1), (4915, 4), (4922, 3), (4925, 2), (4927, 1), (4931, 3), (4938, 1), (4945, 3), (4946, 4), (4947, 1), (4952, 1), (4956, 3), (4957, 1), (4959, 1), (4962, 2), (4966, 5), (4969, 8), (4971, 2), (4973, 5), (4981, 1), (4982, 2), (4983, 8), (4987, 4), (4996, 2)
comeback (DF: 3): (1407, 2), (1574, 1), (3371, 1)
comeblack (DF: 1): (1678, 1)
comecei (DF: 1): (213, 1)
comedian (DF: 2): (1157, 1), (1820, 1)
comedown (DF: 1): (4667, 2)
comem (DF: 3): (1213, 2), (1255, 2), (1284, 1)
comemorar (DF: 1): (4167, 1)
comenc (DF: 1): (1398, 4)
coment (DF: 5): (567, 3), (728, 1), (1453, 1), (1878, 1), (4797, 2)
comentandot (DF: 1): (567, 3)
comentari (DF: 2): (910, 1), (1022, 1)
comenz (DF: 11): (276, 1), (1309, 6), (2098, 3), (2743, 1), (3070, 2), (3111, 6), (3187, 5), (3226, 2), (3308, 1), (3351, 1), (3823, 1)
comer (DF: 1): (2277, 1)
comerci (DF: 1): (53, 1)
comert (DF: 11): (1039, 1), (1213, 2), (1305, 1), (1810, 2), (2336, 6), (2461, 1), (2948, 2), (3631, 1), (3903, 1), (4470, 1), (4704, 1)
comet (DF: 5): (2746, 1), (3159, 1), (3903, 1), (4560, 1), (4949, 4)
cometh (DF: 1): (3638, 1)
comethazin (DF: 2): (3110, 1), (4814, 1)
começa (DF: 1): (3838, 1)
começar (DF: 1): (3838, 1)
começo (DF: 2): (1183, 1), (3838, 2)
começou (DF: 1): (1095, 1)
comfi (DF: 1): (1898, 1)
comfort (DF: 50): (191, 1), (242, 2), (511, 3), (550, 3), (601, 1), (635, 1), (647, 1), (704, 1), (828, 1), (854, 2), (893, 2), (921, 1), (963, 2), (966, 1), (1026, 2), (1198, 1), (1223, 1), (1347, 1), (1436, 1), (1755, 1), (1925, 1), (2113, 1), (2300, 1), (2333, 1), (2396, 4), (2454, 3), (2593, 2), (2734, 1), (2757, 1), (2975, 1), (3088, 2), (3246, 1), (3438, 1), (3540, 1), (3674, 2), (3714, 1), (3983, 3), (4107, 1), (4221, 2), (4240, 1), (4243, 1), (4261, 1), (4316, 1), (4359, 1), (4366, 2), (4492, 1), (4502, 1), (4574, 1), (4732, 1), (4754, 1)
comibl (DF: 1): (982, 4)
comic (DF: 3): (2045, 1), (4044, 1), (4895, 1)
comienc (DF: 1): (1519, 4)
comiendot (DF: 2): (345, 8), (3665, 9)
comienz (DF: 11): (353, 1), (897, 1), (1005, 1), (1307, 3), (1778, 1), (2027, 1), (2342, 1), (2792, 2), (3757, 2), (4518, 1), (4678, 2)
comigo (DF: 7): (1415, 1), (2631, 1), (2839, 1), (3215, 1), (3305, 10), (3364, 2), (3870, 1)
comill (DF: 1): (1046, 10)
comim (DF: 1): (982, 10)
comin (DF: 171): (13, 1), (38, 20), (47, 1), (52, 1), (82, 18), (103, 1), (121, 1), (139, 3), (148, 1), (195, 4), (232, 1), (278, 2), (282, 4), (298, 1), (337, 2), (356, 2), (357, 1), (441, 2), (449, 1), (455, 1), (558, 2), (606, 1), (616, 1), (643, 1), (647, 1), (669, 2), (672, 1), (788, 1), (801, 3), (815, 1), (846, 3), (853, 2), (927, 1), (941, 12), (993, 1), (1024, 2), (1038, 4), (1040, 8), (1092, 1), (1128, 16), (1136, 1), (1143, 1), (1157, 2), (1191, 1), (1211, 1), (1217, 2), (1276, 1), (1304, 1), (1343, 1), (1353, 2), (1354, 1), (1404, 3), (1409, 1), (1505, 2), (1516, 4), (1613, 1), (1704, 7), (1728, 2), (1748, 1), (1763, 4), (1806, 1), (1815, 1), (1829, 2), (1833, 2), (1975, 1), (1977, 1), (1980, 6), (1990, 2), (2004, 1), (2031, 1), (2037, 1), (2048, 1), (2075, 1), (2076, 1), (2085, 1), (2091, 2), (2110, 3), (2147, 1), (2161, 1), (2181, 3), (2270, 1), (2294, 1), (2307, 1), (2333, 1), (2366, 1), (2377, 1), (2379, 7), (2391, 4), (2482, 3), (2489, 1), (2523, 4), (2527, 1), (2541, 8), (2552, 1), (2561, 1), (2580, 1), (2583, 3), (2669, 1), (2694, 1), (2767, 1), (2771, 1), (2820, 2), (2831, 35), (2845, 1), (2929, 1), (2945, 1), (2954, 6), (2978, 1), (3045, 1), (3083, 2), (3089, 1), (3133, 2), (3179, 1), (3180, 2), (3184, 3), (3185, 1), (3192, 3), (3250, 12), (3251, 1), (3260, 1), (3274, 1), (3288, 1), (3371, 1), (3393, 5), (3408, 2), (3439, 4), (3483, 1), (3547, 1), (3593, 1), (3594, 1), (3612, 1), (3653, 3), (3677, 7), (3740, 3), (3811, 12), (3821, 1), (3826, 2), (3879, 3), (3904, 1), (3913, 1), (3919, 5), (3924, 1), (3993, 3), (4008, 1), (4019, 1), (4048, 3), (4078, 1), (4165, 1), (4172, 1), (4250, 1), (4279, 4), (4303, 1), (4310, 2), (4350, 1), (4360, 3), (4533, 2), (4585, 1), (4601, 1), (4608, 2), (4668, 1), (4703, 11), (4707, 2), (4717, 1), (4756, 1), (4758, 1), (4784, 3), (4851, 1), (4887, 2), (4904, 57), (4907, 2), (4918, 1)
coming (DF: 5): (2092, 2), (2648, 2), (3284, 4), (3669, 1), (4189, 1)
comisur (DF: 1): (3344, 1)
comit (DF: 1): (353, 1)
comm (DF: 22): (34, 1), (540, 5), (598, 8), (637, 1), (649, 1), (676, 2), (897, 2), (1089, 2), (1778, 2), (2027, 2), (2342, 2), (3213, 2), (3768, 2), (3909, 1), (4197, 1), (4287, 2), (4308, 2), (4319, 1), (4440, 2), (4614, 2), (4675, 1), (4855, 1)
comma (DF: 14): (51, 1), (285, 1), (1038, 7), (1058, 1), (1748, 1), (1801, 1), (2145, 2), (2541, 14), (2646, 1), (3075, 1), (3498, 1), (3549, 1), (4527, 1), (4680, 1)
command (DF: 16): (404, 2), (926, 2), (1216, 1), (1612, 1), (1638, 1), (1910, 11), (1916, 2), (2263, 1), (2293, 1), (2742, 1), (2960, 1), (3149, 2), (3347, 1), (4085, 2), (4094, 1), (4376, 1)
commenc (DF: 3): (617, 1), (3169, 1), (4440, 1)
commend (DF: 1): (2054, 1)
comment (DF: 13): (34, 2), (349, 2), (540, 2), (598, 3), (1151, 1), (2160, 1), (2241, 1), (2809, 1), (3371, 1), (3660, 1), (3782, 1), (3815, 3), (4319, 1)
