continu (DF: 27): (121, 1), (523, 1), (598, 1), (679, 1), (823, 1), (921, 1), (972, 1), (991, 1), (1398, 1), (1868, 1), (1895, 1), (1957, 4), (1995, 2), (3187, 5), (3238, 1), (3410, 3), (3745, 1), (3776, 1), (3988, 1), (4165, 2), (4190, 1), (4276, 2), (4427, 1), (4556, 1), (4769, 2), (4830, 1), (4889, 1)
contour (DF: 1): (3320, 1)
contr (DF: 3): (4197, 1), (4379, 1), (4440, 1)
contraband (DF: 2): (436, 8), (1856, 1)
contrabando (DF: 1): (4016, 1)
contract (DF: 4): (540, 1), (1575, 1), (1760, 2), (1909, 1)
contradic (DF: 1): (3876, 1)
contradict (DF: 1): (1085, 1)
contrar (DF: 1): (4587, 1)
contrari (DF: 5): (256, 1), (774, 1), (1501, 2), (2588, 1), (4804, 2)
contrat (DF: 4): (628, 1), (1652, 1), (1682, 1), (4162, 2)
contribut (DF: 1): (3769, 1)
contro (DF: 1): (4619, 1)
control (DF: 272): (26, 3), (33, 4), (44, 1), (70, 1), (114, 4), (127, 3), (143, 1), (162, 1), (165, 2), (169, 2), (177, 1), (228, 1), (241, 1), (243, 2), (274, 3), (276, 2), (278, 6), (279, 3), (281, 5), (328, 1), (383, 1), (392, 1), (398, 1), (441, 1), (443, 2), (521, 1), (526, 2), (535, 2), (538, 1), (543, 1), (545, 2), (609, 2), (646, 1), (647, 1), (687, 1), (689, 1), (691, 1), (694, 1), (740, 1), (756, 2), (757, 3), (794, 1), (806, 1), (811, 3), (832, 2), (848, 4), (877, 3), (944, 1), (963, 1), (982, 2), (987, 3), (1022, 1), (1039, 2), (1068, 2), (1078, 2), (1087, 1), (1096, 1), (1103, 1), (1117, 1), (1203, 1), (1210, 6), (1212, 2), (1213, 2), (1234, 19), (1269, 1), (1276, 1), (1283, 16), (1309, 9), (1349, 1), (1357, 1), (1374, 1), (1411, 1), (1444, 4), (1447, 2), (1450, 3), (1492, 1), (1496, 1), (1497, 1), (1500, 2), (1509, 1), (1510, 3), (1533, 1), (1575, 1), (1600, 1), (1607, 1), (1653, 2), (1670, 1), (1693, 3), (1702, 18), (1743, 1), (1746, 1), (1760, 1), (1775, 2), (1783, 2), (1793, 1), (1801, 1), (1811, 1), (1821, 1), (1849, 1), (1854, 1), (1870, 2), (1897, 3), (1927, 1), (1964, 1), (2021, 2), (2022, 2), (2034, 4), (2091, 1), (2102, 1), (2105, 1), (2142, 1), (2175, 4), (2180, 1), (2191, 8), (2252, 4), (2278, 1), (2300, 1), (2317, 1), (2349, 2), (2359, 1), (2405, 1), (2418, 2), (2419, 1), (2432, 1), (2436, 1), (2438, 1), (2440, 5), (2444, 1), (2453, 4), (2500, 1), (2512, 1), (2537, 1), (2561, 1), (2569, 1), (2581, 3), (2593, 1), (2609, 23), (2634, 1), (2644, 1), (2665, 1), (2710, 1), (2723, 2), (2739, 2), (2745, 2), (2769, 2), (2792, 1), (2798, 1), (2808, 1), (2814, 1), (2827, 2), (2834, 4), (2865, 1), (2887, 1), (2890, 1), (2900, 2), (2927, 1), (2938, 1), (2964, 1), (2967, 1), (3029, 3), (3031, 3), (3041, 1), (3045, 1), (3059, 1), (3078, 1), (3084, 3), (3152, 1), (3186, 1), (3230, 2), (3294, 1), (3323, 1), (3350, 1), (3351, 2), (3372, 2), (3377, 1), (3383, 1), (3423, 2), (3435, 16), (3436, 3), (3440, 6), (3446, 1), (3479, 1), (3486, 1), (3505, 16), (3521, 1), (3611, 1), (3636, 1), (3644, 1), (3657, 1), (3674, 2), (3694, 1), (3716, 1), (3763, 4), (3773, 9), (3780, 4), (3789, 1), (3796, 1), (3814, 3), (3843, 1), (3865, 2), (3874, 1), (3894, 1), (3898, 1), (3901, 2), (3930, 1), (3931, 1), (3935, 2), (3938, 1), (3951, 1), (3953, 2), (3963, 1), (3966, 1), (3968, 5), (3986, 2), (3997, 1), (4012, 5), (4017, 1), (4033, 2), (4040, 1), (4074, 2), (4104, 1), (4113, 10), (4123, 1), (4134, 2), (4153, 2), (4183, 1), (4187, 2), (4189, 1), (4209, 1), (4211, 1), (4237, 1), (4249, 1), (4269, 1), (4283, 1), (4289, 1), (4301, 2), (4317, 1), (4372, 1), (4378, 4), (4380, 4), (4381, 1), (4416, 4), (4449, 8), (4456, 1), (4470, 6), (4476, 8), (4493, 1), (4494, 1), (4500, 2), (4558, 1), (4621, 3), (4638, 3), (4671, 15), (4672, 6), (4685, 5), (4690, 1), (4691, 1), (4694, 3), (4719, 3), (4789, 1), (4790, 1), (4806, 1), (4812, 2), (4824, 1), (4846, 1), (4879, 3), (4889, 1), (4908, 2), (4912, 1), (4931, 2), (4940, 1), (4983, 1)
controla (DF: 1): (1979, 4)
controlal (DF: 1): (3313, 1)
controlam (DF: 1): (1631, 1)
controlar (DF: 1): (2210, 1)
controlla (DF: 1): (3738, 1)
controllin (DF: 5): (1547, 1), (2636, 1), (3148, 1), (3562, 1), (3843, 2)
controversi (DF: 3): (1513, 1), (2160, 1), (2359, 2)
controvogl (DF: 1): (4890, 1)
conv (DF: 2): (1004, 1), (4909, 1)
convaincu (DF: 1): (4197, 1)
convalecient (DF: 1): (580, 1)
convalesc (DF: 1): (2294, 1)
convenc (DF: 9): (399, 1), (417, 1), (476, 1), (1254, 1), (1677, 1), (3290, 1), (4009, 1), (4288, 1), (4797, 1)
convencert (DF: 1): (2529, 2)
conveni (DF: 5): (1867, 1), (2333, 1), (4107, 1), (4229, 2), (4984, 3)
convenient (DF: 1): (2079, 2)
convent (DF: 3): (684, 1), (2013, 1), (4427, 1)
convenz (DF: 1): (4009, 1)
convers (DF: 72): (16, 1), (26, 3), (134, 1), (176, 9), (428, 1), (672, 1), (714, 2), (767, 2), (794, 4), (1011, 4), (1294, 1), (1373, 3), (1539, 1), (1571, 1), (1634, 1), (1635, 1), (1742, 1), (1755, 1), (1794, 1), (1820, 1), (1928, 1), (1939, 1), (1952, 2), (2091, 2), (2102, 1), (2186, 1), (2208, 1), (2411, 1), (2415, 1), (2607, 1), (2704, 1), (2761, 1), (2772, 2), (2907, 1), (2916, 5), (2943, 1), (3062, 2), (3121, 2), (3184, 1), (3186, 1), (3235, 2), (3350, 1), (3387, 1), (3450, 1), (3465, 1), (3508, 1), (3553, 2), (3597, 1), (3612, 1), (3714, 1), (3783, 1), (3803, 1), (3821, 1), (3863, 1), (3940, 3), (3971, 1), (4031, 1), (4037, 1), (4116, 2), (4222, 1), (4232, 12), (4372, 1), (4403, 1), (4454, 5), (4523, 1), (4544, 2), (4574, 1), (4632, 4), (4717, 1), (4808, 1), (4883, 2), (4900, 1)
conversa (DF: 1): (3692, 1)
conversar (DF: 1): (1659, 1)
conversatin (DF: 1): (441, 1)
conversin (DF: 1): (737, 1)
convert (DF: 13): (19, 1), (40, 1), (51, 1), (803, 1), (1164, 1), (1344, 1), (1752, 1), (1820, 1), (1974, 3), (2511, 2), (3356, 2), (4908, 2), (4939, 1)
convertim (DF: 1): (2828, 1)
convict (DF: 12): (1085, 1), (1140, 1), (1216, 1), (1477, 1), (1599, 4), (3266, 1), (3441, 1), (3726, 1), (3913, 1), (3923, 1), (4165, 1), (4303, 1)
convien (DF: 10): (1159, 1), (1411, 1), (1920, 5), (3902, 1), (4049, 3), (4109, 1), (4434, 1), (4479, 1), (4560, 1), (4671, 2)
conviert (DF: 10): (481, 1), (875, 1), (1333, 2), (1686, 1), (2316, 2), (3590, 1), (3623, 1), (3722, 1), (4236, 1), (4908, 2)
conviertet (DF: 1): (724, 1)
convin (DF: 1): (4780, 1)
convinc (DF: 17): (259, 1), (418, 1), (1097, 1), (1397, 2), (1605, 2), (1661, 1), (1856, 1), (2177, 6), (2299, 1), (2350, 1), (2419, 1), (2526, 1), (2761, 1), (2878, 1), (3487, 1), (4115, 2), (4407, 1)
convincin (DF: 1): (4661, 1)
convo (DF: 2): (3140, 3), (4315, 1)
convoy (DF: 2): (1076, 1), (1761, 5)
coo (DF: 3): (38, 1), (653, 2), (1438, 1)
coochi (DF: 5): (255, 1), (2294, 1), (3408, 1), (3549, 1), (4585, 1)
coogi (DF: 1): (179, 4)
cook (DF: 35): (26, 3), (183, 1), (210, 1), (352, 1), (496, 2), (541, 1), (606, 1), (696, 1), (966, 2), (1029, 1), (1031, 3), (1186, 2), (1304, 1), (1469, 1), (1547, 1), (1562, 2), (1566, 1), (1896, 1), (1975, 1), (2172, 1), (2591, 2), (2644, 1), (2649, 1), (3277, 1), (3300, 1), (3626, 1), (3632, 1), (3685, 1), (3867, 1), (3990, 1), (4128, 1), (4830, 1), (4880, 1), (4905, 1), (4972, 3)
cooki (DF: 8): (350, 2), (441, 2), (829, 1), (1187, 1), (1891, 1), (2035, 4), (2084, 1), (4267, 4)
cookin (DF: 14): (751, 2), (922, 1), (1058, 1), (1150, 1), (1704, 1), (1750, 1), (1849, 1), (1876, 2), (2077, 2), (2749, 1), (3628, 1), (3731, 1), (3913, 6), (4533, 1)
cookout (DF: 4): (975, 1), (2760, 1), (3282, 2), (4941, 3)
cool (DF: 199): (13, 1), (16, 1), (51, 1), (55, 2), (72, 1), (141, 1), (172, 1), (185, 2), (197, 1), (235, 1), (240, 2), (247, 2), (265, 4), (293, 1), (410, 1), (422, 1), (431, 1), (441, 1), (498, 4), (500, 8), (581, 1), (600, 1), (672, 1), (708, 2), (742, 2), (799, 1), (800, 2), (802, 1), (807, 2), (833, 1), (852, 1), (894, 1), (924, 3), (928, 1), (935, 2), (946, 2), (975, 1), (983, 1), (988, 1), (993, 1), (1045, 2), (1079, 1), (1092, 1), (1097, 1), (1155, 1), (1188, 1), (1273, 1), (1330, 1), (1331, 1), (1336, 1), (1381, 2), (1433, 1), (1436, 1), (1500, 2), (1603, 1), (1640, 1), (1671, 1), (1708, 1), (1711, 1), (1715, 1), (1740, 3), (1749, 1), (1761, 1), (1805, 1), (1866, 1), (1869, 1), (1870, 1), (1900, 2), (1922, 1), (1949, 1), (1972, 2), (1973, 1), (2005, 2), (2048, 1), (2116, 2), (2143, 8), (2154, 1), (2157, 1), (2166, 21), (2178, 1), (2192, 1), (2205, 2), (2261, 1), (2311, 1), (2313, 1), (2349, 2), (2359, 4), (2409, 4), (2422, 1), (2444, 1), (2456, 1), (2470, 1), (2474, 2), (2475, 26), (2503, 2), (2512, 1), (2526, 7), (2544, 1), (2548, 2), (2566, 1), (2632, 1), (2641, 2), (2664, 1), (2671, 1), (2677, 2), (2679, 4), (2692, 1), (2744, 1), (2753, 1), (2767, 4), (2771, 1), (2817, 2), (2827, 2), (2856, 1), (2865, 2), (2907, 2), (2927, 1), (2936, 1), (2939, 1), (2981, 4), (2995, 7), (3049, 6), (3055, 2), (3059, 2), (3136, 2), (3232, 1), (3248, 1), (3259, 1), (3273, 2), (3371, 2), (3457, 3), (3458, 1), (3468, 1), (3498, 2), (3529, 1), (3578, 1), (3594, 1), (3654, 21), (3659, 2), (3673, 1), (3731, 1), (3758, 1), (3770, 3), (3789, 1), (3803, 1), (3852, 4), (3856, 4), (3904, 1), (3905, 1), (3913, 2), (3934, 1), (3967, 1), (3974, 2), (3979, 1), (4003, 4), (4018, 1), (4020, 1), (4022, 2), (4042, 1), (4082, 2), (4127, 1), (4128, 1), (4154, 3), (4163, 2), (4206, 1), (4211, 1), (4243, 1), (4298, 1), (4319, 1), (4327, 1), (4342, 11), (4347, 1), (4355, 4), (4366, 4), (4390, 1), (4398, 3), (4422, 10), (4435, 1), (4449, 27), (4492, 1), (4494, 1), (4508, 1), (4516, 1), (4576, 1), (4579, 1), (4607, 1), (4693, 1), (4715, 1), (4731, 1), (4738, 1), (4745, 1), (4755, 1), (4757, 6), (4792, 1), (4829, 1), (4866, 1), (4872, 1), (4874, 1), (4944, 1)
coolaid (DF: 1): (800, 1)
coolant (DF: 1): (1799, 4)
cooler (DF: 11): (669, 1), (708, 2), (1024, 1), (1556, 3), (1564, 1), (2062, 1), (2223, 1), (2692, 1), (2936, 1), (3248, 1), (4411, 1)
cooleyhighharmoni (DF: 7): (172, 1), (1120, 1), (1326, 1), (1331, 1), (1641, 1), (2178, 1), (2566, 1)
coolin (DF: 10): (202, 1), (669, 1), (912, 14), (966, 4), (1564, 1), (1849, 2), (2254, 1), (2692, 1), (4218, 1), (4460, 3)
coolio (DF: 1): (4452, 1)
cooool (DF: 1): (1949, 8)
coop (DF: 2): (2584, 1), (3020, 3)
cooper (DF: 11): (101, 1), (401, 1), (508, 1), (639, 1), (817, 1), (1161, 1), (1335, 1), (1757, 1), (2993, 1), (3433, 2), (3630, 1)
coor (DF: 1): (2771, 1)
coordin (DF: 2): (3152, 1), (3234, 2)
cop (DF: 114): (13, 2), (51, 1), (109, 1), (117, 1), (131, 3), (159, 1), (168, 2), (248, 1), (270, 2), (285, 1), (316, 1), (324, 1), (357, 1), (369, 8), (418, 1), (444, 1), (471, 1), (643, 3), (646, 38), (650, 1), (658, 2), (673, 2), (675, 4), (696, 2), (698, 20), (782, 1), (924, 1), (949, 3), (982, 2), (1011, 2), (1028, 1), (1038, 2), (1136, 2), (1171, 1), (1178, 1), (1315, 1), (1377, 2), (1430, 1), (1497, 1), (1594, 2), (1626, 2), (1635, 2), (1690, 1), (1718, 2), (1799, 1), (1829, 1), (1860, 1), (1896, 1), (2032, 2), (2064, 1), (2084, 1), (2091, 2), (2218, 1), (2259, 1), (2322, 9), (2357, 1), (2429, 1), (2463, 1), (2493, 2), (2527, 2), (2541, 4), (2649, 1), (2676, 2), (2701, 1), (2706, 1), (2708, 1), (2711, 1), (2771, 1), (2820, 1), (2895, 1), (2936, 1), (2991, 1), (3031, 1), (3037, 1), (3138, 1), (3170, 1), (3186, 1), (3232, 2), (3238, 1), (3294, 1), (3298, 1), (3300, 1), (3368, 1), (3408, 1), (3424, 2), (3428, 1), (3507, 1), (3541, 2), (3597, 2), (3598, 15), (3601, 2), (3694, 1), (3697, 1), (3756, 1), (3904, 2), (3930, 2), (3949, 3), (3993, 3), (4051, 1), (4319, 1), (4325, 3), (4440, 1), (4543, 1), (4603, 2), (4612, 2), (4619, 1), (4627, 1), (4629, 1), (4641, 1), (4720, 1), (4833, 1), (4848, 2), (4931, 1), (4973, 15)
copain (DF: 1): (4088, 1)
cope (DF: 11): (1820, 1), (2097, 1), (2102, 1), (2957, 1), (3359, 1), (3371, 1), (3750, 24), (4023, 1), (4409, 4), (4844, 1), (4911, 1)
copi (DF: 19): (59, 1), (347, 1), (371, 1), (1157, 1), (1219, 5), (1412, 2), (1648, 1), (1909, 1), (2234, 1), (2316, 1), (2604, 1), (2771, 1), (2967, 2), (3358, 1), (3408, 1), (3609, 2), (4044, 1), (4729, 1), (4787, 1)
