kermit (DF: 1): (4410, 1)
kerouac (DF: 1): (4427, 1)
kerovi (DF: 1): (4816, 3)
kerri (DF: 1): (4111, 1)
kes (DF: 1): (2050, 1)
kesha (DF: 1): (948, 1)
keshitanara (DF: 1): (4373, 2)
kessler (DF: 1): (958, 3)
ket (DF: 1): (143, 2)
ketam (DF: 1): (2567, 1)
ketama126 (DF: 2): (2567, 1), (4992, 1)
ketchup (DF: 3): (417, 1), (2177, 1), (4282, 1)
ketr (DF: 1): (1818, 1)
kett (DF: 6): (1218, 2), (1238, 1), (2376, 1), (3123, 1), (3462, 1), (4816, 1)
kettensag (DF: 1): (2194, 1)
kettl (DF: 6): (904, 1), (1622, 1), (1784, 1), (2573, 1), (3642, 3), (4942, 1)
kety (DF: 2): (2567, 2), (4992, 1)
keun (DF: 1): (2817, 1)
keus (DF: 1): (1619, 6)
keuz (DF: 1): (2638, 1)
kevin (DF: 14): (661, 1), (1652, 1), (1703, 3), (2091, 1), (2242, 1), (2356, 2), (2803, 1), (3006, 1), (3403, 2), (4090, 2), (4162, 2), (4311, 10), (4557, 1), (4662, 1)
kevv (DF: 1): (1474, 11)
kew (DF: 1): (2042, 1)
kexxy (DF: 1): (3757, 5)
key (DF: 131): (31, 1), (74, 2), (153, 2), (202, 1), (270, 1), (317, 1), (441, 1), (469, 1), (634, 1), (672, 1), (698, 2), (700, 6), (712, 1), (731, 1), (772, 2), (825, 2), (874, 1), (915, 1), (919, 1), (1007, 1), (1026, 3), (1029, 4), (1058, 2), (1103, 1), (1157, 1), (1165, 2), (1175, 1), (1365, 1), (1375, 24), (1389, 8), (1402, 1), (1490, 1), (1543, 3), (1556, 1), (1605, 1), (1619, 1), (1622, 2), (1625, 1), (1658, 1), (1806, 1), (1812, 1), (1839, 3), (1856, 1), (2091, 2), (2117, 1), (2142, 2), (2143, 1), (2154, 1), (2177, 1), (2186, 1), (2224, 1), (2259, 2), (2269, 1), (2286, 1), (2305, 2), (2317, 4), (2326, 1), (2340, 1), (2357, 1), (2359, 2), (2408, 1), (2459, 9), (2472, 2), (2511, 2), (2534, 1), (2540, 2), (2583, 1), (2710, 2), (2724, 1), (2773, 1), (2850, 1), (2878, 3), (2882, 1), (2946, 1), (2974, 4), (3013, 4), (3059, 1), (3066, 1), (3107, 1), (3201, 1), (3216, 1), (3224, 1), (3278, 2), (3317, 14), (3318, 3), (3393, 1), (3424, 1), (3468, 1), (3486, 1), (3542, 1), (3721, 3), (3749, 1), (3850, 1), (3913, 1), (3923, 1), (3967, 1), (3979, 1), (3999, 2), (4015, 1), (4017, 2), (4025, 1), (4045, 1), (4046, 1), (4050, 1), (4113, 2), (4154, 1), (4214, 1), (4243, 1), (4266, 1), (4303, 1), (4368, 1), (4377, 1), (4381, 1), (4431, 4), (4508, 2), (4533, 1), (4535, 1), (4546, 3), (4588, 6), (4604, 1), (4629, 1), (4652, 1), (4668, 1), (4669, 1), (4739, 1), (4789, 2), (4911, 1), (4918, 1), (4944, 1), (3017, 1), (3018, 1)
keyboard (DF: 4): (270, 1), (1875, 1), (1994, 1), (2939, 2)
keyhol (DF: 2): (2154, 1), (4749, 1)
keyshia (DF: 1): (2073, 1)
keyston (DF: 1): (2083, 1)
keyuan (DF: 1): (1674, 1)
kgs (DF: 1): (246, 1)
khaa (DF: 1): (4421, 5)
khaai (DF: 1): (149, 1)
khaaki (DF: 1): (4985, 1)
khaar (DF: 1): (4421, 4)
khaay (DF: 1): (4421, 1)
khade (DF: 1): (1834, 1)
khair (DF: 1): (4985, 1)
khaki (DF: 2): (441, 2), (4003, 3)
khal (DF: 1): (4421, 1)
khala (DF: 1): (2661, 13)
khale (DF: 9): (479, 4), (746, 1), (1692, 3), (2359, 4), (2644, 1), (3310, 3), (3549, 3), (3923, 1), (4918, 2)
khaleesi (DF: 1): (2405, 6)
khalid (DF: 18): (212, 1), (340, 1), (604, 2), (1915, 2), (2187, 2), (2548, 1), (2794, 1), (3049, 1), (3597, 1), (3750, 1), (3824, 1), (3937, 2), (4299, 1), (4494, 1), (4791, 2), (4913, 1), (4976, 2), (4981, 1)
khalifa (DF: 9): (26, 6), (562, 1), (800, 1), (915, 1), (927, 1), (952, 1), (1490, 1), (1891, 1), (4364, 1)
khalil (DF: 1): (3108, 1)
khan (DF: 2): (2045, 1), (4994, 1)
khand (DF: 1): (4421, 3)
khandaani (DF: 1): (1834, 1)
khani (DF: 1): (4985, 1)
kharcho (DF: 1): (1834, 1)
khata (DF: 1): (1834, 1)
khaur (DF: 1): (4985, 1)
khe (DF: 5): (109, 1), (477, 1), (1441, 1), (1501, 2), (2033, 1)
khellani (DF: 1): (3660, 1)
khellitinich (DF: 1): (3660, 4)
khiladi (DF: 1): (149, 12)
khillna (DF: 1): (2268, 1)
khilti (DF: 1): (149, 1)
khiri (DF: 1): (3860, 1)
khloe (DF: 2): (3628, 1), (4941, 1)
kho (DF: 1): (4614, 1)
khoi (DF: 1): (4614, 2)
khol (DF: 1): (4985, 1)
khoon (DF: 1): (1834, 2)
khoti (DF: 1): (149, 1)
khoya (DF: 1): (3660, 1)
khriz (DF: 1): (1752, 3)
khrushchev (DF: 1): (2943, 1)
khud (DF: 1): (1834, 2)
khuds (DF: 1): (4686, 1)
khush (DF: 1): (4985, 1)
khyber (DF: 2): (931, 1), (3784, 1)
ki (DF: 16): (72, 1), (149, 16), (693, 20), (908, 1), (1631, 1), (1668, 2), (1704, 1), (1825, 2), (1834, 7), (2489, 1), (2562, 1), (2649, 1), (4361, 1), (4669, 1), (4686, 1), (4985, 3)
kiasmo (DF: 1): (1066, 1)
kick (DF: 2): (16, 1), (89, 32)
