unanchor (DF: 1): (3493, 1)
unannounc (DF: 1): (672, 1)
unantastbar (DF: 1): (1238, 6)
unapologet (DF: 1): (4697, 1)
unapproach (DF: 1): (4122, 2)
unarvinai (DF: 1): (3471, 1)
unas (DF: 8): (178, 1), (836, 1), (1424, 1), (1481, 2), (3603, 4), (3851, 1), (3898, 1), (4258, 1)
unattend (DF: 1): (4045, 1)
unavail (DF: 1): (4413, 1)
unaverag (DF: 3): (3439, 5), (4062, 1), (4377, 1)
unavoid (DF: 2): (497, 2), (3347, 4)
unawar (DF: 4): (329, 6), (581, 1), (922, 1), (1910, 4)
unbear (DF: 2): (1361, 1), (2199, 1)
unbegrenzt (DF: 1): (1583, 1)
unbeheizt (DF: 1): (3048, 1)
unbekannt (DF: 2): (3212, 1), (4998, 1)
unbeliev (DF: 3): (3644, 1), (3659, 43), (4094, 1)
unberuhrt (DF: 1): (3212, 5)
unbezahlbar (DF: 2): (1736, 1), (1942, 1)
unborn (DF: 1): (4067, 1)
unboth (DF: 1): (1839, 3)
unbreak (DF: 1): (1418, 7)
unbroken (DF: 1): (2016, 1)
unbutton (DF: 1): (3738, 1)
unc (DF: 3): (210, 1), (2064, 5), (4931, 1)
uncam (DF: 1): (4347, 1)
uncanni (DF: 1): (1430, 1)
uncav (DF: 1): (3493, 1)
uncertain (DF: 2): (360, 3), (4043, 1)
uncertainti (DF: 1): (2918, 3)
unchain (DF: 1): (1533, 7)
unchang (DF: 1): (482, 1)
unchart (DF: 4): (40, 1), (1581, 2), (3493, 1), (4026, 1)
uncivil (DF: 1): (2261, 2)
uncl (DF: 21): (446, 1), (574, 1), (1076, 1), (1457, 3), (1744, 2), (1899, 1), (1977, 2), (2000, 1), (2013, 1), (2172, 1), (2218, 1), (2397, 1), (2634, 1), (2646, 1), (2649, 1), (3634, 1), (4136, 4), (4575, 1), (4617, 1), (4895, 1), (4905, 1)
unclean (DF: 1): (1948, 1)
unclear (DF: 1): (1351, 2)
unclench (DF: 1): (1326, 1)
unclip (DF: 1): (2061, 1)
uncomfort (DF: 1): (3054, 2)
uncompl (DF: 2): (1755, 1), (3714, 1)
uncondit (DF: 9): (618, 1), (710, 1), (1869, 1), (2787, 1), (3537, 27), (3540, 1), (4365, 1), (4412, 2), (4963, 2)
unconditional (DF: 1): (3284, 2)
unconsci (DF: 4): (1065, 1), (2636, 1), (4261, 1), (4963, 2)
uncontrol (DF: 1): (838, 1)
uncov (DF: 3): (3222, 1), (3347, 1), (4050, 1)
uncut (DF: 2): (946, 1), (4853, 1)
undastand (DF: 1): (2377, 1)
undead (DF: 1): (501, 1)
undecid (DF: 2): (590, 1), (2008, 1)
undef (DF: 1): (673, 1)
undefin (DF: 1): (2989, 1)
under (DF: 5): (1004, 1), (1123, 4), (3284, 2), (4909, 1), (4951, 1)
underag (DF: 3): (896, 1), (1829, 1), (4404, 1)
undercount (DF: 1): (603, 2)
undercov (DF: 20): (270, 1), (469, 2), (511, 3), (825, 3), (1924, 1), (1964, 1), (2065, 1), (2084, 1), (2259, 1), (2500, 1), (2636, 1), (2742, 1), (2817, 13), (2824, 1), (3949, 3), (4124, 1), (4503, 1), (4641, 1), (4645, 1), (4754, 1)
underdog (DF: 8): (693, 1), (1114, 1), (1257, 2), (1319, 1), (1575, 1), (1760, 1), (2038, 1), (3273, 8)
underestim (DF: 7): (563, 1), (834, 1), (1332, 1), (2930, 1), (3109, 1), (3288, 1), (4424, 1)
underestimat (DF: 1): (2676, 1)
underground (DF: 36): (76, 1), (225, 18), (306, 1), (369, 1), (381, 1), (619, 4), (639, 1), (726, 1), (743, 1), (817, 1), (974, 1), (1296, 1), (1488, 1), (2104, 1), (2412, 2), (2607, 6), (2738, 1), (2990, 1), (2993, 1), (3249, 1), (3298, 1), (3439, 4), (3488, 1), (3597, 1), (3684, 2), (3795, 1), (3803, 3), (3880, 1), (3939, 1), (3949, 3), (4023, 2), (4185, 1), (4468, 1), (4669, 1), (4746, 1), (4933, 1)
undergrounnnnd (DF: 1): (2957, 1)
underlig (DF: 1): (229, 4)
underligt (DF: 1): (229, 1)
underlin (DF: 2): (3468, 2), (3967, 2)
underneath (DF: 59): (119, 1), (134, 1), (226, 3), (513, 3), (592, 2), (597, 1), (604, 4), (611, 4), (641, 1), (689, 1), (819, 1), (901, 1), (941, 1), (1135, 1), (1172, 3), (1192, 4), (1223, 1), (1227, 1), (1239, 1), (1281, 1), (1312, 1), (1330, 1), (1538, 1), (1576, 1), (1871, 1), (1924, 1), (1976, 12), (2054, 1), (2094, 1), (2124, 2), (2313, 1), (2317, 1), (2469, 2), (2603, 1), (2626, 2), (2649, 1), (2723, 1), (2783, 1), (2846, 1), (3054, 1), (3081, 1), (3105, 1), (3119, 1), (3201, 1), (3824, 2), (3860, 1), (3873, 1), (3937, 2), (4013, 2), (4095, 1), (4158, 1), (4221, 2), (4359, 1), (4391, 2), (4693, 5), (4756, 1), (4758, 1), (4760, 3), (4905, 1)
underpass (DF: 1): (2120, 1)
underr (DF: 5): (834, 1), (1316, 6), (1701, 4), (2626, 1), (2776, 3)
understand (DF: 244): (25, 2), (68, 2), (174, 1), (177, 1), (219, 1), (259, 1), (278, 2), (287, 2), (304, 1), (325, 2), (414, 1), (420, 2), (486, 3), (527, 3), (548, 3), (556, 2), (563, 1), (606, 1), (618, 1), (704, 3), (732, 1), (733, 1), (740, 1), (742, 3), (781, 1), (786, 3), (838, 1), (859, 1), (922, 2), (924, 1), (950, 2), (968, 1), (985, 2), (986, 1), (991, 1), (993, 2), (997, 1), (1006, 2), (1050, 2), (1055, 1), (1085, 1), (1094, 1), (1120, 1), (1154, 1), (1192, 1), (1270, 1), (1298, 1), (1306, 1), (1347, 2), (1356, 1), (1386, 3), (1388, 1), (1405, 1), (1423, 1), (1429, 4), (1438, 1), (1501, 2), (1527, 2), (1536, 1), (1553, 3), (1568, 1), (1578, 1), (1588, 2), (1611, 2), (1612, 1), (1626, 4), (1638, 1), (1649, 1), (1650, 1), (1675, 1), (1701, 2), (1745, 1), (1785, 4), (1820, 1), (1824, 1), (1860, 2), (1869, 1), (1870, 3), (1904, 2), (1906, 1), (1910, 10), (1944, 1), (1969, 1), (1999, 3), (2002, 1), (2025, 1), (2047, 1), (2065, 1), (2075, 1), (2080, 1), (2117, 1), (2128, 2), (2153, 1), (2166, 1), (2172, 1), (2196, 2), (2200, 1), (2202, 1), (2209, 3), (2219, 2), (2236, 1), (2241, 1), (2248, 1), (2318, 2), (2359, 2), (2372, 1), (2377, 2), (2378, 1), (2388, 1), (2402, 18), (2413, 1), (2427, 4), (2497, 4), (2536, 1), (2543, 1), (2548, 2), (2552, 2), (2589, 2), (2592, 1), (2610, 1), (2634, 1), (2636, 1), (2647, 1), (2650, 3), (2686, 1), (2708, 1), (2715, 2), (2742, 3), (2760, 2), (2775, 1), (2790, 1), (2809, 1), (2812, 2), (2821, 1), (2834, 1), (2891, 1), (2895, 1), (2901, 1), (2906, 2), (2957, 1), (2964, 2), (2976, 1), (2977, 2), (3036, 2), (3076, 4), (3083, 2), (3096, 1), (3097, 3), (3148, 1), (3157, 2), (3160, 5), (3189, 1), (3207, 1), (3230, 1), (3247, 2), (3260, 3), (3273, 2), (3275, 1), (3282, 4), (3284, 2), (3306, 1), (3390, 3), (3396, 1), (3397, 4), (3406, 1), (3470, 2), (3484, 1), (3499, 4), (3515, 3), (3522, 1), (3532, 4), (3540, 1), (3557, 1), (3575, 2), (3707, 2), (3737, 2), (3739, 1), (3742, 3), (3749, 1), (3753, 2), (3796, 1), (3813, 1), (3850, 1), (3866, 1), (3900, 2), (3907, 1), (3933, 1), (3935, 3), (3948, 1), (4001, 1), (4074, 1), (4075, 1), (4097, 1), (4155, 1), (4159, 1), (4168, 2), (4196, 8), (4199, 1), (4203, 1), (4228, 2), (4266, 1), (4276, 1), (4278, 1), (4286, 1), (4293, 1), (4324, 1), (4331, 1), (4348, 1), (4351, 1), (4383, 2), (4384, 2), (4401, 1), (4427, 1), (4449, 2), (4451, 10), (4452, 2), (4494, 1), (4513, 2), (4539, 1), (4543, 1), (4564, 3), (4569, 2), (4574, 1), (4622, 4), (4643, 1), (4658, 1), (4660, 1), (4663, 2), (4677, 1), (4700, 3), (4731, 1), (4767, 3), (4781, 3), (4789, 2), (4793, 1), (4801, 1), (4813, 5), (4837, 1), (4872, 1), (4889, 1), (4936, 2), (4968, 2), (4983, 1), (4996, 1)
understandin (DF: 1): (1964, 1)
understood (DF: 18): (121, 1), (455, 1), (737, 1), (838, 1), (1386, 1), (1663, 1), (1733, 2), (2061, 1), (2407, 1), (2440, 1), (2504, 1), (2524, 3), (3702, 3), (3773, 2), (3821, 1), (4310, 1), (4877, 1), (4969, 1)
undertak (DF: 1): (3296, 1)
underthewillowtre (DF: 1): (1233, 1)
underwat (DF: 3): (408, 1), (2261, 7), (4988, 3)
underway (DF: 1): (4668, 1)
underwear (DF: 4): (922, 1), (2693, 1), (2953, 4), (3270, 4)
underworld (DF: 2): (2194, 2), (3439, 7)
undeserv (DF: 1): (3475, 1)
undi (DF: 1): (1423, 1)
undisclos (DF: 3): (1015, 4), (2914, 1), (3201, 1)
undiscov (DF: 1): (3796, 1)
undisturb (DF: 1): (4261, 1)
undivid (DF: 1): (2677, 1)
undo (DF: 4): (1334, 4), (3990, 6), (4066, 1), (4417, 2)
undon (DF: 16): (338, 1), (573, 3), (1069, 1), (1334, 4), (2222, 9), (2307, 1), (2630, 1), (2752, 1), (3287, 1), (3779, 1), (3826, 2), (3888, 1), (4104, 1), (4115, 1), (4756, 1), (4758, 1)
undress (DF: 15): (145, 2), (327, 1), (904, 1), (926, 2), (1605, 1), (1840, 1), (1916, 2), (2671, 4), (2832, 1), (3100, 1), (3149, 2), (3423, 2), (4085, 2), (4221, 2), (4688, 6)
undressd (DF: 1): (3456, 1)
undressin (DF: 2): (2356, 1), (3707, 2)
undrunk (DF: 1): (3990, 1)
undul (DF: 1): (3592, 2)
une (DF: 1): (3195, 1)
uneas (DF: 1): (1168, 3)
