yc (DF: 1): (1547, 3)
ych (DF: 1): (1655, 1)
ycha (DF: 1): (4761, 1)
ycia (DF: 1): (4358, 4)
ycie (DF: 7): (250, 5), (661, 1), (1655, 2), (1825, 2), (2951, 4), (4358, 3), (4914, 2)
yciu (DF: 1): (661, 1)
ydisel (DF: 1): (1631, 1)
ye (DF: 25): (12, 2), (905, 1), (941, 10), (1105, 9), (1112, 5), (1626, 6), (1834, 3), (1850, 5), (2014, 66), (2518, 3), (2680, 7), (3062, 3), (3603, 2), (3636, 6), (4003, 1), (4016, 14), (4149, 2), (4211, 3), (4308, 1), (4315, 1), (4319, 1), (4357, 2), (4515, 1), (4686, 1), (4846, 3)
yea (DF: 44): (64, 14), (247, 4), (479, 3), (635, 1), (737, 1), (892, 3), (1011, 1), (1234, 2), (1264, 1), (1293, 5), (1657, 2), (1900, 4), (1949, 1), (2380, 1), (2519, 2), (2723, 1), (2735, 2), (2795, 4), (2892, 5), (3397, 1), (3532, 1), (3800, 2), (3813, 1), (3850, 1), (3957, 3), (4008, 37), (4066, 1), (4078, 3), (4312, 2), (4320, 1), (4324, 2), (4350, 1), (4355, 3), (4452, 2), (4503, 1), (4535, 6), (4569, 1), (4575, 1), (4615, 1), (4638, 1), (4663, 2), (4877, 3), (4889, 14), (4967, 2)
yeaaa (DF: 1): (3957, 1)
yeaaaaaaaaah (DF: 3): (1707, 1), (3612, 1), (4466, 1)
yeaaaahhhh (DF: 1): (3180, 2)
yeaaahh (DF: 1): (4750, 3)
yeaah (DF: 3): (1098, 1), (3402, 7), (3697, 1)
yeah (DF: 1801): (2, 3), (4, 2), (5, 7), (10, 1), (13, 6), (15, 1), (17, 32), (19, 12), (20, 2), (24, 3), (25, 4), (26, 3), (27, 2), (29, 2), (31, 3), (33, 2), (35, 1), (36, 1), (38, 4), (39, 2), (40, 1), (55, 4), (58, 4), (63, 2), (65, 2), (67, 12), (69, 1), (75, 4), (78, 5), (81, 1), (89, 12), (92, 3), (93, 1), (95, 5), (96, 2), (102, 1), (103, 8), (106, 6), (109, 2), (110, 10), (113, 5), (118, 1), (123, 17), (130, 2), (138, 5), (139, 1), (141, 1), (143, 11), (144, 2), (146, 2), (148, 3), (151, 1), (155, 15), (157, 4), (166, 6), (167, 21), (168, 9), (176, 12), (177, 3), (179, 21), (181, 9), (182, 3), (185, 9), (188, 10), (191, 6), (194, 2), (195, 2), (202, 1), (204, 1), (205, 1), (212, 4), (213, 14), (215, 5), (218, 1), (228, 1), (229, 6), (232, 6), (235, 9), (236, 2), (237, 3), (238, 8), (239, 1), (240, 4), (242, 9), (243, 8), (245, 2), (247, 34), (248, 5), (251, 2), (255, 8), (257, 3), (262, 2), (264, 3), (265, 4), (267, 2), (268, 6), (273, 4), (274, 2), (277, 2), (278, 6), (282, 36), (283, 1), (284, 8), (285, 1), (287, 4), (289, 5), (290, 2), (292, 1), (296, 9), (297, 1), (298, 5), (300, 1), (301, 10), (303, 28), (305, 1), (317, 1), (319, 44), (320, 3), (322, 4), (324, 1), (329, 6), (330, 2), (331, 1), (336, 7), (337, 1), (339, 3), (340, 20), (343, 1), (345, 2), (347, 4), (350, 2), (352, 2), (356, 6), (357, 5), (359, 2), (365, 5), (367, 2), (372, 2), (374, 4), (377, 4), (380, 2), (381, 1), (383, 18), (385, 6), (387, 9), (388, 2), (391, 8), (393, 2), (394, 23), (401, 4), (405, 1), (406, 1), (407, 1), (409, 4), (410, 2), (414, 12), (418, 2), (419, 2), (423, 1), (424, 6), (429, 1), (431, 6), (434, 13), (436, 124), (438, 13), (440, 8), (441, 5), (446, 4), (449, 5), (455, 1), (456, 7), (457, 6), (459, 20), (464, 2), (469, 8), (470, 5), (471, 10), (475, 2), (477, 2), (479, 18), (484, 2), (492, 3), (494, 9), (495, 14), (497, 4), (498, 3), (503, 4), (505, 5), (507, 1), (510, 4), (511, 39), (513, 4), (514, 2), (515, 12), (521, 2), (524, 5), (525, 3), (529, 11), (530, 1), (533, 4), (535, 2), (536, 8), (537, 21), (541, 3), (543, 4), (544, 4), (546, 6), (547, 1), (548, 1), (554, 8), (556, 4), (558, 5), (560, 3), (566, 40), (570, 2), (579, 13), (583, 5), (586, 1), (587, 3), (588, 20), (589, 7), (591, 1), (592, 4), (593, 1), (595, 14), (598, 2), (603, 4), (604, 20), (606, 4), (608, 2), (611, 2), (613, 2), (616, 2), (617, 1), (618, 1), (619, 7), (620, 1), (622, 3), (626, 2), (627, 25), (630, 14), (634, 1), (636, 4), (638, 4), (640, 4), (641, 1), (642, 1), (643, 26), (644, 14), (646, 1), (647, 1), (650, 2), (653, 1), (656, 7), (657, 2), (658, 2), (660, 3), (666, 2), (667, 1), (669, 4), (672, 3), (673, 70), (674, 1), (675, 16), (680, 12), (690, 1), (693, 1), (694, 4), (696, 7), (698, 64), (702, 1), (704, 1), (706, 2), (708, 1), (709, 1), (713, 4), (717, 1), (718, 1), (720, 1), (722, 16), (728, 12), (734, 2), (737, 4), (740, 1), (741, 2), (746, 1), (749, 1), (758, 49), (759, 11), (763, 9), (772, 10), (774, 5), (775, 40), (780, 3), (781, 1), (782, 2), (786, 1), (787, 1), (798, 5), (802, 2), (803, 1), (804, 1), (805, 4), (810, 4), (812, 9), (815, 2), (819, 5), (823, 2), (824, 6), (825, 12), (826, 20), (832, 3), (834, 1), (840, 1), (842, 30), (845, 1), (846, 18), (848, 2), (850, 5), (852, 4), (853, 4), (854, 12), (859, 2), (860, 3), (861, 52), (862, 5), (866, 28), (868, 2), (869, 1), (870, 5), (872, 4), (873, 4), (875, 1), (876, 12), (877, 14), (882, 12), (883, 18), (884, 2), (892, 3), (893, 19), (894, 4), (895, 3), (897, 6), (904, 4), (905, 9), (909, 2), (910, 1), (915, 1), (919, 3), (920, 3), (921, 7), (924, 1), (925, 2), (926, 1), (927, 3), (928, 8), (931, 12), (933, 3), (938, 5), (941, 14), (942, 6), (944, 2), (948, 6), (949, 2), (950, 1), (952, 10), (955, 2), (959, 10), (962, 3), (965, 156), (966, 5), (967, 2), (968, 1), (973, 7), (975, 3), (978, 4), (980, 1), (983, 4), (984, 16), (986, 1), (988, 3), (993, 2), (999, 1), (1001, 3), (1002, 12), (1008, 24), (1011, 1), (1016, 3), (1017, 6), (1018, 1), (1024, 6), (1029, 2), (1033, 1), (1036, 2), (1037, 1), (1038, 29), (1039, 4), (1040, 2), (1041, 1), (1043, 1), (1045, 5), (1050, 1), (1053, 10), (1055, 1), (1056, 12), (1058, 4), (1060, 13), (1067, 1), (1068, 3), (1069, 3), (1070, 10), (1072, 40), (1078, 6), (1080, 1), (1084, 12), (1087, 4), (1092, 3), (1097, 12), (1098, 2), (1100, 1), (1108, 1), (1112, 5), (1117, 4), (1121, 5), (1122, 8), (1126, 8), (1128, 4), (1132, 1), (1133, 1), (1136, 87), (1142, 3), (1143, 25), (1145, 6), (1148, 2), (1150, 4), (1151, 3), (1152, 3), (1154, 2), (1155, 7), (1164, 2), (1166, 2), (1170, 5), (1171, 14), (1174, 7), (1175, 6), (1183, 9), (1185, 3), (1188, 7), (1194, 6), (1197, 3), (1202, 1), (1203, 23), (1204, 7), (1205, 1), (1209, 2), (1210, 7), (1211, 1), (1212, 1), (1214, 12), (1216, 2), (1217, 14), (1219, 4), (1221, 8), (1222, 2), (1229, 6), (1244, 3), (1246, 6), (1248, 29), (1251, 4), (1253, 4), (1256, 6), (1260, 2), (1263, 4), (1267, 10), (1275, 2), (1276, 7), (1277, 12), (1279, 16), (1280, 4), (1284, 6), (1288, 2), (1292, 31), (1295, 3), (1296, 28), (1299, 4), (1301, 1), (1302, 2), (1313, 1), (1314, 4), (1316, 18), (1317, 2), (1321, 2), (1325, 1), (1326, 2), (1327, 4), (1331, 2), (1334, 2), (1335, 6), (1338, 18), (1339, 3), (1342, 4), (1346, 2), (1347, 3), (1351, 8), (1352, 34), (1355, 3), (1374, 2), (1375, 48), (1378, 18), (1385, 3), (1389, 2), (1391, 54), (1393, 2), (1397, 1), (1399, 1), (1400, 1), (1404, 1), (1406, 2), (1408, 6), (1409, 1), (1410, 2), (1413, 2), (1415, 1), (1416, 6), (1418, 2), (1419, 8), (1421, 9), (1429, 2), (1433, 1), (1437, 3), (1438, 21), (1442, 7), (1444, 2), (1447, 5), (1448, 13), (1452, 3), (1453, 9), (1454, 8), (1457, 18), (1459, 2), (1465, 3), (1469, 1), (1474, 10), (1475, 2), (1477, 1), (1478, 4), (1485, 2), (1490, 32), (1491, 2), (1494, 10), (1497, 10), (1498, 6), (1502, 2), (1505, 36), (1508, 2), (1509, 4), (1511, 3), (1516, 8), (1517, 10), (1518, 4), (1519, 4), (1520, 1), (1525, 10), (1526, 4), (1528, 24), (1529, 12), (1530, 1), (1531, 2), (1532, 4), (1539, 9), (1540, 1), (1543, 1), (1545, 3), (1547, 4), (1555, 3), (1556, 12), (1559, 4), (1564, 10), (1565, 16), (1567, 4), (1572, 15), (1573, 8), (1575, 3), (1578, 2), (1579, 9), (1580, 5), (1582, 1), (1588, 2), (1590, 2), (1591, 15), (1592, 1), (1593, 5), (1595, 5), (1598, 48), (1604, 1), (1606, 8), (1610, 1), (1613, 7), (1625, 4), (1626, 42), (1636, 5), (1640, 5), (1642, 1), (1648, 4), (1651, 2), (1653, 10), (1660, 7), (1661, 2), (1664, 24), (1669, 17), (1672, 9), (1676, 2), (1679, 5), (1683, 2), (1685, 13), (1688, 7), (1689, 1), (1691, 16), (1692, 9), (1693, 6), (1695, 9), (1699, 1), (1700, 2), (1703, 28), (1705, 3), (1710, 2), (1712, 1), (1713, 1), (1714, 12), (1716, 1), (1721, 4), (1723, 10), (1725, 14), (1727, 27), (1730, 3), (1733, 1), (1735, 16), (1736, 1), (1739, 16), (1740, 9), (1743, 3), (1744, 4), (1746, 4), (1749, 8), (1750, 16), (1754, 8), (1756, 2), (1757, 1), (1760, 3), (1766, 9), (1767, 4), (1768, 2), (1777, 12), (1778, 6), (1779, 1), (1781, 3), (1784, 1), (1792, 1), (1795, 7), (1796, 4), (1798, 2), (1801, 6), (1803, 4), (1805, 16), (1806, 1), (1808, 2), (1809, 2), (1812, 5), (1817, 2), (1819, 6), (1831, 6), (1836, 5), (1837, 2), (1838, 2), (1839, 33), (1845, 1), (1853, 12), (1854, 12), (1856, 1), (1859, 1), (1862, 1), (1866, 1), (1869, 1), (1870, 3), (1873, 2), (1875, 1), (1878, 6), (1879, 10), (1880, 7), (1882, 3), (1885, 2), (1891, 50), (1893, 3), (1896, 19), (1897, 1), (1900, 34), (1904, 1), (1913, 10), (1915, 2), (1916, 1), (1919, 26), (1920, 15), (1922, 1), (1924, 1), (1929, 2), (1931, 1), (1945, 4), (1949, 4), (1950, 1), (1952, 6), (1955, 16), (1957, 4), (1964, 1), (1966, 3), (1975, 1), (1976, 3), (1979, 32), (1984, 4), (1985, 3), (1989, 3), (1994, 1), (1995, 1), (1996, 17), (1997, 3), (1999, 3), (2000, 2), (2001, 10), (2003, 2), (2007, 1), (2010, 3), (2011, 12), (2012, 1), (2014, 3), (2024, 2), (2026, 1), (2027, 6), (2028, 2), (2030, 1), (2031, 1), (2033, 22), (2037, 6), (2038, 2), (2044, 15), (2045, 7), (2048, 3), (2052, 11), (2056, 2), (2058, 4), (2062, 4), (2063, 2), (2064, 1), (2067, 7), (2068, 3), (2069, 4), (2071, 24), (2075, 1), (2077, 3), (2078, 1), (2080, 3), (2081, 35), (2082, 1), (2083, 1), (2084, 93), (2085, 3), (2092, 4), (2102, 3), (2106, 6), (2109, 4), (2110, 6), (2112, 1), (2114, 2), (2116, 10), (2131, 2), (2132, 1), (2135, 1), (2138, 3), (2143, 1), (2144, 4), (2154, 3), (2155, 8), (2159, 6), (2160, 2), (2166, 2), (2168, 8), (2170, 7), (2172, 2), (2173, 2), (2174, 1), (2175, 12), (2176, 16), (2177, 10), (2186, 80), (2187, 1), (2190, 19), (2192, 12), (2196, 1), (2197, 7), (2198, 1), (2200, 15), (2203, 4), (2205, 4), (2207, 10), (2208, 7), (2210, 9), (2211, 1), (2214, 8), (2218, 1), (2219, 2), (2220, 4), (2223, 13), (2227, 7), (2228, 3), (2231, 2), (2235, 1), (2239, 1), (2240, 4), (2241, 1), (2249, 2), (2250, 5), (2251, 1), (2252, 2), (2253, 8), (2254, 8), (2255, 6), (2256, 39), (2260, 2), (2269, 1), (2270, 7), (2272, 2), (2277, 9), (2282, 2), (2283, 10), (2289, 3), (2290, 7), (2294, 2), (2300, 13), (2307, 5), (2309, 6), (2319, 21), (2321, 1), (2322, 4), (2323, 1), (2326, 1), (2328, 3), (2332, 4), (2341, 1), (2342, 6), (2346, 4), (2354, 1), (2355, 6), (2357, 3), (2358, 2), (2359, 24), (2361, 1), (2365, 2), (2366, 8), (2370, 1), (2375, 5), (2380, 1), (2382, 2), (2383, 12), (2388, 4), (2390, 21), (2391, 2), (2398, 1), (2399, 2), (2402, 27), (2406, 5), (2408, 23), (2410, 2), (2411, 3), (2421, 6), (2422, 2), (2431, 8), (2433, 12), (2436, 2), (2437, 2), (2440, 3), (2442, 1), (2446, 2), (2452, 3), (2453, 12), (2454, 9), (2456, 1), (2459, 6), (2461, 17), (2464, 16), (2465, 4), (2466, 2), (2467, 24), (2469, 20), (2470, 1), (2471, 2), (2472, 4), (2475, 2), (2477, 4), (2482, 1), (2485, 22), (2494, 3), (2495, 3), (2497, 4), (2499, 1), (2503, 2), (2505, 5), (2509, 3), (2511, 12), (2513, 3), (2516, 1), (2520, 56), (2522, 30), (2523, 14), (2524, 2), (2527, 38), (2532, 1), (2533, 36), (2534, 1), (2536, 16), (2540, 2), (2541, 58), (2544, 4), (2546, 2), (2551, 1), (2554, 28), (2557, 7), (2561, 3), (2562, 1), (2563, 9), (2567, 2), (2569, 1), (2570, 19), (2574, 1), (2583, 1), (2584, 1), (2588, 1), (2589, 2), (2592, 6), (2595, 1), (2596, 1), (2607, 2), (2611, 2), (2612, 5), (2613, 19), (2618, 1), (2619, 2), (2622, 4), (2624, 1), (2628, 6), (2631, 4), (2632, 130), (2634, 3), (2644, 10), (2646, 3), (2651, 78), (2655, 1), (2666, 10), (2669, 10), (2670, 3), (2671, 9), (2676, 1), (2679, 8), (2680, 11), (2685, 3), (2686, 2), (2689, 1), (2690, 31), (2693, 1), (2697, 6), (2698, 3), (2699, 3), (2700, 13), (2703, 3), (2704, 6), (2705, 4), (2706, 1), (2707, 6), (2708, 1), (2710, 1), (2712, 5), (2715, 2), (2717, 1), (2719, 9), (2724, 5), (2730, 3), (2733, 1), (2735, 6), (2739, 14), (2741, 3), (2745, 4), (2748, 3), (2752, 2), (2754, 3), (2755, 4), (2759, 1), (2760, 3), (2762, 2), (2764, 2), (2765, 2), (2770, 2), (2774, 6), (2776, 1), (2779, 3), (2780, 1), (2781, 1), (2787, 2), (2790, 4), (2798, 1), (2799, 5), (2801, 3), (2802, 3), (2803, 5), (2809, 1), (2811, 50), (2814, 5), (2816, 6), (2817, 2), (2825, 3), (2826, 1), (2827, 4), (2829, 3), (2831, 5), (2836, 1), (2837, 6), (2838, 4), (2839, 2), (2840, 8), (2842, 2), (2843, 5), (2844, 2), (2847, 2), (2850, 1), (2856, 2), (2858, 1), (2859, 6), (2867, 4), (2868, 2), (2870, 1), (2871, 2), (2872, 2), (2877, 1), (2878, 1), (2879, 4), (2880, 1), (2881, 1), (2882, 16), (2894, 2), (2895, 1), (2896, 1), (2897, 6), (2898, 5), (2903, 5), (2904, 6), (2906, 5), (2908, 2), (2915, 2), (2920, 18), (2927, 1), (2928, 8), (2931, 5), (2936, 4), (2939, 1), (2945, 1), (2948, 10), (2949, 40), (2950, 4), (2954, 2), (2961, 10), (2963, 3), (2964, 5), (2965, 32), (2969, 27), (2974, 1), (2983, 2), (2989, 2), (2991, 15), (2999, 6), (3001, 3), (3002, 10), (3009, 1), (3019, 1), (3021, 1), (3023, 1), (3025, 3), (3027, 1), (3033, 1), (3034, 1), (3036, 10), (3039, 30), (3041, 1), (3044, 1), (3048, 1), (3049, 9), (3050, 2), (3051, 4), (3052, 5), (3054, 4), (3058, 1), (3059, 5), (3060, 4), (3061, 2), (3066, 2), (3067, 6), (3068, 1), (3069, 2), (3075, 8), (3079, 26), (3081, 5), (3083, 2), (3085, 2), (3086, 4), (3087, 2), (3091, 1), (3094, 20), (3095, 6), (3098, 4), (3099, 1), (3100, 1), (3101, 2), (3104, 2), (3110, 16), (3119, 11), (3124, 11), (3126, 1), (3128, 11), (3133, 2), (3143, 6), (3149, 1), (3152, 6), (3156, 3), (3163, 40), (3165, 11), (3168, 9), (3169, 6), (3171, 2), (3178, 30), (3180, 12), (3184, 10), (3185, 1), (3186, 3), (3189, 9), (3192, 1), (3195, 4), (3199, 21), (3200, 2), (3202, 4), (3206, 1), (3207, 1), (3208, 6), (3209, 6), (3216, 4), (3217, 5), (3223, 5), (3225, 3), (3226, 3), (3227, 7), (3228, 4), (3230, 4), (3232, 1), (3237, 4), (3238, 4), (3241, 3), (3243, 1), (3247, 6), (3250, 48), (3251, 1), (3253, 1), (3254, 1), (3258, 7), (3260, 4), (3265, 3), (3267, 2), (3268, 8), (3271, 1), (3272, 1), (3276, 7), (3278, 8), (3282, 6), (3283, 1), (3285, 2), (3286, 9), (3290, 2), (3293, 2), (3294, 10), (3296, 1), (3298, 2), (3300, 3), (3303, 1), (3305, 2), (3310, 5), (3315, 2), (3317, 217), (3318, 4), (3325, 6), (3326, 2), (3327, 8), (3329, 3), (3330, 16), (3331, 16), (3338, 2), (3341, 1), (3342, 1), (3343, 8), (3356, 6), (3360, 26), (3363, 5), (3364, 3), (3367, 8), (3370, 2), (3371, 1), (3374, 1), (3375, 2), (3378, 42), (3382, 1), (3383, 7), (3387, 1), (3393, 1), (3398, 25), (3400, 28), (3404, 3), (3406, 8), (3408, 24), (3410, 1), (3413, 1), (3419, 3), (3420, 3), (3423, 1), (3424, 8), (3426, 1), (3427, 1), (3432, 5), (3433, 2), (3439, 1), (3440, 12), (3442, 1), (3444, 2), (3448, 2), (3450, 6), (3451, 1), (3453, 8), (3461, 17), (3462, 2), (3465, 3), (3466, 18), (3472, 2), (3474, 5), (3478, 2), (3482, 4), (3483, 1), (3485, 4), (3486, 2), (3492, 1), (3493, 4), (3496, 7), (3498, 17), (3501, 2), (3507, 24), (3510, 3), (3512, 6), (3513, 15), (3515, 11), (3516, 1), (3519, 5), (3521, 1), (3526, 2), (3528, 3), (3534, 2), (3537, 10), (3538, 2), (3540, 1), (3546, 2), (3547, 3), (3549, 27), (3551, 1), (3553, 18), (3557, 10), (3558, 2), (3559, 3), (3567, 3), (3568, 1), (3571, 4), (3573, 2), (3574, 1), (3575, 1), (3577, 2), (3579, 10), (3580, 16), (3583, 1), (3584, 2), (3589, 31), (3590, 3), (3591, 4), (3598, 1), (3601, 4), (3602, 2), (3603, 6), (3604, 3), (3611, 12), (3612, 3), (3616, 2), (3626, 4), (3627, 21), (3628, 10), (3631, 2), (3632, 4), (3633, 4), (3635, 1), (3636, 5), (3638, 8), (3641, 57), (3644, 1), (3647, 2), (3651, 17), (3654, 6), (3659, 23), (3660, 2), (3664, 1), (3666, 15), (3670, 3), (3671, 2), (3676, 2), (3677, 2), (3680, 5), (3681, 8), (3685, 8), (3689, 2), (3690, 4), (3696, 2), (3698, 2), (3700, 16), (3702, 21), (3705, 1), (3706, 4), (3707, 18), (3713, 4), (3718, 1), (3719, 2), (3722, 1), (3723, 1), (3724, 2), (3726, 1), (3727, 3), (3730, 10), (3731, 4), (3733, 3), (3738, 3), (3740, 2), (3742, 3), (3743, 6), (3746, 1), (3748, 3), (3749, 1), (3750, 54), (3753, 4), (3754, 1), (3757, 2), (3758, 10), (3759, 2), (3760, 3), (3761, 3), (3762, 7), (3764, 4), (3767, 2), (3773, 6), (3774, 10), (3777, 2), (3783, 70), (3784, 4), (3788, 2), (3789, 3), (3793, 14), (3803, 2), (3806, 2), (3807, 16), (3809, 7), (3811, 2), (3816, 15), (3817, 8), (3821, 1), (3822, 1), (3824, 7), (3826, 28), (3840, 3), (3842, 2), (3845, 1), (3846, 1), (3850, 1), (3864, 4), (3865, 7), (3867, 7), (3869, 2), (3873, 3), (3874, 4), (3875, 1), (3878, 2), (3879, 1), (3880, 8), (3893, 2), (3897, 3), (3899, 4), (3901, 7), (3902, 2), (3904, 6), (3905, 3), (3906, 14), (3907, 2), (3911, 2), (3917, 5), (3922, 7), (3924, 2), (3926, 1), (3928, 3), (3930, 8), (3937, 48), (3938, 1), (3944, 6), (3945, 3), (3946, 3), (3947, 3), (3948, 3), (3956, 5), (3958, 34), (3960, 1), (3964, 8), (3965, 2), (3970, 1), (3976, 2), (3983, 9), (3986, 3), (3988, 6), (3991, 8), (3992, 4), (3993, 15), (3995, 2), (3999, 1), (4000, 3), (4003, 3), (4008, 5), (4010, 11), (4016, 9), (4017, 2), (4018, 6), (4019, 3), (4021, 2), (4022, 8), (4023, 7), (4026, 6), (4027, 1), (4028, 5), (4039, 2), (4043, 5), (4044, 5), (4045, 2), (4046, 11), (4048, 2), (4050, 2), (4051, 2), (4053, 14), (4056, 6), (4058, 3), (4059, 1), (4062, 1), (4064, 3), (4066, 3), (4067, 1), (4068, 1), (4072, 3), (4076, 5), (4082, 5), (4084, 23), (4085, 1), (4087, 1), (4091, 13), (4092, 37), (4098, 5), (4107, 5), (4109, 3), (4111, 1), (4113, 20), (4119, 13), (4121, 4), (4122, 3), (4123, 1), (4124, 1), (4127, 2), (4128, 6), (4136, 24), (4138, 7), (4144, 14), (4146, 1), (4149, 2), (4151, 1), (4154, 9), (4155, 1), (4159, 3), (4164, 9), (4165, 4), (4166, 7), (4169, 5), (4170, 5), (4175, 3), (4177, 3), (4178, 1), (4180, 9), (4182, 2), (4185, 1), (4188, 30), (4190, 4), (4194, 3), (4196, 4), (4199, 1), (4201, 15), (4202, 2), (4205, 7), (4206, 1), (4208, 1), (4211, 3), (4213, 1), (4218, 3), (4222, 5), (4226, 5), (4231, 2), (4232, 16), (4233, 4), (4243, 2), (4245, 6), (4248, 1), (4249, 4), (4250, 3), (4251, 3), (4255, 1), (4256, 25), (4259, 3), (4261, 5), (4262, 6), (4263, 3), (4264, 4), (4267, 2), (4270, 3), (4271, 6), (4274, 2), (4276, 2), (4281, 6), (4285, 4), (4295, 1), (4298, 2), (4299, 15), (4301, 4), (4304, 2), (4308, 1), (4309, 1), (4310, 7), (4313, 7), (4317, 4), (4329, 11), (4333, 2), (4338, 16), (4339, 70), (4341, 3), (4345, 2), (4349, 4), (4356, 2), (4357, 1), (4359, 5), (4360, 9), (4361, 6), (4364, 4), (4365, 1), (4366, 4), (4367, 1), (4372, 4), (4381, 4), (4384, 6), (4390, 8), (4392, 1), (4397, 4), (4398, 22), (4407, 1), (4409, 1), (4411, 1), (4412, 20), (4417, 9), (4419, 3), (4420, 8), (4422, 2), (4432, 6), (4436, 5), (4438, 2), (4441, 2), (4443, 2), (4446, 5), (4447, 6), (4456, 1), (4459, 2), (4460, 4), (4461, 2), (4465, 2), (4469, 4), (4470, 3), (4472, 1), (4473, 5), (4474, 1), (4477, 2), (4481, 4), (4482, 9), (4485, 1), (4490, 7), (4493, 6), (4495, 6), (4497, 48), (4498, 3), (4503, 6), (4504, 10), (4506, 43), (4508, 3), (4514, 3), (4515, 4), (4517, 2), (4519, 1), (4520, 3), (4523, 4), (4525, 4), (4537, 1), (4542, 2), (4549, 8), (4551, 2), (4552, 33), (4553, 10), (4558, 16), (4566, 3), (4572, 2), (4574, 2), (4575, 2), (4576, 6), (4580, 9), (4581, 5), (4582, 3), (4583, 22), (4586, 1), (4587, 1), (4589, 1), (4592, 7), (4593, 2), (4596, 2), (4600, 20), (4604, 7), (4607, 4), (4608, 7), (4610, 1), (4612, 2), (4616, 6), (4617, 4), (4621, 9), (4622, 1), (4623, 2), (4624, 3), (4625, 2), (4628, 1), (4629, 1), (4631, 1), (4637, 12), (4638, 2), (4639, 2), (4641, 1), (4642, 2), (4643, 3), (4645, 2), (4647, 2), (4649, 1), (4651, 1), (4652, 3), (4653, 5), (4656, 4), (4662, 1), (4665, 10), (4667, 1), (4668, 1), (4669, 6), (4673, 21), (4679, 9), (4680, 16), (4681, 1), (4683, 1), (4684, 2), (4688, 9), (4692, 4), (4693, 4), (4695, 14), (4697, 1), (4698, 1), (4702, 2), (4706, 2), (4708, 1), (4713, 1), (4716, 2), (4717, 1), (4718, 12), (4719, 9), (4720, 2), (4721, 2), (4722, 2), (4723, 1), (4727, 1), (4728, 2), (4731, 4), (4733, 3), (4736, 105), (4738, 1), (4742, 1), (4750, 6), (4752, 13), (4754, 13), (4756, 23), (4757, 31), (4758, 23), (4762, 6), (4764, 2), (4773, 2), (4776, 1), (4779, 12), (4781, 1), (4784, 21), (4785, 4), (4789, 5), (4793, 1), (4806, 2), (4808, 2), (4811, 2), (4818, 2), (4820, 24), (4823, 1), (4824, 16), (4825, 25), (4827, 1), (4829, 1), (4830, 1), (4831, 3), (4833, 2), (4834, 1), (4837, 11), (4838, 6), (4841, 1), (4842, 1), (4843, 1), (4845, 1), (4846, 3), (4848, 2), (4849, 1), (4853, 5), (4854, 6), (4856, 17), (4857, 2), (4859, 2), (4862, 2), (4865, 1), (4870, 3), (4871, 22), (4872, 1), (4874, 3), (4878, 3), (4880, 1), (4881, 1), (4884, 4), (4886, 2), (4887, 6), (4897, 9), (4899, 5), (4901, 5), (4902, 4), (4904, 1), (4905, 1), (4907, 4), (4911, 11), (4912, 13), (4918, 10), (4920, 2), (4922, 1), (4925, 5), (4930, 2), (4931, 1), (4933, 4), (4935, 4), (4938, 4), (4941, 5), (4944, 2), (4948, 2), (4956, 1), (4959, 6), (4960, 1), (4962, 1), (4965, 1), (4968, 1), (4969, 4), (4973, 15), (4977, 35), (4978, 8), (4979, 2), (4981, 1), (4982, 16), (4984, 1), (4993, 2), (4995, 2), (4997, 3)
yeahh (DF: 1): (4937, 1)
yeahhh (DF: 4): (964, 2), (1203, 3), (2411, 1), (2965, 4)
yeahhhh (DF: 2): (456, 1), (4503, 1)
yeahit (DF: 1): (2336, 1)
yeahth (DF: 2): (1448, 1), (3079, 2)
yeahtod (DF: 1): (2383, 3)
year (DF: 277): (13, 1), (71, 1), (74, 2), (91, 1), (110, 1), (168, 1), (189, 1), (190, 1), (196, 4), (219, 14), (220, 4), (239, 4), (241, 1), (258, 5), (263, 1), (267, 8), (275, 4), (301, 1), (306, 1), (311, 1), (322, 1), (343, 1), (384, 3), (435, 1), (449, 1), (455, 1), (475, 1), (490, 1), (501, 1), (507, 2), (548, 1), (573, 1), (585, 2), (591, 1), (601, 1), (603, 4), (608, 2), (639, 1), (647, 1), (650, 1), (684, 1), (699, 1), (742, 1), (743, 1), (796, 1), (805, 1), (807, 3), (810, 2), (817, 1), (835, 4), (845, 1), (853, 1), (855, 1), (905, 1), (914, 1), (920, 1), (939, 1), (949, 1), (950, 1), (952, 1), (963, 1), (975, 1), (976, 4), (980, 1), (1011, 1), (1016, 1), (1082, 1), (1137, 1), (1146, 2), (1179, 1), (1182, 1), (1205, 1), (1214, 3), (1219, 1), (1281, 9), (1282, 1), (1297, 1), (1322, 2), (1329, 1), (1332, 1), (1354, 1), (1361, 1), (1388, 1), (1437, 2), (1455, 1), (1496, 2), (1518, 1), (1552, 1), (1593, 1), (1613, 1), (1622, 1), (1648, 2), (1650, 1), (1661, 1), (1688, 1), (1689, 1), (1692, 1), (1707, 1), (1709, 1), (1710, 2), (1716, 2), (1747, 2), (1763, 1), (1815, 1), (1819, 1), (1835, 2), (1868, 1), (1872, 1), (1883, 1), (1899, 1), (1913, 1), (1915, 2), (1922, 2), (1934, 4), (1956, 1), (1959, 3), (1990, 1), (2001, 1), (2005, 2), (2025, 1), (2047, 1), (2054, 1), (2061, 1), (2071, 1), (2081, 1), (2103, 2), (2112, 1), (2142, 1), (2166, 1), (2167, 1), (2185, 1), (2198, 1), (2199, 1), (2217, 2), (2218, 1), (2220, 1), (2228, 1), (2250, 1), (2253, 6), (2256, 1), (2265, 1), (2322, 1), (2333, 1), (2343, 1), (2370, 2), (2379, 1), (2393, 1), (2402, 3), (2449, 2), (2514, 1), (2525, 4), (2546, 1), (2561, 1), (2568, 1), (2581, 2), (2588, 1), (2634, 1), (2641, 2), (2664, 1), (2665, 1), (2676, 2), (2678, 1), (2717, 1), (2723, 1), (2728, 1), (2735, 1), (2757, 1), (2761, 1), (2778, 1), (2787, 1), (2788, 1), (2890, 2), (2894, 5), (2900, 1), (2907, 4), (2929, 1), (2942, 1), (2954, 2), (2961, 2), (2964, 1), (2965, 1), (2993, 1), (3021, 2), (3036, 2), (3037, 2), (3041, 10), (3075, 1), (3105, 2), (3113, 2), (3152, 2), (3164, 3), (3170, 2), (3192, 1), (3230, 1), (3272, 2), (3366, 2), (3368, 2), (3388, 1), (3390, 7), (3483, 1), (3484, 1), (3487, 1), (3494, 1), (3502, 1), (3557, 1), (3562, 1), (3571, 1), (3593, 1), (3594, 1), (3597, 1), (3598, 1), (3612, 1), (3681, 2), (3683, 1), (3727, 2), (3746, 1), (3770, 3), (3800, 1), (3828, 1), (3860, 2), (3871, 1), (3880, 3), (3889, 2), (3904, 1), (3923, 1), (3937, 2), (3950, 1), (3964, 1), (3973, 4), (3976, 2), (3999, 1), (4022, 1), (4028, 2), (4044, 1), (4061, 5), (4064, 1), (4071, 1), (4091, 4), (4127, 1), (4142, 2), (4147, 1), (4148, 1), (4183, 2), (4185, 2), (4202, 1), (4250, 1), (4261, 2), (4262, 1), (4291, 1), (4365, 1), (4385, 5), (4401, 1), (4404, 1), (4413, 1), (4446, 1), (4460, 1), (4485, 4), (4490, 1), (4492, 2), (4536, 1), (4554, 1), (4558, 4), (4639, 1), (4648, 3), (4663, 2), (4664, 1), (4764, 1), (4766, 1), (4785, 1), (4802, 1), (4808, 1), (4866, 1), (4877, 1), (4885, 1), (4931, 1), (4936, 2), (4962, 1)
yearbook (DF: 1): (394, 1)
yearn (DF: 15): (1281, 1), (1417, 1), (1969, 1), (2239, 1), (2399, 1), (2590, 1), (2664, 1), (2742, 1), (2790, 2), (3488, 1), (3544, 1), (4024, 1), (4123, 1), (4426, 1), (4802, 1)
yearnin (DF: 5): (912, 2), (964, 1), (2278, 1), (3963, 1), (4745, 3)
yeast (DF: 2): (388, 1), (1899, 1)
yeat (DF: 1): (129, 4)
yee (DF: 11): (511, 3), (952, 1), (1098, 1), (1264, 1), (1572, 2), (2014, 3), (2103, 1), (3507, 1), (4361, 3), (4559, 2), (4754, 1)
yeeaah (DF: 1): (3472, 2)
yeeah (DF: 1): (1098, 1)
yeee (DF: 1): (2103, 1)
yeeeah (DF: 1): (110, 8)
yeeeeaaaaaahhhhhhh (DF: 1): (4224, 1)
yeeeeaaaaahhhh (DF: 1): (2692, 1)
yeeeeeah (DF: 1): (110, 1)
yeeeeeeah (DF: 1): (110, 1)
yeeeey (DF: 1): (1190, 44)
yeeh (DF: 1): (4361, 5)
yeezi (DF: 4): (1799, 1), (2000, 1), (3261, 1), (4298, 1)
yeezus (DF: 1): (4941, 1)
yegu (DF: 1): (476, 2)
yeh (DF: 73): (53, 1), (173, 4), (187, 12), (252, 2), (444, 7), (481, 1), (567, 3), (728, 5), (875, 6), (910, 3), (996, 13), (1005, 3), (1109, 7), (1112, 10), (1215, 7), (1241, 1), (1296, 6), (1333, 2), (1441, 6), (1453, 2), (1474, 1), (1478, 2), (1582, 2), (1627, 2), (1631, 13), (1648, 1), (1668, 42), (1682, 1), (1803, 8), (1810, 2), (1878, 3), (1920, 25), (1932, 3), (2033, 1), (2086, 2), (2309, 19), (2336, 9), (2383, 54), (2739, 1), (2782, 2), (2828, 2), (2877, 9), (2898, 20), (2972, 8), (3219, 76), (3587, 3), (3590, 9), (3603, 5), (3666, 7), (3669, 1), (3722, 6), (3876, 1), (3897, 1), (3981, 13), (4109, 5), (4143, 12), (4193, 2), (4207, 15), (4246, 10), (4300, 18), (4356, 8), (4361, 1), (4465, 4), (4479, 4), (4504, 3), (4594, 18), (4651, 2), (4702, 2), (4752, 2), (4846, 1), (4912, 1), (4949, 2), (4992, 2)
yei (DF: 3): (1967, 2), (2020, 1), (2045, 1)
yeih (DF: 3): (19, 3), (4300, 6), (4594, 6)
yeiyye (DF: 1): (3418, 2)
yelawolf (DF: 1): (548, 1)
yelelei (DF: 1): (1476, 4)
yell (DF: 29): (210, 1), (221, 1), (408, 1), (629, 1), (1243, 1), (1561, 1), (1817, 8), (1820, 1), (1936, 1), (2010, 1), (2081, 1), (2147, 1), (2218, 1), (2359, 2), (2586, 1), (2672, 1), (2794, 1), (2797, 1), (3068, 1), (3521, 1), (3741, 1), (4107, 1), (4259, 1), (4306, 1), (4450, 2), (4641, 1), (4716, 1), (4830, 1), (4877, 1)
yella (DF: 2): (2091, 2), (4942, 1)
yellin (DF: 12): (753, 1), (952, 1), (1276, 1), (1792, 1), (1995, 1), (2174, 1), (2466, 1), (2584, 1), (2636, 1), (2649, 1), (3521, 2), (4940, 1)
yellow (DF: 56): (102, 1), (231, 3), (285, 1), (405, 2), (435, 1), (612, 1), (938, 15), (1029, 1), (1031, 3), (1076, 1), (1152, 1), (1246, 1), (1282, 6), (1372, 1), (1402, 1), (1521, 1), (1528, 4), (1539, 1), (1555, 1), (1692, 1), (1739, 1), (1773, 1), (1784, 1), (1914, 4), (2046, 1), (2063, 1), (2177, 1), (2228, 1), (2356, 1), (2433, 1), (2573, 3), (2624, 1), (2672, 1), (2804, 1), (2816, 1), (2837, 1), (3249, 1), (3281, 2), (3319, 2), (3445, 1), (3611, 1), (3801, 1), (3826, 4), (4028, 1), (4071, 1), (4117, 7), (4122, 1), (4217, 2), (4319, 1), (4699, 1), (4766, 1), (4779, 38), (4831, 2), (4864, 1), (4928, 8), (4972, 3)
yellowbon (DF: 1): (938, 1)
yellowcard (DF: 1): (898, 1)
yem (DF: 2): (34, 4), (1677, 1)
yen (DF: 2): (3541, 1), (3783, 7)
yen3al (DF: 1): (246, 1)
yend (DF: 1): (1966, 3)
yeongwonhi (DF: 1): (32, 2)
yeow (DF: 1): (4642, 1)
yep (DF: 21): (81, 1), (146, 32), (282, 2), (449, 1), (646, 1), (782, 2), (1111, 8), (1323, 1), (1975, 1), (2000, 4), (2230, 1), (2522, 6), (2820, 1), (2857, 1), (2877, 1), (3186, 1), (3265, 5), (3356, 1), (3383, 1), (3845, 1), (4469, 2)
yer (DF: 2): (2461, 3), (4386, 1)
yerb (DF: 2): (276, 1), (3351, 1)
yerba (DF: 1): (3902, 1)
yern (DF: 1): (2383, 3)
yes (DF: 279): (57, 2), (79, 2), (80, 8), (100, 5), (155, 6), (161, 1), (166, 2), (168, 1), (171, 1), (200, 1), (248, 1), (273, 4), (279, 2), (303, 48), (305, 1), (337, 1), (389, 1), (479, 3), (494, 12), (495, 4), (521, 1), (527, 1), (543, 1), (550, 3), (563, 2), (581, 1), (583, 1), (601, 2), (613, 1), (619, 1), (626, 2), (635, 2), (680, 1), (702, 2), (803, 1), (843, 6), (846, 2), (872, 1), (883, 1), (884, 1), (912, 2), (916, 1), (925, 2), (964, 1), (969, 1), (975, 1), (983, 4), (993, 1), (1024, 5), (1029, 1), (1050, 1), (1060, 2), (1092, 1), (1110, 3), (1120, 2), (1136, 1), (1178, 1), (1188, 1), (1201, 6), (1211, 1), (1226, 2), (1267, 2), (1288, 1), (1292, 1), (1299, 3), (1326, 2), (1399, 1), (1433, 2), (1456, 1), (1475, 2), (1477, 1), (1509, 5), (1532, 2), (1555, 1), (1566, 4), (1580, 2), (1612, 1), (1650, 1), (1678, 1), (1685, 1), (1699, 2), (1744, 4), (1746, 5), (1781, 2), (1838, 2), (1854, 3), (1872, 1), (1873, 2), (1904, 2), (1926, 2), (1952, 2), (1957, 2), (1965, 1), (1980, 2), (2002, 1), (2010, 1), (2011, 2), (2032, 4), (2048, 1), (2076, 1), (2084, 1), (2093, 4), (2112, 1), (2134, 3), (2153, 2), (2154, 1), (2155, 1), (2164, 1), (2167, 1), (2171, 1), (2184, 6), (2202, 4), (2203, 1), (2260, 1), (2282, 2), (2292, 1), (2309, 3), (2361, 1), (2364, 1), (2378, 1), (2388, 1), (2424, 2), (2451, 1), (2459, 2), (2470, 2), (2472, 2), (2490, 2), (2494, 1), (2499, 3), (2505, 8), (2511, 4), (2519, 1), (2544, 2), (2568, 1), (2627, 1), (2667, 1), (2690, 1), (2699, 2), (2731, 1), (2760, 1), (2776, 1), (2778, 1), (2811, 2), (2819, 2), (2827, 4), (2829, 2), (2844, 3), (2865, 7), (2867, 4), (2881, 1), (2882, 1), (2895, 2), (2896, 1), (2897, 3), (2901, 2), (2942, 1), (2963, 1), (2965, 6), (3010, 1), (3018, 1), (3019, 1), (3052, 1), (3077, 1), (3099, 2), (3100, 1), (3105, 3), (3124, 1), (3128, 2), (3139, 1), (3147, 3), (3151, 2), (3230, 1), (3241, 1), (3247, 2), (3251, 1), (3282, 2), (3306, 1), (3371, 2), (3397, 1), (3474, 3), (3486, 1), (3507, 1), (3532, 1), (3584, 6), (3620, 1), (3635, 4), (3636, 2), (3655, 1), (3671, 2), (3685, 1), (3696, 6), (3700, 2), (3702, 3), (3729, 2), (3789, 8), (3791, 1), (3860, 3), (3880, 1), (3888, 3), (3900, 1), (3914, 1), (3923, 3), (3928, 2), (3948, 1), (3949, 3), (3996, 1), (4006, 2), (4008, 2), (4019, 1), (4039, 1), (4054, 2), (4074, 3), (4156, 2), (4200, 39), (4224, 4), (4242, 2), (4243, 2), (4259, 1), (4266, 1), (4275, 1), (4282, 2), (4288, 1), (4316, 1), (4319, 1), (4324, 19), (4338, 10), (4342, 8), (4355, 1), (4359, 3), (4365, 2), (4367, 7), (4372, 1), (4378, 8), (4407, 1), (4408, 2), (4420, 2), (4473, 8), (4482, 2), (4492, 3), (4498, 6), (4522, 1), (4534, 1), (4551, 1), (4575, 9), (4583, 2), (4593, 1), (4607, 1), (4611, 1), (4613, 4), (4634, 1), (4639, 1), (4641, 2), (4658, 1), (4663, 2), (4701, 3), (4731, 8), (4746, 1), (4764, 1), (4785, 1), (4793, 5), (4804, 2), (4808, 2), (4812, 2), (4823, 1), (4830, 1), (4834, 1), (4874, 2), (4875, 2), (4887, 2), (4894, 4), (4905, 1), (4907, 1), (4911, 2), (4936, 2), (4937, 1), (4943, 1), (4964, 3), (4973, 30), (4993, 3)
yesc (DF: 3): (353, 1), (4152, 7), (4257, 35)
yeshua (DF: 1): (4764, 3)
yessir (DF: 3): (200, 1), (2820, 1), (4320, 1)
yessiram (DF: 2): (188, 4), (4553, 4)
yesss (DF: 1): (802, 1)
yessuh (DF: 2): (4501, 1), (4962, 1)
yesterday (DF: 58): (78, 1), (110, 1), (254, 4), (294, 1), (470, 1), (619, 1), (788, 1), (916, 1), (925, 1), (971, 1), (1040, 2), (1052, 1), (1053, 1), (1186, 6), (1270, 1), (1344, 9), (1434, 1), (1469, 1), (1539, 1), (1546, 3), (1641, 5), (1649, 1), (1707, 3), (1767, 2), (1816, 13), (2047, 1), (2103, 1), (2115, 3), (2382, 1), (2412, 1), (2569, 2), (2636, 1), (2725, 2), (2768, 2), (2788, 1), (2804, 1), (2832, 1), (2919, 1), (2968, 2), (3051, 4), (3450, 1), (3599, 1), (3676, 2), (3704, 1), (3772, 1), (3929, 3), (4010, 1), (4093, 1), (4132, 1), (4212, 4), (4277, 2), (4305, 2), (4466, 3), (4566, 3), (4601, 1), (4764, 1), (4892, 1), (4921, 1)
yet (DF: 125): (26, 3), (76, 1), (110, 1), (121, 1), (168, 3), (197, 1), (248, 1), (255, 1), (297, 2), (343, 1), (415, 6), (462, 1), (471, 1), (544, 1), (612, 3), (635, 1), (636, 2), (691, 1), (802, 1), (803, 2), (861, 12), (920, 1), (1053, 1), (1117, 1), (1124, 1), (1219, 13), (1237, 3), (1243, 2), (1256, 2), (1291, 6), (1313, 1), (1320, 1), (1323, 1), (1344, 1), (1469, 1), (1521, 1), (1555, 1), (1558, 1), (1560, 1), (1564, 1), (1670, 3), (1689, 1), (1719, 1), (1770, 1), (1824, 1), (1831, 2), (1859, 1), (1960, 2), (2063, 1), (2087, 2), (2185, 1), (2267, 6), (2291, 1), (2312, 1), (2324, 1), (2345, 1), (2423, 1), (2485, 2), (2527, 2), (2556, 1), (2630, 1), (2682, 1), (2692, 1), (2718, 1), (2832, 1), (2849, 1), (2860, 1), (2884, 1), (2892, 1), (2894, 2), (2924, 1), (2927, 1), (2932, 1), (3016, 1), (3018, 1), (3051, 4), (3058, 2), (3101, 1), (3155, 1), (3204, 1), (3237, 2), (3238, 1), (3251, 1), (3277, 2), (3429, 2), (3498, 1), (3535, 2), (3549, 3), (3564, 1), (3581, 1), (3610, 2), (3677, 1), (3683, 3), (3728, 1), (3731, 1), (3736, 1), (3745, 1), (3769, 1), (3775, 1), (3795, 1), (3833, 2), (3839, 2), (3861, 8), (3902, 2), (3934, 1), (4037, 1), (4061, 5), (4091, 1), (4120, 2), (4221, 2), (4231, 1), (4262, 2), (4337, 2), (4368, 1), (4415, 1), (4520, 2), (4603, 1), (4643, 2), (4652, 1), (4664, 1), (4864, 1), (4865, 2), (4870, 6), (4874, 1), (4918, 1)
yeucous (DF: 1): (540, 1)
yeux (DF: 1): (1561, 9)
yewu (DF: 1): (905, 1)
yfl (DF: 1): (908, 1)
yg (DF: 5): (92, 3), (1354, 1), (2269, 1), (2923, 1), (3174, 1)
yi (DF: 7): (284, 36), (667, 16), (2583, 1), (3337, 12), (3366, 2), (4356, 16), (4698, 7)
yield (DF: 1): (3164, 1)
yiggi (DF: 1): (1849, 1)
yihyd (DF: 1): (284, 2)
yike (DF: 1): (4629, 1)
yikki (DF: 1): (1626, 2)
yin (DF: 1): (1657, 2)
ying (DF: 2): (1657, 4), (3790, 3)
yippe (DF: 1): (693, 20)
yippi (DF: 1): (3018, 1)
yisus (DF: 1): (2843, 1)
yj (DF: 2): (1918, 2), (4311, 8)
