pieni (DF: 1): (4761, 2)
piens (DF: 65): (117, 1), (217, 1), (345, 4), (353, 1), (371, 1), (395, 2), (460, 3), (466, 2), (477, 2), (628, 1), (791, 2), (813, 1), (982, 8), (996, 1), (1159, 4), (1215, 2), (1241, 3), (1254, 2), (1296, 1), (1422, 1), (1682, 1), (1687, 2), (1752, 1), (1939, 1), (1953, 1), (2136, 2), (2336, 1), (2606, 3), (2642, 6), (2739, 1), (2792, 1), (2972, 8), (3106, 1), (3197, 12), (3211, 1), (3239, 1), (3269, 1), (3344, 1), (3403, 2), (3434, 3), (3569, 1), (3580, 4), (3614, 8), (3631, 4), (3723, 1), (3859, 2), (4009, 3), (4143, 2), (4180, 2), (4195, 2), (4209, 1), (4210, 1), (4362, 1), (4382, 1), (4416, 1), (4430, 2), (4469, 2), (4515, 1), (4518, 1), (4556, 1), (4560, 1), (4846, 4), (4939, 1), (4961, 4), (4470, 2)
piensal (DF: 1): (4469, 2)
piensel (DF: 1): (2530, 1)
pier (DF: 2): (312, 1), (4441, 2)
pierc (DF: 12): (407, 1), (1357, 2), (1566, 1), (1697, 2), (1874, 1), (1921, 2), (1944, 1), (2310, 1), (3096, 1), (3251, 1), (4319, 1), (4677, 1)
piercin (DF: 1): (2031, 2)
pierd (DF: 29): (276, 1), (312, 1), (366, 1), (371, 1), (460, 1), (632, 3), (707, 3), (858, 1), (1005, 3), (1305, 2), (1582, 1), (1682, 1), (1724, 2), (1939, 1), (1963, 1), (2530, 1), (2656, 1), (2805, 1), (2898, 5), (3351, 1), (3489, 1), (3586, 6), (3908, 3), (4210, 1), (4430, 1), (4568, 3), (4633, 4), (4711, 1), (4949, 1)
pierda (DF: 1): (4214, 3)
pierdoloni (DF: 1): (3744, 2)
piern (DF: 8): (46, 2), (412, 2), (1046, 6), (2136, 1), (2530, 1), (2877, 1), (4439, 1), (4484, 1)
piernas (DF: 1): (1447, 2)
pierwszi (DF: 1): (3744, 2)
pies (DF: 14): (353, 1), (891, 1), (1112, 5), (1133, 1), (1582, 1), (1826, 1), (2336, 6), (3226, 6), (3569, 1), (3588, 2), (3942, 2), (4186, 2), (4430, 1), (4852, 1)
piesza (DF: 1): (2951, 1)
pieta (DF: 1): (4945, 1)
pietr (DF: 1): (63, 1)
piewa (DF: 1): (250, 1)
piez (DF: 4): (366, 1), (2642, 2), (3489, 1), (3555, 3)
pig (DF: 11): (47, 1), (642, 1), (2032, 1), (2378, 1), (2940, 1), (3940, 5), (3949, 3), (4062, 1), (4339, 1), (4522, 1), (4684, 1)
pigeon (DF: 3): (740, 1), (1410, 1), (2317, 1)
piger (DF: 1): (4425, 1)
piggi (DF: 4): (1957, 2), (2634, 1), (3840, 1), (4067, 1)
pigment (DF: 1): (3707, 2)
pigs (DF: 1): (4347, 1)
pigskin (DF: 1): (4067, 1)
pigu (DF: 1): (1918, 2)
piguet (DF: 2): (1850, 2), (4318, 1)
pij (DF: 2): (661, 1), (2316, 1)
pijam (DF: 2): (14, 1), (3665, 3)
pije (DF: 2): (250, 1), (1918, 1)
pijn (DF: 1): (4665, 1)
pik (DF: 1): (661, 1)
pikachu (DF: 3): (115, 2), (711, 1), (4582, 2)
piket (DF: 2): (1474, 1), (2309, 1)
pil (DF: 9): (229, 1), (1631, 2), (2183, 1), (2309, 1), (2662, 1), (3316, 2), (3723, 1), (4186, 2), (4651, 6)
pila (DF: 1): (299, 1)
pilar (DF: 1): (4167, 1)
pilat (DF: 1): (650, 1)
pildorit (DF: 1): (46, 1)
pile (DF: 9): (339, 1), (1135, 1), (2145, 1), (3179, 2), (3320, 1), (4090, 1), (4680, 1), (4874, 4), (4910, 1)
pilers (DF: 1): (364, 2)
pilet (DF: 1): (2662, 4)
pilgrim (DF: 3): (490, 1), (2177, 1), (2798, 1)
pilgrimag (DF: 1): (2912, 1)
pilha (DF: 1): (2711, 2)
pilit (DF: 1): (4910, 1)
pill (DF: 82): (15, 1), (139, 3), (310, 1), (364, 2), (407, 1), (469, 1), (529, 3), (582, 2), (661, 1), (691, 1), (825, 1), (868, 1), (895, 1), (952, 1), (1004, 19), (1068, 3), (1084, 1), (1135, 1), (1344, 1), (1374, 12), (1404, 3), (1473, 1), (1490, 1), (1498, 3), (1513, 1), (1566, 1), (1575, 1), (1604, 1), (1700, 4), (1727, 1), (1760, 1), (1784, 1), (1803, 4), (1804, 1), (1856, 1), (1908, 3), (1958, 1), (1963, 1), (2005, 3), (2026, 1), (2063, 1), (2100, 1), (2160, 1), (2251, 1), (2291, 1), (2397, 2), (2641, 3), (2656, 1), (2697, 1), (2864, 1), (2967, 1), (2999, 1), (3093, 10), (3104, 2), (3148, 1), (3163, 2), (3272, 1), (3312, 1), (3521, 1), (3624, 1), (3727, 3), (3759, 1), (3770, 4), (3813, 1), (3900, 1), (4034, 2), (4054, 2), (4066, 1), (4091, 1), (4196, 1), (4282, 1), (4345, 2), (4361, 1), (4433, 2), (4493, 3), (4523, 1), (4559, 2), (4569, 2), (4709, 1), (4905, 1), (4909, 19), (4999, 3)
pillam (DF: 1): (1563, 1)
pillar (DF: 3): (796, 1), (1804, 1), (3721, 6)
pillem (DF: 1): (1193, 1)
pilli (DF: 2): (675, 6), (3930, 3)
pillow (DF: 19): (183, 2), (200, 1), (418, 1), (486, 1), (659, 3), (866, 2), (1001, 1), (1211, 1), (1529, 4), (2133, 1), (2552, 1), (2698, 1), (2799, 1), (2878, 1), (3327, 4), (3339, 1), (3426, 2), (4170, 2), (4342, 6)
pillowcas (DF: 2): (2000, 1), (2419, 1)
pillowtalk (DF: 2): (1001, 2), (1529, 1)
pills (DF: 3): (1424, 1), (2487, 1), (4361, 1)
pilon (DF: 1): (4308, 2)
