majuchimyeon (DF: 1): (3690, 1)
mak (DF: 4): (53, 5), (1627, 2), (4285, 2), (4916, 1)
maka (DF: 1): (2050, 1)
makadam (DF: 1): (3962, 5)
makakaya (DF: 1): (871, 1)
makapaniwala (DF: 1): (871, 1)
makarov (DF: 1): (1825, 2)
makarow (DF: 1): (2463, 1)
makasama (DF: 1): (871, 1)
makatabi (DF: 1): (4910, 1)
makav (DF: 4): (1343, 1), (2076, 2), (3483, 1), (4717, 1)
make (DF: 1649): (2, 1), (5, 4), (7, 2), (11, 1), (13, 3), (20, 13), (25, 6), (30, 1), (31, 3), (38, 1), (40, 5), (45, 1), (47, 3), (48, 2), (51, 4), (52, 1), (55, 3), (56, 2), (58, 3), (62, 1), (64, 6), (65, 1), (67, 10), (69, 2), (70, 2), (72, 3), (78, 1), (80, 1), (81, 1), (82, 1), (88, 1), (93, 1), (94, 9), (100, 1), (101, 3), (103, 2), (104, 12), (106, 3), (113, 5), (114, 1), (116, 2), (118, 1), (119, 1), (121, 6), (122, 1), (123, 2), (124, 1), (126, 1), (128, 3), (130, 1), (132, 1), (134, 1), (138, 3), (152, 4), (153, 4), (156, 2), (160, 3), (162, 2), (163, 2), (169, 2), (177, 1), (181, 3), (182, 1), (190, 1), (193, 22), (196, 20), (197, 4), (200, 1), (202, 3), (204, 1), (207, 2), (209, 1), (211, 1), (212, 2), (214, 2), (215, 14), (220, 2), (222, 1), (223, 2), (226, 2), (234, 9), (235, 6), (236, 6), (237, 1), (243, 7), (244, 2), (245, 2), (247, 10), (248, 1), (255, 3), (257, 11), (259, 5), (261, 1), (262, 2), (264, 2), (266, 1), (268, 1), (273, 8), (277, 1), (279, 3), (286, 1), (287, 8), (289, 3), (296, 3), (298, 2), (299, 6), (301, 5), (303, 4), (304, 1), (305, 3), (306, 1), (310, 1), (313, 1), (322, 8), (324, 2), (327, 8), (330, 3), (334, 4), (337, 1), (340, 4), (343, 1), (350, 1), (352, 1), (357, 2), (358, 1), (361, 1), (362, 8), (369, 3), (375, 1), (377, 1), (380, 1), (382, 1), (383, 1), (388, 1), (389, 5), (390, 1), (391, 4), (394, 3), (402, 1), (405, 6), (408, 1), (409, 2), (410, 3), (414, 8), (418, 1), (425, 1), (431, 12), (440, 1), (443, 1), (449, 6), (451, 1), (454, 2), (455, 4), (457, 22), (459, 6), (461, 1), (470, 1), (471, 2), (475, 2), (479, 3), (482, 1), (485, 1), (486, 1), (495, 4), (501, 1), (511, 3), (513, 5), (514, 4), (517, 1), (518, 1), (527, 2), (529, 1), (535, 6), (536, 1), (537, 5), (538, 2), (541, 1), (542, 2), (543, 2), (545, 2), (546, 1), (547, 1), (548, 1), (549, 4), (550, 3), (551, 1), (554, 1), (556, 1), (558, 1), (559, 2), (562, 1), (563, 2), (565, 2), (573, 1), (574, 2), (575, 2), (576, 13), (579, 1), (581, 2), (586, 1), (591, 1), (596, 3), (597, 3), (605, 1), (608, 1), (609, 10), (610, 12), (611, 4), (612, 1), (613, 1), (618, 2), (620, 5), (622, 1), (623, 1), (625, 1), (638, 1), (642, 1), (643, 1), (644, 4), (645, 2), (646, 2), (647, 1), (657, 1), (660, 4), (662, 4), (663, 1), (666, 1), (669, 2), (672, 2), (673, 3), (675, 6), (678, 1), (680, 4), (684, 1), (686, 2), (689, 1), (694, 1), (696, 4), (698, 30), (702, 2), (706, 3), (708, 6), (709, 3), (710, 2), (712, 1), (719, 2), (721, 2), (729, 3), (730, 4), (731, 4), (732, 2), (733, 1), (734, 22), (736, 1), (740, 10), (742, 2), (746, 4), (753, 1), (754, 1), (758, 13), (761, 2), (767, 2), (774, 10), (775, 8), (780, 1), (781, 6), (782, 2), (786, 2), (794, 6), (795, 1), (796, 1), (800, 4), (801, 1), (802, 1), (804, 2), (805, 4), (809, 1), (815, 2), (818, 5), (820, 3), (826, 2), (829, 1), (831, 2), (834, 1), (838, 1), (841, 1), (842, 3), (846, 2), (850, 1), (854, 6), (856, 1), (857, 1), (863, 2), (864, 3), (866, 2), (868, 2), (870, 6), (883, 6), (884, 3), (895, 1), (906, 1), (909, 1), (914, 1), (920, 1), (921, 4), (922, 1), (923, 5), (924, 1), (925, 1), (928, 1), (929, 1), (930, 39), (939, 3), (942, 2), (944, 45), (946, 2), (948, 12), (952, 2), (959, 2), (964, 1), (965, 48), (966, 1), (971, 10), (975, 10), (978, 16), (979, 1), (981, 13), (986, 1), (991, 6), (993, 1), (994, 1), (997, 1), (999, 2), (1002, 12), (1003, 1), (1006, 2), (1009, 1), (1011, 1), (1015, 1), (1016, 1), (1021, 1), (1023, 2), (1024, 1), (1025, 4), (1028, 1), (1029, 3), (1031, 2), (1035, 30), (1038, 1), (1043, 3), (1044, 6), (1050, 6), (1055, 1), (1057, 1), (1058, 5), (1059, 3), (1069, 3), (1070, 1), (1071, 1), (1073, 5), (1075, 1), (1076, 1), (1078, 6), (1080, 4), (1084, 1), (1085, 1), (1094, 4), (1100, 1), (1101, 1), (1110, 1), (1111, 1), (1117, 1), (1119, 1), (1121, 1), (1122, 3), (1124, 2), (1127, 2), (1128, 2), (1131, 9), (1135, 1), (1136, 2), (1140, 3), (1143, 2), (1144, 3), (1145, 2), (1146, 2), (1152, 8), (1155, 1), (1156, 4), (1158, 1), (1168, 3), (1171, 1), (1173, 1), (1175, 2), (1178, 1), (1180, 12), (1187, 1), (1189, 6), (1190, 8), (1200, 1), (1201, 3), (1202, 4), (1204, 4), (1211, 1), (1214, 36), (1216, 4), (1217, 2), (1219, 14), (1223, 1), (1224, 3), (1226, 2), (1237, 1), (1245, 1), (1250, 3), (1253, 4), (1256, 1), (1263, 3), (1266, 4), (1269, 1), (1281, 1), (1282, 1), (1283, 16), (1285, 1), (1291, 2), (1292, 2), (1293, 3), (1304, 1), (1308, 1), (1315, 1), (1316, 4), (1317, 1), (1319, 4), (1321, 2), (1322, 1), (1324, 4), (1325, 3), (1332, 5), (1334, 12), (1336, 1), (1338, 2), (1339, 3), (1341, 2), (1342, 1), (1346, 2), (1354, 2), (1355, 11), (1357, 4), (1359, 1), (1361, 1), (1364, 1), (1373, 21), (1374, 14), (1378, 2), (1380, 4), (1381, 1), (1388, 4), (1396, 1), (1403, 19), (1405, 3), (1409, 3), (1414, 1), (1418, 1), (1419, 5), (1420, 1), (1426, 1), (1428, 1), (1429, 1), (1434, 1), (1436, 4), (1438, 6), (1444, 1), (1446, 10), (1448, 2), (1449, 1), (1451, 2), (1456, 3), (1459, 4), (1463, 2), (1466, 2), (1468, 26), (1469, 4), (1471, 1), (1473, 1), (1475, 6), (1477, 1), (1493, 1), (1499, 2), (1506, 2), (1509, 4), (1511, 12), (1512, 1), (1513, 4), (1516, 8), (1520, 1), (1525, 3), (1531, 1), (1532, 2), (1534, 1), (1536, 1), (1541, 1), (1543, 2), (1550, 8), (1551, 2), (1552, 1), (1554, 3), (1555, 1), (1560, 1), (1561, 4), (1564, 2), (1566, 1), (1568, 4), (1573, 2), (1578, 3), (1587, 2), (1594, 5), (1596, 6), (1600, 1), (1603, 12), (1604, 1), (1610, 3), (1611, 3), (1612, 23), (1614, 3), (1620, 2), (1626, 14), (1634, 1), (1643, 1), (1644, 1), (1650, 1), (1660, 4), (1661, 1), (1662, 1), (1671, 1), (1672, 9), (1674, 14), (1675, 2), (1679, 1), (1685, 1), (1688, 3), (1690, 10), (1691, 8), (1692, 4), (1693, 3), (1694, 1), (1695, 1), (1697, 4), (1700, 5), (1704, 1), (1705, 1), (1708, 3), (1709, 2), (1710, 7), (1711, 1), (1712, 1), (1714, 12), (1718, 1), (1725, 2), (1726, 2), (1727, 3), (1728, 4), (1729, 4), (1730, 1), (1731, 29), (1733, 2), (1734, 1), (1737, 1), (1739, 1), (1742, 3), (1743, 1), (1744, 12), (1746, 4), (1747, 5), (1748, 1), (1751, 3), (1755, 1), (1756, 6), (1757, 4), (1763, 1), (1764, 1), (1766, 2), (1768, 1), (1773, 1), (1774, 1), (1776, 1), (1777, 6), (1783, 4), (1785, 1), (1789, 1), (1791, 8), (1792, 1), (1796, 1), (1797, 2), (1799, 1), (1801, 3), (1805, 5), (1807, 1), (1815, 3), (1820, 3), (1821, 1), (1828, 1), (1829, 1), (1830, 2), (1831, 1), (1832, 1), (1836, 1), (1837, 1), (1838, 2), (1840, 6), (1841, 1), (1844, 2), (1853, 4), (1855, 8), (1860, 2), (1865, 2), (1866, 1), (1867, 2), (1869, 1), (1872, 2), (1874, 5), (1877, 1), (1879, 2), (1882, 1), (1888, 1), (1889, 2), (1891, 2), (1892, 1), (1893, 2), (1894, 1), (1896, 1), (1897, 6), (1900, 10), (1904, 2), (1906, 1), (1908, 1), (1909, 1), (1910, 3), (1911, 1), (1913, 9), (1915, 2), (1922, 2), (1924, 14), (1928, 1), (1929, 4), (1936, 1), (1938, 1), (1943, 6), (1945, 2), (1949, 4), (1952, 2), (1956, 1), (1958, 2), (1959, 1), (1962, 1), (1971, 2), (1975, 1), (1976, 3), (1984, 3), (1988, 1), (1998, 1), (1999, 18), (2000, 3), (2001, 6), (2004, 1), (2005, 2), (2007, 4), (2010, 1), (2011, 1), (2014, 3), (2015, 4), (2022, 1), (2023, 2), (2026, 4), (2028, 4), (2030, 7), (2035, 2), (2041, 2), (2049, 1), (2052, 4), (2055, 2), (2057, 2), (2063, 8), (2064, 2), (2067, 4), (2069, 1), (2073, 1), (2074, 8), (2084, 1), (2089, 2), (2091, 4), (2093, 4), (2097, 1), (2102, 7), (2104, 1), (2105, 8), (2106, 3), (2110, 3), (2113, 3), (2115, 3), (2116, 4), (2117, 1), (2119, 1), (2126, 1), (2131, 1), (2132, 5), (2137, 2), (2141, 6), (2145, 1), (2146, 2), (2147, 7), (2148, 1), (2157, 3), (2158, 2), (2160, 3), (2162, 3), (2167, 2), (2169, 2), (2173, 1), (2174, 1), (2176, 5), (2177, 3), (2185, 1), (2186, 5), (2187, 10), (2190, 2), (2191, 5), (2192, 4), (2199, 1), (2202, 1), (2208, 9), (2209, 3), (2216, 1), (2218, 3), (2219, 2), (2222, 1), (2223, 12), (2224, 3), (2228, 1), (2231, 1), (2235, 47), (2240, 2), (2241, 3), (2244, 3), (2251, 3), (2252, 2), (2255, 1), (2259, 1), (2262, 4), (2263, 2), (2264, 2), (2265, 1), (2272, 6), (2273, 6), (2277, 1), (2278, 2), (2281, 6), (2282, 6), (2286, 1), (2288, 3), (2289, 3), (2296, 4), (2297, 1), (2300, 1), (2301, 4), (2303, 1), (2304, 1), (2310, 1), (2317, 30), (2318, 5), (2321, 1), (2322, 6), (2332, 2), (2333, 2), (2339, 1), (2340, 5), (2341, 1), (2347, 1), (2355, 6), (2356, 3), (2357, 5), (2370, 2), (2373, 4), (2374, 2), (2377, 1), (2379, 1), (2388, 16), (2389, 3), (2390, 12), (2393, 2), (2394, 2), (2396, 2), (2397, 4), (2399, 1), (2401, 3), (2402, 3), (2404, 1), (2406, 6), (2408, 3), (2409, 2), (2411, 1), (2412, 3), (2421, 12), (2422, 4), (2428, 2), (2434, 34), (2440, 1), (2442, 1), (2444, 3), (2445, 1), (2448, 1), (2449, 4), (2450, 2), (2453, 12), (2454, 4), (2456, 11), (2462, 1), (2465, 1), (2466, 1), (2476, 1), (2478, 1), (2479, 2), (2484, 5), (2486, 1), (2490, 6), (2494, 4), (2497, 3), (2500, 1), (2501, 2), (2502, 2), (2503, 6), (2504, 1), (2507, 2), (2509, 1), (2511, 4), (2513, 3), (2514, 1), (2519, 2), (2522, 4), (2523, 1), (2527, 1), (2533, 45), (2534, 1), (2536, 6), (2541, 2), (2542, 2), (2543, 1), (2544, 1), (2548, 2), (2550, 2), (2552, 1), (2553, 1), (2555, 1), (2556, 5), (2557, 2), (2558, 8), (2560, 1), (2561, 1), (2562, 1), (2568, 2), (2572, 1), (2573, 1), (2576, 3), (2577, 10), (2583, 1), (2586, 7), (2590, 5), (2591, 2), (2592, 1), (2593, 1), (2594, 1), (2596, 5), (2599, 11), (2603, 1), (2605, 5), (2607, 2), (2608, 2), (2609, 1), (2610, 28), (2613, 2), (2614, 6), (2618, 3), (2620, 1), (2622, 1), (2624, 2), (2632, 1), (2634, 3), (2636, 1), (2640, 4), (2641, 2), (2644, 65), (2649, 1), (2650, 1), (2655, 9), (2666, 2), (2669, 1), (2671, 3), (2676, 2), (2678, 1), (2679, 4), (2684, 2), (2686, 2), (2687, 2), (2688, 3), (2690, 2), (2692, 1), (2693, 1), (2694, 1), (2695, 2), (2696, 2), (2700, 3), (2703, 1), (2704, 2), (2705, 6), (2706, 1), (2707, 2), (2710, 1), (2715, 10), (2717, 1), (2725, 3), (2734, 3), (2735, 4), (2737, 2), (2744, 1), (2745, 2), (2746, 1), (2747, 1), (2750, 3), (2752, 3), (2753, 1), (2756, 2), (2758, 2), (2760, 2), (2761, 1), (2764, 2), (2767, 16), (2769, 3), (2770, 1), (2773, 1), (2774, 6), (2776, 3), (2777, 4), (2779, 2), (2780, 1), (2781, 5), (2783, 1), (2787, 1), (2793, 6), (2799, 1), (2800, 2), (2801, 2), (2802, 4), (2804, 1), (2808, 1), (2809, 3), (2810, 1), (2820, 1), (2821, 1), (2825, 1), (2827, 4), (2831, 6), (2832, 1), (2835, 6), (2840, 4), (2841, 3), (2842, 2), (2852, 1), (2854, 2), (2856, 1), (2857, 7), (2859, 4), (2862, 8), (2864, 1), (2865, 1), (2871, 1), (2873, 1), (2878, 3), (2882, 1), (2884, 3), (2887, 1), (2888, 3), (2894, 13), (2895, 4), (2897, 3), (2899, 3), (2902, 2), (2906, 2), (2909, 7), (2910, 1), (2912, 1), (2915, 3), (2916, 1), (2920, 1), (2923, 8), (2925, 14), (2927, 1), (2928, 9), (2930, 2), (2934, 2), (2939, 1), (2940, 2), (2958, 48), (2964, 13), (2974, 1), (2975, 1), (2976, 1), (2981, 5), (2988, 1), (2989, 1), (2995, 12), (3001, 4), (3002, 1), (3009, 1), (3018, 1), (3019, 3), (3025, 2), (3030, 2), (3036, 2), (3042, 1), (3043, 1), (3045, 2), (3051, 4), (3053, 4), (3054, 5), (3055, 2), (3061, 2), (3064, 1), (3065, 3), (3068, 1), (3072, 6), (3075, 6), (3076, 4), (3079, 4), (3081, 1), (3083, 2), (3087, 2), (3089, 1), (3091, 1), (3097, 4), (3101, 3), (3102, 1), (3105, 1), (3109, 2), (3112, 1), (3113, 2), (3114, 2), (3116, 2), (3122, 1), (3124, 4), (3125, 1), (3126, 8), (3131, 4), (3135, 1), (3137, 3), (3138, 1), (3139, 1), (3141, 7), (3142, 1), (3143, 2), (3144, 2), (3148, 1), (3152, 2), (3160, 1), (3161, 4), (3164, 3), (3168, 1), (3176, 1), (3178, 1), (3181, 10), (3184, 2), (3185, 1), (3188, 6), (3189, 1), (3193, 1), (3194, 1), (3198, 9), (3201, 1), (3204, 1), (3207, 1), (3208, 2), (3216, 1), (3217, 1), (3220, 1), (3225, 7), (3232, 1), (3234, 34), (3237, 2), (3238, 2), (3244, 1), (3248, 3), (3251, 1), (3256, 5), (3258, 5), (3260, 1), (3262, 2), (3265, 1), (3268, 1), (3274, 10), (3275, 4), (3278, 10), (3279, 2), (3282, 4), (3288, 2), (3291, 1), (3292, 1), (3297, 4), (3300, 2), (3301, 1), (3309, 1), (3310, 5), (3312, 2), (3320, 1), (3321, 5), (3322, 2), (3323, 4), (3325, 2), (3331, 2), (3334, 3), (3335, 1), (3337, 3), (3338, 2), (3341, 1), (3343, 4), (3349, 1), (3350, 4), (3359, 1), (3362, 3), (3363, 1), (3366, 2), (3367, 1), (3368, 1), (3369, 3), (3371, 2), (3374, 4), (3377, 1), (3379, 1), (3380, 4), (3382, 1), (3383, 1), (3384, 1), (3385, 2), (3388, 8), (3391, 2), (3395, 2), (3400, 36), (3402, 1), (3405, 1), (3413, 17), (3414, 9), (3420, 3), (3426, 1), (3428, 1), (3429, 23), (3432, 2), (3436, 3), (3439, 1), (3441, 1), (3451, 4), (3452, 2), (3457, 12), (3460, 3), (3469, 9), (3470, 1), (3476, 10), (3483, 2), (3484, 1), (3485, 1), (3487, 2), (3490, 3), (3498, 1), (3505, 2), (3507, 1), (3508, 1), (3511, 1), (3513, 38), (3518, 1), (3522, 1), (3524, 1), (3528, 2), (3529, 5), (3530, 8), (3533, 4), (3538, 1), (3540, 1), (3542, 3), (3548, 1), (3549, 4), (3551, 2), (3553, 10), (3557, 1), (3559, 1), (3560, 1), (3568, 3), (3574, 3), (3576, 1), (3581, 2), (3589, 1), (3593, 3), (3597, 3), (3598, 1), (3600, 5), (3604, 11), (3608, 5), (3612, 4), (3613, 2), (3617, 2), (3618, 1), (3619, 2), (3621, 1), (3624, 2), (3628, 1), (3634, 9), (3635, 7), (3636, 1), (3639, 11), (3653, 1), (3659, 2), (3661, 4), (3671, 10), (3674, 16), (3676, 2), (3677, 2), (3688, 7), (3693, 3), (3694, 1), (3696, 4), (3698, 4), (3700, 2), (3702, 42), (3705, 3), (3707, 2), (3711, 2), (3713, 3), (3714, 1), (3716, 1), (3720, 1), (3725, 4), (3730, 10), (3731, 2), (3733, 2), (3739, 1), (3740, 1), (3741, 12), (3745, 1), (3746, 1), (3758, 1), (3759, 1), (3760, 2), (3770, 3), (3771, 1), (3773, 2), (3775, 2), (3776, 3), (3778, 1), (3781, 3), (3782, 2), (3786, 12), (3790, 2), (3791, 2), (3792, 12), (3796, 1), (3798, 4), (3799, 9), (3802, 1), (3803, 1), (3806, 6), (3807, 6), (3813, 1), (3821, 1), (3822, 6), (3825, 2), (3826, 10), (3830, 1), (3832, 1), (3833, 3), (3834, 42), (3835, 2), (3840, 3), (3842, 2), (3845, 1), (3847, 1), (3852, 4), (3856, 2), (3860, 1), (3862, 1), (3865, 10), (3866, 1), (3867, 11), (3874, 1), (3878, 1), (3882, 2), (3884, 3), (3885, 2), (3893, 1), (3895, 1), (3900, 2), (3901, 1), (3902, 1), (3904, 3), (3905, 2), (3915, 2), (3917, 1), (3921, 1), (3923, 4), (3925, 4), (3927, 3), (3929, 3), (3930, 3), (3933, 1), (3934, 1), (3935, 4), (3937, 4), (3939, 1), (3940, 1), (3946, 2), (3949, 9), (3952, 1), (3959, 4), (3963, 1), (3965, 1), (3966, 1), (3974, 2), (3978, 3), (3985, 3), (3988, 2), (3991, 2), (3992, 1), (3993, 6), (3997, 4), (4003, 2), (4008, 1), (4019, 2), (4020, 1), (4021, 1), (4023, 3), (4024, 4), (4026, 1), (4030, 1), (4033, 2), (4037, 1), (4041, 4), (4042, 5), (4045, 1), (4046, 1), (4047, 1), (4050, 4), (4053, 6), (4055, 24), (4056, 2), (4057, 10), (4058, 1), (4059, 1), (4062, 1), (4066, 8), (4067, 1), (4069, 2), (4073, 1), (4075, 2), (4078, 2), (4079, 1), (4080, 4), (4083, 1), (4092, 9), (4097, 1), (4105, 2), (4107, 1), (4113, 6), (4118, 2), (4122, 9), (4126, 1), (4127, 1), (4128, 3), (4129, 3), (4133, 20), (4134, 1), (4139, 33), (4141, 2), (4144, 8), (4150, 3), (4153, 2), (4154, 1), (4155, 6), (4156, 6), (4159, 1), (4164, 1), (4165, 4), (4171, 15), (4173, 1), (4174, 1), (4178, 4), (4188, 76), (4194, 2), (4199, 2), (4200, 1), (4201, 6), (4208, 1), (4211, 1), (4213, 2), (4214, 3), (4218, 2), (4226, 2), (4228, 2), (4229, 8), (4237, 1), (4240, 3), (4243, 2), (4244, 4), (4245, 3), (4249, 1), (4250, 1), (4251, 7), (4253, 16), (4254, 3), (4259, 1), (4260, 3), (4261, 1), (4262, 1), (4273, 1), (4278, 1), (4281, 1), (4282, 2), (4284, 12), (4290, 1), (4292, 3), (4293, 1), (4294, 12), (4298, 1), (4303, 2), (4310, 3), (4312, 2), (4313, 2), (4315, 1), (4316, 1), (4319, 1), (4321, 1), (4324, 6), (4326, 2), (4329, 2), (4331, 5), (4337, 4), (4338, 2), (4339, 1), (4348, 2), (4349, 2), (4350, 1), (4351, 4), (4359, 1), (4360, 6), (4363, 5), (4364, 1), (4367, 4), (4368, 1), (4369, 5), (4374, 1), (4376, 1), (4377, 1), (4378, 4), (4381, 1), (4383, 1), (4384, 15), (4385, 1), (4388, 10), (4391, 1), (4392, 1), (4396, 1), (4401, 1), (4402, 1), (4404, 4), (4407, 2), (4408, 8), (4409, 8), (4410, 1), (4411, 1), (4412, 2), (4422, 2), (4426, 1), (4431, 4), (4432, 1), (4435, 2), (4436, 1), (4442, 2), (4449, 1), (4452, 2), (4454, 1), (4456, 3), (4457, 4), (4459, 2), (4460, 1), (4465, 6), (4468, 1), (4471, 2), (4476, 1), (4481, 1), (4483, 5), (4489, 24), (4494, 1), (4495, 1), (4497, 18), (4501, 1), (4503, 2), (4513, 2), (4517, 3), (4519, 1), (4523, 1), (4525, 8), (4526, 2), (4527, 2), (4531, 9), (4533, 3), (4539, 1), (4542, 1), (4547, 1), (4549, 1), (4552, 1), (4557, 1), (4564, 4), (4566, 3), (4569, 4), (4570, 1), (4574, 3), (4577, 1), (4578, 6), (4583, 8), (4585, 1), (4588, 1), (4592, 22), (4593, 4), (4600, 1), (4602, 2), (4603, 1), (4604, 3), (4610, 11), (4611, 1), (4613, 3), (4617, 2), (4621, 9), (4622, 2), (4623, 1), (4624, 6), (4625, 2), (4626, 2), (4634, 2), (4639, 3), (4644, 5), (4653, 3), (4654, 1), (4656, 2), (4662, 1), (4664, 4), (4668, 1), (4672, 1), (4681, 5), (4682, 1), (4690, 1), (4693, 3), (4694, 1), (4695, 2), (4698, 7), (4699, 2), (4700, 1), (4705, 2), (4712, 2), (4715, 3), (4716, 3), (4717, 1), (4718, 2), (4719, 9), (4723, 1), (4727, 1), (4730, 2), (4731, 3), (4732, 6), (4737, 6), (4738, 3), (4739, 1), (4742, 1), (4745, 3), (4748, 1), (4750, 1), (4753, 3), (4754, 1), (4762, 1), (4764, 4), (4766, 1), (4771, 2), (4785, 1), (4789, 2), (4794, 1), (4798, 1), (4800, 2), (4801, 1), (4802, 3), (4803, 5), (4805, 4), (4808, 3), (4813, 5), (4818, 1), (4825, 1), (4828, 2), (4829, 1), (4830, 1), (4833, 3), (4834, 3), (4836, 3), (4843, 7), (4844, 4), (4854, 3), (4866, 2), (4868, 1), (4874, 2), (4877, 2), (4878, 1), (4880, 2), (4881, 3), (4882, 3), (4884, 4), (4887, 1), (4889, 6), (4891, 1), (4893, 1), (4897, 2), (4903, 3), (4906, 3), (4911, 6), (4918, 1), (4925, 1), (4928, 1), (4930, 1), (4931, 1), (4933, 1), (4936, 2), (4937, 1), (4940, 2), (4943, 1), (4944, 1), (4947, 3), (4950, 8), (4956, 1), (4962, 3), (4963, 7), (4965, 1), (4966, 1), (4969, 4), (4971, 2), (4972, 2), (4973, 5), (4977, 2), (4980, 2), (4982, 3), (4983, 3), (4995, 1)
maken (DF: 5): (812, 1), (1077, 3), (1432, 1), (2638, 1), (3748, 1)
maker (DF: 14): (188, 1), (200, 1), (660, 1), (1216, 1), (1361, 2), (2026, 1), (2199, 2), (2432, 3), (2643, 1), (3261, 28), (3846, 1), (4553, 1), (4746, 1), (4901, 1)
makeshift (DF: 1): (4165, 1)
makeup (DF: 12): (578, 1), (1511, 1), (1581, 1), (1887, 1), (2169, 1), (2392, 1), (2583, 1), (3001, 1), (3221, 1), (3254, 1), (3432, 1), (4882, 1)
makikinig (DF: 1): (1489, 1)
makilala (DF: 2): (871, 1), (3887, 2)
makin (DF: 110): (13, 2), (26, 3), (40, 3), (138, 1), (159, 1), (257, 1), (291, 1), (327, 1), (339, 6), (356, 2), (357, 1), (381, 1), (449, 2), (504, 4), (535, 2), (558, 1), (647, 1), (696, 1), (802, 1), (922, 1), (927, 1), (993, 1), (1110, 1), (1122, 1), (1143, 8), (1216, 1), (1256, 1), (1263, 1), (1354, 1), (1355, 1), (1378, 2), (1448, 2), (1457, 3), (1499, 4), (1513, 1), (1552, 1), (1558, 1), (1587, 2), (1648, 1), (1679, 1), (1750, 1), (1964, 2), (1984, 4), (2028, 1), (2031, 1), (2091, 2), (2105, 1), (2278, 1), (2304, 1), (2333, 2), (2390, 9), (2500, 1), (2523, 2), (2527, 1), (2546, 8), (2592, 1), (2607, 1), (2666, 1), (2677, 2), (2691, 1), (2756, 1), (2804, 1), (2820, 1), (2825, 2), (2856, 1), (2879, 1), (3010, 1), (3019, 1), (3075, 1), (3079, 4), (3144, 1), (3216, 1), (3251, 1), (3356, 1), (3486, 1), (3487, 1), (3493, 1), (3559, 1), (3589, 1), (3594, 1), (3604, 1), (3612, 1), (3726, 1), (3731, 1), (3904, 2), (3991, 1), (3993, 3), (4008, 3), (4023, 2), (4044, 1), (4059, 2), (4090, 1), (4129, 1), (4133, 1), (4136, 4), (4364, 6), (4372, 1), (4404, 1), (4569, 1), (4585, 2), (4629, 1), (4668, 1), (4693, 1), (4731, 1), (4745, 1), (4773, 1), (4844, 2), (4871, 6), (4889, 1), (4940, 7)
making (DF: 3): (1461, 1), (4752, 2), (4916, 2)
makini (DF: 1): (4815, 1)
makita (DF: 1): (871, 1)
makj (DF: 1): (1161, 2)
makker (DF: 1): (1465, 1)
mako (DF: 1): (4363, 2)
makukuba (DF: 1): (4657, 1)
mal (DF: 134): (9, 1), (28, 1), (46, 1), (87, 2), (180, 1), (246, 1), (252, 1), (269, 1), (284, 2), (328, 36), (349, 1), (354, 6), (397, 1), (417, 1), (444, 3), (477, 1), (484, 1), (539, 2), (628, 4), (648, 1), (711, 1), (776, 1), (889, 19), (934, 1), (1005, 12), (1022, 5), (1039, 1), (1061, 2), (1171, 1), (1213, 2), (1221, 4), (1241, 2), (1244, 4), (1254, 1), (1255, 8), (1277, 3), (1300, 2), (1370, 3), (1379, 3), (1395, 1), (1441, 2), (1461, 1), (1484, 1), (1501, 1), (1659, 3), (1682, 1), (1736, 1), (1752, 7), (1850, 1), (1895, 1), (1967, 12), (1978, 2), (2021, 2), (2033, 4), (2059, 25), (2078, 1), (2088, 1), (2100, 2), (2107, 5), (2194, 1), (2328, 1), (2351, 2), (2354, 4), (2369, 2), (2463, 3), (2530, 1), (2549, 1), (2613, 10), (2631, 5), (2637, 1), (2642, 8), (2656, 3), (2659, 4), (2662, 3), (2680, 1), (2782, 2), (2814, 2), (2877, 1), (3048, 1), (3062, 6), (3067, 1), (3093, 4), (3104, 8), (3106, 1), (3108, 2), (3123, 2), (3214, 1), (3239, 1), (3316, 1), (3403, 2), (3437, 1), (3466, 2), (3504, 3), (3569, 1), (3590, 1), (3660, 1), (3669, 1), (3724, 2), (3768, 2), (3881, 1), (3890, 2), (3898, 1), (3916, 4), (3932, 1), (3955, 3), (3962, 4), (3972, 3), (3984, 4), (4032, 1), (4124, 3), (4143, 1), (4209, 13), (4210, 1), (4238, 3), (4258, 1), (4287, 2), (4300, 3), (4352, 1), (4386, 3), (4387, 1), (4423, 5), (4469, 2), (4496, 2), (4507, 4), (4515, 2), (4568, 2), (4594, 3), (4743, 52), (4804, 13), (4816, 1), (4862, 2), (4948, 1), (4949, 1), (4992, 1)
mala (DF: 4): (1669, 2), (2711, 1), (3692, 1), (3870, 1)
malaa (DF: 1): (670, 1)
malabo (DF: 1): (4910, 1)
malalaga (DF: 1): (4657, 1)
malamig (DF: 1): (4910, 1)
malandra (DF: 1): (1415, 1)
malandrin (DF: 1): (4009, 1)
malandriz (DF: 1): (4289, 1)
malay (DF: 1): (4815, 4)
malayo (DF: 1): (3150, 1)
malcolm (DF: 3): (643, 2), (2315, 1), (4365, 1)
malcom (DF: 1): (4365, 1)
mald (DF: 5): (2828, 1), (2898, 5), (3723, 1), (4704, 1), (4729, 1)
maldad (DF: 6): (1415, 2), (1519, 2), (1895, 1), (2210, 1), (3090, 1), (3364, 1)
maldecirt (DF: 1): (84, 1)
maldicion (DF: 3): (276, 1), (3351, 1), (4209, 2)
maldig (DF: 1): (1939, 1)
maldit (DF: 10): (333, 2), (1022, 2), (1582, 1), (2108, 3), (2656, 1), (3080, 1), (3340, 1), (3897, 1), (3908, 13), (4671, 2)
maldiv (DF: 1): (3774, 1)
maldy (DF: 3): (450, 1), (4189, 2), (4951, 2)
male (DF: 1): (1101, 1)
maleant (DF: 3): (2306, 2), (2604, 1), (3669, 1)
maleante (DF: 1): (567, 3)
malecon (DF: 2): (2785, 1), (3603, 1)
maled (DF: 1): (1800, 1)
maledett (DF: 1): (187, 1)
malefic (DF: 1): (3384, 2)
malentend (DF: 1): (1296, 1)
malet (DF: 2): (3851, 1), (4666, 1)
maleti (DF: 1): (3093, 2)
malfunct (DF: 1): (4266, 4)
malgast (DF: 1): (1788, 1)
malgeni (DF: 1): (2656, 1)
malhaejugo (DF: 1): (32, 1)
malhaejulla (DF: 1): (3690, 5)
malhaejwo (DF: 1): (32, 1)
malhal (DF: 1): (32, 1)
malhonnêt (DF: 1): (2425, 1)
mali (DF: 1): (3269, 1)
maliante (DF: 1): (2351, 2)
malibu (DF: 16): (9, 1), (1041, 1), (1354, 1), (1361, 1), (1950, 1), (2199, 1), (2503, 2), (3244, 1), (3486, 1), (3634, 1), (4360, 1), (4401, 7), (4724, 1), (4736, 56), (4905, 1), (4960, 1)
malibus (DF: 1): (802, 1)
malic (DF: 2): (2666, 1), (4918, 1)
malign (DF: 1): (3707, 2)
malik (DF: 4): (1076, 1), (1825, 1), (4197, 1), (4761, 1)
malilimutan (DF: 1): (4657, 2)
malina (DF: 1): (1825, 2)
malincon (DF: 1): (4873, 1)
malito (DF: 2): (1649, 1), (2735, 2)
mall (DF: 25): (92, 1), (197, 7), (486, 2), (660, 1), (808, 20), (1016, 1), (1045, 1), (1556, 1), (1799, 1), (1912, 6), (2001, 1), (2004, 1), (2032, 1), (2230, 1), (2353, 1), (2591, 2), (2927, 1), (2991, 1), (3021, 1), (4165, 1), (4262, 1), (4603, 1), (4733, 1), (4833, 1), (4995, 1)
malla (DF: 1): (3800, 1)
mallaury (DF: 1): (598, 1)
mallorca (DF: 1): (2192, 1)
mallori (DF: 1): (4098, 1)
malo (DF: 4): (430, 1), (1457, 3), (4136, 4), (4849, 1)
malon (DF: 11): (675, 1), (759, 1), (920, 1), (1598, 13), (1693, 1), (1839, 1), (2662, 3), (2745, 1), (2991, 1), (3930, 1), (4813, 1)
maloqueira (DF: 1): (2839, 1)
maloqueiro (DF: 2): (2839, 1), (3007, 4)
malow (DF: 1): (3300, 2)
malt (DF: 3): (1758, 1), (3161, 1), (4533, 1)
maltrat (DF: 6): (1370, 5), (1682, 1), (2668, 1), (2681, 1), (4356, 2), (4704, 2)
maltratam (DF: 1): (3555, 3)
maltratandot (DF: 1): (2668, 9)
maltratart (DF: 1): (1478, 2)
maltratt (DF: 1): (1850, 1)
maltreat (DF: 1): (2937, 3)
maluco (DF: 1): (1278, 1)
malum (DF: 8): (14, 8), (1213, 5), (1652, 3), (3226, 2), (3403, 3), (3666, 2), (4162, 5), (4507, 1)
malungkot (DF: 1): (1489, 1)
malv (DF: 3): (366, 4), (3489, 4), (3981, 1)
malvadão (DF: 1): (2631, 1)
