wheel (DF: 32): (2057, 1), (2156, 1), (2230, 1), (2278, 1), (2296, 1), (2305, 1), (2391, 2), (2418, 1), (2545, 2), (2827, 1), (2840, 2), (2962, 1), (2991, 6), (3051, 4), (3148, 1), (3261, 1), (3286, 1), (3741, 1), (3746, 1), (3963, 1), (4043, 2), (4163, 1), (4299, 5), (4441, 1), (4526, 2), (4604, 1), (4683, 1), (4784, 3), (4802, 12), (4833, 2), (4888, 1), (4953, 3)
wheeli (DF: 3): (490, 1), (2053, 1), (3219, 4)
wheelin (DF: 2): (1579, 1), (4942, 1)
wheez (DF: 1): (2676, 1)
wheezi (DF: 2): (3232, 1), (4046, 3)
wheezin (DF: 2): (4575, 1), (4768, 1)
when (DF: 5): (227, 4), (1461, 2), (2757, 2), (3284, 2), (3996, 1)
whenc (DF: 1): (129, 1)
whenev (DF: 64): (207, 1), (239, 3), (500, 3), (621, 1), (702, 2), (926, 1), (1065, 2), (1180, 2), (1219, 1), (1276, 1), (1298, 6), (1321, 1), (1374, 2), (1498, 9), (1569, 1), (1596, 6), (1610, 1), (1698, 2), (1750, 1), (1790, 1), (1838, 21), (1854, 1), (1916, 1), (2054, 1), (2141, 6), (2202, 1), (2235, 1), (2264, 4), (2333, 1), (2367, 1), (2560, 6), (2607, 1), (2678, 3), (2760, 1), (2871, 1), (3052, 1), (3081, 1), (3084, 3), (3147, 1), (3149, 1), (3282, 2), (3300, 1), (3362, 6), (3483, 1), (3589, 2), (3689, 1), (3693, 2), (3861, 3), (3971, 2), (4039, 3), (4085, 1), (4132, 1), (4384, 1), (4429, 1), (4485, 3), (4495, 1), (4531, 2), (4603, 1), (4663, 2), (4827, 1), (4866, 1), (4941, 1), (74, 2), (75, 1)
wher (DF: 3): (2648, 2), (2757, 2), (3492, 1)
where (DF: 2): (2259, 1), (2795, 1)
wherev (DF: 46): (42, 2), (222, 1), (374, 1), (456, 1), (668, 1), (712, 1), (726, 1), (802, 1), (1049, 1), (1198, 1), (1332, 3), (1389, 2), (1423, 1), (1587, 2), (1626, 2), (1656, 1), (1726, 1), (1743, 4), (1945, 2), (2302, 4), (2455, 1), (2524, 14), (2699, 1), (2818, 14), (2925, 1), (3061, 1), (3101, 1), (3379, 1), (3454, 1), (3474, 8), (3595, 1), (3661, 1), (3674, 26), (3701, 3), (3987, 2), (4113, 2), (4243, 3), (4290, 3), (4346, 3), (4508, 2), (4603, 4), (4634, 3), (4644, 1), (4819, 1), (4885, 1), (4911, 1)
whet (DF: 1): (1168, 1)
whethan (DF: 2): (301, 1), (1224, 1)
whether (DF: 19): (473, 1), (740, 1), (1249, 1), (1674, 1), (1977, 1), (2264, 6), (2435, 1), (2820, 2), (3083, 1), (3179, 1), (3374, 1), (3620, 1), (3670, 1), (3701, 3), (3789, 1), (3945, 1), (3971, 1), (4071, 1), (4291, 1)
whever (DF: 1): (1838, 1)
whew (DF: 2): (248, 1), (4868, 2)
whhhhhyyyyyy (DF: 1): (1560, 1)
whi (DF: 1): (341, 1)
whichev (DF: 2): (2778, 1), (2896, 1)
whie (DF: 1): (2536, 1)
whiff (DF: 1): (2687, 1)
whigfield (DF: 1): (3279, 1)
whigg (DF: 1): (347, 2)
while (DF: 1): (1869, 2)
whilst (DF: 1): (710, 1)
whim (DF: 1): (645, 1)
whimper (DF: 1): (2578, 1)
whin (DF: 1): (3313, 11)
whine (DF: 17): (134, 1), (772, 2), (905, 21), (1203, 1), (1703, 6), (1812, 1), (1855, 4), (2609, 1), (3042, 1), (3429, 1), (3957, 3), (4003, 1), (4123, 1), (4459, 1), (4849, 1), (4956, 1), (904, 1)
whinin (DF: 1): (2767, 1)
whip (DF: 110): (121, 2), (179, 1), (222, 1), (352, 1), (361, 10), (418, 1), (469, 1), (537, 2), (541, 1), (553, 1), (579, 1), (658, 2), (661, 8), (673, 1), (675, 2), (737, 1), (740, 1), (772, 2), (782, 1), (803, 1), (825, 1), (841, 33), (915, 1), (952, 1), (1028, 2), (1029, 1), (1031, 2), (1038, 1), (1050, 1), (1084, 1), (1174, 2), (1282, 3), (1375, 8), (1412, 1), (1413, 1), (1451, 2), (1574, 1), (1594, 1), (1625, 2), (1750, 1), (1801, 1), (1812, 1), (1949, 1), (2030, 1), (2037, 1), (2045, 2), (2052, 1), (2053, 6), (2058, 1), (2075, 1), (2081, 1), (2093, 2), (2104, 1), (2198, 1), (2269, 1), (2278, 1), (2283, 1), (2320, 1), (2374, 2), (2500, 1), (2511, 2), (2541, 2), (2638, 1), (2687, 1), (2730, 1), (2746, 1), (2801, 2), (2857, 1), (2865, 2), (2879, 1), (2923, 1), (2942, 3), (2991, 6), (3084, 3), (3095, 2), (3101, 1), (3118, 1), (3127, 1), (3179, 1), (3248, 1), (3487, 1), (3507, 2), (3594, 1), (3598, 1), (3822, 1), (3843, 2), (3930, 1), (4059, 1), (4121, 2), (4226, 1), (4250, 1), (4339, 1), (4355, 1), (4481, 1), (4508, 1), (4533, 1), (4552, 1), (4559, 2), (4585, 2), (4617, 1), (4684, 1), (4690, 1), (4736, 7), (4767, 1), (4827, 1), (4905, 1), (4972, 2), (660, 1), (2190, 1), (2192, 1)
whipe (DF: 1): (2040, 1)
whiplash (DF: 1): (4059, 1)
whipper (DF: 2): (2064, 1), (2619, 1)
whippin (DF: 8): (436, 8), (1147, 2), (1276, 1), (1498, 3), (2256, 13), (2527, 1), (2662, 2), (3822, 1)
whirl (DF: 4): (2634, 1), (2791, 1), (3592, 2), (3912, 1)
whirligig (DF: 1): (223, 1)
whirlwind (DF: 2): (209, 1), (2230, 1)
whiskey (DF: 10): (265, 2), (320, 1), (617, 2), (815, 1), (868, 2), (1077, 2), (1651, 1), (1899, 2), (2655, 1), (2720, 2)
