igloo (DF: 1): (759, 1)
ign (DF: 5): (950, 2), (1217, 1), (2290, 1), (3037, 2), (3170, 2)
ignant (DF: 1): (3707, 2)
ignit (DF: 25): (306, 1), (367, 1), (411, 1), (442, 3), (486, 1), (901, 12), (999, 2), (1084, 6), (1189, 2), (1402, 2), (1514, 3), (1709, 2), (1946, 17), (2032, 36), (2363, 17), (2900, 2), (3392, 4), (3514, 15), (3751, 1), (3786, 4), (4087, 2), (4399, 8), (4681, 1), (4738, 1), (4967, 1)
ignor (DF: 71): (5, 1), (19, 1), (74, 4), (98, 1), (187, 1), (354, 6), (366, 1), (406, 1), (682, 1), (808, 1), (1019, 1), (1085, 1), (1149, 3), (1215, 1), (1289, 5), (1298, 1), (1336, 1), (1343, 1), (1541, 1), (1635, 3), (1643, 1), (1867, 2), (1929, 1), (2002, 1), (2129, 1), (2143, 1), (2161, 2), (2588, 1), (2659, 8), (2677, 1), (2679, 2), (2688, 1), (2939, 1), (2947, 3), (3017, 1), (3030, 1), (3190, 1), (3211, 1), (3268, 2), (3317, 7), (3339, 1), (3469, 2), (3489, 1), (3535, 2), (3706, 1), (3731, 1), (3753, 1), (3754, 1), (3897, 1), (3925, 2), (3926, 1), (3971, 1), (3979, 1), (3981, 1), (3997, 6), (4019, 1), (4030, 1), (4044, 1), (4070, 1), (4195, 2), (4320, 1), (4547, 1), (4616, 2), (4715, 1), (4739, 1), (4776, 1), (4828, 1), (4886, 4), (4931, 4), (4934, 1), (4984, 2)
ignorant (DF: 1): (2539, 4)
ignorin (DF: 2): (1196, 1), (4045, 1)
igo (DF: 1): (34, 1)
igor (DF: 2): (270, 1), (4405, 1)
igu (DF: 1): (213, 2)
iguai (DF: 1): (3467, 2)
igual (DF: 49): (19, 1), (53, 1), (117, 1), (178, 1), (213, 2), (283, 1), (995, 2), (996, 1), (1005, 6), (1022, 1), (1039, 1), (1098, 2), (1221, 2), (1284, 3), (1379, 1), (1447, 1), (1920, 15), (1979, 2), (2033, 2), (2043, 3), (2136, 1), (2242, 1), (2659, 4), (2662, 1), (2792, 1), (2967, 1), (3071, 1), (3104, 2), (3106, 2), (3159, 4), (3342, 8), (3504, 1), (3724, 3), (3890, 1), (3898, 1), (3908, 1), (4016, 1), (4109, 3), (4143, 1), (4236, 1), (4352, 3), (4382, 2), (4518, 1), (4540, 6), (4544, 1), (4804, 4), (4846, 2), (4862, 3), (4879, 4)
iguald (DF: 1): (2316, 1)
iguan (DF: 1): (2136, 1)
ih (DF: 1): (213, 4)
ihhh (DF: 1): (12, 4)
ihjel (DF: 1): (4425, 1)
ihoney (DF: 1): (2452, 1)
ii (DF: 66): (134, 1), (148, 1), (164, 1), (172, 22), (248, 1), (332, 2), (343, 1), (606, 1), (669, 1), (699, 1), (712, 1), (872, 1), (878, 1), (887, 1), (909, 1), (912, 1), (986, 1), (1084, 1), (1120, 1), (1219, 1), (1309, 1), (1326, 1), (1331, 1), (1347, 1), (1430, 1), (1626, 1), (1641, 1), (1662, 1), (1816, 1), (1845, 1), (1877, 1), (1882, 1), (1912, 1), (2028, 1), (2084, 1), (2094, 1), (2153, 1), (2178, 22), (2300, 1), (2377, 1), (2399, 1), (2429, 1), (2566, 22), (2669, 1), (2824, 1), (2882, 1), (2901, 2), (3002, 1), (3017, 1), (3100, 1), (3268, 1), (3275, 1), (3325, 2), (3421, 1), (3432, 1), (3437, 4), (3486, 1), (4035, 1), (4053, 1), (4094, 1), (4350, 1), (4385, 1), (4443, 1), (4569, 1), (4880, 1), (4887, 1)
iibigin (DF: 1): (4910, 1)
iii (DF: 9): (446, 1), (698, 1), (1134, 1), (2198, 1), (3085, 1), (3323, 1), (3348, 1), (4028, 2), (4468, 1)
iiii (DF: 1): (2198, 1)
iiiiiii (DF: 2): (2377, 1), (4222, 3)
iisa (DF: 1): (1489, 1)
iisip (DF: 1): (4910, 1)
iit (DF: 1): (291, 1)
iiyak (DF: 1): (1489, 12)
ije (DF: 1): (3690, 5)
ijeneun (DF: 1): (3690, 1)
ijo (DF: 1): (3603, 1)
ik (DF: 19): (43, 13), (175, 44), (812, 4), (852, 17), (1077, 7), (1432, 15), (1619, 35), (2260, 10), (2638, 19), (3355, 19), (3453, 2), (3748, 30), (3864, 21), (4256, 23), (4295, 5), (4297, 12), (4607, 17), (4665, 37), (4849, 14)
ika (DF: 1): (0, 1)
ikaw (DF: 3): (0, 1), (3150, 3), (4910, 4)
ike (DF: 2): (1058, 1), (2607, 1)
ikea (DF: 1): (2000, 1)
ikk (DF: 11): (175, 1), (229, 7), (1465, 4), (2018, 4), (2759, 8), (3527, 19), (3591, 10), (4295, 1), (4425, 1), (4714, 5), (4985, 1)
ikon (DF: 1): (4203, 1)
il (DF: 5): (292, 1), (358, 2), (2260, 1), (3195, 2), (3453, 1)
ilalim (DF: 1): (3150, 4)
ilang (DF: 1): (4563, 1)
ilden (DF: 1): (3527, 1)
ile (DF: 1): (4859, 1)
ilegal (DF: 4): (1022, 1), (2150, 2), (4556, 1), (4780, 5)
iles (DF: 3): (2309, 1), (2792, 3), (3875, 1)
ilicit (DF: 1): (4210, 1)
ilija (DF: 1): (4318, 1)
ilira (DF: 1): (2172, 1)
ill (DF: 39): (306, 1), (383, 1), (642, 6), (786, 11), (1024, 1), (1076, 1), (1123, 1), (1196, 1), (1329, 1), (1424, 1), (1454, 1), (1560, 1), (1564, 1), (1790, 1), (1928, 1), (2083, 1), (2145, 2), (2241, 1), (2333, 2), (2422, 3), (2495, 1), (2497, 1), (2809, 1), (2910, 1), (2936, 2), (2975, 1), (3189, 3), (3759, 1), (3985, 1), (4019, 1), (4023, 1), (4082, 1), (4279, 1), (4290, 1), (4334, 1), (4468, 1), (4737, 1), (4833, 1), (4863, 1)
illa (DF: 1): (3521, 1)
illeg (DF: 7): (27, 1), (294, 1), (529, 1), (1936, 1), (2500, 1), (2820, 1), (3957, 2)
illegal (DF: 5): (151, 1), (1238, 1), (1583, 1), (2328, 1), (2574, 1)
illenium (DF: 6): (1356, 1), (1589, 1), (2006, 1), (2554, 1), (4055, 2), (4489, 1)
iller (DF: 1): (1904, 1)
illest (DF: 4): (642, 1), (3152, 2), (3268, 1), (3597, 1)
illinoi (DF: 1): (3594, 1)
illiter (DF: 1): (4407, 1)
illmat (DF: 3): (2771, 1), (4645, 1), (4877, 1)
illtown (DF: 1): (4468, 2)
illumin (DF: 5): (2335, 1), (2989, 3), (3679, 2), (3998, 1), (4980, 13)
illuminat (DF: 1): (1218, 1)
illuminati (DF: 8): (33, 4), (711, 2), (966, 1), (1255, 1), (1631, 1), (2045, 1), (3498, 1), (4704, 2)
illus (DF: 20): (156, 1), (343, 1), (359, 1), (699, 1), (990, 1), (1270, 1), (1557, 1), (1635, 2), (1816, 1), (1931, 1), (2297, 1), (2495, 1), (2935, 1), (2957, 17), (3040, 2), (3406, 1), (3465, 3), (3662, 1), (4040, 9), (4455, 3)
illusions (DF: 1): (3569, 1)
illustr (DF: 3): (1127, 1), (1214, 3), (3267, 1)
illway (DF: 1): (2093, 2)
illya (DF: 1): (4347, 6)
ilog (DF: 2): (2092, 2), (3492, 1)
ilsey (DF: 2): (218, 2), (1862, 1)
ilumin (DF: 5): (127, 1), (651, 2), (1974, 1), (2488, 1), (2662, 1)
iluminati (DF: 1): (762, 1)
iluminatti (DF: 1): (4209, 1)
ilusion (DF: 13): (934, 2), (1370, 1), (1379, 2), (1395, 2), (2090, 1), (3158, 1), (3504, 2), (3569, 4), (3572, 1), (3588, 4), (4189, 1), (4219, 1), (4939, 1)
ily (DF: 2): (1652, 1), (4162, 2)
im (DF: 37): (220, 2), (332, 4), (548, 1), (786, 4), (1187, 1), (1269, 1), (1282, 1), (1293, 2), (1297, 4), (1455, 4), (1512, 1), (1595, 1), (1661, 1), (1805, 1), (1835, 1), (1855, 2), (2083, 2), (2145, 1), (2176, 1), (2377, 3), (2482, 1), (3086, 1), (3189, 5), (4072, 2), (4147, 2), (4161, 6), (4262, 2), (4290, 2), (4368, 3), (4405, 1), (4453, 4), (4527, 2), (4543, 1), (4604, 2), (4811, 1), (4938, 1), (4978, 12)
ima (DF: 8): (1028, 3), (1187, 1), (2083, 23), (2723, 4), (3619, 1), (3813, 1), (4044, 1), (4527, 1)
imaandari (DF: 1): (149, 1)
imag (DF: 33): (72, 1), (161, 1), (291, 1), (464, 1), (632, 1), (1186, 2), (1197, 1), (1223, 1), (1305, 1), (1493, 1), (1553, 3), (1732, 1), (1845, 1), (1885, 6), (1964, 1), (2061, 1), (2064, 1), (2381, 1), (2432, 3), (2479, 1), (3158, 2), (3412, 2), (3428, 1), (3439, 1), (3531, 1), (3562, 1), (3745, 1), (3971, 1), (4247, 1), (4344, 3), (4416, 4), (4841, 1), (4874, 1)
imagen (DF: 1): (1953, 2)
imagerap (DF: 1): (3123, 1)
imageri (DF: 1): (1951, 1)
imagin (DF: 99): (19, 1), (117, 1), (127, 3), (327, 1), (417, 1), (455, 4), (632, 1), (643, 2), (715, 2), (728, 2), (744, 44), (844, 1), (889, 8), (899, 1), (910, 2), (1005, 1), (1022, 1), (1033, 6), (1131, 1), (1133, 2), (1193, 4), (1254, 2), (1287, 2), (1307, 1), (1321, 1), (1347, 2), (1388, 1), (1445, 1), (1548, 1), (1687, 1), (1719, 1), (1728, 2), (1767, 3), (1820, 1), (1840, 1), (1887, 32), (1949, 1), (1953, 1), (2054, 1), (2090, 1), (2103, 1), (2171, 1), (2193, 1), (2224, 1), (2248, 1), (2281, 1), (2378, 1), (2499, 1), (2665, 2), (2824, 1), (2871, 1), (2932, 1), (2934, 3), (2935, 1), (2970, 1), (2996, 1), (3057, 3), (3086, 2), (3094, 1), (3113, 1), (3179, 1), (3342, 1), (3394, 6), (3456, 1), (3511, 2), (3520, 2), (3572, 1), (3658, 1), (3677, 1), (3855, 1), (3878, 2), (4011, 4), (4013, 2), (4030, 1), (4105, 1), (4240, 2), (4283, 3), (4288, 1), (4314, 4), (4416, 4), (4470, 2), (4488, 3), (4500, 12), (4521, 1), (4525, 2), (4550, 2), (4638, 1), (4692, 1), (4701, 1), (4709, 4), (4739, 1), (4804, 4), (4908, 12), (4925, 1), (4939, 2), (4947, 1), (4982, 1), (4983, 1), (4995, 1)
imagina (DF: 1): (4167, 1)
imaginaci (DF: 1): (4288, 1)
imaginandot (DF: 1): (4908, 10)
imaginari (DF: 8): (918, 2), (2874, 2), (2912, 1), (3075, 1), (3745, 1), (4063, 1), (4394, 3), (4427, 1)
