will (DF: 9): (4075, 1), (4087, 1), (4284, 2), (4318, 1), (4400, 1), (4473, 2), (4698, 1), (4793, 1), (4285, 1)
willation (DF: 1): (648, 1)
willcarri (DF: 1): (1741, 1)
willen (DF: 2): (1077, 6), (2638, 2)
willi (DF: 10): (1836, 1), (2093, 3), (2208, 1), (2211, 1), (2357, 1), (3377, 1), (3584, 2), (4576, 1), (4803, 1), (4958, 1)
william (DF: 23): (162, 1), (401, 2), (897, 2), (1131, 1), (1198, 1), (1483, 1), (1739, 1), (1778, 2), (1784, 1), (1880, 1), (2027, 2), (2342, 2), (2425, 1), (2665, 1), (3184, 3), (3261, 1), (3400, 1), (3540, 1), (3701, 1), (3877, 1), (4687, 1), (4762, 1), (4941, 2)
willik (DF: 1): (1315, 1)
willin (DF: 8): (1607, 1), (2691, 1), (3075, 2), (3464, 1), (4211, 1), (4315, 1), (4793, 1), (4947, 1)
willkomm (DF: 2): (484, 1), (2574, 2)
willow (DF: 3): (1211, 1), (1877, 1), (2206, 1)
willpow (DF: 1): (3201, 2)
willy (DF: 5): (897, 2), (1778, 2), (2027, 2), (2342, 2), (2425, 1)
wilson (DF: 7): (980, 1), (1052, 1), (1565, 2), (1886, 1), (3464, 2), (3526, 1), (4045, 1)
wilt (DF: 7): (175, 1), (852, 3), (1077, 3), (1144, 1), (1318, 1), (1948, 1), (3864, 1)
wimbledon (DF: 1): (1896, 1)
wimp (DF: 1): (1758, 1)
win (DF: 117): (110, 1), (114, 1), (137, 1), (147, 2), (150, 3), (169, 3), (189, 5), (267, 2), (289, 1), (377, 1), (408, 4), (556, 1), (680, 2), (695, 1), (731, 1), (746, 26), (781, 1), (789, 1), (857, 1), (883, 3), (901, 6), (920, 1), (946, 2), (958, 2), (981, 1), (1071, 5), (1122, 1), (1256, 1), (1274, 1), (1361, 1), (1461, 1), (1559, 2), (1566, 2), (1674, 1), (1678, 2), (1682, 1), (1692, 16), (1790, 1), (1796, 12), (1851, 2), (1876, 6), (1922, 1), (1930, 2), (1968, 1), (1988, 10), (1999, 3), (2019, 1), (2104, 1), (2162, 6), (2177, 1), (2199, 1), (2254, 18), (2264, 6), (2355, 6), (2392, 6), (2460, 1), (2482, 1), (2509, 1), (2511, 2), (2523, 1), (2544, 1), (2598, 1), (2669, 1), (2723, 3), (2749, 4), (2820, 1), (2906, 2), (2936, 1), (3037, 1), (3136, 2), (3144, 1), (3170, 1), (3225, 1), (3311, 10), (3374, 1), (3444, 1), (3446, 1), (3458, 1), (3463, 1), (3483, 1), (3510, 1), (3757, 2), (3760, 1), (3778, 1), (3789, 1), (3790, 2), (3802, 1), (3840, 1), (3850, 1), (3886, 1), (3902, 1), (3927, 1), (4007, 2), (4019, 2), (4027, 1), (4083, 2), (4155, 1), (4182, 1), (4224, 1), (4273, 2), (4281, 2), (4340, 1), (4557, 1), (4572, 1), (4617, 3), (4674, 2), (4723, 1), (4767, 1), (4789, 2), (4827, 1), (4845, 3), (4887, 2), (4897, 1), (4907, 1), (4926, 1), (3345, 1), (3347, 2)
wina (DF: 3): (1655, 1), (4358, 1), (4761, 1)
winan (DF: 1): (4856, 1)
wind (DF: 127): (1, 1), (152, 6), (189, 3), (202, 1), (275, 1), (278, 2), (295, 1), (299, 1), (360, 1), (389, 3), (397, 1), (435, 2), (488, 3), (522, 1), (533, 8), (611, 2), (640, 2), (716, 1), (749, 1), (761, 2), (844, 1), (854, 1), (864, 1), (886, 1), (931, 1), (955, 2), (1006, 1), (1014, 1), (1062, 1), (1125, 2), (1149, 3), (1172, 1), (1189, 1), (1202, 10), (1239, 1), (1261, 1), (1371, 12), (1384, 2), (1401, 4), (1483, 1), (1504, 1), (1533, 1), (1606, 1), (1616, 1), (1629, 1), (1685, 1), (1696, 1), (1780, 1), (1808, 2), (1811, 1), (1833, 1), (1851, 2), (1859, 1), (1925, 1), (1936, 1), (2129, 1), (2144, 1), (2146, 2), (2151, 1), (2222, 2), (2234, 4), (2285, 1), (2311, 1), (2328, 1), (2339, 1), (2403, 2), (2460, 2), (2464, 2), (2485, 2), (2544, 2), (2569, 1), (2577, 1), (2593, 1), (2691, 1), (2699, 1), (2724, 4), (2770, 3), (2808, 2), (2865, 1), (2935, 1), (2942, 1), (3057, 1), (3251, 1), (3289, 3), (3320, 1), (3330, 2), (3426, 2), (3457, 6), (3601, 2), (3662, 1), (3699, 1), (3706, 1), (3721, 3), (3784, 1), (3786, 2), (3831, 11), (3866, 2), (3919, 2), (3927, 12), (4021, 3), (4027, 1), (4051, 1), (4060, 2), (4282, 1), (4377, 1), (4401, 1), (4459, 1), (4495, 2), (4543, 1), (4618, 4), (4634, 1), (4720, 1), (4740, 1), (4768, 1), (4774, 6), (4836, 1), (4922, 1), (4931, 1), (4955, 1), (1600, 2), (1601, 4), (1737, 1), (1738, 1), (3412, 2), (3415, 1), (3476, 10), (3477, 2)
windi (DF: 1): (4329, 1)
winding (DF: 1): (3631, 2)
windmil (DF: 2): (603, 16), (2447, 2)
windmuhl (DF: 1): (3570, 1)
window (DF: 48): (3, 1), (169, 3), (360, 1), (385, 2), (459, 2), (462, 1), (532, 1), (536, 1), (548, 1), (566, 1), (604, 4), (607, 1), (619, 1), (642, 1), (664, 1), (675, 2), (702, 1), (735, 6), (831, 1), (833, 1), (841, 1), (928, 1), (978, 18), (1036, 6), (1052, 2), (1119, 1), (1172, 1), (1186, 2), (1203, 1), (1285, 1), (1358, 1), (1378, 2), (1391, 3), (1402, 2), (1406, 1), (1430, 1), (1549, 1), (1634, 1), (1636, 1), (1657, 1), (1699, 1), (1732, 1), (1772, 3), (1877, 1), (1959, 1), (2048, 2), (2061, 1), (2115, 1)
