mysteri (DF: 6): (4691, 5), (4698, 1), (4746, 2), (4776, 1), (4841, 2), (4906, 2)
mystic (DF: 5): (968, 1), (2446, 4), (3547, 2), (4169, 1), (4262, 1)
mystifi (DF: 4): (406, 1), (951, 1), (1874, 1), (3694, 1)
mystik (DF: 6): (1436, 3), (1773, 2), (3249, 2), (3529, 1), (3538, 1), (4042, 1)
mystori (DF: 1): (4849, 1)
myth (DF: 6): (716, 1), (1096, 2), (2032, 2), (2093, 2), (2682, 1), (3029, 6)
mythic (DF: 1): (497, 1)
myx (DF: 3): (1559, 2), (4182, 1), (4572, 1)
myzica (DF: 1): (2271, 1)
mz (DF: 3): (598, 1), (641, 10), (3213, 1)
má (DF: 3): (1920, 5), (3146, 1), (4109, 1)
más (DF: 22): (158, 1), (675, 2), (780, 1), (887, 1), (901, 1), (1239, 1), (1454, 1), (2210, 3), (2370, 1), (3141, 1), (3287, 1), (3477, 1), (3716, 1), (3877, 1), (3930, 1), (4134, 1), (4241, 1), (4267, 4), (4363, 1), (4414, 1), (4573, 1), (4801, 1)
máximo (DF: 1): (3806, 2)
mãe (DF: 3): (1183, 3), (2631, 1), (4016, 1)
mão (DF: 5): (2242, 1), (2711, 3), (3353, 1), (3364, 1), (3467, 1)
må (DF: 1): (229, 1)
måneden (DF: 1): (4295, 1)
mændene (DF: 1): (4991, 1)
mé (DF: 1): (905, 2)
mégalo (DF: 1): (2425, 1)
mélang (DF: 1): (598, 1)
mélod (DF: 1): (637, 1)
mélop (DF: 1): (4986, 2)
mémor (DF: 1): (4986, 2)
ménag (DF: 1): (3067, 2)
ménage (DF: 2): (2760, 1), (3282, 2)
mêl (DF: 1): (1089, 1)
même (DF: 1): (3453, 1)
mì (DF: 1): (1411, 1)
mí (DF: 4): (299, 1), (1171, 6), (2730, 1), (3095, 2)
mídia (DF: 1): (3215, 1)
mío (DF: 2): (299, 1), (4465, 2)
mó (DF: 4): (1183, 1), (1895, 1), (2839, 2), (4357, 1)
mój (DF: 8): (1655, 1), (1825, 8), (1918, 13), (3744, 2), (4311, 1), (4405, 1), (4761, 1), (4914, 2)
mów (DF: 2): (661, 2), (4914, 2)
mówi (DF: 7): (250, 2), (1197, 1), (1655, 8), (1918, 3), (3744, 8), (4582, 1), (4761, 2)
mówisz (DF: 1): (4311, 1)
möet (DF: 1): (2033, 1)
möwe (DF: 1): (933, 1)
mø (DF: 2): (2403, 2), (4060, 1)
mønten (DF: 1): (3527, 1)
música (DF: 22): (242, 1), (292, 1), (299, 1), (386, 1), (948, 1), (1169, 1), (1208, 1), (1457, 1), (1529, 1), (1728, 1), (2711, 1), (2726, 1), (2971, 1), (3029, 1), (3343, 1), (3378, 1), (3457, 1), (3742, 1), (4020, 1), (4144, 1), (4566, 1), (4932, 1)
n (DF: 188): (27, 3), (43, 2), (80, 1), (118, 1), (141, 4), (156, 2), (175, 20), (178, 1), (246, 5), (282, 2), (296, 39), (343, 2), (345, 2), (393, 1), (397, 1), (430, 12), (437, 3), (441, 1), (449, 3), (468, 9), (484, 8), (486, 1), (490, 1), (493, 1), (498, 1), (503, 129), (550, 3), (558, 1), (570, 1), (583, 1), (613, 1), (671, 1), (672, 1), (681, 4), (690, 33), (699, 2), (719, 16), (724, 1), (733, 25), (737, 1), (753, 1), (760, 1), (778, 10), (810, 2), (818, 1), (822, 1), (852, 1), (873, 2), (921, 18), (952, 1), (973, 1), (993, 1), (997, 1), (1017, 2), (1059, 1), (1068, 1), (1077, 5), (1098, 1), (1150, 1), (1176, 1), (1183, 4), (1218, 7), (1226, 1), (1238, 13), (1244, 5), (1253, 1), (1260, 1), (1314, 1), (1315, 1), (1432, 7), (1484, 22), (1490, 1), (1502, 65), (1513, 2), (1528, 8), (1547, 1), (1549, 1), (1559, 4), (1583, 20), (1587, 2), (1588, 1), (1619, 9), (1634, 1), (1635, 1), (1644, 1), (1674, 1), (1699, 2), (1710, 1), (1715, 9), (1736, 2), (1748, 1), (1758, 2), (1783, 40), (1816, 2), (1835, 2), (1845, 5), (1867, 1), (1891, 1), (1977, 1), (1981, 1), (2001, 1), (2026, 1), (2045, 1), (2050, 3), (2078, 5), (2100, 5), (2110, 3), (2147, 1), (2170, 1), (2194, 3), (2225, 1), (2249, 2), (2254, 1), (2260, 4), (2286, 1), (2297, 2), (2328, 3), (2359, 4), (2376, 2), (2377, 1), (2389, 1), (2399, 1), (2416, 1), (2463, 3), (2493, 1), (2495, 2), (2545, 1), (2562, 1), (2574, 7), (2583, 1), (2604, 8), (2618, 1), (2634, 1), (2638, 6), (2644, 1), (2656, 1), (2666, 1), (2696, 4), (2703, 13), (2725, 9), (2800, 1), (2804, 1), (2816, 2), (2837, 2), (2850, 3), (2881, 7), (3009, 1), (3018, 2), (3025, 1), (3027, 33), (3033, 1), (3045, 1), (3048, 9), (3059, 12), (3067, 21), (3098, 1), (3108, 25), (3123, 8), (3164, 8), (3212, 5), (3248, 1), (3251, 4), (3273, 2), (3290, 1), (3381, 4), (3409, 5), (3420, 1), (3437, 2), (3453, 6), (3462, 5), (3466, 59), (3480, 4), (3483, 2), (3500, 2), (3545, 6), (3566, 1), (3570, 6), (3577, 1), (3606, 2), (3613, 1), (3660, 1), (3663, 30), (3748, 8), (3773, 1), (3803, 1), (3849, 10), (3864, 7), (3880, 1)
