blow (DF: 53): (4319, 2), (4325, 1), (4345, 4), (4407, 2), (4410, 1), (4428, 1), (4481, 1), (4499, 1), (4505, 1), (4525, 4), (4535, 2), (4543, 1), (4547, 1), (4551, 2), (4558, 12), (4561, 2), (4564, 1), (4572, 3), (4618, 5), (4673, 9), (4695, 3), (4770, 1), (4774, 3), (4786, 1), (4827, 1), (4831, 1), (4877, 1), (4878, 1), (4881, 4), (4885, 1), (4955, 1), (4971, 1), (4982, 1), (356, 2), (357, 1), (360, 1), (363, 1), (435, 1), (436, 1), (1558, 1), (1559, 2), (2105, 1), (2106, 9), (2406, 1), (2408, 1), (2699, 1), (2701, 7), (3477, 2), (3478, 1), (3566, 4), (3568, 2), (3892, 2), (3893, 3)
blower (DF: 1): (2840, 1)
blowfish (DF: 2): (206, 1), (3905, 1)
blowin (DF: 42): (275, 1), (337, 1), (675, 2), (948, 2), (952, 1), (978, 8), (993, 1), (1097, 1), (1143, 1), (1276, 1), (1498, 3), (1572, 3), (1679, 1), (1801, 2), (1949, 1), (2075, 1), (2116, 2), (2256, 1), (2322, 1), (2332, 1), (2374, 2), (2583, 1), (2618, 1), (2666, 1), (2820, 1), (2856, 1), (3049, 7), (3223, 3), (3531, 2), (3571, 3), (3594, 1), (3681, 6), (3822, 4), (3930, 1), (4211, 1), (4256, 1), (4381, 1), (4558, 12), (4585, 1), (4723, 1), (4774, 3), (4831, 2)
blowjob (DF: 1): (618, 1)
blown (DF: 24): (324, 2), (351, 1), (578, 1), (1124, 1), (2039, 1), (2115, 1), (2121, 1), (2154, 2), (2300, 1), (2440, 1), (2691, 1), (2769, 4), (2787, 1), (3049, 1), (3563, 1), (3581, 1), (3773, 2), (4104, 1), (4224, 2), (4407, 1), (4672, 1), (4833, 1), (4843, 2), (4881, 1)
blu (DF: 8): (1818, 2), (2059, 1), (2564, 7), (2567, 1), (3111, 7), (3898, 5), (4246, 1), (4434, 1)
blubber (DF: 2): (3077, 1), (3949, 3)
blud (DF: 1): (3441, 3)
blue (DF: 272): (1, 1), (35, 1), (74, 2), (78, 1), (116, 2), (132, 1), (144, 2), (170, 1), (245, 2), (251, 1), (295, 2), (306, 1), (331, 1), (352, 1), (357, 1), (377, 1), (402, 2), (411, 1), (446, 1), (470, 1), (490, 1), (500, 8), (516, 1), (517, 1), (541, 1), (564, 2), (578, 1), (588, 2), (600, 2), (604, 8), (617, 3), (636, 1), (642, 6), (643, 1), (646, 1), (726, 1), (745, 2), (760, 1), (796, 1), (816, 1), (829, 1), (857, 1), (895, 1), (899, 1), (916, 1), (931, 1), (942, 1), (955, 1), (984, 1), (1038, 1), (1041, 1), (1047, 4), (1059, 1), (1092, 1), (1094, 1), (1124, 1), (1135, 1), (1166, 1), (1168, 1), (1175, 1), (1177, 1), (1202, 1), (1216, 1), (1219, 1), (1226, 1), (1240, 1), (1272, 2), (1279, 1), (1286, 4), (1298, 6), (1304, 1), (1338, 4), (1343, 1), (1351, 2), (1375, 8), (1378, 2), (1389, 2), (1403, 1), (1409, 1), (1418, 5), (1431, 2), (1433, 1), (1448, 2), (1469, 1), (1470, 1), (1539, 1), (1541, 1), (1556, 1), (1559, 2), (1683, 2), (1697, 2), (1700, 1), (1711, 2), (1720, 1), (1722, 1), (1799, 5), (1830, 2), (1839, 3), (1853, 4), (1864, 2), (1873, 5), (1883, 1), (1933, 1), (1937, 1), (1961, 2), (1980, 3), (2001, 1), (2063, 3), (2124, 2), (2135, 1), (2157, 1), (2159, 2), (2184, 1), (2230, 1), (2244, 2), (2249, 1), (2254, 1), (2262, 3), (2270, 1), (2301, 4), (2350, 1), (2359, 2), (2378, 3), (2382, 2), (2389, 1), (2409, 2), (2412, 11), (2422, 1), (2444, 1), (2450, 1), (2456, 1), (2490, 4), (2495, 1), (2514, 1), (2524, 2), (2541, 2), (2547, 2), (2565, 1), (2577, 1), (2584, 10), (2676, 1), (2695, 1), (2735, 1), (2778, 1), (2832, 1), (2840, 1), (2851, 1), (2859, 2), (2867, 2), (2869, 1), (2879, 2), (2947, 1), (2968, 1), (2973, 1), (2982, 1), (2994, 1), (3020, 1), (3046, 2), (3054, 1), (3057, 3), (3079, 4), (3117, 1), (3164, 2), (3171, 2), (3188, 4), (3203, 2), (3233, 19), (3272, 1), (3277, 1), (3324, 2), (3332, 1), (3385, 2), (3386, 2), (3393, 5), (3414, 2), (3441, 15), (3443, 2), (3456, 1), (3483, 9), (3502, 1), (3520, 2), (3531, 1), (3571, 1), (3577, 1), (3581, 1), (3592, 7), (3594, 1), (3601, 2), (3644, 7), (3655, 1), (3663, 2), (3672, 1), (3681, 2), (3693, 1), (3696, 2), (3730, 6), (3741, 1), (3743, 2), (3776, 1), (3784, 1), (3794, 3), (3801, 1), (3812, 2), (3831, 1), (3854, 1), (3874, 1), (3905, 2), (3915, 1), (3934, 1), (3993, 3), (4044, 3), (4051, 1), (4072, 1), (4098, 2), (4132, 1), (4146, 1), (4163, 47), (4166, 3), (4176, 1), (4182, 1), (4194, 4), (4204, 1), (4211, 1), (4229, 2), (4245, 2), (4250, 1), (4259, 1), (4267, 1), (4277, 1), (4291, 3), (4326, 1), (4333, 1), (4353, 1), (4389, 1), (4401, 3), (4442, 3), (4454, 2), (4492, 1), (4495, 1), (4521, 1), (4524, 3), (4535, 1), (4545, 2), (4558, 4), (4572, 1), (4581, 1), (4628, 7), (4663, 2), (4720, 1), (4741, 1), (4777, 8), (4794, 2), (4834, 1), (4837, 1), (4866, 1), (4904, 2), (4907, 1), (4956, 2), (4970, 1), (4987, 4), (4990, 1), (4999, 5), (307, 1), (311, 1), (769, 4), (771, 2), (1223, 2), (1224, 1), (1420, 1), (1950, 1), (1951, 1), (2858, 1)
