telecast (DF: 1): (1677, 1)
telecommun (DF: 1): (3896, 25)
telefon (DF: 12): (250, 1), (1284, 3), (1465, 1), (1810, 2), (1825, 2), (2194, 1), (2631, 3), (2659, 12), (3291, 1), (3898, 1), (4011, 4), (4550, 2)
telefonsvar (DF: 1): (4991, 1)
telegram (DF: 4): (9, 1), (1199, 1), (3075, 1), (3266, 1)
telegraph (DF: 3): (2746, 1), (3160, 12), (4097, 1)
telepathi (DF: 1): (4491, 1)
telephon (DF: 26): (57, 2), (135, 1), (348, 1), (454, 1), (656, 2), (1127, 1), (1362, 1), (1640, 1), (1670, 5), (1744, 4), (2362, 1), (2427, 1), (2742, 1), (3055, 2), (3102, 1), (3176, 1), (3339, 1), (3878, 1), (3921, 1), (4204, 1), (4326, 1), (4512, 1), (4602, 2), (4824, 1), (4864, 1), (4898, 1)
telescop (DF: 5): (93, 1), (263, 1), (1593, 1), (2006, 2), (2939, 1)
teleshoppings (DF: 1): (3108, 1)
telethon (DF: 1): (4707, 1)
teletrasport (DF: 1): (2498, 2)
teletubbi (DF: 1): (1556, 1)
televis (DF: 16): (548, 1), (802, 1), (1246, 1), (1359, 1), (1528, 4), (1539, 1), (1984, 3), (2112, 1), (2816, 1), (2837, 1), (2851, 1), (2890, 1), (3946, 1), (4003, 1), (4030, 1), (4183, 1)
television (DF: 1): (4219, 1)
televisor (DF: 2): (711, 1), (2938, 1)
tell (DF: 334): (5, 1), (13, 2), (20, 1), (22, 1), (26, 3), (38, 2), (45, 1), (47, 1), (51, 1), (52, 2), (66, 3), (69, 1), (72, 2), (76, 8), (78, 1), (90, 8), (118, 1), (128, 3), (138, 3), (142, 1), (146, 2), (148, 1), (153, 2), (171, 5), (179, 1), (196, 1), (211, 1), (212, 4), (220, 2), (221, 1), (231, 2), (235, 1), (236, 3), (239, 2), (244, 2), (249, 6), (274, 2), (278, 4), (287, 3), (298, 2), (304, 5), (318, 5), (330, 1), (337, 1), (338, 3), (343, 1), (352, 1), (357, 1), (361, 1), (365, 3), (370, 12), (372, 1), (378, 1), (380, 1), (387, 11), (394, 6), (397, 1), (401, 3), (405, 4), (409, 2), (416, 1), (419, 1), (434, 1), (436, 12), (451, 2), (459, 4), (469, 1), (470, 1), (472, 1), (479, 2), (492, 8), (495, 20), (510, 1), (523, 2), (530, 1), (541, 1), (544, 1), (550, 3), (554, 2), (558, 1), (562, 4), (563, 1), (566, 2), (568, 1), (583, 3), (587, 4), (591, 1), (592, 2), (596, 18), (599, 1), (607, 2), (613, 2), (616, 14), (634, 3), (635, 3), (639, 4), (646, 1), (647, 1), (653, 1), (657, 2), (660, 1), (673, 3), (682, 5), (684, 1), (686, 8), (689, 1), (698, 4), (702, 1), (709, 1), (712, 1), (716, 2), (723, 1), (724, 1), (730, 8), (737, 1), (754, 2), (757, 5), (775, 2), (781, 8), (783, 17), (788, 3), (790, 1), (793, 1), (802, 1), (803, 1), (809, 1), (814, 4), (819, 1), (825, 1), (828, 1), (831, 1), (834, 1), (841, 1), (842, 4), (846, 1), (860, 4), (862, 2), (867, 1), (869, 1), (876, 6), (882, 4), (884, 1), (887, 1), (898, 1), (903, 42), (906, 1), (909, 1), (923, 3), (925, 1), (939, 1), (955, 2), (963, 1), (965, 6), (968, 1), (974, 1), (983, 3), (988, 1), (993, 1), (994, 8), (997, 13), (1003, 1), (1006, 4), (1021, 1), (1024, 3), (1028, 4), (1058, 1), (1059, 1), (1063, 2), (1073, 1), (1076, 1), (1078, 2), (1084, 3), (1085, 5), (1110, 1), (1114, 2), (1125, 1), (1129, 2), (1136, 2), (1140, 29), (1143, 7), (1147, 1), (1153, 13), (1156, 19), (1162, 8), (1170, 2), (1174, 5), (1180, 6), (1185, 2), (1186, 2), (1191, 2), (1196, 1), (1203, 2), (1208, 1), (1212, 1), (1214, 3), (1217, 4), (1219, 1), (1222, 1), (1230, 1), (1245, 3), (1248, 10), (1260, 1), (1263, 3), (1270, 1), (1275, 2), (1276, 1), (1287, 2), (1293, 4), (1294, 1), (1298, 1), (1301, 2), (1302, 2), (1304, 1), (1325, 1), (1326, 1), (1334, 6), (1338, 12), (1342, 3), (1343, 1), (1344, 1), (1347, 2), (1362, 7), (1372, 1), (1375, 8), (1383, 2), (1391, 3), (1393, 2), (1410, 3), (1413, 4), (1423, 1), (1434, 1), (1436, 1), (1438, 2), (1440, 1), (1442, 5), (1459, 1), (1462, 1), (1466, 4), (1472, 7), (1477, 2), (1482, 2), (1494, 4), (1497, 1), (1499, 1), (1503, 1), (1505, 2), (1513, 1), (1515, 1), (1516, 4), (1520, 1), (1525, 3), (1534, 1), (1539, 1), (1549, 1), (1551, 1), (1560, 2), (1561, 1), (1576, 1), (1580, 5), (1588, 2), (1594, 2), (1604, 2), (1613, 1), (1621, 2), (1623, 5), (1625, 12), (1639, 1), (1648, 2), (1650, 1), (1651, 3), (1656, 1), (1662, 26), (1670, 4), (1674, 1), (1675, 1), (1684, 1), (1688, 5), (1690, 1), (1700, 1), (1709, 1), (1710, 1), (1712, 1), (1720, 2), (1722, 1), (1725, 8), (1731, 6), (1734, 1), (1739, 1), (1741, 1), (1744, 2), (1756, 8), (1761, 1), (1765, 2), (1775, 2), (1798, 1), (1809, 1), (1820, 1), (1823, 2), (1828, 2), (1835, 1), (1839, 3), (1844, 1), (1849, 1), (1851, 18), (1855, 4), (1856, 1), (1869, 1), (1873, 1), (1875, 1), (1883, 2), (1891, 1), (1893, 2), (1896, 2), (1897, 2), (1902, 1), (1908, 1), (1921, 6), (1922, 1), (1924, 1), (1934, 3), (1946, 6), (1951, 5), (1957, 6), (1961, 3), (1972, 6), (1977, 3), (1994, 1), (1996, 2), (1999, 24), (2001, 2), (2002, 1), (2005, 2), (2019, 1), (2029, 5)
