fishscal (DF: 1): (740, 1)
fisic (DF: 1): (4659, 2)
fiss (DF: 4): (438, 1), (2059, 1), (3295, 1), (4890, 1)
fissiamoc (DF: 1): (3210, 1)
fissur (DF: 1): (2506, 1)
fist (DF: 30): (40, 1), (222, 1), (840, 1), (958, 1), (999, 2), (1096, 1), (1196, 1), (1344, 1), (1711, 2), (1948, 1), (2192, 1), (2208, 1), (2218, 1), (2220, 3), (2303, 1), (3029, 3), (3064, 1), (3164, 1), (3477, 5), (3487, 1), (3524, 2), (3759, 1), (3852, 4), (4244, 1), (4263, 1), (4282, 1), (4690, 1), (4727, 1), (4887, 2), (4937, 1)
fistagon (DF: 2): (1909, 1), (4522, 1)
fit (DF: 104): (107, 1), (121, 1), (231, 1), (322, 2), (343, 1), (436, 4), (448, 1), (454, 1), (500, 1), (581, 1), (647, 1), (661, 1), (698, 2), (723, 1), (779, 2), (956, 1), (965, 18), (993, 1), (1023, 2), (1024, 1), (1058, 1), (1067, 1), (1075, 1), (1096, 1), (1132, 1), (1313, 1), (1334, 2), (1343, 1), (1351, 2), (1448, 2), (1552, 1), (1573, 4), (1643, 1), (1722, 1), (1726, 1), (1835, 2), (1887, 2), (1905, 1), (1913, 1), (1936, 1), (1976, 9), (2116, 3), (2185, 1), (2192, 3), (2201, 1), (2317, 4), (2333, 1), (2394, 1), (2402, 6), (2468, 1), (2475, 4), (2517, 1), (2523, 1), (2531, 2), (2599, 1), (2624, 1), (2628, 2), (2632, 1), (2649, 1), (2651, 2), (2714, 1), (2765, 2), (2872, 1), (2966, 1), (3029, 3), (3033, 2), (3067, 1), (3079, 4), (3123, 1), (3208, 4), (3334, 3), (3408, 1), (3427, 1), (3457, 3), (3643, 1), (3652, 2), (3729, 1), (3779, 1), (3803, 1), (3868, 1), (3886, 1), (4001, 1), (4003, 4), (4069, 1), (4121, 1), (4272, 3), (4329, 1), (4450, 20), (4463, 2), (4468, 1), (4472, 3), (4503, 1), (4559, 1), (4573, 1), (4607, 1), (4664, 1), (4701, 6), (4722, 1), (4731, 1), (4798, 3), (4874, 1), (4887, 2), (4907, 1), (4941, 1)
fiti (DF: 1): (4914, 8)
fitness (DF: 2): (2095, 1), (3255, 1)
fittest (DF: 1): (2004, 4)
fittin (DF: 5): (153, 2), (922, 1), (3594, 1), (4045, 1), (4766, 2)
fiu (DF: 1): (4914, 4)
fium (DF: 1): (444, 1)
five (DF: 140): (197, 1), (212, 2), (257, 1), (268, 1), (296, 9), (306, 1), (343, 1), (352, 1), (491, 2), (541, 1), (548, 1), (550, 3), (579, 6), (673, 1), (691, 1), (731, 2), (796, 1), (800, 1), (803, 1), (826, 2), (840, 1), (846, 6), (861, 8), (862, 1), (909, 3), (928, 3), (946, 2), (1018, 3), (1059, 1), (1076, 1), (1092, 3), (1124, 1), (1301, 1), (1326, 1), (1334, 2), (1340, 2), (1386, 1), (1498, 3), (1556, 1), (1565, 1), (1606, 1), (1648, 1), (1712, 1), (1756, 1), (1849, 1), (1909, 1), (1948, 1), (1972, 1), (1983, 1), (1990, 1), (1995, 1), (2000, 1), (2013, 1), (2061, 1), (2081, 1), (2112, 2), (2140, 1), (2142, 1), (2143, 1), (2156, 2), (2223, 1), (2232, 1), (2319, 3), (2333, 1), (2357, 1), (2407, 1), (2410, 1), (2436, 1), (2464, 3), (2500, 1), (2563, 1), (2578, 3), (2594, 1), (2598, 1), (2619, 1), (2628, 4), (2676, 1), (2692, 1), (2703, 3), (2706, 1), (2721, 1), (2756, 1), (2795, 1), (2801, 2), (2844, 1), (2915, 1), (2923, 1), (2962, 2), (2964, 1), (2974, 1), (2975, 2), (3075, 1), (3098, 1), (3156, 1), (3164, 1), (3234, 2), (3253, 1), (3268, 1), (3330, 2), (3447, 1), (3498, 1), (3525, 1), (3535, 1), (3537, 1), (3562, 1), (3581, 1), (3628, 1), (3657, 3), (3675, 1), (3804, 1), (3810, 1), (3852, 4), (3880, 3), (4056, 6), (4074, 1), (4107, 2), (4112, 1), (4185, 1), (4222, 1), (4282, 1), (4316, 1), (4360, 3), (4390, 2), (4420, 2), (4501, 1), (4537, 1), (4559, 2), (4641, 1), (4647, 1), (4728, 1), (4731, 2), (4766, 1), (4781, 1), (4795, 1), (4821, 1), (4864, 1), (4903, 1), (4918, 1), (4947, 1), (4995, 1)
fiw (DF: 1): (1979, 1)
fix (DF: 72): (15, 1), (140, 2), (165, 2), (228, 1), (368, 1), (574, 1), (581, 1), (823, 1), (900, 4), (935, 4), (1009, 1), (1089, 1), (1128, 2), (1143, 1), (1199, 1), (1266, 2), (1312, 1), (1313, 1), (1421, 1), (1611, 1), (1749, 3), (1774, 1), (1813, 3), (1956, 1), (2019, 1), (2037, 1), (2075, 1), (2148, 1), (2219, 2), (2283, 1), (2402, 3), (2409, 2), (2462, 1), (2495, 1), (2542, 1), (2551, 1), (2556, 5), (2565, 2), (2643, 4), (2769, 2), (2892, 1), (2927, 1), (3065, 1), (3101, 1), (3225, 1), (3278, 2), (3500, 1), (3529, 1), (3727, 1), (3742, 6), (3747, 3), (3854, 2), (3925, 1), (3950, 2), (3979, 2), (4027, 1), (4042, 1), (4255, 1), (4294, 3), (4314, 4), (4359, 1), (4383, 4), (4486, 1), (4499, 1), (4527, 3), (4580, 20), (4613, 1), (4665, 1), (4724, 1), (4764, 1), (4778, 1), (4861, 2)
fixen (DF: 1): (3355, 1)
fixin (DF: 4): (202, 1), (731, 1), (3727, 1), (4724, 1)
fiya (DF: 2): (306, 1), (3565, 1)
fiz (DF: 4): (213, 1), (2680, 1), (3467, 2), (3838, 1)
fizz (DF: 2): (3745, 1), (4872, 1)
fizzi (DF: 2): (737, 1), (1574, 2)
fizziv (DF: 2): (1833, 1), (2562, 1)
fizzl (DF: 1): (1874, 1)
fjern (DF: 1): (3527, 1)
fka (DF: 2): (1378, 1), (1535, 1)
fkj (DF: 2): (1954, 1), (4609, 1)
fkn (DF: 1): (2324, 1)
fla (DF: 2): (688, 1), (2354, 2)
flac (DF: 6): (628, 1), (2656, 1), (4288, 1), (4386, 1), (4515, 1), (4752, 2)
flach (DF: 1): (2328, 1)
flachi (DF: 1): (1918, 1)
flack (DF: 1): (303, 4)
flackern (DF: 1): (3599, 1)
flacki (DF: 1): (2309, 3)
flacko (DF: 2): (1058, 2), (4661, 1)
flaco (DF: 1): (3941, 1)
flag (DF: 23): (225, 1), (251, 1), (381, 3), (408, 1), (482, 1), (623, 2), (678, 1), (790, 1), (1166, 1), (1588, 1), (2263, 1), (2524, 2), (2918, 6), (3185, 2), (3310, 1), (3589, 2), (3680, 1), (4332, 1), (4405, 9), (4420, 1), (4785, 1), (4901, 1), (4960, 1)
flagg (DF: 1): (198, 1)
flaggin (DF: 1): (4837, 1)
flair (DF: 4): (3248, 1), (3348, 2), (4069, 1), (4941, 1)
flait (DF: 1): (4419, 3)
flake (DF: 3): (563, 1), (2356, 1), (4928, 1)
flakk (DF: 1): (4752, 1)
flaku (DF: 1): (3864, 1)
flam (DF: 4): (14, 4), (1485, 1), (1936, 1), (2588, 1)
flamagra (DF: 1): (2672, 1)
flamboy (DF: 3): (2104, 1), (3949, 3), (4218, 1)
flame (DF: 105): (11, 1), (45, 6), (50, 1), (85, 1), (124, 1), (133, 1), (188, 1), (327, 1), (383, 4), (402, 1), (411, 1), (471, 1), (486, 1), (501, 3), (602, 4), (643, 1), (647, 1), (682, 1), (756, 2), (901, 3), (991, 1), (1029, 1), (1129, 2), (1131, 3), (1135, 1), (1226, 1), (1262, 1), (1315, 1), (1344, 12), (1378, 2), (1401, 1), (1409, 3), (1419, 1), (1436, 1), (1514, 1), (1548, 1), (1587, 2), (1697, 8), (1908, 1), (1919, 1), (1934, 1), (1946, 1), (1962, 1), (1986, 3), (1993, 6), (2179, 2), (2235, 1), (2310, 1), (2321, 1), (2363, 1), (2426, 2), (2460, 1), (2571, 1), (2584, 1), (2829, 1), (2864, 8), (2871, 1), (3066, 1), (3081, 1), (3133, 1), (3164, 1), (3231, 1), (3376, 2), (3379, 2), (3385, 1), (3392, 1), (3412, 2), (3430, 1), (3483, 1), (3514, 1), (3615, 1), (3633, 3), (3668, 1), (3694, 2), (3719, 1), (3753, 2), (3787, 2), (3855, 2), (3869, 1), (3877, 1), (3999, 1), (4023, 1), (4102, 1), (4178, 8), (4326, 1), (4337, 6), (4350, 2), (4384, 1), (4408, 1), (4410, 1), (4493, 1), (4513, 1), (4528, 1), (4553, 1), (4613, 1), (4623, 7), (4661, 3), (4687, 1), (4731, 1), (4740, 5), (4777, 1), (4791, 1), (4813, 15), (4955, 2), (4976, 1)
flamenco (DF: 1): (1539, 1)
flan (DF: 2): (3513, 1), (4188, 2)
flannel (DF: 5): (1063, 1), (2939, 1), (3521, 1), (4535, 1), (4941, 1)
flanneri (DF: 1): (2378, 1)
flap (DF: 5): (317, 1), (343, 1), (710, 1), (1473, 3), (3813, 1)
flapjack (DF: 2): (2241, 1), (2809, 1)
flar (DF: 1): (4405, 8)
flare (DF: 4): (1638, 1), (2158, 1), (3248, 1), (3352, 5)
flasch (DF: 6): (493, 1), (681, 2), (2376, 1), (3570, 1), (4743, 1), (4989, 1)
flash (DF: 43): (27, 1), (102, 2), (106, 1), (119, 1), (123, 4), (153, 2), (255, 1), (510, 1), (541, 2), (554, 1), (1137, 4), (1246, 1), (1528, 4), (1721, 1), (2024, 2), (2310, 1), (2347, 1), (2359, 2), (2431, 2), (2665, 2), (2680, 2), (2693, 1), (2795, 1), (2816, 1), (2837, 1), (2869, 1), (2947, 2), (3164, 1), (3167, 1), (3361, 1), (3374, 1), (3441, 5), (3629, 1), (3788, 1), (3956, 5), (4041, 1), (4094, 1), (4121, 1), (4389, 3), (4521, 2), (4587, 1), (4663, 2), (4749, 1)
flashback (DF: 10): (857, 1), (878, 1), (1109, 1), (3152, 1), (3503, 1), (3726, 1), (3975, 1), (4543, 1), (4547, 1), (4946, 2)
flashi (DF: 3): (82, 1), (2251, 1), (4381, 1)
flashin (DF: 9): (17, 3), (352, 2), (2278, 1), (2563, 1), (3179, 1), (3963, 1), (4121, 1), (4165, 1), (4712, 2)
flashlight (DF: 6): (134, 1), (1794, 1), (2095, 2), (2630, 1), (4612, 2), (4848, 2)
flask (DF: 2): (1084, 1), (4044, 1)
flasker (DF: 1): (2018, 1)
flat (DF: 20): (40, 1), (88, 1), (823, 1), (932, 1), (1124, 1), (1391, 3), (1625, 1), (1690, 2), (1790, 1), (2061, 1), (2399, 1), (2401, 1), (2634, 1), (2646, 1), (2978, 1), (3065, 1), (3581, 1), (4497, 3), (4731, 1), (4880, 2)
flathead (DF: 1): (2923, 1)
flatlin (DF: 1): (609, 24)
flatt (DF: 1): (3784, 1)
flatten (DF: 1): (2093, 2)
flatter (DF: 3): (352, 1), (541, 1), (2061, 1)
flaunt (DF: 5): (1391, 3), (1952, 2), (2440, 1), (3084, 3), (3773, 2)
flav (DF: 2): (27, 1), (353, 1)
flava (DF: 1): (128, 1)
flavien (DF: 1): (4379, 1)
flavor (DF: 31): (27, 1), (800, 1), (964, 1), (1187, 1), (1219, 1), (1555, 28), (1635, 1), (1766, 1), (1949, 1), (2002, 1), (2075, 1), (2093, 2), (2277, 1), (2963, 1), (3037, 1), (3138, 1), (3161, 1), (3170, 1), (3265, 1), (3741, 1), (3833, 2), (4023, 1), (4099, 1), (4190, 1), (4218, 1), (4668, 4), (4690, 1), (4770, 1), (4831, 1), (4889, 1), (4901, 1)
flavour (DF: 2): (2060, 3), (3234, 2)
flaw (DF: 16): (490, 1), (955, 1), (1205, 1), (1510, 15), (2038, 3), (2061, 1), (2219, 2), (2693, 3), (3059, 1), (4104, 1), (4120, 2), (4285, 2), (4294, 3), (4731, 1), (4854, 1), (4964, 1)
flawless (DF: 7): (352, 1), (541, 1), (1821, 1), (2730, 1), (3095, 2), (3716, 1), (3817, 1)
flay (DF: 2): (820, 2), (2093, 2)
flea (DF: 1): (202, 1)
flech (DF: 3): (667, 1), (1461, 4), (4088, 1)
fled (DF: 6): (147, 4), (642, 1), (2233, 2), (3299, 2), (3879, 3), (4555, 2)
