ah (DF: 277): (1920, 25), (1924, 1), (1957, 2), (1976, 18), (1984, 1), (2013, 6), (2033, 3), (2038, 1), (2048, 7), (2063, 1), (2066, 7), (2084, 1), (2093, 2), (2100, 1), (2106, 3), (2116, 3), (2127, 3), (2132, 1), (2155, 1), (2170, 1), (2192, 1), (2205, 17), (2228, 2), (2242, 1), (2247, 1), (2249, 5), (2252, 6), (2322, 1), (2336, 3), (2357, 1), (2380, 2), (2383, 3), (2391, 2), (2419, 2), (2433, 7), (2454, 14), (2461, 2), (2472, 2), (2485, 12), (2511, 2), (2519, 3), (2527, 3), (2530, 2), (2540, 8), (2544, 1), (2546, 2), (2567, 13), (2588, 1), (2595, 26), (2633, 1), (2642, 4), (2656, 1), (2668, 1), (2697, 3), (2703, 4), (2712, 1), (2730, 2), (2739, 2), (2756, 1), (2759, 37), (2760, 12), (2770, 1), (2781, 1), (2798, 1), (2799, 1), (2828, 8), (2833, 1), (2839, 3), (2842, 7), (2867, 30), (2877, 1), (2911, 4), (2921, 1), (2931, 1), (2939, 1), (2985, 18), (2999, 3), (3016, 2), (3025, 1), (3027, 2), (3033, 1), (3041, 1), (3048, 4), (3053, 16), (3078, 4), (3085, 3), (3090, 7), (3093, 32), (3095, 4), (3108, 6), (3122, 2), (3142, 8), (3152, 1), (3179, 1), (3187, 3), (3195, 2), (3204, 1), (3210, 17), (3213, 1), (3223, 6), (3227, 8), (3244, 7), (3247, 2), (3265, 8), (3273, 2), (3278, 2), (3282, 24), (3325, 18), (3337, 3), (3351, 13), (3360, 1), (3380, 1), (3403, 2), (3420, 1), (3429, 5), (3444, 1), (3453, 2), (3476, 8), (3485, 1), (3521, 1), (3527, 3), (3570, 2), (3577, 5), (3588, 8), (3603, 3), (3611, 7), (3612, 1), (3627, 1), (3636, 1), (3643, 14), (3650, 2), (3660, 7), (3665, 9), (3700, 4), (3703, 84), (3713, 3), (3714, 16), (3723, 1), (3750, 6), (3761, 6), (3768, 28), (3774, 3), (3789, 1), (3816, 9), (3838, 2), (3859, 14), (3876, 6), (3893, 1), (3895, 1), (3901, 1), (3903, 2), (3910, 6), (3917, 4), (3923, 1), (3948, 1), (3969, 1), (3981, 4), (3996, 1), (3998, 2), (4000, 2), (4003, 7), (4021, 1), (4028, 2), (4032, 4), (4040, 12), (4054, 4), (4056, 8), (4091, 3), (4099, 1), (4102, 1), (4109, 5), (4124, 1), (4128, 5), (4136, 4), (4139, 12), (4143, 3), (4192, 7), (4195, 5), (4200, 12), (4207, 3), (4218, 1), (4232, 20), (4267, 1), (4269, 8), (4287, 28), (4300, 6), (4318, 2), (4323, 29), (4333, 5), (4347, 1), (4360, 3), (4361, 2), (4387, 1), (4422, 8), (4434, 1), (4465, 2), (4482, 2), (4515, 4), (4518, 6), (4528, 2), (4531, 4), (4546, 54), (4550, 2), (4559, 2), (4576, 4), (4587, 2), (4594, 6), (4618, 1), (4641, 1), (4651, 5), (4692, 3), (4702, 14), (4704, 1), (4729, 1), (4743, 1), (4764, 80), (4831, 1), (4849, 5), (4852, 1), (4853, 2), (4876, 8), (4880, 1), (4890, 4), (4899, 1), (4909, 1), (4912, 1), (4916, 2), (4961, 8), (4974, 3), (4988, 20), (4992, 13), (4995, 4), (31, 3), (32, 1), (229, 23), (230, 2), (825, 4), (826, 2), (910, 11), (912, 2), (941, 15), (943, 27), (1259, 1), (1260, 1), (1334, 1), (1335, 2), (1501, 8), (1502, 4), (1578, 1), (1580, 3), (1599, 3), (1602, 1), (1763, 4), (1766, 2), (1844, 1), (1845, 1), (1930, 14), (1932, 13), (2147, 1), (2148, 3), (2207, 2), (2209, 1), (2211, 1), (2337, 2), (2881, 1), (2882, 13), (3049, 1), (3219, 8), (3220, 1), (3590, 2), (3591, 2), (3730, 48), (3731, 1), (3762, 6), (3840, 1), (3843, 1), (4423, 1)
aha (DF: 7): (1238, 2), (2203, 1), (2454, 56), (2881, 1), (3673, 1), (4358, 2), (4828, 4)
ahah (DF: 1): (4611, 1)
ahahahah (DF: 1): (1411, 1)
ahahahahah (DF: 1): (4000, 12)
ahahahahahah (DF: 1): (4004, 1)
ahajaj (DF: 1): (4434, 1)
aham (DF: 2): (2839, 3), (4016, 2)
ahav (DF: 1): (4583, 4)
ahead (DF: 89): (26, 3), (73, 1), (93, 3), (124, 1), (218, 1), (278, 2), (363, 1), (442, 1), (462, 1), (544, 1), (584, 2), (587, 1), (603, 2), (669, 1), (774, 1), (904, 3), (925, 1), (1007, 1), (1029, 1), (1219, 1), (1226, 1), (1229, 1), (1268, 15), (1280, 8), (1288, 1), (1361, 3), (1373, 18), (1394, 1), (1429, 1), (1436, 1), (1448, 2), (1507, 1), (1547, 1), (1557, 1), (1573, 2), (1605, 1), (1621, 1), (1624, 1), (1640, 1), (1688, 3), (1699, 1), (1774, 1), (1868, 2), (2068, 1), (2087, 2), (2163, 2), (2199, 3), (2216, 1), (2274, 1), (2279, 6), (2294, 1), (2347, 2), (2395, 1), (2422, 1), (2434, 2), (2572, 6), (2597, 1), (2624, 1), (2721, 6), (2793, 1), (2821, 1), (2849, 1), (2882, 1), (2918, 3), (2930, 1), (2961, 2), (3079, 4), (3109, 1), (3156, 1), (3175, 1), (3184, 1), (3218, 1), (3260, 5), (3293, 3), (3310, 1), (3368, 1), (3442, 19), (3487, 1), (3503, 1), (3561, 1), (3741, 1), (3747, 1), (3765, 1), (3798, 1), (3848, 1), (3938, 1), (3951, 1), (3970, 12), (4023, 1)
