tell (DF: 36): (304, 32), (305, 1), (306, 1), (786, 1), (787, 1), (788, 1), (1154, 1), (1155, 2), (1156, 1), (1188, 8), (1190, 8), (1191, 2), (1639, 3), (1640, 2), (1642, 1), (1866, 2), (1867, 1), (1868, 1), (2627, 1), (2628, 2), (2629, 1), (3514, 5), (3515, 10), (3518, 1), (3576, 1), (3578, 6), (3579, 7), (3670, 1), (3671, 1), (3673, 12), (3688, 2), (3689, 2), (3690, 2), (4313, 1), (4314, 4), (4315, 1)
tellement (DF: 1): (30, 2)
teller (DF: 2): (3465, 1), (4837, 2)
telli (DF: 4): (2440, 1), (3216, 1), (3773, 2), (4533, 1)
tellier (DF: 1): (3297, 1)
tellin (DF: 59): (153, 2), (220, 1), (247, 4), (320, 2), (322, 4), (435, 1), (457, 1), (486, 2), (497, 4), (504, 3), (616, 1), (647, 1), (751, 14), (788, 1), (944, 1), (946, 2), (964, 1), (1092, 1), (1157, 1), (1245, 1), (1419, 1), (1520, 1), (1560, 1), (1648, 3), (1693, 3), (1704, 1), (1805, 1), (1900, 4), (2031, 1), (2052, 1), (2084, 1), (2333, 2), (2489, 1), (2523, 2), (2649, 1), (2745, 2), (2767, 1), (2797, 1), (2804, 1), (2821, 1), (2920, 2), (3022, 1), (3322, 1), (3380, 1), (3390, 1), (3486, 2), (3594, 1), (3731, 1), (3892, 1), (3979, 2), (4303, 1), (4503, 1), (4601, 1), (4658, 1), (4733, 1), (4844, 1), (4947, 1), (4973, 5), (4982, 1)
telon (DF: 2): (3897, 1), (4032, 1)
tem (DF: 17): (213, 3), (283, 1), (1072, 3), (1415, 1), (1724, 4), (1963, 1), (2487, 1), (2539, 2), (2680, 4), (2711, 2), (2986, 4), (3353, 1), (3590, 1), (3955, 2), (4016, 1), (4258, 2), (4873, 1)
tematu (DF: 1): (4582, 1)
tembl (DF: 9): (173, 2), (762, 1), (1116, 2), (1264, 2), (2021, 2), (2938, 1), (3031, 3), (3665, 3), (3876, 1)
temblando (DF: 2): (2730, 1), (3095, 2)
tembleque (DF: 1): (2828, 1)
temblor (DF: 3): (353, 1), (2967, 1), (4439, 10)
temo (DF: 2): (1087, 1), (3692, 1)
temor (DF: 8): (87, 1), (679, 1), (1159, 1), (1582, 1), (2098, 1), (3158, 1), (4236, 1), (4439, 1)
temp (DF: 23): (9, 1), (34, 1), (63, 1), (438, 1), (676, 4), (1000, 1), (1031, 1), (1430, 1), (1469, 1), (1848, 1), (1850, 2), (2618, 1), (2706, 1), (3138, 1), (3210, 1), (3213, 2), (3316, 2), (3660, 1), (3954, 2), (4379, 1), (4614, 1), (4873, 1), (4972, 1)
tempa (DF: 1): (3949, 3)
tempah (DF: 1): (1688, 1)
tempan (DF: 1): (3071, 1)
tempatur (DF: 1): (3514, 2)
temper (DF: 11): (858, 1), (1510, 3), (1575, 1), (1722, 1), (1760, 1), (2220, 1), (2569, 1), (3186, 1), (3990, 3), (4508, 2), (4603, 1)
temperament (DF: 1): (305, 1)
temperatur (DF: 19): (146, 1), (327, 3), (858, 1), (904, 1), (1946, 3), (2196, 1), (2363, 3), (2404, 1), (2428, 2), (2795, 1), (2873, 1), (2927, 1), (3514, 1), (4003, 3), (4134, 1), (4791, 1), (4795, 2), (4976, 1), (4982, 1)
temperatura (DF: 1): (250, 1)
tempest (DF: 1): (858, 1)
tempestad (DF: 1): (1366, 1)
templ (DF: 14): (119, 1), (835, 5), (1330, 1), (1582, 1), (1613, 1), (1687, 1), (1724, 1), (1802, 5), (2077, 2), (2649, 1), (2768, 1), (3186, 1), (4598, 1), (4723, 1)
tempo (DF: 21): (33, 2), (229, 1), (589, 1), (1001, 1), (1256, 30), (1529, 4), (1636, 1), (2242, 2), (2322, 1), (2422, 1), (2951, 1), (3007, 2), (3217, 1), (3305, 10), (3363, 1), (3364, 1), (3692, 1), (3870, 2), (4358, 1), (4791, 1), (4976, 1)
temporari (DF: 5): (685, 3), (774, 1), (1299, 3), (2173, 1), (4523, 1)
temporarili (DF: 1): (2943, 1)
tempran (DF: 7): (353, 1), (1004, 1), (1939, 1), (2487, 1), (3875, 1), (4049, 3), (4909, 1)
tempranit (DF: 1): (1978, 1)
tempt (DF: 9): (47, 1), (65, 1), (368, 1), (421, 1), (1063, 21), (1362, 1), (3310, 3), (4123, 19), (4764, 1)
temptat (DF: 17): (58, 1), (202, 1), (357, 1), (490, 1), (1431, 1), (2251, 1), (2636, 1), (2865, 1), (2916, 5), (3474, 1), (3993, 3), (4283, 1), (4454, 5), (4620, 1), (4781, 1), (4822, 2), (4897, 2)
temptee (DF: 1): (4123, 19)
ten (DF: 84): (27, 1), (53, 2), (110, 1), (144, 1), (159, 1), (168, 2), (188, 2), (201, 1), (215, 1), (217, 3), (225, 1), (296, 3), (479, 3), (591, 2), (628, 1), (650, 1), (661, 1), (667, 2), (792, 2), (813, 1), (829, 1), (875, 2), (877, 1), (928, 3), (952, 1), (975, 1), (980, 10), (1018, 3), (1039, 1), (1053, 1), (1109, 1), (1142, 1), (1202, 1), (1304, 2), (1311, 1), (1326, 1), (1379, 1), (1410, 1), (1501, 1), (1558, 1), (1575, 2), (1648, 3), (1661, 1), (1665, 1), (1683, 1), (1715, 1), (1740, 6), (1752, 1), (1760, 2), (1762, 1), (1815, 1), (1825, 2), (1837, 1), (1842, 1), (1907, 1), (1918, 1), (2020, 1), (2090, 1), (2091, 2), (2120, 2), (2145, 1), (2186, 1), (2216, 1), (2270, 1), (2298, 1), (2306, 1), (2319, 3), (2341, 2), (2397, 4), (2488, 1), (2553, 1), (2572, 1), (2618, 1), (2642, 2), (2662, 1), (2679, 3), (2697, 1), (2701, 7), (2717, 1), (2739, 2), (2872, 1), (2881, 1), (2889, 2), (2906, 1)
