wave (DF: 42): (1329, 1), (1330, 2), (1561, 2), (1562, 1), (1639, 2), (1642, 2), (1696, 1), (1697, 2), (1764, 1), (1765, 1), (1910, 4), (1911, 1), (2015, 1), (2017, 2), (2113, 2), (2115, 2), (2385, 1), (2387, 2), (2395, 1), (2396, 2), (3041, 2), (3042, 1), (3129, 2), (3132, 2), (3142, 2), (3143, 2), (3203, 2), (3204, 2), (3220, 3), (3221, 1), (3266, 2), (3267, 2), (3387, 2), (3388, 2), (3796, 1), (3798, 5), (4176, 2), (4177, 2), (4509, 2), (4513, 2), (4537, 1), (4539, 1)
wavelength (DF: 1): (563, 1)
waver (DF: 3): (1690, 1), (2334, 1), (2788, 1)
wavey (DF: 1): (4500, 2)
wavi (DF: 10): (203, 1), (928, 2), (1084, 1), (1779, 1), (2520, 2), (3867, 3), (4256, 1), (4652, 1), (4887, 1), (4920, 1)
wavin (DF: 3): (1552, 1), (2399, 1), (2886, 2)
wavy (DF: 1): (227, 2)
waw (DF: 1): (1979, 3)
wax (DF: 12): (802, 1), (839, 1), (1402, 1), (1668, 2), (1682, 1), (1783, 2), (1891, 1), (3251, 1), (3745, 1), (4072, 1), (4190, 1), (4866, 1)
waxin (DF: 1): (2927, 1)
waxwan (DF: 1): (3044, 1)
way (DF: 342): (13, 23), (25, 3), (26, 2), (27, 3), (31, 4), (33, 4), (40, 1), (47, 2), (49, 1), (52, 1), (57, 4), (62, 6), (69, 1), (72, 3), (74, 24), (79, 2), (81, 3), (92, 1), (93, 2), (100, 1), (103, 1), (106, 3), (114, 1), (119, 1), (121, 2), (124, 2), (128, 1), (130, 3), (136, 1), (141, 5), (152, 4), (157, 1), (162, 1), (171, 1), (183, 1), (202, 2), (210, 1), (212, 2), (215, 34), (219, 2), (221, 6), (222, 1), (226, 14), (267, 2), (280, 1), (285, 1), (293, 1), (298, 1), (300, 1), (304, 1), (308, 1), (314, 3), (323, 1), (324, 5), (330, 5), (334, 5), (341, 1), (343, 3), (352, 2), (357, 2), (365, 5), (370, 2), (373, 1), (382, 12), (383, 1), (391, 44), (400, 3), (405, 1), (407, 1), (409, 6), (418, 1), (420, 1), (423, 11), (435, 1), (446, 1), (449, 3), (455, 2), (472, 3), (479, 3), (482, 1), (486, 1), (488, 1), (497, 4), (535, 1), (537, 2), (549, 4), (551, 2), (554, 1), (556, 1), (563, 5), (574, 2), (578, 10), (581, 1), (603, 2), (614, 1), (619, 1), (627, 35), (636, 1), (638, 1), (642, 1), (645, 21), (654, 3), (658, 8), (660, 1), (680, 4), (684, 1), (689, 6), (691, 1), (693, 1), (696, 2), (699, 4), (702, 1), (710, 1), (714, 1), (727, 1), (731, 1), (736, 2), (737, 1), (740, 8), (742, 1), (751, 2), (754, 5), (768, 33), (771, 1), (774, 2), (786, 3), (789, 2), (796, 12), (801, 3), (802, 1), (803, 1), (804, 2), (805, 6), (809, 2), (814, 4), (820, 6), (842, 4), (847, 2), (850, 1), (853, 1), (858, 1), (864, 2), (870, 3), (872, 2), (876, 2), (883, 4), (886, 1), (904, 3), (912, 6), (920, 1), (931, 6), (932, 2), (937, 2), (939, 1), (942, 1), (966, 1), (973, 1), (975, 3), (984, 1), (990, 2), (994, 30), (998, 1), (1003, 7), (1006, 1), (1009, 9), (1011, 3), (1014, 1), (1019, 1), (1024, 4), (1027, 1), (1036, 1), (1058, 1), (1059, 2), (1060, 1), (1062, 2), (1073, 1), (1076, 2), (1078, 4), (1081, 3), (1091, 1), (1094, 3), (1097, 1), (1105, 1), (1108, 2), (1110, 1), (1111, 1), (1122, 3), (1126, 2), (1131, 3), (1138, 1), (1143, 1), (1147, 2), (1152, 1), (1154, 9), (1160, 2), (1175, 7), (1182, 1), (1186, 5), (1190, 8), (1191, 3), (1203, 2), (1209, 3), (1214, 51), (1216, 1), (1220, 2), (1234, 2), (1246, 1), (1251, 1), (1257, 1), (1263, 1), (1279, 1), (1282, 1), (1293, 4), (1294, 1), (1297, 3), (1302, 2), (1308, 4), (1312, 1), (1319, 1), (1322, 1), (1326, 3), (1330, 1), (1334, 1), (1342, 5), (1347, 2), (1356, 1), (1361, 3), (1364, 1), (1368, 2), (1386, 7), (1403, 16), (1408, 4), (1414, 3), (1419, 4), (1429, 1), (1430, 2), (1431, 1), (1433, 5), (1438, 1), (1442, 1), (1450, 3), (1455, 1), (1460, 4), (1469, 1), (1475, 3), (1479, 3), (1482, 1), (1491, 1), (1492, 1), (1500, 2), (1503, 5), (1505, 16), (1512, 1), (1520, 2), (1532, 2), (1536, 1), (1544, 3), (1547, 1), (1551, 3), (1552, 2), (1562, 2), (1565, 1), (1576, 4), (1590, 2), (1601, 4), (1610, 3), (1614, 1), (1618, 2), (1620, 2), (1634, 2), (1635, 6), (1639, 1), (1649, 1), (1658, 2), (1660, 1), (1661, 1), (1667, 2), (1669, 2), (1672, 6), (1675, 1), (1678, 3), (1679, 9), (1685, 1), (1690, 1), (1703, 4), (1704, 1), (1711, 1), (1719, 1), (1725, 2), (1731, 3), (1734, 1), (1737, 3), (1739, 1), (1741, 4), (1744, 2), (1756, 18), (1766, 1), (1773, 1), (1781, 2), (1789, 1), (1792, 8), (1796, 3), (1797, 1), (1805, 1), (1807, 1), (1821, 2), (1829, 1), (1831, 1), (1835, 2), (1838, 2), (1872, 2), (1877, 1), (1879, 2), (1883, 2), (1892, 1), (1906, 2), (1908, 1), (1913, 1), (1925, 3), (1936, 1), (1943, 2), (1948, 2), (1950, 1), (1956, 1), (1957, 96), (1960, 1), (1964, 1), (1971, 2), (1972, 2), (1975, 1), (1980, 1), (1988, 1), (1999, 2), (2001, 1), (2014, 6), (2019, 1), (2022, 2), (2041, 12), (2045, 2), (2048, 3), (2052, 2), (2058, 1)
