cicl (DF: 1): (4361, 1)
cid (DF: 1): (4754, 1)
cidad (DF: 1): (1979, 1)
cie (DF: 5): (250, 1), (1825, 2), (3744, 2), (4143, 2), (4914, 2)
ciebi (DF: 6): (1825, 2), (1918, 1), (2951, 1), (3744, 4), (4761, 3), (4914, 2)
cieg (DF: 9): (19, 1), (87, 2), (1039, 2), (2316, 1), (2656, 1), (3070, 2), (3104, 4), (3340, 1), (4949, 4)
ciel (DF: 52): (14, 2), (127, 3), (353, 1), (355, 1), (417, 1), (438, 1), (725, 1), (776, 1), (1013, 3), (1051, 1), (1099, 1), (1133, 1), (1151, 1), (1259, 1), (1264, 2), (1295, 1), (1300, 2), (1305, 1), (1687, 2), (1818, 1), (2043, 2), (2414, 1), (2564, 1), (2567, 1), (2702, 1), (2889, 2), (3006, 2), (3210, 1), (3226, 1), (3239, 2), (3358, 1), (3399, 4), (3491, 1), (3609, 2), (3656, 2), (3723, 2), (3890, 2), (3908, 2), (3942, 2), (3972, 1), (4049, 3), (4210, 1), (4219, 1), (4308, 1), (4416, 1), (4423, 1), (4556, 1), (4587, 2), (4675, 1), (4752, 1), (4799, 2), (4948, 1)
cielo (DF: 1): (3146, 2)
cien (DF: 13): (371, 1), (667, 1), (1259, 1), (1803, 1), (2043, 3), (2205, 1), (2604, 6), (2877, 1), (3590, 2), (4032, 1), (4352, 1), (4469, 2), (4879, 1)
cienci (DF: 3): (1296, 1), (2739, 1), (4448, 1)
cienega (DF: 2): (369, 1), (3343, 2)
cienfu (DF: 1): (67, 1)
cienfueg (DF: 1): (1411, 1)
cient (DF: 3): (480, 1), (2711, 1), (4210, 2)
ciento (DF: 1): (4440, 1)
cientot (DF: 1): (3269, 1)
ciep (DF: 1): (1655, 1)
cierr (DF: 6): (1309, 3), (2090, 1), (3106, 1), (3876, 2), (4081, 3), (4515, 1)
cierral (DF: 1): (371, 1)
ciert (DF: 10): (86, 2), (269, 1), (996, 1), (1022, 1), (1307, 1), (1582, 1), (3898, 1), (3996, 1), (4382, 2), (4556, 1)
cifr (DF: 1): (3669, 1)
cig (DF: 1): (804, 1)
ciga (DF: 1): (2093, 2)
cigal (DF: 1): (2316, 1)
cigar (DF: 5): (1050, 1), (2093, 2), (4868, 5), (4931, 1), (4941, 1)
cigarett (DF: 41): (3, 1), (102, 1), (379, 1), (462, 1), (571, 1), (581, 1), (636, 3), (704, 1), (823, 1), (892, 2), (1101, 3), (1210, 1), (1219, 5), (1680, 1), (1789, 1), (1827, 1), (2274, 1), (2290, 1), (2390, 3), (2582, 2), (2636, 1), (2697, 1), (2787, 1), (2849, 1), (2943, 1), (2999, 1), (3016, 1), (3494, 1), (3518, 1), (3541, 1), (3651, 1), (3653, 1), (3873, 1), (3960, 1), (4052, 1), (4076, 1), (4272, 2), (4354, 1), (4372, 4), (4398, 1), (4900, 1)
cigarillo (DF: 3): (418, 1), (693, 2), (4942, 1)
cigarr (DF: 2): (417, 1), (648, 1)
cigarrill (DF: 1): (2564, 1)
cigarro (DF: 1): (3364, 1)
cim (DF: 5): (1112, 5), (1501, 1), (2034, 4), (3603, 1), (3669, 1)
cima (DF: 7): (1659, 1), (1881, 2), (2539, 10), (2680, 2), (3838, 1), (4167, 1), (4357, 5)
cimic (DF: 1): (2567, 1)
cimient (DF: 1): (417, 1)
cimorelli (DF: 1): (4716, 1)
cin (DF: 2): (1112, 1), (2088, 1)
cinc (DF: 7): (53, 1), (1424, 7), (1582, 1), (1677, 1), (2183, 2), (3580, 4), (4961, 1)
cincinnati (DF: 1): (4941, 1)
cinco (DF: 1): (4887, 1)
cincuent (DF: 1): (4469, 2)
cinderel (DF: 1): (2274, 3)
cinderell (DF: 2): (3903, 1), (4804, 4)
cinderella (DF: 3): (1487, 1), (4078, 1), (4905, 1)
cinema (DF: 3): (581, 1), (1964, 1), (4064, 1)
cinnamon (DF: 3): (870, 1), (3083, 1), (4675, 2)
cinq (DF: 1): (3195, 1)
cinqu (DF: 2): (1010, 1), (4992, 1)
cint (DF: 2): (417, 1), (2967, 1)
cintur (DF: 15): (14, 5), (364, 2), (412, 2), (1027, 2), (1039, 1), (1300, 1), (1584, 2), (1653, 12), (2021, 2), (2034, 6), (2518, 1), (3226, 1), (4484, 1), (4567, 2), (4763, 1)
cintura (DF: 2): (1881, 2), (4214, 3)
cinturit (DF: 3): (412, 12), (1027, 4), (3111, 1)
cio (DF: 1): (3974, 2)
cion (DF: 3): (299, 1), (1027, 1), (1296, 1)
ciottol (DF: 1): (2567, 1)
cir (DF: 1): (4440, 1)
circ (DF: 2): (2316, 1), (4238, 3)
circa (DF: 2): (1583, 4), (4124, 1)
circl (DF: 58): (17, 1), (39, 1), (122, 1), (196, 4), (542, 2), (770, 1), (804, 1), (829, 2), (835, 4), (936, 1), (967, 2), (1040, 2), (1068, 3), (1572, 1), (1639, 3), (1699, 1), (1833, 2), (1919, 1), (1938, 1), (2176, 2), (2201, 4), (2350, 1), (2410, 13), (2502, 2), (2546, 3), (2562, 1), (2563, 1), (2576, 1), (2643, 1), (2728, 2), (2742, 1), (2764, 3), (2904, 5), (3041, 1), (3054, 1), (3333, 1), (3503, 1), (3689, 1), (3706, 6), (3720, 1), (3745, 1), (3789, 1), (3813, 2), (3950, 1), (4008, 10), (4095, 27), (4097, 1), (4251, 1), (4377, 1), (4622, 1), (4627, 1), (4785, 1), (4813, 31), (4861, 1), (4931, 1), (4956, 1), (4967, 1), (4984, 1)
circuit (DF: 4): (1888, 1), (2559, 1), (2643, 4), (4365, 1)
circul (DF: 6): (312, 1), (858, 1), (1975, 1), (2243, 1), (3840, 1), (4682, 2)
circumnavig (DF: 2): (1509, 1), (1746, 1)
circumst (DF: 4): (3844, 1), (4012, 1), (4643, 1), (4669, 1)
circus (DF: 3): (2144, 1), (3360, 7), (4135, 1)
ciri (DF: 1): (1574, 1)
cirkel (DF: 1): (3527, 6)
ciroc (DF: 3): (672, 1), (1490, 1), (4920, 2)
cirocin (DF: 1): (4918, 1)
cirujan (DF: 1): (3666, 1)
cise (DF: 2): (1773, 1), (4864, 1)
cissi (DF: 1): (2125, 1)
cisz (DF: 1): (4914, 8)
cisza (DF: 1): (4761, 1)
cit (DF: 3): (117, 1), (2243, 1), (3623, 10)
citi (DF: 246): (11, 1), (27, 2), (30, 2), (80, 2), (103, 1), (118, 1), (145, 1), (148, 2), (162, 1), (172, 1), (176, 6), (179, 2), (183, 1), (191, 1), (197, 1), (218, 3), (221, 2), (223, 2), (272, 1), (306, 4), (369, 9), (405, 1), (443, 1), (458, 1), (472, 1), (531, 7), (558, 1), (571, 1), (574, 1), (578, 1), (595, 1), (596, 3), (603, 2), (604, 12), (606, 1), (624, 2), (669, 1), (678, 1), (688, 1), (696, 1), (798, 1), (801, 1), (802, 1), (819, 44), (879, 1), (888, 1), (931, 1), (948, 2), (960, 8), (976, 2), (1016, 1), (1021, 1), (1023, 2), (1084, 7), (1119, 2), (1167, 3), (1205, 4), (1253, 1), (1263, 3), (1282, 1), (1285, 1), (1325, 1), (1331, 1), (1360, 1), (1375, 16), (1403, 1), (1488, 1), (1547, 1), (1558, 1), (1572, 6), (1575, 1), (1587, 6), (1588, 3), (1634, 1), (1721, 1), (1733, 1), (1754, 16), (1760, 1), (1780, 2), (1794, 4), (1801, 1), (1805, 1), (1808, 1), (1840, 1), (1841, 1), (1862, 3), (1872, 1), (1875, 1), (1912, 4), (1916, 1), (1922, 1), (1936, 1), (1945, 1), (1972, 1), (1980, 1), (1986, 1), (1994, 1), (2001, 1), (2032, 2), (2036, 7), (2042, 1), (2057, 1), (2081, 5), (2091, 2), (2110, 3), (2119, 2), (2121, 2), (2131, 5), (2147, 1), (2167, 1), (2177, 1), (2178, 1), (2216, 2), (2217, 2), (2234, 4), (2253, 12), (2274, 1), (2293, 1), (2310, 1), (2311, 1), (2347, 2), (2397, 1), (2509, 1), (2527, 1), (2556, 1), (2568, 1), (2583, 1), (2588, 1), (2596, 1), (2599, 1), (2649, 1), (2693, 2), (2698, 1), (2699, 2), (2707, 2), (2723, 1), (2750, 1), (2787, 4), (2798, 3), (2831, 1), (2841, 3), (2866, 1), (2867, 2), (2869, 1), (2933, 4), (2935, 1), (2946, 1), (2957, 1), (3052, 1), (3061, 2), (3085, 1), (3099, 2), (3112, 1), (3119, 1), (3130, 3), (3134, 7), (3180, 2), (3186, 1), (3195, 1), (3217, 2), (3335, 1), (3350, 1), (3365, 2), (3374, 2), (3435, 4), (3475, 1), (3483, 1), (3500, 11), (3565, 1), (3601, 2), (3605, 1), (3608, 1), (3628, 1), (3648, 1), (3655, 1), (3661, 1), (3672, 1), (3694, 13), (3719, 1), (3725, 3), (3726, 1), (3727, 2), (3783, 1), (3784, 1), (3790, 1), (3793, 1), (3828, 1), (3837, 3), (3871, 1), (3900, 1), (3937, 2), (3960, 1), (3990, 1), (3995, 4), (3998, 4), (4023, 1), (4027, 5), (4043, 4), (4044, 1), (4046, 2), (4051, 1), (4085, 1), (4092, 1), (4095, 1), (4100, 4), (4127, 2), (4142, 1), (4145, 2), (4169, 1), (4229, 6), (4232, 8), (4244, 1), (4254, 1), (4261, 2), (4290, 4), (4294, 18), (4295, 2), (4349, 10), (4373, 1), (4393, 8), (4404, 1), (4420, 1), (4427, 1), (4452, 2), (4453, 1), (4472, 2), (4498, 6), (4500, 2), (4513, 1), (4570, 1), (4647, 1), (4652, 1), (4693, 1), (4720, 1), (4738, 2), (4748, 1), (4766, 3), (4818, 54), (4831, 1), (4837, 1), (4880, 1), (4897, 1), (4907, 1), (4922, 6), (4933, 2), (4946, 2)
citizen (DF: 9): (101, 2), (195, 2), (838, 1), (1951, 1), (2198, 1), (2391, 2), (4145, 1), (4749, 1), (4833, 1)
citt (DF: 3): (2059, 1), (3210, 2), (3295, 2)
city (DF: 8): (1109, 1), (1878, 1), (2659, 1), (2662, 1), (2757, 1), (3062, 1), (4387, 1), (4752, 1)
cityscap (DF: 1): (4885, 1)
ciuchi (DF: 2): (908, 1), (4914, 2)
ciud (DF: 14): (216, 3), (557, 1), (918, 1), (1013, 1), (1411, 1), (2150, 2), (2275, 1), (2325, 1), (2656, 2), (3104, 16), (3421, 3), (4288, 1), (4916, 4), (4939, 1)
ciudad (DF: 1): (3891, 1)
civi (DF: 1): (976, 1)
civic (DF: 3): (1036, 1), (1990, 1), (2100, 16)
civil (DF: 4): (246, 12), (699, 11), (2031, 1), (2422, 1)
civilian (DF: 2): (693, 1), (1880, 1)
