momberg (DF: 1): (804, 1)
moment (DF: 243): (3, 1), (26, 21), (29, 2), (46, 1), (58, 1), (71, 1), (73, 1), (84, 1), (118, 1), (122, 1), (148, 1), (190, 1), (209, 2), (236, 1), (262, 1), (328, 4), (333, 4), (358, 1), (466, 2), (481, 1), (496, 4), (515, 10), (539, 11), (555, 2), (560, 2), (576, 1), (597, 1), (648, 2), (650, 1), (659, 3), (671, 6), (704, 3), (707, 3), (759, 4), (764, 1), (779, 1), (801, 1), (892, 2), (914, 1), (933, 3), (947, 1), (969, 6), (1000, 1), (1009, 1), (1014, 1), (1032, 3), (1061, 3), (1070, 1), (1103, 1), (1125, 2), (1186, 2), (1192, 1), (1202, 1), (1222, 1), (1264, 1), (1273, 3), (1284, 1), (1286, 1), (1294, 1), (1309, 6), (1333, 2), (1338, 2), (1364, 3), (1371, 2), (1398, 1), (1408, 1), (1448, 1), (1452, 1), (1461, 3), (1471, 1), (1473, 6), (1475, 6), (1555, 1), (1589, 1), (1610, 1), (1665, 3), (1694, 1), (1713, 1), (1728, 2), (1769, 2), (1798, 1), (1811, 1), (1880, 1), (1960, 2), (2012, 1), (2016, 1), (2061, 1), (2063, 1), (2070, 1), (2079, 2), (2092, 2), (2098, 4), (2102, 1), (2119, 1), (2160, 1), (2214, 6), (2220, 1), (2224, 1), (2234, 2), (2272, 1), (2310, 1), (2350, 3), (2368, 1), (2388, 1), (2405, 6), (2415, 2), (2432, 1), (2480, 1), (2557, 1), (2569, 1), (2628, 2), (2630, 1), (2634, 1), (2665, 3), (2672, 1), (2675, 8), (2723, 1), (2734, 1), (2761, 1), (2780, 3), (2785, 1), (2787, 1), (2799, 3), (2913, 1), (2918, 6), (2927, 1), (2979, 4), (2990, 1), (3002, 1), (3035, 1), (3040, 1), (3042, 1), (3044, 1), (3068, 1), (3079, 2), (3148, 1), (3159, 1), (3191, 4), (3194, 2), (3211, 1), (3213, 1), (3242, 1), (3268, 1), (3292, 5), (3309, 2), (3340, 2), (3349, 1), (3355, 1), (3419, 1), (3435, 6), (3454, 1), (3458, 1), (3472, 2), (3491, 1), (3492, 1), (3508, 2), (3521, 1), (3574, 1), (3617, 2), (3696, 2), (3697, 2), (3720, 3), (3814, 3), (3833, 1), (3844, 14), (3876, 1), (3894, 2), (3908, 1), (3938, 1), (4002, 2), (4011, 4), (4050, 1), (4066, 1), (4071, 1), (4132, 5), (4148, 1), (4149, 1), (4169, 5), (4207, 1), (4214, 1), (4221, 2), (4230, 1), (4240, 1), (4313, 1), (4370, 3), (4385, 7), (4424, 1), (4439, 1), (4446, 3), (4455, 2), (4470, 1), (4480, 6), (4488, 1), (4496, 2), (4504, 1), (4521, 3), (4523, 1), (4540, 1), (4556, 1), (4633, 2), (4634, 1), (4666, 1), (4671, 4), (4687, 3), (4702, 7), (4711, 2), (4727, 1), (4759, 4), (4791, 1), (4797, 1), (4799, 1), (4819, 1), (4838, 5), (4845, 1), (4856, 3), (4890, 1), (4901, 8), (4946, 2), (4949, 1), (4957, 2), (4969, 1), (4976, 1), (8, 2), (9, 1), (1500, 2), (1501, 1), (3136, 2), (3137, 1), (3165, 1), (3166, 1), (3498, 1), (3499, 1), (3585, 10), (3586, 6), (3595, 1), (3596, 3), (4643, 5), (4644, 1), (4960, 1), (4983, 1), (4984, 1), (4453, 1), (4454, 1)
momentari (DF: 1): (281, 1)
momentarili (DF: 1): (2943, 1)
momento (DF: 3): (229, 1), (3838, 1), (3870, 1)
momi (DF: 1): (4361, 2)
momma (DF: 70): (141, 4), (245, 1), (548, 1), (616, 1), (618, 2), (658, 1), (669, 1), (673, 1), (710, 8), (740, 1), (746, 1), (841, 2), (1101, 1), (1131, 3), (1136, 1), (1214, 3), (1223, 1), (1469, 1), (1515, 1), (1552, 1), (1559, 2), (1562, 2), (1566, 2), (1613, 1), (1704, 1), (1836, 1), (1926, 1), (2000, 1), (2061, 1), (2084, 2), (2110, 3), (2231, 1), (2322, 1), (2359, 2), (2366, 1), (2405, 1), (2472, 2), (2534, 1), (2634, 10), (2701, 1), (2892, 1), (3023, 1), (3076, 3), (3156, 2), (3179, 3), (3180, 2), (3277, 3), (3460, 1), (3474, 9), (3487, 1), (3529, 3), (3568, 3), (3584, 2), (3781, 1), (3850, 1), (3931, 1), (3999, 1), (4030, 1), (4042, 3), (4182, 1), (4420, 1), (4427, 1), (4572, 1), (4575, 1), (4593, 3), (4693, 2), (4874, 1), (4902, 19), (4905, 1), (4995, 1)
momment (DF: 1): (930, 3)
mommi (DF: 6): (1152, 1), (2634, 3), (2929, 1), (3169, 1), (3483, 1), (4874, 4)
mommy (DF: 1): (2648, 2)
mon (DF: 78): (15, 3), (30, 4), (72, 1), (74, 2), (141, 4), (153, 2), (182, 2), (221, 1), (242, 5), (298, 1), (345, 2), (394, 1), (457, 8), (490, 1), (535, 6), (570, 1), (574, 1), (595, 3), (646, 1), (673, 3), (723, 2), (734, 1), (877, 1), (935, 6), (1094, 1), (1142, 5), (1206, 2), (1214, 6), (1246, 5), (1520, 1), (1585, 4), (1594, 2), (1604, 1), (1623, 1), (1635, 20), (1672, 1), (1748, 2), (1784, 2), (1838, 4), (1949, 1), (1956, 1), (2002, 1), (2035, 2), (2112, 3), (2143, 1), (2198, 1), (2243, 1), (2258, 8), (2286, 2), (2362, 1), (2392, 1), (2448, 1), (2484, 3), (2544, 2), (2564, 1), (2604, 1), (2607, 1), (2669, 1), (2720, 3), (2816, 5), (2837, 5), (2868, 2), (3117, 1), (3124, 1), (3195, 4), (3217, 20), (3292, 1), (3367, 1), (3387, 1), (3466, 1), (3486, 5), (3561, 1), (3660, 2), (3880, 1), (4178, 3), (4215, 1), (4251, 2), (4285, 1)
