fur (DF: 5): (3556, 1), (3760, 1), (4019, 1), (4302, 1), (4918, 4)
furacão (DF: 1): (3364, 1)
furi (DF: 5): (874, 2), (908, 2), (3111, 1), (3180, 2), (3479, 1)
furious (DF: 5): (26, 2), (558, 1), (1820, 1), (2456, 3), (4795, 2)
furnac (DF: 2): (2032, 1), (2319, 20)
furnitur (DF: 3): (1076, 1), (3789, 1), (4325, 1)
furri (DF: 1): (2026, 1)
furrow (DF: 1): (1329, 1)
furthermor (DF: 4): (1101, 1), (1626, 2), (2063, 1), (2687, 1)
furthest (DF: 1): (35, 1)
furtiv (DF: 1): (417, 1)
fusc (DF: 1): (4852, 2)
fuse (DF: 16): (257, 1), (1387, 8), (1405, 1), (1638, 1), (1705, 1), (2002, 1), (2441, 2), (2618, 1), (2691, 1), (3001, 1), (3043, 1), (3347, 1), (3992, 1), (4433, 1), (4701, 3), (4863, 1)
fusibl (DF: 1): (1171, 1)
fusil (DF: 1): (4445, 1)
fusion (DF: 1): (669, 1)
fuss (DF: 13): (202, 1), (206, 1), (286, 1), (287, 2), (464, 1), (1342, 1), (1363, 1), (1675, 1), (1766, 2), (2017, 1), (2586, 1), (3441, 1), (4830, 1)
fussi (DF: 1): (746, 2)
fussin (DF: 2): (3322, 1), (3939, 1)
fussion (DF: 1): (4692, 1)
fussraum (DF: 1): (4318, 1)
futari (DF: 1): (1102, 2)
futaridak (DF: 1): (4373, 2)
futbol (DF: 2): (3239, 1), (4666, 1)
futt (DF: 2): (681, 1), (1616, 3)
futur (DF: 136): (27, 6), (50, 3), (73, 3), (86, 1), (96, 1), (109, 2), (169, 1), (336, 1), (364, 2), (370, 1), (419, 1), (439, 1), (444, 1), (471, 1), (488, 1), (496, 3), (502, 8), (531, 1), (587, 2), (619, 4), (638, 1), (658, 1), (680, 2), (710, 1), (720, 1), (770, 2), (776, 1), (779, 2), (865, 2), (883, 3), (887, 1), (927, 1), (984, 1), (1134, 1), (1189, 1), (1206, 2), (1250, 1), (1275, 1), (1279, 1), (1347, 1), (1385, 1), (1401, 1), (1414, 1), (1459, 1), (1477, 1), (1533, 4), (1539, 1), (1548, 1), (1618, 1), (1625, 1), (1670, 4), (1830, 1), (1856, 1), (1871, 1), (1878, 1), (1880, 1), (1908, 1), (1974, 2), (1978, 2), (2014, 2), (2023, 5), (2118, 1), (2166, 1), (2184, 2), (2381, 1), (2393, 1), (2436, 1), (2439, 1), (2446, 1), (2449, 3), (2474, 1), (2501, 2), (2608, 1), (2619, 1), (2656, 1), (2665, 2), (2676, 2), (2737, 2), (2740, 1), (2818, 1), (2831, 1), (2846, 1), (2875, 1), (2897, 3), (2912, 2), (2995, 1), (3073, 2), (3085, 1), (3237, 2), (3260, 1), (3361, 1), (3410, 1), (3476, 2), (3490, 1), (3561, 1), (3575, 2), (3614, 1), (3616, 1), (3633, 2), (3669, 1), (3687, 1), (3720, 3), (3745, 1), (3753, 1), (3759, 2), (3786, 2), (3796, 1), (3833, 1), (3848, 2), (3855, 2), (3902, 1), (4043, 1), (4119, 1), (4148, 1), (4158, 1), (4164, 1), (4239, 1), (4241, 1), (4328, 1), (4523, 1), (4581, 1), (4725, 1), (4767, 1), (4772, 1), (4800, 2), (4846, 2), (4902, 1), (4905, 1), (4939, 4), (4984, 1), (4989, 1), (4995, 2), (4368, 1), (4369, 2), (4893, 1), (4895, 1)
futurepop (DF: 20): (281, 1), (311, 1), (683, 1), (951, 1), (1272, 1), (1616, 1), (1758, 1), (1771, 1), (1846, 1), (1942, 1), (2310, 1), (2327, 1), (2334, 1), (2496, 1), (2535, 1), (2579, 1), (3212, 1), (3443, 1), (3599, 1), (4230, 1)
futurist (DF: 1): (2322, 1)
futuro (DF: 1): (10, 1)
fuvk (DF: 1): (3565, 1)
fuzz (DF: 3): (1124, 1), (3581, 1), (4427, 1)
fuzzi (DF: 3): (2569, 1), (3261, 1), (4663, 2)
fuzzybrain (DF: 1): (2576, 1)
fvck (DF: 1): (143, 2)
fyldt (DF: 1): (4295, 1)
fyr (DF: 1): (2018, 1)
fácil (DF: 1): (1072, 2)
fã (DF: 2): (213, 3), (3838, 2)
få (DF: 2): (3527, 6), (4295, 1)
fået (DF: 1): (2759, 1)
får (DF: 2): (229, 1), (2152, 1)
fælles (DF: 2): (2018, 1), (4991, 1)
fætski (DF: 1): (1465, 1)
fé (DF: 7): (34, 2), (649, 2), (1415, 2), (1881, 2), (3215, 1), (3364, 1), (4167, 4)
fête (DF: 1): (4855, 1)
fórmula (DF: 1): (1087, 1)
fôstad (DF: 1): (1151, 3)
för (DF: 1): (2152, 1)
försöker (DF: 1): (2152, 1)
føl (DF: 1): (3591, 4)
føle (DF: 1): (4295, 1)
følelsen (DF: 1): (3591, 4)
følelser (DF: 1): (4991, 1)
føler (DF: 3): (1465, 1), (2018, 5), (4991, 1)
følger (DF: 1): (229, 1)
følgt (DF: 1): (3591, 4)
før (DF: 1): (4991, 1)
første (DF: 2): (3527, 1), (4295, 2)
fúria (DF: 1): (2839, 1)
g (DF: 57): (2, 1), (10, 1), (13, 1), (63, 1), (72, 1), (155, 3), (182, 1), (207, 3), (213, 6), (237, 1), (250, 1), (268, 3), (270, 5), (306, 1), (337, 7), (339, 2), (434, 1), (435, 7), (510, 1), (540, 1), (547, 3), (550, 6), (586, 1), (618, 2), (622, 1), (628, 1), (642, 2), (661, 4), (669, 2), (684, 2), (689, 1), (711, 1), (724, 1), (731, 1), (736, 1), (740, 1), (753, 10), (759, 4), (841, 1), (842, 1), (900, 3), (908, 1), (915, 1), (925, 2), (975, 1), (993, 1), (1029, 1), (1050, 1), (1058, 1), (1110, 1), (1131, 1), (1132, 1), (1136, 2), (1150, 1), (1157, 1), (1164, 2), (1217, 1)
