god (DF: 75): (4282, 1), (4302, 1), (4310, 2), (4315, 1), (4337, 4), (4360, 12), (4365, 1), (4389, 2), (4427, 1), (4429, 1), (4440, 1), (4471, 11), (4481, 1), (4482, 1), (4493, 1), (4497, 6), (4523, 1), (4559, 4), (4564, 2), (4565, 1), (4575, 1), (4585, 2), (4611, 1), (4618, 2), (4641, 2), (4658, 1), (4661, 2), (4669, 1), (4681, 8), (4691, 1), (4708, 1), (4736, 35), (4748, 1), (4762, 2), (4764, 14), (4808, 1), (4820, 1), (4854, 1), (4863, 1), (4872, 3), (4897, 3), (4918, 3), (4938, 1), (4941, 1), (4950, 4), (4980, 2), (455, 1), (456, 1), (595, 2), (596, 9), (635, 1), (636, 2), (815, 2), (816, 1), (1200, 1), (1202, 3), (1350, 1), (1351, 8), (2255, 1), (2256, 2), (2903, 20), (2904, 2), (3188, 2), (3189, 1), (3265, 1), (3266, 1), (3598, 1), (3599, 1), (3827, 2), (3830, 1), (3928, 1), (3930, 1), (4682, 6), (4837, 1), (4838, 1)
godb (DF: 1): (1253, 1)
godbi (DF: 1): (4045, 1)
goddammit (DF: 3): (616, 1), (691, 1), (1885, 2)
goddamn (DF: 42): (72, 1), (994, 1), (1010, 1), (1031, 1), (1150, 4), (1224, 3), (1531, 1), (1648, 7), (2040, 2), (2048, 1), (2177, 1), (2296, 2), (2378, 1), (2561, 5), (2592, 2), (2708, 3), (2735, 1), (2880, 1), (3054, 1), (3075, 3), (3268, 3), (3484, 1), (3510, 2), (3521, 1), (3680, 1), (3753, 1), (3886, 12), (3974, 1), (4062, 1), (4069, 1), (4073, 1), (4226, 1), (4319, 1), (4533, 1), (4672, 2), (4814, 1), (4818, 1), (4833, 1), (4880, 1), (4895, 3), (4937, 1), (4972, 1)
goddamnit (DF: 1): (692, 2)
goddess (DF: 9): (404, 2), (714, 2), (1877, 1), (2277, 1), (2907, 2), (2960, 1), (3235, 2), (3526, 1), (3923, 1)
goddi (DF: 1): (2192, 1)
godfath (DF: 3): (1436, 1), (3363, 1), (3991, 1)
godforsaken (DF: 2): (1562, 2), (4119, 1)
godi (DF: 1): (1136, 1)
godless (DF: 3): (636, 1), (1804, 1), (3103, 2)
godli (DF: 2): (693, 1), (1856, 1)
godsmack (DF: 2): (2980, 1), (4220, 1)
godt (DF: 4): (229, 2), (3591, 5), (4425, 1), (4991, 2)
godzill (DF: 1): (2183, 1)
godzilla (DF: 2): (1635, 1), (3680, 1)
godzin (DF: 1): (3744, 2)
goe (DF: 185): (59, 1), (79, 2), (101, 1), (105, 2), (131, 1), (138, 1), (220, 1), (267, 2), (299, 1), (486, 1), (514, 2), (535, 2), (555, 8), (560, 1), (570, 2), (574, 1), (607, 2), (614, 1), (662, 4), (680, 2), (689, 1), (815, 2), (819, 1), (863, 2), (883, 3), (925, 1), (975, 1), (980, 2), (1021, 1), (1040, 2), (1045, 4), (1053, 1), (1157, 1), (1199, 1), (1220, 3), (1303, 1), (1314, 1), (1338, 2), (1353, 2), (1405, 8), (1412, 2), (1430, 1), (1445, 6), (1494, 2), (1505, 34), (1513, 1), (1538, 1), (1553, 6), (1557, 1), (1559, 8), (1568, 1), (1581, 1), (1688, 2), (1755, 4), (1756, 8), (1775, 1), (1790, 1), (1811, 9), (1819, 1), (1908, 1), (1911, 1), (1971, 1), (2081, 1), (2102, 1), (2110, 3), (2120, 9), (2135, 2), (2166, 2), (2174, 1), (2177, 6), (2182, 1), (2198, 1), (2216, 1), (2232, 1), (2276, 1), (2296, 1), (2301, 4), (2311, 1), (2360, 1), (2380, 1), (2395, 1), (2410, 3), (2444, 1), (2455, 4), (2492, 1), (2533, 9), (2559, 2), (2576, 1), (2635, 1), (2652, 2), (2735, 1), (2750, 2), (2795, 1), (2800, 1), (2811, 8), (2864, 2), (2867, 1), (2899, 1), (2909, 18), (2927, 1), (2964, 1), (3018, 1), (3024, 1), (3039, 8), (3041, 1), (3077, 1), (3116, 1), (3201, 1), (3216, 1), (3231, 1), (3247, 2), (3265, 2), (3280, 6), (3289, 1), (3309, 1), (3339, 1), (3365, 1), (3483, 2), (3526, 1), (3554, 12), (3559, 1), (3560, 1), (3594, 1), (3610, 1), (3613, 1), (3620, 1), (3646, 2), (3649, 1), (3674, 6), (3679, 2), (3714, 4), (3760, 4), (3789, 1), (3832, 1), (3846, 1), (3852, 4), (3871, 1), (3948, 1), (3959, 4), (3971, 1), (3986, 31), (4006, 2), (4113, 6), (4132, 1), (4146, 2), (4182, 4), (4218, 1), (4226, 1), (4251, 1), (4302, 1), (4468, 1), (4477, 1), (4488, 1), (4500, 6), (4517, 5), (4537, 1), (4543, 3), (4565, 1), (4572, 4), (4585, 1), (4618, 2), (4639, 1), (4645, 1), (4762, 1), (4766, 1), (4798, 1), (4824, 1), (4856, 1), (4877, 1), (4885, 1), (4915, 1), (35, 1), (36, 1), (446, 9), (448, 4), (793, 1), (794, 1), (2364, 1), (2365, 1), (2502, 3), (2504, 1), (3919, 1), (3921, 1), (3988, 1), (3989, 10)
goed (DF: 1): (2729, 1)
goes (DF: 3): (276, 1), (1461, 1), (3351, 1)
goetz (DF: 1): (159, 1)
goffi (DF: 1): (3565, 1)
goggl (DF: 1): (153, 2)
gogh (DF: 5): (1699, 2), (2116, 2), (3746, 4), (4046, 2), (4443, 1)
gogo (DF: 1): (3140, 2)
goin (DF: 23): (59, 2), (64, 4), (92, 5), (103, 2), (113, 3), (134, 1), (148, 1), (168, 1), (179, 1), (197, 16), (212, 14), (238, 2), (324, 1), (340, 8), (356, 2), (440, 1), (471, 1), (479, 3), (485, 1), (528, 1), (537, 4), (548, 1), (558, 1)
