lei (DF: 3): (1659, 1), (1878, 1), (3692, 1)
leich (DF: 3): (2050, 1), (3462, 1), (3962, 1)
leicht (DF: 4): (778, 1), (3466, 1), (3932, 1), (4816, 1)
leid (DF: 6): (813, 1), (1715, 1), (2496, 1), (3849, 1), (3932, 1), (3962, 1)
leidseplein (DF: 1): (4297, 1)
leihwag (DF: 1): (484, 1)
leileileee (DF: 1): (1411, 1)
lein (DF: 2): (3067, 1), (4318, 4)
leis (DF: 1): (4816, 17)
leist (DF: 1): (4004, 1)
leisur (DF: 4): (463, 1), (1463, 1), (3707, 1), (4018, 1)
leit (DF: 1): (3462, 1)
lej (DF: 24): (127, 3), (312, 1), (371, 2), (762, 1), (1022, 1), (1159, 1), (1284, 4), (1810, 20), (1966, 3), (2092, 1), (2111, 2), (2642, 6), (2972, 2), (3090, 1), (3614, 4), (3757, 4), (3891, 7), (3908, 2), (3981, 1), (4009, 1), (4049, 2), (4189, 1), (4479, 1), (4568, 1)
lejan (DF: 1): (3891, 1)
lejit (DF: 3): (44, 1), (3555, 3), (4729, 6)
lejo (DF: 2): (2205, 1), (3902, 1)
lekcj (DF: 1): (1655, 1)
leke (DF: 2): (149, 1), (1834, 1)
lekin (DF: 1): (1834, 1)
lekker (DF: 1): (4297, 1)
lekko (DF: 2): (4311, 1), (4761, 1)
leko (DF: 1): (430, 1)
lel (DF: 4): (1004, 1), (1039, 3), (1095, 12), (4909, 1)
lemarqui (DF: 1): (2283, 2)
lembrança (DF: 1): (3838, 1)
lembro (DF: 2): (3007, 1), (3215, 2)
lemkuuja (DF: 1): (1530, 1)
lemm (DF: 26): (92, 1), (274, 2), (617, 1), (691, 7), (782, 2), (1045, 1), (1059, 1), (1122, 1), (1191, 1), (1212, 1), (1216, 1), (1282, 1), (1361, 1), (1378, 2), (2199, 1), (3237, 2), (3277, 1), (4008, 1), (4026, 1), (4642, 1), (4652, 1), (4664, 2), (4693, 3), (4766, 4), (4956, 1), (4963, 2)
lemon (DF: 12): (168, 1), (331, 1), (938, 7), (2050, 1), (2624, 1), (2714, 1), (3642, 3), (3703, 4), (4124, 1), (4481, 1), (4733, 1), (4942, 1)
lemonad (DF: 9): (388, 1), (528, 1), (938, 5), (1728, 1), (2045, 1), (2223, 15), (2737, 1), (2899, 1), (3152, 1)
lemoni (DF: 1): (2320, 1)
len (DF: 8): (1123, 1), (1784, 1), (3057, 1), (3701, 1), (3727, 1), (3811, 1), (4764, 1), (4985, 1)
lena (DF: 1): (4135, 1)
lenbo (DF: 1): (3484, 1)
lench (DF: 2): (3420, 1), (4866, 1)
lend (DF: 17): (3, 1), (212, 6), (507, 1), (708, 1), (899, 1), (1386, 1), (1456, 1), (1562, 2), (2091, 2), (2246, 1), (2264, 2), (2496, 1), (2592, 1), (2675, 1), (2735, 2), (3808, 2), (4528, 1)
lenda (DF: 1): (4985, 1)
lene (DF: 1): (149, 1)
length (DF: 4): (40, 4), (3201, 1), (3337, 3), (3880, 1)
lengthen (DF: 1): (4570, 1)
lengthi (DF: 1): (616, 1)
lengu (DF: 8): (24, 2), (2136, 1), (2183, 1), (2530, 1), (2604, 1), (3890, 1), (3903, 1), (4912, 1)
lenguaj (DF: 2): (2316, 1), (2530, 1)
leni (DF: 1): (1461, 1)
lenk (DF: 1): (2574, 1)
lenni (DF: 4): (1352, 1), (2741, 1), (3947, 1), (3958, 1)
lennon (DF: 10): (844, 1), (1753, 1), (3033, 1), (3135, 1), (3139, 1), (3164, 1), (4184, 1), (4606, 1), (4639, 1), (4831, 1)
lennox (DF: 9): (893, 1), (1109, 2), (1653, 5), (1878, 1), (2604, 1), (2668, 2), (3121, 1), (3777, 1), (4124, 1)
lenny (DF: 5): (3816, 2), (3981, 1), (4236, 1), (4300, 6), (4594, 6)
lenox (DF: 2): (1469, 1), (1531, 1)
lens (DF: 5): (1739, 1), (2014, 3), (2166, 1), (2329, 1), (4831, 1)
lent (DF: 33): (87, 1), (117, 1), (283, 1), (312, 2), (328, 4), (557, 2), (918, 1), (1010, 7), (1027, 3), (1159, 1), (1264, 1), (1563, 1), (1665, 1), (2136, 1), (2180, 3), (2487, 4), (2518, 6), (2549, 1), (2617, 16), (2651, 2), (2967, 1), (3062, 1), (3104, 4), (3269, 1), (3536, 8), (3656, 4), (3697, 3), (3723, 1), (3757, 4), (4207, 1), (4659, 1), (4916, 1), (4961, 1)
lentic (DF: 1): (1740, 3)
lentilki (DF: 1): (908, 1)
lento (DF: 2): (1256, 3), (3839, 2)
lenx (DF: 1): (4265, 1)
leo (DF: 1): (4833, 1)
leon (DF: 11): (347, 2), (721, 1), (738, 1), (813, 1), (1426, 1), (1461, 1), (1631, 1), (2701, 1), (3189, 2), (3916, 1), (4189, 1)
leonard (DF: 2): (270, 1), (635, 1)
leonardo (DF: 1): (4319, 1)
leonel (DF: 1): (161, 1)
leopard (DF: 2): (2939, 1), (3526, 1)
leozin (DF: 1): (2680, 2)
leper (DF: 1): (101, 1)
lepo (DF: 1): (2951, 1)
leppard (DF: 9): (1246, 1), (1528, 1), (1721, 2), (2389, 2), (2696, 2), (2816, 2), (2837, 1), (4014, 2), (4528, 2)
leprechaun (DF: 2): (553, 3), (2177, 1)
lepsz (DF: 1): (3744, 2)
ler (DF: 1): (4186, 96)
lern (DF: 1): (3932, 1)
lernt (DF: 1): (4743, 1)
leroy (DF: 1): (4880, 1)
les (DF: 10): (30, 4), (1151, 1), (1561, 9), (3195, 1), (3453, 1), (3479, 1), (3660, 1), (3800, 1), (4675, 2), (4855, 1)
lesbian (DF: 1): (1122, 1)
lescan (DF: 1): (4515, 1)
lesh (DF: 1): (3466, 2)
lesk (DF: 1): (524, 2)
less (DF: 79): (13, 1), (15, 1), (121, 1), (129, 1), (211, 1), (330, 1), (337, 1), (380, 1), (421, 1), (461, 1), (546, 1), (606, 1), (1011, 1), (1059, 1), (1122, 1), (1152, 1), (1178, 1), (1351, 2), (1375, 8), (1437, 2), (1475, 3), (1507, 3), (1516, 4), (1648, 1), (1704, 1), (1712, 1), (1744, 2), (1957, 2), (2038, 1), (2131, 1), (2174, 1), (2288, 3), (2333, 1), (2359, 2), (2379, 1), (2427, 5), (2445, 1), (2540, 2), (2730, 1), (2757, 2), (2776, 2), (2906, 1), (2910, 1), (2914, 10), (2927, 1), (2943, 1), (3095, 2), (3143, 6), (3216, 1), (3237, 2), (3248, 1), (3311, 1), (3374, 1), (3498, 1), (3506, 1), (3797, 1), (3904, 1), (4019, 1), (4104, 1), (4128, 1), (4159, 1), (4206, 1), (4244, 8), (4261, 1), (4286, 1), (4291, 1), (4314, 4), (4349, 2), (4393, 1), (4427, 2), (4459, 1), (4499, 1), (4622, 1), (4643, 1), (4837, 1), (4874, 1), (4887, 2), (4950, 4), (4966, 1)
lesser (DF: 4): (294, 1), (1648, 1), (2528, 3), (3432, 1)
lesson (DF: 53): (337, 1), (362, 1), (523, 1), (585, 2), (590, 2), (689, 1), (926, 1), (929, 1), (963, 1), (1080, 1), (1227, 1), (1462, 1), (1548, 1), (1639, 1), (1669, 1), (1674, 1), (1885, 2), (1916, 1), (2192, 1), (2423, 1), (2528, 1), (2600, 1), (2671, 4), (2821, 1), (2830, 1), (2896, 3), (3064, 1), (3089, 1), (3149, 1), (3218, 1), (3256, 1), (3283, 2), (3311, 1), (3371, 3), (3374, 1), (3415, 2), (3440, 12), (3634, 4), (3689, 1), (3855, 2), (3856, 5), (4062, 1), (4069, 1), (4082, 3), (4085, 1), (4326, 1), (4395, 1), (4575, 1), (4628, 1), (4669, 1), (4684, 1), (4888, 2), (4984, 3)
lest (DF: 1): (2767, 1)
let (DF: 1663): (2, 1), (4, 1), (5, 1), (8, 8), (11, 1), (13, 6), (15, 13), (22, 3), (24, 6), (27, 1), (36, 26), (37, 7), (40, 1), (47, 1), (48, 2), (54, 2), (59, 2), (62, 1), (66, 1), (68, 3), (69, 2), (74, 2), (78, 1), (79, 2), (80, 1), (85, 3), (88, 1), (89, 4), (98, 4), (100, 1), (104, 3), (106, 1), (110, 3), (112, 3), (113, 9), (114, 2), (116, 2), (118, 1), (119, 1), (120, 1), (121, 2), (126, 3), (128, 2), (129, 2), (131, 26), (140, 2), (141, 4), (142, 1), (148, 2), (150, 8), (153, 24), (154, 1), (156, 7), (162, 8), (166, 1), (169, 4), (171, 2), (172, 1), (174, 1), (176, 18), (177, 1), (178, 7), (179, 1), (181, 2), (183, 1), (188, 4), (190, 4), (191, 2), (193, 16), (194, 1), (197, 3), (200, 3), (201, 1), (204, 1), (205, 3), (207, 1), (208, 23), (209, 7), (210, 3), (215, 1), (219, 2), (220, 1), (223, 3), (225, 1), (226, 1), (228, 1), (231, 4), (232, 2), (235, 1), (236, 2), (237, 1), (238, 2), (242, 2), (243, 1), (255, 9), (257, 7), (258, 1), (262, 2), (264, 1), (265, 2), (268, 3), (271, 4), (272, 3), (273, 8), (274, 2), (275, 4), (278, 2), (282, 18), (284, 2), (287, 2), (288, 6), (289, 1), (294, 2), (298, 7), (301, 2), (303, 4), (304, 1), (308, 2), (310, 3), (314, 4), (319, 32), (320, 4), (325, 17), (327, 1), (329, 12), (331, 1), (334, 2), (336, 1), (337, 2), (339, 2), (340, 8), (350, 1), (352, 2), (356, 2), (357, 1), (358, 1), (361, 1), (367, 4), (372, 6), (373, 1), (375, 4), (376, 1), (380, 4), (381, 3), (384, 3), (387, 2), (391, 4), (394, 5), (404, 12), (405, 11), (407, 2), (414, 1), (418, 1), (419, 3), (422, 4), (423, 1), (431, 6), (432, 2), (435, 1), (440, 5), (442, 9), (446, 10), (447, 4), (449, 3), (451, 1), (452, 3), (455, 4), (456, 1), (457, 4), (458, 16), (461, 18), (464, 16), (469, 1), (470, 1), (471, 4), (473, 3), (474, 2), (476, 1), (478, 4), (479, 9), (482, 2), (485, 8), (486, 1), (487, 2), (488, 1), (490, 1), (494, 2), (495, 4), (496, 3), (501, 1), (502, 3), (507, 4), (508, 8), (511, 3), (514, 28), (517, 4), (521, 1), (525, 14), (526, 4), (530, 1), (531, 4), (535, 10), (537, 2), (541, 2), (545, 1), (548, 1), (550, 3), (554, 5), (556, 17), (558, 1), (566, 1), (568, 1), (570, 6), (572, 1), (573, 1), (574, 1), (581, 1), (583, 1), (584, 42), (585, 4), (586, 5), (590, 6), (591, 2), (593, 3), (595, 1), (597, 4), (602, 4), (603, 4), (606, 1), (607, 2), (608, 1), (610, 49), (611, 2), (612, 1), (613, 1), (616, 3), (618, 2), (619, 1), (622, 1), (627, 10), (633, 7), (634, 1), (646, 1), (647, 2), (650, 1), (654, 1), (655, 11), (657, 4), (660, 2), (662, 2), (663, 1), (669, 1), (671, 2), (672, 7), (684, 3), (696, 1), (697, 2), (701, 17), (709, 3), (710, 2), (714, 5), (719, 2), (720, 1), (722, 3), (724, 1), (731, 3), (732, 17), (734, 12), (737, 2), (738, 6), (740, 2), (745, 43), (749, 2), (753, 4), (754, 2), (755, 4), (758, 2), (766, 2), (767, 6), (769, 2), (772, 2), (775, 2), (779, 1), (781, 7), (783, 1), (786, 4), (789, 5), (790, 2), (792, 2), (796, 1), (800, 1), (802, 2), (803, 3), (806, 2), (811, 1), (814, 1), (816, 1), (818, 2), (820, 1), (824, 2), (825, 1), (826, 1), (828, 1), (832, 10), (833, 2), (834, 5), (838, 1), (841, 1), (846, 1), (847, 20), (852, 1), (856, 3), (859, 2), (860, 3), (863, 1), (866, 4), (867, 3), (870, 1), (874, 1), (879, 5), (882, 2), (884, 1), (886, 1), (888, 1), (895, 1), (896, 2), (898, 5), (899, 3), (900, 2), (904, 4), (906, 2), (909, 2), (914, 1), (920, 1), (925, 4), (926, 1), (927, 1), (928, 1), (936, 3), (937, 49), (939, 2), (944, 3), (946, 4), (948, 2), (952, 3), (955, 2), (958, 4), (959, 3), (966, 1), (968, 33), (970, 4), (973, 1), (974, 2), (975, 2), (977, 7), (978, 2), (979, 9), (983, 1), (985, 6), (988, 2), (990, 1), (993, 1), (997, 1), (998, 1), (999, 2), (1002, 6), (1003, 7), (1008, 6), (1011, 3), (1015, 1), (1016, 1), (1018, 5), (1020, 1), (1021, 1), (1026, 2), (1032, 2), (1038, 1), (1041, 1), (1045, 3), (1052, 2), (1055, 19), (1058, 5), (1059, 1), (1063, 1), (1065, 1), (1070, 12), (1072, 5), (1075, 2), (1076, 6), (1082, 2), (1084, 5), (1091, 2), (1094, 5), (1097, 6), (1103, 1), (1106, 10), (1107, 4), (1110, 1), (1113, 1), (1117, 2), (1120, 14), (1129, 5), (1131, 3), (1135, 1), (1138, 3), (1143, 2), (1144, 4), (1146, 2), (1148, 2), (1152, 1), (1155, 7), (1156, 8), (1160, 2), (1165, 4), (1167, 1), (1168, 1), (1169, 1), (1171, 2), (1188, 1), (1189, 6), (1192, 2), (1198, 2), (1202, 1), (1203, 1), (1204, 1), (1208, 27), (1212, 1), (1214, 45), (1217, 6), (1224, 3), (1229, 1), (1230, 1), (1237, 1), (1238, 1), (1239, 2), (1240, 3), (1243, 1), (1249, 2), (1256, 4), (1265, 1), (1272, 1), (1273, 9), (1276, 12), (1280, 81), (1281, 1), (1287, 1), (1292, 5), (1297, 1), (1298, 3), (1302, 2), (1303, 4), (1304, 1), (1306, 1), (1310, 4), (1316, 2), (1319, 1), (1321, 1), (1328, 2), (1334, 8), (1341, 10), (1346, 1), (1347, 1), (1349, 30), (1352, 3), (1355, 7), (1356, 2), (1357, 3), (1361, 6), (1362, 7), (1363, 2), (1364, 1), (1368, 1), (1369, 3), (1372, 1), (1373, 12), (1374, 4), (1389, 2), (1390, 5), (1391, 3), (1397, 2), (1401, 4), (1402, 3), (1403, 1), (1405, 1), (1406, 1), (1408, 1), (1410, 1), (1413, 1), (1414, 1), (1421, 1), (1423, 5), (1427, 3), (1429, 7), (1431, 1), (1434, 1), (1435, 20), (1436, 1), (1437, 1), (1438, 4), (1442, 1), (1444, 8), (1451, 8), (1454, 9), (1455, 1), (1459, 3), (1461, 1), (1462, 2), (1463, 1), (1466, 1), (1473, 2), (1475, 3), (1479, 6), (1480, 16), (1482, 1), (1483, 1), (1487, 1), (1488, 1), (1490, 4), (1492, 1), (1494, 1), (1496, 1), (1498, 6), (1499, 4), (1500, 6), (1503, 4), (1505, 2), (1506, 1), (1509, 2), (1511, 3), (1513, 51), (1518, 1), (1525, 4), (1531, 3), (1532, 36), (1533, 6), (1543, 1), (1545, 1), (1547, 3), (1548, 6), (1549, 9), (1553, 3), (1555, 5), (1558, 2), (1559, 36), (1568, 4), (1570, 2), (1574, 2), (1581, 2), (1585, 1), (1586, 1), (1587, 6), (1588, 1), (1589, 7), (1590, 4), (1591, 1), (1593, 1), (1594, 1), (1599, 1), (1600, 19), (1603, 14), (1604, 20), (1607, 2), (1610, 1), (1612, 1), (1619, 1), (1620, 1), (1625, 2), (1626, 4), (1634, 2), (1644, 17), (1646, 1), (1649, 1), (1657, 3), (1661, 1), (1662, 1), (1667, 19), (1670, 5), (1672, 4), (1673, 2), (1674, 7), (1675, 1), (1676, 4), (1680, 16), (1684, 2), (1691, 64), (1695, 2), (1697, 8), (1699, 1), (1700, 1), (1702, 63), (1703, 6), (1704, 3), (1705, 1), (1708, 1), (1709, 5), (1712, 3), (1713, 5), (1714, 2), (1720, 1), (1723, 12), (1726, 5), (1727, 1), (1728, 4), (1729, 1), (1734, 2), (1737, 5), (1738, 1), (1742, 3), (1746, 2), (1748, 6), (1754, 24), (1759, 8), (1764, 1), (1773, 1), (1774, 1), (1775, 8), (1777, 10), (1779, 2), (1784, 12), (1793, 2), (1795, 40), (1796, 2), (1798, 8), (1799, 1), (1802, 1), (1805, 4), (1809, 6), (1811, 3), (1812, 1), (1816, 1), (1819, 2), (1820, 2), (1822, 27), (1827, 4), (1829, 1), (1830, 1), (1832, 8), (1833, 5), (1834, 1), (1835, 2), (1838, 43), (1839, 3), (1840, 2), (1844, 1), (1849, 4), (1855, 13), (1856, 1), (1857, 1), (1859, 7), (1860, 1), (1864, 1), (1865, 3), (1868, 1), (1869, 4), (1870, 2), (1874, 2), (1880, 1), (1886, 1), (1887, 2), (1891, 2), (1893, 7), (1894, 4), (1896, 2), (1898, 3), (1904, 1), (1906, 9), (1913, 2), (1914, 4), (1916, 1), (1920, 10), (1921, 3), (1922, 2), (1923, 5), (1924, 1), (1925, 1), (1926, 2), (1929, 1), (1946, 6), (1949, 2), (1950, 1), (1952, 2), (1955, 4), (1957, 2), (1959, 2), (1960, 2), (1964, 1), (1965, 1), (1970, 2), (1972, 2), (1973, 1), (1976, 6), (1977, 2), (1988, 11), (1998, 29), (1999, 21), (2000, 1), (2002, 1), (2004, 5), (2007, 4), (2013, 1), (2016, 1), (2017, 2), (2023, 1), (2026, 1), (2028, 1), (2030, 2), (2035, 4), (2036, 5), (2037, 6), (2038, 1), (2039, 1), (2040, 1), (2046, 1), (2047, 2), (2048, 3), (2049, 1), (2052, 2), (2053, 3), (2054, 1), (2057, 1), (2060, 1), (2061, 2), (2064, 1), (2069, 1), (2071, 2), (2072, 1), (2080, 5), (2083, 4), (2085, 1), (2093, 4), (2094, 3), (2096, 1), (2097, 4), (2099, 1), (2101, 2), (2102, 2), (2103, 1), (2104, 1), (2105, 7), (2109, 1), (2112, 1), (2116, 4), (2117, 3), (2119, 2), (2121, 8), (2126, 2), (2128, 4), (2142, 1), (2143, 11), (2146, 10), (2149, 2), (2153, 14), (2154, 3), (2155, 7), (2156, 2), (2157, 4), (2160, 2), (2163, 2), (2164, 1), (2168, 28), (2169, 2), (2171, 1), (2173, 3), (2178, 1), (2185, 1), (2186, 8), (2187, 2), (2192, 2), (2198, 1), (2199, 6), (2201, 1), (2203, 1), (2205, 9), (2206, 6), (2207, 6), (2210, 11), (2213, 1), (2214, 4), (2215, 2), (2220, 3), (2223, 1), (2224, 3), (2229, 1), (2230, 12), (2231, 1), (2232, 1), (2239, 3), (2240, 3), (2241, 2), (2245, 1), (2252, 2), (2256, 1), (2257, 14), (2259, 38), (2261, 8), (2265, 1), (2269, 3), (2270, 3), (2272, 2), (2273, 6), (2278, 6), (2281, 34), (2282, 14), (2288, 12), (2289, 1), (2291, 1), (2293, 1), (2295, 1), (2296, 3), (2304, 1), (2305, 1), (2309, 1), (2310, 1), (2315, 5), (2320, 1), (2322, 2), (2323, 1), (2332, 1), (2337, 1), (2339, 3), (2340, 4), (2347, 1), (2357, 2), (2359, 4), (2362, 3), (2363, 6), (2367, 4), (2370, 2), (2373, 2), (2374, 12), (2385, 5), (2386, 8), (2387, 1), (2388, 16), (2389, 58), (2392, 2), (2393, 27), (2397, 4), (2401, 10), (2402, 3), (2403, 2), (2404, 2), (2406, 7), (2408, 5), (2411, 4), (2413, 2), (2417, 2), (2419, 3), (2421, 2), (2422, 1), (2423, 1), (2427, 3), (2428, 4), (2432, 2), (2438, 9), (2439, 1), (2440, 1), (2441, 4), (2442, 5), (2444, 3), (2445, 1), (2446, 1), (2447, 1), (2449, 53), (2455, 1), (2471, 4), (2472, 1), (2477, 1), (2478, 2), (2484, 2), (2490, 22), (2494, 3), (2506, 1), (2508, 3), (2511, 10), (2513, 3), (2516, 5), (2519, 1), (2527, 2), (2532, 1), (2533, 36), (2536, 4), (2541, 2), (2543, 1), (2544, 1), (2548, 14), (2552, 1), (2554, 154), (2557, 1), (2559, 4), (2561, 1), (2562, 1), (2565, 1), (2566, 1), (2573, 5), (2576, 1), (2578, 11), (2582, 40), (2583, 3), (2587, 1), (2589, 2), (2591, 4), (2592, 1), (2595, 22), (2598, 1), (2603, 1), (2605, 1), (2607, 1), (2610, 4), (2618, 1), (2620, 5), (2627, 3), (2628, 6), (2630, 2), (2636, 3), (2639, 3), (2644, 1), (2650, 4), (2664, 1), (2665, 4), (2666, 1), (2667, 3), (2669, 1), (2676, 1), (2686, 15), (2687, 1), (2688, 1), (2690, 5), (2691, 1), (2692, 1), (2694, 2), (2705, 2), (2708, 4), (2710, 3), (2713, 6), (2720, 2), (2723, 1), (2726, 1), (2728, 16), (2734, 1), (2735, 1), (2736, 1), (2737, 3), (2744, 2), (2746, 1), (2748, 7), (2750, 1), (2752, 1), (2754, 9), (2756, 2), (2758, 4), (2760, 8), (2761, 1), (2765, 1), (2767, 2), (2769, 8), (2770, 12), (2772, 6), (2773, 8), (2778, 2), (2779, 7), (2780, 2), (2788, 1), (2791, 1), (2794, 1), (2795, 2), (2798, 1), (2803, 1), (2804, 2), (2807, 6), (2808, 20), (2809, 2), (2820, 1), (2821, 3), (2824, 2), (2825, 4), (2829, 1), (2832, 3), (2838, 2), (2850, 2), (2851, 1), (2852, 1), (2853, 1), (2854, 20), (2856, 1), (2857, 6), (2859, 52), (2861, 3), (2863, 2), (2864, 6), (2865, 1), (2867, 2), (2869, 6), (2870, 1), (2873, 2), (2874, 2), (2878, 1), (2882, 1), (2884, 6), (2887, 6), (2894, 4), (2895, 2), (2897, 1), (2899, 1), (2900, 2), (2901, 14), (2912, 11), (2914, 1), (2916, 5), (2918, 12), (2920, 1), (2922, 2), (2923, 1), (2925, 12), (2927, 2), (2931, 3), (2932, 1), (2937, 5), (2939, 2), (2940, 1), (2943, 1), (2944, 1), (2947, 1), (2953, 2), (2954, 2), (2956, 5), (2957, 2), (2959, 2), (2960, 6), (2962, 2), (2963, 6), (2964, 2), (2974, 2), (2977, 1), (2978, 6), (2980, 1), (2988, 2), (2989, 8), (2994, 6), (2996, 4), (3002, 12), (3010, 2), (3013, 6), (3018, 2), (3021, 1), (3023, 1), (3025, 12), (3035, 2), (3039, 12), (3044, 1), (3047, 1), (3050, 1), (3051, 4), (3052, 40), (3056, 1), (3059, 2), (3064, 6), (3065, 1), (3068, 3), (3072, 12), (3073, 5), (3075, 1), (3076, 13), (3077, 4), (3081, 13), (3083, 1), (3086, 2), (3090, 1), (3099, 1), (3100, 2), (3118, 1), (3126, 1), (3128, 1), (3135, 1), (3138, 3), (3144, 1), (3149, 1), (3152, 1), (3153, 5), (3161, 2), (3162, 16), (3163, 2), (3165, 2), (3167, 6), (3175, 8), (3176, 2), (3179, 4), (3180, 103), (3184, 2), (3185, 4), (3186, 1), (3192, 1), (3194, 1), (3198, 23), (3202, 26), (3206, 1), (3209, 4), (3218, 1), (3221, 2), (3222, 36), (3223, 2), (3227, 3), (3228, 2), (3230, 2), (3232, 2), (3233, 1), (3235, 5), (3236, 4), (3237, 4), (3238, 5), (3242, 5), (3244, 1), (3247, 4), (3249, 5), (3251, 3), (3253, 1), (3256, 1), (3258, 2), (3265, 1), (3270, 2), (3271, 2), (3273, 2), (3275, 1), (3281, 2), (3282, 16), (3283, 2), (3285, 1), (3288, 1), (3292, 3), (3300, 1), (3304, 2), (3305, 2), (3309, 6), (3312, 6), (3315, 1), (3317, 21), (3321, 1), (3323, 2), (3334, 6), (3336, 4), (3339, 1), (3341, 5), (3345, 1), (3350, 1), (3352, 1), (3357, 1), (3359, 1), (3362, 1), (3363, 2), (3367, 4), (3372, 2), (3373, 4), (3374, 4), (3375, 16), (3378, 230), (3379, 2), (3380, 6), (3383, 4), (3388, 2), (3393, 1), (3394, 6), (3395, 4), (3404, 3), (3406, 1), (3425, 2), (3428, 1), (3432, 1), (3435, 6), (3440, 12), (3444, 1), (3446, 2), (3454, 1), (3456, 5), (3457, 6), (3461, 7), (3464, 2), (3469, 1), (3470, 1), (3482, 1), (3483, 2), (3484, 3), (3485, 6), (3486, 6), (3487, 1), (3490, 4), (3496, 40), (3499, 1), (3508, 5), (3511, 2), (3512, 6), (3513, 2), (3514, 6), (3515, 1), (3521, 3), (3522, 2), (3528, 7), (3529, 3), (3533, 1), (3534, 2), (3540, 1), (3542, 1), (3545, 6), (3546, 1), (3547, 2), (3548, 4), (3549, 12), (3553, 24), (3558, 1), (3562, 1), (3566, 9), (3567, 2), (3574, 2), (3576, 2), (3579, 1), (3584, 2), (3594, 1), (3595, 1), (3597, 1), (3598, 2), (3601, 4), (3604, 7), (3605, 1), (3610, 5), (3617, 2), (3618, 2), (3620, 2), (3624, 1), (3628, 2), (3629, 12), (3633, 1), (3650, 3), (3651, 2), (3652, 1), (3654, 3), (3655, 1), (3659, 1), (3668, 1), (3670, 48), (3677, 4), (3679, 2), (3683, 1), (3688, 7), (3689, 2), (3700, 6), (3701, 1), (3702, 3), (3703, 36), (3707, 6), (3713, 1), (3718, 3), (3719, 1), (3720, 1), (3721, 3), (3726, 1), (3729, 2), (3730, 6), (3731, 3), (3733, 2), (3734, 4), (3739, 1), (3740, 8), (3742, 3), (3745, 12), (3746, 6), (3749, 1), (3751, 2), (3762, 1), (3763, 4), (3764, 4), (3765, 4), (3769, 1), (3771, 5), (3773, 2), (3775, 2), (3780, 2), (3786, 12), (3789, 3), (3790, 4), (3791, 5), (3797, 1), (3799, 4), (3800, 1), (3801, 3), (3803, 4), (3804, 2), (3805, 1), (3806, 10), (3811, 3), (3814, 3), (3815, 6), (3818, 1), (3822, 6), (3824, 1), (3826, 8), (3827, 2), (3830, 1), (3836, 1), (3841, 4), (3843, 2), (3845, 2), (3847, 2), (3852, 8), (3854, 1), (3855, 12), (3856, 1), (3861, 3), (3862, 4), (3863, 14), (3865, 1), (3869, 1), (3872, 2), (3877, 1), (3882, 8), (3884, 1), (3885, 6), (3888, 7), (3889, 1), (3894, 2), (3900, 2), (3901, 1), (3904, 6), (3913, 4), (3914, 10), (3921, 2), (3922, 1), (3925, 1), (3927, 4), (3929, 7), (3933, 1), (3934, 1), (3939, 1), (3945, 48), (3948, 2), (3958, 3), (3959, 2), (3960, 2), (3963, 5), (3965, 2), (3966, 1), (3976, 1), (3977, 1), (3979, 1), (3988, 2), (3989, 2), (3992, 2), (3993, 3), (3997, 1), (3999, 3), (4006, 2), (4008, 1), (4019, 4), (4020, 11), (4021, 12), (4024, 1), (4025, 1), (4037, 9), (4038, 21), (4042, 2), (4043, 8), (4045, 1), (4046, 7), (4050, 1), (4051, 2), (4052, 25), (4053, 2), (4055, 6), (4057, 3), (4060, 2), (4066, 2), (4068, 1), (4070, 6), (4072, 3), (4078, 3), (4080, 1), (4085, 1), (4090, 1), (4099, 1), (4101, 2), (4103, 1), (4106, 1), (4109, 2), (4115, 2), (4116, 1), (4119, 1), (4121, 1), (4122, 1), (4129, 1), (4133, 2), (4135, 7), (4140, 4), (4141, 2), (4142, 2), (4147, 1), (4149, 4), (4151, 1), (4154, 6), (4155, 7), (4159, 9), (4161, 2), (4168, 1), (4172, 1), (4173, 1), (4174, 1), (4177, 1), (4178, 8), (4182, 18), (4185, 1), (4188, 4), (4190, 1), (4199, 1), (4201, 65), (4212, 4), (4214, 6), (4218, 1), (4222, 2), (4225, 3), (4226, 6), (4232, 24), (4233, 1), (4234, 2), (4235, 10), (4237, 1), (4240, 1), (4242, 2), (4243, 4), (4244, 3), (4247, 1), (4248, 7), (4250, 1), (4261, 1), (4263, 3), (4266, 1), (4269, 6), (4271, 2), (4278, 2), (4281, 1), (4282, 2), (4290, 1), (4291, 3), (4298, 2), (4301, 6), (4303, 4), (4304, 1), (4310, 3), (4313, 1), (4315, 2), (4316, 1), (4319, 1), (4321, 1), (4325, 1), (4328, 1), (4329, 1), (4335, 2), (4337, 2), (4338, 2), (4342, 2), (4348, 1), (4350, 3), (4355, 2), (4359, 5), (4360, 3), (4364, 1), (4365, 2), (4366, 6), (4368, 2), (4372, 1), (4377, 1), (4381, 18), (4384, 1), (4394, 3), (4396, 5), (4397, 4), (4400, 2), (4404, 1), (4407, 2), (4408, 3), (4411, 4), (4412, 2), (4413, 1), (4421, 1), (4426, 2), (4432, 1), (4435, 1), (4440, 1), (4441, 3), (4443, 1), (4449, 2), (4452, 2), (4454, 5), (4457, 1), (4458, 2), (4460, 1), (4468, 1), (4475, 4), (4480, 2), (4481, 1), (4489, 6), (4493, 7), (4494, 7), (4498, 3), (4506, 1), (4511, 4), (4516, 1), (4519, 5), (4520, 3), (4521, 1), (4524, 2), (4525, 4), (4526, 1), (4527, 1), (4546, 21), (4548, 8), (4549, 8), (4552, 1), (4553, 4), (4554, 1), (4559, 2), (4561, 4), (4564, 1), (4569, 9), (4572, 18), (4575, 2), (4576, 9), (4577, 4), (4579, 1), (4580, 4), (4585, 4), (4588, 1), (4592, 8), (4593, 2), (4596, 1), (4598, 3), (4600, 14), (4604, 1), (4607, 1), (4612, 3), (4619, 1), (4625, 1), (4626, 2), (4632, 4), (4634, 1), (4636, 3), (4638, 3), (4640, 4), (4642, 1), (4645, 1), (4646, 12), (4649, 2), (4652, 1), (4653, 1), (4656, 30), (4658, 3), (4660, 2), (4661, 1), (4664, 2), (4668, 4), (4669, 1), (4672, 1), (4673, 15), (4679, 5), (4680, 6), (4683, 22), (4687, 7), (4690, 1), (4691, 1), (4698, 7), (4700, 4), (4701, 3), (4710, 1), (4716, 5), (4718, 2), (4720, 2), (4721, 1), (4723, 4), (4724, 14), (4728, 11), (4732, 13), (4733, 2), (4740, 4), (4745, 14), (4754, 1), (4757, 1), (4759, 2), (4760, 3), (4764, 1), (4766, 85), (4773, 1), (4779, 8), (4781, 6), (4788, 4), (4793, 3), (4798, 1), (4801, 2), (4803, 2), (4806, 2), (4810, 2), (4813, 40), (4814, 4), (4819, 1), (4824, 2), (4826, 1), (4827, 1), (4828, 1), (4829, 4), (4831, 1), (4833, 1), (4836, 4), (4837, 1), (4839, 2), (4842, 8), (4844, 1), (4845, 1), (4848, 3), (4849, 1), (4850, 6), (4853, 2), (4854, 2), (4858, 1), (4864, 1), (4868, 2), (4872, 1), (4874, 2), (4877, 3), (4878, 1), (4880, 2), (4881, 9), (4882, 8), (4887, 2), (4889, 3), (4891, 1), (4896, 10), (4897, 3), (4899, 11), (4900, 1), (4901, 20), (4903, 1), (4904, 3), (4906, 7), (4918, 2), (4922, 2), (4925, 2), (4926, 3), (4928, 2), (4930, 1), (4932, 2), (4933, 1), (4937, 21), (4940, 8), (4941, 1), (4946, 10), (4947, 2), (4955, 2), (4960, 6), (4964, 9), (4965, 4), (4966, 1), (4970, 4), (4971, 6), (4973, 10), (4983, 4), (4984, 2), (4994, 15), (4999, 1)
leta (DF: 1): (1834, 1)
letal (DF: 2): (12, 2), (2604, 1)
letcha (DF: 2): (1319, 1), (3882, 2)
