respect (DF: 38): (3100, 1), (3216, 1), (3251, 1), (3288, 1), (3294, 1), (3313, 2), (3498, 1), (3538, 1), (3562, 1), (3803, 1), (3811, 1), (3813, 1), (3826, 2), (3864, 1), (3917, 1), (3923, 1), (3999, 7), (4015, 1), (4037, 1), (4120, 2), (4303, 1), (4410, 1), (4454, 1), (4460, 1), (4585, 1), (4629, 1), (4634, 1), (4645, 1), (4745, 1), (4770, 1), (4824, 1), (4837, 2), (4864, 1), (4866, 1), (4887, 1), (4931, 1), (4935, 1), (4984, 1)
respectin (DF: 1): (1964, 1)
respek (DF: 1): (673, 1)
respekt (DF: 4): (1583, 1), (3108, 1), (3123, 1), (3381, 1)
respet (DF: 14): (28, 1), (178, 1), (283, 3), (347, 1), (417, 1), (476, 2), (567, 12), (1443, 2), (3080, 1), (3290, 1), (4009, 1), (4288, 1), (4515, 2), (4671, 2)
respetenm (DF: 1): (4651, 1)
respir (DF: 26): (200, 1), (355, 3), (995, 1), (1033, 3), (1686, 1), (1800, 1), (1818, 2), (2033, 2), (2098, 3), (2291, 1), (2383, 3), (2488, 1), (2518, 1), (2676, 1), (3092, 1), (3239, 1), (3459, 4), (3572, 1), (3853, 1), (3890, 1), (3909, 1), (4448, 1), (4659, 1), (4692, 1), (4852, 1), (4890, 4)
respira (DF: 1): (2839, 1)
respirait (DF: 1): (2642, 4)
resplandor (DF: 1): (353, 1)
resplend (DF: 1): (553, 1)
respond (DF: 21): (40, 2), (127, 1), (143, 1), (274, 2), (293, 1), (606, 2), (1212, 1), (1810, 2), (2105, 1), (2210, 1), (2351, 1), (2668, 4), (2927, 1), (2967, 1), (3092, 1), (3460, 1), (3588, 2), (3838, 1), (3897, 1), (4361, 1), (4362, 1)
respons (DF: 11): (374, 8), (507, 1), (574, 1), (2352, 1), (2891, 1), (3487, 1), (3549, 1), (3985, 1), (4523, 1), (4634, 1), (4844, 1)
respuest (DF: 6): (567, 6), (2354, 1), (2792, 1), (3908, 3), (4671, 2), (4769, 2)
ressentir (DF: 1): (3660, 1)
rest (DF: 184): (2, 1), (9, 2), (65, 1), (98, 1), (109, 1), (150, 4), (153, 2), (176, 9), (183, 1), (226, 3), (237, 1), (278, 2), (283, 2), (292, 1), (320, 2), (343, 1), (421, 2), (427, 1), (438, 2), (455, 1), (483, 1), (515, 2), (547, 1), (578, 1), (591, 1), (622, 1), (675, 2), (676, 2), (683, 1), (726, 1), (730, 1), (793, 1), (803, 1), (823, 2), (859, 1), (936, 2), (1029, 1), (1058, 1), (1094, 1), (1111, 1), (1124, 1), (1213, 12), (1252, 2), (1261, 1), (1282, 1), (1287, 1), (1309, 3), (1310, 2), (1319, 3), (1347, 1), (1354, 4), (1381, 1), (1416, 1), (1454, 1), (1456, 1), (1485, 1), (1546, 3), (1647, 1), (1649, 11), (1654, 1), (1675, 1), (1704, 2), (1705, 1), (1783, 2), (1800, 1), (1829, 1), (1850, 1), (1856, 1), (1973, 1), (1977, 2), (2048, 1), (2059, 2), (2079, 2), (2204, 8), (2232, 1), (2233, 1), (2278, 1), (2284, 8), (2332, 2), (2347, 1), (2366, 4), (2374, 2), (2482, 1), (2495, 1), (2518, 1), (2525, 1), (2594, 1), (2605, 1), (2607, 1), (2618, 1), (2634, 1), (2746, 1), (2748, 3), (2757, 1), (2767, 1), (2807, 2), (2825, 1), (2847, 10), (2854, 2), (2856, 1), (2887, 1), (2910, 1), (2920, 1), (2989, 5), (3001, 7), (3032, 6), (3045, 1), (3100, 1), (3129, 2), (3140, 1), (3147, 2), (3312, 1), (3321, 1), (3437, 1), (3478, 1), (3479, 1), (3483, 1), (3506, 1), (3560, 1), (3581, 1), (3621, 3), (3635, 1), (3644, 8), (3655, 1), (3658, 1), (3662, 4), (3669, 1), (3726, 1), (3746, 2), (3751, 1), (3759, 1), (3813, 1), (3832, 10), (3845, 1), (3867, 2), (3897, 2), (3900, 1), (3930, 1), (3935, 2), (3963, 1), (3972, 1), (4020, 1), (4044, 3), (4067, 1), (4093, 1), (4127, 1), (4232, 12), (4264, 1), (4273, 1), (4305, 2), (4346, 1), (4360, 3), (4521, 3), (4534, 1), (4612, 2), (4634, 1), (4673, 21), (4694, 1), (4712, 2), (4733, 1), (4747, 1), (4764, 1), (4766, 1), (4838, 1), (4844, 1), (4848, 2), (4856, 1), (4864, 3), (4873, 1), (4878, 1), (4887, 1), (4889, 1), (4905, 1), (4907, 1), (4941, 1), (4945, 1), (4954, 9), (4971, 1), (1368, 1), (1369, 1), (1394, 1), (1396, 3), (4401, 1), (4402, 4)
resta (DF: 1): (2839, 1)
restart (DF: 1): (1240, 1)
restat (DF: 1): (536, 1)
restaur (DF: 5): (661, 1), (1648, 1), (2656, 1), (2983, 1), (4864, 1)
restaurant (DF: 1): (3932, 1)
resterò (DF: 1): (358, 1)
restin (DF: 3): (486, 1), (616, 1), (1588, 1)
restless (DF: 12): (81, 1), (351, 2), (729, 2), (1936, 3), (2607, 1), (3098, 1), (3119, 1), (3166, 1), (3776, 1), (4165, 1), (4679, 1), (4883, 2)
restock (DF: 1): (2143, 1)
restor (DF: 1): (4380, 8)
restrain (DF: 5): (3479, 1), (3753, 1), (4612, 1), (4667, 1), (4848, 1)
restraint (DF: 6): (281, 1), (490, 1), (650, 1), (2286, 1), (2569, 1), (4490, 1)
restriccion (DF: 1): (4544, 1)
restroom (DF: 3): (153, 2), (2177, 1), (3026, 1)
resucit (DF: 2): (651, 3), (1027, 2)
resuelt (DF: 1): (2828, 1)
resuelv (DF: 1): (1978, 1)
result (DF: 4): (3269, 1), (3807, 2), (4189, 1), (4423, 11)
resum (DF: 2): (3884, 2), (4690, 1)
resumir (DF: 1): (2839, 1)
