bitti (DF: 8): (80, 1), (826, 3), (1216, 1), (1498, 3), (3076, 1), (4756, 1), (4758, 1), (4958, 3)
biv (DF: 10): (2, 4), (237, 4), (622, 5), (1705, 5), (2557, 2), (2692, 1), (3933, 1), (4313, 1), (4318, 1), (4878, 4)
bivin (DF: 2): (2692, 1), (4412, 2)
biz (DF: 13): (118, 1), (672, 1), (841, 1), (1076, 1), (1564, 1), (1736, 1), (1739, 1), (1757, 1), (1922, 1), (2091, 2), (2895, 1), (3486, 1), (4634, 1)
bizarr (DF: 8): (702, 1), (2048, 2), (2399, 1), (2747, 1), (3608, 1), (3934, 2), (3985, 1), (4132, 1)
bizcochit (DF: 2): (3358, 1), (3609, 2)
bizeps (DF: 1): (4989, 1)
bizkit (DF: 2): (2892, 5), (2963, 1)
bizoot (DF: 1): (2399, 1)
bizu (DF: 2): (2037, 1), (2593, 1)
bizz (DF: 1): (3957, 13)
bizzatch (DF: 1): (4008, 1)
bizzey (DF: 17): (43, 1), (812, 1), (852, 1), (1077, 2), (1318, 1), (1432, 1), (1619, 1), (2638, 1), (3355, 1), (3453, 1), (3748, 1), (3864, 1), (4256, 1), (4465, 1), (4607, 1), (4665, 1), (4849, 1)
bj (DF: 2): (826, 1), (4905, 1)
bjezis (DF: 1): (4816, 3)
bjørn (DF: 1): (3000, 1)
bk (DF: 1): (4434, 1)
bkamein (DF: 1): (2170, 1)
bkay (DF: 2): (737, 1), (3398, 2)
bl (DF: 4): (909, 2), (1124, 2), (1556, 2), (3581, 2)
bl4ck (DF: 1): (2833, 1)
bla (DF: 2): (1485, 18), (2050, 3)
blabber (DF: 1): (3949, 3)
blac (DF: 4): (966, 1), (2026, 1), (3913, 1), (4604, 10)
blacc (DF: 2): (2720, 1), (4364, 1)
black (DF: 338): (13, 5), (14, 1), (27, 1), (39, 1), (47, 1), (50, 1), (67, 1), (71, 1), (80, 1), (172, 1), (183, 1), (188, 1), (197, 3), (200, 2), (203, 1), (235, 4), (270, 1), (299, 1), (303, 38), (317, 1), (325, 1), (346, 1), (365, 2), (369, 2), (381, 1), (436, 60), (440, 4), (455, 2), (469, 1), (485, 2), (490, 1), (517, 1), (521, 1), (529, 1), (537, 1), (548, 1), (558, 1), (559, 1), (563, 1), (567, 3), (578, 1), (617, 1), (623, 1), (636, 7), (646, 13), (665, 2), (666, 14), (668, 1), (672, 1), (675, 2), (676, 1), (699, 1), (731, 1), (740, 1), (752, 3), (753, 1), (766, 1), (782, 1), (783, 1), (802, 1), (804, 2), (825, 1), (835, 2), (844, 1), (864, 1), (905, 1), (915, 1), (924, 1), (946, 4), (959, 1), (988, 1), (993, 1), (1002, 2), (1015, 1), (1021, 2), (1029, 1), (1053, 1), (1058, 1), (1076, 1), (1106, 1), (1122, 1), (1124, 1), (1178, 2), (1187, 1), (1203, 1), (1211, 1), (1215, 2), (1286, 4), (1304, 1), (1311, 2), (1317, 14), (1349, 1), (1388, 1), (1409, 1), (1418, 2), (1419, 1), (1429, 1), (1440, 1), (1473, 1), (1514, 1), (1539, 2), (1575, 1), (1581, 1), (1588, 1), (1590, 1), (1593, 6), (1594, 3), (1622, 1), (1656, 1), (1674, 1), (1688, 1), (1694, 1), (1700, 1), (1718, 1), (1721, 1), (1722, 1), (1741, 1), (1753, 1), (1760, 1), (1773, 1), (1781, 1), (1803, 2), (1830, 1), (1894, 11), (1896, 2), (1911, 1), (1912, 2), (1920, 5), (1922, 1), (1934, 1), (1937, 1), (1948, 1), (1964, 1), (1975, 3), (2001, 2), (2002, 1), (2004, 1), (2032, 1), (2038, 1), (2050, 2), (2075, 4), (2076, 1), (2084, 4), (2102, 1), (2119, 10), (2135, 13), (2143, 4), (2163, 1), (2178, 1), (2183, 4), (2221, 1), (2223, 1), (2230, 2), (2244, 3), (2255, 1), (2284, 12), (2309, 2), (2340, 1), (2356, 2), (2357, 1), (2359, 4), (2361, 9), (2366, 1), (2398, 1), (2409, 2), (2418, 1), (2450, 1), (2451, 3), (2482, 1), (2485, 1), (2522, 2), (2542, 1), (2556, 1), (2566, 1), (2588, 1), (2594, 2), (2621, 1), (2628, 2), (2646, 1), (2666, 1), (2672, 2), (2680, 1), (2691, 3), (2693, 1), (2697, 1), (2706, 1), (2717, 1), (2735, 1), (2760, 1), (2771, 1), (2804, 1), (2820, 1), (2838, 1), (2843, 1), (2847, 1), (2856, 1), (2899, 1), (2900, 1), (2914, 1), (2921, 1), (2946, 1), (2982, 1), (2999, 1), (3026, 1), (3052, 5), (3068, 1), (3075, 2), (3101, 1), (3135, 1), (3139, 1), (3142, 1), (3144, 1), (3163, 13), (3216, 2), (3224, 1), (3253, 1), (3268, 1), (3282, 2), (3288, 1), (3301, 6), (3350, 1), (3366, 1), (3371, 2), (3373, 1), (3374, 1), (3383, 1), (3433, 2), (3438, 1), (3441, 1), (3444, 1), (3447, 1), (3451, 1), (3484, 2), (3521, 1), (3551, 1), (3563, 1), (3571, 3), (3581, 1), (3592, 1), (3594, 2), (3597, 2), (3628, 3), (3635, 5), (3642, 3), (3644, 21), (3681, 6), (3693, 1), (3698, 1), (3704, 1), (3726, 4), (3777, 1), (3797, 1), (3800, 1), (3801, 1), (3803, 1), (3826, 6), (3827, 2), (3852, 4), (3866, 2), (3904, 5), (3913, 1), (3915, 1), (3930, 1), (3941, 2), (3949, 1), (3998, 1), (3999, 1), (4025, 3), (4028, 1), (4052, 1), (4091, 1), (4109, 1), (4110, 1), (4122, 2), (4127, 1), (4130, 4), (4146, 13), (4148, 1), (4184, 1), (4185, 1), (4199, 1), (4218, 1), (4235, 1), (4239, 1), (4261, 2), (4283, 1), (4320, 1), (4343, 9), (4365, 1), (4367, 4), (4405, 1), (4420, 4), (4440, 1), (4443, 1), (4446, 3), (4452, 2), (4460, 1), (4468, 1), (4534, 3), (4538, 4), (4542, 1), (4547, 2), (4551, 1), (4553, 1), (4558, 12), (4585, 1), (4606, 1), (4624, 1), (4641, 1), (4645, 1), (4664, 3), (4668, 1), (4690, 1), (4710, 5), (4731, 3), (4738, 1), (4743, 1), (4753, 1), (4775, 1), (4776, 1), (4806, 1), (4820, 1), (4827, 3), (4831, 7), (4836, 1), (4837, 1), (4866, 1), (4867, 1), (4880, 2), (4897, 1), (4911, 1), (4917, 1), (4927, 1), (4931, 4), (4935, 1), (4962, 1), (4963, 2), (4987, 2)
blacka (DF: 1): (1432, 1)
blackbal (DF: 1): (222, 2)
blackbear (DF: 5): (2081, 2), (2471, 1), (3843, 1), (4409, 1), (4773, 2)
blackberry (DF: 1): (3849, 1)
blackbird (DF: 2): (1406, 1), (1690, 1)
blackburn (DF: 1): (932, 1)
blacken (DF: 4): (434, 1), (2227, 1), (2310, 1), (3980, 1)
blacker (DF: 2): (646, 1), (1226, 1)
blackest (DF: 2): (422, 1), (4095, 1)
blackfac (DF: 1): (348, 1)
blackheart (DF: 1): (3915, 1)
blackjack (DF: 2): (2309, 1), (3238, 1)
blacklit (DF: 1): (1962, 1)
blackmag (DF: 1): (801, 1)
blackmor (DF: 1): (835, 1)
blackout (DF: 3): (818, 1), (823, 1), (1387, 1)
blackpink (DF: 2): (1292, 2), (2690, 2)
blacks (DF: 1): (2316, 1)
blacksteet (DF: 1): (3486, 1)
blackstreet (DF: 5): (1243, 1), (2104, 1), (2388, 2), (3486, 1), (4580, 7)
blacksumm (DF: 1): (4853, 1)
blackwav (DF: 1): (2057, 1)
bladder (DF: 1): (4092, 1)
blade (DF: 15): (16, 1), (183, 1), (275, 1), (407, 2), (759, 1), (830, 10), (1135, 1), (1381, 1), (1555, 1), (2045, 1), (2545, 1), (3565, 1), (3763, 1), (4028, 1), (4942, 1)
bladen (DF: 1): (80, 1)
blagger (DF: 1): (2838, 1)
blagu (DF: 1): (540, 1)
blah (DF: 10): (1113, 3), (1208, 6), (1890, 132), (2081, 17), (3067, 1), (3269, 3), (3683, 4), (3768, 24), (4227, 66), (4287, 24)
blaka (DF: 1): (1532, 4)
blake (DF: 6): (93, 2), (440, 1), (1086, 1), (1187, 2), (3146, 1), (3971, 1)
blam (DF: 8): (248, 1), (897, 1), (1574, 2), (1661, 1), (1778, 1), (2027, 1), (2342, 1), (4326, 4)
blame (DF: 134): (196, 4), (200, 1), (271, 105), (272, 1), (275, 1), (319, 4), (374, 3), (418, 4), (475, 1), (510, 2), (605, 1), (616, 1), (623, 1), (714, 3), (756, 2), (788, 1), (814, 1), (857, 1), (868, 1), (928, 1), (929, 3), (975, 1), (1012, 2), (1021, 1), (1045, 1), (1053, 1), (1105, 1), (1137, 1), (1226, 1), (1234, 12), (1240, 1), (1357, 4), (1374, 2), (1403, 4), (1407, 2), (1510, 9), (1601, 1), (1608, 2), (1640, 1), (1669, 1), (1681, 2), (1692, 1), (1708, 2), (1711, 1), (1835, 1), (1846, 1), (1872, 1), (1889, 1), (1893, 1), (1904, 1), (1969, 2), (1988, 1), (2036, 3), (2102, 1), (2122, 5), (2167, 1), (2202, 1), (2288, 3), (2292, 1), (2295, 28), (2310, 1), (2322, 1), (2350, 1), (2352, 1), (2407, 1), (2413, 1), (2416, 1), (2436, 1), (2495, 1), (2565, 1), (2568, 1), (2590, 1), (2597, 1), (2598, 1), (2627, 2), (2688, 2), (2708, 3), (2735, 1), (2779, 1), (2790, 1), (2793, 1), (2831, 1), (2866, 1), (2959, 1), (3017, 1), (3076, 1), (3116, 1), (3166, 1), (3172, 1), (3235, 3), (3274, 1), (3343, 2), (3357, 1), (3400, 2), (3428, 1), (3449, 1), (3526, 1), (3533, 1), (3560, 1), (3597, 4), (3664, 1), (3670, 1), (3767, 5), (3791, 1), (3807, 2), (3824, 3), (3827, 2), (3854, 1), (3915, 2), (3933, 2), (3935, 1), (3945, 1), (3946, 1), (4178, 1), (4224, 2), (4273, 1), (4328, 1), (4336, 4), (4400, 2), (4408, 1), (4497, 3), (4557, 2), (4579, 1), (4601, 1), (4713, 1), (4726, 1), (4728, 1), (4813, 15), (4830, 1), (4842, 2), (4888, 2), (4934, 1), (4982, 3), (4983, 1)
blami (DF: 1): (493, 1)
blanc (DF: 20): (417, 1), (577, 1), (649, 1), (1099, 2), (1259, 1), (1296, 1), (1474, 1), (1978, 1), (2090, 3), (2938, 1), (3269, 1), (3590, 7), (3723, 1), (3890, 1), (3964, 1), (3981, 1), (4258, 1), (4434, 1), (4560, 1), (4711, 1)
blanca (DF: 1): (289, 2)
blanch (DF: 4): (670, 1), (676, 1), (4465, 1), (4614, 1)
blanco (DF: 5): (604, 1), (1273, 1), (1920, 5), (3607, 1), (4109, 1)
bland (DF: 1): (2152, 1)
blank (DF: 15): (346, 1), (609, 1), (1429, 1), (1457, 3), (1547, 3), (1712, 4), (2078, 1), (2084, 1), (2989, 3), (3256, 1), (3278, 2), (4136, 4), (4199, 1), (4337, 7), (4490, 1)
blanket (DF: 5): (384, 2), (1628, 1), (2939, 1), (4432, 1), (4557, 1)
blanquit (DF: 2): (3062, 1), (4143, 1)
blaow (DF: 8): (70, 1), (436, 4), (1485, 3), (1881, 4), (3310, 2), (3383, 2), (3731, 3), (4339, 3)
blaqnmil (DF: 1): (440, 1)
blaqu (DF: 1): (4008, 3)
blas (DF: 6): (1244, 1), (1484, 1), (2637, 1), (3108, 1), (3849, 1), (4743, 1)
blasian (DF: 1): (1896, 1)
blasphemi (DF: 3): (1690, 1), (1845, 1), (4669, 1)
blass (DF: 3): (1004, 1), (1061, 2), (4909, 1)
blast (DF: 57): (13, 1), (69, 1), (80, 1), (195, 2), (200, 1), (204, 1), (337, 1), (528, 2), (678, 1), (946, 2), (1058, 1), (1136, 1), (1184, 1), (1226, 1), (1319, 1), (1336, 1), (1343, 1), (1361, 3), (1374, 2), (1469, 1), (1540, 1), (1600, 1), (1649, 1), (1661, 1), (1690, 1), (1718, 1), (1833, 1), (2032, 5), (2082, 1), (2199, 3), (2322, 2), (2377, 1), (2391, 2), (2628, 2), (2685, 1), (2735, 1), (2787, 1), (2808, 1), (2895, 1), (2927, 1), (3019, 1), (3064, 1), (3562, 1), (3781, 1), (3789, 1), (3790, 1), (3904, 1), (3999, 1), (4279, 1), (4326, 1), (4407, 1), (4516, 1), (4527, 1), (4645, 1), (4731, 1), (4931, 1), (4933, 1)
blasterjaxx (DF: 10): (8, 1), (105, 1), (107, 2), (1464, 1), (2694, 1), (3191, 1), (3643, 2), (3868, 1), (4353, 1), (4800, 1)
blastin (DF: 2): (434, 1), (2467, 1)
blastmast (DF: 1): (1790, 1)
blastmik (DF: 1): (3525, 1)
blasé (DF: 1): (3917, 4)
blatt (DF: 5): (397, 1), (966, 1), (3212, 1), (3466, 1), (4339, 5)
