miss (DF: 206): (1725, 4), (1728, 2), (1767, 1), (1774, 1), (1780, 2), (1798, 2), (1809, 1), (1820, 1), (1836, 1), (1843, 2), (1859, 1), (1861, 1), (1867, 1), (1874, 11), (1883, 2), (1934, 1), (1977, 8), (2048, 1), (2052, 1), (2062, 2), (2071, 1), (2116, 1), (2167, 1), (2207, 2), (2215, 1), (2220, 3), (2229, 6), (2231, 1), (2295, 1), (2298, 2), (2312, 3), (2322, 1), (2340, 1), (2353, 6), (2373, 1), (2392, 1), (2395, 1), (2448, 5), (2474, 2), (2497, 2), (2509, 5), (2520, 6), (2526, 2), (2534, 1), (2558, 8), (2568, 1), (2610, 2), (2627, 1), (2628, 2), (2634, 2), (2637, 1), (2644, 1), (2648, 5), (2655, 1), (2661, 4), (2665, 1), (2685, 6), (2687, 1), (2693, 1), (2699, 1), (2712, 43), (2740, 1), (2754, 6), (2767, 1), (2775, 1), (2812, 2), (2816, 2), (2837, 2), (2886, 2), (2890, 1), (2925, 2), (2931, 1), (2979, 4), (3020, 1), (3029, 3), (3051, 4), (3064, 1), (3078, 1), (3084, 3), (3129, 1), (3164, 7), (3224, 1), (3248, 4), (3271, 1), (3277, 1), (3292, 1), (3300, 1), (3312, 6), (3335, 1), (3341, 1), (3349, 1), (3370, 10), (3398, 2), (3407, 8), (3413, 3), (3439, 2), (3448, 4), (3470, 1), (3500, 1), (3510, 1), (3531, 2), (3538, 1), (3546, 1), (3553, 2), (3565, 1), (3575, 2), (3664, 2), (3675, 1), (3676, 2), (3680, 1), (3683, 1), (3694, 1), (3720, 10), (3727, 1), (3754, 1), (3762, 1), (3765, 2), (3797, 2), (3801, 2), (3807, 2), (3820, 1), (3837, 3), (3843, 19), (3873, 1), (3888, 1), (3903, 1), (3927, 1), (3937, 2), (3952, 6), (3971, 10), (3985, 1), (4005, 2), (4052, 1), (4072, 1), (4076, 3), (4097, 72), (4183, 1), (4206, 2), (4250, 2), (4255, 3), (4279, 1), (4281, 1), (4298, 4), (4324, 44), (4342, 1), (4371, 10), (4373, 1), (4384, 2), (4465, 2), (4468, 1), (4483, 4), (4488, 1), (4491, 2), (4537, 2), (4543, 2), (4549, 1), (4566, 3), (4592, 1), (4601, 1), (4609, 1), (4634, 1), (4649, 1), (4664, 1), (4675, 2), (4707, 1), (4716, 1), (4726, 1), (4741, 1), (4750, 3), (4774, 30), (4788, 2), (4806, 4), (4811, 1), (4829, 1), (4833, 1), (4838, 20), (4853, 1), (4872, 2), (4878, 2), (4882, 1), (4892, 1), (4897, 10), (4905, 1), (4913, 8), (4915, 1), (4934, 1), (4990, 2), (170, 2), (171, 1), (374, 1), (375, 1), (515, 40), (516, 1), (769, 3), (771, 2), (1291, 6), (1293, 1), (1872, 1), (1873, 1), (2560, 1), (2961, 20), (2963, 1), (3166, 1), (3167, 1), (3463, 1), (3465, 1)
misschien (DF: 1): (1432, 1)
missekat (DF: 1): (4991, 3)
missgeburt (DF: 1): (1244, 1)
missgun (DF: 1): (1244, 1)
missi (DF: 4): (1050, 1), (1145, 4), (1674, 1), (4319, 1)
missil (DF: 6): (669, 1), (673, 1), (2567, 1), (4148, 1), (4295, 1), (4982, 1)
missin (DF: 29): (33, 4), (616, 2), (752, 1), (758, 1), (831, 1), (846, 6), (926, 2), (1050, 1), (1122, 2), (1516, 4), (1613, 1), (1679, 2), (1916, 2), (1926, 1), (2073, 7), (2307, 1), (2767, 1), (3149, 2), (3237, 2), (3439, 2), (4085, 2), (4343, 3), (4404, 2), (4468, 1), (4889, 1), (4959, 4), (4967, 1), (1504, 1), (1505, 4)
mission (DF: 30): (731, 1), (753, 1), (921, 1), (1124, 1), (1351, 2), (1902, 2), (1937, 1), (1971, 2), (2014, 3), (2256, 1), (2559, 1), (2636, 1), (2735, 1), (2825, 1), (2856, 1), (2895, 1), (3117, 1), (3238, 1), (3347, 1), (3581, 1), (3597, 1), (3727, 1), (3802, 1), (3992, 1), (4060, 1), (4262, 1), (4308, 1), (4452, 2), (4788, 2), (4967, 1)
missionari (DF: 1): (3721, 9)
mississipi (DF: 1): (4443, 1)
mississipp (DF: 1): (3909, 1)
mississippi (DF: 6): (660, 1), (1414, 1), (1856, 1), (2366, 1), (3594, 1), (3621, 7)
missouri (DF: 1): (3594, 1)
missus (DF: 3): (47, 1), (693, 1), (2208, 1)
mist (DF: 20): (116, 1), (263, 1), (618, 1), (937, 2), (1378, 2), (1432, 1), (2230, 1), (2311, 1), (3088, 1), (3355, 1), (3415, 2), (3420, 1), (3437, 1), (3883, 1), (3962, 1), (4199, 1), (4295, 5), (4652, 1), (4917, 4), (4296, 1)
mista (DF: 2): (204, 2), (4985, 2)
mistak (DF: 72): (5, 1), (110, 1), (130, 1), (140, 1), (262, 1), (297, 1), (324, 1), (336, 1), (339, 1), (341, 1), (375, 1), (377, 1), (451, 1), (501, 1), (536, 1), (548, 1), (645, 2), (657, 1), (714, 5), (740, 1), (856, 1), (898, 1), (1043, 2), (1125, 1), (1153, 1), (1202, 1), (1266, 4), (1273, 17), (1323, 1), (1362, 1), (1383, 3), (1392, 2), (1396, 1), (1437, 1), (1444, 1), (1518, 3), (1555, 1), (1560, 1), (1710, 5), (1727, 1), (1737, 1), (1776, 1), (1891, 1), (1983, 1), (2039, 1), (2102, 1), (2137, 1), (2145, 1), (2146, 2), (2166, 1), (2174, 1), (2360, 1), (2419, 1), (2446, 2), (2448, 6), (2513, 3), (2627, 1), (2682, 1), (2725, 1), (2754, 6), (2783, 1), (2821, 2), (2832, 1), (2870, 1), (2925, 5), (2975, 1), (2976, 1), (2989, 1), (3051, 4), (3075, 1), (3186, 1), (3225, 3)
