bling (DF: 1): (4837, 1)
blingin (DF: 1): (2164, 1)
blinin (DF: 1): (1253, 1)
blink (DF: 19): (59, 1), (603, 2), (1026, 1), (1134, 1), (1338, 2), (1555, 1), (1603, 1), (2217, 1), (2300, 1), (2447, 1), (2759, 1), (2861, 2), (3047, 1), (3368, 1), (3598, 1), (3949, 3), (4396, 1), (4521, 2), (4715, 1)
blinkin (DF: 1): (4831, 1)
blip (DF: 1): (2359, 4)
blir (DF: 1): (4295, 2)
bliss (DF: 24): (382, 6), (618, 1), (937, 2), (1038, 1), (1096, 3), (1362, 1), (1562, 4), (2415, 1), (2433, 1), (2511, 2), (2541, 2), (2687, 1), (2780, 1), (3029, 9), (3385, 1), (3510, 1), (3521, 1), (3552, 1), (3611, 1), (3858, 3), (4266, 1), (4281, 1), (4805, 3), (4810, 1)
blister (DF: 2): (495, 2), (4533, 1)
blitz (DF: 10): (63, 1), (696, 1), (1583, 1), (1833, 1), (2050, 1), (2121, 1), (2294, 1), (2711, 1), (4559, 12), (4837, 1)
blitzdieb (DF: 1): (3462, 1)
blitzkrieg (DF: 1): (650, 1)
blitzt (DF: 1): (1583, 1)
blive (DF: 1): (4295, 5)
blivion (DF: 1): (553, 2)
blizzard (DF: 6): (3, 1), (781, 1), (1971, 1), (1999, 3), (4155, 1), (4185, 1)
bloat (DF: 3): (288, 1), (3064, 6), (3485, 1)
bloc (DF: 1): (2626, 1)
blocboy (DF: 1): (181, 2)
blocc (DF: 2): (4128, 2), (4587, 2)
block (DF: 156): (69, 1), (92, 1), (110, 1), (197, 2), (220, 4), (248, 1), (270, 8), (337, 1), (350, 1), (365, 1), (405, 1), (409, 2), (440, 1), (446, 2), (484, 2), (536, 3), (553, 1), (574, 3), (598, 17), (643, 3), (675, 6), (692, 2), (737, 1), (742, 1), (759, 1), (774, 1), (802, 1), (812, 2), (823, 1), (870, 1), (905, 3), (949, 1), (964, 1), (1002, 2), (1029, 1), (1038, 1), (1136, 2), (1157, 1), (1205, 1), (1253, 1), (1262, 1), (1282, 1), (1315, 1), (1336, 1), (1343, 1), (1354, 4), (1391, 18), (1491, 1), (1497, 1), (1515, 1), (1547, 1), (1552, 1), (1594, 1), (1636, 1), (1704, 9), (1708, 1), (1744, 4), (1779, 1), (1805, 8), (1833, 1), (1844, 1), (1880, 2), (1899, 1), (1919, 1), (2004, 1), (2050, 1), (2053, 2), (2064, 1), (2068, 1), (2084, 1), (2104, 2), (2116, 1), (2143, 1), (2183, 1), (2251, 1), (2278, 2), (2294, 1), (2300, 1), (2463, 1), (2465, 1), (2520, 2), (2527, 2), (2541, 2), (2573, 1), (2624, 2), (2634, 1), (2649, 1), (2676, 1), (2735, 2), (2820, 1), (2872, 1), (2881, 1), (2887, 1), (2899, 1), (2946, 1), (2991, 2), (2995, 5), (3009, 1), (3084, 6), (3112, 1), (3186, 1), (3253, 1), (3294, 1), (3310, 1), (3383, 6), (3430, 1), (3466, 1), (3480, 1), (3485, 9), (3523, 1), (3541, 1), (3549, 1), (3589, 1), (3598, 1), (3628, 1), (3694, 1), (3804, 1), (3813, 1), (3821, 1), (3840, 1), (3913, 1), (3930, 3), (3932, 3), (3963, 2), (3991, 1), (3999, 5), (4022, 1), (4028, 1), (4059, 1), (4106, 1), (4128, 36), (4226, 1), (4250, 1), (4267, 1), (4298, 1), (4325, 3), (4365, 1), (4440, 1), (4452, 4), (4497, 6), (4503, 1), (4525, 2), (4603, 2), (4627, 1), (4652, 1), (4743, 1), (4746, 1), (4903, 1), (4942, 2), (4944, 1), (4959, 1), (4963, 1), (2256, 1), (2259, 1), (2799, 1), (2801, 2)
blocka (DF: 1): (436, 2)
blockdenn (DF: 1): (2328, 1)
blockhead (DF: 1): (2251, 1)
blockin (DF: 5): (533, 1), (1498, 3), (2995, 1), (3487, 1), (4522, 1)
blockjung (DF: 3): (483, 1), (1654, 1), (3123, 1)
blockleb (DF: 1): (2050, 1)
blockrea (DF: 1): (3570, 1)
blockstyl (DF: 2): (483, 1), (1654, 1)
blockt (DF: 1): (3437, 1)
blod (DF: 1): (4295, 1)
blog (DF: 2): (2831, 1), (4404, 1)
blogger (DF: 1): (3383, 1)
blok (DF: 1): (4991, 1)
bloke (DF: 4): (1852, 1), (3769, 1), (4027, 1), (4244, 1)
blokken (DF: 1): (4425, 2)
blond (DF: 17): (311, 1), (493, 1), (1720, 1), (1739, 1), (2013, 1), (2170, 1), (2737, 1), (3066, 1), (3067, 1), (3111, 2), (3521, 1), (3541, 1), (3873, 1), (4434, 6), (4604, 2), (4661, 2), (4727, 1)
blondi (DF: 3): (359, 2), (1931, 1), (2013, 1)
blone (DF: 1): (299, 2)
blood (DF: 73): (40, 4), (49, 2), (69, 1), (74, 2), (97, 1), (136, 1), (205, 1), (222, 1), (236, 1), (281, 1), (286, 3), (288, 1), (324, 1), (378, 1), (416, 17), (441, 1), (445, 1), (451, 1), (475, 1), (480, 26), (510, 1), (573, 3), (593, 1), (646, 1), (657, 4), (692, 1), (699, 1), (716, 2), (722, 1), (774, 4), (901, 2), (909, 2), (931, 2), (966, 4), (991, 1), (1007, 1), (1012, 1), (1029, 1), (1082, 1), (1114, 3), (1158, 3), (1164, 1), (1249, 1), (1250, 1), (1270, 1), (1328, 1), (1359, 1), (1362, 1), (1548, 2), (1594, 1), (1608, 3), (1713, 1), (1819, 1), (1837, 1), (1889, 1), (1957, 5), (1964, 1), (2001, 1), (2038, 3), (2044, 3), (2072, 1), (2077, 1), (2124, 2), (2140, 13), (2174, 2), (2191, 1), (2201, 1), (2227, 2), (2256, 1), (2263, 1), (2269, 1), (2272, 1), (2329, 1)
