hondur (DF: 1): (1476, 1)
hone (DF: 1): (3010, 1)
honest (DF: 71): (62, 1), (217, 1), (558, 1), (687, 1), (718, 1), (876, 2), (1020, 15), (1067, 4), (1084, 1), (1117, 1), (1140, 1), (1210, 1), (1214, 3), (1223, 1), (1243, 1), (1302, 4), (1387, 1), (1407, 1), (1603, 3), (1638, 1), (1643, 1), (1662, 6), (1698, 9), (1725, 2), (1755, 1), (1823, 1), (1961, 1), (1974, 1), (2068, 1), (2166, 2), (2172, 3), (2210, 2), (2229, 1), (2236, 1), (2273, 1), (2335, 1), (2401, 4), (2456, 1), (2532, 2), (2776, 1), (2831, 2), (2937, 1), (3021, 2), (3207, 1), (3283, 1), (3439, 1), (3553, 16), (3589, 1), (3700, 2), (3714, 1), (3721, 9), (3727, 1), (3776, 1), (3827, 2), (3990, 1), (4030, 1), (4068, 1), (4069, 1), (4101, 1), (4107, 1), (4126, 1), (4137, 3), (4370, 1), (4420, 1), (4488, 1), (4504, 1), (4549, 2), (4634, 1), (4772, 2), (3782, 1), (3783, 1)
honesti (DF: 12): (319, 4), (780, 2), (865, 2), (1321, 1), (1638, 3), (2712, 5), (2811, 2), (2982, 1), (3259, 1), (3537, 8), (4625, 1), (4632, 6)
honey (DF: 126): (78, 10), (215, 1), (221, 1), (287, 2), (315, 4), (334, 2), (449, 1), (470, 10), (503, 8), (565, 2), (583, 1), (642, 1), (688, 2), (690, 2), (802, 1), (847, 2), (870, 1), (896, 1), (912, 4), (926, 1), (1076, 1), (1094, 1), (1108, 1), (1135, 1), (1200, 4), (1245, 2), (1285, 2), (1388, 5), (1419, 1), (1428, 2), (1463, 2), (1473, 1), (1497, 1), (1502, 4), (1520, 1), (1591, 1), (1688, 3), (1751, 1), (1867, 1), (1892, 2), (1916, 1), (2045, 1), (2093, 4), (2172, 1), (2195, 3), (2239, 1), (2273, 4), (2278, 1), (2297, 1), (2300, 14), (2406, 3), (2452, 5), (2456, 1), (2459, 2), (2558, 8), (2628, 2), (2687, 1), (2707, 1), (2727, 4), (2856, 2), (2857, 7), (2878, 4), (2927, 1), (2953, 1), (2976, 2), (2981, 1), (3027, 2), (3053, 1), (3102, 5), (3124, 1), (3147, 1), (3149, 1), (3251, 1), (3270, 1), (3271, 10), (3294, 1), (3332, 3), (3420, 1), (3468, 2), (3473, 2), (3542, 1), (3548, 1), (3582, 1), (3636, 1), (3671, 5), (3695, 18), (3703, 32), (3746, 4), (3775, 1), (3837, 1), (3967, 2), (3995, 1), (4005, 1), (4008, 1), (4085, 1), (4112, 1), (4168, 1), (4228, 4), (4268, 2), (4459, 3), (4515, 2), (4583, 2), (4628, 2), (4648, 6), (4675, 2), (4695, 4), (4698, 1), (4705, 1), (4723, 1), (4733, 27), (4751, 1), (4777, 2), (4793, 3), (4875, 1), (4899, 2), (4993, 3), (499, 2), (500, 1), (1401, 1), (1402, 1), (2630, 1), (2631, 1), (2717, 1), (2719, 1), (4756, 4), (4758, 4)
honeycomb (DF: 3): (2879, 2), (3634, 4), (4629, 1)
honeydripp (DF: 1): (2029, 2)
honeymoon (DF: 3): (1186, 2), (3024, 1), (3263, 2)
honeysuckl (DF: 2): (1581, 1), (2691, 1)
honeyz (DF: 1): (583, 14)
hong (DF: 2): (155, 3), (1414, 1)
honi (DF: 2): (221, 1), (4668, 1)
honk (DF: 2): (2509, 1), (4043, 1)
honkey (DF: 1): (2939, 1)
honki (DF: 1): (3995, 14)
honkin (DF: 1): (2927, 1)
honn (DF: 1): (4667, 1)
honneur (DF: 1): (3660, 1)
honor (DF: 16): (51, 1), (490, 1), (1087, 1), (1414, 1), (2038, 3), (2254, 1), (2333, 1), (3131, 6), (3244, 1), (3347, 1), (3669, 1), (3920, 1), (4427, 1), (4739, 1), (4808, 1), (4939, 1)
honorari (DF: 1): (4941, 1)
honr (DF: 2): (84, 1), (1788, 1)
honéon (DF: 1): (34, 1)
hoo (DF: 45): (2, 1), (38, 4), (106, 4), (162, 1), (237, 1), (273, 4), (280, 2), (365, 4), (469, 2), (622, 1), (692, 4), (825, 2), (899, 2), (1136, 1), (1206, 14), (1292, 1), (1349, 1), (1705, 1), (1799, 2), (1893, 1), (1898, 1), (2197, 13), (2256, 4), (2433, 2), (2690, 1), (2779, 1), (2829, 8), (3016, 2), (3227, 1), (3561, 7), (3611, 2), (3636, 2), (3910, 12), (3936, 28), (3974, 1), (4122, 1), (4452, 6), (4482, 1), (4563, 4), (4632, 2), (4718, 46), (4751, 1), (4824, 10), (4856, 3), (4878, 1)
hoobastank (DF: 1): (3097, 2)
hoochi (DF: 4): (441, 1), (2294, 1), (3084, 3), (4185, 1)
hood (DF: 71): (69, 1), (80, 1), (182, 1), (197, 3), (210, 1), (235, 1), (248, 1), (339, 1), (405, 1), (409, 2), (441, 3), (484, 1), (586, 1), (676, 4), (684, 1), (692, 2), (711, 1), (737, 20), (802, 1), (829, 1), (841, 1), (842, 1), (949, 1), (1031, 5), (1076, 1), (1092, 1), (1122, 1), (1136, 1), (1152, 1), (1226, 1), (1249, 1), (1253, 1), (1328, 2), (1354, 1), (1436, 6), (1438, 2), (1583, 1), (1594, 1), (1625, 2), (1671, 1), (1692, 1), (1704, 1), (1805, 1), (1922, 1), (2026, 8), (2032, 1), (2053, 1), (2104, 1), (2208, 4), (2225, 1), (2230, 1), (2269, 1), (2278, 1), (2294, 2), (2305, 1), (2376, 14), (2440, 1), (2442, 1), (2462, 1), (2527, 1), (2574, 1), (2619, 1), (2708, 2), (2771, 1), (2822, 1), (2850, 7), (3018, 1), (3156, 3), (3179, 3), (3180, 2), (3186, 1)
