water (DF: 16): (4696, 2), (4764, 1), (4791, 1), (4874, 1), (4905, 7), (4950, 4), (4960, 1), (4971, 1), (4972, 1), (4976, 1), (137, 1), (138, 1), (1371, 1), (1372, 1), (3628, 1), (3629, 6)
waterb (DF: 4): (859, 1), (1111, 1), (2340, 1), (4830, 1)
waterfal (DF: 15): (411, 1), (629, 1), (801, 2), (1114, 3), (1538, 1), (2710, 1), (2715, 14), (2947, 3), (3083, 1), (3240, 4), (3523, 1), (3701, 3), (4323, 2), (4570, 1), (4699, 2)
waterg (DF: 2): (1560, 2), (1873, 1)
waterglass (DF: 1): (2084, 1)
wateri (DF: 1): (1270, 1)
waterin (DF: 1): (3731, 1)
watermelon (DF: 4): (1436, 1), (2004, 1), (3074, 127), (4844, 1)
waterpark (DF: 2): (1670, 1), (3801, 1)
watkin (DF: 1): (1340, 2)
watley (DF: 2): (166, 2), (2856, 1)
watna (DF: 1): (149, 1)
watski (DF: 1): (2061, 1)
watt (DF: 9): (149, 1), (2244, 1), (2500, 4), (3525, 1), (3804, 1), (4122, 1), (4218, 1), (4452, 2), (4615, 1)
watts (DF: 1): (252, 1)
wauw (DF: 1): (4714, 2)
wav (DF: 7): (1295, 1), (1516, 2), (2757, 2), (3284, 4), (3409, 1), (3969, 1), (4846, 1)
wave (DF: 352): (3, 1), (48, 2), (54, 2), (66, 1), (68, 1), (73, 1), (74, 16), (89, 32), (121, 1), (126, 1), (129, 2), (131, 1), (137, 1), (145, 2), (190, 2), (201, 2), (225, 2), (251, 1), (266, 2), (288, 1), (290, 1), (291, 2), (306, 1), (346, 2), (356, 2), (375, 2), (381, 3), (396, 2), (422, 2), (425, 1), (446, 3), (464, 2), (482, 1), (521, 1), (523, 2), (549, 1), (551, 2), (553, 2), (573, 2), (578, 1), (587, 2), (590, 3), (600, 3), (612, 2), (629, 2), (638, 2), (640, 2), (659, 2), (668, 2), (678, 1), (695, 2), (705, 2), (721, 1), (723, 2), (729, 1), (743, 2), (745, 2), (749, 2), (760, 2), (790, 2), (804, 1), (823, 1), (829, 1), (835, 1), (842, 20), (860, 3), (863, 1), (882, 2), (923, 1), (927, 1), (939, 3), (970, 1), (974, 2), (979, 1), (981, 4), (1015, 1), (1018, 2), (1037, 2), (1058, 1), (1081, 2), (1101, 2), (1125, 1), (1127, 2), (1129, 1), (1135, 1), (1137, 4), (1166, 1), (1196, 1), (1211, 1), (1223, 1), (1239, 1), (1240, 2), (1248, 2), (1260, 2), (1274, 2), (1285, 1), (1291, 2), (1330, 1), (1359, 2), (1377, 2), (1387, 1), (1417, 2), (1426, 2), (1452, 1), (1480, 1), (1549, 3), (1552, 1), (1557, 1), (1602, 2), (1624, 2), (1647, 2), (1656, 2), (1658, 2), (1666, 2), (1732, 2), (1745, 2), (1770, 2), (1784, 1), (1808, 2), (1811, 11), (1852, 3), (1858, 1), (1872, 1), (1901, 2), (1931, 2), (1937, 2), (1940, 2), (1957, 1), (1958, 1), (1981, 2), (1984, 3), (2000, 1), (2001, 1), (2007, 2), (2015, 1), (2022, 2), (2025, 1), (2031, 1), (2047, 2), (2077, 2), (2089, 2), (2116, 1), (2120, 2), (2137, 2), (2141, 2), (2156, 2), (2159, 2), (2163, 1), (2172, 1), (2184, 1), (2188, 2), (2209, 2), (2222, 2), (2237, 1), (2261, 1), (2274, 2), (2313, 1), (2337, 2), (2352, 1), (2353, 2), (2366, 2), (2380, 2), (2382, 9), (2403, 1), (2412, 2), (2418, 1), (2459, 2), (2510, 2), (2524, 2), (2534, 2), (2537, 1), (2547, 2), (2550, 1), (2555, 2), (2559, 2), (2568, 1), (2576, 2), (2581, 2), (2600, 2), (2603, 2), (2609, 1), (2638, 1), (2650, 1), (2664, 1), (2672, 2), (2675, 2), (2684, 1), (2701, 1), (2707, 2), (2724, 2), (2768, 2), (2825, 1), (2830, 1), (2838, 1), (2848, 2), (2851, 2), (2853, 1), (2862, 2), (2863, 2), (2872, 29), (2886, 2), (2900, 1), (2906, 1), (2911, 1), (2912, 1), (2971, 3), (2975, 2), (2978, 2), (2992, 2), (2998, 2), (3014, 1), (3025, 1), (3034, 1), (3068, 2), (3077, 1), (3081, 1), (3086, 2), (3096, 2), (3116, 2), (3126, 4), (3156, 1), (3173, 1), (3178, 1), (3195, 1), (3233, 1), (3259, 1), (3275, 2), (3280, 2), (3299, 2), (3329, 2), (3333, 2), (3352, 9), (3363, 4), (3402, 2), (3405, 9), (3417, 1), (3426, 1), (3436, 1), (3438, 2), (3441, 1), (3465, 2), (3488, 1), (3494, 2), (3518, 2), (3523, 2), (3530, 2), (3551, 2), (3556, 3), (3557, 1), (3560, 1), (3566, 1), (3567, 6), (3583, 2), (3642, 4), (3655, 1), (3657, 2), (3673, 2), (3678, 2), (3695, 2), (3701, 2), (3704, 1), (3712, 2), (3719, 1), (3729, 2), (3737, 2), (3745, 1), (3760, 2), (3772, 2), (3776, 1), (3779, 1), (3789, 1), (3796, 1), (3814, 6), (3866, 1), (3885, 1), (3886, 2), (3905, 2), (3912, 2), (3914, 1), (3964, 2), (3968, 2), (3974, 1), (3980, 1), (3986, 2), (3995, 2), (4001, 2), (4020, 1), (4025, 2), (4036, 2), (4060, 1), (4064, 2), (4067, 1), (4072, 1), (4092, 3), (4099, 2), (4120, 1), (4131, 2), (4134, 3), (4145, 2), (4225, 2), (4252, 2), (4262, 2), (4283, 1), (4293, 2), (4298, 1), (4309, 2), (4321, 2), (4334, 2), (4383, 2), (4401, 1), (4427, 1), (4483, 1), (4555, 2), (4602, 2), (4611, 1), (4618, 1), (4654, 2), (4668, 1), (4670, 2), (4677, 2), (4680, 1), (4693, 8), (4696, 2), (4700, 1), (4724, 1), (4727, 2), (4730, 1), (4732, 2), (4741, 1), (4760, 8), (4770, 3), (4775, 1), (4776, 1), (4826, 2), (4881, 2), (4898, 1), (4922, 2), (4955, 6), (254, 2), (255, 1), (359, 2), (360, 1), (487, 1), (488, 1), (657, 1), (658, 1), (854, 1), (855, 2), (865, 2), (866, 14), (898, 2), (899, 2)
