poi (DF: 13): (1800, 2), (1850, 2), (1987, 1), (2059, 3), (2549, 1), (2567, 1), (2986, 4), (3210, 3), (3316, 1), (3717, 1), (4086, 2), (4587, 3), (4873, 1)
poignant (DF: 1): (2753, 1)
poing (DF: 1): (540, 1)
point (DF: 107): (62, 4), (68, 2), (80, 1), (88, 1), (93, 1), (110, 4), (153, 2), (251, 1), (341, 17), (510, 1), (554, 2), (691, 1), (714, 2), (737, 2), (856, 1), (873, 1), (920, 1), (1032, 1), (1084, 1), (1110, 2), (1128, 2), (1166, 1), (1205, 1), (1263, 2), (1338, 2), (1372, 1), (1429, 1), (1457, 3), (1469, 1), (1508, 15), (1550, 4), (1552, 1), (1558, 1), (1573, 6), (1580, 1), (1594, 1), (1607, 1), (1709, 1), (1732, 1), (1737, 4), (1766, 1), (1804, 1), (1866, 1), (2003, 4), (2032, 2), (2046, 1), (2084, 1), (2146, 8), (2177, 1), (2183, 1), (2201, 1), (2277, 1), (2299, 1), (2330, 1), (2401, 2), (2497, 1), (2562, 1), (2607, 1), (2669, 1), (2735, 1), (2754, 3), (2761, 1), (2778, 1), (2787, 1), (2831, 1), (2866, 2), (3068, 1), (3077, 2), (3089, 1), (3203, 1), (3235, 2), (3238, 1), (3271, 1), (3274, 1), (3300, 1), (3359, 1), (3483, 2), (3487, 1), (3731, 1), (3741, 1), (3754, 1), (3807, 2), (4005, 1), (4059, 2), (4136, 4), (4185, 1), (4211, 1), (4279, 1), (4281, 2), (4310, 1), (4359, 1), (4372, 1), (4481, 1), (4503, 1), (4617, 2), (4724, 3), (4764, 1), (4831, 1), (4833, 1), (4842, 1), (4918, 1), (4931, 1), (4964, 1), (4971, 1), (4986, 2), (3258, 2), (3259, 1)
pointer (DF: 3): (350, 3), (405, 1), (1896, 1)
pointin (DF: 1): (2649, 2)
pointless (DF: 3): (845, 3), (3727, 5), (3741, 1)
pois (DF: 3): (1757, 1), (2567, 1), (4830, 1)
poison (DF: 54): (2, 26), (57, 1), (101, 1), (140, 2), (237, 26), (404, 2), (416, 1), (501, 1), (522, 1), (592, 1), (622, 26), (641, 1), (703, 2), (925, 1), (939, 1), (1199, 1), (1298, 1), (1312, 1), (1359, 1), (1378, 2), (1418, 3), (1705, 26), (1875, 1), (1972, 1), (1984, 1), (1994, 1), (2039, 1), (2096, 2), (2151, 1), (2291, 1), (2310, 1), (2504, 1), (2573, 1), (2677, 1), (2755, 1), (2866, 1), (2960, 1), (3059, 1), (3100, 1), (3302, 2), (3433, 43), (3441, 1), (3574, 1), (3606, 1), (3660, 1), (3869, 1), (4110, 1), (4122, 1), (4695, 1), (4878, 26), (4896, 5), (4901, 1), (4903, 1), (4973, 15)
pojecha (DF: 1): (1825, 2)
pokaza (DF: 1): (4859, 1)
poke (DF: 26): (43, 1), (72, 1), (486, 1), (528, 6), (660, 1), (812, 1), (852, 1), (1077, 1), (1318, 1), (1344, 1), (1432, 1), (1619, 1), (2084, 2), (2638, 1), (3355, 1), (3453, 1), (3748, 1), (3864, 1), (3913, 1), (4256, 1), (4465, 1), (4607, 1), (4665, 1), (4766, 1), (4784, 3), (4849, 1)
pokemon (DF: 1): (711, 1)
poker (DF: 7): (617, 1), (1230, 21), (1526, 3), (2101, 41), (3100, 1), (4103, 21), (4837, 1)
pokey (DF: 3): (4069, 1), (4889, 1), (4942, 2)
pokoju (DF: 1): (4405, 1)
pokémon (DF: 2): (696, 1), (4282, 2)
pol (DF: 5): (524, 4), (1112, 8), (1987, 1), (3587, 1), (3631, 3)
poland (DF: 2): (1875, 3), (1994, 3)
polar (DF: 2): (1927, 1), (3057, 2)
polari (DF: 1): (1144, 1)
polaroid (DF: 4): (301, 1), (708, 1), (3788, 1), (4521, 9)
pole (DF: 30): (21, 1), (51, 1), (153, 2), (350, 1), (488, 3), (513, 1), (535, 2), (647, 1), (737, 1), (1038, 1), (1171, 1), (1223, 1), (1354, 1), (1495, 4), (1657, 1), (1849, 1), (1926, 1), (2147, 1), (2541, 2), (2563, 3), (2624, 1), (2801, 5), (3021, 1), (3223, 1), (3383, 1), (3406, 1), (3813, 2), (4619, 3), (4950, 4), (4956, 1)
polega (DF: 1): (2951, 1)
polem (DF: 1): (9, 1)
poli (DF: 4): (536, 1), (1259, 1), (1647, 1), (2316, 1)
polic (DF: 61): (13, 1), (51, 1), (181, 2), (306, 3), (436, 2), (469, 2), (646, 10), (667, 1), (698, 2), (778, 5), (819, 1), (823, 2), (825, 3), (867, 16), (915, 1), (948, 4), (1033, 1), (1152, 1), (1177, 1), (1238, 1), (1311, 1), (1328, 1), (1354, 1), (1412, 2), (1650, 1), (1671, 1), (1704, 1), (1712, 2), (1791, 1), (1828, 1), (1849, 1), (1856, 1), (1912, 2), (2050, 12), (2216, 1), (2305, 1), (2649, 1), (2862, 1), (2900, 1), (2923, 1), (3084, 3), (3383, 1), (3500, 1), (3530, 1), (3589, 2), (3707, 2), (3757, 4), (3904, 1), (3964, 1), (4088, 4), (4165, 1), (4289, 2), (4303, 1), (4326, 1), (4421, 1), (4427, 1), (4866, 1), (4916, 1), (4936, 2), (4938, 1), (4956, 1)
policeman (DF: 3): (76, 1), (3483, 1), (3957, 9)
polici (DF: 3): (311, 1), (523, 4), (3741, 1)
policial (DF: 1): (4347, 1)
poliert (DF: 1): (1616, 1)
polig (DF: 1): (4992, 1)
polill (DF: 1): (3090, 1)
polillo (DF: 1): (800, 1)
polish (DF: 3): (3483, 1), (4282, 4), (4844, 1)
polit (DF: 14): (16, 1), (183, 1), (293, 1), (296, 9), (1345, 2), (1491, 1), (1952, 2), (2300, 1), (2328, 1), (2703, 3), (2978, 1), (3186, 1), (3387, 1), (3437, 1)
