desenfoc (DF: 2): (1079, 1), (2021, 2)
desert (DF: 39): (352, 1), (541, 1), (566, 6), (625, 1), (727, 1), (909, 1), (937, 2), (1007, 2), (1238, 1), (1281, 2), (1440, 1), (1488, 10), (1498, 3), (1669, 1), (1827, 1), (2008, 1), (2083, 1), (2156, 2), (2321, 1), (2452, 2), (2540, 2), (2549, 1), (2622, 1), (2685, 5), (2942, 1), (2962, 2), (3012, 1), (3296, 1), (3537, 2), (3678, 1), (3808, 6), (3924, 1), (4126, 1), (4156, 2), (4165, 1), (4741, 2), (4743, 1), (4806, 1), (4917, 1)
deserto (DF: 1): (1415, 1)
deserv (DF: 71): (106, 1), (298, 1), (440, 1), (497, 1), (507, 1), (576, 1), (579, 1), (722, 1), (735, 1), (737, 1), (751, 2), (805, 1), (896, 1), (1012, 4), (1094, 1), (1100, 11), (1156, 16), (1258, 1), (1290, 5), (1477, 1), (1505, 2), (1510, 3), (1570, 3), (1594, 1), (1613, 1), (1614, 1), (1726, 2), (1748, 1), (1871, 2), (1996, 1), (2016, 1), (2154, 1), (2203, 2), (2353, 7), (2509, 1), (2580, 1), (2610, 1), (2701, 1), (2788, 1), (2846, 2), (2896, 1), (2920, 1), (3114, 1), (3166, 1), (3259, 1), (3317, 7), (3472, 2), (3618, 4), (3641, 3), (3702, 3), (3711, 1), (3727, 1), (3728, 1), (3765, 6), (3807, 4), (3882, 2), (3985, 1), (4001, 1), (4037, 1), (4062, 1), (4127, 1), (4149, 1), (4211, 1), (4243, 1), (4252, 1), (4392, 1), (4497, 9), (4575, 1), (4764, 4), (4798, 1), (4880, 1)
desesper (DF: 20): (477, 3), (707, 2), (891, 3), (1141, 1), (1826, 3), (1967, 12), (2107, 1), (2136, 4), (2325, 1), (2461, 2), (2601, 2), (2782, 1), (3028, 1), (3031, 3), (3459, 2), (3586, 4), (4193, 2), (4470, 1), (4550, 6), (4769, 2)
desespera (DF: 1): (4799, 1)
desesperado (DF: 1): (3853, 1)
desgan (DF: 1): (4518, 1)
desgast (DF: 1): (4518, 1)
deshac (DF: 1): (4507, 1)
deshalb (DF: 1): (1715, 1)
deshaz (DF: 1): (3996, 1)
deshidratam (DF: 1): (2739, 1)
deshilach (DF: 1): (1686, 1)
deshor (DF: 1): (4752, 1)
desi (DF: 2): (1498, 3), (2086, 5)
desider (DF: 1): (187, 1)
desiert (DF: 9): (417, 1), (725, 1), (1582, 1), (1966, 6), (3080, 1), (3851, 1), (3859, 1), (3875, 3), (4439, 1)
design (DF: 34): (123, 4), (134, 3), (292, 1), (425, 1), (668, 1), (808, 5), (1016, 1), (1174, 1), (1358, 1), (1534, 1), (1556, 6), (1656, 1), (1669, 1), (1772, 3), (1821, 1), (1940, 9), (2104, 1), (2433, 1), (2458, 1), (2527, 1), (2565, 1), (2812, 1), (2985, 1), (3444, 1), (3498, 1), (3854, 1), (3962, 1), (4450, 1), (4497, 6), (4506, 5), (4664, 2), (4668, 1), (4696, 1), (4868, 1)
desiign (DF: 1): (2319, 1)
desilucion (DF: 2): (1228, 1), (3853, 1)
desilusion (DF: 3): (1687, 1), (4439, 2), (4448, 1)
desinquiet (DF: 1): (4209, 1)
desir (DF: 52): (18, 1), (45, 3), (305, 1), (527, 1), (838, 1), (1014, 1), (1015, 4), (1272, 2), (1362, 1), (1390, 1), (1405, 2), (1494, 3), (1564, 1), (1729, 2), (1751, 1), (1875, 1), (1994, 1), (2162, 3), (2271, 1), (2362, 1), (2404, 5), (2428, 10), (2458, 3), (2742, 1), (2834, 4), (2873, 5), (2890, 1), (2965, 2), (3081, 1), (3126, 2), (3392, 1), (3435, 1), (3565, 1), (3687, 14), (3759, 4), (3787, 7), (4005, 3), (4050, 1), (4052, 8), (4083, 1), (4129, 1), (4156, 2), (4157, 1), (4204, 2), (4242, 1), (4420, 1), (4426, 1), (4490, 1), (4805, 1), (4841, 1), (4917, 4), (4925, 1)
desirez (DF: 1): (3195, 1)
desist (DF: 1): (3803, 1)
desistiu (DF: 1): (4167, 1)
desk (DF: 2): (3917, 1), (4663, 2)
desliga (DF: 1): (1659, 1)
desliz (DF: 3): (3159, 1), (3757, 4), (3903, 1)
desliza (DF: 1): (2242, 1)
deslizo (DF: 1): (2680, 1)
desmadr (DF: 2): (276, 1), (3351, 1)
desnu (DF: 1): (1221, 6)
desnud (DF: 9): (791, 1), (890, 1), (1305, 1), (1478, 1), (1786, 3), (2111, 1), (2529, 2), (2805, 1), (3555, 3)
desnudal (DF: 1): (851, 2)
desnudart (DF: 1): (3031, 3)
desnudat (DF: 1): (851, 2)
desnudez (DF: 2): (4189, 1), (4568, 2)
desol (DF: 2): (2552, 1), (3204, 1)
desord (DF: 2): (791, 3), (1079, 11)
desorden (DF: 1): (2180, 1)
desorganiz (DF: 1): (1907, 1)
desp (DF: 2): (3590, 1), (4382, 1)
despach (DF: 2): (858, 1), (1677, 1)
despaci (DF: 9): (117, 2), (143, 1), (1264, 1), (1307, 6), (2020, 1), (2107, 1), (2805, 1), (4469, 2), (4470, 2)
despacit (DF: 5): (12, 2), (1307, 1), (2743, 3), (3308, 3), (4678, 2)
despair (DF: 11): (5, 1), (1110, 3), (2930, 1), (3109, 1), (3964, 1), (4148, 1), (4199, 1), (4741, 1), (4806, 1), (4841, 4), (4896, 5)
despech (DF: 4): (858, 1), (1027, 1), (2972, 2), (3419, 3)
desped (DF: 6): (333, 2), (2090, 2), (2309, 3), (2606, 2), (4180, 2), (4666, 1)
despedaz (DF: 1): (1687, 2)
despeg (DF: 4): (1687, 2), (4081, 3), (4678, 2), (4912, 1)
despein (DF: 2): (417, 1), (4081, 1)
despej (DF: 2): (1441, 2), (1878, 1)
despeluc (DF: 2): (891, 1), (1826, 1)
desper (DF: 22): (753, 1), (754, 1), (834, 1), (1073, 4), (1516, 4), (1763, 4), (2326, 1), (2372, 1), (2401, 1), (2458, 1), (2499, 1), (2528, 1), (3114, 1), (3487, 1), (3711, 1), (4035, 1), (4097, 1), (4120, 2), (4230, 1), (4615, 2), (4708, 2), (4964, 1)
despera (DF: 1): (4799, 1)
despert (DF: 16): (178, 1), (252, 2), (481, 4), (489, 1), (995, 1), (1305, 1), (1309, 6), (1333, 8), (1398, 4), (1584, 1), (1810, 2), (1967, 6), (2662, 1), (3623, 1), (3823, 1), (4186, 2)
despertart (DF: 1): (3070, 4)
desperté (DF: 1): (4267, 4)
despid (DF: 1): (217, 1)
despidet (DF: 1): (1254, 2)
despiert (DF: 17): (353, 5), (580, 2), (1159, 1), (1582, 1), (1788, 1), (1842, 1), (2034, 4), (2108, 1), (3401, 1), (3898, 1), (3908, 4), (4009, 1), (4049, 1), (4238, 2), (4416, 3), (4479, 1), (4678, 2)
despiertam (DF: 1): (4439, 5)
despis (DF: 10): (1272, 1), (1561, 1), (2184, 1), (2310, 1), (2795, 1), (2957, 1), (3374, 1), (3923, 1), (3934, 4), (4901, 1)
despist (DF: 1): (1686, 1)
despit (DF: 8): (293, 1), (975, 1), (2640, 2), (2971, 3), (3880, 3), (4075, 1), (4131, 2), (4708, 1)
desplaz (DF: 1): (4009, 1)
desplom (DF: 1): (3419, 1)
despoj (DF: 5): (53, 1), (1653, 2), (3062, 1), (3093, 2), (3969, 1)
despojat (DF: 1): (460, 2)
despot (DF: 1): (1329, 1)
despreci (DF: 3): (1939, 1), (3080, 1), (4769, 2)
despreparada (DF: 1): (3838, 1)
despreven (DF: 1): (2601, 1)
despu (DF: 6): (143, 2), (2090, 1), (2604, 7), (3590, 2), (4219, 1), (4568, 1)
despues (DF: 37): (109, 2), (256, 1), (345, 12), (851, 6), (891, 3), (996, 1), (1079, 1), (1398, 4), (1422, 1), (1478, 3), (1524, 2), (1631, 1), (1740, 21), (1826, 3), (1842, 1), (1907, 1), (1932, 2), (2645, 1), (2877, 5), (2938, 4), (2967, 1), (3434, 1), (3555, 18), (3580, 2), (3876, 1), (4081, 3), (4193, 2), (4207, 1), (4246, 1), (4347, 1), (4356, 2), (4434, 3), (4515, 1), (4560, 1), (4702, 1), (4908, 2), (4961, 4)
desquit (DF: 2): (982, 2), (1668, 2)
dess (DF: 5): (1183, 1), (2631, 1), (2651, 2), (2839, 1), (3364, 2)
dessa (DF: 4): (1183, 3), (2711, 1), (2839, 1), (3215, 1)
