lend (DF: 12): (1386, 1), (1456, 1), (1562, 2), (2091, 2), (2246, 1), (2264, 2), (2496, 1), (2592, 1), (2675, 1), (2735, 2), (3808, 2), (4528, 1)
lenda (DF: 1): (4985, 1)
lene (DF: 1): (149, 1)
length (DF: 4): (40, 4), (3201, 1), (3337, 3), (3880, 1)
lengthen (DF: 1): (4570, 1)
lengthi (DF: 1): (616, 1)
lengu (DF: 8): (24, 2), (2136, 1), (2183, 1), (2530, 1), (2604, 1), (3890, 1), (3903, 1), (4912, 1)
lenguaj (DF: 2): (2316, 1), (2530, 1)
leni (DF: 1): (1461, 1)
lenk (DF: 1): (2574, 1)
lenni (DF: 4): (1352, 1), (2741, 1), (3947, 1), (3958, 1)
lennon (DF: 10): (844, 1), (1753, 1), (3033, 1), (3135, 1), (3139, 1), (3164, 1), (4184, 1), (4606, 1), (4639, 1), (4831, 1)
lennox (DF: 9): (893, 1), (1109, 2), (1653, 5), (1878, 1), (2604, 1), (2668, 2), (3121, 1), (3777, 1), (4124, 1)
lenny (DF: 5): (3816, 2), (3981, 1), (4236, 1), (4300, 6), (4594, 6)
lenox (DF: 2): (1469, 1), (1531, 1)
lens (DF: 5): (1739, 1), (2014, 3), (2166, 1), (2329, 1), (4831, 1)
lent (DF: 33): (87, 1), (117, 1), (283, 1), (312, 2), (328, 4), (557, 2), (918, 1), (1010, 7), (1027, 3), (1159, 1), (1264, 1), (1563, 1), (1665, 1), (2136, 1), (2180, 3), (2487, 4), (2518, 6), (2549, 1), (2617, 16), (2651, 2), (2967, 1), (3062, 1), (3104, 4), (3269, 1), (3536, 8), (3656, 4), (3697, 3), (3723, 1), (3757, 4), (4207, 1), (4659, 1), (4916, 1), (4961, 1)
lentic (DF: 1): (1740, 3)
lentilki (DF: 1): (908, 1)
lento (DF: 2): (1256, 3), (3839, 2)
lenx (DF: 1): (4265, 1)
leo (DF: 1): (4833, 1)
leon (DF: 11): (347, 2), (721, 1), (738, 1), (813, 1), (1426, 1), (1461, 1), (1631, 1), (2701, 1), (3189, 2), (3916, 1), (4189, 1)
leonard (DF: 2): (270, 1), (635, 1)
leonardo (DF: 1): (4319, 1)
leonel (DF: 1): (161, 1)
leopard (DF: 2): (2939, 1), (3526, 1)
leozin (DF: 1): (2680, 2)
leper (DF: 1): (101, 1)
lepo (DF: 1): (2951, 1)
leppard (DF: 9): (1246, 1), (1528, 1), (1721, 2), (2389, 2), (2696, 2), (2816, 2), (2837, 1), (4014, 2), (4528, 2)
leprechaun (DF: 2): (553, 3), (2177, 1)
lepsz (DF: 1): (3744, 2)
ler (DF: 1): (4186, 96)
lern (DF: 1): (3932, 1)
lernt (DF: 1): (4743, 1)
leroy (DF: 1): (4880, 1)
les (DF: 10): (30, 4), (1151, 1), (1561, 9), (3195, 1), (3453, 1), (3479, 1), (3660, 1), (3800, 1), (4675, 2), (4855, 1)
lesbian (DF: 1): (1122, 1)
lescan (DF: 1): (4515, 1)
lesh (DF: 1): (3466, 2)
lesk (DF: 1): (524, 2)
less (DF: 79): (13, 1), (15, 1), (121, 1), (129, 1), (211, 1), (330, 1), (337, 1), (380, 1), (421, 1), (461, 1), (546, 1), (606, 1), (1011, 1), (1059, 1), (1122, 1), (1152, 1), (1178, 1), (1351, 2), (1375, 8), (1437, 2), (1475, 3), (1507, 3), (1516, 4), (1648, 1), (1704, 1), (1712, 1), (1744, 2), (1957, 2), (2038, 1), (2131, 1), (2174, 1), (2288, 3), (2333, 1), (2359, 2), (2379, 1), (2427, 5), (2445, 1), (2540, 2), (2730, 1), (2757, 2), (2776, 2), (2906, 1), (2910, 1), (2914, 10), (2927, 1), (2943, 1), (3095, 2), (3143, 6), (3216, 1), (3237, 2), (3248, 1), (3311, 1), (3374, 1), (3498, 1), (3506, 1), (3797, 1), (3904, 1), (4019, 1), (4104, 1), (4128, 1), (4159, 1), (4206, 1), (4244, 8), (4261, 1), (4286, 1), (4291, 1), (4314, 4), (4349, 2), (4393, 1), (4427, 2), (4459, 1), (4499, 1), (4622, 1), (4643, 1), (4837, 1), (4874, 1), (4887, 2), (4950, 4), (4966, 1)
lesser (DF: 4): (294, 1), (1648, 1), (2528, 3), (3432, 1)
lesson (DF: 53): (337, 1), (362, 1), (523, 1), (585, 2), (590, 2), (689, 1), (926, 1), (929, 1), (963, 1), (1080, 1), (1227, 1), (1462, 1), (1548, 1), (1639, 1), (1669, 1), (1674, 1), (1885, 2), (1916, 1), (2192, 1), (2423, 1), (2528, 1), (2600, 1), (2671, 4), (2821, 1), (2830, 1), (2896, 3), (3064, 1), (3089, 1), (3149, 1), (3218, 1), (3256, 1), (3283, 2), (3311, 1), (3371, 3), (3374, 1), (3415, 2), (3440, 12), (3634, 4), (3689, 1), (3855, 2), (3856, 5), (4062, 1), (4069, 1), (4326, 1), (4395, 1), (4575, 1), (4628, 1), (4669, 1), (4684, 1), (4888, 2), (4984, 3), (4082, 3), (4085, 1)
lest (DF: 1): (2767, 1)
let (DF: 71): (2, 1), (8, 8), (11, 1), (13, 6), (15, 13), (27, 1), (40, 1), (47, 1), (48, 2), (54, 2), (59, 2), (62, 1), (69, 1), (74, 2), (85, 3), (110, 2), (121, 2), (126, 3), (128, 2), (131, 21), (148, 2), (150, 8), (153, 24), (162, 7), (172, 1), (174, 1), (176, 3), (178, 7), (179, 1), (181, 2), (183, 1), (188, 4), (194, 1), (197, 3), (200, 1), (204, 1), (205, 3), (210, 2), (215, 1), (219, 2), (220, 1), (223, 3), (225, 1), (235, 1), (238, 2), (242, 2), (243, 1), (255, 9), (257, 7), (258, 1), (262, 2), (268, 3), (275, 3), (278, 2), (282, 18), (284, 2), (287, 1), (294, 2), (298, 7), (304, 1), (314, 4), (325, 17), (327, 1), (334, 2), (337, 1), (339, 1), (350, 1), (352, 2), (358, 1), (361, 1), (367, 4)
