smoke (DF: 221): (595, 1), (602, 1), (616, 1), (636, 1), (673, 1), (675, 2), (678, 1), (684, 1), (693, 2), (696, 2), (714, 5), (731, 1), (753, 2), (780, 1), (800, 3), (804, 2), (862, 1), (932, 1), (952, 6), (988, 1), (993, 1), (1012, 1), (1021, 1), (1031, 4), (1038, 3), (1084, 14), (1101, 11), (1124, 2), (1135, 1), (1178, 1), (1187, 1), (1196, 1), (1200, 1), (1211, 1), (1280, 4), (1293, 1), (1344, 1), (1430, 2), (1469, 1), (1506, 1), (1526, 3), (1535, 2), (1547, 3), (1622, 1), (1643, 1), (1648, 3), (1661, 1), (1706, 1), (1708, 1), (1710, 1), (1789, 1), (1820, 2), (1833, 1), (1835, 2), (1856, 1), (1875, 1), (1891, 3), (1896, 9), (1908, 1), (1913, 4), (1952, 2), (1962, 1), (1984, 3), (1990, 1), (1994, 1), (2000, 2), (2003, 1), (2024, 2), (2031, 1), (2045, 1), (2048, 6), (2060, 1), (2063, 1), (2064, 1), (2075, 1), (2076, 1), (2081, 1), (2104, 1), (2110, 3), (2143, 1), (2154, 1), (2158, 7), (2164, 1), (2198, 1), (2216, 1), (2220, 1), (2230, 1), (2251, 2), (2254, 3), (2278, 3), (2281, 1), (2305, 1), (2322, 6), (2329, 1), (2356, 1), (2390, 3), (2399, 1), (2472, 1), (2494, 1), (2520, 2), (2541, 6), (2545, 3), (2563, 1), (2573, 6), (2584, 1), (2592, 3), (2626, 2), (2628, 2), (2630, 1), (2697, 1), (2701, 1), (2706, 1), (2735, 1), (2746, 1), (2762, 3), (2804, 1), (2807, 2), (2829, 1), (2855, 1), (2865, 3), (2884, 1), (2895, 2), (2957, 1), (2991, 1), (2999, 1), (3018, 1), (3045, 1), (3087, 1), (3089, 1), (3110, 4), (3127, 1), (3206, 1), (3228, 2), (3235, 5), (3272, 1), (3310, 1), (3374, 1), (3379, 1), (3383, 6), (3398, 1), (3444, 1), (3460, 2), (3477, 2), (3521, 1), (3562, 1), (3565, 1), (3568, 26), (3581, 2), (3589, 1), (3612, 1), (3658, 1), (3726, 1), (3727, 1), (3731, 2), (3813, 2), (3815, 12), (3841, 1), (3864, 1), (3900, 1), (3913, 1), (3923, 1), (3930, 1), (3937, 4), (3993, 3), (4023, 2), (4027, 4), (4046, 3), (4055, 2), (4059, 1), (4062, 1), (4072, 1), (4098, 2), (4102, 1), (4127, 2), (4150, 1), (4165, 1), (4169, 1), (4218, 1), (4222, 1), (4226, 2), (4244, 2), (4261, 1), (4267, 3), (4272, 2), (4279, 1), (4339, 1), (4345, 2), (4364, 1), (4372, 6), (4381, 2), (4397, 4), (4417, 1), (4433, 1), (4459, 2), (4460, 1), (4489, 2), (4503, 3), (4527, 1), (4535, 2), (4542, 1), (4561, 3), (4574, 1), (4655, 1), (4683, 1), (4767, 1), (4784, 6), (4803, 5), (4809, 1), (4814, 4), (4831, 4), (4868, 1), (4887, 2), (4900, 1), (4960, 1), (4972, 4), (220, 1), (221, 4), (222, 2), (4054, 2), (4626, 1), (4627, 1)
smokepurpp (DF: 1): (696, 1)
smoker (DF: 3): (684, 1), (1904, 1), (2868, 8)
smokey (DF: 5): (457, 2), (804, 1), (2211, 1), (2573, 1), (4150, 1)
smoki (DF: 1): (3716, 1)
smokin (DF: 70): (13, 1), (16, 1), (70, 1), (72, 1), (352, 1), (434, 7), (536, 4), (672, 1), (675, 6), (775, 2), (915, 6), (922, 1), (952, 1), (1031, 1), (1084, 1), (1092, 1), (1110, 1), (1143, 10), (1150, 1), (1157, 2), (1276, 1), (1402, 4), (1430, 12), (1490, 1), (1498, 3), (1625, 1), (1835, 1), (1849, 2), (1880, 13), (1896, 1), (2064, 1), (2104, 1), (2110, 24), (2116, 1), (2164, 1), (2231, 3), (2322, 1), (2332, 1), (2706, 2), (2829, 1), (2850, 1), (2855, 1), (2865, 1), (3009, 1), (3112, 2), (3163, 2), (3241, 1), (3420, 1), (3589, 1), (3632, 2), (3884, 1), (3904, 1), (3930, 3), (4046, 1), (4091, 2), (4092, 1), (4150, 1), (4211, 1), (4218, 1), (4250, 1), (4267, 2), (4339, 1), (4364, 1), (4381, 2), (4527, 2), (4588, 3), (4681, 1), (4731, 1), (4766, 1), (4972, 1)
smolder (DF: 2): (2032, 1), (3745, 1)
smooth (DF: 64): (116, 1), (172, 4), (234, 12), (261, 1), (297, 1), (350, 2), (374, 1), (472, 1), (510, 1), (581, 1), (669, 2), (870, 1), (936, 1), (993, 1), (1076, 1), (1187, 1), (1429, 1), (1564, 1), (1566, 1), (1613, 1), (1644, 1), (1840, 1), (1841, 1), (1869, 1), (2060, 1), (2178, 4), (2241, 1), (2255, 1), (2278, 2), (2375, 3), (2399, 1), (2416, 1), (2452, 1), (2490, 2), (2566, 4), (2687, 4), (2795, 1), (2809, 1), (2887, 1), (2936, 7), (2981, 1), (3088, 1), (3204, 1), (3332, 5), (3335, 1), (3529, 1), (3634, 1), (3713, 1), (3731, 1), (3769, 1), (3917, 1), (4023, 2), (4042, 1), (4044, 1), (4053, 2), (4154, 1), (4242, 1), (4454, 1), (4468, 2), (4639, 2), (4690, 2), (4739, 1), (4837, 1), (4977, 1)
smoother (DF: 3): (1566, 1), (2241, 1), (2809, 1)
smoothi (DF: 1): (536, 1)
smother (DF: 4): (390, 2), (3726, 1), (3759, 1), (4169, 1)
smotheri (DF: 1): (2477, 1)
smoulder (DF: 1): (3772, 1)
sms (DF: 2): (908, 1), (4425, 1)
smucker (DF: 1): (4533, 1)
