sol (DF: 80): (4167, 4), (4180, 12), (4186, 12), (4189, 9), (4195, 6), (4207, 2), (4210, 9), (4219, 16), (4236, 3), (4258, 2), (4285, 22), (4288, 3), (4352, 1), (4356, 6), (4382, 1), (4416, 4), (4423, 7), (4445, 2), (4448, 1), (4469, 4), (4479, 2), (4504, 4), (4507, 1), (4515, 1), (4518, 2), (4540, 1), (4560, 1), (4567, 16), (4587, 5), (4659, 1), (4671, 4), (4678, 2), (4692, 1), (4702, 3), (4704, 2), (4711, 2), (4763, 8), (4769, 6), (4780, 1), (4799, 1), (4824, 1), (4846, 10), (4852, 1), (4862, 5), (4886, 44), (4908, 12), (4954, 15), (4992, 4), (9, 3), (10, 3), (86, 20), (87, 3), (283, 1), (284, 4), (725, 1), (728, 1), (1277, 16), (1278, 1), (1307, 3), (1309, 3), (1652, 2), (1653, 1), (1686, 1), (1687, 1), (2020, 7), (2021, 3), (2180, 2), (2183, 2), (3090, 9), (3092, 5), (3399, 1), (3401, 1), (3665, 6), (3666, 2), (3723, 2), (3724, 1), (4193, 4), (4209, 3), (4470, 2), (4568, 5)
sola (DF: 2): (552, 1), (4214, 1)
solac (DF: 2): (3426, 1), (4543, 1)
solament (DF: 1): (2205, 2)
solang (DF: 4): (302, 1), (730, 1), (3984, 1), (4842, 1)
solar (DF: 2): (1501, 1), (3896, 1)
solarrio (DF: 1): (4588, 1)
sold (DF: 51): (25, 2), (63, 2), (504, 1), (634, 1), (658, 1), (727, 1), (829, 1), (896, 2), (903, 2), (925, 1), (952, 1), (1487, 1), (1500, 2), (1574, 2), (1575, 2), (1607, 1), (1631, 2), (1708, 1), (1760, 2), (1856, 1), (2154, 1), (2232, 1), (2259, 1), (2411, 1), (2419, 1), (2489, 2), (2581, 4), (2619, 3), (2634, 1), (2762, 1), (2838, 1), (3268, 2), (3371, 1), (3498, 2), (3669, 1), (3729, 2), (3946, 2), (3972, 1), (4023, 1), (4046, 1), (4127, 1), (4150, 2), (4303, 2), (4435, 1), (4440, 1), (4481, 1), (4587, 6), (4663, 16), (4918, 1), (4950, 4), (4992, 1)
soldia (DF: 1): (3249, 1)
soldier (DF: 65): (5, 8), (299, 1), (446, 1), (475, 1), (478, 1), (488, 3), (535, 2), (616, 1), (669, 1), (699, 3), (731, 7), (841, 1), (1216, 2), (1354, 1), (1369, 1), (1429, 1), (1507, 1), (1533, 3), (1567, 1), (1573, 4), (1606, 1), (1697, 2), (1781, 1), (1875, 1), (1994, 1), (2075, 1), (2137, 1), (2154, 1), (2235, 1), (2332, 1), (2439, 1), (2464, 2), (2592, 1), (2634, 1), (2655, 1), (2760, 1), (2850, 2), (2892, 1), (3083, 1), (3100, 1), (3249, 1), (3266, 1), (3282, 2), (3300, 3), (3330, 2), (3350, 1), (3383, 1), (3538, 5), (3557, 1), (3594, 1), (3624, 1), (3719, 3), (3821, 1), (3871, 1), (3879, 4), (3941, 1), (3992, 2), (4122, 2), (4165, 1), (4244, 1), (4261, 1), (4348, 4), (4503, 1), (4721, 16), (4745, 1)
sole (DF: 2): (2479, 2), (4284, 2)
solecit (DF: 2): (836, 2), (3401, 4)
soled (DF: 9): (86, 2), (417, 2), (918, 3), (1133, 1), (1582, 1), (4049, 1), (4445, 1), (4846, 1), (4879, 3)
soleil (DF: 1): (3660, 1)
solemn (DF: 2): (59, 1), (1261, 1)
solen (DF: 3): (229, 1), (2152, 1), (4991, 1)
solfe (DF: 1): (1677, 1)
soli (DF: 1): (4799, 2)
solia (DF: 1): (4799, 1)
solicit (DF: 1): (3603, 1)
solid (DF: 18): (181, 1), (612, 1), (988, 9), (1237, 1), (1262, 1), (1377, 2), (1418, 2), (1533, 1), (1594, 1), (1716, 5), (1983, 1), (2278, 2), (2296, 2), (2499, 1), (2720, 2), (3430, 1), (4351, 1), (4983, 1)
solidifi (DF: 1): (3521, 1)
solit (DF: 12): (46, 1), (53, 1), (345, 4), (412, 12), (1665, 2), (1878, 8), (2898, 15), (3418, 2), (3459, 14), (3876, 2), (4434, 2), (4550, 6)
solita (DF: 1): (4214, 3)
solitair (DF: 1): (3131, 1)
solitari (DF: 4): (1686, 1), (2889, 1), (4230, 1), (4883, 2)
solitud (DF: 2): (3131, 1), (4872, 1)
solja (DF: 1): (1704, 1)
solo (DF: 36): (144, 4), (194, 2), (229, 1), (357, 1), (452, 1), (676, 1), (694, 1), (714, 1), (988, 1), (1024, 1), (1171, 4), (1371, 2), (1431, 1), (1683, 4), (1688, 2), (1691, 8), (1744, 2), (1975, 1), (2076, 1), (2097, 1), (2255, 1), (2333, 1), (2349, 2), (2667, 1), (3018, 1), (3171, 4), (3200, 1), (3233, 1), (3235, 1), (3647, 1), (3740, 1), (3905, 1), (3993, 3), (4249, 1), (4546, 3), (4662, 1)
soloist (DF: 3): (2241, 1), (2692, 1), (2809, 1)
solsburi (DF: 1): (2935, 2)
solskin (DF: 1): (2759, 1)
solstic (DF: 2): (2658, 1), (3661, 1)
solt (DF: 11): (180, 1), (371, 1), (1307, 1), (1398, 1), (1443, 1), (2021, 1), (2898, 5), (3313, 1), (3569, 1), (4518, 1), (4799, 1)
soltant (DF: 8): (187, 1), (1800, 4), (1818, 2), (1850, 1), (3717, 1), (4587, 1), (4890, 3), (4992, 1)
soltar (DF: 1): (4267, 4)
solter (DF: 9): (117, 1), (328, 2), (1967, 2), (2898, 62), (3093, 2), (3981, 1), (4207, 1), (4209, 1), (4633, 1)
