capri (DF: 2): (3075, 1), (4608, 1)
capric (DF: 2): (183, 1), (2377, 1)
caprich (DF: 2): (1939, 1), (2606, 2)
capricorn (DF: 1): (2256, 1)
capricorni (DF: 1): (4469, 1)
capsiz (DF: 2): (2630, 1), (3165, 5)
capsule (DF: 1): (667, 16)
capt (DF: 2): (1963, 1), (3996, 1)
captain (DF: 25): (65, 1), (350, 2), (388, 1), (542, 4), (603, 4), (684, 1), (1110, 1), (1211, 1), (1557, 1), (2000, 2), (2002, 1), (2143, 1), (2367, 1), (2395, 1), (2437, 1), (2611, 1), (2956, 1), (3531, 7), (3708, 26), (4111, 2), (4345, 2), (4459, 1), (4629, 2), (4895, 1), (4962, 1)
caption (DF: 3): (2472, 1), (3485, 1), (4404, 1)
captiv (DF: 16): (183, 1), (368, 1), (405, 1), (597, 1), (694, 1), (1167, 1), (1417, 1), (2110, 3), (2246, 1), (2783, 1), (3383, 6), (3479, 1), (3506, 1), (4249, 1), (4508, 2), (4724, 1)
captur (DF: 11): (1032, 1), (1690, 1), (1856, 1), (2042, 1), (3469, 1), (3726, 1), (4027, 6), (4404, 1), (4521, 3), (4710, 1), (4727, 1)
capuchon (DF: 1): (417, 1)
capull (DF: 2): (3358, 1), (3609, 2)
car (DF: 324): (26, 6), (34, 1), (38, 1), (69, 1), (80, 2), (82, 1), (109, 1), (117, 1), (123, 5), (143, 2), (153, 2), (169, 2), (179, 1), (186, 1), (197, 2), (200, 1), (223, 1), (226, 3), (256, 2), (274, 4), (283, 2), (295, 1), (306, 1), (312, 1), (339, 1), (348, 1), (361, 1), (365, 2), (369, 1), (417, 1), (434, 8), (456, 1), (477, 3), (518, 1), (574, 1), (579, 4), (616, 1), (643, 1), (660, 1), (668, 1), (675, 10), (698, 10), (711, 5), (753, 3), (802, 3), (808, 1), (814, 4), (841, 1), (909, 1), (915, 1), (920, 1), (924, 2), (925, 1), (932, 1), (988, 1), (1063, 1), (1073, 4), (1122, 2), (1125, 1), (1191, 1), (1207, 1), (1212, 2), (1215, 2), (1226, 2), (1250, 1), (1263, 1), (1282, 2), (1323, 2), (1342, 1), (1366, 1), (1377, 2), (1419, 1), (1425, 4), (1429, 1), (1449, 2), (1471, 1), (1481, 6), (1490, 1), (1512, 1), (1520, 1), (1547, 1), (1559, 8), (1561, 1), (1594, 1), (1603, 1), (1631, 1), (1642, 1), (1650, 1), (1656, 1), (1661, 1), (1665, 2), (1674, 1), (1704, 1), (1713, 1), (1728, 2), (1748, 1), (1832, 1), (1839, 3), (1868, 1), (1872, 1), (1887, 1), (1896, 3), (1907, 1), (1952, 2), (1972, 4), (2005, 2), (2010, 1), (2041, 2), (2048, 1), (2061, 3), (2092, 1), (2120, 3), (2135, 1), (2136, 1), (2143, 1), (2145, 1), (2167, 1), (2177, 1), (2187, 1), (2189, 1), (2216, 2), (2217, 2), (2218, 1), (2230, 2), (2236, 1), (2259, 1), (2261, 2), (2278, 1), (2298, 1), (2302, 1), (2316, 2), (2322, 2), (2354, 1), (2377, 2), (2387, 2), (2413, 3), (2436, 1), (2467, 2), (2475, 1), (2500, 1), (2511, 2), (2529, 2), (2550, 1), (2556, 1), (2563, 2), (2568, 1), (2585, 2), (2636, 1), (2641, 2), (2646, 1), (2649, 1), (2658, 2), (2666, 1), (2668, 1), (2679, 1), (2688, 12), (2692, 1), (2706, 2), (2788, 1), (2797, 5), (2799, 1), (2822, 2), (2850, 1), (2890, 2), (2899, 5), (2923, 1), (2927, 4), (2932, 3), (2943, 1), (2972, 2), (3000, 1), (3031, 1), (3052, 1), (3070, 4), (3104, 8), (3117, 1), (3121, 4), (3134, 21), (3154, 2), (3188, 2), (3197, 6), (3204, 1), (3206, 1), (3213, 1), (3216, 1), (3293, 3), (3356, 2), (3374, 1), (3393, 1), (3403, 12), (3424, 1), (3427, 1), (3432, 1), (3486, 1), (3487, 1), (3500, 1), (3510, 2), (3556, 1), (3579, 3), (3580, 2), (3584, 2), (3589, 1), (3590, 2), (3598, 1), (3603, 1), (3612, 1), (3624, 1), (3669, 1), (3676, 2), (3684, 1), (3723, 1), (3725, 5), (3749, 1), (3753, 1), (3756, 2), (3766, 1), (3770, 3), (3811, 1), (3813, 1), (3822, 2), (3827, 2), (3845, 3), (3871, 1), (3875, 1), (3880, 1), (3886, 1), (3909, 1), (3913, 1), (3916, 1), (3930, 5), (3937, 2), (3975, 1), (3986, 1), (4017, 2), (4028, 1), (4045, 1), (4056, 1), (4091, 2), (4107, 2), (4113, 2), (4146, 1), (4150, 1), (4182, 4), (4183, 2), (4189, 1), (4197, 1), (4208, 8), (4222, 4), (4229, 15), (4238, 1), (4242, 1), (4245, 2), (4250, 1), (4259, 1), (4267, 1), (4279, 1), (4299, 5), (4302, 1), (4303, 1), (4338, 2), (4347, 10), (4352, 2), (4355, 2), (4364, 1), (4381, 3), (4396, 1), (4432, 1), (4441, 1), (4443, 1), (4479, 1), (4491, 1), (4503, 1), (4507, 1), (4537, 1), (4544, 2), (4566, 3), (4572, 4), (4608, 1), (4612, 1), (4617, 1), (4638, 1), (4663, 4), (4767, 1), (4774, 1), (4793, 2), (4795, 1), (4799, 1), (4803, 1), (4818, 2), (4823, 4), (4871, 6), (4874, 1), (4922, 1), (4927, 1), (4936, 2), (4953, 7), (4963, 1), (4971, 1), (247, 1), (248, 1), (1284, 1), (1285, 1), (1434, 1), (1436, 1), (1624, 2), (1625, 1), (1727, 1), (1971, 1), (2004, 1), (2314, 12), (2315, 1), (2378, 1), (2519, 1), (2520, 2), (2653, 1), (2655, 2), (2707, 5), (2708, 1), (2935, 1), (2936, 4), (2964, 1), (2965, 2), (4031, 1), (4032, 1)
