thought (DF: 241): (2925, 3), (2934, 2), (2935, 1), (2980, 1), (2999, 4), (3018, 1), (3032, 1), (3044, 1), (3075, 2), (3116, 1), (3121, 2), (3168, 2), (3179, 1), (3182, 1), (3184, 2), (3193, 4), (3206, 2), (3224, 1), (3233, 1), (3238, 1), (3256, 1), (3261, 1), (3294, 2), (3296, 1), (3315, 1), (3319, 1), (3322, 3), (3327, 2), (3343, 2), (3366, 1), (3369, 1), (3378, 6), (3398, 1), (3412, 2), (3440, 30), (3450, 5), (3465, 1), (3479, 1), (3483, 1), (3484, 2), (3486, 1), (3496, 1), (3501, 2), (3505, 2), (3529, 3), (3545, 4), (3562, 1), (3565, 1), (3575, 1), (3581, 1), (3611, 1), (3641, 3), (3659, 2), (3672, 1), (3685, 1), (3701, 1), (3713, 1), (3715, 2), (3726, 1), (3735, 4), (3741, 1), (3742, 3), (3743, 1), (3749, 1), (3762, 1), (3771, 1), (3773, 2), (3774, 1), (3779, 1), (3781, 1), (3792, 12), (3803, 1), (3814, 3), (3820, 3), (3830, 1), (3852, 4), (3872, 1), (3884, 1), (3919, 1), (3928, 2), (3931, 1), (3939, 1), (3971, 2), (3990, 2), (4023, 1), (4039, 1), (4042, 3), (4063, 6), (4105, 3), (4119, 5), (4128, 1), (4163, 1), (4176, 5), (4185, 2), (4203, 1), (4211, 1), (4218, 2), (4221, 10), (4224, 1), (4232, 4), (4239, 1), (4266, 4), (4270, 1), (4279, 1), (4281, 1), (4304, 1), (4310, 1), (4321, 2), (4324, 1), (4330, 1), (4337, 2), (4340, 1), (4345, 8), (4354, 1), (4355, 1), (4366, 4), (4371, 4), (4376, 1), (4377, 1), (4395, 3), (4401, 1), (4427, 2), (4477, 1), (4490, 1), (4497, 3), (4517, 1), (4541, 1), (4546, 3), (4575, 2), (4595, 3), (4596, 2), (4610, 1), (4623, 1), (4637, 4), (4642, 1), (4662, 2), (4712, 2), (4724, 1), (4728, 1), (4740, 1), (4741, 1), (4759, 3), (4771, 2), (4779, 16), (4789, 1), (4813, 5), (4841, 1), (4844, 1), (4858, 3), (4863, 2), (4864, 1), (4872, 1), (4877, 1), (4907, 1), (4911, 1), (4933, 1), (4937, 1), (4938, 2), (4944, 2), (4946, 2), (4955, 1), (4964, 1), (4981, 1), (4990, 2), (80, 1), (81, 1), (95, 1), (97, 2), (244, 2), (245, 1), (330, 1), (332, 1), (415, 2), (416, 1), (573, 1), (574, 1), (704, 1), (705, 1), (846, 3), (847, 4), (1110, 1), (1111, 1), (1172, 1), (1173, 1), (1436, 1), (1437, 1), (1641, 1), (1642, 3), (1698, 1), (1700, 1), (1732, 1), (1733, 1), (1811, 4), (1812, 1), (2055, 1), (2056, 2), (2145, 2), (2146, 3), (2172, 1), (2174, 1), (2249, 1), (2250, 1), (2481, 3), (2482, 1), (2485, 10), (2486, 2), (2581, 1), (2582, 4), (2944, 1), (2945, 1), (2974, 1), (2975, 1), (2996, 3), (3190, 1), (3577, 1), (3579, 1), (3750, 24), (3753, 1), (3827, 2), (3828, 1), (4217, 1), (4332, 1), (4333, 1), (4338, 2), (4525, 2), (4526, 2), (4547, 1), (4548, 2), (4549, 1), (4574, 1), (4667, 1), (4668, 1), (4777, 2), (4812, 2), (2597, 1), (2598, 1), (2600, 1), (769, 3), (770, 1), (771, 6), (772, 1)
thoughts (DF: 1): (3723, 1)
thougth (DF: 1): (1272, 1)
thousand (DF: 105): (67, 2), (71, 8), (225, 1), (248, 1), (288, 1), (296, 9), (314, 1), (348, 1), (370, 1), (385, 4), (408, 1), (420, 1), (496, 1), (536, 3), (537, 1), (563, 1), (573, 1), (611, 4), (623, 3), (743, 3), (749, 1), (804, 1), (835, 1), (921, 1), (933, 2), (953, 2), (976, 3), (1036, 1), (1281, 1), (1311, 1), (1429, 1), (1543, 2), (1575, 1), (1605, 3), (1648, 1), (1735, 2), (1739, 1), (1760, 1), (1807, 1), (1817, 1), (1821, 3), (1872, 2), (1896, 1), (1901, 5), (2144, 1), (2161, 2), (2167, 2), (2186, 1), (2192, 3), (2197, 1), (2229, 1), (2256, 2), (2298, 1), (2397, 1), (2485, 2), (2538, 2), (2568, 2), (2634, 1), (2649, 1), (2697, 1), (2703, 3), (2762, 2), (2820, 9), (2872, 1), (2900, 1), (2976, 3), (2999, 1), (3037, 1), (3144, 1), (3170, 1), (3176, 4), (3216, 1), (3311, 1), (3350, 16), (3388, 1), (3413, 3), (3444, 1), (3502, 1), (3608, 2), (3638, 1), (3648, 6), (3840, 1), (3872, 1), (3919, 1), (4056, 6), (4096, 3), (4142, 2), (4150, 1), (4165, 1), (4222, 1), (4228, 6), (4269, 3), (4296, 1), (4389, 1), (4424, 1), (4481, 1), (4491, 1), (4521, 1), (4547, 1), (4637, 8), (4643, 1), (4684, 2), (4746, 1), (4762, 2), (4853, 1)
thrashin (DF: 1): (2422, 1)
thread (DF: 12): (177, 1), (1510, 6), (1697, 2), (2061, 1), (2128, 2), (3207, 1), (3374, 1), (3490, 1), (3608, 1), (3661, 1), (4596, 1), (4660, 1)
threat (DF: 15): (471, 1), (643, 1), (740, 1), (2399, 1), (2836, 2), (3050, 4), (3185, 1), (3280, 6), (3507, 1), (3521, 1), (3597, 1), (4151, 2), (4218, 1), (4244, 3), (4459, 1)
threaten (DF: 7): (991, 1), (1657, 1), (1690, 1), (2042, 1), (3563, 1), (4717, 1), (4764, 1)
threatenin (DF: 1): (1055, 1)
threatin (DF: 1): (1226, 1)
three (DF: 18): (26, 9), (51, 1), (52, 1), (69, 1), (202, 1), (239, 1), (270, 1), (275, 1), (291, 2), (296, 9), (350, 3), (352, 1), (369, 1), (374, 1), (387, 1), (414, 2), (441, 1), (449, 4)
