flicaill (DF: 2): (34, 1), (4440, 1)
flick (DF: 17): (81, 1), (915, 1), (1036, 6), (1463, 5), (1975, 1), (2116, 2), (2359, 2), (2687, 1), (3142, 1), (3565, 1), (3745, 1), (4293, 1), (4407, 1), (4410, 15), (4690, 1), (4833, 1), (4984, 1)
flicker (DF: 9): (1506, 1), (1936, 1), (3057, 2), (3599, 3), (3694, 2), (4153, 2), (4157, 1), (4777, 1), (4917, 1)
flickin (DF: 1): (2596, 2)
flieg (DF: 8): (246, 1), (483, 1), (484, 1), (1654, 1), (2463, 1), (2881, 1), (3108, 1), (3480, 2)
fliegt (DF: 4): (2463, 1), (3480, 1), (4124, 2), (4743, 1)
flieh (DF: 2): (3381, 1), (3462, 4)
flieht (DF: 1): (1616, 1)
fliesst (DF: 3): (246, 1), (2463, 1), (4318, 1)
flight (DF: 43): (67, 1), (138, 2), (189, 2), (202, 1), (380, 1), (411, 1), (893, 2), (938, 1), (1150, 1), (1354, 1), (1661, 1), (1688, 2), (1875, 2), (1994, 2), (1998, 1), (2097, 1), (2311, 1), (2371, 1), (2402, 3), (2569, 1), (2630, 3), (2697, 1), (2762, 1), (2824, 2), (2841, 1), (2856, 1), (2879, 10), (2884, 1), (2999, 1), (3201, 1), (3424, 1), (3484, 1), (3565, 1), (3804, 1), (3917, 1), (4296, 1), (4350, 2), (4493, 1), (4607, 1), (4770, 1), (4779, 4), (4883, 2), (4920, 1)
flim (DF: 2): (1936, 1), (2588, 1)
flimmert (DF: 1): (4124, 1)
flimsi (DF: 1): (1328, 1)
flinch (DF: 1): (658, 1)
fling (DF: 10): (16, 3), (427, 2), (469, 1), (825, 1), (1256, 1), (1587, 2), (2265, 1), (3753, 1), (3858, 3), (4745, 1)
flink (DF: 1): (2018, 1)
flint (DF: 1): (3741, 1)
flintston (DF: 1): (33, 2)
flip (DF: 91): (33, 2), (72, 1), (119, 1), (153, 2), (165, 1), (183, 1), (197, 2), (281, 2), (337, 1), (347, 5), (449, 1), (586, 1), (660, 4), (669, 1), (672, 1), (710, 1), (842, 1), (870, 2), (1029, 1), (1036, 1), (1038, 2), (1147, 1), (1187, 1), (1226, 1), (1299, 1), (1430, 1), (1497, 1), (1622, 1), (1694, 7), (1779, 1), (1790, 1), (1833, 2), (1880, 3), (1924, 1), (1975, 1), (2048, 1), (2061, 1), (2143, 1), (2230, 2), (2320, 1), (2390, 9), (2408, 1), (2442, 1), (2462, 1), (2527, 1), (2541, 4), (2552, 1), (2557, 1), (2599, 1), (2610, 1), (2664, 1), (2676, 1), (2687, 1), (2896, 1), (2899, 1), (3018, 1), (3052, 1), (3064, 1), (3225, 1), (3294, 1), (3356, 2), (3374, 1), (3408, 1), (3529, 1), (3565, 1), (3594, 1), (3624, 1), (3727, 1), (3845, 1), (4042, 1), (4045, 2), (4095, 1), (4165, 1), (4187, 2), (4218, 2), (4245, 3), (4303, 1), (4313, 1), (4407, 1), (4468, 1), (4481, 1), (4533, 1), (4668, 2), (4731, 1), (4739, 1), (4764, 1), (4828, 4), (4887, 1), (4956, 1), (3506, 1), (3507, 1)
flipagram (DF: 1): (1694, 7)
flipmod (DF: 1): (2228, 3)
flipp (DF: 5): (1038, 4), (2520, 1), (2541, 7), (3570, 1), (4989, 1)
flipper (DF: 3): (1465, 2), (2619, 1), (4712, 2)
flippin (DF: 18): (172, 1), (210, 2), (647, 1), (669, 1), (1262, 1), (1625, 1), (2000, 1), (2028, 1), (2104, 1), (2178, 1), (2241, 1), (2507, 2), (2566, 1), (2691, 1), (2809, 1), (3430, 1), (3789, 1), (4218, 1)
flipsid (DF: 1): (4460, 1)
flipsyd (DF: 1): (1710, 1)
flirt (DF: 9): (862, 1), (1761, 5), (2578, 1), (2981, 3), (3486, 2), (3789, 1), (3970, 1), (4159, 1), (4928, 1)
flirtaci (DF: 1): (153, 2)
flirtati (DF: 1): (2981, 11)
flirtin (DF: 1): (1143, 1)
flit (DF: 2): (1732, 1), (4849, 1)
flizoot (DF: 1): (2399, 2)
flizzy (DF: 1): (1484, 1)
flo (DF: 23): (365, 1), (535, 33), (660, 44), (802, 1), (1124, 1), (1250, 1), (1717, 12), (1730, 1), (2251, 1), (2440, 1), (2583, 1), (3045, 1), (3133, 1), (3180, 2), (3311, 1), (3478, 1), (3581, 1), (3594, 1), (3624, 2), (3773, 2), (3852, 1), (4525, 2), (4907, 1)
float (DF: 44): (40, 1), (68, 1), (288, 1), (295, 1), (421, 1), (487, 1), (504, 1), (526, 1), (562, 1), (757, 5), (882, 2), (928, 1), (1144, 1), (1163, 2), (1260, 1), (1262, 1), (1265, 2), (1434, 1), (1444, 10), (1576, 1), (1589, 1), (1709, 3), (1823, 1), (1874, 1), (2234, 2), (2317, 1), (2748, 1), (3012, 1), (3398, 1), (3430, 1), (3510, 1), (3668, 1), (3726, 1), (3756, 24), (3829, 1), (3884, 1), (4030, 1), (4247, 1), (4368, 1), (4463, 2), (4569, 3), (4741, 1), (4970, 3), (4971, 1)
floatin (DF: 5): (831, 1), (2340, 1), (2708, 1), (3253, 1), (4401, 1)
flock (DF: 12): (365, 1), (553, 1), (660, 1), (855, 2), (2923, 2), (3291, 1), (3545, 4), (3678, 1), (3745, 1), (3841, 3), (3896, 2), (4023, 1)
flocka (DF: 2): (124, 1), (4435, 1)
flockav (DF: 1): (124, 1)
flocker (DF: 1): (2923, 2)
flockin (DF: 2): (759, 1), (3487, 1)
flodgin (DF: 1): (4506, 1)
flog (DF: 1): (3850, 1)
floj (DF: 2): (53, 1), (347, 4)
flojito (DF: 1): (3001, 1)
flok (DF: 2): (540, 1), (4295, 1)
flood (DF: 9): (47, 3), (124, 1), (168, 3), (469, 2), (825, 3), (899, 1), (1036, 1), (1547, 1), (1550, 2)
