mund (DF: 13): (4448, 1), (4560, 1), (4908, 16), (4985, 1), (1686, 1), (1687, 1), (4193, 2), (4195, 1), (4257, 15), (4258, 1), (353, 1), (354, 2), (355, 1)
mundeya (DF: 1): (4421, 6)
mundial (DF: 6): (399, 2), (897, 1), (1519, 2), (1778, 1), (2027, 1), (2342, 1)
mundo (DF: 15): (213, 1), (299, 2), (1072, 1), (1659, 6), (2651, 2), (2735, 1), (3305, 8), (3364, 3), (3467, 1), (3692, 1), (3838, 1), (3955, 6), (4357, 1), (4563, 1), (4657, 5)
mune (DF: 1): (1102, 1)
municion (DF: 1): (4445, 1)
munn (DF: 1): (3471, 1)
munni (DF: 1): (2050, 12)
muntikang (DF: 1): (4563, 1)
muoi (DF: 1): (4992, 1)
muor (DF: 1): (4992, 1)
muov (DF: 3): (1010, 6), (2518, 1), (3491, 1)
mur (DF: 19): (84, 1), (87, 1), (353, 1), (417, 1), (480, 1), (935, 1), (1300, 1), (1563, 2), (1939, 1), (1974, 1), (2488, 1), (2662, 2), (2814, 1), (3071, 2), (4081, 1), (4180, 3), (4347, 1), (4507, 1), (4533, 10)
mura (DF: 1): (1836, 1)
murakami (DF: 1): (4124, 1)
mural (DF: 2): (1757, 1), (3802, 1)
murall (DF: 1): (355, 1)
murda (DF: 5): (2147, 2), (2223, 1), (2377, 13), (2964, 1), (4680, 1)
murdddda (DF: 1): (4897, 1)
murder (DF: 69): (54, 1), (90, 13), (200, 6), (270, 2), (558, 1), (691, 1), (775, 4), (925, 1), (980, 1), (993, 2), (1164, 1), (1272, 2), (1328, 1), (1343, 1), (1344, 1), (1561, 1), (1594, 1), (1613, 1), (1690, 4), (1710, 1), (1807, 1), (1874, 11), (1902, 5), (1977, 1), (2048, 1), (2147, 2), (2256, 1), (2286, 1), (2594, 1), (2746, 1), (2836, 3), (2840, 1), (3010, 1), (3050, 6), (3161, 1), (3180, 2), (3186, 1), (3483, 2), (3515, 1), (3538, 1), (3589, 2), (3594, 1), (3680, 1), (3726, 1), (3781, 1), (3821, 1), (4059, 1), (4127, 1), (4128, 1), (4151, 3), (4175, 1), (4303, 1), (4383, 1), (4407, 1), (4533, 12), (4541, 14), (4611, 1), (4629, 2), (4681, 1), (4684, 30), (4866, 1), (4880, 1), (4971, 1), (2377, 1), (2378, 1), (4643, 1), (4645, 1), (4897, 2), (4898, 1)
murderin (DF: 2): (993, 2), (1060, 1)
murdock (DF: 1): (3775, 1)
murk (DF: 2): (2377, 1), (4814, 1)
murkin (DF: 1): (1060, 3)
murley (DF: 1): (3745, 1)
murmull (DF: 2): (3358, 1), (3609, 2)
murmur (DF: 3): (1936, 1), (2285, 1), (3565, 1)
murphi (DF: 2): (1674, 1), (3195, 1)
mus (DF: 4): (1008, 2), (1213, 4), (3316, 1), (4908, 2)
musa (DF: 1): (4827, 1)
musaboru (DF: 1): (1102, 1)
muscl (DF: 14): (223, 2), (282, 2), (337, 1), (702, 1), (740, 6), (1436, 4), (1873, 1), (2186, 4), (2300, 1), (2314, 11), (2399, 1), (3059, 1), (3991, 1), (4165, 1)
musclebound (DF: 1): (924, 1)
muse (DF: 16): (521, 2), (620, 1), (1015, 2), (2163, 2), (2418, 2), (2838, 1), (2900, 2), (3026, 2), (3324, 1), (3794, 3), (4283, 2), (4549, 1), (4691, 3), (4775, 1), (4776, 1), (4885, 1)
museum (DF: 2): (3181, 2), (4171, 3)
mush (DF: 1): (4635, 2)
musha (DF: 1): (4111, 4)
mushi (DF: 1): (966, 1)
mushkilon (DF: 1): (149, 1)
mushroom (DF: 2): (1490, 1), (3223, 1)
music (DF: 156): (9, 1), (22, 4), (39, 2), (40, 1), (44, 1), (46, 1), (74, 4), (107, 2), (115, 2), (121, 1), (135, 1), (136, 1), (144, 1), (154, 2), (162, 1), (168, 1), (178, 1), (183, 1), (186, 1), (220, 1), (236, 3), (252, 1), (259, 1), (270, 1), (279, 1), (282, 2), (287, 1), (310, 1), (330, 1), (334, 1), (364, 4), (365, 1), (371, 2), (393, 1), (412, 2), (417, 2), (429, 1), (451, 1), (461, 1), (473, 1), (479, 6), (490, 1), (503, 1), (514, 105), (542, 1), (559, 1), (561, 1), (567, 6), (574, 1), (581, 1), (582, 1), (602, 1), (612, 1), (630, 36), (651, 1), (671, 1), (680, 2), (704, 1), (719, 1), (723, 1), (729, 1), (762, 1), (774, 1), (813, 1), (823, 1), (838, 4), (875, 3), (883, 3), (886, 1), (889, 1), (897, 4), (916, 1), (979, 6), (986, 1), (1000, 1), (1008, 6), (1010, 1), (1012, 1), (1028, 1), (1032, 2), (1038, 1), (1050, 1), (1061, 1), (1089, 1), (1110, 1), (1141, 4), (1145, 2), (1168, 2), (1181, 1), (1200, 1), (1221, 2), (1225, 1), (1284, 1), (1285, 5), (1288, 14), (1300, 1), (1303, 1), (1309, 3), (1317, 1), (1326, 1), (1333, 1), (1355, 1), (1394, 1), (1410, 4), (1425, 1), (1436, 1), (1443, 2), (1478, 1), (1499, 1), (1509, 1), (1532, 1), (1552, 4), (1561, 1), (1565, 9), (1571, 1), (1590, 1), (1596, 1), (1631, 3), (1643, 1), (1668, 2), (1677, 1), (1697, 2), (1703, 1), (1778, 5), (1782, 4), (1783, 2), (1800, 1), (1803, 2), (1818, 2), (1820, 1), (1848, 1), (1858, 21), (1891, 1), (1921, 1), (1953, 1), (1995, 2), (2048, 1), (2059, 1), (2083, 1), (2105, 2), (2110, 3), (2114, 1), (2127, 1), (2158, 1), (2161, 1), (2168, 2), (2177, 1), (2179, 3), (2183, 1), (2204, 1), (2213, 1), (2214, 1), (2218, 4), (2236, 2), (2239, 1), (2245, 1)
