attent (DF: 45): (1553, 3), (1636, 1), (1647, 2), (1684, 3), (1926, 1), (1996, 3), (2181, 26), (2271, 1), (2442, 1), (2498, 1), (2515, 1), (2548, 2), (2614, 4), (2624, 1), (2677, 1), (2811, 14), (3020, 1), (3244, 1), (3271, 1), (3278, 2), (3491, 1), (3505, 2), (3529, 3), (3708, 1), (3713, 1), (3727, 2), (3774, 4), (3789, 2), (3814, 3), (3907, 1), (3931, 1), (4042, 3), (4048, 2), (4154, 1), (4310, 1), (4345, 2), (4494, 1), (4690, 1), (4723, 1), (4724, 1), (4762, 1), (4823, 1), (4833, 1), (4935, 1), (1997, 1)
attentat (DF: 1): (1089, 4)
attic (DF: 4): (548, 1), (1029, 1), (2562, 1), (4936, 1)
attic400 (DF: 1): (2004, 4)
atticus (DF: 1): (3449, 1)
attila (DF: 1): (924, 1)
attim (DF: 1): (3491, 1)
attir (DF: 2): (365, 1), (4197, 1)
attitud (DF: 40): (131, 1), (200, 2), (285, 1), (455, 2), (627, 20), (740, 1), (847, 2), (1017, 15), (1377, 1), (1465, 1), (1469, 1), (1512, 1), (1581, 1), (1952, 2), (2055, 7), (2192, 3), (2193, 1), (2269, 1), (2322, 1), (2333, 1), (2405, 6), (2422, 1), (2503, 2), (2586, 1), (2726, 1), (2824, 1), (2847, 1), (3144, 2), (3209, 1), (3265, 1), (3535, 2), (3741, 1), (3845, 1), (3925, 1), (4112, 1), (4255, 1), (4263, 1), (4427, 1), (4736, 14), (4982, 1)
attiv (DF: 1): (4587, 1)
attla (DF: 1): (3785, 1)
attom (DF: 1): (2763, 1)
attorney (DF: 1): (606, 1)
attract (DF: 25): (15, 1), (29, 2), (106, 1), (136, 1), (232, 1), (548, 1), (556, 1), (645, 4), (684, 1), (740, 1), (1410, 1), (1413, 1), (1544, 1), (1964, 1), (2048, 1), (3057, 1), (3084, 3), (3244, 1), (3402, 1), (3472, 2), (3956, 4), (3960, 1), (3985, 1), (4014, 3), (4877, 1)
attractin (DF: 1): (1949, 1)
attrapp (DF: 1): (3123, 1)
attravers (DF: 1): (1818, 1)
attrezz (DF: 1): (2567, 1)
atv (DF: 1): (802, 1)
atwo (DF: 1): (1655, 1)
atypisk (DF: 1): (2759, 1)
atz (DF: 1): (4989, 1)
até (DF: 7): (60, 2), (213, 1), (1072, 2), (1183, 1), (1415, 2), (1659, 2), (3353, 1)
au (DF: 7): (1736, 2), (2260, 1), (2490, 4), (4012, 1), (4153, 1), (4193, 2), (4652, 1)
aub (DF: 1): (4379, 2)
aubergina (DF: 1): (3067, 1)
auction (DF: 2): (1899, 1), (4319, 1)
aucun (DF: 2): (4197, 1), (4308, 1)
aud (DF: 1): (4339, 1)
audac (DF: 2): (3807, 2), (4669, 1)
audaci (DF: 1): (2981, 1)
audemar (DF: 8): (229, 1), (246, 1), (350, 1), (2315, 1), (3248, 1), (3589, 1), (3826, 2), (4318, 1)
audemars (DF: 1): (1850, 2)
audi (DF: 4): (246, 1), (2050, 1), (3064, 1), (3067, 2)
audibl (DF: 1): (510, 1)
audienc (DF: 2): (563, 1), (1123, 1)
audienz (DF: 1): (2050, 1)
audio (DF: 2): (563, 1), (3789, 1)
auditori (DF: 1): (3441, 1)
auditorium (DF: 1): (2075, 1)
audrey (DF: 1): (4488, 1)
audubon (DF: 1): (2315, 1)
audé (DF: 2): (533, 2), (4858, 1)
auer (DF: 1): (250, 1)
auf (DF: 1): (3462, 1)
aufgebaut (DF: 1): (1845, 1)
aufgepasst (DF: 1): (4004, 1)
aufhalt (DF: 1): (3480, 1)
aufhor (DF: 1): (1238, 1)
aufjed (DF: 2): (483, 1), (1654, 1)
auflag (DF: 1): (3108, 1)
aufm (DF: 2): (2328, 1), (3570, 3)
aufseh (DF: 1): (1583, 1)
aufspur (DF: 1): (3123, 1)
auftrag (DF: 1): (4004, 1)
auftret (DF: 1): (2050, 1)
aug (DF: 14): (484, 1), (493, 1), (778, 1), (1177, 1), (1736, 5), (1758, 1), (1771, 3), (2100, 1), (2535, 1), (3466, 8), (3480, 1), (3984, 1), (4192, 1), (4989, 5)
augenblick (DF: 3): (3984, 1), (4876, 2), (4998, 3)
augenmass (DF: 1): (3962, 1)
augur (DF: 1): (2567, 1)
august (DF: 3): (4864, 1), (4898, 1), (4977, 1)
auh (DF: 4): (444, 1), (3996, 1), (4469, 6), (4518, 2)
aujourd (DF: 1): (540, 1)
aull (DF: 1): (1724, 1)
aument (DF: 3): (283, 1), (1079, 1), (4445, 2)
aumm (DF: 1): (4496, 3)
aun (DF: 26): (28, 2), (87, 8), (417, 2), (577, 2), (885, 10), (1133, 1), (1305, 1), (1478, 1), (1481, 2), (2043, 2), (2090, 3), (2325, 1), (2530, 1), (2662, 1), (2967, 1), (3092, 2), (3093, 2), (3106, 3), (3239, 1), (3340, 2), (3403, 14), (3631, 1), (3723, 1), (3920, 3), (3158, 4), (3159, 1)
aundi (DF: 1): (2268, 1)
aunqu (DF: 50): (84, 1), (143, 1), (269, 1), (333, 4), (354, 4), (366, 1), (417, 2), (476, 1), (539, 1), (628, 4), (648, 4), (679, 1), (836, 1), (858, 1), (934, 1), (1013, 1), (1039, 1), (1228, 2), (1254, 2), (1259, 1), (1296, 1), (1379, 1), (1395, 1), (1441, 1), (1461, 2), (1582, 1), (1627, 2), (1668, 2), (1677, 1), (1686, 5), (1800, 1), (1939, 1), (1953, 4), (1966, 6), (1978, 1), (2043, 2), (2079, 2), (2088, 2), (2090, 2), (2092, 1), (2243, 1), (2309, 3), (2316, 1), (2354, 1), (2645, 12), (2656, 1), (2792, 1), (2805, 1), (2938, 2), (3080, 2)
