sinabi (DF: 1): (4815, 1)
sinaloa (DF: 1): (4295, 8)
sinatra (DF: 3): (2049, 1), (2170, 1), (3184, 5)
sinc (DF: 202): (26, 3), (37, 2), (51, 1), (69, 1), (92, 1), (122, 1), (138, 2), (170, 2), (196, 4), (248, 1), (268, 1), (272, 1), (296, 3), (352, 2), (392, 1), (432, 1), (441, 2), (449, 1), (455, 1), (486, 1), (536, 1), (541, 2), (605, 12), (616, 1), (633, 1), (644, 2), (660, 1), (691, 1), (696, 1), (718, 1), (740, 1), (753, 1), (757, 1), (788, 2), (823, 1), (850, 1), (870, 1), (925, 1), (947, 2), (959, 1), (993, 1), (1011, 1), (1020, 1), (1038, 1), (1055, 1), (1067, 3), (1113, 2), (1136, 2), (1187, 1), (1199, 17), (1210, 1), (1219, 1), (1324, 2), (1328, 2), (1374, 2), (1393, 1), (1428, 1), (1449, 3), (1452, 1), (1497, 3), (1518, 1), (1552, 1), (1558, 1), (1594, 1), (1605, 4), (1661, 2), (1675, 1), (1679, 1), (1688, 1), (1716, 4), (1738, 1), (1791, 1), (1828, 1), (1829, 1), (1844, 2), (1880, 1), (1893, 1), (1904, 1), (1943, 1), (1980, 1), (1998, 1), (2002, 1), (2048, 2), (2093, 2), (2102, 1), (2109, 1), (2131, 5), (2161, 2), (2177, 6), (2197, 9), (2223, 1), (2236, 1), (2274, 1), (2293, 2), (2322, 1), (2332, 1), (2467, 1), (2541, 2), (2563, 1), (2589, 2), (2607, 1), (2649, 1), (2666, 2), (2703, 1), (2776, 1), (2779, 1), (2788, 2), (2799, 1), (2862, 1), (2872, 1), (2896, 1), (2906, 2), (2919, 1), (2981, 3), (3010, 1), (3102, 1), (3140, 2), (3148, 1), (3156, 2), (3184, 1), (3188, 2), (3216, 1), (3238, 1), (3272, 1), (3294, 3), (3306, 1), (3311, 1), (3315, 1), (3382, 5), (3390, 1), (3393, 1), (3413, 1), (3425, 1), (3432, 1), (3482, 1), (3530, 1), (3543, 2), (3676, 2), (3707, 8), (3731, 1), (3826, 2), (3848, 6), (3884, 1), (3964, 1), (3986, 1), (4027, 1), (4056, 2), (4062, 1), (4091, 1), (4097, 4), (4150, 5), (4166, 3), (4205, 12), (4213, 1), (4218, 1), (4237, 1), (4244, 1), (4267, 1), (4269, 1), (4281, 1), (4299, 5), (4301, 4), (4310, 1), (4326, 1), (4330, 1), (4349, 10), (4366, 2), (4374, 1), (4409, 2), (4442, 2), (4456, 2), (4481, 1), (4488, 1), (4490, 1), (4566, 3), (4601, 2), (4652, 4), (4662, 1), (4668, 1), (4675, 1), (4712, 2), (4723, 2), (4762, 1), (4764, 1), (4767, 7), (4779, 4), (4788, 4), (4885, 1), (4905, 1), (4918, 1), (4931, 2), (4941, 1), (4968, 1), (4984, 1), (71, 2), (72, 1), (2712, 1), (2713, 1), (3138, 1), (4410, 1), (4716, 1), (4717, 1)
sincer (DF: 31): (178, 1), (417, 4), (438, 11), (480, 1), (540, 1), (577, 1), (628, 2), (667, 1), (946, 2), (1145, 1), (1443, 1), (1453, 1), (1677, 1), (1752, 1), (1807, 1), (1965, 1), (2059, 1), (2079, 2), (2299, 1), (2771, 1), (2903, 1), (2988, 1), (3028, 1), (3105, 1), (3860, 1), (4330, 1), (4353, 1), (4469, 2), (4544, 2), (4702, 1), (4804, 2)
sincerely (DF: 1): (2681, 1)
sinceridad (DF: 1): (1415, 2)
sincop (DF: 1): (3269, 1)
sindssygt (DF: 1): (1465, 1)
sinead (DF: 4): (772, 2), (1644, 1), (1812, 1), (3256, 1)
sinfon (DF: 3): (371, 1), (910, 1), (2877, 2)
sing (DF: 156): (1, 1), (15, 1), (22, 1), (29, 2), (35, 3), (59, 2), (64, 2), (74, 2), (104, 1), (112, 5), (136, 3), (161, 1), (172, 4), (181, 3), (185, 5), (215, 1), (223, 2), (228, 1), (235, 1), (245, 4), (267, 40), (306, 1), (346, 1), (379, 2), (389, 1), (409, 2), (419, 2), (445, 3), (454, 1), (456, 1), (458, 1), (464, 1), (473, 2), (482, 1), (484, 1), (487, 3), (513, 1), (542, 3), (604, 4), (636, 1), (639, 5), (647, 1), (666, 1), (669, 1), (672, 2), (740, 2), (749, 1), (767, 4), (771, 2), (781, 2), (789, 1), (802, 1), (817, 5), (835, 2), (968, 2), (994, 3), (1138, 6), (1145, 2), (1162, 1), (1175, 1), (1184, 4), (1205, 1), (1208, 1), (1210, 1), (1250, 1), (1285, 2), (1317, 1), (1338, 6), (1389, 4), (1406, 1), (1431, 3), (1439, 3), (1445, 2), (1462, 1), (1504, 1), (1513, 3), (1548, 1), (1557, 1), (1565, 4), (1580, 7), (1585, 11), (1626, 20), (1666, 1), (1688, 1), (1690, 1), (1707, 1), (1728, 2), (1755, 1), (1774, 4), (1784, 1), (1802, 1), (1819, 2), (1823, 1), (1830, 2), (1841, 1), (1856, 1), (1858, 1), (1864, 1), (1885, 2), (1898, 1), (1904, 1), (1912, 4), (1936, 1), (1964, 1), (1986, 4), (1994, 2), (1999, 6), (2005, 12), (2011, 1), (2016, 10), (2039, 1), (2041, 2), (2045, 1), (2178, 4), (2197, 1), (2202, 1), (2214, 1), (2244, 6), (2330, 2), (2340, 2), (2347, 2), (2356, 1), (2359, 2), (2367, 1), (2375, 1), (2395, 1), (2416, 1), (2435, 1), (2522, 2), (2526, 2), (2547, 1), (2550, 2), (2566, 4), (2591, 14), (2632, 1), (2634, 2), (2641, 12), (2689, 1), (2704, 1), (2724, 3), (2730, 4), (2760, 2), (2775, 14), (2821, 3), (2829, 1), (2853, 1), (2859, 6), (2866, 1), (2878, 1), (2911, 1), (2929, 1), (2993, 5), (3041, 2), (3051, 8), (3081, 1), (3095, 8)
