prom (DF: 5): (417, 1), (1858, 2), (3398, 1), (4715, 3), (4959, 1)
promedi (DF: 1): (1788, 1)
promenad (DF: 2): (695, 1), (1274, 1)
promes (DF: 5): (217, 1), (1159, 1), (1788, 1), (2316, 1), (3853, 1)
promess (DF: 1): (4873, 2)
promet (DF: 20): (86, 2), (269, 1), (276, 1), (918, 2), (1366, 1), (1379, 1), (1519, 2), (1810, 2), (2136, 1), (3159, 1), (3211, 2), (3351, 1), (3504, 1), (4032, 1), (4049, 2), (4180, 3), (4193, 4), (4207, 1), (4591, 2), (4666, 4)
prometem (DF: 1): (1087, 2)
prometh (DF: 1): (2014, 3)
promethazin (DF: 10): (183, 1), (1378, 2), (1836, 1), (2014, 3), (2048, 1), (2192, 1), (2477, 1), (2644, 1), (4339, 1), (4963, 2)
prometo (DF: 1): (1278, 4)
promett (DF: 2): (1000, 1), (4873, 2)
promi (DF: 1): (4743, 1)
promin (DF: 3): (1559, 2), (4182, 1), (4572, 1)
promis (DF: 174): (8, 4), (58, 4), (69, 3), (98, 1), (100, 1), (102, 4), (142, 4), (189, 3), (190, 1), (220, 1), (223, 1), (258, 1), (271, 4), (337, 1), (340, 4), (358, 1), (420, 2), (429, 2), (459, 4), (492, 1), (497, 1), (599, 1), (644, 8), (647, 1), (699, 1), (722, 1), (738, 1), (831, 2), (876, 2), (930, 4), (946, 2), (969, 1), (1087, 8), (1156, 8), (1162, 1), (1217, 2), (1230, 2), (1245, 10), (1261, 1), (1267, 2), (1286, 1), (1337, 1), (1388, 1), (1396, 1), (1445, 2), (1475, 1), (1480, 1), (1494, 2), (1525, 3), (1546, 3), (1570, 2), (1587, 4), (1589, 3), (1594, 1), (1599, 1), (1612, 15), (1617, 2), (1642, 1), (1643, 3), (1675, 1), (1697, 2), (1725, 2), (1726, 3), (1750, 1), (1801, 1), (1839, 3), (1872, 1), (1874, 1), (1892, 1), (1893, 1), (1901, 1), (1928, 2), (1948, 1), (1959, 1), (1961, 2), (1965, 2), (1972, 1), (2014, 3), (2022, 6), (2061, 1), (2099, 2), (2101, 4), (2161, 8), (2167, 1), (2193, 1), (2215, 1), (2228, 1), (2229, 2), (2246, 1), (2256, 1), (2295, 1), (2374, 1), (2388, 1), (2393, 1), (2449, 2), (2468, 6), (2472, 1), (2491, 1), (2528, 3), (2560, 2), (2568, 1), (2569, 1), (2580, 14), (2589, 4), (2634, 2), (2646, 1), (2669, 1), (2714, 1), (2757, 1), (2768, 2), (2769, 2), (2779, 1), (2783, 2), (2787, 1), (3075, 1), (3164, 2), (3189, 2), (3194, 1), (3198, 2), (3278, 6), (3306, 2), (3317, 14), (3362, 13), (3371, 1), (3439, 1), (3472, 6), (3507, 1), (3510, 1), (3549, 1), (3565, 2), (3575, 2), (3618, 2), (3682, 40), (3690, 22), (3728, 1), (3747, 1), (3761, 6), (3765, 4), (3767, 1), (3801, 1), (3805, 1), (3808, 2), (3833, 1), (3846, 1), (3889, 3), (3910, 2), (3923, 1), (3933, 1), (3977, 4), (4020, 1), (4093, 1), (4101, 1), (4103, 2), (4137, 3), (4213, 1), (4278, 1), (4305, 2), (4332, 1), (4392, 1), (4396, 1), (4402, 6), (4488, 4), (4564, 6), (4611, 1), (4644, 1), (4728, 1), (4733, 1), (4781, 1), (4823, 1), (4858, 2), (4868, 1), (4880, 2), (4947, 1), (4968, 1)
promo (DF: 1): (268, 1)
promot (DF: 9): (1545, 1), (1712, 1), (1777, 2), (2315, 1), (3597, 2), (4046, 1), (4229, 2), (4490, 1), (4933, 1)
prompt (DF: 2): (2115, 1), (3089, 1)
promuj (DF: 1): (4358, 1)
prométem (DF: 1): (1087, 4)
prone (DF: 1): (4828, 1)
pronostic (DF: 1): (540, 1)
pronounc (DF: 7): (2046, 1), (2562, 1), (2660, 1), (2872, 1), (3110, 1), (3532, 1), (4767, 1)
pront (DF: 18): (628, 1), (651, 1), (918, 1), (1000, 1), (1013, 4), (1193, 1), (1563, 1), (1582, 3), (1842, 2), (2529, 2), (2681, 1), (3588, 2), (3823, 1), (3972, 2), (4666, 1), (4671, 2), (4709, 1), (4729, 1)
pronta (DF: 1): (3870, 1)
prontit (DF: 1): (3555, 3)
pronto (DF: 2): (749, 2), (4818, 1)
pronunci (DF: 1): (580, 1)
proof (DF: 23): (140, 2), (497, 1), (523, 1), (574, 1), (1043, 3), (1448, 3), (1839, 3), (1922, 1), (2014, 3), (2116, 1), (3057, 1), (3079, 6), (3391, 2), (3535, 2), (3982, 8), (4047, 1), (4413, 1), (4468, 1), (4764, 1), (4827, 1), (4907, 1), (4971, 1), (4984, 1)
proooost (DF: 1): (681, 1)
proosten (DF: 1): (4849, 1)
prop (DF: 12): (574, 1), (731, 1), (1564, 1), (1708, 1), (1885, 2), (3019, 1), (3494, 1), (3731, 1), (3949, 3), (4023, 1), (4468, 2), (4690, 1)
propag (DF: 1): (4916, 1)
propagand (DF: 1): (4507, 1)
propaganda (DF: 2): (991, 1), (2230, 1)
propan (DF: 2): (69, 3), (2084, 1)
propel (DF: 2): (1256, 1), (4905, 1)
propell (DF: 1): (3048, 1)
proper (DF: 4): (988, 2), (2500, 1), (2665, 1), (3460, 1)
properti (DF: 2): (169, 3), (753, 1)
propheci (DF: 8): (558, 1), (1378, 4), (1540, 1), (2082, 1), (3181, 2), (3416, 2), (4171, 3), (4310, 1)
prophes (DF: 2): (490, 1), (4026, 1)
prophesi (DF: 1): (2737, 3)
prophet (DF: 9): (72, 1), (558, 1), (1110, 1), (1618, 1), (1957, 2), (2580, 1), (4027, 1), (4310, 1), (4904, 3)
prophit (DF: 1): (4844, 1)
propi (DF: 4): (399, 1), (3569, 1), (4560, 1), (4939, 1)
propin (DF: 1): (3851, 1)
propio (DF: 1): (1257, 1)
propon (DF: 1): (1022, 1)
propong (DF: 2): (3401, 2), (4711, 1)
proportion (DF: 1): (3152, 1)
propos (DF: 5): (1343, 1), (3024, 1), (3479, 1), (3529, 1), (4042, 1)
proposit (DF: 1): (2510, 1)
proposta (DF: 1): (1278, 1)
proppet (DF: 1): (4295, 1)
propr (DF: 5): (63, 2), (1485, 1), (1850, 1), (2549, 1), (3316, 1)
propuest (DF: 3): (14, 1), (1005, 3), (4729, 1)
pros (DF: 4): (1881, 2), (3215, 1), (4165, 1), (4731, 1)
prosa (DF: 1): (1659, 3)
prose (DF: 3): (129, 1), (2640, 2), (4427, 2)
prosig (DF: 1): (328, 1)
prosper (DF: 2): (1203, 1), (3144, 1)
prosperar (DF: 1): (4167, 1)
prosperidad (DF: 1): (4167, 1)
prostitut (DF: 7): (346, 1), (1463, 1), (1618, 1), (2771, 1), (2847, 1), (4319, 1), (4669, 1)
prostitution (DF: 1): (2328, 1)
prostrat (DF: 1): (4177, 1)
prosz (DF: 2): (1197, 1), (4582, 1)
protagon (DF: 3): (577, 1), (3344, 1), (3903, 1)
protagonista (DF: 1): (1669, 2)
protect (DF: 34): (74, 2), (248, 1), (1196, 1), (1263, 1), (1330, 1), (1547, 14), (1581, 1), (1704, 2), (1835, 1), (2042, 1), (2126, 1), (2161, 6), (2192, 1), (2254, 3), (2361, 1), (2584, 1), (2592, 1), (2658, 1), (2773, 1), (2811, 2), (2900, 1), (3238, 1), (3347, 1), (3568, 1), (3701, 3), (3759, 2), (3900, 1), (4218, 5), (4254, 1), (4330, 1), (4353, 1), (4830, 1), (4897, 1), (4904, 1)
protector (DF: 3): (3177, 1), (4236, 1), (4808, 1)
proteg (DF: 3): (791, 1), (1582, 1), (2098, 1)
protein (DF: 1): (3985, 1)
protej (DF: 1): (460, 1)
protest (DF: 4): (1345, 2), (1833, 1), (2750, 1), (3184, 1)
proton (DF: 1): (4244, 1)
prototip (DF: 2): (3111, 1), (4210, 1)
prototyp (DF: 4): (597, 1), (1218, 1), (1813, 1), (3718, 4)
protéger (DF: 1): (3660, 1)
proud (DF: 65): (5, 2), (148, 1), (456, 1), (553, 1), (571, 1), (646, 1), (829, 1), (859, 41), (935, 4), (1145, 2), (1186, 2), (1475, 1), (1554, 1), (1581, 1), (1612, 2), (1710, 1), (1802, 1), (1911, 1), (1913, 1), (2007, 2), (2019, 2), (2039, 1), (2273, 6), (2282, 10), (2318, 2), (2405, 1), (2500, 1), (2582, 2), (2584, 2), (2607, 1), (2634, 1), (2747, 1), (2827, 4), (2853, 2), (2894, 1), (2910, 2), (3089, 1), (3128, 1), (3129, 1), (3137, 1), (3241, 1), (3246, 2), (3262, 2), (3268, 1), (3393, 1), (3505, 2), (3789, 1), (3806, 2), (3934, 1), (4243, 2), (4292, 3), (4317, 1), (4355, 1), (4409, 19), (4472, 1), (4569, 1), (4581, 2), (4598, 1), (4664, 1), (4813, 5), (4829, 1), (4892, 3), (4905, 1), (4963, 4), (4968, 1)
proudest (DF: 1): (976, 2)
prov (DF: 7): (9, 7), (187, 1), (438, 2), (1000, 1), (1010, 1), (1987, 4), (3972, 2)
provando (DF: 1): (2711, 6)
prove (DF: 57): (40, 1), (55, 2), (188, 1), (446, 1), (499, 24), (618, 1), (680, 2), (717, 3), (883, 3), (993, 1), (1038, 1), (1191, 1), (1319, 1), (1372, 1), (1374, 2), (1482, 1), (1581, 1), (1663, 2), (1688, 3), (1756, 2), (1870, 1), (1970, 2), (2005, 2), (2046, 1), (2058, 1), (2160, 1), (2246, 2), (2250, 1), (2277, 1), (2330, 1), (2366, 1), (2412, 1), (2490, 4), (2541, 2), (2639, 1), (2641, 2), (2794, 1), (2835, 1), (2865, 1), (3169, 4), (3278, 2), (3539, 1), (3562, 1), (3658, 1), (3688, 2), (3770, 3), (3828, 1), (3912, 1), (4229, 2), (4234, 2), (4303, 1), (4520, 1), (4553, 1), (4727, 1), (4837, 1), (4875, 1), (4907, 1)
