is (DF: 54): (46, 1), (127, 1), (252, 2), (355, 1), (364, 1), (371, 1), (450, 1), (476, 1), (483, 1), (512, 1), (836, 1), (858, 2), (890, 1), (910, 1), (1218, 1), (1228, 1), (1284, 1), (1453, 1), (1461, 1), (1577, 1), (1631, 1), (1633, 1), (1654, 1), (1769, 1), (1953, 1), (1963, 1), (1978, 1), (2078, 4), (2429, 1), (2648, 4), (2757, 1), (3092, 1), (3111, 1), (3158, 1), (3211, 1), (3419, 2), (3480, 1), (3492, 1), (3596, 1), (3614, 1), (3631, 1), (3823, 1), (3891, 1), (3984, 1), (3996, 1), (4034, 1), (4124, 2), (4209, 1), (4285, 2), (4344, 1), (4419, 1), (4591, 1), (4782, 1), (4954, 1)
isa (DF: 1): (871, 1)
isaac (DF: 1): (712, 1)
isabel (DF: 1): (1411, 1)
isaiah (DF: 1): (1202, 1)
isang (DF: 3): (0, 2), (871, 1), (4815, 2)
iscariot (DF: 1): (858, 1)
isch (DF: 1): (4816, 2)
ish (DF: 2): (684, 1), (1092, 1)
isi (DF: 1): (2563, 1)
isid (DF: 1): (3717, 1)
isigaw (DF: 1): (4563, 1)
isiliy (DF: 1): (149, 1)
isl (DF: 4): (487, 1), (1801, 1), (2676, 1), (2682, 1)
isla (DF: 3): (1411, 1), (1932, 2), (4236, 1)
islah (DF: 2): (2091, 1), (2356, 1)
islam (DF: 1): (204, 1)
island (DF: 21): (47, 1), (134, 2), (469, 2), (688, 1), (743, 2), (825, 3), (1036, 1), (1229, 1), (1706, 1), (2261, 2), (2267, 6), (2315, 1), (2747, 1), (3436, 4), (3704, 1), (3731, 1), (3964, 1), (4221, 2), (4264, 3), (4646, 4), (4760, 2)
islas (DF: 1): (3891, 1)
ismail (DF: 1): (1244, 1)
isnt (DF: 4): (1297, 1), (1455, 1), (2056, 1), (2145, 1)
isol (DF: 7): (1600, 1), (2310, 1), (2682, 4), (2808, 1), (3303, 1), (3948, 1), (3972, 1)
isouljaboytellem (DF: 1): (1275, 1)
isqueiro (DF: 1): (3007, 8)
israel (DF: 1): (1218, 1)
iss (DF: 1): (149, 4)
issa (DF: 4): (2906, 1), (3127, 1), (3293, 3), (4736, 7)
issdamyeon (DF: 1): (32, 1)
isseodo (DF: 1): (32, 1)
issg (DF: 1): (32, 3)
issgessji (DF: 1): (32, 1)
isso (DF: 11): (213, 1), (1183, 4), (1787, 2), (1895, 1), (2242, 1), (2539, 2), (2839, 3), (3364, 1), (3480, 14), (3838, 6), (3955, 3)
issu (DF: 29): (69, 1), (505, 7), (606, 1), (1275, 4), (1573, 2), (1613, 1), (1704, 1), (1725, 2), (1860, 1), (2056, 1), (2201, 1), (2217, 1), (2374, 2), (2666, 1), (2767, 1), (3278, 2), (3355, 1), (3425, 1), (3553, 2), (3807, 2), (3873, 1), (4107, 2), (4255, 1), (4314, 4), (4663, 2), (4699, 1), (4779, 4), (4982, 1), (507, 2)
ist (DF: 1): (3599, 3)
istant (DF: 1): (1848, 3)
istem (DF: 1): (4686, 1)
istrefi (DF: 1): (3085, 1)
isyan (DF: 1): (2050, 1)
it (DF: 26): (227, 4), (858, 1), (1004, 2), (1008, 2), (1033, 2), (1215, 1), (1461, 3), (1627, 2), (1803, 2), (2309, 8), (2757, 1), (3284, 4), (3313, 11), (3342, 1), (3419, 5), (3492, 4), (3823, 1), (3903, 1), (4152, 2), (4246, 1), (4257, 10), (4386, 8), (4440, 2), (4651, 1), (4909, 2), (4916, 2)
it1991 (DF: 1): (4933, 1)
it40 (DF: 1): (4963, 1)
ita (DF: 2): (12, 36), (4207, 1)
ital (DF: 2): (4088, 1), (4992, 1)
itali (DF: 5): (2856, 1), (3184, 1), (3356, 1), (3905, 1), (4837, 1)
italia (DF: 3): (1836, 1), (2192, 1), (4107, 1)
italian (DF: 26): (9, 2), (16, 1), (358, 1), (711, 1), (1000, 2), (1010, 2), (1218, 1), (1800, 2), (1818, 2), (1848, 2), (2059, 2), (2315, 1), (2498, 2), (2518, 2), (2549, 2), (2567, 4), (3210, 2), (3295, 2), (3316, 2), (3491, 2), (3717, 2), (3954, 2), (3972, 2), (4086, 2), (4873, 2), (4890, 2)
italiana (DF: 2): (358, 1), (2640, 6)
italo (DF: 1): (3297, 1)
italobroth (DF: 1): (1998, 1)
itas (DF: 1): (567, 6)
itch (DF: 6): (737, 1), (746, 4), (823, 1), (1505, 22), (1657, 1), (1846, 1)
itchi (DF: 1): (842, 4)
itchin (DF: 2): (846, 3), (3338, 2)
itcura (DF: 1): (3565, 1)
ithi (DF: 1): (3399, 1)
ithink (DF: 1): (2174, 1)
iti (DF: 1): (4837, 1)
ito (DF: 5): (0, 1), (3887, 1), (4704, 1), (4815, 1), (4910, 1)
itsgoin (DF: 1): (4105, 1)
itsumo (DF: 2): (1102, 1), (4373, 2)
iubirea (DF: 1): (335, 2)
ium (DF: 1): (2840, 1)
iv (DF: 9): (276, 3), (389, 1), (1419, 1), (2577, 1), (3268, 3), (3351, 2), (4122, 1), (4433, 1), (4883, 1)
ivan (DF: 2): (552, 1), (2351, 1)
ive (DF: 1): (3902, 3)
iver (DF: 1): (607, 1)
ivi (DF: 5): (569, 1), (3534, 1), (3606, 1), (4122, 1), (4319, 1)
ivori (DF: 6): (583, 1), (1012, 1), (1187, 1), (2244, 1), (2436, 1), (4696, 1)
ivress (DF: 1): (3213, 1)
ivu (DF: 2): (1004, 1), (4909, 1)
ivy (DF: 2): (1046, 4), (3853, 3)
iwan (DF: 1): (871, 1)
iwe (DF: 1): (4247, 1)
iwo (DF: 1): (430, 2)
ixzo (DF: 1): (676, 1)
iyakan (DF: 1): (1489, 1)
iyami (DF: 1): (430, 3)
iye (DF: 1): (430, 1)
iyo (DF: 1): (871, 1)
