theme (DF: 6): (1123, 4), (2571, 1), (3069, 2), (3278, 2), (4438, 2), (4832, 1)
themelody (DF: 1): (3697, 1)
themoney (DF: 1): (4282, 4)
then (DF: 3): (1008, 2), (3419, 1), (4440, 1)
theo (DF: 1): (2014, 3)
theodor (DF: 1): (2014, 3)
theophilus (DF: 1): (1635, 1)
theorem (DF: 1): (1821, 1)
theori (DF: 10): (288, 1), (877, 1), (1346, 2), (1922, 1), (2174, 1), (2552, 1), (2583, 1), (2787, 1), (4393, 1), (4622, 1)
thepoolboi (DF: 1): (3460, 1)
ther (DF: 4): (2757, 2), (2771, 12), (3284, 2), (4124, 4)
therapi (DF: 10): (232, 1), (1368, 3), (1644, 1), (2045, 1), (2145, 1), (2522, 2), (2615, 14), (3343, 2), (3380, 1), (4981, 11)
therapist (DF: 4): (167, 6), (3394, 3), (3741, 1), (4138, 2)
there (DF: 6): (541, 1), (1952, 2), (2462, 3), (2821, 1), (2856, 1), (4453, 2)
thereabout (DF: 1): (546, 1)
therealvsp (DF: 1): (4072, 2)
therefor (DF: 3): (1328, 1), (1594, 1), (4303, 1)
therein (DF: 1): (4836, 1)
theresa (DF: 1): (3730, 1)
thermomet (DF: 1): (1304, 1)
thes (DF: 1): (3284, 2)
they (DF: 7): (1008, 2), (1296, 1), (1461, 1), (2328, 2), (2681, 1), (2757, 2), (4347, 1)
theyd (DF: 1): (2083, 1)
theyself (DF: 2): (3879, 4), (4731, 1)
theyselv (DF: 1): (3731, 1)
thi (DF: 5): (1834, 2), (1964, 1), (3406, 3), (3805, 2), (4461, 1)
thiago (DF: 1): (1895, 1)
thick (DF: 36): (179, 2), (547, 1), (1092, 1), (1361, 1), (1391, 6), (1403, 1), (1413, 1), (1414, 1), (1416, 1), (1490, 1), (1556, 1), (1732, 1), (2042, 1), (2199, 1), (2206, 1), (2264, 2), (2323, 1), (2399, 1), (2547, 6), (2706, 2), (2802, 2), (2899, 1), (3188, 2), (3237, 2), (3317, 7), (3571, 3), (3681, 6), (3826, 4), (4185, 1), (4262, 1), (4376, 8), (4443, 1), (4558, 12), (4669, 1), (4771, 2), (4905, 1)
thicken (DF: 1): (4533, 1)
thicker (DF: 6): (97, 1), (153, 2), (2687, 1), (2767, 1), (4446, 1), (4866, 1)
thicki (DF: 1): (3232, 1)
thief (DF: 7): (121, 1), (886, 2), (3057, 1), (3407, 1), (3742, 3), (4452, 1), (4646, 1)
thiev (DF: 5): (2357, 1), (3578, 1), (3624, 1), (3763, 1), (4731, 1)
thigh (DF: 33): (31, 1), (140, 2), (285, 1), (422, 1), (691, 1), (738, 1), (740, 1), (988, 1), (1076, 1), (1092, 1), (1378, 2), (1436, 1), (1535, 2), (1840, 1), (2037, 1), (2208, 1), (2218, 1), (2482, 3), (2730, 1), (2871, 1), (2884, 1), (2899, 1), (3053, 1), (3095, 2), (3271, 1), (3337, 3), (3486, 1), (3513, 1), (4188, 2), (4762, 1), (4828, 1), (4982, 1), (4997, 1)
thil (DF: 1): (2021, 1)
thin (DF: 36): (81, 1), (97, 1), (147, 2), (286, 1), (290, 1), (343, 1), (527, 1), (920, 1), (1001, 1), (1162, 1), (1189, 1), (1247, 1), (1403, 1), (1414, 1), (1529, 4), (2061, 1), (2264, 2), (2323, 1), (2334, 1), (2547, 6), (2607, 1), (2723, 1), (3118, 1), (3147, 1), (3234, 2), (3301, 1), (3775, 23), (3786, 2), (3987, 1), (4062, 1), (4111, 1), (4376, 4), (4450, 4), (4516, 1), (4557, 1), (4739, 1)
thine (DF: 1): (2293, 2)
thing (DF: 986): (2, 1), (3, 1), (4, 1), (13, 9), (17, 6), (20, 2), (22, 4), (26, 3), (29, 2), (31, 3), (40, 3), (56, 1), (58, 3), (59, 1), (70, 1), (81, 1), (88, 1), (92, 1), (106, 5), (110, 2), (132, 1), (137, 2), (139, 1), (145, 1), (153, 2), (162, 1), (176, 3), (181, 1), (188, 4), (197, 2), (203, 4), (205, 1), (208, 3), (220, 2), (228, 1), (235, 1), (236, 1), (237, 1), (244, 1), (245, 1), (249, 4), (260, 2), (262, 1), (267, 2), (272, 1), (274, 16), (275, 4), (287, 2), (289, 3), (298, 1), (299, 1), (300, 1), (305, 1), (306, 1), (308, 1), (321, 2), (322, 1), (336, 1), (339, 1), (352, 1), (356, 4), (359, 4), (365, 1), (369, 1), (373, 3), (376, 2), (380, 1), (385, 2), (392, 1), (402, 6), (405, 1), (406, 1), (407, 2), (409, 2), (418, 1), (427, 2), (431, 3), (435, 1), (445, 1), (449, 1), (451, 1), (453, 1), (463, 2), (485, 1), (486, 1), (490, 3), (496, 1), (499, 2), (500, 1), (513, 2), (515, 20), (516, 3), (523, 1), (527, 1), (535, 16), (541, 1), (543, 1), (544, 1), (547, 2), (549, 2), (551, 2), (554, 1), (560, 3), (563, 1), (571, 5), (574, 1), (583, 1), (586, 8), (593, 1), (597, 2), (605, 2), (606, 1), (614, 1), (619, 3), (622, 1), (644, 4), (646, 1), (660, 1), (663, 1), (664, 1), (666, 3), (668, 1), (670, 4), (672, 1), (674, 2), (675, 6), (677, 1), (694, 2), (699, 1), (709, 1), (710, 1), (716, 1), (729, 4), (737, 1), (738, 1), (742, 2), (744, 1), (751, 12), (752, 1), (753, 1), (755, 1), (768, 4), (769, 3), (772, 2), (774, 1), (779, 1), (781, 2), (789, 5), (795, 1), (800, 1), (801, 1), (802, 1), (803, 1), (804, 1), (805, 1), (807, 4), (814, 8), (820, 3), (822, 5), (826, 3), (842, 1), (847, 2), (848, 4), (856, 1), (860, 1), (865, 1), (868, 4), (870, 1), (876, 2), (882, 2), (895, 1), (898, 1), (904, 3), (914, 1), (922, 1), (927, 2), (929, 2), (930, 1), (936, 4), (942, 1), (952, 3), (956, 1), (965, 18), (968, 1), (973, 1), (974, 1), (975, 5), (978, 2), (983, 4), (993, 2), (994, 1), (999, 1), (1003, 4), (1006, 1), (1008, 2), (1012, 2), (1019, 3), (1021, 3), (1024, 2), (1026, 1), (1029, 3), (1044, 1), (1050, 1), (1052, 1), (1058, 1), (1075, 4), (1085, 1), (1091, 1), (1097, 1), (1106, 1), (1110, 1), (1111, 1), (1113, 1), (1127, 3), (1131, 1), (1136, 4), (1138, 1), (1142, 5), (1154, 1), (1158, 4), (1160, 2), (1169, 4), (1180, 12), (1184, 1), (1189, 1), (1192, 4), (1194, 2), (1201, 1), (1205, 1), (1207, 6), (1210, 2), (1212, 8), (1217, 18), (1219, 2), (1227, 1), (1233, 2), (1242, 2), (1257, 1), (1266, 42), (1267, 1), (1304, 2), (1306, 2), (1312, 1), (1314, 2), (1317, 3), (1319, 1), (1327, 3), (1334, 6), (1338, 2), (1344, 2), (1346, 2), (1347, 2), (1354, 1), (1357, 2), (1361, 1), (1374, 2), (1392, 4), (1393, 1), (1402, 2), (1403, 1), (1404, 1), (1412, 1), (1414, 1), (1419, 1), (1420, 1), (1425, 2), (1427, 1), (1434, 1), (1436, 1), (1438, 1), (1439, 29), (1440, 1), (1442, 1), (1445, 1), (1449, 1), (1454, 1), (1460, 8), (1475, 7), (1482, 2), (1488, 3), (1490, 4), (1500, 42), (1509, 6), (1510, 9), (1513, 17), (1520, 2), (1525, 3), (1527, 18), (1534, 3), (1544, 1), (1547, 3), (1548, 6), (1550, 4), (1553, 15), (1554, 3), (1558, 1), (1559, 2), (1560, 2), (1565, 1), (1569, 3), (1571, 2), (1573, 2), (1575, 1), (1587, 14), (1588, 1), (1594, 1), (1598, 48), (1599, 4), (1601, 2), (1602, 1), (1604, 2), (1609, 2), (1614, 1), (1615, 1), (1620, 1), (1629, 1), (1634, 1), (1640, 1), (1642, 1), (1643, 1), (1645, 2), (1649, 2), (1650, 3), (1656, 1), (1660, 1), (1666, 2), (1672, 2), (1675, 1), (1678, 3), (1684, 1), (1688, 4), (1691, 8), (1693, 3), (1697, 2), (1703, 1), (1705, 1), (1710, 1), (1713, 1), (1718, 1), (1720, 6), (1729, 3), (1730, 2), (1733, 1), (1737, 1), (1746, 6), (1748, 1), (1749, 1), (1760, 1), (1766, 2), (1768, 1), (1770, 6), (1780, 1), (1783, 2), (1789, 1), (1791, 1), (1792, 1), (1793, 1), (1797, 1), (1804, 1), (1812, 1), (1816, 3), (1822, 3), (1831, 1), (1838, 2), (1840, 12), (1852, 1), (1854, 2), (1861, 1), (1864, 1), (1867, 1), (1869, 1), (1876, 3), (1893, 1), (1899, 1), (1904, 1), (1911, 5), (1912, 4), (1929, 1), (1931, 6), (1956, 1), (1958, 4), (1964, 1), (1965, 1), (1968, 2), (1972, 2), (1981, 1), (1983, 1), (1988, 1), (1990, 1), (1996, 3), (1997, 3), (1999, 6), (2000, 2), (2001, 1), (2002, 2), (2022, 1), (2025, 1), (2040, 1), (2048, 1), (2055, 2), (2060, 1), (2065, 2), (2067, 1), (2075, 1), (2085, 1), (2087, 2), (2105, 1), (2106, 3), (2113, 2), (2131, 9), (2135, 1), (2139, 10), (2143, 3), (2146, 2), (2158, 1), (2159, 2), (2161, 4), (2171, 3), (2173, 1), (2177, 1), (2186, 3), (2188, 1), (2191, 1), (2195, 1), (2199, 1), (2200, 5), (2206, 6), (2213, 1), (2219, 3), (2224, 1), (2225, 1), (2228, 1), (2233, 3), (2235, 2), (2240, 1), (2246, 1), (2252, 2), (2255, 1), (2264, 8), (2265, 1), (2266, 9), (2270, 1), (2271, 1), (2272, 1), (2281, 6), (2282, 4), (2286, 1), (2294, 1), (2296, 8), (2300, 3), (2317, 6), (2318, 2), (2332, 1), (2333, 1), (2337, 1), (2338, 4), (2339, 1), (2352, 1), (2361, 1), (2365, 2), (2374, 2), (2384, 4), (2385, 1), (2386, 2), (2387, 1), (2388, 1), (2402, 9), (2408, 1), (2413, 1), (2416, 4), (2419, 1), (2423, 2), (2424, 2), (2433, 1), (2440, 1), (2442, 8), (2447, 2), (2448, 1), (2450, 1), (2459, 1), (2460, 1), (2462, 1), (2470, 2), (2472, 1), (2474, 1), (2477, 2), (2489, 1), (2494, 1), (2500, 2), (2506, 1), (2509, 2), (2522, 2), (2525, 1), (2526, 1), (2542, 2), (2548, 2), (2557, 1), (2560, 4), (2569, 2), (2570, 3), (2575, 2), (2576, 2), (2578, 2), (2580, 2), (2586, 4), (2589, 2), (2591, 4), (2594, 2), (2597, 1), (2599, 11), (2607, 1), (2608, 1), (2614, 1), (2618, 1), (2630, 1), (2633, 1), (2634, 3), (2636, 2), (2639, 1), (2647, 3), (2649, 2), (2652, 3), (2663, 5), (2664, 1), (2665, 2), (2683, 5), (2687, 1), (2691, 1), (2693, 1), (2695, 2), (2699, 3), (2704, 1), (2705, 2), (2708, 2), (2723, 1), (2724, 4), (2730, 1), (2735, 1), (2741, 5), (2744, 2), (2745, 2), (2749, 2), (2752, 2), (2761, 1), (2765, 2), (2768, 3), (2769, 6), (2771, 1), (2775, 1), (2779, 1), (2788, 2), (2793, 1), (2794, 3), (2799, 12), (2801, 2), (2811, 4), (2812, 1), (2819, 2), (2821, 2), (2823, 4), (2832, 3), (2847, 1), (2856, 2), (2868, 4), (2872, 1), (2878, 1), (2880, 1), (2884, 1), (2888, 1), (2892, 1), (2896, 1), (2908, 1), (2914, 1), (2920, 3), (2921, 1), (2922, 7), (2925, 4), (2930, 1), (2932, 2), (2935, 3), (2941, 1), (2955, 3), (2959, 1), (2963, 11), (2964, 1), (2971, 3), (2974, 1), (2981, 3), (2984, 1), (2988, 6), (2991, 2), (2992, 1), (2994, 2), (2996, 2), (3015, 2), (3016, 1), (3018, 1), (3022, 4), (3030, 1), (3036, 4), (3051, 4), (3053, 4), (3054, 1), (3065, 1), (3076, 1), (3084, 3), (3087, 1), (3089, 1), (3095, 2), (3097, 1), (3102, 1), (3105, 1), (3109, 1), (3113, 1), (3116, 2), (3131, 4), (3136, 1), (3151, 1), (3152, 1), (3160, 3), (3161, 1), (3173, 1), (3178, 1), (3179, 2), (3184, 4), (3189, 1), (3190, 2), (3198, 5), (3202, 2), (3204, 5), (3206, 2), (3208, 2), (3225, 3), (3227, 1), (3229, 2), (3230, 2), (3237, 8), (3265, 3), (3271, 1), (3272, 1), (3275, 2), (3276, 1), (3278, 6), (3300, 2), (3307, 2), (3312, 1), (3315, 2), (3318, 2), (3327, 2), (3331, 2), (3333, 2), (3334, 12), (3335, 1), (3359, 1), (3362, 1), (3365, 3), (3367, 1), (3370, 1), (3375, 1), (3377, 1), (3385, 1), (3390, 4), (3394, 3), (3402, 1), (3425, 1), (3426, 1), (3428, 3), (3436, 1), (3438, 1), (3439, 1), (3444, 2), (3450, 1), (3457, 9), (3464, 2), (3465, 1), (3468, 1), (3469, 4), (3474, 1), (3475, 12), (3484, 3), (3485, 1), (3512, 3), (3528, 3), (3533, 7), (3542, 1), (3544, 2), (3545, 4), (3548, 2), (3551, 3), (3553, 4), (3554, 2), (3558, 2), (3564, 6), (3573, 2), (3574, 3), (3582, 1), (3583, 4), (3589, 1), (3600, 1), (3601, 6), (3611, 1), (3612, 1), (3619, 2), (3620, 1), (3625, 2), (3633, 6), (3634, 1), (3648, 1), (3649, 2), (3654, 1), (3658, 1), (3664, 2), (3672, 3), (3683, 1), (3685, 6), (3688, 6), (3694, 5), (3695, 2), (3698, 6), (3703, 84), (3707, 2), (3709, 2), (3715, 8), (3718, 1), (3727, 1), (3733, 1), (3735, 1), (3739, 2), (3740, 1), (3742, 3), (3745, 1), (3747, 1), (3749, 42), (3753, 1), (3756, 2), (3766, 3), (3773, 2), (3778, 1), (3779, 1), (3783, 1), (3786, 2), (3789, 2), (3790, 2), (3791, 1), (3792, 6), (3799, 2), (3807, 10), (3809, 1), (3810, 2), (3811, 2), (3813, 1), (3830, 1), (3834, 6), (3836, 1), (3844, 4), (3845, 1), (3847, 2), (3855, 12), (3856, 1), (3858, 3), (3860, 1), (3878, 1), (3888, 1), (3892, 4), (3893, 1), (3895, 3), (3902, 1), (3904, 9), (3917, 1), (3921, 1), (3922, 1), (3930, 3), (3931, 1), (3935, 11), (3937, 2), (3944, 4), (3947, 5), (3960, 2), (3967, 1), (3971, 1), (3985, 2), (3988, 1), (3989, 3), (3990, 7), (3991, 1), (3992, 13), (3999, 1), (4003, 1), (4006, 1), (4007, 1), (4023, 2), (4027, 1), (4031, 2), (4045, 1), (4050, 1), (4051, 3), (4066, 1), (4071, 2), (4072, 1), (4075, 1), (4077, 4), (4083, 1), (4095, 1), (4099, 1), (4105, 1), (4106, 1), (4110, 1), (4112, 1), (4116, 3), (4135, 1), (4139, 15), (4144, 2), (4146, 1), (4155, 2), (4156, 2), (4165, 1), (4168, 2), (4182, 1), (4185, 1), (4203, 1), (4206, 3), (4211, 1), (4213, 1), (4216, 10), (4218, 1), (4225, 3), (4226, 1), (4229, 2), (4232, 4), (4234, 4), (4240, 1), (4241, 11), (4242, 2), (4249, 2), (4254, 1), (4255, 1), (4266, 1), (4268, 1), (4274, 1), (4278, 4), (4281, 1), (4284, 14), (4291, 2), (4298, 1), (4301, 6), (4302, 2), (4313, 1), (4317, 3), (4319, 1), (4326, 3), (4329, 1), (4334, 1), (4335, 7), (4337, 4), (4343, 3), (4349, 18), (4355, 3), (4372, 3), (4380, 4), (4381, 1), (4384, 2), (4389, 2), (4397, 2), (4398, 3), (4404, 1), (4417, 4), (4426, 2), (4427, 1), (4428, 5), (4431, 12), (4441, 1), (4443, 1), (4449, 2), (4451, 90), (4452, 2), (4461, 1), (4464, 1), (4477, 1), (4487, 1), (4488, 4), (4494, 1), (4500, 6), (4514, 2), (4517, 2), (4526, 1), (4536, 2), (4543, 2), (4547, 1), (4548, 3), (4552, 1), (4553, 4), (4561, 1), (4564, 1), (4572, 1), (4579, 1), (4580, 1), (4585, 2), (4593, 2), (4595, 1), (4598, 1), (4600, 1), (4602, 1), (4604, 1), (4610, 1), (4624, 9), (4634, 2), (4637, 4), (4638, 3), (4640, 1), (4643, 7), (4646, 3), (4647, 1), (4649, 1), (4654, 1), (4662, 1), (4670, 3), (4672, 1), (4681, 2), (4689, 1), (4694, 1), (4698, 1), (4701, 3), (4716, 1), (4720, 3), (4723, 1), (4726, 1), (4727, 1), (4731, 1), (4733, 1), (4742, 1), (4745, 1), (4746, 1), (4751, 4), (4753, 1), (4757, 2), (4762, 1), (4764, 1), (4770, 1), (4777, 1), (4786, 1), (4787, 1), (4788, 2), (4789, 22), (4793, 4), (4794, 1), (4796, 2), (4805, 1), (4811, 6), (4821, 3), (4825, 1), (4829, 1), (4830, 3), (4834, 1), (4837, 4), (4838, 10), (4843, 3), (4844, 1), (4845, 2), (4863, 1), (4871, 6), (4875, 1), (4877, 5), (4878, 1), (4880, 3), (4881, 1), (4882, 1), (4883, 8), (4887, 2), (4897, 3), (4900, 1), (4905, 1), (4907, 1), (4913, 1), (4918, 4), (4922, 2), (4925, 1), (4926, 2), (4930, 3), (4936, 6), (4943, 1), (4944, 1), (4947, 1), (4963, 1), (4978, 8), (4982, 2), (4983, 4)
think (DF: 1075): (2, 2), (3, 2), (11, 6), (26, 3), (27, 1), (31, 1), (45, 1), (47, 1), (49, 1), (51, 1), (54, 4), (56, 2), (59, 1), (64, 2), (65, 9), (69, 2), (72, 2), (79, 1), (80, 2), (83, 3), (89, 4), (90, 1), (92, 1), (106, 3), (113, 3), (120, 5), (121, 1), (130, 1), (132, 1), (134, 1), (138, 6), (153, 2), (154, 1), (160, 1), (174, 1), (176, 6), (183, 1), (191, 1), (194, 3), (197, 2), (205, 2), (206, 3), (209, 2), (220, 6), (224, 3), (226, 1), (232, 1), (235, 1), (237, 2), (239, 2), (243, 1), (253, 1), (255, 1), (261, 2), (262, 1), (265, 4), (278, 2), (280, 8), (286, 3), (293, 6), (297, 1), (298, 1), (305, 1), (309, 2), (313, 1), (318, 2), (320, 3), (321, 1), (327, 2), (330, 5), (343, 1), (352, 3), (356, 4), (357, 3), (360, 1), (370, 1), (377, 6), (382, 1), (387, 1), (391, 12), (396, 4), (401, 5), (407, 2), (408, 1), (409, 22), (431, 6), (446, 2), (461, 6), (485, 5), (494, 1), (500, 1), (527, 2), (528, 1), (530, 1), (534, 9), (535, 6), (541, 6), (546, 2), (548, 3), (550, 6), (551, 1), (554, 3), (556, 2), (558, 1), (559, 1), (565, 2), (571, 9), (576, 1), (579, 1), (583, 1), (585, 4), (591, 1), (593, 2), (597, 1), (599, 1), (604, 4), (616, 1), (617, 1), (618, 1), (619, 2), (622, 2), (639, 2), (645, 1), (672, 6), (673, 1), (677, 2), (680, 2), (684, 1), (686, 1), (691, 2), (696, 2), (698, 2), (703, 6), (708, 2), (714, 1), (718, 2), (719, 2), (726, 2), (729, 3), (732, 1), (733, 10), (737, 1), (740, 1), (749, 1), (753, 1), (763, 9), (772, 2), (774, 1), (779, 4), (782, 1), (788, 4), (790, 1), (793, 2), (803, 2), (804, 2), (807, 4), (808, 4), (809, 2), (811, 1), (816, 1), (817, 2), (822, 4), (830, 7), (833, 13), (834, 1), (835, 1), (841, 1), (842, 1), (845, 2), (846, 2), (848, 2), (860, 3), (862, 1), (867, 1), (868, 1), (870, 1), (883, 3), (896, 1), (904, 1), (913, 2), (916, 2), (922, 1), (924, 3), (925, 4), (927, 2), (929, 1), (935, 2), (939, 1), (942, 1), (946, 2), (947, 2), (959, 6), (963, 2), (965, 18), (988, 1), (997, 1), (999, 1), (1003, 1), (1016, 2), (1020, 5), (1024, 2), (1037, 3), (1044, 1), (1058, 1), (1059, 1), (1062, 1), (1073, 5), (1081, 1), (1082, 4), (1097, 1), (1105, 2), (1106, 2), (1111, 1), (1114, 3), (1117, 1), (1123, 1), (1128, 26), (1131, 3), (1136, 1), (1144, 14), (1145, 3), (1148, 1), (1152, 1), (1164, 1), (1168, 3), (1170, 1), (1172, 1), (1173, 26), (1175, 1), (1178, 1), (1182, 1), (1191, 2), (1196, 1), (1202, 1), (1206, 2), (1208, 3), (1209, 3), (1214, 3), (1217, 2), (1219, 1), (1226, 2), (1242, 1), (1253, 1), (1266, 2), (1268, 3), (1269, 4), (1270, 1), (1273, 1), (1275, 2), (1281, 1), (1282, 2), (1287, 7), (1288, 3), (1291, 8), (1293, 1), (1297, 2), (1301, 2), (1302, 4), (1304, 1), (1308, 1), (1311, 1), (1323, 3), (1327, 4), (1329, 1), (1330, 1), (1332, 8), (1335, 8), (1342, 1), (1357, 1), (1364, 2), (1374, 16), (1378, 6), (1396, 12), (1397, 1), (1399, 1), (1402, 1), (1406, 1), (1407, 1), (1410, 1), (1413, 3), (1421, 1), (1425, 6), (1428, 1), (1431, 1), (1434, 2), (1437, 4), (1440, 1), (1442, 2), (1444, 2), (1455, 2), (1459, 1), (1468, 2), (1469, 1), (1475, 1), (1477, 1), (1488, 1), (1495, 3), (1497, 9), (1499, 1), (1500, 4), (1504, 1), (1513, 3), (1516, 8), (1517, 2), (1531, 1), (1535, 10), (1539, 1), (1540, 3), (1544, 1), (1545, 1), (1547, 4), (1548, 1), (1549, 3), (1550, 8), (1552, 1), (1557, 1), (1558, 1), (1561, 1), (1564, 1), (1578, 1), (1587, 2), (1589, 3), (1590, 2), (1594, 1), (1603, 2), (1606, 1), (1609, 2), (1612, 2), (1614, 3), (1623, 3), (1626, 2), (1629, 1), (1638, 1), (1640, 1), (1642, 2), (1643, 1), (1649, 3), (1651, 1), (1669, 2), (1670, 7), (1671, 2), (1673, 2), (1674, 1), (1675, 1), (1684, 3), (1691, 72), (1693, 6), (1700, 2), (1701, 8), (1703, 4), (1705, 2), (1710, 2), (1711, 1), (1713, 1), (1716, 1), (1718, 1), (1719, 2), (1720, 2), (1727, 1), (1733, 1), (1737, 1), (1748, 3), (1761, 1), (1765, 1), (1770, 5), (1774, 8), (1776, 5), (1780, 1), (1783, 2), (1785, 2), (1789, 3), (1792, 1), (1795, 5), (1798, 4), (1806, 4), (1812, 1), (1815, 1), (1820, 3), (1829, 1), (1831, 1), (1840, 1), (1849, 1), (1852, 1), (1860, 1), (1868, 4), (1869, 1), (1870, 2), (1873, 1), (1875, 1), (1885, 2), (1886, 2), (1891, 2), (1904, 2), (1913, 5), (1920, 35), (1921, 2), (1923, 1), (1926, 6), (1928, 1), (1934, 13), (1938, 4), (1952, 4), (1958, 1), (1960, 3), (1961, 1), (1964, 1), (1969, 1), (1970, 2), (1975, 1), (1985, 6), (1988, 1), (1994, 1), (1995, 1), (1997, 2), (2000, 1), (2001, 1), (2005, 2), (2006, 2), (2008, 1), (2010, 2), (2012, 1), (2016, 1), (2038, 1), (2044, 27), (2052, 1), (2055, 1), (2056, 2), (2058, 3), (2062, 1), (2068, 1), (2072, 2), (2073, 2), (2080, 1), (2081, 1), (2082, 3), (2083, 1), (2091, 16), (2097, 1), (2102, 1), (2134, 1), (2138, 3), (2143, 1), (2144, 1), (2146, 2), (2157, 8), (2159, 1), (2160, 2), (2166, 1), (2169, 2), (2171, 1), (2174, 1), (2175, 1), (2177, 3), (2184, 2), (2185, 1), (2186, 2), (2188, 1), (2192, 4), (2193, 1), (2196, 5), (2205, 1), (2206, 2), (2209, 1), (2218, 1), (2219, 2), (2224, 2), (2225, 2), (2229, 1), (2230, 1), (2240, 1), (2245, 1), (2246, 3), (2251, 1), (2252, 2), (2255, 2), (2264, 2), (2265, 4), (2269, 1), (2271, 4), (2273, 2), (2274, 2), (2276, 1), (2277, 1), (2290, 3), (2292, 1), (2297, 1), (2300, 2), (2305, 3), (2312, 2), (2318, 3), (2319, 1), (2330, 1), (2333, 1), (2337, 1), (2340, 1), (2349, 2), (2353, 10), (2357, 1), (2359, 4), (2361, 5), (2365, 2), (2367, 4), (2372, 1), (2377, 6), (2378, 2), (2381, 3), (2390, 9), (2392, 1), (2393, 1), (2395, 1), (2396, 4), (2400, 1), (2402, 6), (2408, 1), (2410, 1), (2413, 1), (2415, 1), (2416, 1), (2418, 1), (2419, 2), (2421, 2), (2423, 2), (2433, 1), (2444, 1), (2446, 1), (2449, 2), (2455, 1), (2456, 2), (2459, 8), (2460, 2), (2462, 1), (2464, 2), (2472, 2), (2474, 1), (2478, 1), (2486, 1), (2489, 1), (2490, 6), (2494, 1), (2495, 1), (2499, 1), (2501, 2), (2503, 2), (2514, 1), (2520, 2), (2522, 2), (2525, 1), (2532, 2), (2534, 1), (2553, 8), (2554, 20), (2557, 5), (2563, 2), (2570, 3), (2576, 1), (2582, 2), (2586, 1), (2592, 1), (2594, 1), (2595, 1), (2596, 1), (2597, 1), (2608, 2), (2610, 1), (2613, 4), (2614, 6), (2616, 2), (2618, 1), (2626, 2), (2627, 1), (2628, 6), (2632, 10), (2633, 1), (2636, 1), (2639, 2), (2641, 2), (2649, 2), (2653, 1), (2660, 1), (2661, 2), (2663, 2), (2665, 2), (2669, 1), (2671, 2), (2673, 1), (2679, 1), (2685, 1), (2686, 1), (2687, 1), (2695, 1), (2697, 6), (2699, 9), (2700, 2), (2704, 1), (2712, 1), (2713, 3), (2730, 1), (2731, 1), (2737, 1), (2745, 4), (2751, 2), (2752, 1), (2756, 1), (2760, 2), (2762, 2), (2765, 1), (2767, 2), (2770, 2), (2772, 2), (2773, 1), (2776, 2), (2778, 1), (2788, 1), (2790, 2), (2791, 3), (2794, 1), (2796, 2), (2798, 1), (2802, 1), (2804, 1), (2811, 2), (2812, 1), (2821, 5), (2822, 1), (2826, 1), (2827, 2), (2831, 2), (2832, 2), (2844, 3), (2847, 1), (2852, 1), (2853, 2), (2854, 6), (2861, 2), (2864, 9), (2867, 1), (2878, 1), (2883, 1), (2884, 1), (2891, 1), (2895, 1), (2896, 1), (2906, 2), (2908, 2), (2924, 1), (2927, 2), (2930, 1), (2934, 1), (2935, 2), (2940, 1), (2946, 1), (2949, 1), (2953, 1), (2963, 1), (2973, 78), (2974, 2), (2975, 1), (2976, 7), (2977, 1), (2993, 2), (2995, 2), (2999, 6), (3010, 1), (3016, 1), (3020, 2), (3033, 2), (3035, 2), (3036, 2), (3040, 2), (3042, 1), (3051, 4), (3052, 1), (3053, 4), (3056, 6), (3061, 1), (3065, 1), (3074, 5), (3086, 2), (3089, 5), (3095, 2), (3098, 1), (3100, 1), (3103, 1), (3107, 1), (3109, 1), (3114, 1), (3117, 1), (3121, 2), (3122, 4), (3124, 1), (3125, 3), (3126, 2), (3146, 1), (3147, 5), (3161, 1), (3165, 1), (3168, 2), (3169, 1), (3172, 1), (3178, 2), (3179, 2), (3183, 1), (3184, 3), (3188, 2), (3200, 6), (3206, 10), (3223, 1), (3227, 2), (3229, 1), (3230, 1), (3233, 1), (3234, 2), (3235, 1), (3238, 2), (3242, 1), (3245, 1), (3251, 3), (3256, 3), (3265, 2), (3270, 1), (3272, 1), (3274, 6), (3282, 4), (3283, 1), (3293, 1), (3294, 9), (3298, 1), (3300, 1), (3302, 2), (3303, 1), (3309, 2), (3312, 4), (3317, 7), (3322, 2), (3323, 1), (3330, 2), (3333, 1), (3335, 1), (3338, 2), (3339, 1), (3341, 2), (3349, 2), (3359, 2), (3362, 2), (3367, 2), (3369, 14), (3374, 2), (3377, 1), (3378, 30), (3382, 2), (3385, 1), (3386, 3), (3390, 3), (3394, 3), (3404, 1), (3410, 1), (3412, 14), (3413, 3), (3414, 3), (3425, 1), (3432, 1), (3439, 4), (3441, 1), (3448, 4), (3460, 1), (3461, 4), (3468, 1), (3470, 3), (3474, 1), (3476, 2), (3483, 1), (3487, 2), (3496, 5), (3498, 1), (3499, 1), (3503, 1), (3505, 2), (3506, 1), (3510, 2), (3512, 3), (3518, 1), (3520, 2), (3521, 2), (3529, 1), (3533, 3), (3537, 1), (3538, 1), (3549, 1), (3551, 3), (3553, 6), (3557, 2), (3561, 1), (3562, 1), (3564, 5), (3566, 3), (3583, 1), (3584, 4), (3585, 10), (3593, 1), (3598, 1), (3600, 1), (3608, 1), (3611, 1), (3612, 1), (3617, 33), (3619, 1), (3628, 1), (3629, 1), (3633, 3), (3635, 6), (3651, 3), (3653, 1), (3662, 1), (3668, 1), (3672, 3), (3678, 1), (3680, 1), (3682, 2), (3685, 1), (3691, 2), (3693, 1), (3698, 6), (3699, 1), (3700, 4), (3711, 1), (3712, 38), (3713, 1), (3715, 2), (3718, 18), (3726, 2), (3727, 2), (3729, 2), (3733, 24), (3734, 2), (3741, 1), (3743, 1), (3745, 3), (3747, 1), (3749, 1), (3764, 1), (3769, 1), (3770, 3), (3772, 1), (3775, 2), (3783, 3), (3789, 3), (3790, 2), (3791, 1), (3797, 1), (3798, 2), (3799, 1), (3804, 3), (3807, 2), (3813, 2), (3824, 1), (3830, 6), (3834, 21), (3837, 4), (3840, 2), (3841, 1), (3842, 2), (3845, 1), (3847, 1), (3855, 2), (3863, 1), (3872, 1), (3874, 15), (3888, 2), (3921, 1), (3931, 1), (3934, 1), (3935, 3), (3946, 2), (3949, 3), (3967, 1), (3968, 5), (3974, 6), (3986, 4), (3991, 6), (3993, 9), (3997, 1), (4007, 4), (4008, 2), (4014, 1), (4020, 1), (4021, 2), (4026, 2), (4030, 3), (4037, 6), (4042, 1), (4044, 2), (4048, 2), (4052, 1), (4057, 6), (4061, 5), (4064, 1), (4069, 1), (4070, 1), (4072, 7), (4074, 1), (4076, 1), (4080, 2), (4095, 1), (4096, 3), (4097, 2), (4105, 1), (4106, 1), (4107, 2), (4109, 7), (4115, 1), (4123, 1), (4131, 1), (4132, 2), (4134, 1), (4149, 1), (4150, 22), (4154, 3), (4163, 2), (4165, 1), (4166, 3), (4170, 1), (4199, 1), (4205, 1), (4206, 3), (4211, 2), (4228, 11), (4232, 8), (4241, 4), (4244, 1), (4254, 1), (4259, 2), (4264, 2), (4278, 1), (4279, 2), (4281, 1), (4284, 2), (4291, 10), (4293, 2), (4298, 1), (4302, 1), (4313, 5), (4315, 1), (4316, 2), (4317, 3), (4329, 1), (4330, 1), (4331, 1), (4334, 1), (4339, 1), (4355, 4), (4366, 10), (4371, 15), (4384, 5), (4393, 1), (4400, 2), (4402, 1), (4403, 1), (4407, 1), (4408, 12), (4413, 4), (4417, 3), (4424, 4), (4426, 4), (4429, 4), (4440, 1), (4442, 1), (4449, 4), (4456, 6), (4465, 1), (4468, 1), (4471, 3), (4477, 1), (4485, 2), (4487, 2), (4488, 1), (4492, 2), (4493, 1), (4497, 9), (4501, 1), (4503, 1), (4516, 1), (4523, 1), (4525, 4), (4526, 1), (4530, 1), (4533, 1), (4537, 1), (4541, 1), (4547, 2), (4554, 4), (4557, 1), (4564, 4), (4569, 1), (4574, 1), (4579, 1), (4581, 2), (4583, 2), (4585, 1), (4586, 1), (4588, 1), (4601, 4), (4608, 1), (4610, 1), (4611, 1), (4617, 2), (4618, 2), (4623, 2), (4624, 9), (4634, 2), (4643, 2), (4655, 1), (4672, 1), (4679, 10), (4688, 18), (4689, 2), (4691, 1), (4694, 3), (4701, 3), (4712, 2), (4713, 1), (4716, 1), (4722, 1), (4727, 3), (4728, 6), (4736, 42), (4745, 3), (4759, 3), (4762, 2), (4774, 6), (4777, 1), (4778, 1), (4781, 4), (4788, 2), (4789, 24), (4793, 1), (4794, 1), (4802, 1), (4810, 1), (4820, 6), (4827, 1), (4828, 1), (4831, 2), (4834, 3), (4843, 1), (4845, 1), (4857, 3), (4864, 1), (4866, 4), (4872, 1), (4874, 1), (4877, 5), (4878, 2), (4882, 2), (4885, 1), (4891, 1), (4900, 2), (4907, 1), (4913, 2), (4915, 4), (4918, 5), (4926, 1), (4928, 3), (4930, 2), (4931, 3), (4933, 1), (4943, 1), (4947, 3), (4962, 1), (4963, 8), (4965, 3), (4967, 1), (4977, 1), (4988, 1), (4993, 20), (4995, 3)
thinker (DF: 2): (3731, 1), (4027, 1)
thinkin (DF: 87): (27, 1), (89, 8), (103, 1), (212, 4), (215, 1), (274, 4), (352, 2), (372, 1), (388, 1), (429, 1), (441, 1), (486, 1), (548, 1), (617, 1), (751, 2), (800, 1), (841, 1), (853, 1), (859, 1), (1092, 1), (1111, 1), (1124, 1), (1152, 1), (1208, 1), (1212, 2), (1217, 2), (1226, 1), (1313, 1), (1343, 1), (1399, 2), (1410, 1), (1513, 1), (1679, 1), (1693, 3), (1809, 1), (1831, 3), (1867, 2), (1889, 2), (1921, 1), (1990, 2), (2000, 2), (2091, 2), (2099, 1), (2332, 2), (2367, 1), (2399, 1), (2588, 1), (2607, 1), (2632, 1), (2636, 4), (2745, 2), (2746, 1), (2895, 1), (2930, 2), (2946, 1), (3109, 2), (3202, 2), (3278, 4), (3439, 2), (3448, 10), (3483, 1), (3486, 1), (3557, 1), (3581, 1), (3619, 1), (3670, 3), (3680, 2), (3735, 1), (3781, 1), (3837, 7), (3872, 1), (3945, 3), (4017, 2), (4279, 1), (4294, 3), (4456, 1), (4460, 1), (4468, 1), (4629, 2), (4634, 1), (4663, 2), (4731, 1), (4784, 3), (4788, 4), (4793, 1), (4831, 1), (4858, 1)
thinner (DF: 1): (2825, 1)
third (DF: 27): (235, 4), (270, 1), (337, 1), (669, 1), (722, 1), (740, 1), (789, 1), (823, 1), (872, 1), (1026, 1), (1548, 2), (1647, 1), (1696, 1), (1739, 1), (2174, 1), (2923, 1), (3343, 2), (3444, 1), (3474, 1), (3597, 1), (3855, 4), (4100, 1), (4522, 2), (4569, 3), (4634, 1), (4647, 1), (4739, 1)
thirst (DF: 7): (1217, 10), (1535, 4), (1909, 1), (2504, 2), (3137, 1), (4522, 1), (4764, 1)
thirsti (DF: 13): (292, 1), (298, 1), (546, 1), (1334, 2), (1613, 1), (2056, 1), (3037, 3), (3170, 3), (3268, 2), (3479, 1), (3811, 1), (4497, 18), (4641, 1)
thirteen (DF: 4): (1202, 1), (3286, 1), (3641, 3), (4918, 1)
thirti (DF: 28): (197, 1), (292, 1), (350, 1), (462, 1), (966, 4), (1108, 1), (1243, 1), (1252, 1), (1304, 2), (1342, 2), (1552, 1), (1648, 1), (1707, 1), (1896, 1), (2014, 6), (2060, 1), (2116, 3), (2528, 2), (2849, 1), (3075, 1), (3598, 9), (3624, 2), (3821, 1), (3822, 2), (4533, 1), (4647, 1), (4770, 1), (4968, 1)
this (DF: 52): (46, 1), (127, 1), (276, 1), (355, 1), (364, 1), (371, 1), (450, 1), (476, 1), (512, 1), (724, 1), (836, 1), (858, 1), (875, 1), (890, 1), (910, 1), (1008, 2), (1228, 1), (1461, 1), (1577, 1), (1631, 2), (1633, 1), (1668, 2), (1682, 1), (1769, 1), (1953, 1), (1963, 1), (1978, 1), (2429, 1), (2648, 2), (3092, 1), (3111, 1), (3158, 1), (3211, 1), (3351, 1), (3419, 2), (3492, 1), (3596, 1), (3614, 1), (3669, 1), (3722, 1), (3823, 1), (3891, 1), (4034, 1), (4143, 1), (4285, 2), (4344, 1), (4386, 2), (4419, 1), (4440, 4), (4591, 1), (4782, 1), (4954, 1)
thizzl (DF: 1): (1880, 1)
tho (DF: 4): (1674, 6), (2309, 1), (4574, 1), (4851, 1)
thoda (DF: 3): (1834, 2), (2086, 1), (4421, 2)
thodarbey (DF: 1): (3471, 1)
thodi (DF: 2): (149, 2), (4985, 1)
thom (DF: 1): (749, 1)
thoma (DF: 6): (1373, 1), (2197, 1), (3780, 1), (3975, 1), (4316, 1), (4573, 1)
thomas (DF: 1): (3570, 1)
thompson (DF: 6): (142, 1), (464, 1), (555, 1), (1004, 1), (3688, 1), (4909, 1)
thomston (DF: 1): (1719, 1)
thondriya (DF: 1): (3471, 1)
thondrum (DF: 1): (3471, 2)
thong (DF: 6): (660, 1), (904, 1), (1214, 3), (1952, 2), (2269, 1), (4585, 1)
thor (DF: 2): (1834, 1), (4469, 2)
thorn (DF: 10): (1026, 1), (1344, 1), (1512, 1), (1560, 1), (2003, 1), (2310, 1), (3059, 1), (3832, 1), (3938, 2), (4337, 2)
thorni (DF: 1): (3164, 1)
thorough (DF: 6): (581, 1), (2771, 1), (3216, 1), (3272, 1), (3790, 1), (4603, 1)
thoroughbr (DF: 1): (1805, 1)
thorugh (DF: 1): (4956, 1)
thos (DF: 1): (3419, 1)
thot (DF: 11): (350, 2), (673, 1), (808, 1), (2563, 1), (2583, 1), (3037, 1), (3170, 1), (3356, 2), (3571, 3), (3681, 6), (4558, 12)
thotti (DF: 2): (2776, 1), (3232, 1)
thou (DF: 11): (352, 2), (541, 2), (743, 1), (1031, 12), (1038, 1), (1144, 1), (2293, 3), (2541, 2), (3805, 2), (4365, 1), (4972, 12)
