policeman (DF: 1): (76, 1)
polici (DF: 2): (311, 1), (523, 4)
polillo (DF: 1): (800, 1)
polit (DF: 4): (16, 1), (183, 1), (293, 1), (296, 9)
politess (DF: 1): (650, 1)
politician (DF: 1): (201, 1)
politick (DF: 1): (490, 1)
poliz (DF: 1): (187, 1)
polizei (DF: 1): (484, 1)
polk (DF: 1): (80, 1)
poll (DF: 1): (417, 1)
pollen (DF: 1): (186, 1)
poller (DF: 1): (53, 1)
polli (DF: 2): (81, 1), (974, 1)
polo (DF: 3): (69, 1), (642, 1), (772, 2)
polystyren (DF: 1): (137, 1)
políci (DF: 1): (34, 1)
pom (DF: 2): (65, 2), (719, 4)
pomo (DF: 1): (685, 1)
pomp (DF: 1): (784, 6)
pompeii (DF: 1): (386, 1)
pon (DF: 16): (12, 6), (14, 1), (227, 1), (276, 1), (328, 10), (380, 3), (399, 2), (412, 16), (567, 6), (628, 2), (711, 1), (746, 4), (772, 4), (858, 1), (875, 2), (905, 10)
ponch (DF: 2): (178, 1), (444, 1)
ponchat (DF: 1): (178, 1)
pond (DF: 1): (248, 1)
pondrel (DF: 1): (417, 1)
pong (DF: 10): (173, 2), (283, 1), (399, 1), (412, 12), (417, 1), (444, 1), (460, 1), (512, 1), (567, 21), (982, 2)
pongan (DF: 1): (299, 2)
poni (DF: 3): (121, 1), (603, 2), (738, 7)
pont (DF: 4): (117, 1), (417, 1), (707, 1), (728, 1)
pontem (DF: 1): (724, 1)
ponytail (DF: 1): (738, 1)
poof (DF: 1): (331, 1)
pook (DF: 1): (34, 1)
pool (DF: 13): (16, 1), (126, 1), (273, 4), (379, 1), (446, 1), (469, 1), (673, 1), (675, 2), (681, 5), (800, 1), (825, 1), (888, 1), (922, 2)
poolsid (DF: 1): (341, 1)
poom (DF: 1): (449, 30)
poona (DF: 1): (391, 4)
poor (DF: 8): (13, 1), (159, 1), (264, 1), (292, 1), (699, 2), (861, 4), (946, 4), (974, 2)
pop (DF: 371): (4, 2), (9, 2), (10, 2), (11, 1), (12, 1), (14, 3), (16, 1), (17, 2), (19, 2), (20, 3), (22, 1), (25, 2), (29, 1), (32, 1), (33, 1), (35, 1), (36, 3), (37, 1), (39, 2), (48, 3), (59, 1), (60, 2), (62, 1), (63, 1), (65, 1), (67, 1), (73, 1), (74, 1), (75, 2), (79, 1), (81, 1), (82, 3), (83, 2), (85, 1), (86, 2), (89, 1), (92, 3), (95, 3), (96, 2), (98, 1), (102, 2), (106, 3), (108, 2), (112, 1), (119, 3), (120, 1), (123, 3), (126, 2), (131, 2), (135, 1), (136, 1), (139, 2), (140, 2), (142, 2), (146, 1), (150, 1), (157, 2), (161, 1), (167, 3), (170, 1), (171, 1), (173, 2), (175, 2), (176, 3), (177, 1), (180, 2), (181, 2), (185, 1), (186, 1), (191, 3), (192, 1), (195, 2), (196, 3), (197, 2), (199, 1), (200, 1), (205, 1), (209, 2), (210, 1), (211, 1), (212, 2), (215, 3), (216, 1), (218, 1), (219, 1), (221, 3), (222, 1), (224, 1), (226, 2), (228, 2), (230, 2), (239, 2), (240, 2), (241, 1), (242, 3), (243, 3), (244, 1), (249, 1), (252, 2), (261, 3), (264, 2), (265, 2), (269, 3), (271, 3), (272, 1), (273, 6), (274, 1), (279, 1), (280, 2), (281, 1), (286, 1), (290, 2), (292, 3), (293, 1), (295, 1), (296, 1), (301, 1), (303, 2), (309, 1), (310, 3), (311, 1), (315, 2), (316, 1), (319, 3), (320, 1), (321, 1), (329, 3), (333, 2), (335, 2), (336, 1), (339, 2), (340, 1), (352, 1), (354, 2), (355, 1), (356, 1), (357, 5), (358, 2), (360, 3), (362, 3), (363, 1), (365, 1), (367, 1), (370, 1), (372, 1), (374, 1), (378, 1), (379, 1), (384, 1), (386, 3), (390, 1), (391, 1), (393, 1), (394, 3), (395, 1), (396, 1), (398, 2), (403, 2), (404, 3), (407, 2), (408, 1), (416, 1), (418, 1), (421, 1), (424, 3), (425, 3), (428, 1), (429, 1), (430, 1), (433, 2), (436, 2), (439, 1), (440, 3), (442, 1), (445, 1), (451, 1), (452, 1), (454, 1), (459, 3), (460, 2), (463, 1), (466, 2), (469, 3), (472, 2), (473, 1), (474, 1), (475, 1), (479, 1), (481, 1), (487, 3), (489, 1), (492, 2), (496, 2), (498, 1), (500, 1), (503, 1), (504, 1), (505, 1), (509, 1), (510, 1), (511, 2), (512, 1), (516, 1), (519, 3), (532, 1), (535, 4), (536, 1), (538, 1), (539, 2), (549, 3), (550, 1), (554, 2), (557, 1), (559, 1), (561, 1), (562, 1), (564, 1), (567, 2), (568, 2), (570, 3), (571, 2), (576, 3), (578, 1), (582, 1), (585, 3), (588, 2), (589, 1), (590, 1), (593, 3), (594, 2), (596, 1), (597, 1), (604, 1), (607, 1), (611, 2), (614, 1), (616, 2), (619, 2), (621, 1), (626, 2), (627, 1), (630, 1), (632, 1), (636, 1), (639, 1), (643, 3), (647, 1), (651, 2), (653, 2), (654, 2), (655, 2), (656, 2), (657, 1), (658, 3), (673, 1), (675, 2), (677, 1), (679, 1), (683, 1), (684, 1), (686, 1), (687, 1), (689, 1), (691, 1), (692, 2), (694, 1), (696, 1), (701, 2), (703, 1), (704, 2), (708, 1), (709, 1), (712, 1), (713, 1), (714, 3), (716, 3), (718, 3), (719, 3), (722, 3), (726, 1), (731, 1), (732, 1), (737, 1), (740, 1), (755, 1), (756, 3), (757, 1), (758, 3), (761, 1), (763, 3), (765, 1), (768, 1), (769, 1), (770, 2), (772, 1), (775, 2), (776, 2), (779, 1), (785, 2), (788, 3), (789, 1), (791, 2), (795, 1), (799, 2), (814, 2), (820, 1), (823, 3), (825, 7), (828, 1), (829, 2), (831, 1), (833, 3), (837, 1), (841, 1), (842, 1), (845, 3), (848, 3), (849, 1), (853, 1), (854, 3), (856, 3), (860, 1), (863, 3), (864, 1), (866, 1), (869, 1), (876, 2), (882, 1), (884, 1), (885, 2), (888, 1), (890, 1), (891, 1), (894, 2), (895, 1), (896, 3), (897, 3), (903, 1), (905, 1), (916, 1), (918, 2), (919, 2), (920, 1), (921, 3), (923, 1), (928, 2), (929, 1), (939, 2), (940, 1), (941, 3), (944, 3), (948, 15), (950, 1), (951, 2), (953, 1), (962, 1), (965, 6), (969, 1), (970, 3), (971, 1), (972, 1), (976, 1), (978, 2), (979, 3), (984, 2), (985, 3), (987, 2), (989, 2), (990, 1), (992, 2), (999, 1)
pope (DF: 1): (350, 3)
popey (DF: 2): (213, 11), (528, 1)
poppa (DF: 1): (449, 1)
poppin (DF: 15): (153, 2), (168, 2), (324, 1), (511, 3), (528, 2), (616, 2), (673, 3), (675, 6), (692, 2), (789, 1), (841, 2), (892, 2), (904, 1), (915, 2), (978, 2)
popsicl (DF: 1): (563, 1)
popstar (DF: 1): (675, 2)
poptim (DF: 80): (11, 2), (35, 1), (37, 1), (67, 2), (73, 2), (74, 2), (85, 2), (98, 2), (112, 2), (120, 2), (136, 1), (146, 2), (150, 1), (170, 2), (186, 1), (199, 2), (211, 2), (219, 2), (272, 2), (286, 1), (293, 2), (295, 2), (301, 2), (309, 2), (315, 1), (320, 2), (321, 2), (363, 1), (370, 2), (374, 2), (378, 2), (384, 1), (393, 1), (396, 2), (421, 2), (428, 2), (429, 1), (442, 1), (451, 1), (463, 2), (473, 1), (474, 2), (500, 2), (504, 2), (509, 2), (516, 2), (532, 2), (538, 2), (554, 1), (559, 1), (578, 2), (589, 1), (590, 2), (636, 2), (639, 2), (654, 1), (657, 2), (694, 2), (709, 2), (712, 2), (761, 2), (769, 2), (770, 1), (779, 2), (795, 2), (820, 1), (828, 2), (849, 2), (860, 2), (864, 2), (866, 2), (869, 2), (882, 2), (903, 1), (923, 2), (929, 2), (940, 1), (953, 2), (971, 2), (976, 1)
popular (DF: 2): (56, 1), (699, 1)
poquit (DF: 1): (354, 4)
por (DF: 5): (60, 3), (194, 2), (213, 1), (299, 1), (552, 1)
porch (DF: 3): (210, 1), (646, 1), (782, 1)
porno (DF: 1): (691, 1)
pornographi (DF: 1): (535, 2)
porqu (DF: 1): (213, 1)
porr (DF: 1): (417, 1)
porsch (DF: 3): (672, 1), (802, 1), (862, 1)
port (DF: 3): (217, 1), (540, 1), (676, 1)
portat (DF: 1): (399, 1)
portion (DF: 4): (2, 1), (237, 1), (622, 1), (738, 1)
portmor (DF: 1): (380, 1)
pos (DF: 1): (34, 1)
pose (DF: 5): (736, 1), (775, 6), (804, 1), (915, 1), (965, 6)
poseidon (DF: 1): (801, 1)
posicion (DF: 2): (10, 2), (284, 2)
posit (DF: 8): (369, 1), (409, 2), (418, 2), (527, 1), (606, 1), (647, 1), (732, 1), (788, 1)
posner (DF: 1): (704, 1)
poss (DF: 7): (27, 1), (187, 1), (449, 1), (548, 1), (915, 1), (946, 2), (973, 1)
posselt (DF: 1): (661, 1)
possess (DF: 2): (72, 1), (925, 7)
possibl (DF: 7): (59, 2), (90, 4), (370, 1), (514, 2), (803, 1), (823, 1), (856, 1)
posso (DF: 1): (213, 1)
possum (DF: 1): (925, 2)
post (DF: 60): (17, 1), (20, 2), (25, 1), (36, 2), (82, 2), (92, 2), (95, 2), (102, 1), (106, 2), (110, 1), (123, 2), (140, 1), (167, 2), (175, 1), (181, 2), (187, 1), (196, 2), (197, 1), (215, 2), (240, 1), (243, 2), (261, 2), (273, 1), (290, 1), (303, 1), (361, 10), (394, 2), (404, 2), (407, 1), (418, 1), (436, 1), (472, 1), (535, 1), (570, 2), (576, 2), (588, 1), (593, 2), (619, 1), (655, 1), (658, 1), (675, 1), (689, 1), (710, 1), (719, 2), (722, 2), (759, 1), (775, 61), (825, 1), (833, 2), (845, 2), (856, 2), (896, 2), (920, 1), (921, 2), (941, 2), (944, 2), (965, 1), (966, 1), (978, 1), (989, 1)
postcard (DF: 1): (695, 1)
poster (DF: 4): (123, 1), (535, 2), (698, 2), (925, 1)
posé (DF: 1): (351, 1)
pot (DF: 4): (210, 1), (540, 8), (749, 1), (800, 1)
potato (DF: 1): (731, 1)
potent (DF: 2): (405, 1), (993, 1)
potenti (DF: 3): (563, 1), (618, 1), (964, 1)
poto (DF: 1): (637, 1)
potos (DF: 1): (540, 2)
potr (DF: 1): (364, 2)
potranc (DF: 1): (577, 2)
potre (DF: 2): (9, 1), (524, 1)
potsu (DF: 1): (569, 1)
pott (DF: 1): (151, 1)
pouc (DF: 1): (349, 1)
poucav (DF: 1): (34, 1)
pound (DF: 11): (182, 1), (563, 1), (601, 2), (683, 1), (753, 2), (800, 4), (808, 1), (829, 1), (862, 3), (915, 1), (948, 4)
pour (DF: 18): (3, 1), (30, 4), (49, 2), (200, 1), (257, 1), (296, 3), (360, 3), (571, 2), (585, 2), (635, 2), (660, 1), (686, 1), (804, 1), (815, 1), (862, 2), (922, 1), (947, 1), (973, 1)
pourin (DF: 5): (329, 6), (643, 4), (675, 2), (759, 1), (915, 1)
pourquoi (DF: 1): (540, 1)
poursuit (DF: 1): (676, 1)
pout (DF: 1): (38, 2)
poverti (DF: 5): (13, 1), (72, 1), (510, 1), (558, 1), (731, 1)
pow (DF: 7): (53, 2), (70, 1), (198, 1), (248, 1), (347, 5), (484, 8), (675, 12)
powder (DF: 1): (434, 7)
powel (DF: 1): (914, 2)
power (DF: 18): (2, 1), (40, 1), (195, 2), (237, 1), (303, 4), (308, 2), (369, 4), (497, 3), (622, 1), (635, 3), (699, 3), (705, 1), (743, 1), (803, 1), (901, 1), (958, 6), (981, 4), (984, 2)
