call (DF: 177): (14, 1), (19, 1), (26, 3), (28, 1), (50, 1), (51, 1), (53, 5), (57, 4), (68, 1), (81, 1), (82, 1), (92, 1), (98, 1), (103, 1), (110, 2), (113, 1), (121, 1), (122, 2), (123, 4), (126, 1), (131, 3), (134, 2), (135, 1), (138, 4), (142, 1), (155, 9), (158, 3), (174, 26), (176, 46), (181, 1), (191, 4), (197, 2), (202, 1), (218, 1), (235, 1), (240, 1), (242, 2), (248, 1), (256, 1), (260, 5), (264, 1), (265, 3), (268, 3), (270, 4), (275, 2), (276, 5), (282, 2), (284, 2), (291, 9), (294, 1), (295, 1), (301, 6), (305, 1), (306, 1), (319, 4), (321, 1), (336, 1), (337, 1), (343, 1), (344, 2), (348, 3), (353, 1), (356, 4), (357, 2), (362, 8), (365, 2), (371, 1), (374, 1), (379, 1), (389, 2), (405, 6), (411, 1), (418, 2), (430, 1), (434, 7), (435, 1), (444, 1), (449, 1), (455, 1), (459, 4), (460, 5), (461, 5), (472, 4), (480, 3), (486, 2), (525, 2), (528, 1), (537, 1), (546, 1), (558, 1), (563, 1), (564, 2), (573, 3), (579, 1), (583, 5), (587, 4), (595, 1), (602, 2), (605, 1), (606, 2), (607, 3), (616, 1), (618, 5), (634, 1), (636, 1), (642, 1), (643, 2), (647, 1), (650, 1), (651, 1), (656, 58), (658, 2), (667, 1), (673, 2), (675, 6), (682, 3), (684, 1), (686, 1), (694, 1), (698, 12), (703, 1), (706, 2), (709, 1), (710, 1), (711, 2), (713, 2), (718, 1), (724, 1), (726, 1), (740, 1), (741, 2), (756, 2), (759, 1), (764, 1), (768, 10), (772, 2), (776, 1), (783, 1), (788, 1), (789, 1), (805, 1), (806, 4), (819, 1), (820, 3), (823, 3), (824, 1), (837, 16), (859, 5), (860, 1), (864, 4), (870, 2), (889, 1), (892, 1), (896, 1), (901, 3), (909, 1), (913, 1), (914, 1), (924, 2), (925, 1), (927, 2), (929, 1), (939, 1), (941, 17), (942, 1), (955, 1), (956, 5), (958, 3), (967, 1), (975, 1), (979, 1), (982, 4), (983, 2), (988, 2), (991, 1), (995, 8), (997, 1)
callin (DF: 10): (110, 1), (158, 2), (307, 3), (356, 2), (374, 1), (411, 1), (525, 1), (864, 1), (927, 1), (952, 1)
callous (DF: 1): (248, 1)
calm (DF: 6): (204, 1), (345, 4), (518, 2), (841, 1), (939, 1), (967, 1)
calmat (DF: 1): (918, 1)
calmer (DF: 1): (85, 1)
calonch (DF: 1): (216, 1)
calor (DF: 5): (31, 1), (328, 6), (366, 2), (476, 2), (577, 6)
calua (DF: 1): (552, 2)
calum (DF: 1): (39, 1)
calvin (DF: 4): (196, 1), (271, 1), (424, 1), (774, 2)
cam (DF: 6): (14, 2), (328, 1), (476, 4), (711, 1), (724, 1), (982, 2)
camarer (DF: 1): (417, 1)
camaro (DF: 1): (802, 1)
camb (DF: 2): (19, 1), (667, 1)
cambi (DF: 13): (10, 2), (19, 2), (53, 1), (109, 2), (252, 3), (284, 2), (477, 1), (557, 9), (667, 2), (858, 1), (934, 1), (972, 9), (995, 1)
came (DF: 63): (26, 3), (39, 1), (47, 1), (52, 1), (68, 2), (71, 2), (92, 1), (126, 2), (138, 1), (141, 1), (142, 1), (153, 2), (172, 1), (183, 1), (185, 3), (210, 2), (220, 1), (232, 1), (285, 1), (292, 6), (338, 2), (339, 1), (346, 1), (373, 1), (374, 1), (389, 1), (393, 1), (420, 2), (424, 32), (455, 2), (471, 1), (488, 1), (514, 4), (548, 1), (558, 1), (564, 1), (570, 1), (585, 2), (601, 1), (604, 8), (643, 4), (647, 1), (662, 17), (673, 1), (675, 2), (688, 3), (696, 1), (759, 1), (774, 2), (775, 2), (789, 1), (804, 1), (808, 1), (835, 2), (838, 1), (857, 1), (886, 1), (899, 1), (922, 1), (933, 2), (952, 1), (984, 1), (997, 1)
camel (DF: 3): (603, 2), (661, 1), (827, 1)
camelot (DF: 1): (181, 4)
camera (DF: 6): (17, 3), (123, 4), (197, 1), (510, 1), (579, 1), (702, 1)
camila (DF: 1): (243, 1)
camin (DF: 17): (117, 2), (127, 1), (180, 2), (252, 1), (269, 1), (276, 6), (328, 3), (342, 1), (345, 4), (353, 3), (364, 4), (366, 1), (468, 1), (632, 5), (711, 1), (891, 1), (982, 6)
caminit (DF: 1): (890, 2)
camion (DF: 1): (217, 1)
camis (DF: 2): (46, 1), (851, 6)
camoflaug (DF: 1): (731, 1)
camp (DF: 2): (235, 1), (676, 2)
campaign (DF: 2): (904, 1), (952, 1)
campan (DF: 1): (12, 2)
campbel (DF: 1): (997, 1)
campeon (DF: 1): (347, 1)
campi (DF: 1): (235, 1)
campsit (DF: 1): (334, 1)
can (DF: 3): (63, 1), (740, 1), (996, 1)
canada (DF: 1): (579, 1)
canadian (DF: 3): (273, 1), (579, 1), (965, 1)
canal (DF: 1): (711, 1)
canari (DF: 2): (352, 1), (541, 1)
cancell (DF: 1): (438, 1)
cancer (DF: 2): (390, 1), (522, 1)
canch (DF: 1): (347, 1)
cancion (DF: 7): (299, 2), (347, 1), (366, 1), (371, 1), (567, 6), (594, 6), (791, 1)
canción (DF: 1): (299, 1)
cancun (DF: 1): (153, 2)
candel (DF: 3): (276, 1), (364, 2), (858, 1)
candelit (DF: 1): (364, 2)
candent (DF: 1): (46, 2)
candi (DF: 11): (101, 1), (346, 1), (382, 1), (405, 1), (449, 1), (490, 1), (612, 3), (669, 1), (688, 1), (802, 1), (904, 7)
candid (DF: 1): (514, 2)
candidat (DF: 1): (628, 1)
candl (DF: 5): (106, 1), (188, 4), (257, 1), (605, 1), (766, 2)
candlelight (DF: 3): (208, 1), (527, 1), (734, 2)
cane (DF: 2): (101, 2), (346, 2)
canel (DF: 1): (364, 6)
cangri (DF: 1): (399, 1)
cann (DF: 1): (187, 2)
cannabi (DF: 1): (510, 1)
cannon (DF: 3): (251, 1), (311, 1), (350, 1)
cannonbal (DF: 1): (629, 2)
cannot (DF: 14): (27, 1), (51, 1), (57, 2), (74, 2), (176, 6), (358, 1), (359, 1), (551, 1), (605, 1), (643, 1), (735, 4), (856, 1), (925, 7), (928, 3)
canon (DF: 1): (637, 1)
canopi (DF: 1): (263, 1)
cans (DF: 5): (84, 1), (345, 2), (353, 1), (395, 1), (813, 2)
cant (DF: 6): (44, 1), (403, 3), (460, 1), (481, 1), (813, 3), (891, 1)
cantel (DF: 1): (858, 1)
canto (DF: 1): (213, 1)
canva (DF: 1): (510, 1)
canyon (DF: 1): (899, 1)
canzon (DF: 1): (9, 3)
canzoni (DF: 1): (358, 1)
cap (DF: 15): (63, 1), (69, 2), (118, 1), (337, 9), (350, 2), (438, 2), (446, 1), (524, 1), (548, 1), (583, 1), (649, 1), (669, 1), (841, 8), (885, 1), (946, 2)
capabl (DF: 3): (40, 2), (540, 1), (563, 1)
capac (DF: 1): (460, 1)
capaldi (DF: 1): (825, 1)
capaz (DF: 2): (284, 2), (347, 1)
capich (DF: 1): (183, 1)
capisc (DF: 1): (270, 1)
capit (DF: 5): (44, 1), (148, 1), (200, 4), (578, 1), (803, 1)
capitain (DF: 1): (649, 1)
capitan (DF: 1): (276, 1)
capitn (DF: 1): (44, 1)
capitol (DF: 1): (435, 1)
capo (DF: 2): (81, 1), (155, 3)
capon (DF: 1): (862, 1)
cappella (DF: 1): (379, 1)
capric (DF: 1): (183, 1)
capsule (DF: 1): (667, 16)
captain (DF: 6): (65, 1), (350, 2), (388, 1), (542, 4), (603, 4), (684, 1)
captiv (DF: 5): (183, 1), (368, 1), (405, 1), (597, 1), (694, 1)
capuchon (DF: 1): (417, 1)
car (DF: 57): (26, 6), (34, 1), (38, 1), (69, 1), (80, 2), (82, 1), (109, 1), (117, 1), (123, 5), (143, 2), (153, 2), (169, 2), (179, 1), (186, 1), (197, 2), (200, 1), (223, 1), (226, 3), (247, 1), (248, 1), (256, 2), (274, 4), (283, 2), (295, 1), (306, 1), (312, 1), (339, 1), (348, 1), (361, 1), (365, 2), (369, 1), (417, 1), (434, 8), (456, 1), (477, 3), (518, 1), (574, 1), (579, 4), (616, 1), (643, 1), (660, 1), (668, 1), (675, 10), (698, 10), (711, 5), (753, 3), (802, 3), (808, 1), (814, 4), (841, 1), (909, 1), (915, 1), (920, 1), (924, 2), (925, 1), (932, 1), (988, 1)
cara (DF: 1): (611, 1)
caraj (DF: 2): (256, 1), (910, 1)
caramelo (DF: 1): (34, 1)
carat (DF: 2): (405, 1), (507, 1)
carbin (DF: 1): (181, 2)
card (DF: 12): (183, 1), (352, 1), (440, 1), (537, 1), (541, 1), (591, 1), (628, 1), (658, 1), (669, 1), (676, 1), (744, 1), (946, 2)
cardi (DF: 1): (693, 1)
cardiac (DF: 1): (248, 1)
