escucham (DF: 2): (512, 2), (724, 1)
escuel (DF: 2): (46, 1), (728, 1)
escup (DF: 2): (353, 1), (417, 1)
ese (DF: 1): (299, 1)
esenci (DF: 1): (353, 1)
esencial (DF: 1): (679, 1)
esfer (DF: 1): (353, 2)
esforço (DF: 1): (213, 1)
eshay (DF: 1): (737, 1)
eskaliert (DF: 1): (437, 1)
eso (DF: 1): (299, 1)
espaci (DF: 3): (44, 1), (46, 2), (885, 1)
espald (DF: 3): (227, 1), (347, 1), (399, 2)
español (DF: 9): (28, 1), (216, 1), (276, 2), (346, 1), (439, 1), (489, 1), (557, 1), (679, 1), (972, 1)
especi (DF: 5): (72, 1), (235, 1), (554, 2), (595, 1), (862, 1)
especial (DF: 3): (127, 3), (328, 3), (395, 2)
espej (DF: 1): (371, 2)
esper (DF: 21): (14, 3), (19, 1), (53, 1), (84, 1), (87, 3), (173, 1), (312, 1), (345, 6), (354, 2), (417, 1), (477, 1), (480, 1), (557, 3), (632, 1), (725, 1), (776, 1), (791, 3), (836, 1), (858, 1), (890, 2), (918, 2)
esperart (DF: 1): (725, 1)
espiritu (DF: 1): (417, 1)
espoir (DF: 1): (30, 1)
esquem (DF: 1): (460, 1)
esquin (DF: 6): (53, 1), (342, 1), (364, 6), (417, 1), (557, 1), (897, 2)
ess (DF: 1): (213, 1)
essai (DF: 1): (540, 1)
essenc (DF: 2): (248, 1), (774, 1)
essenti (DF: 4): (52, 1), (267, 1), (832, 1), (867, 1)
esser (DF: 3): (187, 1), (438, 6), (524, 1)
est (DF: 4): (194, 1), (702, 1), (840, 1), (897, 2)
esta (DF: 1): (552, 2)
establishin (DF: 1): (486, 1)
estacion (DF: 1): (276, 1)
estall (DF: 1): (934, 3)
estam (DF: 4): (53, 1), (143, 2), (347, 4), (444, 36)
estan (DF: 1): (347, 2)
estar (DF: 1): (87, 1)
estaré (DF: 1): (299, 1)
estaseh (DF: 1): (143, 1)
estat (DF: 2): (179, 1), (524, 1)
estatu (DF: 1): (444, 1)
esteem (DF: 1): (240, 2)
estef (DF: 2): (512, 2), (890, 2)
estefan (DF: 4): (171, 2), (279, 3), (621, 3), (969, 2)
estell (DF: 1): (811, 1)
estem (DF: 1): (256, 1)
estere (DF: 2): (178, 1), (836, 1)
estil (DF: 1): (178, 1)
esto (DF: 1): (552, 1)
estornud (DF: 1): (417, 1)
estrech (DF: 1): (667, 1)
estrell (DF: 6): (14, 4), (127, 1), (353, 2), (395, 2), (728, 1), (885, 1)
estrella (DF: 1): (194, 1)
estren (DF: 1): (724, 1)
estruja (DF: 1): (552, 2)
estudi (DF: 1): (53, 5)
está (DF: 1): (299, 1)
et (DF: 2): (413, 1), (553, 1)
etap (DF: 1): (577, 1)
etc (DF: 3): (2, 1), (100, 1), (583, 1)
etch (DF: 1): (695, 1)
etern (DF: 8): (9, 1), (31, 1), (158, 1), (455, 1), (580, 2), (621, 1), (774, 1), (995, 1)
etiquet (DF: 1): (417, 1)
eto (DF: 1): (10, 4)
etta (DF: 1): (564, 1)
eu (DF: 3): (60, 21), (213, 15), (335, 4)
euphoria (DF: 2): (407, 1), (959, 18)
euro (DF: 1): (778, 1)
europ (DF: 1): (536, 1)
europe (DF: 2): (417, 1), (628, 1)
ev (DF: 1): (435, 1)
evan (DF: 1): (813, 2)
evanesc (DF: 1): (573, 1)
evangelist (DF: 1): (200, 1)
evapor (DF: 1): (124, 1)
eve (DF: 2): (753, 1), (805, 1)
evel (DF: 1): (200, 1)
even (DF: 122): (3, 1), (7, 1), (13, 1), (22, 1), (26, 12), (36, 3), (40, 1), (45, 1), (47, 1), (58, 1), (64, 4), (65, 1), (79, 2), (80, 1), (90, 3), (101, 3), (121, 1), (122, 3), (130, 1), (134, 2), (135, 1), (142, 1), (145, 2), (159, 1), (164, 1), (176, 9), (177, 1), (203, 1), (224, 3), (235, 1), (245, 1), (248, 2), (259, 1), (268, 1), (270, 1), (285, 1), (293, 3), (306, 3), (324, 2), (351, 1), (352, 1), (356, 2), (374, 1), (382, 2), (391, 4), (392, 1), (409, 22), (410, 2), (414, 1), (425, 1), (440, 1), (441, 1), (454, 2), (459, 2), (464, 1), (471, 1), (486, 2), (488, 4), (507, 1), (511, 6), (513, 2), (515, 14), (526, 2), (528, 1), (530, 2), (537, 1), (541, 1), (554, 1), (558, 1), (563, 1), (568, 2), (588, 2), (617, 1), (633, 1), (642, 3), (643, 2), (646, 1), (647, 1), (657, 1), (674, 3), (682, 1), (684, 1), (688, 1), (689, 6), (691, 4), (729, 3), (733, 1), (736, 1), (738, 1), (740, 1), (751, 4), (769, 4), (775, 2), (782, 1), (790, 2), (795, 1), (800, 2), (802, 3), (808, 4), (841, 1), (846, 1), (848, 2), (856, 1), (876, 8), (888, 7), (899, 1), (905, 3), (915, 1), (924, 1), (925, 3), (927, 1), (930, 2), (949, 1), (958, 3), (959, 16), (964, 1), (965, 6), (966, 1), (970, 2), (988, 1), (993, 1), (999, 1)
event (DF: 1): (523, 1)
eventu (DF: 4): (423, 2), (503, 4), (522, 1), (690, 1)
ever (DF: 140): (7, 2), (27, 1), (31, 4), (33, 6), (35, 1), (40, 3), (45, 2), (47, 3), (50, 1), (55, 1), (56, 3), (57, 2), (88, 1), (97, 1), (98, 5), (106, 1), (121, 2), (130, 2), (132, 2), (134, 2), (136, 2), (148, 2), (156, 2), (159, 1), (168, 2), (189, 5), (196, 8), (197, 1), (201, 10), (210, 1), (219, 2), (220, 1), (225, 1), (226, 2), (228, 3), (238, 2), (244, 2), (260, 1), (265, 1), (272, 1), (274, 6), (285, 1), (288, 1), (290, 1), (291, 4), (298, 1), (300, 1), (301, 8), (310, 2), (318, 1), (323, 1), (352, 1), (373, 1), (379, 1), (387, 1), (401, 1), (404, 2), (408, 3), (409, 2), (410, 1), (419, 1), (421, 2), (425, 2), (427, 1), (440, 6), (457, 1), (458, 1), (469, 1), (486, 8), (488, 1), (501, 1), (503, 4), (513, 3), (515, 2), (518, 2), (522, 1), (525, 2), (526, 2), (531, 1), (541, 3), (543, 6), (544, 2), (545, 1), (549, 1), (555, 2), (558, 1), (559, 1), (563, 1), (585, 4), (606, 2), (616, 1), (618, 1), (623, 3), (634, 1), (644, 2), (658, 1), (669, 1), (672, 1), (673, 7), (689, 1), (690, 1), (702, 1), (714, 1), (716, 2), (718, 1), (720, 1), (722, 6), (737, 1), (738, 1), (740, 1), (746, 2), (757, 1), (761, 3), (768, 2), (780, 1), (796, 1), (800, 1), (803, 2), (811, 1), (823, 1), (825, 1), (840, 1), (846, 1), (864, 1), (865, 4), (869, 1), (876, 2), (913, 2), (915, 2), (920, 12), (925, 8), (935, 4), (947, 2), (951, 1), (952, 1), (956, 4), (965, 12), (975, 4), (991, 1), (997, 1)
everglow (DF: 1): (230, 3)
everi (DF: 176): (5, 3), (16, 1), (18, 4), (20, 1), (26, 3), (29, 4), (30, 2), (31, 5), (32, 4), (40, 8), (58, 1), (66, 4), (68, 2), (70, 1), (72, 1), (74, 2), (75, 6), (116, 1), (118, 1), (121, 1), (122, 3), (123, 2), (126, 1), (130, 1), (133, 2), (142, 1), (150, 2), (158, 4), (160, 2), (171, 1), (172, 1), (176, 3), (183, 1), (188, 1), (190, 2), (196, 4), (197, 1), (200, 1), (201, 1), (205, 1), (206, 6), (215, 5), (218, 1), (220, 3), (224, 3), (225, 2), (228, 2), (240, 1), (248, 1), (259, 1), (265, 2), (267, 2), (268, 1), (286, 1), (301, 2), (303, 4), (318, 6), (319, 4), (336, 1), (352, 2), (356, 2), (365, 2), (369, 1), (382, 1), (388, 1), (391, 8), (394, 4), (404, 2), (405, 1), (414, 1), (418, 1), (424, 30), (441, 2), (446, 1), (448, 4), (449, 3), (462, 1), (472, 9), (475, 1), (482, 1), (486, 2), (494, 2), (496, 3), (497, 1), (500, 1), (507, 1), (508, 2), (515, 2), (527, 1), (530, 1), (531, 11), (536, 1), (538, 2), (544, 2), (550, 9), (560, 8), (566, 2), (581, 1), (591, 1), (593, 1), (600, 1), (604, 12), (613, 1), (619, 1), (623, 1), (633, 1), (639, 2), (644, 4), (650, 1), (656, 1), (660, 1), (672, 6), (673, 1), (678, 1), (680, 2), (684, 1), (686, 1), (695, 6), (698, 4), (706, 4), (714, 3), (716, 1), (722, 1), (731, 1), (732, 1), (733, 11), (738, 1), (746, 2), (752, 3), (767, 12), (772, 4), (785, 2), (792, 2), (800, 3), (801, 1), (815, 2), (816, 2), (817, 2), (820, 4), (830, 1), (832, 2), (833, 1), (834, 2), (856, 2), (857, 1), (860, 1), (861, 6), (867, 3), (876, 2), (883, 3), (904, 2), (912, 2), (913, 1), (914, 3), (916, 1), (920, 1), (921, 2), (922, 1), (926, 1), (927, 1), (929, 2), (931, 1), (939, 1), (942, 1), (946, 2), (951, 1), (956, 2), (959, 3), (963, 1), (966, 1), (974, 2), (978, 8), (981, 1), (983, 1), (993, 1), (998, 1)
everlast (DF: 2): (621, 22), (921, 1)
everybodi (DF: 61): (4, 2), (7, 1), (18, 1), (72, 1), (82, 3), (96, 3), (106, 1), (114, 6), (134, 1), (148, 1), (220, 1), (235, 1), (267, 4), (272, 1), (278, 2), (357, 1), (380, 1), (404, 2), (405, 2), (418, 2), (419, 2), (424, 24), (425, 7), (441, 2), (446, 2), (447, 4), (455, 1), (458, 2), (467, 20), (488, 2), (511, 3), (546, 3), (558, 1), (560, 1), (572, 3), (586, 3), (603, 4), (618, 2), (669, 1), (688, 2), (693, 2), (699, 1), (702, 1), (704, 2), (719, 4), (757, 1), (759, 1), (775, 2), (781, 7), (802, 1), (847, 1), (859, 3), (876, 2), (878, 2), (916, 1), (925, 1), (951, 1), (956, 1), (966, 1), (968, 1), (993, 1)
everyday (DF: 29): (31, 6), (114, 1), (124, 1), (134, 2), (172, 1), (220, 3), (314, 1), (321, 2), (372, 1), (380, 1), (405, 1), (441, 2), (496, 3), (503, 4), (510, 2), (530, 1), (552, 5), (559, 1), (676, 1), (690, 1), (695, 1), (746, 2), (753, 1), (785, 1), (798, 1), (805, 1), (846, 3), (968, 1), (981, 2)
everynight (DF: 1): (785, 1)
everyon (DF: 24): (66, 1), (106, 7), (112, 1), (139, 1), (192, 1), (228, 1), (235, 1), (248, 1), (266, 2), (369, 2), (377, 1), (402, 1), (408, 4), (461, 2), (494, 3), (511, 6), (513, 1), (743, 1), (787, 1), (856, 2), (876, 2), (901, 2), (939, 2), (965, 18)
everyt (DF: 1): (746, 2)
everyth (DF: 98): (26, 9), (27, 1), (31, 2), (48, 6), (64, 6), (71, 1), (74, 4), (92, 1), (108, 2), (134, 6), (142, 1), (158, 2), (167, 33), (183, 2), (192, 2), (194, 2), (196, 16), (202, 1), (203, 8), (226, 2), (230, 18), (260, 2), (261, 2), (278, 2), (288, 1), (299, 1), (314, 3), (324, 1), (369, 4), (377, 3), (380, 5), (389, 1), (402, 8), (406, 3), (408, 1), (414, 1), (416, 1), (419, 1), (430, 1), (454, 2), (471, 1), (492, 2), (496, 3), (503, 4), (511, 3), (518, 1), (520, 8), (522, 1), (525, 2), (527, 1), (529, 1), (556, 1), (566, 2), (571, 1), (573, 1), (581, 1), (604, 4), (605, 3), (672, 1), (673, 1), (677, 2), (686, 4), (690, 1), (693, 1), (704, 1), (714, 1), (717, 5), (730, 1), (733, 2), (751, 4), (757, 1), (768, 4), (775, 8), (785, 1), (805, 1), (822, 4), (823, 2), (830, 1), (833, 1), (841, 1), (843, 1), (844, 4), (846, 4), (847, 2), (854, 2), (856, 1), (863, 2), (865, 3), (905, 1), (913, 4), (919, 1), (933, 2), (938, 2), (939, 2), (946, 6), (952, 25), (967, 1), (975, 2)
everythang (DF: 1): (441, 2)
everythin (DF: 1): (556, 1)
everytim (DF: 8): (56, 1), (72, 1), (206, 4), (211, 1), (298, 1), (614, 2), (743, 2), (841, 1)
everywher (DF: 15): (123, 1), (223, 1), (261, 1), (265, 1), (305, 1), (441, 1), (513, 1), (533, 1), (548, 1), (669, 1), (671, 1), (759, 1), (833, 1), (873, 1), (915, 2)
evid (DF: 6): (430, 1), (510, 1), (808, 1), (859, 1), (896, 2), (922, 1)
evil (DF: 11): (13, 1), (241, 1), (294, 1), (324, 3), (407, 1), (529, 1), (641, 2), (642, 1), (746, 2), (857, 30), (922, 1)
evisu (DF: 1): (673, 1)
evit (DF: 3): (19, 3), (679, 2), (934, 1)
evo (DF: 1): (284, 4)
evolut (DF: 2): (671, 1), (991, 1)
