shoestr (DF: 1): (571, 1)
shomo (DF: 1): (430, 1)
shone (DF: 2): (535, 2)
shook (DF: 9): (302, 1), (441, 1), (528, 1), (606, 1), (629, 2), (737, 1), (749, 1), (800, 3)
shoop (DF: 1): (583, 1)
shoot (DF: 24): (20, 3), (27, 1), (72, 1), (153, 2), (159, 1), (181, 1), (183, 1), (220, 1), (222, 1), (223, 1), (332, 1), (445, 1), (510, 1), (529, 24), (536, 7), (617, 3), (702, 2), (737, 1), (818, 1), (823, 1), (842, 3), (899, 1), (966, 1)
shooter (DF: 6): (350, 1), (479, 3), (808, 1), (966, 9)
shootin (DF: 5): (51, 1), (55, 2), (441, 1), (753, 1), (922, 1)
shooz (DF: 2): (135, 1), (341, 1)
shop (DF: 11): (47, 2), (51, 1), (249, 1), (270, 1), (365, 1), (541, 1), (737, 1), (904, 7), (928, 1)
shopper (DF: 1): (841, 1)
shoppin (DF: 6): (179, 1), (352, 1), (440, 1), (536, 3), (928, 1), (993, 1)
shore (DF: 11): (3, 1), (295, 1), (306, 2), (352, 1), (541, 1), (585, 2), (600, 1), (774, 4), (931, 1), (933, 2)
short (DF: 10): (121, 1), (134, 1), (220, 1), (245, 1), (405, 1), (421, 1), (634, 1), (642, 1), (660, 1), (859, 1)
shortcut (DF: 1): (239, 1)
shorter (DF: 1): (306, 3)
shorti (DF: 12): (65, 1), (221, 4), (222, 1), (339, 2), (365, 2), (586, 2), (669, 1), (693, 2), (786, 1), (804, 1), (829, 1), (841, 1)
shortstop (DF: 2): (409, 2)
shorty (DF: 2): (345, 4), (577, 1)
shory (DF: 1): (10, 1)
shot (DF: 48): (13, 1), (26, 9), (72, 1), (204, 1), (207, 1), (231, 20), (242, 2), (301, 1), (306, 1), (311, 1), (319, 8), (324, 1), (340, 4), (357, 1), (362, 1), (383, 4), (479, 3), (510, 1), (591, 1), (617, 1), (643, 1), (646, 2), (647, 1), (696, 1), (699, 2), (702, 1), (737, 1), (746, 1), (767, 2), (770, 1), (804, 1), (818, 1), (823, 1), (826, 12), (905, 1), (909, 2), (920, 1), (921, 3), (946, 2), (953, 2), (981, 3), (993, 2)
shotgun (DF: 6): (179, 1), (231, 18), (379, 1), (546, 1), (807, 3)
shotta (DF: 3): (179, 1), (181, 4), (675, 6)
shotti (DF: 1): (248, 1)
shoulda (DF: 1): (121, 1)
shoulder (DF: 12): (5, 3), (89, 16), (209, 1), (273, 4), (507, 1), (535, 2), (563, 1), (576, 1), (590, 2), (790, 1)
shout (DF: 20): (67, 2), (114, 3), (148, 1), (181, 3), (270, 1), (306, 1), (338, 2), (360, 2), (381, 3), (388, 2), (394, 3), (420, 2), (443, 1), (526, 2), (553, 1), (601, 4), (650, 1), (669, 1), (732, 2)
shoutout (DF: 1): (829, 1)
shove (DF: 3): (40, 1), (236, 3), (306, 3)
shovel (DF: 3): (368, 4), (579, 1), (583, 1)
show (DF: 141): (2, 2), (13, 1), (15, 3), (25, 2), (40, 2), (52, 1), (69, 1), (79, 4), (91, 1), (100, 1), (102, 1), (106, 2), (114, 3), (128, 2), (148, 1), (153, 2), (154, 1), (167, 3), (169, 2), (175, 1), (181, 1), (183, 1), (201, 1), (204, 1), (208, 3), (220, 2), (221, 1), (224, 3), (234, 3), (235, 2), (237, 2), (246, 1), (273, 8), (274, 2), (278, 6), (282, 4), (285, 1), (286, 5), (289, 1), (306, 1), (306, 3), (322, 4), (328, 14), (339, 2), (350, 1), (358, 1), (365, 1), (377, 2), (384, 7), (389, 1), (394, 1), (405, 1), (420, 1), (431, 3), (435, 1), (440, 1), (446, 2), (451, 1), (454, 2), (457, 2), (458, 8), (479, 6), (499, 26), (500, 1), (514, 2), (522, 1), (535, 4), (536, 3), (542, 2), (562, 4), (563, 1), (565, 8), (574, 2), (578, 1), (579, 1), (586, 8), (595, 2), (618, 1), (621, 1), (622, 2), (625, 1), (633, 1), (634, 1), (636, 1), (658, 2), (660, 2), (661, 1), (669, 1), (675, 8), (693, 1), (696, 1), (711, 1), (720, 1), (729, 2), (732, 18), (733, 11), (738, 1), (756, 2), (759, 4), (766, 3), (775, 2), (787, 1), (789, 1), (795, 1), (802, 1), (804, 1), (829, 1), (868, 1), (876, 2), (893, 1), (900, 2), (904, 1), (909, 1), (913, 2), (915, 1), (922, 1), (926, 3), (935, 10), (936, 1), (938, 1), (944, 4), (946, 2), (951, 5), (955, 1), (975, 1), (979, 1), (993, 1), (997, 1), (999, 1)
shower (DF: 3): (98, 1), (152, 7), (215, 1)
showin (DF: 9): (337, 1), (535, 2), (646, 10), (672, 1), (702, 1), (916, 1), (944, 1)
shown (DF: 3): (206, 1), (247, 2), (330, 1)
shows (DF: 1): (711, 1)
shred (DF: 1): (222, 1)
shrimp (DF: 1): (660, 1)
shrine (DF: 1): (404, 12)
shrink (DF: 1): (668, 1)
shroom (DF: 1): (801, 1)
shrug (DF: 1): (287, 2)
shuffl (DF: 4): (282, 25), (337, 1), (783, 1), (925, 1)
shun (DF: 2): (503, 16), (690, 4)
shungudzo (DF: 1): (169, 2)
shura (DF: 1): (923, 1)
shut (DF: 23): (40, 2), (47, 1), (51, 2), (68, 1), (181, 1), (204, 2), (222, 1), (232, 1), (317, 1), (324, 1), (418, 1), (482, 1), (518, 2), (647, 1), (673, 1), (684, 2), (702, 1), (749, 1), (788, 3), (802, 1), (929, 1), (948, 6)
shutdown (DF: 2): (326, 2)
shutter (DF: 1): (161, 1)
shuttin (DF: 2): (365, 1), (486, 2)
si (DF: 83): (10, 1), (12, 6), (14, 1), (19, 4), (46, 5), (53, 2), (84, 2), (109, 7), (117, 2), (173, 3), (178, 1), (180, 11), (194, 1), (217, 6), (229, 2), (250, 5), (252, 3), (256, 2), (276, 4), (283, 4), (284, 2), (312, 2), (333, 2), (342, 1), (347, 2), (354, 8), (364, 2), (366, 11), (371, 2), (395, 6), (412, 20), (417, 3), (430, 3), (439, 1), (444, 1), (450, 1), (476, 1), (477, 15), (480, 1), (481, 14), (539, 10), (540, 8), (552, 3), (557, 3), (577, 5), (580, 5), (628, 10), (632, 3), (648, 1), (651, 3), (667, 6), (679, 1), (724, 5), (728, 2), (791, 2), (836, 3), (858, 5), (875, 1), (885, 8), (889, 1), (891, 3), (897, 1), (908, 1), (910, 13), (934, 2), (950, 2), (972, 2), (982, 6), (996, 5)
sich (DF: 1): (437, 1)
sick (DF: 31): (83, 4), (101, 2), (121, 1), (122, 1), (146, 2), (163, 6), (202, 1), (222, 1), (244, 2), (278, 2), (287, 2), (377, 1), (381, 1), (404, 4), (416, 1), (443, 1), (467, 1), (586, 1), (619, 1), (691, 1), (754, 1), (802, 1), (814, 1), (832, 1), (842, 1), (849, 1), (861, 2), (935, 8), (979, 1), (988, 1)
sicken (DF: 2): (490, 3)
sicker (DF: 1): (689, 1)
sicur (DF: 1): (9, 1)
sid (DF: 5): (46, 1), (229, 1), (235, 1), (468, 1), (885, 3)
side (DF: 78): (5, 2), (36, 1), (67, 2), (69, 1), (70, 1), (80, 1), (82, 1), (89, 112), (106, 1), (110, 1), (122, 3), (126, 1), (129, 4), (136, 2), (162, 1), (181, 1), (182, 2), (190, 1), (215, 2), (218, 1), (238, 2), (241, 2), (266, 1), (289, 1), (291, 1), (306, 1), (337, 1), (357, 28), (365, 3), (380, 1), (385, 2), (404, 2), (421, 1), (479, 9), (505, 2), (507, 1), (536, 3), (541, 1), (546, 1), (554, 1), (556, 2), (559, 1), (576, 2), (621, 3), (641, 3), (657, 4), (658, 3), (688, 11), (699, 2), (737, 1), (753, 1), (756, 1), (780, 1), (785, 2), (787, 1), (802, 2), (803, 1), (823, 1), (846, 1), (849, 1), (850, 1), (856, 3), (861, 1), (888, 1), (900, 1), (906, 1), (942, 1), (955, 1), (975, 1), (997, 1)
sidelin (DF: 2): (386, 1), (939, 1)
sidewalk (DF: 3): (268, 1), (841, 1), (856, 3)
sideway (DF: 3): (89, 16), (183, 1), (842, 1)
sidib (DF: 1): (183, 1)
sieb (DF: 1): (484, 1)
siebi (DF: 2): (250, 1), (908, 1)
siebzehn (DF: 1): (246, 1)
siebzig (DF: 1): (778, 2)
siedem (DF: 2): (250, 2)
siedzi (DF: 1): (908, 1)
sieh (DF: 2): (151, 3), (246, 1)
siempr (DF: 46): (19, 1), (53, 1), (109, 2), (117, 1), (127, 1), (180, 2), (194, 2), (216, 2), (217, 1), (276, 3), (276, 9), (283, 1), (284, 2), (299, 2), (333, 4), (342, 1), (347, 2), (353, 5), (417, 7), (444, 1), (444, 1), (466, 3), (480, 1), (481, 4), (512, 3), (557, 1), (567, 12), (648, 2), (667, 10), (707, 1), (711, 3), (715, 2), (728, 1), (762, 3), (791, 2), (813, 1), (875, 1), (889, 1), (910, 1), (918, 1), (934, 3), (982, 4), (996, 1)
siend (DF: 5): (476, 1), (480, 1), (577, 1), (667, 1), (724, 1)
sient (DF: 22): (10, 4), (19, 3), (109, 3), (127, 5), (178, 1), (276, 1), (312, 2), (328, 3), (364, 2), (366, 1), (417, 1), (466, 3), (480, 1), (512, 1), (577, 6), (628, 1), (679, 1), (791, 1), (875, 1)
sientat (DF: 1): (24, 1)
sier (DF: 1): (9, 1)
sierr (DF: 2): (460, 3)
sierv (DF: 1): (355, 1)
siet (DF: 2): (557, 1), (632, 3)
sig (DF: 26): (24, 6), (53, 2), (229, 2), (269, 1), (276, 1), (312, 1), (345, 4), (350, 3), (353, 1), (412, 2), (460, 1), (476, 1), (480, 1), (567, 6), (577, 2), (628, 1), (667, 1), (724, 1), (858, 1), (885, 10), (897, 2), (918, 1), (982, 6), (995, 1)
siganeul (DF: 1): (32, 1)
sigani (DF: 1): (32, 1)
sigh (DF: 2): (81, 1), (462, 1)
sight (DF: 18): (15, 1), (97, 4), (191, 2), (202, 1), (248, 1), (383, 1), (427, 1), (452, 1), (482, 3), (562, 1), (578, 1), (597, 1), (608, 1), (803, 1), (861, 2), (967, 2), (981, 1)
sigl (DF: 2): (489, 1), (632, 1)
sign (DF: 24): (1, 1), (69, 1), (75, 1), (169, 4), (318, 1), (374, 1), (389, 1), (408, 1), (537, 1), (549, 1), (683, 1), (687, 1), (705, 1), (731, 1), (757, 1), (802, 2), (809, 2), (925, 1), (946, 2), (950, 20), (966, 1), (978, 8)
signal (DF: 3): (69, 1), (174, 1), (656, 1)
signif (DF: 1): (972, 2)
sigo (DF: 1): (213, 1)
siguient (DF: 1): (333, 2)
sik (DF: 1): (700, 1)
sikandar (DF: 1): (149, 1)
sikha (DF: 1): (149, 1)
silb (DF: 1): (151, 1)
silenc (DF: 13): (114, 1), (133, 1), (378, 1), (411, 1), (416, 1), (458, 1), (482, 1), (522, 1), (705, 1), (831, 1), (929, 1), (967, 1), (971, 1)
silenci (DF: 8): (353, 1), (580, 2), (651, 2), (725, 1), (776, 1), (890, 3), (982, 2)
silent (DF: 12): (104, 1), (289, 3), (383, 1), (432, 1), (518, 1), (618, 1), (695, 3), (698, 2), (705, 1), (864, 1)
silenz (DF: 1): (438, 1)
silhouett (DF: 3): (729, 1), (830, 1), (882, 1)
silk (DF: 3): (285, 3), (446, 1), (752, 1)
silki (DF: 1): (527, 1)
silkk (DF: 1): (731, 1)
sill (DF: 2): (276, 1), (664, 1)
silli (DF: 5): (70, 1), (220, 1), (318, 1), (581, 1), (616, 1)
silva (DF: 1): (111, 1)
silver (DF: 8): (20, 1), (183, 1), (223, 1), (251, 1), (386, 1), (548, 1), (659, 3), (861, 1)
silverwar (DF: 1): (616, 1)
simil (DF: 1): (563, 1)
similar (DF: 1): (365, 1)
simmon (DF: 1): (337, 1)
simon (DF: 2): (178, 4), (988, 1)
simpl (DF: 13): (69, 1), (87, 1), (122, 1), (270, 1), (298, 1), (338, 1), (519, 2), (527, 1), (618, 1), (685, 3), (717, 3), (854, 20), (904, 1)
simplement (DF: 3): (117, 1), (371, 1), (628, 2)
simpler (DF: 1): (488, 1)
simpli (DF: 8): (3, 1), (27, 1), (183, 1), (365, 1), (405, 2), (497, 17), (519, 12), (993, 1)
simplic (DF: 1): (921, 1)
simplifi (DF: 3): (273, 4), (805, 1)
simt (DF: 1): (335, 1)
sin (DF: 22): (53, 1), (132, 1), (142, 1), (186, 2), (200, 2), (220, 1), (232, 1), (267, 2), (288, 1), (368, 1), (404, 14), (479, 9), (592, 3), (614, 2), (619, 1), (636, 1), (693, 1), (864, 1), (868, 1), (955, 4)
sinc (DF: 47): (26, 3), (37, 2), (51, 1), (69, 1), (71, 2), (72, 1), (92, 1), (122, 1), (138, 2), (170, 2), (196, 4), (248, 1), (268, 1), (272, 1), (296, 3), (352, 2), (392, 1), (432, 1), (441, 2), (449, 1), (455, 1), (486, 1), (536, 1), (541, 2), (605, 12), (616, 1), (633, 1), (644, 2), (660, 1), (691, 1), (696, 1), (718, 1), (740, 1), (753, 1), (757, 1), (788, 2), (823, 1), (850, 1), (870, 1), (925, 1), (947, 2), (959, 1), (993, 1)
sincer (DF: 9): (178, 1), (417, 4), (438, 11), (480, 1), (540, 1), (577, 1), (628, 2), (667, 1), (946, 2)
sinead (DF: 1): (772, 2)
sinfon (DF: 2): (371, 1), (910, 1)
