kack (DF: 1): (493, 1)
kaf (DF: 1): (852, 1)
kage (DF: 1): (960, 2)
kahani (DF: 2): (149, 7)
kahba (DF: 1): (246, 1)
kahit (DF: 1): (871, 1)
kailan (DF: 1): (0, 1)
kainry (DF: 1): (540, 1)
kal (DF: 1): (637, 1)
kalash (DF: 1): (676, 1)
kale (DF: 1): (696, 1)
kaleidoscop (DF: 1): (729, 5)
kalendarz (DF: 1): (250, 1)
kalib (DF: 1): (246, 1)
kalt (DF: 1): (484, 1)
kam (DF: 2): (246, 3)
kama (DF: 1): (471, 1)
kamaai (DF: 1): (149, 1)
kamikaz (DF: 1): (353, 2)
kan (DF: 6): (175, 6), (246, 1), (430, 1), (812, 1), (852, 1)
kanack (DF: 1): (493, 1)
kanak (DF: 1): (246, 1)
kanapi (DF: 1): (908, 1)
kangaroo (DF: 1): (673, 1)
kangol (DF: 1): (924, 1)
kankad (DF: 1): (149, 1)
kann (DF: 1): (493, 3)
kanon (DF: 1): (778, 1)
kansa (DF: 1): (942, 1)
kany (DF: 1): (179, 1)
kanyeezi (DF: 1): (200, 1)
kapil (DF: 1): (871, 1)
kapital (DF: 1): (412, 2)
kaptan (DF: 1): (538, 1)
kaputt (DF: 1): (483, 1)
kapuzin (DF: 1): (198, 1)
karat (DF: 3): (197, 1), (447, 6), (778, 2)
kard (DF: 1): (4, 2)
karma (DF: 2): (232, 1), (484, 1)
karol (DF: 1): (724, 1)
kart (DF: 1): (149, 1)
karyn (DF: 1): (544, 1)
kas (DF: 1): (312, 1)
kash (DF: 1): (168, 3)
kass (DF: 1): (493, 1)
kassiert (DF: 1): (437, 1)
kastri (DF: 1): (493, 1)
kato (DF: 1): (183, 1)
kau (DF: 1): (198, 1)
kauon (DF: 1): (149, 1)
kawasaki (DF: 1): (490, 1)
kay (DF: 1): (0, 4)
kaya (DF: 1): (0, 2)
kayak (DF: 1): (444, 1)
kaytranada (DF: 3): (710, 1), (729, 1), (945, 1)
kazi (DF: 1): (760, 1)
kb (DF: 3): (148, 1), (440, 2)
kbeazi (DF: 1): (696, 1)
kc (DF: 1): (978, 2)
kdl (DF: 1): (614, 1)
ke (DF: 2): (149, 12)
keat (DF: 2): (129, 4)
kee (DF: 1): (829, 1)
keef (DF: 3): (51, 7), (673, 1)
keen (DF: 3): (240, 10), (612, 3), (870, 1)
keep (DF: 215): (4, 1), (5, 2), (7, 1), (16, 3), (17, 1), (18, 24), (20, 6), (25, 10), (27, 2), (31, 1), (39, 4), (40, 2), (51, 1), (55, 1), (58, 1), (59, 4), (66, 1), (68, 1), (69, 1), (73, 1), (81, 1), (83, 3), (88, 1), (93, 7), (100, 1), (103, 3), (106, 1), (110, 1), (112, 1), (119, 1), (121, 1), (134, 3), (139, 6), (145, 5), (148, 1), (168, 1), (172, 1), (174, 17), (181, 5), (186, 1), (195, 2), (197, 1), (218, 1), (220, 1), (223, 2), (228, 1), (239, 3), (242, 1), (249, 4), (253, 8), (258, 2), (261, 1), (262, 2), (265, 2), (268, 7), (270, 7), (271, 8), (273, 4), (287, 2), (289, 3), (293, 1), (295, 1), (300, 1), (306, 1), (317, 1), (323, 5), (340, 8), (352, 1), (356, 4), (357, 2), (357, 1), (365, 2), (369, 9), (372, 2), (373, 3), (374, 2), (375, 6), (378, 2), (383, 3), (384, 4), (385, 8), (392, 2), (404, 2), (406, 2), (414, 1), (421, 1), (426, 1), (429, 2), (433, 22), (441, 1), (442, 3), (454, 2), (455, 1), (461, 2), (469, 2), (500, 3), (502, 8), (507, 1), (510, 2), (511, 1), (511, 2), (513, 1), (514, 12), (518, 1), (521, 1), (525, 1), (526, 7), (528, 8), (529, 1), (531, 1), (541, 1), (545, 1), (547, 2), (548, 1), (550, 3), (555, 2), (558, 3), (561, 2), (565, 2), (579, 1), (581, 1), (590, 1), (591, 2), (592, 4), (596, 18), (616, 1), (618, 1), (619, 1), (638, 1), (644, 12), (647, 2), (657, 1), (672, 1), (674, 3), (678, 2), (692, 4), (693, 1), (702, 2), (714, 2), (717, 3), (718, 1), (720, 13), (722, 1), (731, 3), (735, 2), (737, 1), (739, 1), (741, 2), (753, 1), (756, 1), (761, 3), (769, 4), (786, 30), (788, 1), (798, 1), (799, 1), (800, 2), (802, 1), (811, 1), (815, 2), (824, 1), (825, 4), (826, 8), (828, 1), (829, 1), (830, 1), (845, 1), (846, 3), (853, 1), (855, 1), (858, 1), (860, 1), (874, 3), (877, 1), (896, 1), (904, 6), (912, 10), (913, 2), (914, 1), (920, 1), (920, 5), (927, 2), (943, 1), (946, 2), (956, 1), (975, 1), (976, 1), (983, 1), (987, 12), (988, 1), (988, 1), (991, 1), (993, 3), (997, 1)
keeper (DF: 2): (215, 2)
keepin (DF: 6): (2, 1), (103, 1), (155, 3), (237, 1), (589, 1), (622, 1)
keepsak (DF: 1): (223, 1)
keer (DF: 1): (812, 1)
keg (DF: 3): (66, 1), (482, 1), (721, 1)
kehrseit (DF: 1): (778, 1)
keith (DF: 2): (100, 2), (909, 1)
kell (DF: 2): (110, 2)
kelli (DF: 5): (181, 1), (318, 2), (613, 1), (737, 1), (856, 1)
keloid (DF: 1): (270, 1)
kemp (DF: 1): (973, 1)
ken (DF: 1): (930, 1)
kenan (DF: 1): (696, 1)
kenansvill (DF: 1): (80, 1)
kender (DF: 1): (229, 1)
kendrick (DF: 2): (616, 2), (693, 1)
kenn (DF: 2): (151, 1), (681, 1)
kennedi (DF: 5): (650, 1), (693, 1), (699, 1), (808, 1), (947, 1)
kennel (DF: 1): (436, 2)
kenni (DF: 2): (259, 1), (647, 1)
kennoly (DF: 1): (910, 1)
kennt (DF: 1): (397, 1)
keno (DF: 1): (234, 2)
kensel (DF: 1): (14, 1)
kenwood (DF: 1): (27, 1)
kenzo (DF: 1): (268, 1)
kept (DF: 18): (83, 1), (88, 1), (181, 1), (210, 1), (220, 1), (303, 4), (390, 1), (548, 1), (573, 1), (581, 1), (636, 1), (647, 1), (744, 1), (832, 2), (886, 1), (904, 1), (920, 1), (922, 1)
kerat (DF: 1): (546, 1)
kerl (DF: 1): (198, 1)
kesha (DF: 1): (948, 1)
kessler (DF: 2): (958, 3)
ket (DF: 1): (143, 2)
ketchup (DF: 1): (417, 1)
kettl (DF: 1): (904, 1)
kevin (DF: 1): (661, 1)
key (DF: 20): (31, 1), (74, 2), (153, 2), (202, 1), (270, 1), (317, 1), (441, 1), (469, 1), (634, 1), (672, 1), (698, 2), (700, 6), (712, 1), (731, 1), (772, 2), (825, 2), (874, 1), (915, 1), (919, 1)
keyboard (DF: 1): (270, 1)
kgs (DF: 1): (246, 1)
khaai (DF: 1): (149, 1)
khaki (DF: 2): (441, 2)
khale (DF: 3): (479, 4), (746, 1)
khalid (DF: 3): (212, 1), (340, 1), (604, 2)
khalifa (DF: 7): (26, 6), (562, 1), (800, 1), (915, 1), (927, 1), (952, 1)
khe (DF: 2): (109, 1), (477, 1)
khiladi (DF: 1): (149, 12)
khilti (DF: 1): (149, 1)
khoti (DF: 1): (149, 1)
khyber (DF: 1): (931, 1)
ki (DF: 6): (72, 1), (149, 16), (693, 20), (908, 1)
kick (DF: 51): (16, 1), (89, 32), (121, 1), (138, 2), (183, 2), (210, 1), (240, 1), (268, 1), (270, 2), (273, 1), (273, 3), (282, 38), (337, 1), (346, 1), (390, 1), (418, 1), (420, 1), (434, 1), (441, 1), (447, 4), (490, 1), (510, 2), (511, 3), (547, 1), (581, 2), (583, 2), (601, 2), (642, 2), (669, 5), (684, 1), (684, 1), (696, 1), (702, 1), (740, 1), (781, 1), (803, 1), (818, 1), (821, 1), (859, 1), (870, 2), (896, 1), (920, 1), (946, 2), (948, 4), (966, 1)
kickdown (DF: 1): (483, 1)
kicker (DF: 1): (802, 1)
kickin (DF: 10): (27, 1), (172, 2), (441, 1), (669, 2), (786, 1), (808, 2), (859, 1), (922, 1), (964, 1)
kid (DF: 52): (5, 1), (13, 3), (63, 1), (65, 1), (118, 1), (140, 2), (153, 2), (176, 12), (220, 2), (223, 2), (235, 3), (239, 1), (248, 1), (253, 1), (316, 1), (337, 1), (350, 3), (352, 1), (369, 8), (376, 11), (426, 1), (488, 1), (504, 1), (510, 2), (525, 1), (541, 1), (574, 2), (585, 2), (591, 1), (595, 1), (612, 2), (642, 1), (669, 2), (691, 2), (702, 1), (711, 1), (757, 1), (759, 2), (826, 1), (841, 1), (842, 1), (925, 1), (939, 1), (964, 2), (966, 3), (998, 1)
kidd (DF: 2): (698, 4)
kiddi (DF: 1): (38, 1)
kidnap (DF: 1): (646, 1)
kidney (DF: 1): (829, 1)
kiedi (DF: 3): (250, 4), (908, 2)
kiesza (DF: 1): (526, 1)
kiff (DF: 1): (484, 1)
kijk (DF: 2): (43, 1), (852, 1)
kiki (DF: 3): (110, 1), (440, 2)
kiko (DF: 1): (229, 2)
kil (DF: 2): (371, 1), (444, 1)
kilat (DF: 2): (567, 6)
kill (DF: 61): (13, 3), (36, 3), (40, 1), (69, 1), (70, 1), (72, 1), (146, 2), (200, 1), (228, 1), (248, 1), (270, 1), (281, 1), (306, 1), (314, 1), (324, 1), (336, 1), (356, 33), (372, 1), (397, 1), (407, 1), (440, 1), (446, 2), (455, 1), (471, 1), (483, 1), (501, 3), (507, 1), (529, 11), (536, 3), (561, 2), (596, 3), (603, 2), (612, 1), (617, 1), (636, 2), (643, 1), (646, 1), (650, 3), (689, 1), (699, 1), (708, 1), (722, 1), (741, 20), (772, 2), (775, 2), (801, 2), (808, 1), (841, 9), (861, 2), (909, 1), (922, 2), (925, 3), (927, 17), (946, 2), (991, 1)
killa (DF: 3): (321, 1), (595, 1), (993, 1)
killer (DF: 11): (26, 3), (183, 2), (200, 1), (242, 1), (245, 1), (471, 2), (498, 1), (552, 1), (562, 1), (653, 1)
killi (DF: 1): (643, 1)
killin (DF: 7): (17, 1), (159, 1), (455, 1), (471, 1), (616, 2), (672, 1), (915, 1)
killing (DF: 1): (328, 3)
killstat (DF: 1): (154, 1)
killswitch (DF: 1): (764, 1)
kilo (DF: 5): (181, 1), (598, 1), (778, 8), (842, 1)
kilometr (DF: 3): (284, 4), (776, 2)
kim (DF: 1): (179, 1)
kin (DF: 3): (352, 1), (430, 2), (879, 1)
kind (DF: 32): (66, 1), (72, 1), (102, 4), (104, 1), (132, 1), (136, 1), (203, 1), (224, 9), (281, 1), (287, 2), (394, 4), (414, 1), (418, 1), (464, 1), (484, 1), (497, 1), (521, 3), (542, 2), (558, 1), (597, 1), (683, 2), (798, 1), (819, 1), (820, 3), (854, 1), (870, 2), (886, 2), (920, 1), (930, 1), (942, 1), (988, 2)
kinda (DF: 18): (69, 1), (104, 1), (146, 1), (207, 3), (215, 1), (243, 4), (352, 2), (374, 1), (441, 1), (455, 1), (479, 3), (541, 2), (546, 2), (751, 4), (810, 2), (965, 6)
kinder (DF: 1): (203, 1)
king (DF: 51): (8, 4), (30, 28), (46, 2), (48, 1), (116, 1), (121, 1), (148, 1), (187, 1), (248, 1), (256, 1), (310, 1), (356, 1), (404, 2), (407, 1), (435, 5), (438, 1), (462, 1), (471, 1), (474, 1), (476, 1), (482, 1), (483, 2), (486, 1), (541, 1), (552, 11), (563, 2), (587, 1), (596, 1), (646, 1), (650, 1), (673, 1), (676, 1), (693, 1), (694, 1), (698, 4), (721, 1), (724, 1), (771, 1), (786, 1), (816, 1), (823, 1), (835, 5), (871, 1), (884, 1), (915, 1), (927, 1), (930, 1), (975, 1)
kingdom (DF: 2): (50, 1), (943, 1)
kings (DF: 1): (46, 2)
kingston (DF: 2): (181, 2), (686, 2)
kingz (DF: 2): (444, 1), (982, 2)
kinki (DF: 1): (89, 4)
kint (DF: 1): (87, 1)
kip (DF: 1): (908, 1)
kipp (DF: 1): (246, 1)
kirkland (DF: 1): (862, 1)
kismat (DF: 1): (149, 1)
kiss (DF: 87): (1, 3), (2, 2), (26, 3), (35, 1), (39, 4), (52, 1), (76, 1), (82, 1), (98, 1), (147, 1), (163, 2), (165, 2), (166, 5), (171, 1), (176, 3), (221, 1), (223, 1), (226, 4), (228, 1), (236, 3), (237, 2), (243, 1), (253, 10), (255, 6), (277, 1), (278, 2), (284, 2), (285, 1), (298, 1), (313, 1), (334, 1), (341, 1), (357, 1), (379, 5), (382, 21), (393, 2), (394, 4), (411, 1), (440, 1), (451, 1), (474, 2), (488, 1), (504, 1), (508, 2), (515, 4), (531, 5), (542, 4), (550, 3), (571, 1), (575, 17), (596, 3), (604, 4), (622, 2), (647, 1), (660, 1), (675, 4), (730, 4), (736, 1), (740, 1), (741, 6), (742, 3), (751, 2), (767, 2), (804, 1), (811, 5), (841, 1), (845, 1), (866, 2), (922, 2), (939, 1), (941, 1), (951, 3), (965, 6), (988, 1)
kissabl (DF: 1): (497, 1)
kissin (DF: 7): (264, 1), (278, 2), (440, 4), (550, 3), (603, 2), (616, 1), (672, 1)
kit (DF: 3): (661, 4), (978, 6)
kita (DF: 1): (871, 1)
kitch (DF: 1): (711, 1)
kitchen (DF: 5): (183, 1), (185, 2), (329, 6), (759, 1), (922, 1)
kite (DF: 1): (235, 1)
kitti (DF: 1): (829, 1)
kiwanuka (DF: 1): (748, 1)
kiwon (DF: 1): (430, 1)
kkok (DF: 2): (32, 3)
kkumeseo (DF: 2): (32, 3)
kkumgyeol (DF: 1): (32, 1)
kkwak (DF: 1): (32, 1)
klaar (DF: 1): (43, 2)
klanga (DF: 1): (976, 2)
klangkarussel (DF: 1): (671, 1)
