older (DF: 6): (343, 1), (384, 7), (516, 3), (585, 4), (609, 2), (737, 1)
oldschool (DF: 1): (324, 1)
olex (DF: 2): (606, 2)
olexesh (DF: 1): (681, 2)
olivia (DF: 1): (228, 2)
oll (DF: 1): (778, 1)
olli (DF: 2): (253, 2), (935, 1)
olor (DF: 3): (353, 1), (355, 4)
oluwaburna (DF: 1): (278, 2)
olvid (DF: 21): (14, 1), (86, 8), (117, 1), (178, 1), (252, 4), (269, 2), (284, 2), (312, 1), (395, 2), (557, 1), (577, 8), (594, 1), (762, 9), (791, 3), (885, 1), (889, 2), (910, 6)
olvidars (DF: 1): (439, 1)
olvidart (DF: 5): (19, 1), (86, 2), (284, 2), (632, 1)
olymp (DF: 1): (969, 1)
om (DF: 4): (43, 1), (175, 2), (229, 1), (852, 2)
omar (DF: 8): (46, 2), (127, 2), (364, 2), (371, 3), (450, 1), (476, 2), (552, 2)
omarion (DF: 2): (775, 5)
ombre (DF: 1): (9, 1)
omen (DF: 1): (702, 1)
omi (DF: 2): (65, 1), (262, 1)
omin (DF: 1): (852, 1)
omni (DF: 1): (794, 1)
omo (DF: 2): (430, 4)
on (DF: 5): (173, 3), (283, 2), (724, 1), (858, 1)
ona (DF: 3): (250, 3), (661, 1), (908, 1)
once (DF: 1): (489, 1)
ond (DF: 1): (213, 1)
onda (DF: 1): (252, 1)
onde (DF: 1): (9, 1)
one (DF: 374): (2, 2), (5, 2), (11, 1), (13, 2), (15, 1), (18, 2), (25, 16), (26, 33), (31, 1), (35, 1), (36, 1), (38, 1), (40, 2), (44, 1), (47, 7), (52, 1), (55, 4), (56, 1), (58, 1), (59, 1), (59, 4), (65, 2), (68, 1), (72, 3), (80, 22), (88, 2), (100, 1), (106, 15), (112, 2), (121, 1), (130, 1), (134, 1), (135, 1), (138, 3), (140, 8), (146, 2), (148, 4), (150, 6), (155, 3), (159, 1), (161, 2), (166, 1), (167, 9), (170, 1), (172, 2), (176, 9), (181, 1), (185, 4), (190, 2), (191, 11), (194, 3), (197, 1), (200, 1), (204, 1), (206, 2), (215, 1), (223, 1), (224, 3), (225, 1), (232, 1), (233, 1), (235, 1), (236, 2), (237, 2), (242, 5), (243, 1), (247, 2), (248, 1), (249, 4), (250, 1), (251, 5), (252, 1), (256, 1), (261, 19), (272, 2), (274, 2), (275, 1), (278, 12), (286, 2), (287, 2), (296, 9), (297, 1), (299, 2), (303, 8), (304, 2), (305, 1), (308, 8), (310, 1), (313, 2), (319, 12), (324, 1), (327, 1), (328, 1), (330, 7), (332, 2), (334, 1), (337, 1), (341, 1), (346, 2), (348, 1), (351, 1), (356, 24), (358, 3), (359, 1), (361, 1), (369, 1), (370, 1), (372, 8), (374, 4), (375, 4), (379, 2), (380, 2), (381, 1), (383, 8), (385, 2), (386, 3), (387, 4), (389, 2), (391, 8), (394, 1), (401, 1), (405, 3), (407, 1), (408, 2), (409, 2), (414, 2), (418, 5), (423, 5), (425, 1), (427, 1), (430, 4), (431, 6), (435, 1), (440, 3), (441, 3), (446, 1), (449, 9), (453, 1), (455, 5), (457, 1), (458, 19), (462, 1), (463, 2), (464, 1), (475, 1), (478, 1), (479, 15), (482, 2), (485, 2), (486, 2), (490, 1), (491, 1), (510, 1), (511, 3), (513, 3), (514, 2), (515, 4), (517, 1), (520, 2), (525, 2), (527, 2), (528, 1), (529, 1), (531, 4), (532, 2), (535, 2), (538, 1), (541, 1), (544, 5), (546, 1), (547, 1), (550, 3), (556, 1), (559, 1), (563, 1), (566, 3), (570, 2), (571, 2), (574, 2), (576, 1), (576, 1), (579, 1), (581, 6), (583, 1), (585, 8), (586, 1), (587, 9), (590, 5), (595, 6), (601, 2), (604, 4), (605, 1), (609, 8), (614, 1), (616, 1), (617, 1), (618, 4), (621, 1), (622, 2), (623, 9), (627, 5), (630, 61), (633, 10), (634, 1), (636, 2), (642, 1), (644, 10), (647, 1), (657, 8), (658, 2), (660, 2), (661, 1), (662, 2), (663, 2), (668, 2), (669, 1), (670, 4), (673, 3), (677, 4), (678, 1), (680, 2), (684, 1), (689, 1), (694, 1), (699, 2), (701, 1), (704, 1), (706, 1), (714, 3), (719, 6), (720, 2), (721, 2), (722, 20), (730, 4), (731, 2), (735, 2), (737, 2), (739, 1), (746, 1), (748, 18), (753, 2), (756, 7), (766, 5), (767, 2), (771, 2), (779, 2), (781, 1), (786, 2), (789, 5), (795, 1), (798, 1), (799, 2), (800, 5), (802, 2), (803, 2), (804, 1), (805, 3), (806, 1), (807, 6), (809, 6), (810, 2), (811, 3), (818, 2), (822, 2), (824, 1), (826, 2), (835, 9), (838, 5), (840, 7), (841, 1), (849, 3), (857, 1), (862, 3), (866, 2), (867, 1), (868, 1), (869, 1), (870, 2), (877, 3), (879, 1), (883, 3), (887, 2), (892, 1), (895, 1), (896, 1), (898, 16), (904, 3), (905, 6), (914, 2), (919, 7), (920, 9), (922, 2), (925, 11), (927, 12), (928, 1), (929, 1), (931, 1), (933, 2), (939, 1), (942, 1), (946, 4), (950, 4), (951, 1), (953, 2), (956, 1), (958, 2), (964, 1), (965, 6), (968, 1), (969, 6), (970, 3), (973, 1), (975, 3), (979, 9), (980, 1), (982, 2), (983, 1), (985, 1), (986, 1), (988, 1), (988, 1), (993, 1), (994, 1), (998, 1), (999, 2)
onefour (DF: 1): (737, 1)
onerepubl (DF: 2): (385, 3), (560, 1)
onic (DF: 1): (128, 1)
onizuk (DF: 1): (34, 1)
onlin (DF: 1): (689, 1)
onlook (DF: 2): (405, 1), (802, 1)
only (DF: 1): (252, 1)
onto (DF: 5): (119, 1), (224, 9), (753, 1), (869, 1), (979, 2)
onza (DF: 2): (567, 3)
oo (DF: 4): (85, 3), (106, 13), (485, 1), (819, 1)
oofi (DF: 1): (441, 1)
oogabooga (DF: 1): (689, 1)
oogi (DF: 4): (441, 11), (643, 2)
oogum (DF: 2): (988, 12)
ooh (DF: 148): (5, 1), (14, 1), (16, 4), (17, 16), (23, 44), (31, 2), (39, 2), (60, 2), (71, 4), (76, 30), (82, 2), (89, 4), (95, 4), (106, 12), (122, 4), (144, 3), (155, 3), (157, 5), (162, 1), (176, 3), (176, 36), (185, 4), (191, 5), (194, 1), (230, 2), (233, 2), (243, 5), (251, 4), (255, 2), (262, 6), (264, 25), (268, 4), (274, 4), (278, 2), (282, 26), (287, 4), (296, 21), (300, 7), (303, 4), (320, 4), (330, 2), (340, 168), (343, 1), (357, 1), (372, 1), (374, 2), (382, 8), (387, 12), (389, 6), (423, 4), (424, 90), (436, 36), (449, 1), (451, 1), (457, 4), (472, 4), (475, 1), (479, 3), (492, 5), (495, 2), (497, 1), (498, 6), (513, 7), (516, 1), (526, 16), (527, 6), (529, 1), (530, 4), (531, 36), (536, 1), (538, 6), (543, 3), (544, 1), (550, 21), (589, 3), (601, 2), (612, 2), (616, 8), (618, 7), (620, 4), (626, 6), (678, 2), (696, 3), (698, 144), (699, 2), (719, 32), (720, 1), (734, 3), (736, 3), (741, 4), (742, 3), (753, 1), (758, 4), (763, 21), (766, 8), (775, 54), (781, 1), (786, 1), (789, 2), (796, 8), (798, 1), (805, 1), (807, 2), (810, 6), (833, 16), (836, 4), (842, 2), (848, 18), (849, 1), (860, 1), (866, 2), (870, 2), (872, 8), (874, 24), (884, 1), (893, 6), (895, 30), (899, 1), (916, 2), (919, 56), (920, 1), (925, 1), (931, 1), (935, 144), (942, 2), (943, 27), (950, 2), (955, 4), (959, 17), (965, 216), (966, 3), (975, 10), (983, 1), (986, 1), (992, 13)
oohhh (DF: 2): (355, 3), (608, 1)
oohoohooooohoo (DF: 1): (874, 12)
oom (DF: 1): (364, 2)
ooo (DF: 6): (257, 17), (485, 3), (625, 1), (959, 2), (986, 1)
oooh (DF: 15): (39, 2), (109, 1), (298, 1), (424, 78), (541, 1), (585, 16), (692, 2), (733, 1), (787, 2), (810, 2), (859, 1), (895, 9)
ooohhh (DF: 1): (608, 1)
ooohhhh (DF: 1): (492, 3)
ooohooohooo (DF: 1): (298, 1)
ooooh (DF: 10): (55, 2), (113, 2), (120, 1), (211, 6), (327, 3), (492, 2), (541, 1), (895, 9)
oooohhhh (DF: 1): (352, 1)
oooohhhhhh (DF: 1): (595, 2)
ooooo (DF: 1): (625, 6)
oooooh (DF: 1): (113, 3)
ooooooh (DF: 1): (988, 3)
oooooooooooooon (DF: 1): (204, 1)
ooou (DF: 1): (109, 1)
oouh (DF: 1): (541, 1)
oowi (DF: 1): (16, 1)
op (DF: 6): (175, 6), (229, 3), (737, 1), (812, 1)
opac (DF: 1): (353, 1)
opak (DF: 1): (908, 1)
opaki (DF: 1): (250, 1)
opaqu (DF: 1): (728, 1)
opcion (DF: 2): (711, 1), (724, 1)
ope (DF: 1): (430, 1)
open (DF: 69): (2, 1), (7, 2), (35, 1), (50, 1), (73, 3), (74, 2), (119, 1), (144, 2), (155, 3), (156, 1), (166, 1), (181, 1), (196, 8), (219, 1), (222, 1), (237, 1), (253, 18), (257, 1), (260, 1), (314, 3), (324, 3), (367, 2), (402, 1), (405, 2), (406, 1), (419, 2), (441, 1), (442, 2), (443, 1), (467, 4), (473, 1), (478, 2), (482, 1), (496, 4), (505, 1), (508, 1), (518, 1), (522, 1), (549, 1), (558, 2), (566, 1), (573, 2), (575, 2), (579, 1), (613, 1), (616, 1), (621, 6), (622, 1), (704, 2), (721, 2), (768, 2), (786, 1), (820, 1), (823, 1), (844, 2), (854, 2), (857, 1), (901, 3), (914, 3), (919, 1), (950, 7), (951, 1), (955, 1), (959, 2), (968, 7)
oper (DF: 3): (13, 1), (82, 1), (581, 2)
opinion (DF: 1): (348, 2)
opium (DF: 2): (250, 1), (868, 1)
oportun (DF: 1): (724, 1)
opp (DF: 5): (69, 1), (222, 1), (737, 4), (928, 1)
oppon (DF: 1): (925, 1)
opportun (DF: 2): (348, 1), (445, 1)
opposit (DF: 5): (140, 2), (181, 2), (581, 1), (782, 1), (993, 1)
oppur (DF: 1): (187, 1)
option (DF: 9): (83, 3), (168, 1), (191, 1), (235, 1), (440, 1), (498, 1), (901, 2), (915, 1)
opuest (DF: 1): (439, 1)
opus (DF: 1): (648, 1)
opuszczam (DF: 1): (908, 1)
or (DF: 2): (328, 3), (594, 8)
ora (DF: 4): (63, 1), (187, 1), (438, 2), (524, 14)
oracion (DF: 1): (353, 1)
oral (DF: 1): (988, 1)
orang (DF: 4): (98, 1), (360, 1), (546, 1), (558, 1)
orchestr (DF: 1): (190, 1)
orchestra (DF: 1): (857, 1)
orden (DF: 3): (312, 1), (567, 3), (791, 3)
order (DF: 9): (352, 1), (379, 1), (390, 1), (418, 1), (541, 1), (705, 1), (743, 1), (800, 1), (842, 1)
ordinari (DF: 3): (721, 1), (774, 2), (805, 1)
ore (DF: 4): (9, 3), (187, 2)
oreo (DF: 2): (235, 1), (598, 1)
orfanat (DF: 1): (364, 4)
organ (DF: 2): (63, 1), (74, 2)
organizacin (DF: 1): (44, 1)
orgasm (DF: 1): (762, 1)
orgull (DF: 2): (875, 1), (889, 1)
orient (DF: 1): (581, 1)
origin (DF: 21): (111, 1), (335, 1), (360, 1), (380, 1), (430, 4), (448, 1), (449, 1), (570, 1), (581, 1), (593, 1), (655, 1), (668, 2), (717, 1), (750, 1), (797, 1), (839, 1), (924, 1), (954, 1), (961, 1), (963, 1)
original (DF: 1): (483, 1)
orillit (DF: 1): (12, 8)
orin (DF: 1): (417, 1)
orisirisi (DF: 1): (430, 2)
orizzont (DF: 1): (9, 1)
orlean (DF: 4): (15, 1), (248, 1), (823, 3)
ornament (DF: 1): (673, 1)
oro (DF: 5): (53, 3), (283, 2), (355, 1), (711, 1)
orolog (DF: 1): (524, 1)
orphans (DF: 2): (364, 3), (450, 1)
ort (DF: 1): (246, 1)
ortig (DF: 1): (858, 1)
ortiz (DF: 1): (395, 3)
os (DF: 1): (213, 1)
osama (DF: 2): (151, 1), (275, 1)
osami (DF: 2): (250, 3)
osbourn (DF: 1): (520, 1)
oscur (DF: 1): (127, 1)
ose (DF: 1): (540, 1)
osi (DF: 2): (250, 6)
osiri (DF: 1): (801, 1)
osso (DF: 1): (213, 1)
other (DF: 4): (209, 1), (311, 1), (735, 1), (803, 1)
otherworldli (DF: 1): (546, 1)
otr (DF: 1): (716, 2)
otto (DF: 1): (187, 1)
ouais (DF: 1): (676, 2)
ought (DF: 3): (3, 1), (408, 1), (587, 4)
oughta (DF: 2): (352, 1), (541, 1)
ouh (DF: 4): (272, 24), (836, 4), (982, 12)
oui (DF: 2): (540, 1), (649, 1)
ounc (DF: 5): (40, 4), (369, 1), (548, 1), (789, 1)
ouro (DF: 2): (213, 7)
out (DF: 2): (480, 2), (858, 1)
outbreak (DF: 1): (26, 3)
outdoor (DF: 1): (152, 2)
outer (DF: 5): (239, 4), (253, 1), (455, 1), (528, 1)
outfit (DF: 1): (26, 3)
outkast (DF: 2): (245, 2), (975, 1)
outlaw (DF: 2): (548, 5)
outlet (DF: 1): (26, 3)
outlin (DF: 2): (294, 1), (428, 2)
outrag (DF: 1): (15, 1)
outrhym (DF: 1): (924, 1)
outro (DF: 1): (441, 1)
outsid (DF: 25): (3, 5), (31, 1), (92, 4), (110, 1), (126, 1), (232, 12), (241, 1), (310, 1), (340, 4), (374, 2), (379, 1), (454, 5), (513, 1), (586, 1), (597, 1), (607, 3), (616, 1), (638, 1), (693, 1), (792, 2), (846, 1), (886, 1), (931, 1)
outstay (DF: 1): (379, 1)
outta (DF: 24): (15, 1), (72, 1), (80, 1), (138, 1), (202, 1), (222, 6), (340, 41), (455, 4), (486, 1), (548, 1), (556, 1), (658, 3), (666, 1), (669, 1), (675, 2), (733, 1), (781, 1), (786, 1), (815, 1), (920, 1), (925, 1)
ov (DF: 1): (159, 1)
oven (DF: 1): (222, 1)
overal (DF: 1): (247, 2)
overcam (DF: 1): (571, 1)
overdos (DF: 5): (114, 3), (224, 9), (407, 1), (478, 2), (486, 1)
overdress (DF: 1): (896, 1)
overdu (DF: 2): (172, 1), (297, 1)
overflow (DF: 3): (453, 1), (526, 1), (581, 1)
overgrown (DF: 1): (796, 1)
overleef (DF: 2): (852, 2)
overload (DF: 2): (124, 1), (350, 1)
overlook (DF: 2): (80, 1), (556, 1)
overnight (DF: 1): (97, 1)
overplan (DF: 1): (110, 1)
overpow (DF: 1): (920, 1)
overr (DF: 1): (501, 1)
oversea (DF: 2): (696, 3)
overstand (DF: 1): (110, 1)
