maxi (DF: 7): (360, 1), (425, 1), (487, 1), (549, 1), (863, 1), (970, 1), (979, 1)
maxim (DF: 1): (69, 1)
maximum (DF: 1): (581, 1)
maxin (DF: 2): (69, 1), (352, 1)
maxwel (DF: 2): (141, 2), (411, 1)
may (DF: 32): (15, 1), (50, 8), (152, 4), (183, 1), (289, 2), (337, 1), (389, 1), (391, 4), (435, 1), (455, 1), (486, 3), (495, 6), (503, 4), (601, 1), (605, 3), (641, 1), (664, 2), (690, 1), (705, 1), (726, 1), (767, 4), (770, 1), (783, 1), (805, 1), (838, 1), (863, 1), (885, 4), (923, 3), (974, 1)
mayb (DF: 77): (3, 2), (64, 2), (72, 1), (83, 3), (98, 3), (129, 2), (132, 1), (134, 3), (185, 2), (209, 4), (235, 1), (239, 2), (249, 14), (255, 1), (259, 1), (260, 1), (261, 3), (267, 8), (298, 1), (301, 6), (305, 1), (318, 3), (319, 8), (352, 1), (358, 2), (391, 4), (401, 2), (428, 3), (429, 1), (431, 3), (454, 3), (459, 2), (482, 2), (500, 1), (521, 1), (527, 1), (541, 1), (554, 2), (562, 3), (566, 1), (574, 2), (587, 4), (591, 1), (612, 1), (680, 2), (682, 2), (691, 1), (698, 2), (718, 1), (736, 11), (757, 1), (768, 2), (770, 1), (774, 1), (779, 1), (795, 1), (809, 3), (820, 2), (868, 1), (883, 1), (883, 2), (916, 1), (939, 1), (953, 2), (958, 3), (965, 24), (988, 1), (992, 9)
maybach (DF: 3): (200, 1), (535, 2)
mayer (DF: 2): (340, 1), (408, 1)
mayn (DF: 1): (993, 1)
maynard (DF: 1): (550, 2)
mayor (DF: 5): (131, 3), (476, 5), (699, 1)
mazda (DF: 1): (148, 1)
maze (DF: 2): (72, 1), (899, 1)
mañan (DF: 11): (143, 2), (328, 6), (353, 1), (477, 1), (557, 3), (836, 2), (885, 4), (890, 2), (934, 1)
mañaner (DF: 1): (353, 1)
mbm (DF: 1): (55, 1)
mbz (DF: 1): (858, 1)
mc (DF: 21): (27, 3), (115, 2), (121, 3), (198, 1), (213, 2), (369, 1), (397, 1), (417, 1), (540, 2), (547, 1), (563, 2), (598, 1), (803, 3), (804, 1), (924, 1), (964, 2), (993, 1)
mccartney (DF: 2): (325, 1), (766, 1)
mcclain (DF: 2): (570, 1), (941, 1)
mcclane (DF: 1): (369, 1)
mcclenney (DF: 1): (620, 1)
mccoy (DF: 1): (987, 1)
mckenzi (DF: 1): (636, 1)
mcs (DF: 2): (151, 3), (248, 1)
mdma (DF: 2): (250, 2)
me (DF: 3): (9, 2), (524, 4)
mea (DF: 1): (335, 2)
mead (DF: 1): (417, 1)
meadow (DF: 1): (435, 1)
mean (DF: 92): (6, 1), (17, 2), (31, 1), (45, 3), (49, 2), (62, 1), (78, 1), (82, 1), (102, 1), (130, 1), (134, 1), (194, 1), (196, 4), (205, 1), (208, 6), (228, 1), (232, 1), (240, 2), (270, 1), (274, 14), (310, 1), (319, 4), (334, 2), (361, 1), (365, 2), (374, 1), (379, 1), (389, 1), (405, 1), (406, 1), (409, 14), (418, 2), (419, 1), (434, 1), (449, 2), (469, 2), (470, 1), (486, 3), (516, 4), (521, 1), (526, 3), (534, 2), (544, 1), (554, 3), (563, 1), (571, 1), (576, 2), (581, 2), (591, 1), (593, 1), (596, 3), (605, 1), (614, 1), (634, 1), (646, 2), (672, 3), (689, 1), (716, 2), (726, 2), (731, 1), (740, 1), (753, 1), (800, 1), (802, 2), (805, 1), (810, 2), (825, 3), (831, 1), (853, 1), (859, 1), (863, 1), (882, 1), (916, 1), (923, 1), (925, 1), (939, 1), (946, 2), (956, 1), (964, 1), (966, 1), (970, 1), (983, 1), (986, 1), (993, 1)
meanest (DF: 2): (804, 4)
meant (DF: 29): (7, 3), (20, 3), (80, 1), (140, 2), (170, 1), (204, 2), (225, 1), (262, 3), (289, 2), (297, 2), (297, 1), (329, 12), (415, 2), (446, 1), (454, 2), (455, 1), (457, 1), (550, 3), (563, 1), (805, 1), (835, 2), (850, 1), (925, 8), (962, 3), (969, 1), (975, 10)
meanwhil (DF: 3): (121, 1), (337, 1), (616, 1)
measur (DF: 3): (76, 1), (204, 1), (693, 1)
meat (DF: 4): (181, 1), (818, 1), (841, 1), (946, 2)
meati (DF: 1): (404, 2)
mec (DF: 1): (540, 3)
mechan (DF: 1): (59, 4)
med (DF: 1): (229, 1)
medaillon (DF: 1): (778, 1)
medal (DF: 1): (579, 1)
medellín (DF: 1): (676, 1)
medi (DF: 7): (44, 1), (252, 3), (342, 1), (371, 1), (450, 2), (724, 2), (776, 1)
medic (DF: 2): (687, 1), (975, 1)
medicin (DF: 6): (510, 1), (580, 6), (592, 3), (709, 1), (875, 1)
medisin (DF: 1): (592, 2)
medit (DF: 1): (168, 1)
meditatin (DF: 1): (490, 1)
medran (DF: 1): (466, 2)
medus (DF: 1): (44, 1)
mee (DF: 2): (852, 2)
meek (DF: 2): (200, 1), (920, 1)
meer (DF: 2): (175, 2), (852, 1)
meet (DF: 42): (2, 1), (51, 1), (52, 1), (56, 1), (121, 1), (122, 1), (128, 1), (129, 4), (190, 2), (197, 8), (197, 12), (235, 1), (237, 1), (245, 1), (313, 1), (329, 72), (364, 3), (365, 1), (370, 1), (382, 3), (384, 1), (457, 1), (485, 1), (604, 24), (616, 1), (622, 1), (650, 6), (669, 1), (673, 1), (682, 3), (719, 2), (756, 1), (833, 1), (855, 1), (896, 1), (939, 2), (952, 2), (963, 1), (975, 2)
meetin (DF: 2): (179, 1), (449, 1)
mega (DF: 1): (300, 1)
megafon (DF: 1): (417, 1)
megan (DF: 1): (268, 1)
megatron (DF: 1): (696, 1)
meget (DF: 2): (229, 4)
megl (DF: 3): (9, 2), (63, 1), (438, 1)
mehnat (DF: 1): (149, 1)
mehr (DF: 1): (484, 1)
mei (DF: 1): (778, 1)
mein (DF: 2): (149, 17)
mej (DF: 1): (908, 2)
mejor (DF: 21): (46, 1), (53, 2), (84, 1), (143, 2), (173, 6), (178, 1), (252, 2), (312, 1), (333, 8), (355, 1), (366, 1), (371, 10), (395, 1), (399, 1), (417, 1), (460, 2), (476, 1), (580, 1), (724, 2), (791, 1)
mek (DF: 1): (746, 3)
melancholi (DF: 1): (603, 2)
melancholy (DF: 1): (112, 2)
melancoli (DF: 1): (87, 1)
melaz (DF: 1): (353, 6)
melbourn (DF: 5): (105, 1), (111, 1), (634, 1), (652, 1), (961, 1)
meld (DF: 2): (493, 1), (979, 2)
melli (DF: 2): (966, 2)
mellow (DF: 4): (2, 1), (237, 1), (276, 1), (622, 1)
melod (DF: 3): (580, 2), (594, 1), (628, 1)
melodi (DF: 9): (29, 2), (74, 16), (542, 3), (639, 1), (651, 2), (687, 1), (753, 1), (817, 1), (930, 1)
melody (DF: 1): (628, 1)
melt (DF: 6): (166, 1), (253, 2), (448, 8), (581, 1), (904, 1)
member (DF: 3): (268, 1), (675, 2), (819, 2)
memor (DF: 1): (171, 1)
memori (DF: 29): (83, 3), (116, 4), (161, 2), (170, 3), (176, 3), (185, 2), (200, 1), (211, 1), (233, 1), (299, 1), (343, 1), (373, 1), (455, 1), (457, 4), (488, 1), (510, 2), (521, 1), (533, 1), (549, 1), (585, 2), (594, 1), (664, 1), (687, 1), (699, 1), (722, 1), (764, 1), (765, 2), (791, 3)
memphi (DF: 4): (558, 1), (862, 1), (922, 1), (931, 1)
men (DF: 35): (121, 1), (159, 1), (172, 22), (229, 4), (276, 1), (284, 6), (317, 1), (345, 2), (352, 1), (353, 1), (355, 2), (417, 1), (435, 1), (442, 1), (444, 1), (449, 1), (455, 1), (541, 1), (547, 1), (617, 3), (623, 1), (638, 1), (642, 2), (667, 1), (669, 1), (694, 1), (699, 4), (725, 1), (740, 1), (813, 1), (867, 3), (980, 1)
menac (DF: 4): (337, 1), (579, 1), (581, 1), (676, 1)
menag (DF: 1): (536, 3)
menal (DF: 2): (40, 4)
mend (DF: 3): (150, 1), (377, 1), (457, 1)
mendi (DF: 1): (265, 1)
mene (DF: 2): (284, 2), (364, 6)
mens (DF: 1): (982, 2)
mensa (DF: 1): (807, 1)
ment (DF: 14): (53, 3), (86, 2), (178, 1), (276, 1), (371, 1), (460, 2), (468, 1), (580, 2), (707, 1), (711, 1), (875, 2), (890, 1), (918, 1), (996, 1)
mental (DF: 6): (172, 1), (204, 1), (306, 1), (312, 1), (638, 1), (987, 1)
mentalitat (DF: 1): (778, 1)
menteur (DF: 1): (649, 1)
mention (DF: 6): (65, 1), (352, 1), (486, 1), (541, 1), (691, 1), (710, 1)
mentir (DF: 3): (347, 2), (667, 1), (711, 1)
mentirt (DF: 1): (333, 2)
mento (DF: 1): (737, 1)
mentr (DF: 2): (63, 1), (438, 1)
menu (DF: 2): (15, 1), (121, 1)
meomchul (DF: 1): (32, 1)
meomulleossdeon (DF: 1): (32, 1)
meoreojimyeon (DF: 1): (32, 1)
mer (DF: 7): (34, 1), (229, 1), (540, 1), (598, 4), (637, 1), (728, 1)
merc (DF: 2): (494, 2), (649, 1)
merced (DF: 4): (82, 1), (185, 1), (246, 1), (802, 1)
mercer (DF: 1): (670, 1)
merchandis (DF: 1): (15, 1)
merci (DF: 7): (69, 1), (204, 1), (299, 2), (416, 1), (740, 1), (792, 4), (988, 3)
merd (DF: 1): (540, 4)
mere (DF: 2): (149, 15)
merec (DF: 4): (354, 1), (417, 1), (651, 3), (667, 1)
merg (DF: 4): (154, 1), (490, 1), (659, 3), (683, 1)
meri (DF: 1): (149, 1)
merk (DF: 3): (41, 1), (808, 1), (880, 1)
merkel (DF: 1): (151, 1)
mero (DF: 1): (306, 1)
merri (DF: 2): (513, 1), (608, 12)
mes (DF: 6): (63, 1), (187, 2), (333, 2), (417, 2), (489, 1)
mesh (DF: 1): (179, 1)
mesm (DF: 1): (476, 1)
mess (DF: 28): (20, 6), (36, 3), (39, 1), (139, 1), (167, 31), (187, 1), (236, 3), (265, 1), (296, 6), (329, 12), (356, 2), (407, 1), (554, 4), (590, 1), (616, 1), (618, 1), (619, 1), (702, 1), (708, 1), (780, 1), (854, 2), (893, 1), (895, 1), (913, 1), (927, 1), (952, 1), (988, 2)
messag (DF: 11): (82, 1), (235, 1), (291, 3), (315, 1), (459, 2), (574, 1), (603, 2), (606, 3), (656, 1), (805, 1), (836, 1)
messeng (DF: 1): (146, 2)
messiah (DF: 1): (332, 1)
messiest (DF: 1): (40, 1)
messin (DF: 2): (320, 8), (983, 3)
met (DF: 46): (43, 3), (44, 1), (71, 1), (88, 1), (120, 4), (170, 1), (175, 15), (239, 1), (276, 1), (278, 2), (297, 1), (347, 1), (364, 2), (379, 1), (409, 2), (418, 1), (457, 1), (540, 2), (567, 3), (637, 1), (639, 1), (649, 1), (658, 1), (664, 4), (669, 1), (676, 2), (681, 1), (684, 1), (686, 2), (725, 1), (740, 1), (799, 7), (817, 1), (824, 1), (852, 6), (870, 4), (910, 1), (952, 1), (982, 4), (984, 1)
meta (DF: 1): (213, 1)
metal (DF: 12): (140, 2), (179, 1), (263, 2), (420, 1), (443, 2), (536, 1), (615, 2), (689, 1), (765, 2), (827, 2), (952, 1)
metallica (DF: 1): (50, 1)
metaphor (DF: 2): (563, 1), (964, 1)
metel (DF: 1): (628, 1)
metert (DF: 1): (412, 2)
meth (DF: 1): (270, 1)
method (DF: 2): (490, 1), (497, 1)
metric (DF: 1): (9, 1)
mett (DF: 3): (63, 2), (187, 2)
metàmamm (DF: 2): (187, 2)
meu (DF: 2): (213, 25)
mexic (DF: 2): (178, 1), (276, 1)
