parkin (DF: 1): (148, 1)
parking (DF: 1): (252, 1)
parkinson (DF: 1): (148, 1)
parkway (DF: 1): (383, 1)
parl (DF: 2): (63, 1), (349, 3)
parlent (DF: 1): (676, 1)
parol (DF: 4): (9, 2), (63, 1), (649, 1)
parraf (DF: 1): (417, 1)
parrand (DF: 2): (84, 2), (858, 1)
parrander (DF: 1): (84, 1)
part (DF: 40): (9, 4), (31, 3), (34, 1), (36, 1), (80, 1), (134, 2), (142, 1), (158, 4), (183, 1), (195, 2), (204, 1), (256, 1), (274, 2), (311, 1), (327, 1), (349, 1), (445, 2), (493, 1), (500, 1), (548, 1), (574, 1), (576, 11), (581, 1), (598, 2), (621, 3), (647, 1), (659, 1), (669, 1), (693, 3), (790, 1), (791, 1), (795, 1), (809, 2), (821, 1), (893, 1), (901, 2), (909, 1)
parti (DF: 74): (4, 6), (21, 1), (27, 1), (33, 4), (56, 1), (66, 1), (74, 2), (82, 19), (96, 8), (104, 1), (121, 2), (138, 3), (142, 1), (148, 2), (181, 1), (203, 1), (222, 1), (226, 1), (230, 1), (232, 1), (234, 1), (248, 1), (278, 2), (306, 1), (308, 1), (322, 2), (324, 1), (339, 1), (341, 1), (344, 6), (373, 1), (398, 1), (428, 1), (436, 16), (441, 2), (449, 1), (471, 1), (482, 1), (485, 1), (496, 1), (505, 8), (511, 3), (514, 4), (563, 2), (574, 1), (583, 1), (586, 2), (600, 1), (618, 6), (624, 2), (626, 1), (653, 1), (697, 2), (701, 1), (721, 1), (733, 1), (784, 6), (786, 1), (789, 5), (823, 1), (866, 2), (894, 1), (900, 2), (915, 2), (926, 1), (948, 16), (965, 24), (973, 3), (977, 2)
particular (DF: 3): (2, 1), (237, 1), (622, 1)
partner (DF: 3): (291, 1), (738, 1), (946, 2)
party (DF: 9): (14, 1), (24, 4), (44, 1), (143, 2), (151, 1), (227, 6), (364, 2), (711, 1), (851, 2)
partynextdoor (DF: 1): (772, 2)
pas (DF: 41): (19, 1), (86, 1), (143, 2), (173, 9), (178, 1), (217, 1), (276, 1), (284, 18), (342, 1), (345, 2), (353, 1), (355, 1), (364, 4), (366, 1), (399, 1), (412, 4), (444, 2), (477, 1), (480, 1), (481, 6), (489, 1), (539, 2), (557, 5), (567, 3), (577, 1), (580, 6), (628, 3), (632, 1), (707, 1), (728, 4), (776, 2), (813, 1), (885, 7), (891, 2), (918, 2), (972, 1), (995, 1)
pasajer (DF: 1): (417, 1)
pasam (DF: 1): (178, 1)
pasarel (DF: 1): (728, 1)
pasem (DF: 1): (109, 1)
pasenl (DF: 1): (53, 1)
pasi (DF: 2): (250, 4)
pasin (DF: 1): (44, 1)
pasion (DF: 1): (355, 1)
paso (DF: 1): (81, 1)
pasqoutank (DF: 1): (80, 1)
pass (DF: 52): (15, 1), (25, 2), (26, 3), (34, 2), (36, 1), (68, 1), (69, 1), (92, 2), (161, 2), (170, 2), (196, 4), (228, 1), (239, 1), (270, 1), (321, 1), (337, 1), (351, 1), (422, 9), (430, 6), (438, 1), (438, 1), (449, 1), (462, 1), (493, 1), (518, 1), (524, 1), (548, 1), (564, 1), (566, 1), (571, 1), (574, 1), (611, 2), (639, 1), (647, 1), (649, 1), (676, 1), (684, 1), (742, 1), (769, 4), (804, 1), (815, 1), (817, 1), (830, 1), (834, 1), (860, 3), (896, 1), (909, 1), (931, 1), (952, 1)
passar (DF: 1): (213, 1)
passei (DF: 1): (213, 1)
passeng (DF: 2): (735, 2)
passer (DF: 1): (462, 1)
passiert (DF: 3): (437, 1), (483, 1), (484, 1)
passin (DF: 1): (17, 3)
passion (DF: 11): (26, 3), (106, 1), (129, 1), (154, 2), (281, 1), (486, 1), (514, 2), (561, 2), (635, 1)
passt (DF: 1): (493, 1)
past (DF: 36): (1, 1), (25, 2), (50, 3), (68, 1), (69, 1), (88, 1), (144, 1), (152, 1), (170, 1), (205, 1), (210, 2), (211, 1), (222, 1), (253, 1), (267, 2), (336, 1), (351, 1), (358, 1), (384, 1), (388, 1), (391, 4), (419, 1), (431, 6), (461, 1), (496, 3), (561, 2), (593, 1), (607, 1), (668, 4), (769, 3), (788, 1), (833, 1), (864, 1), (870, 1), (946, 2)
pasta (DF: 1): (181, 2)
pastel (DF: 1): (12, 2)
pastill (DF: 2): (53, 1), (143, 2)
pastim (DF: 1): (581, 1)
pastor (DF: 1): (909, 1)
pat (DF: 1): (930, 1)
patack (DF: 1): (149, 1)
patat (DF: 1): (175, 1)
patch (DF: 1): (455, 1)
pate (DF: 1): (149, 1)
patek (DF: 4): (268, 1), (469, 2), (673, 1), (825, 2)
path (DF: 9): (164, 2), (253, 1), (337, 1), (389, 1), (496, 1), (574, 1), (704, 1), (705, 1), (763, 3)
pathet (DF: 1): (563, 1)
patienc (DF: 5): (153, 2), (482, 1), (510, 2), (714, 2)
patient (DF: 9): (168, 3), (204, 1), (262, 1), (301, 1), (422, 1), (486, 1), (490, 1), (522, 1), (591, 1)
patin (DF: 1): (403, 1)
patoi (DF: 1): (746, 1)
patriarchi (DF: 1): (693, 1)
patron (DF: 6): (197, 1), (437, 1), (535, 2), (702, 1), (778, 1)
patroulliert (DF: 1): (483, 1)
patrz (DF: 2): (250, 1), (908, 1)
patt (DF: 2): (149, 1), (246, 1)
pattern (DF: 1): (749, 1)
patti (DF: 1): (646, 1)
paul (DF: 6): (325, 1), (405, 1), (549, 1), (606, 1), (766, 1), (925, 2)
paus (DF: 4): (197, 2), (441, 2), (490, 1)
pavan (DF: 1): (540, 1)
pave (DF: 1): (574, 1)
pavement (DF: 2): (27, 1), (518, 2)
pavl (DF: 1): (397, 1)
pawn (DF: 2): (210, 1), (462, 1)
pawo (DF: 1): (430, 1)
pax (DF: 1): (250, 2)
pay (DF: 47): (66, 7), (72, 1), (121, 2), (134, 1), (167, 3), (168, 1), (200, 1), (221, 1), (241, 1), (264, 1), (264, 3), (267, 2), (279, 2), (292, 1), (307, 1), (334, 2), (386, 1), (405, 1), (418, 1), (435, 2), (454, 1), (482, 1), (486, 1), (503, 4), (523, 1), (528, 1), (548, 1), (574, 1), (586, 1), (604, 4), (644, 2), (645, 4), (660, 1), (669, 1), (673, 2), (676, 1), (684, 5), (688, 2), (690, 1), (800, 2), (829, 2), (951, 4), (956, 4), (975, 2), (991, 1)
payback (DF: 3): (13, 1), (111, 2), (486, 1)
paycat (DF: 2): (26, 3)
paycheck (DF: 2): (134, 1), (924, 1)
payday (DF: 1): (66, 1)
payin (DF: 2): (418, 1), (689, 1)
paypal (DF: 2): (846, 6)
payrol (DF: 3): (350, 1), (606, 2)
paz (DF: 5): (143, 1), (333, 2), (679, 1), (776, 2)
pe (DF: 4): (149, 1), (250, 2), (430, 2)
pea (DF: 1): (924, 1)
peac (DF: 32): (13, 1), (34, 1), (143, 1), (183, 1), (211, 1), (266, 1), (288, 1), (306, 3), (359, 2), (380, 1), (414, 12), (449, 1), (455, 5), (490, 1), (510, 1), (518, 1), (605, 1), (606, 1), (654, 1), (669, 1), (675, 2), (699, 2), (727, 1), (757, 1), (766, 10), (854, 1), (865, 1), (909, 1), (921, 1), (968, 2), (979, 8)
peachi (DF: 1): (240, 10)
peacock (DF: 1): (646, 1)
peak (DF: 2): (350, 1), (455, 1)
peaki (DF: 1): (668, 2)
peal (DF: 1): (909, 1)
pear (DF: 1): (893, 1)
pearl (DF: 4): (317, 1), (402, 1), (510, 1), (849, 7)
pebbl (DF: 4): (402, 1), (532, 1), (563, 1), (695, 1)
pec (DF: 1): (417, 1)
pech (DF: 1): (890, 1)
peck (DF: 1): (490, 1)
ped (DF: 7): (178, 1), (417, 1), (444, 1), (460, 5), (540, 1), (580, 1)
pedacit (DF: 1): (28, 1)
pedal (DF: 4): (417, 1), (802, 1), (877, 3), (952, 1)
pedaz (DF: 1): (276, 1)
peddl (DF: 1): (420, 1)
pede (DF: 1): (213, 1)
pedialyt (DF: 1): (616, 1)
pedicur (DF: 1): (948, 2)
pedim (DF: 1): (628, 1)
pedo (DF: 1): (988, 1)
pee (DF: 4): (52, 1), (72, 1), (536, 6), (862, 2)
peek (DF: 2): (149, 1), (711, 1)
peel (DF: 10): (248, 2), (337, 9), (360, 1), (418, 1), (546, 1), (731, 1), (841, 8)
peelin (DF: 1): (337, 1)
peep (DF: 7): (33, 2), (69, 1), (446, 1), (603, 4), (738, 1), (789, 5), (946, 2)
peephol (DF: 1): (181, 1)
peepin (DF: 1): (753, 1)
peest (DF: 1): (149, 1)
peg (DF: 12): (10, 2), (28, 23), (216, 1), (284, 2), (347, 1), (567, 6), (858, 2), (996, 1)
pega (DF: 3): (44, 43), (283, 6)
pegam (DF: 1): (44, 1)
pegat (DF: 4): (412, 8), (567, 39), (577, 1)
pein (DF: 2): (34, 1), (53, 1)
pel (DF: 7): (9, 1), (46, 2), (87, 1), (117, 2), (707, 1), (851, 8)
pele (DF: 3): (276, 1), (284, 2), (539, 1)
pelicul (DF: 1): (724, 1)
peligr (DF: 3): (276, 12), (776, 1)
pell (DF: 1): (693, 2)
pellej (DF: 1): (371, 2)
pelo (DF: 1): (213, 1)
pelu (DF: 1): (430, 3)
pen (DF: 13): (53, 1), (84, 2), (86, 4), (109, 1), (220, 1), (270, 1), (417, 3), (435, 1), (646, 1), (800, 1), (946, 2), (980, 1)
pencil (DF: 2): (159, 1), (192, 2)
pendient (DF: 3): (667, 1), (728, 2), (890, 1)
pendin (DF: 1): (548, 1)
penetr (DF: 1): (183, 1)
peng (DF: 2): (47, 2), (908, 1)
peni (DF: 3): (159, 1), (804, 4)
penitentiari (DF: 2): (13, 1), (324, 1)
penni (DF: 4): (405, 1), (471, 1), (746, 1), (771, 6)
pens (DF: 23): (9, 1), (12, 2), (19, 2), (34, 1), (63, 6), (187, 3), (284, 2), (312, 1), (417, 2), (438, 1), (460, 1), (466, 2), (512, 2), (632, 1), (649, 1), (679, 1), (707, 2), (728, 2), (918, 1), (972, 2), (982, 2)
pensamient (DF: 1): (679, 1)
pensandot (DF: 1): (333, 2)
pensart (DF: 2): (19, 1), (217, 3)
pensiv (DF: 1): (462, 1)
penso (DF: 1): (213, 1)
pentagram (DF: 1): (407, 1)
pentatonix (DF: 1): (608, 1)
penthous (DF: 2): (153, 2), (212, 2)
pentotal (DF: 1): (9, 1)
peopl (DF: 77): (13, 2), (26, 12), (27, 3), (30, 1), (69, 1), (72, 1), (78, 1), (103, 1), (122, 1), (129, 1), (134, 2), (138, 1), (154, 1), (191, 9), (201, 1), (221, 1), (228, 1), (282, 2), (294, 1), (336, 1), (365, 1), (385, 2), (416, 2), (431, 30), (462, 1), (470, 1), (502, 1), (503, 4), (505, 4), (510, 2), (556, 1), (558, 1), (563, 1), (576, 11), (581, 1), (583, 1), (591, 1), (596, 3), (599, 1), (606, 1), (616, 1), (617, 1), (642, 1), (673, 2), (690, 1), (704, 1), (719, 2), (727, 2), (731, 1), (736, 1), (743, 1), (746, 1), (766, 1), (781, 2), (782, 1), (795, 1), (798, 1), (804, 1), (814, 2), (823, 2), (835, 2), (865, 1), (874, 11), (932, 2), (942, 1), (944, 1), (946, 2), (955, 2), (965, 6), (976, 1), (986, 1), (987, 1), (991, 2)
peor (DF: 3): (87, 1), (284, 8)
pep (DF: 1): (80, 1)
pepin (DF: 1): (216, 1)
pepper (DF: 2): (932, 1), (938, 2)
pequem (DF: 1): (12, 4)
pequen (DF: 1): (24, 1)
per (DF: 4): (113, 2), (358, 4), (540, 1), (598, 1)
perc (DF: 2): (412, 8), (696, 1)
percal (DF: 1): (312, 1)
perd (DF: 21): (9, 4), (19, 1), (109, 2), (143, 1), (173, 1), (217, 12), (269, 1), (333, 2), (364, 2), (417, 1), (477, 1), (481, 1), (580, 1), (707, 1), (725, 1), (851, 2), (890, 1), (891, 1), (934, 4)
