bombay (DF: 1): (650, 1)
bombin (DF: 1): (159, 1)
bombshel (DF: 1): (636, 1)
bon (DF: 7): (178, 1), (230, 14), (598, 13), (607, 1), (675, 2), (894, 1)
bonafid (DF: 1): (684, 1)
bone (DF: 18): (50, 1), (66, 1), (68, 1), (74, 2), (158, 1), (183, 1), (247, 6), (384, 4), (407, 1), (500, 1), (520, 6), (560, 5), (689, 1), (709, 1), (740, 1), (799, 1), (958, 1)
boney (DF: 1): (286, 1)
bonez (DF: 2): (198, 1), (493, 1)
bonezmc (DF: 1): (198, 1)
bonfir (DF: 1): (488, 1)
bong (DF: 3): (30, 13), (178, 1), (684, 1)
bongo (DF: 1): (30, 28)
bonit (DF: 7): (345, 4), (412, 14), (724, 1), (728, 1), (762, 1), (918, 1)
bonni (DF: 1): (711, 1)
bonus (DF: 1): (483, 1)
boo (DF: 9): (168, 1), (175, 1), (221, 1), (391, 4), (409, 22), (711, 1), (742, 1)
boobbi (DF: 1): (298, 1)
boogi (DF: 14): (22, 1), (24, 1), (30, 4), (79, 1), (131, 2), (441, 26), (452, 1), (494, 1), (564, 1), (732, 1), (737, 1), (884, 1)
boogieman (DF: 1): (248, 1)
boogum (DF: 2): (988, 18)
book (DF: 15): (11, 1), (65, 1), (156, 1), (267, 2), (275, 1), (549, 1), (664, 1), (737, 1), (740, 1), (743, 1), (746, 1), (800, 6), (932, 1), (966, 1)
booker (DF: 1): (796, 2)
boolin (DF: 1): (966, 1)
boom (DF: 15): (20, 2), (31, 18), (246, 1), (294, 1), (364, 2), (420, 2), (446, 27), (448, 144), (469, 1), (693, 2), (697, 1), (702, 1), (777, 1), (825, 1), (925, 1)
boomdabash (DF: 1): (9, 1)
boommmm (DF: 1): (31, 3)
boomshalaklak (DF: 1): (198, 1)
boon (DF: 1): (488, 1)
booooomm (DF: 1): (31, 3)
boooooomm (DF: 1): (31, 3)
boot (DF: 7): (35, 1), (535, 8), (612, 3), (647, 1), (966, 1), (988, 1)
booth (DF: 3): (386, 2), (471, 1), (486, 1)
booti (DF: 10): (124, 3), (234, 22), (449, 4), (485, 1), (535, 8), (775, 2), (938, 1), (973, 1)
bootsi (DF: 2): (113, 3)
booz (DF: 2): (131, 2)
bop (DF: 2): (565, 4), (846, 3)
boquit (DF: 2): (12, 18), (117, 1)
bor (DF: 1): (905, 2)
bord (DF: 3): (229, 1), (484, 1), (649, 1)
border (DF: 6): (73, 1), (352, 1), (370, 1), (642, 1), (668, 1), (869, 1)
borderlin (DF: 1): (478, 2)
bordstein (DF: 1): (151, 1)
bore (DF: 12): (132, 1), (160, 11), (215, 1), (231, 2), (240, 1), (280, 2), (291, 1), (759, 1), (779, 1), (925, 1), (973, 1)
boricua (DF: 1): (552, 1)
born (DF: 29): (40, 4), (129, 1), (140, 2), (236, 1), (251, 2), (311, 1), (381, 3), (390, 2), (404, 4), (456, 1), (488, 1), (490, 1), (501, 1), (511, 3), (558, 1), (606, 1), (664, 1), (672, 1), (766, 1), (788, 1), (838, 1), (864, 1), (870, 1), (946, 2), (958, 3), (993, 1)
borr (DF: 2): (269, 4), (312, 1)
borrach (DF: 2): (86, 2), (87, 1)
borrow (DF: 4): (134, 2), (563, 1), (658, 1), (841, 1)
bos (DF: 2): (246, 2)
bosni (DF: 1): (483, 1)
boss (DF: 20): (143, 1), (169, 2), (187, 1), (248, 1), (264, 1), (273, 4), (324, 2), (435, 1), (483, 1), (642, 1), (691, 1), (698, 2), (724, 1), (772, 2), (859, 1), (862, 1), (910, 1), (946, 2)
bossa (DF: 1): (569, 1)
bot (DF: 2): (355, 1), (444, 1)
botell (DF: 4): (577, 1), (628, 1), (762, 1), (897, 2)
botella (DF: 1): (306, 1)
bother (DF: 5): (13, 1), (356, 2), (599, 1), (927, 1), (950, 1)
boton (DF: 1): (276, 1)
bottl (DF: 32): (39, 1), (65, 2), (85, 1), (153, 2), (168, 1), (273, 4), (334, 8), (339, 7), (379, 1), (386, 1), (393, 1), (400, 2), (407, 2), (528, 1), (535, 4), (547, 2), (616, 2), (658, 1), (665, 2), (672, 1), (759, 8), (789, 1), (861, 6), (870, 1), (896, 1), (904, 3), (925, 1), (948, 2)
bottom (DF: 22): (42, 2), (114, 1), (139, 3), (168, 1), (268, 6), (377, 1), (400, 1), (405, 8), (418, 1), (495, 8), (499, 1), (529, 1), (535, 8), (617, 1), (643, 3), (672, 1), (718, 1), (757, 20), (861, 6), (939, 2)
boucher (DF: 1): (540, 1)
bouff (DF: 1): (349, 1)
boug (DF: 3): (540, 4), (897, 2)
bough (DF: 1): (608, 2)
bought (DF: 15): (25, 2), (80, 1), (137, 1), (197, 2), (339, 1), (350, 3), (405, 1), (414, 5), (582, 4), (673, 1), (805, 1), (862, 1), (920, 1)
bougi (DF: 2): (292, 1), (528, 1)
bouill (DF: 1): (637, 4)
bouje (DF: 2): (808, 4)
boulder (DF: 1): (563, 1)
boulevard (DF: 7): (82, 1), (123, 5), (157, 1), (363, 1), (643, 1), (777, 1), (924, 1)
boun (DF: 2): (905, 3)
bounc (DF: 23): (74, 2), (105, 1), (111, 1), (209, 1), (222, 1), (248, 1), (292, 1), (317, 1), (365, 1), (510, 1), (546, 1), (548, 1), (586, 3), (634, 1), (652, 1), (672, 2), (772, 2), (782, 2), (904, 1), (905, 15), (905, 11), (956, 2), (961, 1)
bouncin (DF: 1): (409, 10)
bound (DF: 9): (3, 1), (45, 3), (209, 1), (300, 1), (435, 1), (449, 1), (453, 4), (478, 2), (727, 1)
bouquet (DF: 1): (34, 1)
bourbaki (DF: 1): (59, 1)
bousill (DF: 1): (637, 1)
bousin (DF: 1): (388, 1)
bouss (DF: 1): (34, 2)
bout (DF: 91): (4, 4), (13, 1), (18, 1), (26, 3), (51, 2), (80, 1), (89, 4), (134, 3), (138, 2), (155, 3), (162, 4), (168, 1), (185, 1), (197, 1), (210, 2), (212, 8), (215, 1), (278, 2), (298, 1), (299, 1), (352, 1), (357, 4), (367, 1), (396, 4), (401, 2), (405, 1), (409, 2), (414, 2), (418, 3), (429, 1), (431, 27), (449, 1), (494, 1), (558, 17), (586, 1), (587, 1), (596, 3), (599, 1), (606, 1), (618, 2), (645, 2), (646, 1), (647, 1), (660, 1), (672, 7), (673, 1), (691, 1), (696, 2), (698, 4), (699, 1), (722, 1), (731, 4), (746, 2), (751, 2), (752, 3), (757, 1), (772, 2), (775, 4), (789, 1), (792, 2), (800, 7), (805, 1), (808, 1), (811, 1), (823, 1), (829, 1), (830, 2), (833, 17), (834, 1), (842, 1), (842, 3), (846, 1), (848, 2), (854, 1), (862, 1), (894, 2), (913, 1), (928, 1), (939, 1), (947, 2), (952, 22), (956, 1), (975, 2)
bouta (DF: 2): (801, 2)
bouteil (DF: 1): (598, 1)
bove (DF: 2): (698, 2)
bow (DF: 10): (220, 1), (302, 1), (364, 2), (469, 3), (478, 1), (579, 1), (692, 2), (825, 3), (966, 3)
boweri (DF: 1): (668, 1)
bowi (DF: 1): (745, 1)
bowl (DF: 4): (350, 6), (673, 1), (684, 1)
bowman (DF: 1): (739, 1)
box (DF: 12): (25, 27), (36, 1), (246, 1), (266, 1), (357, 1), (405, 1), (484, 2), (546, 1), (740, 1), (846, 1), (865, 1), (980, 1)
