daniel (DF: 1): (571, 1)
danish (DF: 2): (958, 2)
dank (DF: 2): (202, 1), (484, 1)
danni (DF: 2): (210, 1), (488, 1)
danny (DF: 1): (364, 12)
danst (DF: 3): (812, 2), (852, 6)
dant (DF: 1): (595, 1)
danz (DF: 1): (813, 3)
danza (DF: 1): (552, 7)
dapat (DF: 1): (871, 1)
dar (DF: 13): (178, 2), (213, 6), (312, 1), (328, 1), (335, 8), (345, 18), (444, 1), (577, 1), (628, 1), (791, 6)
daran (DF: 1): (397, 1)
darat (DF: 1): (0, 1)
dare (DF: 6): (136, 9), (183, 1), (294, 18), (499, 2), (753, 1), (941, 1)
darell (DF: 1): (910, 2)
darius (DF: 1): (568, 1)
dark (DF: 72): (13, 1), (26, 3), (50, 1), (67, 3), (68, 1), (83, 1), (104, 1), (114, 1), (133, 1), (140, 2), (142, 1), (154, 1), (157, 1), (163, 5), (177, 3), (189, 2), (190, 1), (196, 4), (200, 1), (205, 1), (244, 2), (258, 1), (268, 1), (277, 1), (292, 1), (293, 1), (307, 1), (308, 1), (315, 4), (322, 1), (324, 1), (326, 5), (363, 1), (367, 1), (368, 2), (383, 7), (393, 1), (407, 1), (414, 1), (419, 1), (419, 1), (442, 3), (443, 1), (455, 1), (496, 3), (499, 4), (524, 3), (573, 4), (592, 1), (593, 1), (636, 4), (678, 2), (689, 1), (709, 1), (763, 3), (764, 4), (777, 1), (780, 1), (783, 3), (787, 1), (801, 1), (830, 1), (832, 2), (834, 1), (873, 1), (882, 1), (903, 20), (921, 3), (925, 1), (990, 2)
darken (DF: 2): (592, 2), (931, 1)
darker (DF: 2): (211, 1), (291, 1)
darkest (DF: 2): (5, 3), (171, 4)
darksid (DF: 1): (581, 1)
darl (DF: 27): (5, 1), (83, 1), (98, 2), (109, 1), (135, 1), (262, 3), (264, 1), (301, 2), (309, 9), (327, 1), (396, 4), (412, 2), (531, 14), (559, 1), (564, 1), (573, 1), (577, 1), (639, 1), (657, 2), (688, 1), (736, 1), (817, 1), (850, 5), (884, 2), (906, 6), (913, 1), (925, 25)
darlin (DF: 8): (298, 1), (531, 22), (633, 1), (884, 2), (926, 2), (930, 2), (935, 8)
darm (DF: 3): (580, 5), (889, 1)
darn (DF: 1): (180, 1)
darnel (DF: 1): (348, 1)
dars (DF: 1): (813, 1)
dart (DF: 6): (10, 2), (87, 1), (180, 1), (354, 2), (379, 1), (438, 1)
das (DF: 5): (60, 3), (354, 6), (439, 1), (594, 6), (728, 1)
dash (DF: 6): (124, 1), (175, 2), (537, 4), (541, 1), (688, 1)
dashiki (DF: 1): (89, 4)
dashin (DF: 1): (352, 1)
dasi (DF: 2): (32, 3)
dat (DF: 16): (43, 4), (46, 1), (175, 2), (187, 1), (247, 2), (335, 2), (380, 1), (417, 1), (591, 1), (669, 2), (746, 2), (812, 3), (852, 3), (859, 1)
date (DF: 9): (47, 4), (123, 1), (220, 1), (494, 1), (698, 2), (767, 2), (870, 1)
daughter (DF: 11): (245, 1), (306, 3), (315, 1), (416, 3), (548, 1), (574, 1), (616, 1), (849, 1), (975, 11)
dav (DF: 2): (524, 1), (632, 1)
dave (DF: 6): (47, 1), (533, 2), (629, 2), (669, 2), (691, 1), (986, 1)
davi (DF: 2): (213, 2), (938, 1)
david (DF: 11): (214, 1), (275, 1), (397, 1), (469, 2), (660, 3), (717, 1), (745, 1), (825, 2), (870, 2)
davidson (DF: 1): (95, 1)
davina (DF: 2): (406, 2)
davon (DF: 1): (493, 1)
davver (DF: 1): (438, 2)
dawg (DF: 8): (436, 2), (455, 1), (469, 2), (525, 2), (751, 12), (825, 3)
dawn (DF: 13): (72, 1), (129, 1), (186, 1), (267, 2), (389, 1), (464, 1), (478, 1), (607, 1), (672, 1), (749, 3), (769, 1), (770, 2), (968, 2)
day (DF: 232): (2, 1), (5, 7), (11, 4), (25, 4), (26, 12), (49, 1), (52, 1), (55, 2), (58, 2), (66, 1), (66, 2), (70, 3), (71, 1), (72, 1), (75, 1), (76, 1), (80, 1), (92, 4), (100, 1), (110, 1), (110, 3), (114, 2), (121, 1), (128, 4), (129, 4), (133, 1), (134, 2), (139, 3), (144, 1), (148, 4), (170, 2), (172, 2), (174, 2), (176, 18), (182, 4), (185, 3), (190, 1), (197, 2), (200, 3), (202, 1), (202, 1), (215, 3), (220, 3), (225, 5), (233, 2), (235, 1), (239, 1), (241, 1), (245, 1), (254, 1), (260, 5), (263, 1), (266, 2), (278, 2), (283, 1), (286, 4), (288, 3), (298, 10), (299, 1), (301, 2), (304, 4), (306, 7), (308, 1), (317, 1), (324, 2), (336, 1), (338, 2), (340, 8), (351, 1), (357, 6), (357, 3), (365, 1), (369, 2), (370, 3), (380, 1), (382, 1), (383, 2), (384, 1), (389, 1), (392, 3), (394, 1), (396, 2), (400, 1), (407, 1), (411, 1), (415, 2), (423, 1), (428, 1), (434, 1), (441, 2), (454, 2), (455, 2), (456, 1), (462, 1), (471, 1), (479, 3), (485, 1), (492, 13), (500, 1), (503, 8), (507, 1), (513, 1), (526, 4), (527, 1), (533, 3), (534, 2), (544, 1), (546, 1), (560, 1), (564, 2), (566, 3), (571, 4), (574, 2), (576, 3), (583, 1), (585, 13), (589, 3), (595, 9), (603, 1), (604, 16), (605, 1), (608, 4), (609, 10), (623, 4), (634, 1), (638, 1), (644, 2), (647, 1), (657, 1), (659, 1), (663, 3), (664, 1), (671, 1), (672, 7), (678, 1), (682, 1), (684, 3), (686, 2), (688, 1), (690, 2), (691, 2), (695, 6), (710, 1), (713, 1), (721, 1), (729, 2), (733, 5), (734, 2), (740, 1), (742, 2), (743, 2), (748, 6), (751, 2), (756, 1), (766, 2), (767, 12), (768, 10), (769, 6), (772, 2), (774, 4), (780, 2), (781, 1), (785, 1), (790, 1), (800, 1), (803, 1), (805, 3), (815, 2), (832, 4), (834, 1), (834, 4), (835, 5), (838, 1), (842, 1), (843, 1), (846, 6), (849, 2), (850, 1), (856, 1), (864, 4), (864, 1), (869, 1), (870, 2), (876, 2), (884, 1), (892, 1), (896, 2), (899, 8), (903, 4), (914, 6), (920, 1), (922, 2), (928, 1), (930, 1), (931, 2), (932, 1), (935, 2), (939, 4), (951, 5), (952, 2), (956, 2), (963, 1), (966, 1), (967, 5), (969, 2), (974, 2), (975, 3), (981, 1), (994, 4), (998, 1)
daya (DF: 1): (694, 1)
daycar (DF: 2): (616, 1), (975, 1)
daydream (DF: 2): (473, 1), (701, 1)
daylight (DF: 8): (264, 1), (496, 1), (586, 2), (641, 1), (756, 4), (769, 1), (835, 1)
daym (DF: 1): (412, 4)
daytrip (DF: 1): (168, 2)
dayz (DF: 1): (369, 1)
daz (DF: 1): (182, 1)
daze (DF: 2): (191, 2), (857, 1)
dañ (DF: 2): (252, 2), (762, 1)
dbe (DF: 1): (536, 1)
dc (DF: 2): (303, 1), (529, 1)
ddy (DF: 1): (724, 2)
de (DF: 31): (12, 8), (15, 2), (43, 7), (168, 1), (175, 4), (199, 1), (213, 4), (229, 12), (278, 2), (279, 1), (284, 4), (299, 2), (306, 3), (335, 6), (354, 2), (364, 2), (413, 1), (430, 2), (438, 1), (476, 4), (644, 2), (739, 1), (749, 1), (812, 4), (852, 1), (976, 1)
dea (DF: 1): (667, 1)
dead (DF: 54): (2, 4), (13, 1), (27, 1), (47, 1), (50, 7), (68, 2), (69, 3), (80, 1), (126, 2), (129, 1), (200, 1), (210, 1), (222, 1), (237, 4), (311, 1), (346, 1), (351, 1), (369, 1), (407, 1), (428, 1), (455, 1), (472, 1), (478, 2), (482, 6), (501, 15), (508, 1), (532, 1), (540, 1), (546, 4), (573, 1), (574, 1), (592, 2), (604, 4), (606, 1), (622, 4), (642, 1), (660, 1), (665, 2), (691, 1), (692, 2), (692, 2), (729, 2), (808, 1), (874, 3), (892, 1), (909, 1), (925, 1), (986, 1), (994, 1)
deadman (DF: 1): (288, 1)
deaf (DF: 3): (114, 3), (623, 1), (659, 1)
deafen (DF: 1): (522, 1)
deaki (DF: 1): (89, 4)
deal (DF: 37): (13, 1), (69, 3), (130, 1), (134, 1), (192, 3), (206, 3), (231, 2), (246, 1), (268, 3), (279, 2), (327, 1), (339, 1), (357, 1), (382, 3), (407, 1), (441, 1), (446, 1), (510, 1), (558, 1), (591, 1), (637, 2), (687, 2), (749, 1), (772, 2), (775, 2), (781, 1), (786, 3), (821, 1), (870, 1), (893, 1), (905, 1), (925, 1), (946, 2), (965, 36), (966, 1)
dealer (DF: 6): (221, 1), (369, 8), (548, 1), (673, 1), (862, 1)
dealership (DF: 2): (179, 4)
deali (DF: 2): (179, 4)
dealin (DF: 3): (455, 1), (486, 1), (993, 1)
dealing (DF: 1): (347, 2)
dealt (DF: 1): (434, 1)
deamn (DF: 1): (741, 1)
dean (DF: 1): (688, 1)
dear (DF: 19): (50, 6), (78, 1), (168, 1), (248, 1), (275, 4), (389, 1), (426, 2), (462, 5), (470, 1), (482, 1), (482, 1), (517, 5), (574, 1), (597, 1), (608, 2), (695, 1), (771, 6)
death (DF: 37): (26, 6), (40, 1), (72, 1), (121, 2), (122, 1), (134, 4), (159, 1), (182, 1), (200, 1), (204, 1), (210, 1), (220, 1), (324, 1), (404, 12), (407, 1), (422, 10), (428, 1), (469, 1), (487, 1), (520, 1), (520, 1), (581, 1), (592, 2), (623, 4), (646, 1), (740, 1), (764, 4), (801, 2), (804, 1), (809, 1), (823, 2), (825, 1), (840, 1), (841, 1), (862, 2)
deathless (DF: 1): (404, 12)
deb (DF: 6): (86, 2), (366, 1), (417, 2), (813, 1), (918, 1)
debaj (DF: 2): (44, 1), (996, 1)
debarg (DF: 1): (742, 1)
debat (DF: 1): (953, 4)
debbi (DF: 1): (546, 1)
debil (DF: 2): (982, 2)
debit (DF: 1): (696, 1)
debt (DF: 3): (292, 1), (673, 1), (740, 1)
debut (DF: 1): (324, 1)
dec (DF: 18): (53, 1), (86, 6), (180, 2), (256, 1), (284, 2), (333, 2), (403, 2), (444, 1), (460, 1), (557, 2), (567, 6), (667, 2), (707, 1), (813, 1), (836, 1), (875, 1), (910, 1)
decad (DF: 1): (650, 1)
decay (DF: 2): (116, 4), (764, 1)
decayin (DF: 1): (823, 1)
deceas (DF: 1): (324, 1)
deceiv (DF: 8): (45, 1), (164, 1), (225, 1), (330, 2), (373, 2), (680, 6), (883, 9), (991, 1)
deceivin (DF: 1): (153, 2)
decemb (DF: 2): (132, 1), (852, 1)
decemberist (DF: 1): (390, 1)
decent (DF: 2): (101, 2), (371, 1)
deci (DF: 2): (24, 1), (87, 1)
decid (DF: 18): (88, 1), (291, 1), (363, 1), (406, 1), (425, 1), (442, 1), (499, 4), (523, 2), (576, 2), (589, 1), (632, 1), (634, 1), (662, 2), (680, 2), (706, 2), (883, 3), (889, 1)
deciph (DF: 1): (924, 1)
decir (DF: 1): (417, 1)
decirt (DF: 5): (19, 1), (333, 2), (460, 1), (466, 2), (791, 1)
decis (DF: 6): (7, 1), (291, 1), (414, 1), (781, 7), (788, 1), (794, 3)
decision (DF: 1): (724, 1)
deck (DF: 2): (204, 1), (642, 1)
declar (DF: 2): (791, 1), (838, 1)
declin (DF: 2): (870, 1), (975, 1)
decoy (DF: 3): (270, 1), (645, 1), (759, 1)
ded (DF: 2): (178, 1), (333, 2)
dedic (DF: 5): (9, 8), (118, 1), (324, 1), (574, 1)
dedo (DF: 1): (988, 1)
dee (DF: 2): (121, 2), (628, 2)
deebo (DF: 2): (69, 1), (646, 1)
deee (DF: 1): (656, 1)
deep (DF: 59): (30, 2), (56, 1), (58, 1), (70, 1), (96, 1), (104, 1), (128, 2), (136, 1), (142, 1), (158, 1), (163, 4), (166, 1), (169, 1), (196, 4), (208, 1), (254, 1), (273, 4), (279, 2), (290, 1), (315, 9), (339, 1), (405, 1), (407, 1), (461, 1), (474, 2), (528, 6), (531, 1), (542, 1), (554, 2), (558, 1), (559, 1), (562, 3), (589, 1), (600, 1), (602, 1), (644, 2), (645, 1), (654, 2), (668, 1), (683, 1), (692, 2), (720, 1), (726, 1), (759, 2), (768, 1), (770, 2), (819, 1), (847, 6), (865, 1), (927, 1), (935, 2), (946, 2), (962, 1), (983, 1), (997, 1)
deepend (DF: 1): (228, 2)
deeper (DF: 7): (134, 1), (368, 6), (505, 1), (507, 1), (543, 6), (590, 1)
deepest (DF: 1): (71, 1)
deephous (DF: 2): (218, 1), (445, 1)
deepli (DF: 2): (306, 1), (490, 1)
deer (DF: 1): (67, 1)
deetroys (DF: 1): (347, 1)
deezl (DF: 3): (446, 1), (698, 2)
def (DF: 6): (197, 1), (405, 1), (563, 1), (647, 2), (983, 1)
defeat (DF: 4): (158, 1), (324, 1), (635, 3), (683, 1)
defenc (DF: 1): (536, 3)
defend (DF: 3): (975, 1), (991, 5)
defens (DF: 2): (59, 4), (820, 1)
deffer (DF: 2): (121, 1), (924, 1)
defi (DF: 1): (368, 1)
defiant (DF: 1): (591, 1)
defin (DF: 3): (707, 1), (813, 1), (936, 1)
definit (DF: 10): (46, 1), (81, 1), (337, 1), (396, 1), (428, 1), (583, 1), (639, 1), (694, 1), (795, 1), (988, 1)
degre (DF: 7): (202, 1), (235, 4), (602, 1), (872, 1), (919, 1), (953, 2)
deh (DF: 3): (772, 2), (905, 3)
