perdert (DF: 2): (87, 1), (333, 2)
perdi (DF: 3): (46, 3), (213, 1)
perdon (DF: 7): (87, 1), (143, 6), (276, 1), (417, 1), (477, 6), (524, 1)
perdonam (DF: 1): (87, 3)
perfect (DF: 38): (5, 1), (26, 3), (74, 2), (121, 1), (123, 1), (139, 3), (144, 2), (223, 1), (232, 1), (235, 2), (235, 2), (261, 1), (276, 1), (288, 3), (301, 3), (328, 4), (379, 1), (396, 2), (428, 1), (464, 1), (466, 2), (490, 1), (517, 1), (539, 1), (555, 2), (571, 1), (576, 1), (628, 2), (657, 1), (714, 1), (723, 1), (740, 1), (769, 1), (809, 1), (833, 1), (976, 1), (987, 3)
perfekt (DF: 1): (778, 2)
perform (DF: 6): (15, 1), (200, 1), (606, 1), (698, 2), (804, 1)
perfum (DF: 3): (87, 1), (472, 2), (707, 5)
perhap (DF: 1): (464, 1)
peric (DF: 1): (178, 1)
perignon (DF: 4): (229, 1), (586, 1), (628, 1), (740, 1)
perish (DF: 3): (200, 1), (443, 1), (864, 1)
perm (DF: 5): (129, 1), (254, 1), (540, 1), (612, 1), (786, 1)
perman (DF: 48): (54, 2), (66, 1), (126, 1), (129, 2), (131, 1), (137, 1), (145, 2), (190, 2), (200, 1), (201, 2), (225, 2), (254, 2), (266, 2), (291, 2), (346, 2), (359, 2), (375, 2), (422, 2), (464, 2), (482, 1), (521, 1), (523, 2), (551, 2), (553, 2), (573, 2), (587, 2), (612, 2), (629, 2), (638, 2), (659, 2), (668, 2), (695, 2), (705, 2), (721, 1), (723, 2), (743, 2), (745, 2), (749, 2), (760, 2), (790, 2), (855, 2), (865, 2), (898, 2), (899, 2), (939, 1), (974, 2)
permanec (DF: 1): (353, 2)
permeat (DF: 1): (50, 1)
permiss (DF: 5): (165, 2), (169, 3), (497, 1), (781, 6)
permit (DF: 3): (19, 1), (489, 1), (972, 1)
pero (DF: 2): (299, 2), (306, 1)
perpetu (DF: 2): (28, 3), (283, 1)
perr (DF: 7): (53, 1), (178, 1), (276, 1), (312, 1), (353, 2), (858, 2)
perre (DF: 3): (366, 1), (412, 16), (552, 1)
perream (DF: 1): (851, 2)
persecut (DF: 1): (867, 1)
persever (DF: 2): (40, 1), (813, 1)
person (DF: 17): (63, 1), (68, 1), (113, 1), (217, 1), (333, 2), (349, 1), (417, 1), (418, 1), (540, 3), (556, 1), (571, 1), (676, 2), (737, 1), (781, 2), (804, 1), (950, 2)
persona (DF: 1): (687, 1)
perspect (DF: 1): (574, 1)
pert (DF: 1): (637, 1)
pertenec (DF: 1): (648, 3)
peru (DF: 1): (250, 1)
peruuu (DF: 1): (552, 1)
pervers (DF: 1): (368, 1)
pervert (DF: 1): (858, 1)
pes (DF: 8): (276, 2), (399, 1), (417, 1), (539, 2), (628, 1), (711, 1)
pesc (DF: 1): (417, 1)
pest (DF: 1): (353, 1)
pet (DF: 5): (249, 1), (598, 2), (676, 3), (737, 1)
petal (DF: 2): (215, 1), (672, 1)
pete (DF: 2): (95, 1), (248, 1)
peter (DF: 2): (723, 1), (866, 2)
peterman (DF: 2): (993, 2)
petersburg (DF: 1): (650, 1)
petey (DF: 2): (80, 2)
petit (DF: 3): (540, 1), (597, 1), (940, 1)
petrifi (DF: 1): (121, 1)
pettiest (DF: 1): (693, 1)
peu (DF: 2): (540, 1), (637, 2)
peufr (DF: 1): (637, 1)
peur (DF: 1): (34, 1)
peut (DF: 1): (540, 1)
pew (DF: 3): (213, 8), (524, 2)
pezet (DF: 1): (250, 1)
pff (DF: 1): (63, 1)
phantom (DF: 8): (469, 2), (500, 1), (761, 3), (762, 1), (825, 3), (862, 1), (938, 1)
pharrel (DF: 1): (434, 1)
phase (DF: 2): (72, 1), (599, 1)
phaze (DF: 1): (219, 2)
phe (DF: 2): (40, 4)
phemonen (DF: 1): (490, 1)
phenomen (DF: 2): (40, 18)
phetamin (DF: 1): (823, 1)
philli (DF: 6): (172, 4), (182, 1), (220, 1), (477, 1), (964, 1)
phillipp (DF: 1): (673, 1)
phlegm (DF: 1): (446, 1)
phobia (DF: 1): (754, 1)
phoe (DF: 1): (693, 1)
phoenix (DF: 1): (220, 1)
phone (DF: 49): (13, 1), (27, 1), (47, 1), (68, 1), (138, 1), (153, 2), (162, 5), (179, 1), (185, 1), (197, 1), (207, 3), (226, 2), (241, 1), (257, 1), (291, 4), (301, 4), (362, 4), (401, 1), (402, 1), (459, 2), (474, 2), (507, 1), (525, 4), (547, 1), (566, 2), (658, 1), (661, 2), (669, 2), (672, 2), (691, 1), (709, 1), (718, 1), (740, 1), (753, 1), (772, 6), (775, 2), (841, 2), (850, 1), (870, 1), (888, 1), (913, 1), (925, 2), (948, 4), (955, 1), (956, 1)
phoni (DF: 2): (121, 1), (920, 1)
photo (DF: 3): (102, 1), (440, 1), (664, 1)
photograph (DF: 3): (123, 1), (636, 1), (932, 1)
photos (DF: 1): (540, 1)
phrase (DF: 1): (563, 1)
physco (DF: 1): (909, 1)
physic (DF: 1): (490, 1)
pi (DF: 3): (250, 1), (661, 1), (908, 2)
piang (DF: 2): (438, 1), (524, 1)
pib (DF: 1): (417, 1)
pic (DF: 10): (12, 12), (44, 1), (123, 1), (173, 1), (235, 5), (252, 1), (658, 1), (775, 6)
picasso (DF: 2): (121, 1), (335, 2)
pich (DF: 3): (399, 2), (567, 3)
piche (DF: 1): (444, 1)
pichh (DF: 1): (149, 1)
pick (DF: 34): (47, 1), (57, 2), (59, 2), (128, 1), (138, 3), (147, 2), (158, 5), (222, 2), (226, 2), (264, 1), (350, 1), (356, 2), (380, 1), (409, 2), (422, 1), (454, 1), (485, 1), (494, 4), (516, 2), (566, 2), (606, 1), (618, 1), (633, 2), (749, 1), (898, 1), (916, 1), (920, 1), (927, 1), (939, 1), (994, 1)
picket (DF: 2): (694, 4), (757, 1)
picki (DF: 2): (647, 1), (829, 1)
pickin (DF: 5): (55, 1), (155, 3), (215, 1), (606, 1), (964, 1)
pickl (DF: 1): (407, 1)
pickup (DF: 1): (802, 1)
picnic (DF: 2): (490, 1), (975, 1)
pictur (DF: 35): (20, 1), (25, 2), (29, 2), (40, 2), (52, 1), (70, 1), (71, 5), (102, 1), (121, 1), (135, 1), (138, 1), (162, 1), (182, 3), (243, 1), (324, 1), (368, 1), (449, 1), (459, 2), (464, 1), (574, 2), (589, 1), (593, 1), (616, 1), (708, 1), (722, 1), (723, 1), (736, 2), (802, 2), (886, 1), (939, 1), (963, 1), (986, 1), (991, 1), (993, 1)
picud (DF: 1): (858, 1)
pid (DF: 16): (143, 2), (345, 12), (366, 2), (412, 4), (417, 1), (444, 2), (476, 2), (477, 1), (512, 9), (711, 2), (791, 4), (858, 1), (875, 1), (918, 1), (996, 1)
pidel (DF: 1): (628, 1)
pie (DF: 8): (72, 1), (102, 1), (200, 1), (664, 1), (815, 1), (846, 1), (975, 1), (984, 1)
piec (DF: 23): (15, 1), (52, 1), (72, 1), (160, 3), (244, 1), (278, 2), (310, 17), (319, 4), (405, 2), (414, 3), (482, 1), (485, 1), (494, 1), (558, 1), (581, 1), (672, 2), (749, 1), (815, 1), (831, 1), (873, 3), (898, 1), (939, 1), (975, 1)
pied (DF: 1): (540, 1)
piedr (DF: 2): (460, 3)
piel (DF: 11): (12, 2), (216, 1), (269, 1), (328, 4), (333, 2), (412, 4), (466, 3), (512, 1), (762, 1), (776, 2), (918, 1)
pien (DF: 1): (187, 1)
piens (DF: 16): (117, 1), (217, 1), (345, 4), (353, 1), (371, 1), (395, 2), (460, 3), (466, 2), (477, 2), (628, 1), (791, 2), (813, 1), (982, 8), (996, 1)
pier (DF: 1): (312, 1)
pierc (DF: 1): (407, 1)
pierd (DF: 8): (276, 1), (312, 1), (366, 1), (371, 1), (460, 1), (632, 3), (707, 3), (858, 1)
piern (DF: 2): (46, 2), (412, 2)
pies (DF: 2): (353, 1), (891, 1)
pietr (DF: 1): (63, 1)
piewa (DF: 1): (250, 1)
piez (DF: 1): (366, 1)
pig (DF: 2): (47, 1), (642, 1)
pigeon (DF: 1): (740, 1)
pij (DF: 1): (661, 1)
pijam (DF: 1): (14, 1)
pije (DF: 1): (250, 1)
pik (DF: 1): (661, 1)
pikachu (DF: 2): (115, 2), (711, 1)
pil (DF: 1): (229, 1)
pila (DF: 1): (299, 1)
pilat (DF: 1): (650, 1)
pildorit (DF: 1): (46, 1)
pile (DF: 1): (339, 1)
pilers (DF: 1): (364, 2)
pilgrim (DF: 1): (490, 1)
pill (DF: 14): (15, 1), (139, 3), (310, 1), (364, 2), (407, 1), (469, 1), (529, 3), (582, 2), (661, 1), (691, 1), (825, 1), (868, 1), (895, 1), (952, 1)
pillar (DF: 1): (796, 1)
pilli (DF: 1): (675, 6)
pillow (DF: 7): (183, 2), (200, 1), (418, 1), (486, 1), (659, 3), (866, 2)
pilot (DF: 4): (59, 1), (276, 1), (336, 1), (537, 1)
piment (DF: 1): (540, 1)
pimient (DF: 1): (707, 1)
pimp (DF: 12): (13, 1), (339, 1), (346, 1), (418, 1), (446, 1), (547, 1), (558, 1), (660, 12), (684, 4), (740, 1), (993, 1)
pimperi (DF: 2): (684, 2)
pimpf (DF: 2): (311, 2)
pimpin (DF: 4): (365, 1), (558, 2), (586, 1)
pin (DF: 6): (76, 1), (450, 1), (464, 1), (476, 1), (724, 1), (752, 1)
pinch (DF: 4): (178, 2), (370, 1), (382, 1), (641, 1)
pingu (DF: 1): (276, 1)
pinion (DF: 1): (924, 1)
pink (DF: 4): (89, 4), (190, 1), (597, 1), (672, 1)
pinki (DF: 2): (81, 1), (862, 1)
pinocchio (DF: 1): (486, 1)
pinoy (DF: 4): (0, 1), (432, 1), (871, 1), (967, 1)
pint (DF: 4): (594, 2), (858, 1), (890, 2)
pioneer (DF: 1): (692, 1)
pip (DF: 1): (53, 1)
pipa (DF: 1): (151, 1)
pipe (DF: 6): (121, 1), (183, 1), (213, 14), (642, 1), (766, 10)
piper (DF: 1): (389, 2)
piqu (DF: 2): (724, 1), (891, 3)
