flash (DF: 11): (27, 1), (102, 2), (106, 1), (119, 1), (123, 4), (153, 2), (255, 1), (510, 1), (541, 2), (554, 1)
flashback (DF: 2): (857, 1), (878, 1)
flashi (DF: 1): (82, 1)
flashin (DF: 2): (17, 3), (352, 2)
flashlight (DF: 1): (134, 1)
flat (DF: 4): (40, 1), (88, 1), (823, 1), (932, 1)
flatlin (DF: 1): (609, 24)
flatter (DF: 2): (352, 1), (541, 1)
flav (DF: 2): (27, 1), (353, 1)
flava (DF: 1): (128, 1)
flavor (DF: 3): (27, 1), (800, 1), (964, 1)
flaw (DF: 2): (490, 1), (955, 1)
flawless (DF: 2): (352, 1), (541, 1)
flay (DF: 1): (820, 2)
flea (DF: 1): (202, 1)
flech (DF: 1): (667, 1)
fled (DF: 2): (147, 4), (642, 1)
flee (DF: 1): (147, 4)
fleec (DF: 1): (183, 1)
fleein (DF: 3): (469, 1), (825, 2)
fleek (DF: 1): (414, 1)
fleet (DF: 2): (899, 1), (947, 1)
fleetwood (DF: 5): (189, 2), (260, 1), (304, 1), (768, 1), (943, 1)
flesh (DF: 7): (324, 2), (636, 2), (799, 1), (909, 1), (968, 1), (979, 1)
fleshlight (DF: 1): (235, 1)
flew (DF: 4): (179, 1), (536, 3), (862, 2), (922, 1)
flex (DF: 19): (109, 1), (159, 1), (337, 8), (477, 1), (494, 3), (547, 1), (562, 1), (598, 1), (606, 1), (658, 1), (661, 2), (681, 1), (778, 3), (829, 1), (946, 2), (966, 1)
flexibl (DF: 2): (535, 2)
flexin (DF: 5): (89, 8), (181, 1), (337, 1), (528, 1), (852, 1)
fli (DF: 65): (2, 2), (16, 28), (20, 3), (35, 2), (55, 2), (92, 1), (108, 3), (123, 1), (147, 4), (159, 1), (195, 2), (197, 1), (208, 3), (220, 1), (221, 4), (234, 2), (235, 1), (236, 1), (237, 2), (239, 1), (255, 1), (258, 2), (261, 1), (305, 1), (327, 1), (330, 1), (351, 1), (352, 1), (363, 1), (365, 4), (365, 13), (385, 4), (393, 1), (462, 12), (502, 13), (528, 1), (533, 21), (535, 2), (543, 1), (544, 1), (622, 2), (634, 1), (642, 2), (646, 1), (654, 1), (694, 1), (701, 1), (702, 1), (720, 1), (753, 1), (777, 1), (785, 10), (802, 1), (893, 1), (902, 1), (909, 1), (915, 1), (922, 1), (952, 1), (956, 1), (973, 1), (993, 1), (999, 1)
flicaill (DF: 1): (34, 1)
flick (DF: 2): (81, 1), (915, 1)
flieg (DF: 3): (246, 1), (483, 1), (484, 1)
fliesst (DF: 1): (246, 1)
flight (DF: 10): (67, 1), (138, 2), (189, 2), (202, 1), (380, 1), (411, 1), (893, 2), (938, 1)
flinch (DF: 1): (658, 1)
fling (DF: 5): (16, 3), (427, 2), (469, 1), (825, 1)
flintston (DF: 1): (33, 2)
flip (DF: 19): (33, 2), (72, 1), (119, 1), (153, 2), (165, 1), (183, 1), (197, 2), (281, 2), (337, 1), (347, 5), (449, 1), (586, 1), (660, 4), (669, 1), (672, 1), (710, 1), (842, 1), (870, 2)
flippin (DF: 4): (172, 1), (210, 2), (647, 1), (669, 1)
flirt (DF: 1): (862, 1)
flirtaci (DF: 2): (153, 2)
flo (DF: 6): (365, 1), (535, 33), (660, 44), (802, 1)
float (DF: 12): (40, 1), (68, 1), (288, 1), (295, 1), (421, 1), (487, 1), (504, 1), (526, 1), (562, 1), (757, 5), (882, 2), (928, 1)
floatin (DF: 1): (831, 1)
flock (DF: 4): (365, 1), (553, 1), (660, 1), (855, 2)
flocka (DF: 1): (124, 1)
flockav (DF: 1): (124, 1)
flockin (DF: 1): (759, 1)
floj (DF: 2): (53, 1), (347, 4)
flok (DF: 1): (540, 1)
flood (DF: 7): (47, 3), (124, 1), (168, 3), (469, 2), (825, 3), (899, 1)
floor (DF: 51): (3, 1), (47, 1), (68, 1), (124, 2), (131, 2), (132, 1), (134, 1), (153, 2), (186, 1), (243, 1), (268, 8), (282, 2), (288, 1), (329, 6), (370, 3), (372, 2), (432, 2), (514, 4), (547, 1), (570, 1), (575, 2), (586, 2), (601, 2), (618, 2), (638, 1), (660, 2), (710, 5), (721, 3), (794, 1), (800, 1), (841, 1), (875, 1), (877, 3), (904, 2), (916, 3), (919, 2), (922, 1), (944, 18), (951, 1), (952, 1), (958, 3), (973, 2)
flop (DF: 2): (380, 5)
flor (DF: 2): (87, 1), (791, 3)
flore (DF: 1): (299, 2)
florida (DF: 3): (352, 1), (541, 1), (978, 1)
floss (DF: 2): (324, 1), (738, 1)
flossi (DF: 1): (579, 1)
flossin (DF: 1): (248, 1)
flota (DF: 1): (552, 2)
flous (DF: 2): (229, 4)
flow (DF: 43): (12, 2), (74, 2), (151, 1), (208, 5), (213, 2), (221, 1), (235, 1), (246, 2), (252, 1), (270, 1), (283, 1), (288, 2), (337, 1), (339, 2), (350, 2), (357, 3), (360, 1), (397, 1), (444, 1), (476, 1), (483, 1), (486, 1), (490, 1), (540, 1), (548, 1), (568, 1), (579, 4), (583, 1), (586, 1), (621, 1), (628, 2), (669, 2), (710, 1), (738, 1), (773, 9), (800, 1), (813, 1), (829, 1), (951, 3), (964, 1), (998, 1)
flower (DF: 13): (47, 1), (152, 3), (203, 52), (212, 2), (215, 1), (422, 1), (575, 1), (587, 5), (654, 1), (664, 1), (745, 2), (756, 1), (937, 2)
flowin (DF: 4): (168, 1), (449, 1), (742, 1), (993, 1)
flown (DF: 1): (116, 1)
floyd (DF: 1): (884, 1)
fluentli (DF: 1): (574, 1)
fluex (DF: 1): (756, 1)
fluffi (DF: 1): (553, 4)
fluid (DF: 2): (40, 1), (559, 1)
flume (DF: 2): (104, 1), (461, 1)
flur (DF: 1): (681, 1)
flurri (DF: 3): (462, 1), (842, 1), (966, 2)
flute (DF: 1): (510, 1)
flutter (DF: 1): (429, 1)
fly (DF: 1): (178, 7)
flyer (DF: 3): (65, 1), (200, 1), (420, 1)
flyest (DF: 3): (181, 2), (946, 2)
flyin (DF: 9): (55, 2), (155, 3), (429, 2), (469, 6), (486, 1), (825, 8), (952, 1)
fm (DF: 1): (435, 1)
fo (DF: 14): (33, 4), (109, 45), (153, 2), (221, 4), (255, 1), (430, 3), (441, 1), (684, 1), (693, 1), (800, 2), (802, 2), (952, 1)
foam (DF: 1): (40, 1)
foamin (DF: 2): (535, 2)
focus (DF: 8): (273, 4), (339, 1), (365, 2), (380, 1), (405, 1), (574, 1), (740, 1)
fodder (DF: 1): (311, 1)
foe (DF: 1): (324, 1)
foenem (DF: 2): (222, 2)
fofan (DF: 1): (34, 1)
fog (DF: 2): (336, 1), (735, 2)
fogerti (DF: 2): (251, 1), (453, 1)
foggi (DF: 1): (735, 2)
foil (DF: 2): (405, 1), (434, 1)
fois (DF: 1): (349, 4)
fold (DF: 9): (26, 3), (52, 1), (408, 1), (535, 2), (600, 1), (737, 1), (920, 10)
folg (DF: 2): (246, 1), (437, 1)
folk (DF: 9): (72, 1), (251, 3), (275, 1), (376, 1), (692, 2), (802, 1), (928, 1)
foll (DF: 1): (480, 1)
follow (DF: 32): (4, 1), (26, 3), (42, 6), (96, 2), (102, 3), (104, 1), (148, 2), (205, 1), (289, 1), (315, 27), (337, 1), (348, 1), (407, 1), (418, 1), (436, 2), (532, 2), (547, 1), (558, 1), (563, 2), (581, 1), (593, 1), (616, 2), (633, 1), (638, 1), (660, 1), (699, 1), (767, 12), (789, 1), (925, 1), (964, 1), (969, 1)
followin (DF: 3): (235, 1), (556, 1), (616, 1)
fomo (DF: 2): (144, 4), (546, 1)
fond (DF: 2): (178, 1), (438, 1)
fonsi (DF: 1): (481, 1)
foo (DF: 1): (482, 1)
food (DF: 5): (274, 4), (574, 1), (688, 1), (710, 1), (868, 1)
fool (DF: 44): (13, 1), (16, 1), (58, 1), (72, 1), (88, 1), (147, 4), (204, 1), (218, 3), (267, 2), (281, 1), (324, 1), (361, 2), (367, 1), (386, 1), (391, 4), (429, 1), (431, 3), (446, 1), (455, 2), (529, 2), (571, 1), (613, 1), (614, 4), (617, 1), (627, 10), (675, 2), (704, 1), (737, 1), (742, 5), (774, 8), (779, 1), (800, 1), (819, 1), (847, 8), (857, 3), (872, 1), (906, 1), (928, 1), (983, 2), (988, 1), (993, 3)
foolin (DF: 4): (96, 6), (556, 1), (912, 2)
foolish (DF: 4): (487, 1), (619, 1), (906, 1), (916, 2)
foot (DF: 9): (72, 1), (89, 32), (292, 1), (420, 1), (486, 1), (544, 1), (696, 1), (919, 1), (956, 1)
footbal (DF: 1): (248, 1)
footprint (DF: 1): (896, 2)
footstep (DF: 1): (235, 1)
for (DF: 2): (724, 1), (858, 1)
forb (DF: 1): (842, 1)
forbid (DF: 1): (702, 1)
forbidden (DF: 1): (855, 1)
forc (DF: 14): (15, 1), (101, 1), (133, 1), (134, 1), (200, 1), (360, 1), (497, 2), (522, 1), (540, 1), (597, 1), (646, 1), (727, 1), (856, 1), (976, 1)
ford (DF: 1): (57, 8)
fore (DF: 12): (51, 1), (80, 1), (200, 3), (222, 1), (278, 2), (558, 1), (815, 1), (841, 1), (893, 2), (920, 1), (952, 1)
foreblosur (DF: 1): (966, 1)
foreclosur (DF: 1): (966, 1)
foreign (DF: 9): (25, 1), (47, 1), (51, 1), (305, 1), (436, 2), (661, 8), (810, 1), (928, 1)
foreman (DF: 1): (405, 1)
foreplay (DF: 1): (740, 1)
forer (DF: 1): (417, 1)
forest (DF: 1): (389, 1)
forev (DF: 48): (6, 1), (31, 3), (35, 4), (50, 4), (58, 1), (106, 1), (140, 4), (177, 1), (182, 1), (194, 5), (202, 1), (219, 6), (230, 1), (233, 1), (253, 3), (258, 1), (323, 1), (343, 1), (409, 2), (425, 2), (432, 1), (471, 7), (475, 5), (482, 1), (486, 6), (515, 6), (517, 1), (525, 2), (544, 1), (562, 1), (603, 12), (609, 8), (611, 4), (621, 6), (674, 3), (699, 1), (708, 1), (774, 4), (786, 1), (845, 1), (862, 1), (895, 1), (910, 1), (921, 1), (952, 1), (969, 1), (975, 11)
forget (DF: 51): (2, 1), (48, 6), (65, 1), (69, 1), (79, 3), (85, 1), (88, 1), (106, 1), (121, 2), (145, 2), (160, 3), (170, 1), (192, 7), (232, 1), (237, 1), (255, 3), (263, 1), (265, 4), (278, 2), (303, 4), (319, 4), (338, 1), (340, 4), (343, 1), (373, 1), (384, 1), (409, 2), (429, 1), (457, 1), (516, 4), (545, 1), (548, 1), (556, 4), (563, 1), (587, 1), (614, 2), (619, 1), (621, 1), (622, 1), (641, 1), (647, 1), (686, 1), (710, 1), (722, 1), (793, 1), (814, 1), (833, 1), (856, 1), (951, 5), (990, 1)
forgiv (DF: 12): (192, 1), (200, 2), (319, 4), (338, 1), (375, 2), (416, 1), (464, 1), (621, 1), (672, 1), (710, 1), (879, 2)
forgivin (DF: 1): (759, 2)
forgot (DF: 6): (240, 1), (553, 1), (616, 1), (684, 1), (693, 1), (695, 2)
forgotten (DF: 7): (200, 1), (275, 1), (516, 3), (546, 1), (718, 1), (963, 3)
fork (DF: 1): (72, 1)
