subel (DF: 1): (594, 6)
subi (DF: 1): (728, 1)
subject (DF: 1): (40, 1)
sublim (DF: 1): (292, 2)
sublimin (DF: 1): (222, 1)
submerg (DF: 1): (288, 1)
subsid (DF: 1): (682, 1)
subsist (DF: 1): (312, 1)
subtract (DF: 1): (548, 1)
suburban (DF: 1): (824, 1)
subway (DF: 4): (176, 3), (870, 2)
subwoof (DF: 1): (198, 1)
suc (DF: 2): (349, 1), (598, 1)
succeed (DF: 4): (680, 2), (883, 3)
success (DF: 4): (352, 1), (405, 1), (541, 1), (606, 2)
succumb (DF: 1): (597, 1)
suced (DF: 1): (982, 2)
such (DF: 3): (484, 2), (493, 1)
sucht (DF: 1): (198, 1)
suci (DF: 3): (711, 19), (875, 1)
suck (DF: 18): (72, 1), (85, 1), (114, 1), (220, 1), (221, 1), (287, 2), (350, 5), (446, 1), (525, 2), (691, 1), (840, 1), (846, 3), (922, 1), (946, 4), (959, 2)
sucka (DF: 4): (182, 1), (441, 1), (753, 1), (834, 1)
sucker (DF: 8): (27, 1), (121, 3), (183, 1), (245, 1), (363, 1), (563, 2), (669, 1)
suckin (DF: 1): (922, 1)
sucumb (DF: 1): (417, 1)
sud (DF: 2): (12, 2), (417, 1)
sudden (DF: 6): (146, 2), (235, 4), (517, 1), (604, 4), (928, 6)
sudo (DF: 1): (32, 1)
sudor (DF: 2): (12, 2), (216, 1)
sued (DF: 1): (988, 1)
suel (DF: 5): (46, 2), (178, 1), (353, 1), (651, 2), (725, 3)
suelo (DF: 1): (552, 1)
suelt (DF: 6): (364, 2), (412, 2), (444, 1), (707, 3), (851, 8)
suen (DF: 5): (87, 1), (227, 1), (403, 1), (417, 1), (628, 3)
suena (DF: 1): (299, 2)
suert (DF: 5): (269, 1), (444, 1), (858, 1), (890, 3)
sueñ (DF: 10): (312, 1), (353, 1), (355, 1), (403, 1), (489, 1), (557, 1), (580, 2), (679, 1), (776, 1), (891, 6)
sueño (DF: 1): (194, 1)
suffer (DF: 9): (145, 2), (158, 1), (281, 1), (368, 1), (517, 1), (560, 1), (879, 1), (979, 6)
suffoc (DF: 1): (592, 1)
suficient (DF: 4): (333, 2), (489, 1), (628, 1), (934, 3)
sufjan (DF: 1): (235, 1)
sufocava (DF: 1): (60, 2)
sufr (DF: 3): (87, 1), (354, 4), (395, 3)
sufri (DF: 1): (87, 1)
sufrimient (DF: 1): (86, 2)
sug (DF: 1): (858, 1)
suga (DF: 3): (16, 34), (298, 6)
sugar (DF: 17): (16, 5), (129, 1), (200, 1), (210, 2), (331, 1), (346, 1), (382, 1), (384, 1), (607, 2), (688, 2), (694, 1), (708, 1), (772, 2), (805, 1), (884, 2)
suge (DF: 2): (179, 1), (737, 1)
suggest (DF: 4): (27, 1), (337, 1), (400, 1), (522, 1)
suicid (DF: 2): (646, 1), (803, 1)
suicideboy (DF: 1): (407, 1)
suicidi (DF: 1): (972, 2)
suit (DF: 10): (92, 1), (141, 1), (183, 1), (444, 1), (612, 3), (660, 1), (676, 1), (752, 1), (922, 1), (965, 6)
suitcas (DF: 1): (293, 1)
suka (DF: 2): (908, 2)
suko (DF: 1): (661, 1)
sulli (DF: 1): (314, 1)
sultana (DF: 1): (559, 1)
sultri (DF: 1): (636, 1)
sum (DF: 2): (417, 1), (976, 1)
summ (DF: 1): (628, 1)
summer (DF: 28): (31, 2), (74, 2), (81, 1), (145, 1), (168, 1), (264, 10), (306, 1), (352, 1), (374, 1), (396, 2), (435, 1), (486, 1), (488, 1), (504, 1), (541, 1), (566, 6), (574, 1), (639, 3), (771, 1), (774, 4), (775, 2), (805, 1), (817, 3), (860, 3), (978, 4), (984, 3)
summertim (DF: 3): (285, 1), (583, 3), (809, 1)
summon (DF: 2): (201, 1), (801, 1)
sun (DF: 55): (1, 1), (31, 1), (35, 1), (73, 2), (74, 2), (83, 1), (105, 2), (108, 4), (129, 1), (142, 4), (149, 1), (164, 1), (174, 1), (208, 1), (287, 1), (288, 1), (299, 1), (335, 1), (338, 23), (370, 1), (385, 2), (396, 2), (411, 1), (473, 1), (488, 3), (496, 1), (549, 1), (555, 8), (559, 1), (560, 1), (574, 2), (600, 9), (604, 12), (611, 4), (621, 1), (640, 2), (658, 1), (662, 4), (739, 3), (756, 1), (787, 1), (810, 1), (834, 1), (835, 2), (849, 1), (854, 1), (862, 1), (902, 3), (937, 5), (967, 1), (968, 2), (971, 3), (978, 2), (985, 1)
sunday (DF: 15): (70, 1), (233, 1), (248, 1), (404, 2), (488, 1), (535, 1), (689, 1), (693, 1), (695, 4), (744, 2), (803, 1), (819, 1), (870, 10)
sundhaft (DF: 1): (151, 1)
suneg (DF: 1): (149, 2)
sunega (DF: 1): (149, 1)
sung (DF: 1): (379, 1)
sungandeul (DF: 1): (32, 1)
sunglass (DF: 4): (123, 4), (363, 1), (444, 1), (777, 1)
sunguirungui (DF: 1): (178, 1)
sunk (DF: 1): (337, 1)
sunlight (DF: 7): (83, 1), (390, 1), (404, 2), (678, 1), (869, 1), (933, 4), (948, 12)
sunni (DF: 8): (58, 1), (129, 4), (245, 1), (288, 3), (441, 1), (569, 1), (819, 1)
sunris (DF: 5): (290, 1), (428, 1), (441, 1), (698, 10)
sunset (DF: 4): (71, 4), (81, 1), (555, 2), (940, 2)
sunshin (DF: 9): (264, 6), (306, 1), (402, 2), (488, 1), (571, 16), (574, 1), (809, 1), (968, 34)
sunt (DF: 2): (335, 6)
suon (DF: 1): (187, 1)
sup (DF: 11): (178, 1), (284, 8), (354, 2), (481, 1), (483, 1), (628, 1), (667, 6), (885, 2), (982, 6)
super (DF: 10): (112, 1), (283, 1), (340, 4), (425, 1), (579, 1), (588, 1), (638, 1), (673, 1), (915, 1), (952, 1)
superart (DF: 1): (86, 2)
superb (DF: 1): (669, 1)
superfli (DF: 1): (16, 1)
superior (DF: 1): (720, 1)
superman (DF: 4): (540, 1), (723, 1), (908, 13), (944, 1)
supermass (DF: 1): (521, 1)
supermodel (DF: 1): (814, 4)
supernatur (DF: 5): (64, 1), (462, 1), (752, 1), (868, 1), (882, 10)
supers (DF: 1): (846, 3)
superstar (DF: 7): (80, 1), (82, 1), (102, 3), (369, 1), (558, 1), (675, 2), (731, 1)
supertwist (DF: 1): (827, 1)
superwoman (DF: 2): (352, 1), (541, 1)
supon (DF: 1): (284, 2)
suppli (DF: 6): (380, 1), (548, 1), (618, 3), (922, 1), (926, 1), (966, 1)
supplier (DF: 1): (49, 2)
support (DF: 1): (946, 2)
suppos (DF: 22): (13, 1), (78, 1), (121, 1), (130, 2), (140, 2), (210, 1), (324, 1), (382, 1), (410, 1), (454, 1), (454, 1), (470, 1), (554, 1), (616, 1), (660, 1), (717, 5), (742, 1), (775, 2), (920, 2), (922, 1), (963, 1)
suppress (DF: 2): (606, 1), (874, 1)
suprem (DF: 3): (63, 2), (802, 2)
supu (DF: 1): (284, 2)
sur (DF: 4): (10, 1), (306, 1), (890, 2)
sure (DF: 69): (25, 2), (26, 3), (56, 1), (70, 2), (81, 1), (102, 1), (103, 1), (121, 1), (132, 1), (160, 3), (167, 3), (182, 1), (188, 4), (194, 1), (197, 1), (212, 2), (226, 1), (255, 1), (297, 1), (298, 2), (300, 1), (308, 1), (313, 1), (351, 1), (352, 1), (374, 2), (389, 2), (409, 4), (411, 1), (418, 1), (422, 1), (435, 5), (490, 1), (494, 1), (526, 3), (541, 1), (549, 1), (618, 2), (641, 1), (647, 1), (650, 1), (694, 2), (708, 1), (718, 1), (731, 1), (746, 2), (749, 1), (783, 1), (802, 1), (805, 3), (815, 1), (826, 1), (846, 3), (847, 2), (870, 1), (909, 1), (925, 1), (932, 1), (937, 2), (942, 1), (973, 2), (978, 2), (991, 1)
surf (DF: 1): (252, 1)
surfac (DF: 2): (590, 1), (592, 2)
surgeri (DF: 3): (137, 1), (698, 2)
surpris (DF: 18): (72, 1), (78, 1), (88, 1), (93, 3), (197, 1), (360, 1), (449, 1), (470, 1), (562, 3), (596, 3), (597, 1), (834, 3), (849, 1), (863, 1), (922, 1), (970, 2)
surrend (DF: 16): (147, 3), (177, 1), (204, 1), (298, 1), (351, 2), (381, 1), (408, 1), (475, 18), (497, 1), (515, 2), (522, 1), (678, 1), (850, 20), (914, 1), (981, 1)
surround (DF: 9): (59, 3), (242, 1), (555, 4), (576, 2), (731, 1), (937, 2), (999, 1)
surviv (DF: 18): (13, 1), (72, 1), (158, 1), (241, 4), (369, 4), (380, 1), (419, 2), (457, 1), (561, 6), (590, 1), (612, 1), (737, 1), (834, 3), (867, 1), (987, 8), (999, 1)
survivin (DF: 1): (999, 2)
survivor (DF: 4): (40, 1), (561, 8), (931, 2), (981, 1)
suse (DF: 1): (210, 1)
susodich (DF: 1): (417, 1)
suspect (DF: 4): (427, 2), (723, 7), (823, 1)
suspend (DF: 2): (136, 1), (204, 1)
suspens (DF: 1): (581, 1)
suspici (DF: 1): (3, 1)
suspiro (DF: 1): (194, 1)
suss (DF: 1): (681, 1)
sustain (DF: 1): (72, 1)
susurr (DF: 1): (417, 1)
susurram (DF: 2): (890, 3)
sutra (DF: 1): (471, 1)
suwoo (DF: 1): (966, 1)
svaba (DF: 2): (397, 2)
svegl (DF: 1): (63, 1)
swacq (DF: 1): (508, 1)
swae (DF: 1): (511, 1)
swag (DF: 1): (414, 1)
swagger (DF: 3): (248, 6), (948, 2)
swallow (DF: 11): (88, 1), (181, 1), (186, 1), (407, 1), (521, 1), (595, 1), (660, 2), (684, 1), (699, 1), (882, 2), (925, 1)
swam (DF: 1): (186, 1)
swan (DF: 1): (636, 1)
swang (DF: 2): (692, 2)
