overstuf (DF: 1): (121, 1)
overthink (DF: 2): (240, 1), (959, 4)
overthinkin (DF: 1): (831, 1)
overtim (DF: 2): (874, 3), (920, 1)
overtir (DF: 2): (671, 2)
overwhelm (DF: 1): (265, 3)
ovy (DF: 1): (173, 2)
ow (DF: 5): (121, 1), (547, 1), (811, 1), (872, 1), (939, 1)
owe (DF: 11): (154, 1), (250, 5), (436, 2), (469, 1), (718, 1), (808, 1), (825, 2), (868, 1), (876, 2), (946, 2)
owi (DF: 1): (250, 1)
owl (DF: 1): (888, 1)
own (DF: 4): (520, 8), (560, 3), (858, 1)
owner (DF: 5): (672, 1), (680, 49), (883, 73)
owo (DF: 2): (430, 2)
owymi (DF: 2): (250, 3)
oxen (DF: 1): (253, 1)
oxycontin (DF: 1): (386, 1)
oye (DF: 11): (28, 2), (44, 3), (227, 2), (276, 1), (333, 8), (364, 6), (412, 2), (628, 1), (707, 4), (724, 1), (982, 2)
oyem (DF: 1): (891, 3)
oyo (DF: 1): (667, 1)
ozon (DF: 1): (885, 1)
ozzi (DF: 1): (520, 1)
où (DF: 2): (349, 55), (540, 2)
p (DF: 28): (45, 1), (82, 1), (139, 1), (182, 1), (197, 1), (202, 1), (240, 4), (248, 3), (250, 1), (270, 1), (282, 2), (306, 1), (324, 1), (369, 1), (477, 1), (525, 5), (550, 3), (567, 15), (582, 1), (636, 1), (661, 1), (676, 1), (862, 1), (908, 1), (948, 2), (993, 1)
pa (DF: 55): (0, 1), (12, 14), (14, 3), (46, 4), (53, 4), (86, 2), (109, 1), (117, 9), (143, 2), (178, 1), (217, 1), (227, 6), (276, 6), (284, 4), (342, 1), (345, 4), (354, 1), (364, 6), (366, 13), (371, 1), (395, 1), (399, 2), (412, 6), (444, 6), (460, 3), (476, 2), (477, 1), (489, 1), (548, 1), (552, 1), (567, 15), (577, 2), (628, 8), (632, 2), (667, 3), (711, 1), (728, 1), (762, 2), (836, 4), (871, 4), (875, 1), (890, 3), (891, 4), (910, 1), (982, 8), (996, 3)
paak (DF: 1): (457, 1)
paar (DF: 2): (681, 1), (812, 1)
pab (DF: 1): (80, 1)
pablo (DF: 2): (80, 1), (681, 1)
pac (DF: 3): (179, 1), (339, 1), (574, 1)
pace (DF: 5): (3, 1), (205, 2), (443, 1), (593, 2), (920, 1)
pacemak (DF: 1): (803, 1)
pachamam (DF: 1): (353, 1)
pacienci (DF: 2): (412, 2), (489, 1)
pacin (DF: 2): (153, 2), (490, 1)
pack (DF: 29): (13, 1), (55, 2), (148, 1), (155, 3), (181, 1), (202, 1), (213, 1), (222, 1), (245, 1), (246, 3), (246, 2), (260, 1), (285, 1), (303, 4), (337, 1), (379, 1), (409, 2), (449, 1), (551, 1), (581, 1), (684, 1), (719, 2), (737, 1), (768, 2), (789, 1), (808, 1), (823, 1), (904, 1), (922, 1)
packag (DF: 2): (327, 1), (405, 1)
packin (DF: 2): (337, 1), (486, 1)
pact (DF: 1): (791, 1)
pad (DF: 7): (74, 2), (436, 2), (486, 1), (823, 1), (922, 1), (975, 1)
paddl (DF: 1): (975, 1)
paddywagon (DF: 1): (859, 5)
padezc (DF: 1): (312, 1)
padi (DF: 1): (430, 1)
padr (DF: 2): (417, 1), (480, 1)
paes (DF: 1): (63, 1)
pag (DF: 9): (53, 1), (276, 1), (283, 1), (347, 1), (364, 2), (371, 1), (399, 1), (711, 2), (871, 1)
pagan (DF: 1): (404, 2)
page (DF: 13): (56, 1), (106, 1), (267, 2), (279, 1), (304, 2), (407, 1), (471, 1), (482, 1), (549, 1), (754, 2), (780, 1), (819, 1)
pager (DF: 1): (731, 1)
pagtitig (DF: 1): (871, 1)
pah (DF: 1): (63, 2)
pai (DF: 2): (213, 7)
paid (DF: 23): (2, 1), (13, 1), (26, 3), (68, 1), (72, 1), (121, 1), (138, 1), (168, 1), (237, 1), (300, 1), (324, 3), (365, 2), (441, 1), (574, 1), (606, 1), (622, 1), (740, 1), (774, 1), (800, 1), (867, 1), (973, 5)
pain (DF: 50): (50, 1), (52, 1), (74, 2), (104, 3), (114, 1), (154, 1), (170, 1), (176, 3), (205, 1), (207, 1), (266, 1), (279, 2), (305, 1), (359, 1), (369, 1), (402, 2), (407, 1), (410, 1), (451, 9), (490, 1), (501, 2), (508, 1), (510, 1), (535, 1), (548, 2), (551, 1), (556, 1), (560, 2), (571, 3), (574, 1), (589, 1), (593, 1), (599, 1), (609, 2), (650, 1), (674, 1), (702, 1), (711, 1), (714, 5), (751, 1), (802, 1), (832, 2), (856, 1), (857, 1), (930, 1), (951, 1), (958, 2), (979, 1), (999, 1)
painkil (DF: 1): (548, 1)
paint (DF: 21): (27, 1), (29, 2), (65, 1), (71, 14), (81, 2), (121, 1), (133, 1), (161, 1), (286, 2), (352, 1), (367, 1), (408, 1), (471, 1), (473, 1), (490, 1), (541, 1), (563, 3), (578, 1), (802, 1), (941, 1), (991, 1)
pair (DF: 7): (183, 2), (324, 2), (360, 1), (494, 1), (558, 1), (689, 1), (731, 1)
pais (DF: 2): (149, 1), (715, 1)
paisa (DF: 1): (149, 1)
paisley (DF: 1): (148, 1)
paiso (DF: 1): (149, 1)
pajar (DF: 1): (87, 1)
pak (DF: 4): (77, 1), (283, 1), (812, 1), (871, 2)
paket (DF: 2): (397, 1), (778, 1)
pakibakla (DF: 1): (871, 2)
pakistan (DF: 1): (693, 1)
pakken (DF: 1): (812, 1)
pako (DF: 1): (246, 1)
pakpak (DF: 1): (871, 1)
pal (DF: 9): (10, 1), (44, 1), (283, 3), (661, 5), (800, 1), (897, 1), (908, 1)
palabr (DF: 8): (109, 2), (276, 1), (395, 1), (403, 3), (417, 1), (628, 1), (667, 1), (679, 1)
palac (DF: 1): (248, 1)
palast (DF: 1): (778, 1)
palav (DF: 1): (246, 1)
palazz (DF: 1): (63, 1)
pale (DF: 3): (149, 1), (950, 2), (963, 1)
paler (DF: 1): (91, 1)
palest (DF: 1): (559, 1)
palett (DF: 3): (469, 1), (825, 2)
palisad (DF: 1): (223, 1)
palisz (DF: 1): (661, 1)
palla (DF: 1): (443, 1)
palm (DF: 11): (68, 2), (200, 1), (216, 2), (278, 4), (285, 2), (325, 2), (328, 2), (438, 1), (643, 1), (846, 2), (846, 1)
palmer (DF: 1): (497, 1)
palom (DF: 3): (84, 4), (364, 2), (417, 1)
palpit (DF: 1): (875, 1)
palti (DF: 1): (149, 1)
pam (DF: 1): (446, 1)
pami (DF: 1): (250, 1)
pamper (DF: 1): (616, 1)
pan (DF: 5): (76, 1), (252, 1), (370, 1), (723, 1), (866, 2)
panama (DF: 4): (195, 31), (246, 1), (552, 1), (579, 1)
panamer (DF: 1): (524, 6)
pancak (DF: 5): (454, 3), (553, 2), (862, 1)
pand (DF: 1): (910, 1)
pangarap (DF: 1): (0, 7)
pani (DF: 1): (908, 1)
panic (DF: 5): (59, 1), (469, 2), (562, 1), (825, 3)
panni (DF: 1): (908, 1)
pansin (DF: 1): (0, 2)
pant (DF: 12): (51, 1), (74, 2), (124, 2), (535, 8), (669, 1), (675, 2), (698, 2), (925, 1), (951, 1)
pantalon (DF: 2): (399, 1), (851, 6)
panti (DF: 2): (321, 4), (789, 1)
paog (DF: 1): (149, 1)
pap (DF: 7): (143, 2), (349, 11), (364, 2), (444, 1), (476, 2), (577, 1), (681, 1)
papa (DF: 5): (30, 2), (90, 2), (102, 10), (165, 2), (183, 1)
papaout (DF: 1): (349, 25)
paparazzi (DF: 1): (102, 11)
paper (DF: 17): (248, 2), (356, 1), (435, 1), (441, 1), (490, 1), (510, 1), (535, 2), (558, 1), (586, 1), (642, 1), (668, 1), (702, 1), (731, 2), (800, 1), (809, 1), (927, 1)
papi (DF: 8): (227, 2), (347, 1), (399, 2), (419, 1), (444, 2), (552, 2), (724, 1)
papier (DF: 2): (175, 1), (908, 1)
papito (DF: 1): (672, 1)
papooz (DF: 1): (629, 1)
pappadeaux (DF: 1): (660, 1)
papparazzi (DF: 2): (123, 1), (558, 1)
paqu (DF: 1): (24, 1)
par (DF: 18): (10, 2), (173, 1), (345, 2), (353, 1), (412, 2), (444, 1), (477, 1), (480, 2), (648, 2), (667, 1), (676, 1), (711, 1), (897, 1), (905, 1), (910, 1), (995, 8), (996, 1)
para (DF: 3): (151, 1), (229, 2), (852, 1)
parachut (DF: 1): (183, 1)
parad (DF: 4): (443, 1), (462, 1), (499, 2), (518, 1)
paradis (DF: 8): (118, 1), (152, 2), (205, 1), (253, 1), (472, 2), (593, 1), (701, 12), (703, 2)
paradiso (DF: 1): (681, 1)
parahg (DF: 2): (32, 3)
parais (DF: 3): (28, 1), (648, 1), (934, 1)
parakeet (DF: 1): (558, 1)
paraliz (DF: 1): (725, 1)
paralyz (DF: 3): (288, 1), (559, 1), (780, 2)
paramount (DF: 1): (270, 1)
paratroop (DF: 1): (183, 1)
paraíso (DF: 1): (30, 1)
parbat (DF: 1): (149, 1)
parc (DF: 2): (412, 2), (598, 2)
parcer (DF: 1): (14, 1)
parch (DF: 2): (252, 1), (772, 2)
pardon (DF: 5): (148, 1), (452, 1), (471, 2), (510, 1), (676, 1)
parec (DF: 8): (12, 2), (86, 2), (444, 1), (648, 11), (725, 2), (728, 1), (910, 1)
parej (DF: 1): (403, 1)
parent (DF: 3): (101, 1), (588, 1), (612, 1)
parfoi (DF: 1): (30, 6)
parfois (DF: 1): (598, 1)
pari (DF: 3): (540, 1), (812, 1), (833, 1)
paris (DF: 1): (480, 1)
pariyon (DF: 1): (149, 1)
park (DF: 17): (1, 1), (2, 1), (74, 2), (148, 1), (153, 2), (192, 1), (237, 1), (246, 1), (622, 1), (669, 1), (669, 1), (693, 1), (702, 1), (771, 2), (789, 1), (904, 1), (978, 2)
parker (DF: 2): (701, 1), (708, 2)
