hala (DF: 1): (454, 1)
hale (DF: 1): (967, 2)
halen (DF: 3): (195, 1), (238, 2), (872, 2)
halestorm (DF: 2): (381, 1), (641, 1)
half (DF: 27): (1, 1), (3, 1), (7, 1), (40, 1), (56, 2), (70, 1), (80, 1), (88, 1), (92, 1), (98, 1), (144, 1), (157, 1), (222, 1), (235, 1), (267, 2), (337, 1), (384, 1), (619, 1), (771, 1), (796, 1), (804, 1), (823, 2), (860, 1), (862, 2), (922, 1), (956, 1)
halfway (DF: 1): (846, 1)
halifax (DF: 1): (80, 1)
hall (DF: 10): (80, 1), (211, 1), (270, 1), (353, 1), (510, 1), (552, 7), (629, 3), (647, 1), (804, 1), (932, 1)
hallazg (DF: 1): (353, 1)
hallelujah (DF: 3): (940, 2), (966, 6)
hallucin (DF: 1): (566, 1)
halo (DF: 1): (616, 1)
halsey (DF: 2): (474, 1), (604, 2)
halt (DF: 1): (484, 1)
ham (DF: 1): (72, 1)
hamac (DF: 1): (178, 1)
hamad (DF: 2): (151, 7)
hamburg (DF: 2): (151, 1), (493, 2)
hamilton (DF: 2): (52, 2), (953, 1)
hamkkehaessdeon (DF: 1): (32, 1)
hamkkeil (DF: 1): (32, 1)
hammer (DF: 4): (405, 1), (536, 1), (547, 1), (579, 2)
hampton (DF: 1): (774, 1)
han (DF: 3): (63, 1), (229, 2), (598, 1)
hananikka (DF: 1): (32, 1)
hand (DF: 160): (1, 1), (3, 2), (25, 2), (31, 1), (40, 2), (47, 6), (51, 1), (55, 2), (66, 1), (68, 2), (69, 1), (72, 1), (74, 2), (80, 8), (88, 3), (89, 100), (99, 19), (105, 2), (124, 4), (157, 1), (171, 2), (177, 2), (179, 1), (188, 1), (194, 2), (197, 1), (202, 1), (223, 2), (243, 1), (248, 1), (250, 7), (251, 1), (258, 4), (262, 2), (264, 1), (278, 10), (281, 1), (285, 1), (295, 1), (298, 1), (302, 1), (325, 2), (326, 1), (337, 1), (338, 1), (346, 1), (358, 1), (368, 1), (369, 1), (374, 3), (375, 1), (379, 6), (382, 1), (383, 1), (384, 3), (405, 1), (408, 1), (411, 1), (419, 3), (420, 3), (425, 1), (435, 1), (441, 1), (447, 4), (455, 1), (462, 1), (467, 4), (478, 1), (492, 1), (514, 12), (527, 1), (529, 1), (544, 4), (548, 3), (556, 1), (558, 9), (559, 1), (563, 1), (565, 4), (566, 6), (570, 10), (574, 1), (575, 2), (581, 1), (582, 2), (586, 2), (597, 1), (600, 2), (603, 8), (604, 12), (606, 1), (611, 6), (617, 1), (634, 1), (635, 24), (642, 1), (646, 1), (647, 1), (650, 1), (660, 1), (662, 4), (668, 6), (669, 2), (678, 1), (684, 1), (695, 1), (698, 2), (699, 5), (709, 1), (721, 3), (732, 1), (742, 1), (756, 1), (761, 2), (767, 2), (769, 1), (783, 1), (803, 1), (804, 2), (807, 2), (829, 1), (835, 3), (841, 1), (843, 3), (847, 2), (850, 1), (861, 6), (874, 1), (888, 1), (899, 1), (903, 2), (904, 1), (914, 1), (920, 1), (922, 1), (926, 8), (931, 1), (948, 8), (954, 2), (957, 1), (958, 2), (965, 6), (979, 8), (988, 1), (991, 1), (992, 6), (993, 2)
handcuf (DF: 1): (346, 1)
handcuff (DF: 2): (698, 4)
handgelenk (DF: 1): (778, 2)
handi (DF: 2): (449, 1), (753, 1)
handl (DF: 9): (188, 9), (248, 1), (535, 2), (579, 1), (616, 1), (672, 1), (751, 2), (758, 2)
handmad (DF: 2): (318, 1), (767, 4)
handsom (DF: 1): (668, 1)
handtuch (DF: 1): (681, 1)
handy (DF: 2): (246, 2), (493, 1)
haneur (DF: 1): (32, 1)
haneurui (DF: 1): (32, 1)
hang (DF: 27): (30, 2), (40, 1), (88, 1), (123, 1), (141, 1), (153, 16), (177, 1), (273, 4), (303, 8), (318, 3), (344, 2), (381, 3), (459, 2), (513, 1), (561, 2), (575, 1), (608, 2), (638, 1), (663, 4), (673, 1), (673, 1), (882, 1), (888, 1), (896, 1), (944, 1), (990, 1)
hanggang (DF: 1): (0, 1)
hangin (DF: 7): (0, 1), (202, 2), (365, 1), (536, 1), (720, 1), (966, 4)
hangov (DF: 1): (507, 1)
hangul (DF: 2): (32, 1), (713, 1)
hannah (DF: 1): (261, 2)
hannib (DF: 2): (486, 1), (689, 1)
hansen (DF: 1): (179, 1)
hansestadt (DF: 2): (493, 5)
hany (DF: 1): (483, 3)
hanybal (DF: 2): (483, 3)
happen (DF: 33): (54, 2), (58, 1), (101, 2), (121, 2), (128, 3), (171, 1), (172, 2), (190, 1), (200, 2), (209, 9), (226, 1), (233, 1), (243, 2), (300, 1), (308, 1), (373, 1), (374, 2), (406, 1), (469, 1), (474, 6), (561, 2), (591, 1), (606, 1), (719, 16), (722, 2), (770, 1), (782, 1), (823, 1), (825, 1), (935, 1), (935, 1), (939, 1), (975, 2)
happenin (DF: 2): (753, 1), (983, 1)
happi (DF: 46): (30, 1), (69, 1), (81, 2), (90, 2), (95, 24), (129, 1), (133, 1), (135, 1), (138, 1), (152, 1), (177, 1), (179, 1), (200, 1), (211, 1), (239, 1), (249, 4), (286, 2), (339, 1), (367, 1), (391, 4), (391, 12), (409, 2), (416, 1), (430, 3), (455, 1), (475, 1), (492, 1), (513, 1), (546, 1), (565, 2), (596, 6), (608, 2), (627, 6), (656, 5), (693, 1), (708, 1), (802, 1), (838, 4), (859, 1), (866, 1), (926, 1), (950, 1), (971, 1)
happili (DF: 1): (884, 1)
happn (DF: 1): (922, 1)
har (DF: 10): (14, 1), (229, 3), (417, 2), (468, 2), (679, 1), (791, 1), (813, 3), (858, 1), (889, 1)
harajuku (DF: 1): (643, 1)
harami (DF: 2): (151, 8)
haramis (DF: 1): (151, 1)
haras (DF: 1): (918, 1)
harass (DF: 2): (159, 1), (579, 1)
hard (DF: 172): (1, 2), (2, 2), (5, 1), (26, 3), (27, 1), (36, 3), (50, 2), (57, 2), (65, 1), (69, 1), (78, 2), (85, 1), (90, 2), (101, 2), (110, 1), (114, 2), (121, 1), (133, 2), (135, 2), (138, 1), (144, 3), (147, 2), (148, 1), (166, 1), (170, 1), (172, 4), (177, 1), (179, 1), (181, 1), (183, 1), (188, 10), (202, 1), (219, 1), (220, 1), (232, 2), (235, 2), (236, 2), (237, 2), (238, 2), (241, 2), (244, 1), (248, 1), (261, 3), (273, 4), (286, 1), (287, 4), (288, 2), (293, 3), (300, 1), (305, 1), (306, 1), (310, 2), (314, 2), (323, 2), (324, 2), (330, 1), (338, 2), (352, 1), (368, 2), (373, 1), (377, 2), (381, 2), (383, 2), (386, 4), (389, 1), (414, 1), (420, 2), (435, 1), (454, 2), (457, 1), (458, 2), (478, 2), (479, 3), (492, 1), (497, 2), (501, 2), (503, 4), (517, 2), (518, 1), (521, 1), (522, 2), (528, 1), (534, 2), (538, 1), (541, 1), (546, 2), (548, 1), (558, 1), (571, 1), (582, 4), (589, 1), (591, 7), (592, 1), (619, 1), (622, 2), (623, 2), (641, 2), (645, 2), (650, 2), (657, 1), (663, 1), (666, 2), (675, 4), (690, 1), (691, 1), (692, 2), (696, 1), (704, 2), (709, 3), (710, 1), (718, 1), (731, 1), (740, 1), (741, 6), (753, 1), (754, 2), (764, 2), (771, 2), (781, 1), (782, 1), (783, 2), (790, 3), (798, 2), (804, 1), (811, 1), (818, 1), (822, 3), (833, 8), (834, 2), (840, 2), (850, 2), (853, 6), (856, 4), (859, 5), (867, 2), (868, 1), (877, 2), (879, 2), (886, 2), (896, 3), (903, 2), (909, 8), (913, 1), (919, 1), (920, 2), (922, 2), (924, 1), (925, 1), (926, 1), (930, 1), (950, 1), (958, 2), (966, 1), (970, 3), (979, 2), (981, 5), (991, 2)
hardcor (DF: 5): (306, 1), (417, 1), (845, 1), (896, 1), (913, 1)
harder (DF: 19): (73, 1), (220, 1), (236, 1), (259, 1), (291, 2), (310, 4), (378, 1), (510, 2), (542, 2), (603, 2), (616, 1), (647, 2), (710, 2), (740, 1), (803, 1), (829, 1), (868, 4), (937, 2)
hardest (DF: 1): (856, 1)
hardson (DF: 1): (794, 1)
hardway (DF: 1): (911, 1)
hardwel (DF: 6): (294, 2), (550, 7), (572, 1), (652, 1), (697, 1), (777, 1)
hardwir (DF: 1): (50, 1)
hare (DF: 1): (487, 1)
harlem (DF: 1): (61, 4)
harley (DF: 1): (275, 1)
harm (DF: 6): (158, 1), (228, 1), (433, 6), (638, 1), (644, 8), (684, 1)
harmin (DF: 1): (74, 2)
harmon (DF: 1): (598, 1)
harmoni (DF: 3): (74, 2), (172, 1), (968, 1)
harmonica (DF: 1): (772, 2)
harmony (DF: 1): (178, 1)
harold (DF: 1): (316, 1)
harri (DF: 5): (79, 1), (196, 1), (271, 1), (424, 1), (942, 1)
harrod (DF: 1): (47, 1)
harsh (DF: 1): (683, 4)
hart (DF: 2): (484, 2)
harvard (DF: 1): (471, 1)
harvest (DF: 2): (435, 5)
harvey (DF: 2): (145, 1), (668, 1)
haschisch (DF: 1): (246, 1)
haschplatt (DF: 1): (246, 1)
hash (DF: 1): (510, 1)
hashish (DF: 1): (183, 1)
hashtag (DF: 2): (391, 4)
hast (DF: 1): (493, 1)
hat (DF: 15): (3, 1), (143, 1), (235, 1), (247, 2), (350, 1), (369, 1), (417, 5), (444, 1), (457, 1), (493, 1), (575, 1), (587, 1), (752, 1), (932, 1)
hatchet (DF: 1): (744, 1)
hate (DF: 55): (13, 1), (47, 3), (54, 2), (58, 1), (66, 2), (68, 1), (126, 1), (129, 1), (226, 2), (228, 8), (228, 10), (232, 1), (244, 6), (281, 1), (339, 3), (365, 1), (396, 2), (405, 1), (458, 1), (471, 2), (474, 4), (501, 4), (511, 3), (517, 1), (520, 2), (562, 3), (563, 1), (574, 1), (591, 1), (596, 6), (600, 1), (606, 1), (634, 1), (646, 1), (658, 1), (660, 1), (695, 1), (696, 2), (699, 1), (702, 2), (722, 1), (748, 1), (754, 1), (782, 1), (800, 1), (829, 2), (840, 1), (935, 2), (965, 6), (993, 1)
hater (DF: 12): (110, 1), (124, 1), (167, 9), (200, 1), (245, 1), (434, 7), (525, 1), (562, 15), (672, 1), (673, 1), (952, 4)
hathaway (DF: 1): (691, 1)
hatin (DF: 6): (70, 1), (138, 3), (441, 1), (774, 1), (913, 2)
hatr (DF: 3): (606, 1), (727, 1), (834, 1)
hatt (DF: 1): (493, 1)
hatter (DF: 1): (247, 2)
hau (DF: 2): (246, 5)
