alert (DF: 3): (81, 1), (178, 1), (283, 1)
alessia (DF: 1): (611, 1)
alesso (DF: 1): (385, 2)
alethei (DF: 1): (187, 1)
alex (DF: 4): (41, 1), (193, 1), (371, 1), (728, 3)
alexand (DF: 2): (328, 2), (673, 1)
alexandria (DF: 1): (522, 1)
alfa (DF: 1): (399, 2)
alfonzo (DF: 2): (553, 3)
algaret (DF: 1): (412, 2)
alger (DF: 1): (34, 1)
algui (DF: 6): (109, 2), (217, 2), (728, 1), (813, 1), (836, 1), (918, 1)
algun (DF: 8): (87, 1), (213, 7), (417, 1), (444, 1), (707, 1), (836, 1), (891, 2)
ali (DF: 6): (151, 1), (468, 2), (598, 1), (715, 1), (925, 1)
alia (DF: 1): (924, 1)
alibi (DF: 1): (416, 9)
alic (DF: 1): (101, 1)
alient (DF: 2): (355, 3)
alight (DF: 1): (390, 2)
align (DF: 3): (95, 1), (261, 1), (968, 2)
aliv (DF: 41): (1, 3), (25, 4), (72, 2), (73, 3), (142, 1), (148, 2), (196, 16), (206, 1), (241, 1), (248, 8), (248, 17), (351, 1), (363, 1), (373, 1), (383, 3), (421, 1), (432, 1), (446, 3), (452, 2), (496, 4), (538, 2), (543, 1), (546, 4), (554, 1), (561, 2), (757, 1), (777, 1), (802, 1), (815, 2), (834, 1), (834, 2), (849, 2), (892, 2), (903, 2), (925, 1), (955, 8), (979, 2), (999, 1)
aliz (DF: 1): (731, 1)
alizé (DF: 1): (324, 2)
alji (DF: 1): (32, 1)
alkil (DF: 1): (252, 4)
alkmaar (DF: 1): (175, 1)
all (DF: 5): (43, 6), (175, 1), (212, 2), (283, 1), (483, 1)
alla (DF: 3): (178, 1), (460, 1), (891, 1)
alladat (DF: 1): (183, 14)
allah (DF: 4): (369, 1), (536, 3), (808, 1)
allan (DF: 1): (275, 1)
allang (DF: 1): (43, 2)
alleen (DF: 2): (175, 2), (852, 2)
alleg (DF: 1): (40, 1)
alley (DF: 3): (248, 1), (664, 1), (966, 1)
alli (DF: 3): (28, 1), (390, 6), (918, 2)
allianc (DF: 1): (563, 1)
alll (DF: 1): (153, 8)
allll (DF: 1): (113, 4)
allman (DF: 1): (361, 2)
allmania (DF: 1): (483, 1)
allor (DF: 2): (187, 11)
allow (DF: 6): (40, 1), (74, 2), (133, 1), (422, 1), (608, 2), (650, 1)
allum (DF: 1): (598, 1)
allô (DF: 1): (676, 2)
alma (DF: 6): (28, 6), (312, 1), (355, 8), (512, 1), (776, 1)
almej (DF: 1): (417, 1)
almen (DF: 1): (438, 1)
almighti (DF: 1): (215, 1)
almoh (DF: 3): (87, 1), (269, 1), (890, 1)
almost (DF: 14): (48, 6), (59, 1), (93, 3), (138, 1), (144, 1), (157, 1), (313, 1), (334, 1), (415, 2), (425, 1), (629, 2), (706, 14), (877, 1), (959, 1)
almuerz (DF: 1): (353, 1)
alo (DF: 2): (335, 6)
aloc (DF: 4): (44, 4), (371, 6)
aloh (DF: 2): (836, 8)
alon (DF: 93): (7, 1), (11, 4), (49, 18), (77, 3), (97, 7), (112, 8), (116, 1), (130, 6), (135, 1), (150, 3), (153, 2), (160, 1), (162, 5), (166, 1), (207, 3), (211, 1), (220, 4), (226, 2), (228, 2), (233, 1), (233, 1), (243, 1), (245, 2), (257, 1), (263, 1), (266, 1), (278, 4), (286, 3), (297, 1), (314, 1), (346, 1), (351, 2), (362, 4), (370, 1), (372, 2), (373, 1), (374, 1), (390, 2), (402, 1), (404, 2), (409, 2), (423, 1), (457, 1), (474, 2), (475, 1), (517, 1), (520, 6), (522, 2), (532, 2), (534, 1), (550, 3), (592, 1), (611, 2), (638, 1), (644, 2), (663, 5), (704, 1), (708, 1), (709, 2), (710, 1), (712, 3), (716, 1), (720, 1), (734, 1), (736, 3), (740, 1), (743, 5), (753, 1), (758, 2), (760, 3), (795, 1), (822, 5), (823, 1), (830, 1), (836, 2), (845, 7), (848, 22), (859, 1), (864, 1), (867, 3), (870, 1), (882, 2), (914, 1), (920, 1), (925, 1), (939, 1), (943, 1), (946, 2), (947, 1), (988, 1)
along (DF: 33): (35, 2), (66, 1), (74, 2), (103, 1), (188, 3), (209, 4), (220, 1), (245, 2), (288, 1), (300, 1), (337, 1), (363, 1), (375, 3), (427, 1), (442, 1), (522, 2), (564, 2), (574, 1), (589, 1), (612, 1), (639, 1), (644, 2), (684, 1), (769, 1), (803, 1), (806, 1), (817, 1), (830, 1), (853, 1), (886, 4), (942, 1), (968, 2)
alor (DF: 2): (540, 1), (649, 1)
aloud (DF: 1): (56, 1)
alp (DF: 1): (659, 1)
alphabet (DF: 1): (337, 1)
alptraum (DF: 1): (151, 3)
alreadi (DF: 20): (146, 1), (154, 1), (320, 7), (330, 1), (499, 2), (501, 13), (545, 1), (586, 1), (611, 2), (616, 1), (646, 1), (788, 2), (789, 2), (915, 2), (925, 2), (935, 8), (941, 1), (948, 2), (967, 6)
alrededor (DF: 2): (252, 1), (679, 1)
alright (DF: 64): (14, 4), (67, 1), (74, 4), (75, 2), (83, 1), (97, 2), (123, 1), (165, 4), (167, 18), (172, 1), (200, 1), (248, 1), (262, 2), (273, 8), (291, 1), (298, 4), (299, 37), (301, 2), (338, 4), (363, 1), (367, 4), (372, 5), (376, 11), (423, 2), (452, 2), (455, 1), (463, 2), (469, 2), (492, 6), (507, 1), (511, 3), (543, 2), (546, 1), (578, 1), (590, 2), (613, 1), (619, 1), (688, 1), (708, 15), (714, 16), (748, 1), (777, 1), (785, 1), (798, 1), (816, 2), (825, 3), (831, 4), (849, 1), (882, 12), (888, 2), (893, 1), (896, 2), (903, 20), (912, 2), (942, 1), (944, 1), (983, 1)
alrighti (DF: 1): (337, 1)
also (DF: 5): (27, 1), (58, 1), (200, 1), (369, 1), (563, 2)
alsof (DF: 1): (43, 1)
alt (DF: 1): (229, 1)
altar (DF: 1): (725, 1)
altern (DF: 15): (81, 1), (126, 1), (131, 1), (196, 1), (243, 1), (332, 1), (435, 1), (540, 1), (546, 1), (576, 1), (693, 1), (722, 1), (833, 1), (846, 1), (939, 1)
although (DF: 9): (13, 1), (264, 2), (304, 1), (574, 1), (767, 6), (863, 1), (946, 2)
alto (DF: 2): (213, 1), (524, 1)
altra (DF: 4): (9, 1), (63, 1), (187, 4)
altro (DF: 2): (63, 1), (438, 1)
alucin (DF: 2): (53, 1), (476, 2)
alucinart (DF: 2): (86, 2)
alumbr (DF: 1): (885, 1)
aluminum (DF: 1): (405, 1)
alunageorg (DF: 1): (729, 1)
alway (DF: 144): (13, 1), (15, 1), (26, 3), (47, 1), (51, 1), (58, 2), (59, 1), (62, 11), (65, 7), (66, 1), (70, 1), (79, 2), (88, 2), (93, 7), (96, 1), (112, 2), (121, 1), (129, 1), (130, 2), (137, 1), (154, 1), (181, 3), (183, 2), (190, 5), (194, 1), (201, 1), (209, 1), (218, 1), (219, 4), (223, 1), (223, 2), (228, 2), (230, 1), (238, 1), (244, 1), (249, 25), (259, 1), (261, 1), (264, 1), (280, 2), (289, 1), (313, 1), (315, 1), (327, 1), (343, 1), (348, 1), (377, 1), (409, 2), (440, 9), (474, 4), (479, 51), (505, 4), (507, 1), (518, 4), (523, 1), (528, 2), (544, 2), (548, 2), (550, 3), (554, 2), (571, 1), (582, 4), (583, 1), (601, 1), (602, 1), (605, 1), (606, 2), (614, 1), (618, 4), (619, 2), (619, 2), (621, 1), (633, 1), (636, 1), (644, 6), (646, 1), (647, 1), (653, 1), (656, 3), (664, 8), (666, 1), (672, 1), (674, 1), (675, 8), (680, 2), (684, 1), (687, 1), (689, 2), (699, 3), (704, 6), (705, 1), (706, 2), (708, 1), (712, 1), (722, 3), (737, 6), (743, 1), (744, 3), (759, 2), (764, 10), (770, 2), (771, 2), (782, 1), (785, 2), (786, 11), (793, 8), (796, 2), (805, 1), (810, 6), (819, 2), (831, 1), (847, 2), (868, 1), (870, 1), (883, 3), (888, 23), (896, 1), (914, 1), (920, 4), (933, 2), (935, 14), (943, 1), (946, 2), (956, 1), (959, 3), (963, 5), (965, 6), (988, 1), (991, 2), (997, 5)
alzen (DF: 1): (353, 5)
am (DF: 2): (175, 6)
ama (DF: 3): (32, 1), (430, 1), (910, 6)
amaaz (DF: 1): (31, 1)
amag (DF: 1): (283, 1)
amam (DF: 1): (577, 1)
amand (DF: 1): (87, 1)
amanec (DF: 16): (12, 4), (14, 1), (84, 1), (143, 2), (217, 2), (299, 1), (328, 6), (345, 4), (355, 1), (412, 2), (481, 1), (679, 1), (724, 1), (791, 1), (982, 4), (995, 2)
amans (DF: 1): (577, 1)
amant (DF: 2): (53, 1), (417, 1)
amar (DF: 4): (312, 1), (397, 1), (762, 2), (918, 1)
amarg (DF: 1): (178, 1)
amaricon (DF: 1): (417, 1)
amarr (DF: 3): (328, 1), (366, 1), (489, 1)
amarradit (DF: 1): (12, 2)
amart (DF: 1): (724, 1)
amateur (DF: 2): (121, 1), (510, 1)
amaz (DF: 9): (27, 1), (40, 1), (47, 1), (142, 1), (471, 1), (488, 3), (581, 1), (635, 1), (869, 1)
amber (DF: 1): (290, 1)
ambiti (DF: 1): (598, 1)
ameer (DF: 1): (149, 1)
amen (DF: 3): (404, 12), (444, 1), (815, 2)
amend (DF: 2): (516, 1), (864, 1)
amer (DF: 1): (9, 1)
amerac (DF: 1): (815, 1)
americ (DF: 1): (580, 1)
america (DF: 7): (110, 1), (436, 16), (693, 4), (819, 1), (874, 9)
american (DF: 7): (72, 1), (140, 2), (215, 1), (346, 1), (449, 1), (834, 1), (975, 1)
americana (DF: 2): (66, 1), (808, 1)
amerit (DF: 1): (46, 1)
ames (DF: 1): (791, 1)
amf (DF: 3): (294, 1), (697, 1), (777, 1)
amg (DF: 2): (151, 1), (778, 2)
ami (DF: 5): (34, 1), (187, 1), (438, 1), (540, 1), (963, 2)
amic (DF: 1): (63, 1)
amid (DF: 1): (487, 1)
amig (DF: 20): (53, 1), (84, 1), (117, 9), (217, 4), (227, 2), (256, 3), (284, 14), (328, 1), (403, 5), (412, 2), (567, 12), (577, 1), (711, 7), (728, 1), (858, 1), (982, 6)
amigo (DF: 1): (483, 1)
amigos (DF: 1): (524, 1)
amintesc (DF: 1): (335, 6)
amir (DF: 1): (524, 1)
amiri (DF: 1): (812, 1)
amis (DF: 1): (63, 1)
ammo (DF: 1): (248, 1)
amnesia (DF: 2): (140, 2), (765, 2)
amo (DF: 8): (9, 1), (84, 1), (312, 1), (354, 3), (399, 1), (546, 1), (667, 1), (972, 3)
amoi (DF: 1): (250, 1)
amok (DF: 1): (478, 1)
among (DF: 3): (422, 2), (573, 1), (886, 1)
amongst (DF: 1): (559, 1)
amor (DF: 50): (28, 1), (60, 2), (87, 6), (127, 3), (143, 2), (178, 2), (194, 11), (217, 1), (252, 1), (256, 1), (278, 2), (328, 6), (333, 10), (353, 1), (354, 13), (355, 2), (358, 2), (395, 4), (403, 1), (417, 2), (466, 3), (476, 2), (477, 2), (481, 1), (489, 2), (512, 4), (577, 1), (580, 1), (594, 36), (628, 6), (632, 7), (651, 1), (679, 2), (724, 1), (728, 1), (776, 2), (791, 3), (813, 8), (852, 2), (875, 1), (885, 11), (890, 6), (934, 5), (972, 1)
amount (DF: 2): (446, 1), (930, 1)
amour (DF: 2): (30, 4), (785, 2)
ampli (DF: 1): (489, 1)
amplif (DF: 1): (15, 1)
amsterdam (DF: 1): (175, 1)
amus (DF: 1): (673, 1)
an (DF: 2): (982, 6)
ana (DF: 1): (246, 1)
analiz (DF: 1): (460, 3)
analizart (DF: 1): (460, 3)
analyz (DF: 1): (478, 1)
anastasia (DF: 1): (650, 1)
ancestor (DF: 1): (727, 1)
ancha (DF: 1): (342, 1)
anclar (DF: 1): (889, 1)
ancor (DF: 1): (63, 1)
ancora (DF: 1): (358, 1)
and (DF: 4): (354, 1), (468, 1), (711, 2), (715, 1)
anda (DF: 7): (345, 2), (364, 8), (366, 1), (552, 2), (567, 6), (577, 2)
andab (DF: 1): (217, 1)
andan (DF: 1): (117, 1)
andar (DF: 5): (86, 2), (149, 1), (178, 5), (180, 15), (628, 1)
andaras (DF: 1): (84, 1)
andas (DF: 2): (227, 4), (366, 2)
ande (DF: 1): (364, 2)
anderson (DF: 1): (457, 1)
