race (DF: 11): (13, 1), (88, 1), (261, 1), (289, 1), (443, 1), (618, 1), (766, 1), (810, 2), (904, 1), (222, 1), (223, 1)
racial (DF: 1): (311, 1)
racin (DF: 2): (340, 4), (349, 1)
racist (DF: 2): (13, 1), (646, 1)
rack (DF: 5): (213, 1), (350, 6), (675, 4), (924, 1), (952, 1)
racket (DF: 2): (587, 1), (749, 1)
rackin (DF: 1): (343, 1)
racol (DF: 1): (34, 1)
radio (DF: 45): (17, 1), (21, 1), (29, 1), (41, 1), (65, 1), (80, 1), (102, 1), (105, 1), (192, 1), (214, 1), (222, 1), (225, 6), (245, 1), (260, 1), (287, 2), (294, 1), (301, 2), (305, 1), (313, 2), (346, 1), (352, 1), (393, 1), (428, 1), (471, 1), (521, 1), (555, 1), (572, 2), (597, 1), (634, 1), (652, 1), (675, 1), (697, 1), (726, 3), (745, 1), (747, 1), (767, 2), (819, 5), (823, 1), (843, 1), (911, 1), (931, 1), (935, 6), (973, 1), (704, 1), (706, 2)
radiohead (DF: 1): (137, 1)
radium (DF: 1): (723, 1)
radric (DF: 1): (938, 1)
raekwon (DF: 1): (406, 1)
raemon (DF: 1): (72, 1)
raf (DF: 1): (525, 1)
raffa (DF: 1): (213, 1)
rafiki (DF: 1): (673, 1)
rag (DF: 3): (68, 1), (441, 1), (993, 1)
rage (DF: 10): (40, 1), (121, 1), (264, 1), (336, 1), (453, 1), (581, 1), (650, 1), (683, 1), (838, 1), (882, 2)
raggaeton (DF: 4): (438, 1), (640, 1), (746, 1), (762, 1)
raggi (DF: 1): (971, 1)
ragin (DF: 1): (408, 1)
ragtop (DF: 1): (306, 1)
rah (DF: 3): (673, 6), (696, 2), (737, 1)
raheem (DF: 1): (930, 1)
rahman (DF: 1): (430, 1)
raic (DF: 1): (353, 1)
raid (DF: 1): (338, 1)
rain (DF: 33): (25, 4), (31, 2), (124, 3), (164, 1), (181, 2), (197, 1), (220, 1), (253, 1), (263, 2), (264, 1), (296, 3), (308, 71), (340, 8), (360, 3), (392, 2), (396, 2), (454, 6), (504, 1), (535, 4), (562, 1), (571, 2), (686, 1), (713, 2), (758, 2), (782, 1), (829, 1), (857, 1), (937, 83), (939, 1), (967, 1), (499, 2), (500, 1), (501, 2)
rainbow (DF: 6): (220, 7), (771, 1), (835, 2), (850, 1), (902, 1), (930, 1)
raini (DF: 1): (174, 1)
rainin (DF: 1): (245, 1)
rainmak (DF: 1): (435, 1)
rainman (DF: 1): (81, 1)
rais (DF: 17): (13, 1), (80, 17), (108, 2), (149, 1), (275, 4), (334, 1), (471, 2), (482, 2), (488, 1), (550, 3), (553, 2), (560, 1), (643, 3), (664, 1), (737, 6), (787, 1), (981, 4)
raiser (DF: 2): (469, 1), (825, 2)
raisin (DF: 2): (220, 1), (815, 2)
raiz (DF: 1): (489, 1)
raj (DF: 1): (84, 1)
rakim (DF: 1): (581, 2)
ralli (DF: 1): (80, 1)
ralph (DF: 3): (2, 1), (237, 1), (622, 1)
ram (DF: 2): (446, 1), (666, 1)
ramach (DF: 1): (149, 1)
ramass (DF: 1): (540, 1)
rambl (DF: 1): (619, 1)
rambler (DF: 1): (783, 3)
rambo (DF: 1): (47, 1)
rambow (DF: 1): (135, 1)
ramen (DF: 1): (540, 1)
ramp (DF: 1): (195, 2)
ran (DF: 14): (26, 3), (321, 1), (427, 1), (483, 1), (525, 2), (544, 1), (551, 4), (673, 1), (682, 3), (737, 1), (841, 1), (862, 1), (898, 1), (983, 1)
rancho (DF: 1): (792, 1)
random (DF: 3): (363, 1), (442, 1), (589, 1)
randy (DF: 2): (354, 2), (412, 6)
ranem (DF: 1): (250, 2)
ranfl (DF: 1): (276, 1)
rang (DF: 8): (69, 3), (221, 1), (265, 2), (324, 1), (369, 1), (490, 1), (672, 1), (792, 2)
rank (DF: 3): (408, 1), (650, 1), (723, 4)
rankia (DF: 1): (44, 1)
rap (DF: 153): (13, 3), (26, 3), (27, 1), (40, 4), (51, 3), (53, 1), (55, 1), (61, 1), (63, 1), (68, 2), (70, 1), (72, 1), (74, 2), (79, 1), (80, 1), (81, 1), (87, 1), (92, 1), (104, 1), (109, 1), (110, 1), (121, 1), (143, 1), (149, 2), (151, 5), (153, 1), (159, 3), (163, 2), (168, 1), (172, 1), (178, 9), (179, 3), (181, 1), (182, 3), (183, 1), (187, 1), (197, 1), (198, 4), (200, 3), (202, 1), (204, 1), (213, 1), (217, 1), (220, 1), (221, 1), (222, 4), (229, 2), (235, 1), (246, 4), (248, 1), (250, 1), (253, 1), (262, 1), (270, 1), (275, 1), (276, 3), (278, 1), (282, 1), (283, 2), (284, 1), (285, 1), (303, 4), (306, 1), (307, 1), (317, 1), (322, 1), (324, 3), (331, 1), (332, 1), (337, 1), (339, 4), (347, 1), (349, 1), (350, 2), (353, 1), (357, 1), (365, 2), (366, 1), (369, 1), (388, 1), (397, 5), (400, 1), (405, 1), (407, 2), (409, 1), (417, 6), (434, 3), (437, 1), (440, 1), (441, 1), (444, 1), (446, 1), (452, 1), (455, 3), (465, 1), (471, 4), (477, 1), (480, 1), (483, 4), (484, 3), (486, 2), (488, 1), (490, 2), (493, 5), (524, 1), (525, 1), (528, 1), (540, 1), (548, 1), (558, 4), (562, 3), (563, 2), (564, 1), (574, 1), (579, 4), (581, 4), (586, 3), (595, 2), (598, 1), (606, 2), (609, 1), (624, 2), (631, 1), (637, 1), (642, 2), (643, 1), (646, 1), (658, 2), (660, 1), (661, 1), (667, 1), (672, 2), (675, 2), (676, 3), (681, 3), (684, 1), (689, 2), (691, 1), (693, 1), (696, 1), (698, 1), (702, 3), (711, 1), (737, 1), (740, 3), (751, 1), (753, 3), (759, 1), (775, 1), (778, 1), (782, 3), (794, 1), (800, 2)
