klipi (DF: 1): (908, 1)
klisz (DF: 1): (908, 1)
klm (DF: 1): (812, 1)
kluczyk (DF: 1): (661, 1)
kminki (DF: 1): (908, 1)
knack (DF: 1): (484, 1)
knall (DF: 1): (484, 1)
knallt (DF: 2): (437, 1), (681, 1)
knarr (DF: 1): (246, 1)
knast (DF: 4): (151, 1), (437, 1), (484, 1), (778, 1)
kne (DF: 1): (908, 1)
knee (DF: 30): (3, 1), (76, 1), (88, 1), (133, 3), (163, 2), (168, 1), (202, 1), (375, 1), (445, 1), (503, 32), (522, 1), (528, 8), (595, 1), (601, 1), (618, 2), (690, 8), (696, 3), (743, 1), (783, 1), (786, 1), (788, 4), (819, 1), (882, 1), (906, 3), (966, 6), (975, 1), (978, 2), (994, 1), (997, 1), (998, 1)
kneed (DF: 1): (952, 2)
kneel (DF: 3): (119, 2), (587, 2), (673, 1)
knew (DF: 53): (3, 1), (25, 2), (52, 5), (58, 3), (78, 3), (80, 1), (126, 2), (166, 1), (205, 1), (220, 1), (259, 1), (262, 2), (278, 2), (297, 1), (330, 3), (380, 1), (423, 1), (427, 3), (470, 3), (485, 1), (488, 1), (490, 1), (500, 1), (516, 3), (535, 2), (538, 1), (549, 4), (585, 2), (590, 1), (593, 1), (618, 1), (621, 1), (645, 1), (647, 1), (682, 1), (722, 4), (732, 1), (740, 1), (758, 1), (761, 2), (775, 2), (779, 1), (789, 1), (814, 2), (820, 2), (847, 2), (850, 1), (873, 1), (922, 1), (930, 1), (993, 1), (76, 1), (514, 2)
kni (DF: 1): (908, 1)
knievel (DF: 1): (200, 1)
knife (DF: 10): (40, 1), (81, 1), (183, 1), (192, 2), (362, 1), (404, 12), (407, 1), (501, 1), (546, 3), (820, 2)
knight (DF: 3): (179, 1), (337, 1), (646, 1)
knive (DF: 4): (26, 3), (72, 1), (161, 2), (339, 1)
kno (DF: 1): (247, 32)
knock (DF: 32): (5, 1), (92, 1), (181, 3), (221, 2), (222, 1), (235, 1), (248, 3), (337, 1), (350, 3), (402, 1), (416, 1), (501, 1), (616, 1), (634, 1), (638, 3), (646, 1), (647, 1), (692, 2), (720, 1), (742, 1), (789, 1), (802, 1), (834, 2), (837, 16), (931, 1), (947, 1), (951, 1), (952, 2), (974, 1), (981, 1), (984, 1), (994, 1)
knockerz (DF: 1): (525, 1)
knockin (DF: 1): (672, 1)
knockout (DF: 1): (283, 1)
knot (DF: 2): (731, 2), (964, 1)
know (DF: 254): (2, 5), (16, 1), (25, 2), (27, 1), (29, 6), (35, 1), (40, 1), (48, 8), (51, 11), (54, 4), (59, 5), (68, 6), (72, 6), (74, 8), (79, 2), (89, 20), (106, 10), (110, 4), (120, 9), (121, 3), (128, 5), (131, 2), (138, 6), (148, 3), (149, 1), (153, 4), (169, 3), (172, 3), (174, 3), (176, 15), (179, 4), (181, 3), (185, 1), (188, 1), (197, 7), (203, 1), (206, 2), (210, 3), (215, 4), (220, 2), (221, 1), (224, 12), (228, 1), (232, 1), (235, 2), (237, 1), (247, 4), (253, 1), (257, 3), (259, 1), (275, 1), (289, 1), (290, 9), (293, 5), (297, 6), (298, 3), (300, 2), (305, 4), (306, 1), (314, 1), (324, 4), (327, 2), (337, 5), (339, 1), (348, 3), (350, 1), (351, 2), (357, 6), (358, 1), (365, 4), (372, 1), (379, 3), (382, 1), (387, 3), (394, 1), (400, 2), (405, 1), (409, 62), (411, 1), (414, 7), (419, 4), (424, 6), (434, 2), (436, 8), (440, 3), (443, 2), (445, 1), (446, 3), (455, 2), (469, 1), (471, 2), (474, 2), (478, 4), (479, 6), (482, 2), (485, 1), (486, 1), (490, 1), (492, 7), (500, 1), (511, 2), (516, 2), (521, 2), (536, 1), (548, 2), (554, 5), (556, 17), (558, 4), (563, 3), (568, 8), (571, 1), (576, 4), (579, 1), (581, 1), (586, 4), (590, 1), (595, 1), (599, 1), (616, 9), (627, 15), (630, 4), (633, 1), (641, 6), (642, 1), (645, 1), (647, 5), (653, 2), (660, 2), (663, 1), (668, 1), (669, 3), (672, 7), (674, 2), (675, 2), (677, 1), (680, 2), (684, 6), (689, 2), (692, 1), (694, 5), (696, 4), (698, 12), (702, 2), (703, 3), (708, 4), (709, 1), (724, 1), (738, 1), (740, 7), (742, 8), (746, 2), (753, 4), (758, 1), (767, 4), (772, 5), (775, 14), (779, 1), (786, 4), (789, 5), (800, 2), (804, 2), (807, 22), (811, 5), (814, 15), (815, 1), (819, 1), (824, 1), (825, 5), (830, 3), (835, 1), (842, 5), (845, 1), (850, 2), (857, 1), (859, 1), (870, 1), (872, 1), (873, 5), (887, 1), (892, 2), (906, 1), (909, 2), (920, 2), (921, 3), (925, 6), (928, 2), (946, 8), (947, 3), (953, 54), (966, 1), (983, 3), (988, 2), (998, 4), (1, 1), (4, 1), (5, 3), (22, 2), (52, 3), (64, 14), (65, 2), (73, 1), (82, 1), (83, 3), (85, 4), (91, 5), (92, 3), (113, 3), (114, 7), (125, 2), (126, 1), (129, 2), (134, 7), (135, 2), (136, 1), (140, 2), (141, 1), (143, 2), (144, 1), (147, 3), (160, 1), (162, 1), (165, 4), (166, 2), (177, 1), (196, 7), (207, 1), (208, 6), (218, 8), (219, 1), (222, 2), (223, 1), (243, 1), (245, 1), (248, 1), (254, 3), (255, 4), (262, 1), (263, 2), (267, 10), (268, 12), (272, 2), (273, 12), (274, 2), (278, 6), (279, 8), (301, 4), (302, 9), (308, 3), (310, 3), (329, 12), (330, 3), (336, 5), (361, 1), (362, 5)
