shelf (DF: 3): (40, 1), (456, 1), (800, 1)
shell (DF: 8): (222, 1), (339, 1), (510, 1), (616, 1), (692, 2), (702, 1), (732, 1), (925, 1)
shellu (DF: 1): (250, 1)
shelter (DF: 1): (442, 1)
sher (DF: 1): (149, 4)
sherbet (DF: 1): (862, 1)
shey (DF: 1): (430, 5)
shh (DF: 4): (117, 1), (256, 1), (364, 2), (486, 1)
shhh (DF: 1): (859, 1)
shi (DF: 9): (166, 1), (257, 1), (305, 1), (430, 4), (487, 1), (618, 3), (627, 10), (772, 2), (984, 28)
shia (DF: 1): (417, 4)
shield (DF: 3): (40, 1), (475, 1), (673, 2)
shife (DF: 1): (595, 2)
shift (DF: 8): (16, 4), (253, 1), (533, 1), (668, 1), (673, 2), (756, 1), (698, 2), (699, 1)
shiksha (DF: 1): (149, 1)
shimmer (DF: 2): (161, 1), (771, 1)
shine (DF: 39): (20, 1), (27, 1), (35, 7), (69, 1), (77, 2), (108, 2), (116, 2), (134, 2), (183, 1), (203, 4), (206, 1), (210, 2), (285, 1), (298, 1), (299, 1), (322, 4), (338, 23), (389, 1), (411, 1), (414, 1), (488, 3), (513, 1), (544, 1), (549, 1), (585, 2), (586, 1), (608, 2), (621, 2), (672, 1), (739, 3), (772, 2), (774, 2), (803, 1), (815, 1), (829, 1), (835, 2), (841, 1), (968, 8), (208, 6)
shini (DF: 3): (195, 2), (247, 2), (404, 2)
ship (DF: 10): (13, 1), (262, 3), (462, 8), (528, 1), (678, 1), (774, 4), (780, 1), (819, 1), (864, 1), (922, 1)
shipless (DF: 1): (487, 1)
shipment (DF: 1): (946, 2)
shippin (DF: 1): (808, 1)
shirci (DF: 1): (908, 1)
shirt (DF: 13): (72, 1), (77, 2), (80, 8), (179, 2), (285, 1), (696, 1), (702, 1), (752, 1), (774, 4), (789, 1), (833, 1), (908, 1), (974, 3)
shit (DF: 102): (6, 1), (15, 1), (40, 2), (51, 2), (55, 1), (69, 1), (70, 1), (72, 2), (83, 6), (92, 3), (110, 2), (134, 1), (138, 2), (155, 3), (179, 3), (181, 5), (204, 1), (210, 1), (220, 2), (222, 13), (228, 4), (273, 8), (296, 9), (324, 2), (332, 1), (356, 2), (369, 9), (381, 1), (388, 3), (418, 4), (434, 1), (440, 3), (446, 2), (455, 1), (469, 18), (471, 2), (486, 8), (490, 1), (536, 3), (548, 5), (554, 1), (556, 2), (558, 2), (562, 2), (579, 2), (583, 1), (586, 1), (591, 1), (599, 1), (603, 2), (605, 1), (606, 1), (609, 10), (616, 3), (634, 1), (658, 5), (673, 1), (675, 2), (684, 6), (689, 6), (692, 2), (696, 1), (702, 1), (719, 76), (731, 2), (737, 1), (746, 1), (759, 3), (789, 1), (800, 1), (804, 6), (808, 9), (825, 24), (834, 1), (840, 1), (841, 3), (842, 6), (846, 6), (859, 1), (862, 1), (892, 2), (904, 1), (909, 7), (915, 3), (920, 2), (922, 1), (927, 1), (928, 3), (946, 10), (964, 1), (966, 2), (975, 2), (985, 2), (993, 1), (102, 1), (103, 1), (159, 1), (160, 1), (660, 1), (691, 2), (826, 3), (829, 1)
shite (DF: 1): (291, 1)
shitload (DF: 1): (110, 1)
shitti (DF: 1): (596, 3)
shiv (DF: 2): (40, 1), (737, 2)
shiver (DF: 5): (254, 1), (407, 1), (526, 1), (757, 1), (796, 2)
sho (DF: 10): (33, 4), (255, 1), (306, 1), (350, 1), (417, 5), (441, 1), (586, 1), (800, 2), (952, 1), (986, 1)
shock (DF: 4): (47, 1), (374, 1), (430, 1), (803, 1)
shocker (DF: 1): (731, 1)
shoe (DF: 32): (77, 2), (121, 1), (183, 1), (195, 4), (268, 3), (273, 4), (287, 2), (291, 1), (363, 1), (380, 1), (435, 1), (502, 2), (536, 1), (548, 1), (553, 2), (571, 1), (575, 2), (588, 2), (618, 3), (641, 1), (642, 1), (691, 1), (699, 1), (740, 1), (745, 2), (752, 1), (760, 1), (777, 1), (933, 3), (938, 1), (956, 1), (974, 3)
shoestr (DF: 1): (571, 1)
shomo (DF: 1): (430, 1)
shone (DF: 1): (535, 2)
shook (DF: 8): (302, 1), (441, 1), (528, 1), (606, 1), (629, 2), (737, 1), (749, 1), (800, 3)
shoop (DF: 1): (583, 1)
shoot (DF: 23): (20, 3), (27, 1), (72, 1), (153, 2), (159, 1), (181, 1), (183, 1), (220, 1), (222, 1), (223, 1), (332, 1), (445, 1), (510, 1), (529, 24), (536, 7), (617, 3), (702, 2), (737, 1), (818, 1), (823, 1), (842, 3), (899, 1), (966, 1)
shooter (DF: 4): (350, 1), (479, 3), (808, 1), (966, 9)
shootin (DF: 5): (51, 1), (55, 2), (441, 1), (753, 1), (922, 1)
shooz (DF: 2): (135, 1), (341, 1)
shop (DF: 9): (47, 2), (51, 1), (249, 1), (270, 1), (365, 1), (541, 1), (737, 1), (904, 7), (928, 1)
shopper (DF: 1): (841, 1)
shoppin (DF: 6): (179, 1), (352, 1), (440, 1), (536, 3), (928, 1), (993, 1)
shore (DF: 10): (3, 1), (295, 1), (306, 2), (352, 1), (541, 1), (585, 2), (600, 1), (774, 4), (931, 1), (933, 2)
short (DF: 10): (121, 1), (134, 1), (220, 1), (245, 1), (405, 1), (421, 1), (634, 1), (642, 1), (660, 1), (859, 1)
shortcut (DF: 1): (239, 1)
shorter (DF: 1): (306, 3)
shorti (DF: 1): (65, 1)
