magic (DF: 5): (926, 8), (959, 1), (964, 1), (984, 2), (985, 3)
magician (DF: 2): (422, 1), (975, 1)
magka (DF: 1): (871, 1)
magkasama (DF: 1): (871, 1)
magmah (DF: 1): (871, 1)
magnet (DF: 2): (581, 1), (767, 6)
magnif (DF: 1): (875, 1)
magnifi (DF: 2): (369, 1), (559, 2)
magnolia (DF: 2): (435, 1), (723, 1)
magot (DF: 1): (637, 1)
mahn (DF: 1): (44, 3)
mahogani (DF: 1): (774, 1)
mahon (DF: 2): (44, 3), (628, 1)
mai (DF: 8): (9, 2), (60, 1), (63, 1), (168, 1), (187, 1), (213, 4), (438, 1), (524, 6)
maia (DF: 1): (62, 1)
maid (DF: 2): (179, 1), (528, 1)
maiden (DF: 1): (3, 1)
mail (DF: 3): (101, 1), (535, 1), (805, 1)
main (DF: 9): (47, 1), (149, 2), (246, 1), (404, 2), (540, 1), (556, 1), (574, 1), (649, 3), (751, 2)
mainfram (DF: 1): (420, 1)
mainpark (DF: 1): (246, 3)
mainstream (DF: 3): (240, 1), (472, 1), (588, 1)
mais (DF: 1): (897, 2)
majburi (DF: 1): (149, 1)
majesti (DF: 1): (587, 1)
majk (DF: 1): (250, 1)
majku (DF: 1): (483, 1)
major (DF: 5): (81, 1), (290, 1), (640, 1), (772, 5), (993, 1)
mak (DF: 1): (53, 5)
makakaya (DF: 1): (871, 1)
makapaniwala (DF: 1): (871, 1)
makasama (DF: 1): (871, 1)
make (DF: 308): (2, 1), (5, 4), (7, 2), (11, 1), (13, 3), (20, 13), (25, 6), (30, 1), (31, 3), (38, 1), (40, 5), (45, 1), (47, 3), (51, 4), (58, 3), (62, 1), (67, 10), (69, 2), (70, 2), (72, 3), (78, 1), (80, 1), (88, 1), (119, 1), (121, 6), (128, 3), (130, 1), (132, 1), (134, 1), (138, 3), (152, 4), (153, 4), (156, 2), (163, 2), (169, 2), (177, 1), (181, 3), (182, 1), (196, 20), (197, 4), (202, 3), (204, 1), (211, 1), (212, 2), (215, 14), (220, 2), (222, 1), (223, 2), (226, 2), (245, 2), (247, 10), (255, 3), (257, 11), (268, 1), (273, 8), (277, 1), (279, 3), (289, 3), (296, 3), (299, 6), (306, 1), (310, 1), (313, 1), (322, 8), (324, 2), (327, 8), (330, 3), (334, 4), (337, 1), (340, 4), (343, 1), (350, 1), (352, 1), (357, 2), (369, 3), (375, 1), (377, 1), (380, 1), (382, 1), (383, 1), (388, 1), (394, 3), (402, 1), (405, 6), (414, 8), (418, 1), (425, 1), (431, 12), (440, 1), (443, 1), (449, 6), (461, 1), (470, 1), (471, 2), (475, 2), (479, 3), (482, 1), (485, 1), (486, 1), (495, 4), (501, 1), (511, 3), (527, 2), (529, 1), (535, 6), (547, 1), (548, 1), (551, 1), (554, 1), (559, 2), (563, 2), (565, 2), (576, 9), (579, 1), (581, 2), (586, 1), (591, 1), (597, 3), (605, 1), (618, 2), (620, 5), (625, 1), (638, 1), (642, 1), (647, 1), (657, 1), (660, 4), (662, 4), (669, 2), (672, 2), (673, 3), (675, 6), (680, 4), (684, 1), (686, 2), (689, 1), (694, 1), (696, 4), (698, 30), (702, 2), (706, 3), (708, 6), (712, 1), (719, 2), (721, 2), (736, 1), (740, 10), (742, 2), (746, 4), (753, 1), (754, 1), (758, 13), (761, 2), (767, 2), (775, 8), (782, 1), (786, 2), (800, 4), (802, 1), (804, 2), (805, 4), (809, 1), (815, 2), (820, 3), (826, 2), (829, 1), (831, 2), (834, 1), (838, 1), (841, 1), (842, 3), (846, 2), (850, 1), (870, 6), (883, 6), (895, 1), (906, 1), (909, 1), (914, 1), (920, 1), (921, 4), (925, 1), (930, 39), (939, 3), (946, 2), (948, 12), (952, 2), (959, 2), (964, 1), (965, 48), (966, 1), (971, 10), (975, 10), (981, 13), (986, 1), (991, 6), (997, 1), (999, 2), (48, 2), (52, 1), (55, 3), (56, 2), (64, 6), (65, 1), (81, 1), (82, 1), (93, 1), (94, 9), (100, 1), (101, 3), (103, 2), (104, 12), (106, 3), (116, 2), (118, 1), (122, 1), (123, 2), (124, 1), (126, 1), (160, 3), (162, 2), (190, 1), (193, 22), (200, 1), (207, 2), (209, 1), (214, 2), (234, 9), (235, 6), (248, 1), (259, 5), (261, 1), (262, 2), (264, 2), (266, 1), (286, 1), (287, 8), (298, 2), (301, 5), (303, 4), (304, 1), (305, 3), (358, 1), (361, 1), (362, 8), (391, 3), (408, 1), (409, 2), (410, 3), (451, 1), (454, 2), (455, 4), (457, 22), (459, 6), (513, 5), (514, 4), (517, 1), (518, 1), (536, 1), (537, 5), (538, 2), (541, 1), (542, 2), (549, 4), (550, 3), (556, 1), (558, 1), (562, 1), (573, 1), (574, 1), (596, 3), (612, 1), (613, 1), (622, 1), (623, 1), (643, 1), (644, 4), (645, 2), (646, 2), (663, 1), (666, 1), (678, 1), (709, 3), (710, 2), (729, 3), (730, 4), (731, 4), (774, 10), (801, 1), (818, 5), (863, 2), (864, 1), (868, 1), (884, 3), (928, 1), (929, 1), (942, 2), (944, 45), (978, 16), (979, 1), (993, 1), (994, 1), (113, 5), (114, 1), (236, 6), (237, 1), (243, 7), (244, 2)
