runnin (DF: 21): (148, 2), (155, 3), (188, 1), (195, 2), (237, 1), (329, 6), (440, 1), (459, 4), (469, 1), (504, 4), (556, 1), (622, 1), (752, 3), (816, 1), (825, 1), (857, 1), (877, 1), (920, 1), (971, 5), (289, 1), (291, 1)
runway (DF: 2): (70, 1), (533, 2)
rus (DF: 1): (724, 1)
rush (DF: 28): (13, 1), (85, 1), (136, 1), (147, 4), (207, 2), (265, 4), (270, 1), (275, 1), (286, 4), (298, 4), (367, 1), (394, 4), (426, 1), (445, 1), (462, 1), (554, 2), (692, 2), (714, 1), (739, 1), (761, 2), (779, 2), (820, 1), (835, 1), (901, 1), (910, 1), (922, 1), (305, 1), (306, 1)
russia (DF: 2): (469, 1), (825, 2)
russian (DF: 3): (225, 2), (528, 1), (681, 1)
rust (DF: 2): (377, 15), (646, 1)
rustl (DF: 1): (337, 1)
rut (DF: 1): (489, 2)
ruth (DF: 2): (352, 1), (541, 1)
ruthless (DF: 3): (510, 1), (534, 1), (541, 1)
rutin (DF: 1): (252, 2)
ruñ (DF: 1): (996, 1)
rwe (DF: 1): (246, 1)
rwena (DF: 1): (246, 2)
rxdical (DF: 1): (471, 7)
ry (DF: 2): (186, 1), (435, 1)
ryan (DF: 1): (944, 1)
rybodi (DF: 1): (802, 1)
ryth (DF: 1): (409, 2)
rzeczi (DF: 1): (908, 1)
rádio (DF: 1): (213, 1)
réclam (DF: 1): (540, 1)
récuper (DF: 1): (637, 1)
régim (DF: 1): (676, 1)
résin (DF: 1): (676, 1)
rêv (DF: 2): (540, 1), (676, 1)
ró (DF: 1): (250, 18)
røv (DF: 1): (229, 1)
s (DF: 12): (24, 6), (53, 1), (63, 3), (246, 4), (284, 4), (371, 2), (437, 1), (476, 1), (681, 2), (724, 1), (858, 1), (897, 1)
sa (DF: 10): (0, 7), (149, 1), (237, 1), (335, 2), (364, 4), (514, 40), (580, 1), (821, 1), (871, 7), (905, 2)
saad (DF: 1): (493, 3)
sab (DF: 47): (10, 1), (14, 2), (28, 1), (44, 1), (53, 1), (87, 1), (109, 2), (117, 1), (127, 3), (173, 1), (178, 1), (180, 1), (217, 7), (252, 2), (256, 2), (283, 1), (328, 18), (333, 4), (345, 2), (347, 5), (353, 1), (354, 2), (364, 2), (371, 1), (399, 1), (403, 3), (412, 2), (417, 1), (439, 4), (444, 1), (460, 1), (477, 5), (512, 1), (539, 4), (577, 8), (580, 2), (628, 2), (648, 2), (707, 4), (728, 2), (813, 2), (851, 1), (889, 1), (910, 1), (982, 6), (476, 3), (725, 3)
sabak (DF: 1): (149, 1)
saban (DF: 1): (476, 1)
sabbat (DF: 1): (200, 1)
sabe (DF: 4): (213, 1), (306, 1), (552, 4), (988, 1)
sabem (DF: 1): (213, 1)
sabi (DF: 1): (353, 1)
sabin (DF: 1): (217, 1)
sabor (DF: 2): (28, 1), (512, 2)
sabotag (DF: 1): (646, 1)
sabrina (DF: 1): (20, 1)
sac (DF: 12): (46, 1), (53, 1), (109, 2), (178, 1), (227, 1), (345, 2), (347, 1), (365, 1), (371, 2), (417, 1), (567, 6), (749, 1)
sacandot (DF: 1): (53, 1)
sacart (DF: 1): (24, 1)
sach (DF: 1): (484, 1)
sack (DF: 9): (16, 1), (202, 1), (210, 1), (222, 3), (303, 8), (337, 1), (579, 1), (634, 1), (842, 1)
sacr (DF: 2): (349, 3), (921, 1)
sacrific (DF: 4): (40, 1), (182, 1), (273, 4), (404, 2)
sacrifici (DF: 2): (725, 1), (813, 1)
sacudem (DF: 1): (476, 2)
sad (DF: 24): (35, 1), (49, 1), (55, 1), (72, 1), (90, 2), (133, 1), (143, 4), (233, 1), (240, 2), (285, 1), (388, 3), (404, 2), (425, 1), (474, 2), (546, 1), (579, 1), (659, 1), (762, 1), (846, 12), (892, 1), (913, 1), (932, 1), (952, 2), (967, 1)
sadder (DF: 2): (434, 7), (975, 1)
saddl (DF: 1): (738, 6)
sadness (DF: 1): (836, 1)
sadyang (DF: 1): (871, 1)
saegyeonoheun (DF: 1): (32, 1)
saeppalgan (DF: 1): (32, 1)
safari (DF: 1): (227, 5)
safe (DF: 21): (72, 1), (74, 2), (81, 1), (239, 3), (258, 2), (286, 3), (289, 3), (440, 4), (507, 1), (536, 1), (644, 8), (675, 2), (678, 1), (689, 1), (740, 1), (770, 7), (841, 1), (856, 3), (896, 1), (928, 3), (998, 3)
safeti (DF: 1): (244, 5)
safir (DF: 1): (373, 1)
saftig (DF: 1): (681, 2)
sag (DF: 5): (198, 1), (246, 1), (397, 2), (681, 1), (778, 1)
sage (DF: 1): (267, 2)
saggin (DF: 1): (859, 5)
sagst (DF: 1): (493, 1)
sagt (DF: 2): (681, 1), (880, 1)
sah (DF: 1): (246, 1)
sahbi (DF: 1): (246, 4)
sahbo (DF: 1): (246, 6)
sai (DF: 2): (63, 2), (524, 2)
said (DF: 63): (1, 1), (3, 1), (13, 1), (39, 2), (58, 4), (64, 4), (76, 1), (80, 1), (83, 1), (121, 1), (129, 1), (130, 1), (132, 1), (138, 2), (153, 2), (155, 3), (172, 6), (174, 1), (176, 36), (190, 4), (200, 1), (215, 2), (220, 8), (221, 1), (223, 1), (228, 1), (249, 4), (254, 2), (264, 1), (291, 1), (296, 3), (301, 2), (323, 2), (330, 5), (339, 1), (343, 3), (346, 2), (348, 1), (350, 2), (369, 1), (373, 1), (379, 5), (409, 6), (427, 1), (434, 1), (435, 1), (441, 1), (473, 2), (492, 1), (500, 1), (516, 3), (531, 1), (536, 2), (537, 1), (544, 1), (548, 1), (554, 4), (558, 1), (559, 1), (563, 1), (566, 2), (574, 1), (579, 1)
