evil (DF: 10): (241, 1), (294, 1), (324, 3), (407, 1), (529, 1), (641, 2), (642, 1), (746, 2), (857, 30), (922, 1)
evisu (DF: 1): (673, 1)
evit (DF: 3): (19, 3), (679, 2), (934, 1)
evo (DF: 1): (284, 4)
evolut (DF: 2): (671, 1), (991, 1)
evolution (DF: 1): (577, 1)
evolv (DF: 3): (40, 1), (521, 1), (811, 1)
evrgrn (DF: 1): (350, 1)
ewa (DF: 1): (430, 1)
ewo (DF: 1): (430, 1)
ex (DF: 5): (321, 1), (440, 1), (658, 1), (681, 2), (812, 1)
exact (DF: 10): (22, 2), (236, 1), (374, 1), (486, 1), (576, 1), (597, 1), (814, 4), (822, 3), (848, 4), (924, 1)
exagerada (DF: 1): (60, 2)
exagerado (DF: 1): (60, 2)
exagger (DF: 1): (124, 1)
exalt (DF: 1): (921, 1)
exampl (DF: 1): (699, 1)
excedrin (DF: 1): (510, 1)
exceed (DF: 1): (507, 1)
excel (DF: 1): (922, 1)
except (DF: 5): (118, 1), (369, 8), (571, 1), (708, 1), (723, 2)
excess (DF: 3): (236, 3), (646, 1), (691, 1)
excit (DF: 9): (46, 1), (117, 1), (537, 1), (590, 1), (620, 4), (680, 2), (762, 2), (883, 3), (886, 1)
excita (DF: 1): (552, 1)
exclus (DF: 3): (312, 1), (444, 1), (805, 1)
excus (DF: 8): (268, 1), (331, 1), (415, 2), (420, 4), (647, 1), (658, 1), (663, 2), (791, 1)
excédent (DF: 1): (540, 1)
exe (DF: 2): (710, 1), (722, 1)
exhal (DF: 2): (128, 1), (796, 1)
exhaust (DF: 2): (643, 1), (913, 2)
exhibit (DF: 1): (408, 1)
exi (DF: 1): (728, 1)
exid (DF: 1): (653, 1)
exist (DF: 14): (65, 1), (72, 2), (127, 3), (200, 1), (217, 1), (312, 1), (417, 1), (468, 3), (481, 1), (488, 1), (628, 1), (735, 2), (832, 1), (889, 1)
existenzminimum (DF: 1): (484, 1)
exit (DF: 8): (153, 2), (178, 1), (276, 1), (395, 1), (481, 1), (567, 1), (632, 1), (918, 1)
exito (DF: 1): (279, 1)
exorc (DF: 1): (46, 1)
exors (DF: 1): (468, 1)
exot (DF: 1): (110, 1)
expand (DF: 6): (25, 1), (82, 1), (172, 1), (305, 1), (810, 1), (948, 1)
expans (DF: 2): (469, 2), (825, 3)
expect (DF: 7): (144, 4), (167, 1), (521, 2), (549, 1), (555, 2), (559, 1), (983, 1)
expedit (DF: 1): (802, 1)
expens (DF: 7): (66, 1), (436, 2), (536, 3), (673, 2), (694, 1), (920, 1), (923, 1)
experi (DF: 2): (188, 1), (798, 1)
experient (DF: 3): (217, 1), (476, 2), (651, 13)
expert (DF: 1): (996, 1)
expir (DF: 1): (11, 1)
explain (DF: 12): (74, 6), (138, 1), (352, 11), (356, 2), (402, 1), (459, 4), (527, 1), (541, 11), (563, 1), (859, 1), (904, 1), (927, 1)
explan (DF: 1): (525, 1)
explic (DF: 3): (14, 1), (127, 3), (345, 4)
explicit (DF: 7): (197, 1), (339, 1), (343, 1), (369, 1), (699, 1), (740, 1), (904, 1)
expliqu (DF: 1): (540, 1)
explod (DF: 4): (485, 1), (514, 2), (689, 1), (753, 1)
explor (DF: 1): (215, 1)
explos (DF: 1): (684, 1)
explot (DF: 2): (283, 1), (477, 1)
expos (DF: 5): (186, 1), (535, 2), (578, 1), (597, 1), (775, 2)
extas (DF: 1): (649, 1)
extasis (DF: 1): (651, 1)
extend (DF: 6): (174, 1), (181, 1), (373, 1), (425, 1), (717, 1), (829, 3)
extinguish (DF: 1): (369, 1)
extra (DF: 5): (153, 4), (430, 4), (642, 2), (846, 1), (920, 1)
extraterrestr (DF: 1): (707, 3)
extrañ (DF: 5): (19, 1), (87, 1), (217, 1), (762, 1), (791, 1)
extrañam (DF: 1): (217, 3)
extrem (DF: 3): (305, 1), (810, 2), (941, 1)
ey (DF: 21): (14, 4), (61, 14), (109, 1), (175, 1), (256, 1), (283, 5), (284, 12), (299, 2), (345, 6), (347, 1), (397, 1), (444, 43), (477, 2), (567, 3), (681, 6), (707, 2), (711, 19), (778, 1), (812, 19), (910, 3), (982, 8)
eyan (DF: 1): (430, 4)
eye (DF: 116): (18, 1), (25, 1), (26, 6), (35, 1), (52, 1), (56, 4), (68, 1), (79, 2), (103, 1), (112, 1), (116, 2), (135, 1), (141, 2), (144, 2), (166, 2), (171, 4), (185, 1), (196, 16), (197, 1), (203, 1), (206, 1), (211, 1), (212, 2), (224, 3), (242, 1), (244, 2), (253, 10), (258, 1), (266, 1), (273, 3), (277, 1), (285, 1), (288, 1), (293, 1), (299, 4), (324, 6), (331, 1), (339, 1), (346, 1), (351, 1), (370, 1), (387, 1), (398, 1), (402, 2), (405, 1), (416, 1), (422, 1), (427, 19), (428, 1), (432, 1), (441, 1), (442, 1), (443, 1), (455, 2), (462, 1), (467, 4), (471, 1), (479, 5), (482, 6), (487, 1), (496, 4), (505, 1), (515, 12), (518, 2), (547, 1), (548, 1), (550, 3), (559, 1), (562, 3), (573, 1), (581, 1), (591, 1), (597, 2), (600, 2), (606, 1), (617, 1), (621, 3), (622, 1), (636, 2), (642, 1), (643, 1), (665, 2), (689, 1), (701, 1), (712, 1), (718, 1), (740, 1), (745, 1), (765, 2), (777, 1), (785, 2), (800, 2), (802, 1), (806, 1), (807, 3), (810, 4), (822, 2), (835, 1), (844, 2), (849, 1), (856, 1), (857, 1), (859, 2), (866, 4), (868, 1), (882, 1), (914, 3), (921, 1), (925, 1), (950, 6), (955, 1), (965, 6), (970, 1), (984, 1), (988, 1), (994, 1)
