going (DF: 1): (858, 1)
gol (DF: 1): (219, 24)
gold (DF: 40): (2, 1), (27, 1), (33, 4), (49, 1), (80, 1), (82, 1), (134, 2), (140, 8), (186, 2), (220, 4), (221, 4), (283, 3), (292, 2), (338, 1), (360, 1), (367, 2), (371, 1), (389, 2), (405, 7), (425, 1), (487, 1), (549, 1), (559, 1), (645, 2), (710, 2), (712, 1), (724, 2), (752, 1), (778, 2), (800, 1), (815, 1), (829, 1), (857, 1), (863, 1), (909, 1), (915, 1), (924, 1), (952, 1), (970, 1), (979, 1)
golden (DF: 10): (105, 2), (186, 1), (218, 1), (219, 22), (456, 15), (608, 2), (819, 1), (882, 1), (947, 2), (968, 1)
goldkett (DF: 1): (778, 2)
goldsboro (DF: 1): (80, 1)
goleador (DF: 1): (524, 1)
golf (DF: 1): (646, 1)
goliath (DF: 2): (469, 1), (825, 1)
golp (DF: 1): (858, 1)
gon (DF: 72): (17, 1), (26, 3), (27, 1), (40, 1), (51, 6), (55, 7), (68, 1), (69, 7), (124, 3), (130, 1), (148, 2), (153, 2), (181, 5), (183, 2), (191, 3), (200, 1), (222, 1), (248, 3), (264, 4), (268, 1), (273, 8), (297, 1), (306, 1), (332, 1), (339, 2), (350, 6), (388, 1), (405, 2), (409, 2), (416, 7), (436, 6), (479, 3), (507, 2), (525, 4), (528, 1), (530, 1), (536, 2), (537, 1), (558, 1), (562, 1), (570, 8), (579, 1), (586, 1), (603, 4), (627, 20), (631, 1), (643, 2), (658, 3), (663, 1), (696, 2), (704, 3), (731, 2), (746, 1), (751, 2), (772, 12), (775, 4), (789, 4), (800, 1), (802, 1), (804, 6), (808, 1), (824, 1), (841, 1), (842, 1), (893, 2), (904, 1), (913, 4), (922, 1), (944, 1), (952, 2), (962, 2), (966, 7)
gone (DF: 68): (16, 3), (40, 2), (64, 2), (65, 1), (69, 1), (140, 2), (142, 1), (148, 1), (157, 1), (164, 1), (189, 1), (200, 1), (202, 1), (218, 1), (224, 3), (228, 1), (231, 4), (243, 1), (267, 2), (282, 4), (298, 1), (299, 1), (302, 1), (310, 1), (317, 5), (339, 1), (343, 1), (351, 2), (359, 4), (374, 3), (418, 1), (434, 7), (462, 1), (482, 1), (488, 1), (504, 4), (514, 1), (546, 1), (571, 1), (595, 9), (605, 2), (616, 2), (618, 1), (619, 1), (621, 1), (639, 4), (641, 1), (644, 2), (664, 2), (666, 2), (677, 2), (717, 19), (740, 1), (788, 3), (801, 1), (817, 4), (831, 1), (835, 1), (845, 1), (864, 1), (868, 1), (896, 1), (898, 1), (904, 2), (909, 2), (931, 1), (981, 1), (993, 1)
gonna (DF: 184): (3, 1), (5, 1), (6, 1), (8, 8), (11, 5), (15, 2), (20, 14), (25, 6), (33, 2), (36, 1), (38, 1), (40, 8), (45, 6), (48, 24), (52, 2), (62, 11), (64, 12), (67, 6), (68, 1), (72, 2), (73, 1), (80, 1), (95, 3), (100, 1), (114, 1), (119, 2), (121, 3), (123, 2), (132, 1), (138, 3), (139, 3), (144, 2), (147, 1), (167, 45), (169, 2), (176, 3), (188, 1), (194, 3), (197, 1), (200, 5), (202, 1), (206, 1), (209, 2), (215, 1), (219, 3), (235, 1), (241, 3), (262, 2), (272, 1), (275, 1), (278, 2), (279, 6), (289, 3), (291, 1), (296, 6), (298, 2), (299, 8), (303, 4), (308, 32), (309, 2), (310, 3), (334, 1), (338, 4), (346, 1), (357, 2), (367, 4), (377, 1), (378, 13), (379, 1), (381, 1), (386, 6), (390, 8), (400, 3), (406, 1), (409, 2), (418, 2), (431, 12), (435, 1), (436, 2), (441, 1), (445, 1), (455, 1), (458, 1), (471, 1), (474, 2), (479, 12), (486, 1), (503, 8), (513, 1), (518, 2), (529, 7), (542, 2), (544, 3), (548, 1), (551, 1), (559, 4), (561, 2), (568, 2), (570, 4), (574, 1), (589, 14), (590, 1), (591, 1), (599, 1), (604, 8), (606, 1), (612, 1), (614, 5), (625, 1), (630, 50), (634, 3), (645, 20), (657, 2), (663, 5), (664, 6), (669, 3), (686, 1), (690, 2), (691, 2), (692, 2), (694, 15), (708, 1), (713, 2), (719, 30), (731, 2), (732, 1), (734, 2), (736, 1), (738, 1), (742, 1), (752, 1), (763, 6), (765, 3), (771, 2), (772, 4), (783, 9), (784, 2), (785, 1), (786, 3), (789, 1), (798, 1), (810, 2), (815, 3), (818, 4), (831, 2), (837, 28), (849, 6), (857, 1), (860, 1), (868, 1), (870, 1), (873, 1), (876, 4), (882, 2), (884, 1), (888, 2), (895, 1), (896, 1), (904, 1), (912, 2), (914, 1), (920, 1), (922, 2), (923, 4), (924, 2), (925, 3), (926, 1), (929, 6), (935, 6), (941, 13), (944, 7), (946, 4), (948, 4), (950, 3), (951, 1), (960, 8), (963, 1), (966, 1), (969, 4), (971, 9), (981, 1), (984, 2), (997, 2), (998, 1)
gonnab (DF: 1): (946, 4)
gonnnnnnn (DF: 1): (595, 2)
good (DF: 162): (7, 1), (15, 2), (17, 3), (22, 1), (25, 2), (27, 2), (32, 2), (33, 6), (38, 5), (43, 1), (57, 2), (58, 4), (83, 3), (93, 3), (102, 1), (110, 1), (113, 1), (121, 1), (124, 1), (126, 2), (134, 1), (138, 3), (145, 1), (150, 2), (153, 4), (167, 30), (170, 1), (174, 9), (188, 5), (191, 4), (200, 2), (207, 1), (209, 1), (214, 12), (221, 3), (224, 3), (228, 1), (233, 1), (243, 1), (247, 2), (248, 1), (249, 4), (257, 6), (259, 4), (262, 2), (267, 8), (270, 2), (273, 66), (275, 1), (286, 3), (299, 2), (301, 6), (302, 1), (306, 1), (324, 1), (329, 12), (330, 3), (334, 1), (339, 1), (356, 2), (359, 2), (361, 4), (362, 13), (364, 1), (372, 3), (373, 1), (374, 2), (394, 1), (396, 4), (404, 14), (406, 18), (422, 1), (428, 3), (435, 1), (441, 2), (452, 5), (457, 6), (472, 17), (474, 4), (488, 1), (492, 1), (497, 4), (504, 4), (514, 1), (516, 1), (530, 1), (531, 6), (537, 1), (542, 3), (543, 1), (547, 1), (549, 5), (553, 2), (558, 1), (565, 4), (574, 3), (576, 1), (579, 1), (586, 1), (589, 1), (597, 1), (603, 39), (606, 1), (616, 1), (617, 4), (624, 1), (625, 1), (634, 1), (641, 1), (645, 1), (646, 8), (647, 2), (653, 2), (668, 1), (669, 1), (674, 12), (691, 1), (730, 9), (732, 1), (737, 12), (746, 1), (753, 1), (761, 3), (775, 8), (783, 1), (786, 12), (790, 2), (800, 1), (801, 1), (809, 1), (810, 2), (811, 1), (812, 1), (822, 6), (840, 1), (852, 2), (853, 1), (857, 1), (859, 3), (884, 6), (888, 28), (892, 1), (910, 1), (912, 4), (913, 1), (922, 2), (924, 1), (926, 3), (927, 1), (929, 3), (939, 1), (944, 1), (946, 23), (947, 3), (949, 1), (956, 1), (971, 7), (973, 3), (975, 1), (978, 3), (986, 1), (994, 1)
goodby (DF: 19): (39, 1), (54, 2), (58, 10), (103, 2), (135, 1), (148, 1), (302, 1), (373, 1), (396, 2), (462, 5), (474, 2), (478, 2), (508, 3), (612, 1), (701, 1), (788, 2), (866, 10), (941, 1), (967, 2)
goodi (DF: 3): (641, 1), (737, 1), (811, 1)
goodie1 (DF: 1): (737, 1)
goodnight (DF: 3): (866, 2), (888, 2), (967, 5)
goodyear (DF: 1): (975, 2)
goon (DF: 2): (737, 1), (909, 1)
goosebump (DF: 1): (941, 1)
goowi (DF: 1): (16, 1)
gord (DF: 1): (858, 1)
gorgeous (DF: 2): (393, 1), (819, 1)
goril (DF: 1): (354, 1)
gorilla (DF: 2): (673, 2), (782, 1)
gorillaz (DF: 1): (603, 1)
gosh (DF: 1): (3, 1)
gospel (DF: 1): (635, 1)
goss (DF: 1): (484, 2)
gossip (DF: 2): (915, 1), (988, 1)
gostan (DF: 1): (976, 1)
gostava (DF: 1): (60, 2)
got (DF: 392): (3, 2), (5, 1), (11, 1), (13, 3), (15, 2), (16, 11), (25, 14), (26, 24), (27, 6), (31, 4), (33, 2), (35, 1), (36, 1), (39, 1), (40, 3), (47, 2), (49, 1), (51, 6), (52, 2), (55, 6), (59, 1), (64, 8), (66, 3), (68, 1), (69, 9), (70, 3), (72, 9), (76, 1), (80, 3), (82, 1), (91, 6), (92, 9), (93, 6), (95, 2), (96, 2), (97, 2), (99, 19), (102, 1), (103, 10), (104, 3), (106, 6), (110, 2), (112, 8), (113, 4), (119, 1), (121, 1), (123, 1), (124, 3), (128, 3), (131, 5), (132, 2), (135, 1), (138, 1), (141, 2), (144, 3), (148, 2), (150, 1), (153, 12), (154, 6), (155, 12), (156, 3), (159, 2), (168, 5), (170, 3), (171, 1), (179, 1), (181, 2), (182, 1), (183, 2), (185, 2), (188, 10), (191, 1), (194, 2), (195, 6), (197, 1), (200, 3), (202, 1), (204, 2), (205, 1), (210, 3), (215, 14), (220, 2), (222, 1), (223, 1), (226, 12), (228, 3), (232, 4), (235, 7), (238, 30), (240, 1), (242, 4), (243, 3), (244, 2), (245, 1), (248, 9), (254, 3), (255, 14), (259, 1), (261, 14), (262, 2), (264, 16), (266, 1), (267, 4), (268, 11), (270, 2), (271, 4), (273, 4), (275, 1), (278, 4), (279, 5), (282, 18), (285, 1), (288, 1), (289, 1), (290, 3), (291, 1), (292, 7), (295, 1), (296, 6), (298, 2), (303, 8), (305, 2), (306, 3), (309, 1), (321, 6), (322, 4), (324, 3), (329, 18), (330, 20), (331, 2), (332, 2), (336, 3), (337, 1), (338, 7), (339, 7), (340, 4), (341, 1), (346, 1), (348, 1), (350, 9), (357, 15), (360, 2), (365, 4), (369, 10), (372, 3), (374, 9), (376, 4), (377, 3), (379, 2), (383, 7), (386, 2), (388, 6), (390, 1), (391, 4), (392, 3), (394, 1), (396, 4), (401, 22), (404, 4), (405, 15), (407, 6), (409, 8), (414, 1), (415, 11), (418, 4), (419, 1), (420, 3), (426, 1), (434, 37), (436, 12), (440, 3), (441, 4), (446, 1), (449, 2), (453, 1), (454, 2), (455, 3), (457, 1), (469, 7), (471, 6), (472, 1), (473, 13), (474, 2), (479, 27), (485, 1), (488, 3), (490, 1), (492, 12), (494, 2), (495, 2), (503, 20), (504, 1), (507, 1), (525, 2), (528, 1), (529, 4), (530, 3), (535, 22), (536, 4), (538, 3), (542, 2), (543, 13), (546, 5), (547, 3), (548, 1), (549, 1), (550, 3), (551, 4), (554, 2), (555, 2), (558, 5), (559, 3), (561, 2), (562, 1), (563, 2), (565, 6), (566, 1), (567, 3), (568, 1), (571, 2), (573, 1), (574, 2), (579, 34), (581, 2), (587, 4), (588, 7), (589, 1), (590, 3), (591, 3), (593, 1), (595, 2), (603, 2), (604, 16), (609, 4), (611, 2), (612, 3), (614, 4), (616, 4), (617, 4), (618, 30), (619, 2), (627, 15), (630, 36), (634, 6), (639, 3), (642, 5), (643, 7), (644, 2), (646, 1), (647, 4), (655, 11), (656, 2), (658, 6), (660, 6), (661, 6), (672, 1), (673, 5), (674, 5), (675, 16), (680, 4), (682, 1), (684, 2), (689, 1), (690, 5), (691, 1), (692, 4), (693, 2), (696, 12), (698, 8), (699, 2), (702, 2), (704, 1), (708, 3), (710, 2), (711, 1), (714, 5), (717, 6), (718, 2), (720, 1), (722, 1), (731, 3), (732, 19), (733, 6), (736, 1), (737, 7), (739, 14), (740, 1), (742, 7), (746, 1), (751, 26), (753, 5), (755, 27), (757, 1), (759, 9), (766, 1), (772, 2), (773, 9), (774, 2), (775, 4), (779, 7), (781, 1), (782, 1), (784, 1), (786, 6), (788, 1), (789, 4), (792, 2), (794, 1), (798, 18), (799, 3), (800, 6), (801, 1), (802, 1), (803, 2), (804, 12), (805, 1), (808, 2), (810, 2), (811, 1), (816, 4), (817, 3), (819, 1), (820, 3), (821, 2), (822, 2), (823, 1), (824, 1), (825, 10), (829, 5), (830, 2), (837, 8), (841, 3), (842, 1), (845, 1), (846, 9), (847, 8), (855, 1), (857, 5), (859, 6), (862, 4), (864, 1), (868, 2), (870, 1), (873, 4), (874, 1), (876, 2), (877, 1), (882, 1), (883, 6), (892, 2), (899, 1), (904, 8), (905, 6), (906, 3), (913, 3), (915, 5), (916, 6), (919, 11), (920, 3), (922, 2), (923, 14), (925, 2), (926, 4), (928, 3), (929, 1), (930, 2), (933, 9), (936, 1), (944, 3), (946, 6), (948, 18), (952, 4), (959, 1), (962, 1), (964, 1), (965, 12), (966, 4), (967, 3), (968, 5), (970, 4), (971, 1), (973, 5), (974, 22), (975, 3), (978, 2), (980, 1), (981, 2), (983, 1), (986, 2), (988, 1), (993, 7), (999, 2)
gote (DF: 1): (480, 1)
gothic (DF: 4): (281, 1), (311, 1), (683, 1), (951, 1)
gothik (DF: 4): (281, 1), (311, 1), (683, 1), (951, 1)
gott (DF: 1): (484, 1)
gotta (DF: 124): (13, 7), (20, 1), (25, 6), (29, 2), (33, 2), (39, 1), (40, 2), (45, 15), (47, 1), (55, 2), (57, 6), (64, 2), (66, 3), (70, 1), (81, 1), (113, 1), (122, 3), (130, 1), (148, 3), (169, 12), (179, 3), (181, 1), (190, 2), (197, 4), (200, 4), (202, 5), (215, 1), (228, 1), (230, 6), (235, 1), (245, 1), (265, 4), (268, 7), (273, 4), (279, 6), (282, 2), (286, 1), (289, 1), (297, 1), (318, 2), (319, 4), (324, 1), (334, 7), (340, 8), (357, 2), (365, 1), (372, 1), (374, 1), (387, 3), (400, 1), (418, 3), (424, 6), (426, 2), (435, 1), (436, 2), (440, 4), (446, 1), (455, 2), (459, 4), (479, 6), (485, 1), (486, 1), (499, 2), (510, 2), (514, 2), (517, 2), (535, 2), (536, 1), (545, 3), (547, 1), (548, 2), (558, 1), (559, 2), (570, 3), (574, 1), (579, 1), (583, 1), (584, 4), (591, 1), (618, 2), (642, 1), (647, 1), (653, 1), (658, 1), (660, 1), (663, 1), (669, 1), (672, 1), (687, 1), (691, 1), (692, 2), (696, 4), (702, 2), (714, 2), (720, 1), (738, 1), (742, 2), (751, 4), (753, 1), (772, 6), (775, 6), (782, 4), (784, 44), (792, 2), (800, 1), (803, 1), (833, 1), (859, 1), (870, 1), (895, 2), (909, 3), (915, 2), (916, 13), (919, 1), (925, 1), (935, 16), (946, 6), (950, 1), (956, 1), (959, 1), (968, 1), (983, 1), (987, 5), (994, 1)
gotten (DF: 1): (548, 3)
gotti (DF: 1): (181, 2)
goud (DF: 1): (175, 1)
gould (DF: 5): (174, 1), (196, 1), (205, 1), (511, 1), (593, 1)
goum (DF: 1): (540, 1)
govern (DF: 6): (27, 1), (290, 1), (619, 3), (699, 1), (874, 3), (952, 2)
goyard (DF: 1): (268, 4)
goz (DF: 5): (24, 1), (252, 1), (328, 1), (364, 2), (707, 1)
gps (DF: 1): (812, 1)
grab (DF: 22): (72, 1), (208, 1), (255, 1), (283, 1), (337, 1), (346, 1), (417, 1), (493, 1), (542, 2), (581, 2), (618, 1), (642, 1), (675, 2), (681, 1), (684, 1), (735, 2), (755, 1), (767, 4), (924, 1), (932, 1), (948, 2), (978, 2)
grabbin (DF: 3): (110, 1), (159, 1), (993, 1)
grabredn (DF: 1): (493, 1)
grace (DF: 11): (142, 1), (381, 1), (451, 1), (471, 1), (482, 1), (488, 3), (518, 1), (534, 2), (563, 1), (745, 1), (899, 1)
graci (DF: 5): (353, 2), (468, 2), (481, 4), (813, 8), (910, 3)
gracia (DF: 1): (552, 1)
gracious (DF: 3): (153, 2), (174, 8), (783, 1)
grad (DF: 3): (246, 1), (681, 1), (778, 2)
grade (DF: 2): (647, 2), (932, 1)
gradual (DF: 1): (581, 1)
graduat (DF: 3): (26, 3), (647, 1), (975, 1)
grafton (DF: 1): (379, 1)
grail (DF: 2): (205, 1), (593, 1)
grain (DF: 4): (407, 1), (530, 1), (602, 1), (802, 1)
gram (DF: 5): (53, 1), (347, 1), (740, 1), (862, 1), (966, 1)
gramatik (DF: 1): (99, 1)
gramm (DF: 1): (246, 1)
grammar (DF: 2): (221, 1), (405, 1)
grammi (DF: 2): (606, 1), (673, 1)
grammy (DF: 1): (667, 5)
gran (DF: 2): (345, 2), (417, 1)
grand (DF: 19): (3, 1), (55, 1), (95, 1), (183, 1), (197, 2), (215, 1), (216, 1), (273, 2), (276, 3), (357, 1), (399, 1), (535, 2), (580, 1), (581, 1), (637, 1), (802, 1), (897, 1), (918, 1), (952, 1)
grandchild (DF: 1): (975, 1)
granddad (DF: 1): (488, 1)
grandios (DF: 1): (510, 1)
grandma (DF: 3): (101, 2), (436, 6), (689, 1)
grandmama (DF: 3): (72, 1), (405, 1), (759, 2)
grandpa (DF: 2): (548, 1), (841, 1)
grandson (DF: 2): (416, 1), (757, 1)
grandtheft (DF: 1): (799, 1)
grang (DF: 1): (792, 3)
grant (DF: 3): (266, 1), (508, 1), (956, 1)
grap (DF: 1): (812, 1)
grapevin (DF: 2): (78, 11), (470, 11)
grappig (DF: 1): (175, 1)
gras (DF: 3): (248, 1), (778, 1), (803, 1)
grass (DF: 5): (126, 1), (295, 2), (505, 1), (568, 1), (575, 2)
grate (DF: 1): (142, 9)
grav (DF: 4): (283, 1), (460, 1), (577, 2), (858, 1)
grave (DF: 13): (11, 2), (129, 1), (154, 1), (183, 1), (286, 2), (368, 6), (528, 1), (544, 1), (804, 1), (864, 1), (896, 3), (909, 1), (966, 1)
gravel (DF: 1): (548, 1)
graveyard (DF: 2): (159, 1), (520, 14)
