nigga (DF: 22): (980, 3), (993, 10), (69, 1), (70, 5), (179, 5), (181, 1), (182, 1), (183, 3), (200, 1), (202, 1), (221, 4), (222, 6), (440, 2), (441, 1), (469, 1), (471, 1), (556, 2), (558, 1), (692, 8), (693, 1), (774, 1), (775, 5)
niggaz (DF: 1): (909, 1)
night (DF: 210): (2, 1), (8, 8), (11, 2), (15, 1), (20, 3), (32, 2), (39, 1), (49, 2), (56, 1), (67, 2), (75, 2), (81, 1), (88, 1), (97, 2), (100, 3), (110, 4), (113, 6), (126, 2), (128, 3), (131, 3), (134, 2), (139, 3), (157, 2), (166, 5), (174, 5), (182, 3), (189, 2), (202, 1), (205, 1), (208, 2), (211, 1), (218, 4), (223, 1), (228, 2), (232, 1), (255, 1), (257, 3), (264, 1), (273, 4), (286, 3), (291, 1), (298, 10), (306, 7), (308, 1), (327, 3), (334, 1), (340, 4), (343, 1), (357, 11), (379, 2), (386, 3), (396, 2), (401, 1), (406, 1), (411, 1), (418, 2), (420, 1), (427, 1), (432, 3), (448, 4), (449, 2), (452, 2), (462, 12), (472, 8), (474, 2), (479, 3), (484, 1), (485, 1), (488, 1), (496, 1), (535, 2), (537, 2), (543, 1), (551, 1), (561, 6), (564, 2), (566, 1), (570, 2), (575, 2), (582, 2), (585, 8), (591, 1), (611, 2), (613, 1), (617, 7), (618, 2), (622, 1), (627, 5), (633, 1), (636, 1), (638, 1), (641, 1), (644, 2), (660, 2), (671, 1), (673, 4), (678, 2), (682, 1), (684, 2), (689, 1), (694, 1), (698, 2), (718, 1), (730, 4), (733, 5), (740, 1), (746, 1), (748, 18), (753, 1), (760, 1), (764, 4), (767, 6), (785, 1), (792, 2), (804, 4), (810, 2), (843, 1), (846, 14), (856, 2), (858, 1), (859, 5), (860, 2), (870, 2), (872, 11), (882, 1), (892, 3), (896, 2), (899, 1), (903, 6), (905, 1), (922, 1), (925, 3), (931, 13), (933, 2), (943, 2), (959, 1), (965, 42), (974, 2), (978, 2), (987, 1), (993, 1), (997, 1), (31, 1), (74, 6), (82, 1), (83, 1), (105, 2), (107, 8), (120, 1), (121, 1), (130, 1), (185, 3), (186, 3), (190, 1), (226, 17), (237, 1), (238, 5), (258, 3), (271, 32), (292, 6), (293, 4), (301, 10), (302, 1), (305, 1), (393, 2), (394, 1), (421, 2), (422, 1), (457, 2), (459, 6), (478, 2), (500, 1), (501, 1), (546, 3), (547, 1), (553, 3), (554, 1), (588, 1), (589, 4), (592, 1), (593, 1), (721, 2), (722, 1), (729, 5), (742, 3), (744, 2), (756, 1), (758, 20), (786, 4), (787, 1), (799, 2), (800, 1), (803, 1), (845, 1), (866, 2), (867, 5), (913, 2), (914, 3), (947, 2), (948, 2), (967, 2), (968, 1), (971, 1), (973, 2), (595, 1), (596, 3), (597, 1), (818, 2), (819, 1), (820, 1)
nightcrawlin (DF: 2): (469, 2), (825, 3)
nightmar (DF: 7): (139, 3), (183, 1), (192, 2), (322, 1), (343, 1), (641, 4), (668, 1)
nightshad (DF: 1): (636, 1)
nightz (DF: 1): (369, 1)
nik (DF: 4): (401, 1), (484, 1), (508, 1), (778, 1)
nike (DF: 4): (155, 3), (185, 1), (240, 2), (537, 1)
nikka (DF: 1): (402, 1)
nikki (DF: 1): (426, 1)
nikl (DF: 1): (149, 1)
nikla (DF: 1): (149, 1)
niku (DF: 1): (661, 1)
nile (DF: 1): (548, 1)
nilsson (DF: 1): (79, 2)
nim (DF: 1): (250, 1)
nimic (DF: 1): (335, 2)
nimm (DF: 2): (246, 2), (437, 1)
nimmo (DF: 1): (421, 1)
nimoy88 (DF: 1): (270, 1)
nine (DF: 13): (72, 1), (183, 2), (200, 1), (224, 1), (303, 4), (441, 2), (462, 1), (646, 1), (841, 1), (842, 3), (870, 2), (975, 1), (980, 2)
nineti (DF: 1): (966, 1)
ningun (DF: 10): (14, 1), (256, 1), (269, 4), (276, 1), (345, 2), (371, 6), (403, 1), (444, 1), (889, 1), (982, 2)
ninguém (DF: 1): (213, 2)
ninja (DF: 1): (213, 1)
ninu (DF: 1): (430, 2)
nio (DF: 1): (889, 2)
nip (DF: 1): (759, 1)
nippl (DF: 1): (672, 1)
niqu (DF: 1): (637, 1)
nite (DF: 1): (257, 4)
nitemi (DF: 1): (430, 1)
nitti (DF: 1): (197, 5)
nitzer (DF: 1): (979, 1)
niunia (DF: 1): (908, 1)
nivel (DF: 1): (53, 1)
nix (DF: 1): (778, 1)
niñ (DF: 3): (12, 2), (791, 2), (891, 2)
nk (DF: 3): (45, 1), (82, 1), (139, 1)
nkan (DF: 1): (430, 1)
nle (DF: 1): (181, 1)
no (DF: 3): (187, 21), (438, 1), (524, 3)
nobl (DF: 1): (924, 1)
nobo (DF: 1): (30, 1)
nobodi (DF: 59): (4, 1), (30, 4), (31, 1), (40, 1), (72, 2), (100, 28), (121, 1), (134, 2), (153, 2), (165, 2), (167, 3), (228, 2), (257, 1), (267, 2), (278, 4), (286, 1), (297, 8), (303, 4), (330, 1), (346, 1), (350, 1), (365, 1), (379, 1), (405, 1), (443, 1), (455, 1), (475, 1), (479, 12), (492, 8), (494, 1), (514, 2), (531, 1), (545, 1), (546, 4), (558, 3), (583, 1), (589, 4), (606, 5), (613, 1), (642, 1), (644, 2), (669, 2), (672, 6), (684, 1), (735, 2), (751, 4), (781, 1), (803, 1), (804, 1), (808, 2), (823, 1), (857, 1), (886, 1), (906, 1), (920, 1), (925, 1), (929, 1), (932, 1), (939, 1)
