let (DF: 250): (722, 3), (724, 1), (731, 3), (745, 43), (749, 2), (753, 4), (758, 2), (769, 2), (772, 2), (775, 2), (779, 1), (781, 7), (786, 4), (789, 5), (796, 1), (800, 1), (802, 2), (803, 3), (806, 2), (811, 1), (814, 1), (816, 1), (818, 2), (820, 1), (824, 2), (828, 1), (834, 5), (838, 1), (841, 1), (846, 1), (847, 20), (852, 1), (856, 3), (859, 2), (860, 3), (863, 1), (870, 1), (874, 1), (879, 5), (884, 1), (886, 1), (888, 1), (895, 1), (896, 2), (904, 4), (906, 2), (909, 2), (914, 1), (920, 1), (925, 4), (928, 1), (939, 2), (944, 3), (946, 4), (948, 2), (952, 3), (966, 1), (988, 2), (993, 1), (997, 1), (4, 1), (5, 1), (22, 3), (24, 6), (36, 26), (37, 7), (66, 1), (68, 3), (69, 1), (88, 1), (89, 4), (98, 4), (100, 1), (104, 3), (106, 1), (110, 1), (112, 3), (116, 2), (118, 1), (119, 1), (120, 1), (129, 2), (131, 5), (154, 1), (156, 7), (162, 1), (166, 1), (169, 4), (171, 2), (176, 15), (177, 1), (200, 2), (201, 1), (226, 1), (228, 1), (231, 4), (232, 2), (236, 2), (237, 1), (264, 1), (265, 2), (301, 2), (303, 4), (308, 2), (310, 3), (319, 32), (320, 4), (329, 12), (331, 1), (336, 1), (337, 1), (339, 1), (340, 8), (356, 2), (357, 1), (375, 4), (376, 1), (380, 4), (381, 3), (391, 4), (394, 1), (404, 12), (405, 1), (422, 4), (423, 1), (446, 10), (447, 4), (451, 1), (452, 3), (455, 3), (456, 1), (457, 4), (458, 16), (469, 1), (470, 1), (473, 3), (474, 2), (478, 4), (479, 1), (486, 1), (487, 2), (488, 1), (495, 4), (496, 3), (507, 4), (508, 8), (525, 14), (526, 4), (530, 1), (531, 4), (548, 1), (550, 3), (568, 1), (570, 6), (572, 1), (573, 1), (574, 1), (590, 6), (591, 2), (595, 1), (597, 4), (602, 4), (603, 4), (612, 1), (613, 1), (616, 1), (618, 2), (619, 1), (633, 7), (634, 1), (654, 1), (655, 11), (671, 1), (672, 4), (709, 3), (710, 2), (719, 2), (720, 1), (732, 17), (734, 12), (737, 2), (738, 6), (740, 2), (766, 2), (767, 6), (783, 1), (790, 2), (792, 2), (825, 1), (826, 1), (866, 4), (867, 3), (882, 2), (900, 2), (926, 1), (927, 1), (936, 3), (937, 49), (955, 2), (958, 4), (959, 3), (968, 33), (970, 4), (973, 1), (974, 2), (975, 2), (977, 7), (978, 2), (979, 9), (983, 1), (985, 6), (990, 1), (998, 1), (999, 2), (78, 1), (79, 2), (80, 1), (113, 9), (114, 2), (140, 2), (141, 4), (142, 1), (190, 4), (191, 2), (193, 16), (271, 4), (272, 3), (273, 8), (274, 2), (275, 1), (287, 1), (288, 6), (289, 1), (583, 1), (584, 42), (585, 4), (754, 2), (755, 4), (832, 10), (833, 2), (898, 5), (899, 3), (207, 1), (208, 23), (209, 7), (210, 1), (607, 2), (608, 1), (610, 49), (611, 2)
letal (DF: 1): (12, 2)
lethal (DF: 3): (558, 1), (581, 1), (673, 2)
letr (DF: 10): (143, 2), (283, 1), (371, 1), (417, 4), (450, 1), (466, 1), (476, 1), (679, 1), (851, 1), (889, 1)
letra (DF: 1): (552, 1)
letter (DF: 11): (207, 3), (270, 1), (337, 1), (388, 1), (455, 1), (504, 3), (556, 1), (566, 1), (636, 1), (647, 1), (669, 1)
lettin (DF: 3): (159, 1), (441, 1), (952, 1)
lettuc (DF: 1): (696, 1)
leut (DF: 2): (483, 1), (484, 2)
levant (DF: 3): (44, 1), (117, 1), (995, 1)
levanten (DF: 1): (299, 2)
levar (DF: 1): (213, 1)
leve (DF: 3): (213, 3), (290, 2), (869, 3)
level (DF: 11): (72, 1), (118, 1), (179, 5), (420, 1), (563, 1), (579, 1), (583, 1), (586, 1), (753, 1), (886, 1), (904, 1)
leven (DF: 1): (175, 2)
lever (DF: 1): (223, 1)
levit (DF: 1): (407, 1)
lewi (DF: 5): (419, 1), (599, 1), (602, 1), (753, 1), (825, 1)
lex (DF: 1): (250, 2)
lexa (DF: 1): (250, 1)
lexus (DF: 2): (774, 1), (802, 1)
ley (DF: 3): (283, 1), (417, 1), (910, 2)
leyend (DF: 1): (444, 1)
lhr (DF: 1): (667, 1)
li (DF: 6): (150, 1), (315, 1), (586, 9), (661, 1), (908, 1), (983, 1)
liabl (DF: 2): (245, 1), (909, 1)
liann (DF: 1): (97, 1)
liar (DF: 8): (49, 2), (243, 8), (490, 1), (511, 3), (595, 1), (614, 2), (783, 3), (845, 1)
libanes (DF: 1): (151, 1)
liber (DF: 2): (86, 2), (968, 1)
liberatorz (DF: 1): (794, 1)
libert (DF: 2): (9, 1), (444, 1)
libr (DF: 6): (44, 1), (84, 1), (399, 1), (417, 1), (724, 2), (776, 2)
libra (DF: 1): (299, 1)
libram (DF: 1): (444, 1)
libro (DF: 1): (988, 1)
libya (DF: 1): (693, 1)
licens (DF: 1): (82, 1)
licht (DF: 2): (151, 1), (778, 1)
lichten (DF: 1): (43, 1)
lick (DF: 18): (16, 1), (70, 1), (92, 2), (222, 1), (255, 1), (327, 1), (334, 1), (350, 1), (393, 1), (407, 1), (616, 1), (660, 1), (672, 1), (746, 1), (808, 1), (823, 1), (904, 3), (993, 2)
lickin (DF: 1): (801, 1)
lickl (DF: 1): (247, 10)
lid (DF: 1): (14, 3)
