nobodi (DF: 8): (949, 1), (956, 2), (965, 36), (993, 1), (226, 1), (228, 2), (556, 1), (558, 1)
noch (DF: 32): (10, 2), (44, 1), (46, 2), (87, 1), (109, 2), (117, 1), (173, 1), (178, 1), (269, 1), (312, 1), (328, 1), (345, 14), (355, 1), (395, 2), (403, 1), (412, 8), (468, 4), (481, 1), (512, 1), (557, 2), (577, 6), (628, 3), (648, 3), (651, 4), (762, 1), (776, 1), (889, 1), (890, 1), (910, 3), (918, 1), (934, 3), (12, 8)
noci (DF: 1): (250, 4)
nocion (DF: 1): (366, 1)
nog (DF: 2): (43, 4), (852, 2)
noget (DF: 1): (229, 2)
nohidea (DF: 1): (465, 1)
nohji (DF: 1): (32, 1)
noid (DF: 1): (270, 1)
noir (DF: 2): (34, 1), (540, 1)
nois (DF: 8): (51, 3), (68, 1), (209, 1), (428, 1), (548, 1), (601, 2), (740, 1), (925, 1)
nolan (DF: 1): (331, 1)
nombr (DF: 7): (276, 1), (299, 2), (399, 1), (417, 7), (580, 2), (791, 3), (813, 3)
non (DF: 7): (40, 1), (255, 1), (551, 1), (558, 1), (649, 2), (803, 1), (964, 1)
nonam (DF: 1): (693, 9)
none (DF: 15): (65, 1), (268, 3), (380, 1), (427, 2), (434, 1), (562, 1), (642, 1), (669, 1), (689, 1), (696, 1), (746, 1), (753, 1), (759, 1), (772, 2), (886, 1)
nonetheless (DF: 1): (550, 3)
nonstop (DF: 1): (778, 1)
nonstoppin (DF: 1): (168, 1)
noo (DF: 1): (173, 2)
noodl (DF: 1): (72, 1)
noogi (DF: 1): (737, 1)
nooit (DF: 1): (175, 1)
noon (DF: 1): (131, 3)
nooooo (DF: 1): (352, 1)
noos (DF: 3): (174, 1), (303, 4), (407, 1)
nope (DF: 6): (374, 33), (562, 2), (579, 2), (673, 1), (775, 2), (925, 1)
nord (DF: 2): (151, 1), (524, 1)
nordrhein (DF: 1): (151, 1)
nordw (DF: 1): (483, 1)
norm (DF: 1): (460, 1)
normal (DF: 6): (280, 2), (284, 2), (417, 2), (483, 1), (493, 1), (934, 1)
normani (DF: 1): (848, 2)
nort (DF: 2): (791, 3), (890, 2)
north (DF: 5): (80, 19), (309, 1), (513, 1), (646, 1), (988, 1)
northern (DF: 2): (148, 8), (532, 1)
nose (DF: 5): (129, 1), (350, 4), (486, 1), (743, 1), (993, 1)
nosi (DF: 2): (250, 1), (975, 1)
nosotr (DF: 3): (256, 1), (284, 2), (444, 1)
nosz (DF: 1): (250, 1)
not (DF: 10): (46, 1), (87, 1), (117, 1), (143, 3), (371, 13), (539, 1), (567, 3), (707, 1), (728, 1), (918, 1)
notch (DF: 1): (586, 1)
notd (DF: 1): (492, 2)
note (DF: 4): (74, 2), (286, 3), (718, 1), (898, 1)
notebook (DF: 1): (384, 1)
noth (DF: 119): (15, 1), (16, 1), (40, 1), (47, 2), (64, 4), (66, 1), (75, 10), (80, 1), (91, 6), (106, 1), (112, 9), (121, 3), (123, 2), (131, 1), (140, 2), (176, 3), (188, 3), (201, 4), (219, 3), (226, 1), (240, 1), (248, 1), (253, 1), (259, 1), (265, 2), (270, 1), (278, 2), (286, 3), (306, 3), (336, 2), (346, 1), (361, 1), (367, 1), (373, 1), (380, 5), (392, 3), (405, 1), (418, 2), (422, 3), (431, 6), (445, 3), (452, 1), (455, 1), (458, 1), (479, 3), (508, 1), (517, 4), (526, 3), (549, 1), (559, 1), (571, 1), (573, 5), (576, 1), (583, 1), (584, 4), (586, 10), (588, 2), (599, 1), (606, 1), (609, 4), (613, 17), (617, 4), (619, 6), (634, 1), (638, 1), (654, 3), (671, 2), (684, 1), (691, 1), (693, 1), (698, 2), (701, 1), (705, 1), (708, 3), (717, 4), (722, 7), (733, 1), (735, 4), (740, 1), (774, 5), (789, 4), (799, 1), (809, 2), (847, 2), (860, 3), (868, 2), (879, 2), (913, 1), (919, 8), (921, 1), (925, 1), (933, 5), (937, 2), (944, 3), (974, 22), (981, 2), (985, 1), (4, 2), (5, 1), (49, 2), (296, 3), (297, 4), (308, 1), (310, 1), (383, 1), (384, 1), (424, 6), (425, 2), (530, 1), (533, 1), (554, 5), (555, 2), (729, 1), (730, 2), (731, 1), (780, 1), (781, 1), (863, 1), (864, 2)
nothin (DF: 30): (62, 1), (113, 1), (139, 9), (182, 1), (188, 1), (195, 2), (202, 1), (289, 4), (324, 1), (339, 1), (343, 5), (357, 4), (365, 1), (369, 1), (435, 1), (441, 2), (469, 1), (486, 6), (504, 3), (535, 2), (591, 1), (606, 1), (616, 1), (617, 1), (663, 1), (735, 2), (757, 1), (825, 1), (853, 2), (920, 1)
notic (DF: 8): (228, 1), (454, 2), (682, 1), (704, 1), (803, 1), (893, 1), (932, 2), (975, 2)
notion (DF: 2): (209, 1), (916, 2)
notr (DF: 1): (915, 1)
nott (DF: 1): (9, 3)
noun (DF: 1): (964, 1)
nov (DF: 1): (345, 9)
nova (DF: 2): (497, 1), (802, 1)
novat (DF: 1): (417, 1)
novemb (DF: 2): (275, 4), (704, 1)
novi (DF: 4): (256, 2), (417, 1), (762, 6), (996, 1)
novic (DF: 1): (924, 1)
now (DF: 2): (836, 2), (908, 4)
nowaday (DF: 5): (434, 7), (634, 1), (647, 1), (684, 2), (737, 1)
nowher (DF: 13): (13, 1), (93, 3), (177, 1), (215, 2), (258, 1), (296, 3), (420, 2), (464, 1), (518, 1), (536, 1), (636, 1), (668, 1), (746, 1)
