wonder (DF: 23): (455, 2), (470, 1), (515, 2), (523, 1), (527, 1), (541, 1), (546, 9), (612, 3), (619, 1), (682, 3), (718, 1), (740, 1), (761, 1), (803, 1), (807, 1), (809, 1), (811, 1), (835, 1), (838, 1), (845, 1), (950, 1), (990, 1), (993, 1)
wonderin (DF: 5): (72, 1), (291, 1), (486, 1), (515, 2), (965, 6)
woo (DF: 33): (5, 1), (38, 4), (168, 1), (215, 1), (273, 12), (280, 2), (339, 3), (350, 12), (356, 18), (365, 2), (391, 4), (409, 8), (414, 3), (436, 28), (469, 4), (495, 2), (511, 6), (570, 1), (579, 8), (601, 2), (606, 1), (613, 2), (627, 5), (673, 6), (698, 24), (740, 1), (781, 1), (825, 6), (862, 1), (888, 2), (925, 1), (927, 9), (283, 1)
wood (DF: 4): (108, 5), (221, 1), (737, 1), (922, 1)
woodwork (DF: 1): (504, 1)
woofer (DF: 1): (449, 1)
woogi (DF: 1): (131, 2)
wooh (DF: 3): (53, 8), (306, 1), (655, 1)
woolf (DF: 1): (704, 1)
woon (DF: 1): (832, 1)
woooo (DF: 1): (826, 1)
wooooh (DF: 1): (371, 12)
woop (DF: 1): (667, 4)
woozi (DF: 1): (405, 1)
wop (DF: 2): (449, 1), (924, 1)
word (DF: 66): (49, 3), (57, 2), (62, 1), (92, 1), (121, 2), (126, 1), (129, 3), (155, 3), (157, 6), (183, 1), (188, 2), (220, 3), (266, 2), (295, 1), (319, 4), (324, 2), (370, 1), (372, 1), (389, 2), (393, 1), (409, 4), (411, 1), (421, 1), (429, 1), (432, 2), (436, 2), (452, 1), (456, 1), (461, 6), (490, 1), (494, 1), (499, 2), (554, 2), (563, 2), (581, 1), (589, 2), (591, 1), (602, 2), (606, 1), (616, 1), (642, 2), (669, 3), (686, 1), (722, 1), (730, 1), (731, 1), (743, 4), (786, 1), (802, 1), (803, 1), (805, 4), (811, 1), (859, 1), (881, 1), (886, 1), (898, 1), (916, 1), (946, 2), (971, 3), (974, 7), (985, 3), (998, 3), (323, 1), (435, 1), (860, 2), (861, 8)
worden (DF: 1): (852, 1)
wordt (DF: 1): (175, 6)
wore (DF: 2): (72, 1), (393, 1)
work (DF: 69): (7, 2), (26, 3), (40, 1), (51, 1), (52, 2), (66, 1), (72, 1), (77, 2), (98, 1), (104, 1), (128, 1), (130, 1), (132, 1), (138, 1), (181, 1), (197, 2), (232, 1), (242, 2), (264, 1), (286, 1), (306, 1), (330, 1), (369, 1), (404, 2), (418, 1), (419, 1), (436, 2), (440, 1), (448, 2), (463, 2), (485, 1), (488, 2), (535, 2), (542, 2), (550, 3), (558, 1), (638, 1), (641, 1), (642, 1), (644, 2), (671, 1), (683, 1), (691, 1), (712, 4), (722, 3), (755, 58), (766, 1), (790, 2), (800, 1), (802, 1), (805, 1), (845, 1), (860, 1), (862, 3), (868, 1), (874, 3), (882, 2), (903, 4), (904, 2), (920, 1), (923, 4), (926, 1), (930, 2), (938, 1), (953, 9), (997, 1), (435, 1), (656, 1), (658, 1)
workday (DF: 3): (389, 1), (680, 1), (861, 1)
workin (DF: 5): (13, 1), (130, 2), (235, 1), (643, 1), (783, 1)
workout (DF: 24): (1, 1), (41, 1), (47, 1), (50, 1), (107, 1), (114, 1), (133, 1), (231, 1), (236, 1), (241, 1), (368, 1), (383, 1), (448, 1), (517, 1), (546, 1), (562, 1), (591, 1), (754, 1), (840, 1), (877, 1), (879, 1), (958, 1), (981, 1), (991, 1)
world (DF: 142): (2, 1), (5, 1), (27, 2), (56, 1), (62, 1), (71, 1), (81, 1), (88, 1), (114, 1), (130, 1), (134, 5), (148, 1), (156, 2), (172, 1), (176, 1), (182, 1), (183, 1), (194, 1), (201, 1), (203, 3), (205, 1), (207, 1), (220, 4), (223, 1), (235, 4), (245, 9), (256, 1), (262, 3), (266, 3), (289, 3), (306, 1), (310, 1), (322, 1), (330, 1), (337, 1), (348, 1), (358, 1), (363, 1), (373, 1), (383, 1), (400, 1), (408, 4), (411, 1), (422, 1), (425, 7), (428, 6), (432, 2), (436, 4), (443, 2), (457, 1), (458, 1), (464, 1), (479, 18), (508, 1), (517, 1), (527, 2), (531, 1), (545, 1), (546, 1), (558, 1), (560, 3), (582, 4), (585, 4), (593, 1), (618, 1), (619, 3), (622, 1), (643, 1), (654, 3), (657, 4), (672, 1), (674, 1), (678, 3), (683, 2), (687, 1), (694, 9), (702, 2), (731, 1), (732, 18), (736, 5), (758, 2), (764, 1), (769, 1), (777, 1), (781, 1), (790, 1), (794, 14), (815, 1), (823, 1), (831, 2), (835, 1), (844, 2), (847, 2), (849, 8), (853, 1), (869, 1), (873, 1), (876, 4), (881, 1), (884, 1), (896, 1), (899, 1), (901, 2), (906, 1), (909, 1), (931, 2), (944, 2), (946, 8), (948, 2), (959, 2), (976, 1), (982, 2), (983, 1), (987, 2), (991, 3), (140, 2), (142, 1), (157, 6), (158, 5), (163, 18), (165, 3), (237, 1), (259, 1), (260, 2), (369, 1), (370, 1), (434, 1), (454, 2), (455, 1), (471, 2), (472, 1), (563, 1), (564, 1), (595, 1), (597, 2), (699, 1), (701, 7), (740, 1), (742, 1), (766, 2), (768, 4), (845, 1)
worldwid (DF: 2): (24, 1), (897, 1)
worm (DF: 1): (536, 1)
worri (DF: 27): (3, 1), (4, 2), (13, 1), (16, 1), (18, 1), (45, 1), (52, 2), (55, 2), (83, 2), (91, 6), (98, 4), (183, 1), (215, 3), (262, 1), (278, 2), (295, 1), (299, 2), (330, 2), (352, 1), (373, 1), (396, 4), (508, 1), (541, 1), (657, 8), (660, 1), (668, 1), (674, 1)
