disrespect (DF: 3): (297, 1), (658, 14), (922, 1)
diss (DF: 5): (213, 1), (221, 1), (405, 1), (581, 1), (689, 1)
dissatisfi (DF: 1): (373, 1)
dissin (DF: 3): (181, 1), (689, 6), (964, 1)
dissolv (DF: 1): (582, 2)
dist (DF: 1): (14, 2)
distanc (DF: 9): (5, 1), (228, 1), (501, 1), (561, 4), (591, 1), (787, 1), (886, 1), (931, 1), (969, 1)
distanci (DF: 2): (217, 5), (995, 1)
distant (DF: 8): (13, 1), (25, 2), (211, 1), (496, 1), (770, 1), (799, 1), (931, 1), (991, 1)
distint (DF: 1): (355, 2)
distort (DF: 2): (646, 1), (915, 1)
distract (DF: 3): (556, 3), (645, 1), (794, 2)
district (DF: 4): (369, 1), (490, 1), (737, 1), (802, 1)
disturb (DF: 3): (63, 1), (72, 1), (991, 1)
disturbin (DF: 1): (909, 1)
dit (DF: 6): (175, 2), (349, 7), (524, 1), (540, 9), (598, 3), (676, 2)
dita (DF: 1): (434, 1)
ditch (DF: 1): (47, 1)
dito (DF: 1): (0, 1)
ditoys (DF: 1): (711, 1)
div (DF: 1): (9, 1)
diva (DF: 1): (332, 1)
dive (DF: 5): (469, 1), (590, 32), (644, 2), (825, 1), (955, 1)
divid (DF: 7): (18, 1), (122, 3), (241, 1), (268, 1), (302, 1), (522, 5), (975, 1)
dividend (DF: 1): (702, 1)
dividim (DF: 1): (982, 2)
divin (DF: 7): (14, 1), (149, 1), (359, 1), (403, 1), (417, 1), (580, 4), (951, 1)
divorc (DF: 1): (15, 1)
dizer (DF: 1): (60, 4)
dizia (DF: 1): (60, 2)
dizzark (DF: 1): (669, 1)
dizzi (DF: 2): (129, 1), (174, 1)
dj (DF: 27): (107, 2), (110, 1), (118, 1), (124, 2), (178, 1), (244, 2), (252, 1), (328, 2), (371, 1), (386, 2), (479, 4), (514, 12), (581, 1), (595, 1), (642, 1), (660, 1), (670, 1), (726, 1), (746, 1), (755, 2), (784, 6), (791, 1), (803, 1), (831, 1), (897, 1), (948, 16), (982, 2)
dk (DF: 1): (229, 1)
dla (DF: 2): (661, 1), (908, 1)
dm (DF: 4): (47, 2), (229, 1), (435, 1), (829, 1)
dmu (DF: 1): (47, 1)
dna (DF: 1): (250, 1)
dnde (DF: 1): (439, 2)
do (DF: 1): (996, 1)
doabl (DF: 1): (245, 1)
dobl (DF: 5): (284, 6), (371, 1), (417, 1), (476, 1), (707, 1)
doc (DF: 4): (269, 1), (279, 50), (586, 1), (702, 1)
dock (DF: 2): (81, 1), (896, 1)
doctor (DF: 7): (200, 1), (270, 1), (279, 23), (587, 1), (698, 2), (904, 1), (925, 1)
documentari (DF: 1): (782, 1)
dodgin (DF: 1): (658, 1)
doe (DF: 7): (43, 1), (72, 1), (175, 4), (246, 1), (586, 1), (812, 1), (852, 1)
doen (DF: 2): (43, 1), (175, 2)
doet (DF: 3): (175, 1), (812, 1), (852, 1)
doezo (DF: 1): (175, 6)
dog (DF: 21): (26, 3), (72, 1), (88, 2), (101, 1), (182, 1), (202, 1), (210, 1), (222, 1), (245, 1), (289, 1), (307, 9), (404, 12), (422, 1), (436, 4), (684, 1), (737, 3), (798, 1), (920, 1), (952, 1), (966, 1), (993, 1)
dogg (DF: 4): (182, 2), (550, 5), (753, 3), (800, 2)
doggon (DF: 1): (884, 1)
doh (DF: 1): (702, 1)
doi (DF: 1): (213, 1)
doigt (DF: 1): (349, 4)
doin (DF: 23): (80, 1), (128, 1), (138, 1), (155, 3), (172, 4), (238, 1), (268, 1), (298, 2), (327, 2), (431, 3), (469, 1), (479, 3), (646, 1), (669, 1), (698, 2), (751, 18), (800, 1), (825, 2), (829, 1), (893, 1), (944, 1), (964, 1), (975, 1)
dois (DF: 1): (676, 2)
doit (DF: 1): (349, 4)
doja (DF: 1): (337, 1)
dolc (DF: 1): (16, 1)
dole (DF: 1): (994, 1)
doll (DF: 5): (38, 1), (168, 3), (504, 1), (643, 2), (781, 1)
dollar (DF: 21): (27, 2), (69, 1), (123, 2), (153, 2), (183, 1), (248, 1), (416, 1), (430, 1), (434, 1), (446, 1), (510, 1), (535, 2), (537, 1), (548, 1), (617, 1), (684, 1), (772, 2), (800, 1), (837, 16), (915, 1), (930, 1)
dolor (DF: 5): (87, 5), (178, 1), (354, 2), (776, 2), (934, 2)
dolph (DF: 1): (862, 1)
dom (DF: 4): (476, 2), (586, 1), (740, 1), (852, 1)
domain (DF: 1): (787, 1)
dombreski (DF: 1): (519, 1)
dome (DF: 5): (204, 2), (407, 1), (443, 1), (558, 1), (692, 4)
domest (DF: 1): (546, 1)
domin (DF: 4): (347, 1), (388, 1), (510, 1), (711, 6)
doming (DF: 1): (364, 6)
dominican (DF: 2): (552, 1), (711, 2)
domino (DF: 3): (213, 1), (726, 9), (906, 1)
dominus (DF: 1): (553, 1)
domp (DF: 1): (386, 1)
don (DF: 11): (46, 3), (109, 38), (127, 2), (349, 1), (364, 6), (371, 7), (450, 2), (476, 5), (480, 2), (598, 1), (836, 2)
donald (DF: 2): (197, 1), (235, 1)
dond (DF: 10): (84, 2), (143, 1), (252, 1), (353, 1), (460, 1), (577, 1), (667, 1), (836, 6), (897, 4), (996, 1)
done (DF: 27): (40, 1), (48, 14), (51, 2), (56, 1), (59, 3), (74, 2), (80, 1), (110, 1), (129, 2), (142, 4), (226, 1), (249, 3), (286, 2), (296, 9), (330, 1), (339, 1), (343, 3), (352, 8), (356, 2), (361, 1), (377, 1), (409, 1), (416, 1), (441, 1), (455, 3), (472, 1), (486, 1)
