lun (DF: 2): (580, 2), (648, 7)
luna (DF: 1): (467, 2)
lunat (DF: 1): (443, 1)
lunch (DF: 3): (693, 1), (779, 1), (841, 1)
lund (DF: 1): (49, 1)
lung (DF: 10): (40, 4), (288, 1), (379, 1), (386, 1), (421, 1), (554, 2), (592, 2), (800, 1), (898, 3), (915, 1)
luny (DF: 3): (364, 18), (476, 4), (577, 2)
lupa (DF: 1): (871, 2)
lurk (DF: 2): (68, 1), (738, 1)
lush (DF: 1): (546, 1)
lust (DF: 4): (18, 1), (592, 2), (625, 1), (641, 1)
lut (DF: 1): (353, 1)
luther (DF: 1): (471, 1)
luv (DF: 1): (143, 2)
luxuri (DF: 4): (677, 1), (714, 1), (774, 1), (987, 1)
luz (DF: 6): (10, 1), (127, 1), (312, 1), (489, 3), (813, 4), (889, 2)
luzc (DF: 1): (836, 2)
lx (DF: 1): (778, 3)
ly (DF: 4): (247, 2), (558, 1), (831, 4), (875, 9)
lyft (DF: 1): (658, 1)
lyin (DF: 10): (210, 1), (343, 1), (446, 1), (571, 2), (617, 1), (673, 1), (831, 1), (853, 3), (857, 1), (975, 1)
lykk (DF: 2): (150, 1), (315, 1)
lynch (DF: 1): (159, 1)
lynyrd (DF: 1): (617, 1)
lyric (DF: 5): (324, 1), (558, 2), (574, 1), (705, 1), (980, 1)
lyte (DF: 2): (563, 19), (803, 3)
lzzi (DF: 1): (641, 1)
là (DF: 2): (540, 1), (598, 4)
lån (DF: 1): (229, 5)
låses (DF: 1): (229, 1)
légend (DF: 1): (34, 1)
m (DF: 11): (53, 5), (63, 6), (178, 1), (198, 1), (246, 1), (439, 4), (493, 1), (681, 1), (778, 1), (858, 1), (996, 1)
ma (DF: 17): (14, 10), (217, 1), (284, 2), (345, 2), (347, 1), (353, 1), (364, 2), (412, 2), (444, 2), (476, 1), (493, 3), (577, 1), (667, 2), (897, 1), (910, 1), (982, 6), (996, 6)
maa (DF: 1): (149, 1)
maakt (DF: 1): (175, 6)
maar (DF: 3): (175, 6), (812, 2), (852, 3)
mac (DF: 8): (181, 1), (189, 2), (248, 1), (260, 1), (304, 1), (536, 3), (768, 1), (943, 1)
macadamian (DF: 1): (486, 1)
macarena (DF: 1): (905, 1)
mace (DF: 1): (646, 1)
mach (DF: 8): (151, 1), (246, 6), (460, 3), (483, 2), (493, 3), (681, 3), (778, 4), (996, 1)
machet (DF: 1): (276, 6)
machi (DF: 1): (32, 1)
machin (DF: 5): (195, 2), (222, 1), (508, 1), (790, 2), (805, 1)
machineri (DF: 1): (790, 3)
machot (DF: 1): (364, 2)
macht (DF: 3): (198, 1), (246, 1), (437, 9)
machuc (DF: 1): (577, 1)
mack (DF: 6): (182, 3), (221, 1), (441, 5), (579, 1), (841, 1), (980, 1)
mad (DF: 29): (47, 1), (50, 1), (90, 2), (181, 2), (214, 2), (270, 1), (336, 1), (339, 1), (388, 1), (404, 2), (435, 1), (521, 28), (562, 1), (639, 1), (646, 1), (669, 2), (689, 1), (775, 4), (802, 1), (804, 1), (817, 1), (905, 8), (920, 1), (922, 1), (931, 2), (942, 1), (964, 20), (975, 1), (89, 4)
madala (DF: 1): (871, 2)
maddix (DF: 1): (960, 1)
made (DF: 112): (7, 1), (13, 2), (25, 2), (52, 1), (58, 1), (65, 1), (72, 1), (130, 2), (134, 1), (139, 1), (144, 2), (161, 1), (168, 7), (171, 2), (191, 1), (223, 2), (232, 1), (249, 2), (251, 1), (254, 2), (263, 1), (268, 4), (277, 18), (286, 2), (294, 1), (296, 54), (298, 1), (311, 1), (317, 2), (319, 4), (324, 2), (336, 1), (338, 1), (339, 1), (359, 1), (377, 3), (391, 4), (419, 1), (423, 1), (425, 1), (454, 1), (469, 3), (475, 1), (488, 1), (494, 1), (499, 2), (516, 1), (517, 1), (522, 1), (535, 4), (541, 1), (546, 1), (548, 1), (562, 1), (571, 2), (574, 1), (581, 1), (585, 2), (617, 1), (619, 4), (633, 1), (635, 2), (640, 1), (643, 3), (650, 2), (658, 2), (660, 2), (663, 2), (670, 1), (673, 18), (675, 2), (691, 1), (702, 8), (727, 1), (734, 2), (737, 1), (759, 1), (772, 2), (781, 1), (783, 1), (788, 2), (800, 1), (825, 5), (829, 4), (840, 1), (841, 1), (843, 6), (848, 12), (857, 2), (861, 4), (864, 2), (876, 2), (898, 1), (915, 1), (922, 1), (928, 1), (932, 2), (942, 1), (963, 1), (969, 1), (981, 3), (983, 1), (989, 4), (114, 1), (116, 1), (373, 2), (374, 1), (618, 2), (661, 1), (769, 1), (823, 1), (824, 2)
madism (DF: 1): (998, 2)
madonna (DF: 1): (285, 1)
madr (DF: 3): (34, 1), (477, 1), (918, 1)
madrug (DF: 1): (875, 1)
madur (DF: 2): (399, 5), (890, 1)
maeil (DF: 1): (32, 3)
maestr (DF: 1): (371, 1)
maeum (DF: 1): (32, 1)
maffio (DF: 1): (299, 2)
mafia (DF: 2): (246, 1), (946, 2)
mafioso (DF: 1): (924, 1)
mafo (DF: 1): (430, 43)
mag (DF: 2): (417, 4), (909, 1)
magazin (DF: 4): (70, 1), (106, 1), (123, 4), (612, 3)
magenta (DF: 1): (250, 6)
magi (DF: 1): (353, 1)
magic (DF: 18): (3, 1), (11, 1), (72, 1), (102, 1), (197, 1), (235, 1), (277, 1), (382, 1), (472, 1), (510, 1), (513, 1), (619, 1), (645, 1), (729, 2), (734, 2), (864, 1), (889, 2), (904, 1)
