utensil (DF: 1): (159, 1)
utmost (DF: 1): (975, 1)
uuh (DF: 4): (63, 4), (216, 1), (780, 1), (830, 4)
uur (DF: 1): (175, 1)
uuu (DF: 1): (908, 1)
uwa (DF: 1): (250, 1)
uy (DF: 3): (173, 1), (648, 2), (711, 1)
uzi (DF: 3): (369, 8), (434, 2), (675, 6)
uôh (DF: 1): (60, 29)
uôhooh (DF: 1): (60, 1)
v (DF: 9): (192, 1), (616, 1), (618, 2), (669, 1), (812, 1), (842, 1), (938, 2), (988, 4), (997, 1)
va (DF: 32): (34, 1), (46, 2), (53, 1), (86, 2), (127, 1), (217, 1), (252, 2), (256, 2), (276, 1), (283, 1), (345, 2), (349, 3), (355, 3), (364, 2), (366, 1), (371, 6), (399, 2), (477, 3), (540, 1), (577, 2), (580, 2), (598, 5), (637, 3), (676, 1), (724, 1), (762, 9), (813, 2), (890, 1), (918, 1), (982, 2), (996, 3), (476, 1)
vaak (DF: 1): (175, 4)
vaart (DF: 1): (43, 1)
vac (DF: 1): (628, 1)
vacacion (DF: 2): (477, 1), (918, 1)
vacanc (DF: 1): (292, 6)
vacant (DF: 2): (475, 1), (944, 1)
vacat (DF: 5): (26, 3), (47, 3), (616, 1), (801, 1), (867, 1)
vaci (DF: 5): (87, 1), (109, 2), (399, 2), (444, 1), (632, 1)
vacil (DF: 2): (628, 2), (715, 1)
vacilando (DF: 1): (299, 1)
vacilon (DF: 2): (24, 2), (628, 4)
vacuum (DF: 2): (699, 2), (705, 1)
vag (DF: 1): (217, 1)
vagabund (DF: 3): (87, 1), (312, 1), (934, 2)
vagin (DF: 1): (417, 1)
vai (DF: 3): (60, 8), (213, 2), (438, 1)
vain (DF: 6): (10, 11), (432, 1), (650, 1), (906, 1), (935, 4), (11, 1)
vaincu (DF: 1): (649, 1)
vais (DF: 5): (34, 2), (349, 1), (540, 6), (598, 4), (649, 8)
val (DF: 3): (9, 3), (283, 1), (711, 1)
valentin (DF: 2): (528, 6), (805, 1)
valentino (DF: 2): (528, 8), (698, 4)
valet (DF: 2): (197, 1), (789, 1)
valid (DF: 4): (40, 1), (386, 1), (562, 1), (676, 6)
valis (DF: 1): (637, 1)
valium (DF: 2): (688, 1), (925, 1)
vall (DF: 1): (43, 1)
valla (DF: 1): (505, 1)
vallenat (DF: 1): (891, 3)
valley (DF: 5): (164, 1), (268, 1), (482, 2), (80, 1), (81, 1)
valli (DF: 1): (452, 1)
valor (DF: 2): (728, 1), (791, 3)
valorizava (DF: 1): (60, 5)
valv (DF: 1): (40, 1)
vam (DF: 18): (12, 10), (24, 4), (28, 1), (227, 2), (252, 1), (276, 1), (347, 4), (353, 1), (399, 1), (412, 6), (460, 1), (476, 1), (480, 1), (628, 3), (889, 1), (890, 3), (897, 3), (996, 1)
vamon (DF: 2): (46, 1), (577, 1)
vampir (DF: 4): (202, 1), (649, 1), (11, 1), (12, 2)
van (DF: 21): (43, 1), (86, 2), (107, 1), (175, 1), (195, 1), (232, 1), (238, 2), (276, 1), (283, 1), (333, 2), (379, 1), (444, 1), (689, 1), (726, 1), (767, 2), (812, 3), (852, 2), (872, 2), (885, 4), (966, 1), (87, 1)
vanavond (DF: 1): (852, 2)
vancouv (DF: 1): (931, 1)
vandal (DF: 1): (142, 1)
vanilla (DF: 2): (155, 3), (694, 1)
vanilli (DF: 2): (527, 2), (616, 1)
vanish (DF: 1): (209, 1)
vans (DF: 1): (178, 1)
vapor (DF: 1): (216, 1)
vaquer (DF: 1): (44, 2)
var (DF: 1): (229, 2)
varg (DF: 1): (84, 2)
varieti (DF: 6): (196, 1), (243, 1), (576, 1), (722, 1), (805, 2), (833, 1)
varm (DF: 1): (229, 3)
vas (DF: 25): (19, 1), (46, 1), (84, 1), (109, 1), (117, 1), (143, 3), (173, 2), (252, 2), (283, 1), (333, 4), (353, 1), (364, 2), (417, 1), (439, 4), (477, 3), (481, 9), (540, 1), (577, 3), (648, 4), (676, 1), (707, 1), (724, 1), (728, 2), (875, 8), (934, 5)
vashti (DF: 1): (434, 1)
vassi (DF: 1): (214, 1)
vast (DF: 4): (175, 1), (326, 1), (432, 1), (764, 1)
vastag (DF: 1): (417, 1)
vato (DF: 2): (306, 1), (988, 2)
vault (DF: 1): (862, 1)
vay (DF: 7): (19, 1), (109, 2), (127, 3), (178, 1), (364, 2), (813, 1), (875, 1)
ve (DF: 8): (44, 10), (109, 2), (256, 1), (284, 2), (481, 4), (728, 7), (858, 1), (982, 2)
vea (DF: 3): (24, 1), (53, 1), (284, 2)
veam (DF: 1): (143, 1)
vean (DF: 1): (345, 2)
veas (DF: 2): (728, 2), (890, 3)
vec (DF: 8): (252, 1), (284, 4), (353, 2), (412, 2), (417, 1), (460, 1), (679, 1), (995, 1)
vecin (DF: 2): (53, 1), (276, 1)
ved (DF: 2): (187, 1), (229, 11)
vega (DF: 3): (94, 1), (350, 1), (874, 1)
vegan (DF: 1): (696, 1)
vegas (DF: 1): (246, 3)
vein (DF: 10): (49, 2), (74, 2), (305, 1), (378, 1), (501, 1), (546, 1), (671, 1), (774, 4), (823, 1), (901, 2)
veint (DF: 4): (53, 1), (143, 1), (468, 1), (724, 1)
veintidos (DF: 1): (269, 1)
vel (DF: 4): (276, 1), (412, 2), (851, 2), (858, 1)
velaré (DF: 1): (299, 1)
veloc (DF: 1): (333, 2)
velvet (DF: 2): (102, 1), (974, 1)
vem (DF: 1): (728, 1)
ven (DF: 7): (9, 1), (46, 3), (256, 2), (276, 2), (328, 6), (333, 2), (345, 20)
