screen (DF: 4): (16, 2), (473, 1), (668, 1), (922, 1)
screenshot (DF: 1): (391, 4)
screw (DF: 2): (40, 1), (240, 4)
scrill (DF: 2): (418, 1), (510, 1)
scrimmag (DF: 1): (388, 2)
script (DF: 4): (407, 1), (428, 1), (868, 1), (963, 1)
scriptur (DF: 1): (490, 1)
scritt (DF: 1): (9, 2)
scriv (DF: 1): (438, 1)
scrub (DF: 1): (755, 2)
sculptur (DF: 1): (924, 1)
scuol (DF: 1): (63, 6)
scurri (DF: 2): (3, 1), (462, 1)
scus (DF: 1): (9, 2)
se (DF: 44): (14, 1), (19, 5), (53, 1), (60, 4), (86, 4), (109, 2), (117, 2), (149, 14), (173, 2), (178, 2), (213, 3), (217, 1), (229, 4), (247, 2), (256, 1), (284, 6), (299, 3), (312, 2), (328, 1), (333, 10), (353, 1), (364, 2), (395, 1), (399, 2), (417, 1), (477, 5), (481, 4), (552, 4), (577, 2), (580, 1), (594, 1), (648, 3), (661, 1), (707, 2), (724, 2), (728, 10), (836, 7), (858, 1), (875, 1), (910, 1), (918, 1), (995, 1), (996, 7), (84, 1)
sea (DF: 27): (11, 1), (35, 1), (145, 1), (164, 1), (203, 1), (262, 3), (288, 1), (306, 1), (315, 4), (338, 1), (385, 2), (396, 4), (404, 2), (406, 1), (442, 2), (445, 1), (502, 3), (600, 9), (604, 8), (617, 1), (664, 1), (743, 2), (849, 7), (882, 2), (899, 1), (921, 1), (958, 2)
seagal (DF: 1): (483, 1)
seagul (DF: 1): (855, 2)
seal (DF: 6): (134, 1), (482, 2), (490, 1), (587, 1), (650, 1), (905, 1)
sean (DF: 3): (168, 3), (496, 2), (823, 1)
sear (DF: 1): (942, 1)
search (DF: 16): (144, 2), (171, 1), (330, 1), (464, 1), (474, 4), (496, 1), (674, 2), (682, 1), (705, 1), (823, 2), (835, 1), (915, 1), (933, 2), (936, 1), (223, 2), (225, 3)
searchin (DF: 3): (815, 1), (816, 1), (922, 1)
seashel (DF: 1): (179, 1)
seashor (DF: 1): (270, 1)
seasid (DF: 2): (582, 2), (695, 1)
season (DF: 9): (153, 2), (208, 5), (244, 1), (263, 1), (462, 1), (482, 2), (809, 3), (864, 2), (904, 1)
seat (DF: 18): (155, 3), (195, 2), (197, 1), (228, 1), (231, 2), (302, 1), (329, 6), (369, 1), (426, 1), (444, 1), (504, 3), (537, 10), (735, 2), (757, 1), (800, 1), (802, 1), (922, 1), (994, 1)
seatbelt (DF: 2): (369, 1), (802, 1)
seater (DF: 1): (409, 2)
sebastian (DF: 1): (843, 1)
sebt (DF: 1): (637, 1)
sec (DF: 4): (47, 1), (87, 1), (269, 4), (276, 1)
secc (DF: 1): (63, 1)
seccatur (DF: 1): (63, 1)
sech (DF: 2): (246, 3), (778, 1)
second (DF: 39): (9, 2), (27, 1), (56, 1), (81, 1), (121, 1), (181, 1), (190, 1), (200, 2), (215, 1), (249, 2), (263, 5), (265, 1), (308, 1), (319, 4), (341, 1), (348, 1), (373, 1), (438, 2), (471, 1), (491, 1), (530, 1), (560, 3), (578, 1), (588, 1), (611, 6), (616, 1), (633, 2), (708, 1), (722, 1), (724, 1), (731, 3), (749, 1), (790, 1), (803, 2), (806, 1), (932, 1), (942, 1), (951, 6), (248, 1)
secondhand (DF: 2): (25, 2), (241, 1)
secret (DF: 21): (13, 1), (18, 13), (59, 1), (145, 2), (153, 2), (180, 1), (284, 18), (286, 2), (327, 1), (378, 2), (414, 1), (516, 1), (522, 1), (592, 2), (616, 1), (668, 1), (742, 1), (787, 1), (833, 1), (910, 1), (937, 2)
section (DF: 5): (168, 1), (528, 1), (643, 2), (775, 2), (915, 1)
secur (DF: 1): (746, 1)
sed (DF: 1): (417, 1)
sedal (DF: 1): (417, 1)
seduc (DF: 2): (50, 1), (256, 1)
seduccion (DF: 1): (117, 1)
seduct (DF: 3): (449, 1), (457, 1), (904, 2)
see (DF: 137): (3, 1), (11, 3), (13, 8), (15, 2), (17, 7), (18, 2), (26, 12), (27, 1), (33, 4), (39, 4), (47, 2), (50, 1), (51, 1), (52, 1), (59, 1), (69, 3), (72, 4), (81, 1), (89, 4), (92, 2), (106, 4), (110, 1), (116, 4), (121, 2), (123, 2), (128, 1), (134, 3), (169, 2), (172, 2), (196, 3), (197, 3), (200, 1), (201, 1), (203, 3), (205, 3), (207, 1), (212, 2), (214, 2), (215, 3), (219, 6), (220, 1), (221, 2), (222, 1), (235, 2), (237, 1), (242, 5), (248, 4), (253, 1), (268, 1), (275, 1), (277, 1), (282, 18), (287, 2), (291, 1), (295, 1), (298, 1), (306, 1), (318, 1), (324, 35), (337, 3), (339, 2), (350, 1), (351, 1), (358, 1), (365, 3), (367, 6), (369, 5), (380, 1), (385, 4), (387, 3), (391, 1), (400, 5), (405, 20), (422, 1), (427, 2), (428, 2), (431, 6), (435, 1), (440, 3), (446, 1), (447, 4), (449, 3), (455, 3), (458, 1), (461, 1), (469, 1), (470, 2), (471, 2), (475, 1), (479, 3), (492, 1), (503, 4), (510, 3), (520, 2), (523, 1), (525, 1), (528, 1), (535, 4), (537, 1), (544, 6), (547, 2), (550, 9), (559, 2), (562, 6), (568, 3), (573, 1), (581, 1), (586, 2), (587, 2), (591, 1), (593, 3), (600, 1), (603, 2), (606, 1), (609, 2), (613, 19), (616, 3), (619, 3), (622, 1), (633, 1), (634, 1), (638, 2), (644, 4), (647, 1), (656, 2), (658, 1), (663, 3), (669, 1), (673, 3), (677, 2), (680, 2), (682, 6), (698, 10), (708, 2), (710, 1), (727, 1), (737, 1)
