bras (DF: 1): (483, 1)
brass (DF: 1): (247, 2)
brasstrack (DF: 1): (645, 1)
brat (DF: 3): (101, 2), (246, 1), (483, 1)
brauch (DF: 3): (151, 1), (484, 2), (681, 2)
brav (DF: 1): (707, 1)
brave (DF: 8): (5, 4), (191, 1), (601, 1), (834, 1), (876, 58), (931, 1), (947, 1), (981, 4)
braveheart (DF: 1): (369, 1)
braver (DF: 1): (944, 1)
braveri (DF: 1): (147, 2)
bravo (DF: 1): (181, 1)
braxton (DF: 1): (327, 1)
braz (DF: 3): (173, 2), (403, 1), (776, 1)
brazil (DF: 1): (510, 1)
bread (DF: 9): (183, 1), (302, 1), (558, 1), (574, 1), (587, 2), (642, 1), (702, 1), (829, 1), (842, 1)
break (DF: 99): (2, 1), (3, 1), (7, 3), (20, 3), (27, 2), (33, 2), (36, 20), (64, 8), (82, 1), (104, 7), (122, 3), (131, 2), (142, 1), (183, 2), (202, 1), (220, 1), (222, 1), (231, 2), (237, 1), (241, 3), (247, 6), (253, 1), (259, 1), (270, 2), (281, 1), (290, 1), (294, 1), (301, 1), (310, 18), (358, 1), (363, 3), (373, 1), (378, 3), (380, 1), (383, 1), (409, 2), (449, 1), (451, 1), (475, 1), (478, 1), (501, 9), (517, 1), (535, 2), (554, 1), (586, 1), (590, 3), (603, 2), (604, 8), (609, 2), (616, 1), (622, 1), (642, 1), (646, 1), (657, 1), (669, 1), (672, 1), (674, 1), (680, 2), (708, 2), (732, 1), (745, 2), (749, 1), (756, 2), (770, 2), (777, 4), (802, 1), (809, 1), (818, 3), (845, 3), (856, 2), (861, 6), (870, 2), (883, 3), (898, 2), (904, 1), (925, 1), (948, 4), (953, 2), (958, 4), (970, 5), (987, 4), (990, 1), (226, 1), (228, 1), (367, 1), (368, 1), (408, 1), (495, 4), (497, 2), (737, 1), (738, 1), (754, 4), (798, 1), (800, 1), (866, 4), (868, 1), (930, 1), (931, 1), (955, 1)
breakaway (DF: 1): (856, 1)
breakdown (DF: 1): (387, 1)
breaker (DF: 3): (449, 1), (487, 1), (893, 1)
breakfast (DF: 5): (15, 1), (418, 1), (698, 4), (920, 1), (922, 1)
breakin (DF: 9): (2, 1), (237, 1), (343, 1), (622, 1), (696, 1), (731, 1), (753, 1), (859, 1), (913, 2)
breath (DF: 46): (5, 1), (31, 2), (40, 5), (47, 1), (67, 1), (75, 6), (108, 2), (120, 2), (121, 1), (126, 1), (130, 1), (196, 4), (200, 1), (248, 2), (261, 3), (273, 4), (288, 2), (310, 1), (320, 1), (368, 7), (375, 7), (400, 1), (405, 1), (410, 3), (421, 1), (455, 1), (473, 3), (490, 1), (496, 2), (517, 2), (526, 3), (573, 1), (581, 1), (592, 3), (602, 2), (619, 1), (686, 1), (701, 2), (705, 2), (740, 1), (774, 4), (780, 1), (796, 1), (830, 2), (854, 1), (947, 1)
breathin (DF: 3): (139, 3), (455, 1), (515, 2)
breathless (DF: 2): (122, 1), (818, 1)
brebaj (DF: 1): (885, 1)
brech (DF: 1): (151, 1)
bredrin (DF: 1): (47, 1)
breed (DF: 4): (27, 5), (311, 1), (380, 1), (699, 1)
breez (DF: 7): (76, 1), (164, 1), (306, 2), (522, 1), (798, 3), (805, 1), (936, 2)
breezi (DF: 1): (775, 4)
breezin (DF: 1): (802, 1)
brem (DF: 1): (493, 2)
breng (DF: 1): (175, 1)
brent (DF: 1): (134, 1)
brethren (DF: 1): (362, 1)
brett (DF: 1): (246, 1)
brew (DF: 2): (159, 1), (583, 1)
brian (DF: 1): (15, 1)
brick (DF: 8): (183, 1), (350, 3), (405, 1), (612, 1), (643, 1), (646, 1), (669, 1), (808, 1)
bride (DF: 3): (487, 1), (621, 3), (665, 1)
bridg (DF: 10): (68, 1), (190, 1), (225, 2), (228, 1), (304, 1), (668, 1), (738, 1), (789, 1), (819, 1), (830, 3)
brien (DF: 1): (228, 2)
brigg (DF: 1): (126, 1)
bright (DF: 17): (52, 1), (67, 1), (134, 2), (139, 1), (171, 4), (200, 1), (202, 1), (292, 1), (405, 1), (422, 1), (503, 4), (513, 2), (562, 1), (690, 1), (772, 2), (544, 1), (546, 1)
brighten (DF: 1): (278, 2)
brighter (DF: 4): (20, 1), (73, 1), (340, 8), (419, 1)
brightest (DF: 2): (263, 5), (674, 2)
brik (DF: 1): (246, 1)
brilhando (DF: 1): (213, 1)
brill (DF: 13): (127, 1), (216, 2), (217, 1), (283, 1), (353, 1), (364, 2), (444, 2), (567, 6), (676, 1), (724, 1), (813, 5), (836, 2), (858, 1)
brilla (DF: 1): (194, 1)
brillant (DF: 1): (444, 1)
brillianc (DF: 1): (938, 1)
brilliant (DF: 1): (862, 1)
bring (DF: 73): (31, 1), (48, 2), (56, 1), (58, 1), (74, 18), (128, 1), (147, 1), (161, 1), (166, 2), (176, 6), (179, 1), (181, 1), (200, 1), (204, 4), (232, 2), (246, 2), (248, 1), (253, 1), (262, 1), (278, 2), (306, 5), (313, 1), (324, 1), (340, 4), (352, 1), (356, 2), (365, 1), (391, 8), (405, 1), (406, 1), (440, 8), (452, 2), (471, 1), (493, 1), (503, 24), (513, 2), (522, 6), (526, 2), (541, 1), (575, 3), (583, 2), (606, 2), (613, 2), (618, 1), (678, 1), (690, 6), (722, 1), (743, 1), (753, 1), (758, 8), (773, 15), (789, 5), (802, 2), (830, 1), (838, 1), (842, 1), (853, 1), (873, 1), (893, 1), (905, 1), (925, 1), (927, 1), (930, 1), (933, 2), (939, 1), (942, 1), (950, 1), (80, 1), (81, 1), (546, 1), (547, 3), (573, 7), (574, 1)
