brink (DF: 1): (72, 1)
briquet (DF: 1): (598, 1)
britpop (DF: 3): (126, 1), (131, 1), (939, 1)
bro (DF: 10): (21, 1), (47, 1), (306, 1), (350, 4), (446, 1), (455, 1), (484, 1), (525, 2), (643, 3), (952, 4)
broad (DF: 5): (26, 3), (270, 1), (287, 2), (479, 3), (634, 1)
broadway (DF: 1): (896, 3)
broch (DF: 1): (345, 2)
brochet (DF: 1): (540, 1)
broda (DF: 1): (430, 1)
broeder (DF: 3): (43, 1), (812, 1), (852, 1)
broederliefd (DF: 3): (43, 1), (812, 1), (852, 1)
broke (DF: 33): (51, 10), (81, 1), (140, 2), (150, 2), (169, 2), (176, 6), (183, 1), (191, 2), (219, 1), (220, 1), (235, 2), (244, 1), (264, 2), (302, 1), (377, 3), (486, 1), (504, 1), (516, 1), (536, 2), (579, 1), (581, 2), (591, 1), (689, 1), (714, 1), (746, 2), (753, 1), (805, 1), (846, 3), (857, 1), (893, 4), (915, 1), (951, 1), (993, 1)
broken (DF: 30): (7, 1), (39, 1), (76, 1), (137, 1), (144, 2), (304, 1), (329, 6), (360, 1), (378, 4), (383, 1), (419, 1), (475, 1), (487, 1), (505, 1), (548, 1), (560, 5), (575, 1), (639, 1), (654, 1), (674, 1), (680, 8), (714, 1), (790, 1), (817, 1), (845, 3), (857, 1), (865, 1), (883, 12), (898, 3), (899, 1)
brolli (DF: 1): (81, 1)
bronc (DF: 1): (364, 6)
brook (DF: 2): (263, 1), (389, 1)
brooklyn (DF: 1): (563, 1)
bror (DF: 1): (229, 3)
brormand (DF: 1): (229, 1)
bros (DF: 2): (928, 1), (952, 2)
brot (DF: 2): (151, 1), (355, 3)
brother (DF: 35): (3, 1), (13, 7), (22, 1), (70, 1), (80, 1), (121, 1), (204, 1), (208, 2), (220, 2), (270, 2), (275, 4), (296, 3), (317, 1), (361, 2), (379, 1), (430, 1), (547, 1), (563, 1), (581, 1), (627, 1), (646, 1), (669, 3), (675, 6), (753, 3), (774, 2), (779, 2), (781, 1), (794, 3), (862, 1), (909, 1), (925, 1), (928, 1), (987, 1), (922, 1), (924, 1)
brought (DF: 15): (157, 6), (205, 1), (222, 1), (253, 1), (339, 1), (445, 1), (500, 3), (553, 2), (574, 1), (593, 1), (601, 2), (675, 2), (772, 2), (783, 2), (915, 1)
brown (DF: 19): (2, 1), (31, 1), (77, 2), (80, 1), (121, 1), (200, 1), (210, 1), (220, 1), (237, 1), (298, 8), (434, 1), (553, 2), (622, 1), (691, 1), (712, 1), (775, 1), (781, 1), (974, 3), (988, 2)
brownston (DF: 1): (499, 1)
brr (DF: 5): (63, 3), (524, 3), (673, 1), (696, 1), (938, 1)
brrah (DF: 1): (524, 1)
brrat (DF: 1): (966, 1)
brrr (DF: 3): (173, 1), (808, 1), (938, 6)
brrt (DF: 3): (350, 4), (696, 5), (966, 2)
bruce (DF: 1): (215, 1)
brud (DF: 3): (151, 1), (397, 5), (778, 1)
brudda (DF: 1): (47, 1)
bruddah (DF: 1): (278, 2)
brudi (DF: 1): (484, 1)
bruger (DF: 1): (229, 1)
bruh (DF: 1): (775, 2)
bruis (DF: 1): (140, 2)
brum (DF: 1): (10, 3)
brung (DF: 1): (490, 1)
brush (DF: 1): (948, 2)
brut (DF: 1): (460, 3)
brutal (DF: 3): (443, 1), (483, 2), (707, 5)
brux (DF: 1): (900, 1)
bryan (DF: 1): (853, 1)
brésilien (DF: 1): (34, 4)
brødre (DF: 1): (229, 1)
bts (DF: 1): (687, 1)
bu (DF: 1): (250, 2)
bub (DF: 1): (339, 7)
bubb (DF: 2): (221, 1), (250, 2)
bubba (DF: 1): (925, 1)
bubbl (DF: 10): (40, 1), (247, 4), (270, 1), (315, 1), (554, 1), (654, 1), (770, 1), (841, 1), (842, 1), (904, 1)
bubblegum (DF: 2): (81, 1), (250, 14)
buck (DF: 15): (13, 1), (47, 1), (159, 1), (571, 1), (574, 1), (618, 1), (642, 5), (646, 1), (660, 1), (692, 4), (698, 2), (801, 2), (841, 1), (846, 3), (952, 1)
bucket (DF: 2): (92, 1), (197, 2)
buckin (DF: 1): (941, 1)
buckl (DF: 2): (169, 4), (812, 10)
bud (DF: 2): (198, 1), (858, 2)
buddha (DF: 1): (270, 1)
buddi (DF: 4): (55, 1), (361, 1), (668, 2), (966, 2)
buddz (DF: 1): (905, 2)
budget (DF: 3): (469, 1), (490, 1), (825, 2)
buen (DF: 11): (10, 1), (46, 2), (86, 2), (173, 6), (178, 3), (269, 1), (345, 2), (353, 1), (412, 2), (468, 2), (885, 2)
buena (DF: 1): (299, 1)
bug (DF: 5): (9, 1), (407, 1), (484, 2), (524, 2), (858, 1)
buhay (DF: 1): (871, 1)
bui (DF: 1): (63, 1)
buick (DF: 2): (469, 1), (825, 2)
build (DF: 12): (20, 2), (288, 1), (311, 1), (383, 1), (446, 8), (471, 1), (522, 2), (831, 2), (943, 1), (948, 4), (955, 1), (979, 7)
building (DF: 1): (724, 1)
built (DF: 10): (40, 1), (275, 1), (488, 1), (490, 1), (560, 1), (601, 1), (764, 1), (902, 1), (819, 49), (820, 1)
bujami (DF: 1): (250, 3)
buka (DF: 1): (871, 1)
bukh (DF: 1): (149, 1)
bulki (DF: 1): (248, 1)
bull (DF: 5): (151, 1), (353, 5), (581, 1), (702, 1), (778, 1)
bullet (DF: 11): (181, 2), (218, 1), (222, 1), (239, 3), (303, 4), (338, 1), (392, 1), (559, 2), (616, 1), (623, 3), (689, 1)
