real (DF: 85): (257, 2), (295, 7), (324, 1), (328, 1), (337, 1), (347, 5), (352, 1), (359, 4), (382, 4), (388, 2), (401, 2), (405, 1), (408, 1), (416, 1), (418, 2), (419, 2), (431, 6), (440, 4), (441, 1), (449, 1), (452, 1), (469, 1), (471, 1), (490, 4), (494, 1), (507, 1), (510, 1), (521, 1), (530, 1), (541, 1), (543, 2), (546, 1), (558, 4), (559, 1), (562, 1), (621, 6), (643, 1), (658, 6), (660, 22), (667, 1), (669, 1), (672, 1), (680, 2), (684, 4), (691, 1), (724, 1), (728, 1), (735, 2), (753, 3), (762, 8), (775, 2), (781, 1), (786, 30), (804, 1), (811, 1), (825, 1), (843, 3), (858, 1), (870, 1), (874, 3), (883, 3), (893, 2), (905, 1), (909, 1), (910, 2), (922, 1), (929, 3), (946, 22), (952, 1), (966, 1), (975, 10), (987, 1), (993, 1), (997, 1), (318, 7), (321, 2), (573, 1), (574, 1), (625, 1), (627, 15), (687, 1), (752, 1), (760, 1), (866, 2), (868, 1)
realer (DF: 1): (786, 5)
realest (DF: 3): (672, 1), (746, 1), (905, 3)
realid (DF: 3): (371, 1), (577, 2), (910, 1)
realidad (DF: 1): (194, 1)
realis (DF: 1): (85, 1)
realism (DF: 1): (859, 1)
realiti (DF: 8): (90, 4), (318, 2), (548, 1), (563, 1), (571, 1), (619, 1), (744, 2), (859, 1)
realiz (DF: 20): (18, 1), (130, 1), (228, 1), (295, 1), (314, 3), (324, 5), (403, 1), (455, 1), (521, 4), (571, 1), (621, 3), (704, 1), (712, 3), (729, 2), (740, 1), (798, 2), (859, 1), (955, 2), (970, 1), (991, 5)
realla (DF: 1): (558, 1)
realli (DF: 90): (3, 5), (48, 12), (54, 5), (58, 1), (65, 1), (66, 1), (69, 3), (75, 10), (128, 1), (132, 2), (148, 2), (172, 2), (174, 1), (194, 2), (207, 12), (210, 1), (231, 2), (235, 1), (238, 20), (261, 3), (286, 3), (296, 9), (298, 1), (348, 3), (352, 21), (370, 1), (387, 41), (389, 1), (408, 1), (414, 2), (434, 1), (440, 1), (454, 5), (456, 1), (471, 3), (485, 8), (488, 1), (513, 3), (541, 22), (544, 4), (551, 1), (556, 1), (584, 4), (612, 3), (616, 1), (621, 1), (647, 2), (666, 1), (692, 2), (696, 1), (708, 1), (716, 1), (746, 1), (751, 2), (759, 1), (772, 2), (774, 1), (779, 2), (781, 4), (800, 1), (808, 3), (810, 2), (814, 4), (818, 1), (823, 1), (838, 1), (846, 3), (861, 12), (868, 1), (870, 1), (892, 1), (893, 1), (896, 1), (920, 2), (922, 1), (928, 1), (932, 1), (946, 2), (965, 6), (68, 1), (76, 8), (232, 2), (259, 1), (318, 1), (321, 2), (658, 1), (660, 1), (805, 3), (806, 1), (847, 2)
realm (DF: 1): (40, 1)
realment (DF: 1): (284, 2)
reap (DF: 1): (742, 1)
reaper (DF: 3): (50, 1), (407, 1), (455, 1)
reappear (DF: 1): (682, 1)
rear (DF: 4): (65, 1), (195, 2), (566, 1), (591, 1)
rearrang (DF: 4): (154, 4), (165, 2), (304, 2), (365, 1)
rearview (DF: 1): (301, 1)
reas (DF: 1): (568, 1)
reason (DF: 44): (5, 1), (72, 1), (92, 1), (196, 4), (208, 7), (212, 2), (224, 3), (244, 1), (272, 1), (281, 1), (296, 9), (304, 1), (343, 1), (352, 1), (368, 1), (389, 1), (409, 2), (462, 1), (496, 6), (507, 1), (525, 1), (527, 1), (541, 1), (576, 2), (597, 1), (600, 1), (611, 6), (680, 2), (717, 9), (752, 1), (828, 1), (883, 3), (886, 1), (914, 1), (939, 1), (970, 1), (975, 1), (981, 1), (991, 1), (375, 1), (378, 2), (882, 1), (898, 1), (899, 1)
reassign (DF: 1): (951, 1)
reassur (DF: 1): (507, 1)
reat (DF: 1): (63, 1)
rebas (DF: 1): (217, 1)
rebel (DF: 4): (270, 1), (315, 1), (420, 1), (579, 1)
rebeld (DF: 1): (353, 1)
rebelion (DF: 1): (28, 1)
rebelli (DF: 1): (131, 1)
reborn (DF: 1): (947, 1)
rebot (DF: 1): (567, 3)
rebound (DF: 2): (131, 1), (382, 1)
rebuild (DF: 1): (925, 1)
rebusc (DF: 1): (891, 1)
recal (DF: 5): (408, 1), (629, 1), (718, 1), (721, 1), (734, 2)
recayd (DF: 1): (213, 1)
receiv (DF: 5): (76, 1), (680, 4), (803, 1), (811, 1), (883, 6)
recet (DF: 1): (580, 1)
rechaz (DF: 1): (417, 1)
recht (DF: 2): (175, 1), (397, 1)
recip (DF: 1): (471, 1)
recit (DF: 1): (411, 1)
reckless (DF: 3): (636, 2), (853, 1), (994, 1)
reclamar (DF: 1): (60, 4)
reclinin (DF: 1): (993, 1)
recogn (DF: 4): (672, 1), (819, 1), (865, 2), (950, 1)
recognit (DF: 1): (386, 1)
recoj (DF: 1): (53, 1)
recollect (DF: 1): (803, 1)
recompens (DF: 1): (14, 2)
reconoc (DF: 2): (724, 1), (813, 1)
reconsid (DF: 1): (916, 2)
record (DF: 24): (3, 1), (8, 1), (27, 1), (31, 1), (121, 1), (178, 1), (197, 1), (248, 1), (270, 1), (324, 1), (365, 1), (371, 1), (384, 2), (444, 1), (548, 1), (574, 1), (692, 1), (738, 1), (791, 1), (839, 1), (917, 1), (925, 1), (958, 1), (977, 1)
recordin (DF: 2): (804, 1), (915, 1)
records (DF: 2): (284, 4), (345, 4)
