per (DF: 1): (598, 1)
perc (DF: 2): (412, 8), (696, 1)
percal (DF: 1): (312, 1)
perd (DF: 19): (9, 4), (19, 1), (109, 2), (143, 1), (173, 1), (217, 12), (269, 1), (333, 2), (364, 2), (417, 1), (477, 1), (481, 1), (580, 1), (707, 1), (725, 1), (851, 2), (890, 1), (891, 1), (934, 4)
perdert (DF: 2): (87, 1), (333, 2)
perdi (DF: 2): (46, 3), (213, 1)
perdon (DF: 6): (87, 1), (143, 6), (276, 1), (417, 1), (477, 6), (524, 1)
perdonam (DF: 1): (87, 3)
perfect (DF: 36): (5, 1), (26, 3), (74, 2), (121, 1), (123, 1), (139, 3), (144, 2), (223, 1), (232, 1), (235, 4), (261, 1), (276, 1), (288, 3), (301, 3), (328, 4), (379, 1), (396, 2), (428, 1), (490, 1), (517, 1), (539, 1), (555, 2), (571, 1), (576, 1), (628, 2), (657, 1), (714, 1), (723, 1), (740, 1), (769, 1), (809, 1), (833, 1), (976, 1), (987, 3), (464, 1), (466, 2)
perfekt (DF: 1): (778, 2)
perform (DF: 5): (15, 1), (200, 1), (606, 1), (698, 2), (804, 1)
perfum (DF: 3): (87, 1), (472, 2), (707, 5)
perhap (DF: 1): (464, 1)
peric (DF: 1): (178, 1)
perignon (DF: 4): (229, 1), (586, 1), (628, 1), (740, 1)
perish (DF: 3): (200, 1), (443, 1), (864, 1)
perm (DF: 5): (129, 1), (254, 1), (540, 1), (612, 1), (786, 1)
perman (DF: 46): (54, 2), (66, 1), (126, 1), (129, 2), (131, 1), (137, 1), (145, 2), (190, 2), (200, 1), (201, 2), (225, 2), (254, 2), (266, 2), (291, 2), (346, 2), (359, 2), (375, 2), (422, 2), (464, 2), (482, 1), (521, 1), (523, 2), (551, 2), (553, 2), (573, 2), (587, 2), (612, 2), (629, 2), (638, 2), (659, 2), (668, 2), (695, 2), (705, 2), (721, 1), (723, 2), (743, 2), (745, 2), (749, 2), (760, 2), (790, 2), (855, 2), (865, 2), (939, 1), (974, 2), (898, 2), (899, 2)
permanec (DF: 1): (353, 2)
permeat (DF: 1): (50, 1)
permiss (DF: 4): (165, 2), (169, 3), (497, 1), (781, 6)
permit (DF: 3): (19, 1), (489, 1), (972, 1)
pero (DF: 2): (299, 2), (306, 1)
perpetu (DF: 2): (28, 3), (283, 1)
perr (DF: 6): (53, 1), (178, 1), (276, 1), (312, 1), (353, 2), (858, 2)
perre (DF: 3): (366, 1), (412, 16), (552, 1)
perream (DF: 1): (851, 2)
persecut (DF: 1): (867, 1)
persever (DF: 2): (40, 1), (813, 1)
person (DF: 16): (63, 1), (68, 1), (113, 1), (217, 1), (333, 2), (349, 1), (417, 1), (418, 1), (540, 3), (556, 1), (571, 1), (676, 2), (737, 1), (781, 2), (804, 1), (950, 2)
persona (DF: 1): (687, 1)
perspect (DF: 1): (574, 1)
pert (DF: 1): (637, 1)
pertenec (DF: 1): (648, 3)
peru (DF: 1): (250, 1)
peruuu (DF: 1): (552, 1)
pervers (DF: 1): (368, 1)
pervert (DF: 1): (858, 1)
pes (DF: 6): (276, 2), (399, 1), (417, 1), (539, 2), (628, 1), (711, 1)
pesc (DF: 1): (417, 1)
pest (DF: 1): (353, 1)
pet (DF: 4): (249, 1), (598, 2), (676, 3), (737, 1)
petal (DF: 2): (215, 1), (672, 1)
pete (DF: 2): (95, 1), (248, 1)
peter (DF: 2): (723, 1), (866, 2)
peterman (DF: 1): (993, 2)
petersburg (DF: 1): (650, 1)
petey (DF: 1): (80, 2)
petit (DF: 3): (540, 1), (597, 1), (940, 1)
petrifi (DF: 1): (121, 1)
pettiest (DF: 1): (693, 1)
peu (DF: 2): (540, 1), (637, 2)
peufr (DF: 1): (637, 1)
peur (DF: 1): (34, 1)
peut (DF: 1): (540, 1)
pew (DF: 2): (213, 8), (524, 2)
pezet (DF: 1): (250, 1)
pff (DF: 1): (63, 1)
phantom (DF: 7): (469, 2), (500, 1), (761, 3), (762, 1), (825, 3), (862, 1), (938, 1)
pharrel (DF: 1): (434, 1)
phase (DF: 2): (72, 1), (599, 1)
phaze (DF: 1): (219, 2)
phe (DF: 1): (40, 4)
phemonen (DF: 1): (490, 1)
phenomen (DF: 1): (40, 18)
phetamin (DF: 1): (823, 1)
philli (DF: 5): (172, 4), (182, 1), (220, 1), (477, 1), (964, 1)
phillipp (DF: 1): (673, 1)
phlegm (DF: 1): (446, 1)
phobia (DF: 1): (754, 1)
phoe (DF: 1): (693, 1)
phoenix (DF: 1): (220, 1)
phone (DF: 45): (13, 1), (27, 1), (47, 1), (68, 1), (138, 1), (153, 2), (162, 5), (179, 1), (185, 1), (197, 1), (207, 3), (226, 2), (241, 1), (257, 1), (291, 4), (301, 4), (362, 4), (459, 2), (474, 2), (507, 1), (525, 4), (547, 1), (566, 2), (658, 1), (661, 2), (669, 2), (672, 2), (691, 1), (709, 1), (718, 1), (740, 1), (753, 1), (772, 6), (775, 2), (841, 2), (850, 1), (870, 1), (888, 1), (913, 1), (925, 2), (948, 4), (401, 1), (402, 1), (955, 1), (956, 1)
phoni (DF: 2): (121, 1), (920, 1)
photo (DF: 3): (102, 1), (440, 1), (664, 1)
photograph (DF: 3): (123, 1), (636, 1), (932, 1)
photos (DF: 1): (540, 1)
phrase (DF: 1): (563, 1)
physco (DF: 1): (909, 1)
physic (DF: 1): (490, 1)
pi (DF: 3): (250, 1), (661, 1), (908, 2)
piang (DF: 2): (438, 1), (524, 1)
pib (DF: 1): (417, 1)
pic (DF: 3): (12, 12), (44, 1), (123, 1)
