falcon (DF: 1): (575, 1)
faldit (DF: 1): (46, 1)
fall (DF: 128): (2, 1), (5, 1), (17, 1), (26, 3), (35, 1), (45, 1), (50, 1), (52, 1), (62, 4), (76, 1), (113, 1), (120, 1), (122, 3), (129, 2), (133, 2), (140, 1), (145, 3), (153, 8), (164, 1), (177, 3), (183, 1), (218, 1), (220, 2), (231, 8), (240, 1), (244, 1), (246, 1), (253, 2), (256, 1), (261, 1), (265, 4), (289, 1), (294, 2), (298, 1), (301, 1), (314, 4), (330, 1), (336, 1), (358, 3), (364, 6), (374, 1), (377, 1), (422, 1), (431, 6), (435, 1), (443, 9), (451, 1), (471, 1), (475, 1), (477, 5), (484, 2), (496, 3), (515, 10), (522, 1), (524, 1), (550, 3), (560, 2), (603, 4), (604, 4), (609, 2), (616, 1), (618, 2), (629, 2), (636, 1), (658, 1), (659, 3), (663, 1), (678, 5), (692, 4), (712, 1), (724, 1), (731, 1), (738, 1), (740, 1), (743, 1), (745, 3), (762, 7), (767, 6), (770, 4), (775, 2), (779, 2), (787, 20), (809, 2), (814, 1), (820, 1), (828, 1), (832, 2), (860, 2), (864, 1), (867, 2), (896, 3), (899, 1), (903, 4), (915, 1), (920, 1), (930, 1), (937, 2), (943, 1), (947, 1), (955, 6), (959, 1), (967, 1), (979, 8), (982, 2), (991, 2), (998, 2), (104, 1), (105, 2), (236, 1), (237, 1), (384, 3), (386, 1), (482, 1), (483, 1), (622, 1), (623, 5), (704, 3), (705, 1), (718, 1), (719, 2), (757, 1), (759, 1), (952, 1), (953, 2), (974, 2), (975, 1), (981, 1), (990, 1)
fallen (DF: 5): (416, 1), (573, 1), (764, 1), (779, 2), (834, 1)
fallin (DF: 9): (104, 2), (600, 9), (703, 1), (720, 12), (812, 1), (862, 1), (913, 1), (978, 2), (998, 16)
falloir (DF: 1): (540, 1)
falo (DF: 1): (213, 1)
fals (DF: 5): (40, 1), (72, 1), (276, 1), (347, 1), (886, 1)
falsch (DF: 1): (778, 1)
falsehood (DF: 1): (968, 1)
falt (DF: 8): (252, 2), (444, 2), (512, 1), (628, 1), (711, 2), (724, 1), (836, 2), (889, 6)
falta (DF: 1): (60, 5)
faltars (DF: 1): (439, 4)
faltermey (DF: 1): (316, 1)
fam (DF: 8): (26, 6), (55, 1), (181, 1), (477, 1), (667, 1), (724, 1), (928, 2), (988, 1)
famba (DF: 1): (392, 1)
fame (DF: 13): (69, 3), (102, 1), (138, 1), (153, 2), (270, 1), (386, 1), (490, 1), (536, 1), (660, 1), (673, 1), (804, 1), (840, 3), (925, 1)
famil (DF: 1): (31, 1)
famili (DF: 17): (69, 1), (72, 2), (172, 1), (248, 1), (276, 1), (286, 1), (488, 3), (510, 1), (574, 1), (581, 1), (587, 2), (604, 4), (667, 1), (669, 1), (767, 2), (774, 1), (946, 2)
familia (DF: 2): (299, 1), (306, 1)
familiar (DF: 1): (330, 1)
famous (DF: 4): (102, 4), (324, 1), (673, 2), (804, 1)
famouz (DF: 1): (567, 3)
fan (DF: 7): (55, 1), (102, 3), (175, 1), (197, 1), (213, 1), (417, 1), (684, 1)
fanaberi (DF: 1): (908, 2)
fanci (DF: 3): (123, 5), (339, 1), (814, 4)
fang (DF: 1): (229, 5)
fangt (DF: 1): (151, 1)
fanni (DF: 1): (669, 1)
fannypack (DF: 1): (854, 1)
fans (DF: 1): (178, 1)
fantas (DF: 2): (185, 1), (860, 1)
fantasi (DF: 6): (198, 1), (259, 1), (530, 1), (638, 1), (646, 1), (779, 7)
fantasm (DF: 2): (468, 1), (776, 2)
fantast (DF: 3): (102, 1), (235, 1), (371, 1)
fantic (DF: 1): (44, 1)
far (DF: 53): (9, 1), (39, 2), (63, 1), (74, 2), (103, 6), (114, 1), (121, 1), (122, 1), (131, 2), (134, 2), (144, 1), (203, 4), (212, 6), (220, 1), (253, 1), (263, 1), (286, 2), (306, 1), (310, 1), (323, 1), (330, 1), (356, 2), (375, 14), (396, 4), (456, 1), (464, 1), (515, 2), (517, 1), (532, 2), (546, 1), (562, 1), (585, 2), (629, 2), (658, 3), (664, 2), (712, 3), (731, 1), (764, 1), (774, 2), (803, 1), (835, 1), (843, 2), (856, 4), (902, 1), (927, 1), (936, 5), (946, 2), (956, 1), (970, 1), (146, 2), (147, 1), (343, 1), (344, 2)
farak (DF: 1): (149, 1)
faraway (DF: 2): (664, 1), (770, 1)
farben (DF: 1): (212, 2)
fard (DF: 1): (417, 1)
farewel (DF: 2): (351, 1), (723, 1)
farl (DF: 2): (9, 1), (524, 1)
farlig (DF: 1): (229, 4)
farm (DF: 2): (570, 1), (978, 8)
farmer (DF: 1): (924, 1)
farr (DF: 1): (830, 1)
farru (DF: 1): (299, 2)
farruko (DF: 1): (299, 1)
farther (DF: 2): (288, 3), (829, 1)
fas (DF: 1): (557, 1)
fashion (DF: 6): (106, 1), (268, 4), (352, 1), (541, 1), (951, 5), (971, 1)
fast (DF: 42): (26, 2), (48, 2), (69, 1), (82, 1), (106, 1), (113, 1), (155, 3), (159, 1), (175, 2), (190, 1), (226, 1), (301, 1), (305, 2), (310, 1), (350, 1), (351, 1), (384, 1), (424, 6), (479, 3), (495, 10), (548, 1), (558, 1), (561, 2), (603, 2), (672, 1), (673, 18), (682, 1), (718, 1), (752, 3), (767, 2), (769, 1), (829, 3), (859, 1), (915, 1), (919, 1), (920, 1), (946, 2), (952, 2), (979, 20), (998, 3), (169, 2), (170, 1)
fasten (DF: 1): (369, 1)
faster (DF: 9): (73, 1), (85, 1), (295, 1), (310, 4), (337, 1), (434, 7), (538, 1), (772, 2), (812, 1)
fat (DF: 3): (16, 1), (27, 1), (282, 4)
