fer (DF: 1): (598, 2)
feral (DF: 1): (546, 1)
feria (DF: 1): (988, 2)
fericirea (DF: 1): (335, 2)
ferm (DF: 3): (438, 2), (540, 2), (676, 1)
ferment (DF: 1): (709, 1)
fermin (DF: 1): (276, 3)
feroci (DF: 1): (684, 1)
ferra (DF: 1): (614, 2)
ferrar (DF: 1): (598, 1)
ferrari (DF: 4): (14, 1), (347, 1), (672, 1), (802, 1)
ferv (DF: 1): (213, 1)
fest (DF: 2): (187, 1), (248, 2)
festej (DF: 2): (180, 1), (885, 4)
festiv (DF: 6): (115, 1), (214, 1), (338, 1), (747, 1), (750, 1), (797, 1)
festival (DF: 1): (417, 1)
fetish (DF: 1): (696, 1)
fett (DF: 1): (778, 2)
fetti (DF: 1): (984, 2)
feu (DF: 2): (34, 1), (598, 1)
fever (DF: 3): (192, 1), (223, 1), (279, 1)
few (DF: 2): (284, 2), (667, 1)
ffm (DF: 1): (483, 2)
fi (DF: 6): (125, 1), (246, 1), (247, 24), (693, 1), (746, 3), (905, 2)
fiance (DF: 1): (922, 1)
ficar (DF: 1): (60, 3)
fick (DF: 8): (151, 1), (198, 1), (246, 3), (483, 2), (484, 1), (493, 1), (681, 4), (778, 1)
fickl (DF: 2): (293, 1), (500, 1)
fiction (DF: 1): (368, 1)
fiddl (DF: 1): (379, 4)
fidel (DF: 1): (649, 4)
fiebr (DF: 1): (580, 1)
fiel (DF: 4): (53, 1), (284, 8), (512, 1), (813, 2)
field (DF: 14): (307, 2), (435, 2), (469, 2), (475, 1), (479, 3), (482, 1), (488, 1), (510, 1), (568, 1), (623, 11), (673, 1), (804, 1), (825, 2), (899, 1)
fiend (DF: 10): (27, 4), (70, 1), (255, 1), (469, 1), (581, 10), (684, 2), (731, 1), (802, 2), (825, 2), (922, 1)
fiendin (DF: 1): (993, 1)
fier (DF: 2): (227, 1), (412, 2)
fierc (DF: 2): (158, 1), (896, 3)
fieri (DF: 1): (925, 1)
fies (DF: 1): (198, 1)
fiest (DF: 11): (12, 9), (24, 7), (353, 1), (364, 2), (412, 2), (594, 2), (651, 1), (885, 7), (897, 3), (890, 3), (891, 1)
fiesta (DF: 1): (299, 1)
fifteen (DF: 5): (281, 2), (322, 2), (639, 7), (804, 1), (817, 7)
fifth (DF: 3): (200, 1), (541, 1), (842, 3)
fifti (DF: 7): (205, 1), (350, 1), (593, 1), (804, 1), (808, 1), (829, 3), (966, 1)
figgiti (DF: 1): (547, 1)
fight (DF: 68): (5, 3), (13, 1), (29, 2), (40, 1), (50, 1), (67, 2), (116, 2), (126, 3), (130, 1), (147, 2), (150, 3), (158, 2), (179, 1), (183, 1), (196, 4), (202, 1), (209, 1), (241, 3), (273, 4), (296, 9), (323, 1), (384, 3), (408, 4), (409, 2), (420, 1), (426, 2), (455, 3), (464, 1), (471, 1), (475, 1), (492, 1), (496, 1), (507, 1), (516, 2), (517, 2), (521, 1), (561, 8), (578, 1), (603, 2), (612, 1), (617, 1), (623, 4), (627, 10), (678, 1), (699, 1), (708, 1), (710, 5), (714, 1), (719, 2), (730, 4), (770, 2), (781, 1), (819, 1), (834, 3), (866, 2), (876, 2), (887, 2), (946, 2), (948, 12), (958, 32), (975, 1), (981, 5), (987, 1), (999, 2), (901, 1), (903, 2), (990, 2), (991, 1)
fighter (DF: 2): (482, 1), (958, 2)
fightin (DF: 2): (55, 1), (699, 1)
figur (DF: 15): (69, 1), (87, 1), (92, 2), (159, 1), (196, 4), (212, 8), (220, 8), (255, 1), (324, 1), (350, 3), (407, 1), (772, 2), (849, 1), (862, 1), (952, 1)
figura (DF: 1): (552, 1)
fij (DF: 1): (312, 1)
fil (DF: 3): (151, 1), (371, 1), (637, 1)
fila (DF: 1): (778, 1)
fili (DF: 1): (295, 1)
fill (DF: 38): (13, 1), (43, 2), (47, 1), (104, 1), (119, 1), (157, 1), (196, 8), (200, 1), (202, 1), (241, 3), (248, 1), (288, 1), (379, 1), (386, 1), (442, 1), (461, 4), (474, 2), (486, 1), (488, 1), (501, 1), (510, 1), (513, 1), (592, 4), (603, 2), (621, 1), (646, 1), (699, 2), (740, 1), (767, 4), (810, 4), (824, 2), (842, 1), (925, 1), (926, 1), (932, 1), (991, 1), (528, 1), (529, 2)
fillin (DF: 3): (159, 1), (616, 1), (915, 1)
film (DF: 6): (63, 3), (484, 1), (515, 1), (661, 1), (778, 1), (932, 1)
filmi (DF: 1): (250, 1)
filosofi (DF: 1): (791, 3)
filter (DF: 1): (161, 1)
filth (DF: 1): (546, 1)
filthi (DF: 3): (105, 2), (692, 2), (879, 1)
fin (DF: 24): (9, 3), (12, 2), (14, 6), (44, 1), (178, 2), (187, 3), (229, 1), (349, 1), (371, 1), (438, 2), (444, 1), (468, 1), (524, 2), (539, 8), (598, 5), (649, 1), (676, 2), (711, 2), (724, 1), (776, 2), (897, 2), (910, 1), (934, 1), (982, 2)
final (DF: 18): (51, 1), (58, 1), (180, 1), (288, 2), (333, 4), (344, 2), (402, 2), (455, 3), (489, 2), (521, 9), (531, 1), (679, 2), (701, 1), (760, 1), (906, 1), (914, 1), (934, 3), (988, 1)
financi (DF: 1): (26, 3)
finc (DF: 1): (9, 2)
finca (DF: 1): (681, 1)
find (DF: 19): (2, 2), (20, 1), (26, 3), (35, 1), (40, 3), (67, 2), (81, 1), (112, 1), (120, 1), (135, 2), (139, 3), (155, 3), (196, 4), (198, 1), (202, 1), (205, 1), (210, 1), (215, 1), (220, 4)
