dark (DF: 8): (367, 1), (368, 2), (592, 1), (593, 1), (763, 3), (764, 4), (832, 2), (834, 1)
darken (DF: 2): (592, 2), (931, 1)
darker (DF: 2): (211, 1), (291, 1)
darkest (DF: 2): (5, 3), (171, 4)
darksid (DF: 1): (581, 1)
darl (DF: 27): (5, 1), (83, 1), (98, 2), (109, 1), (135, 1), (301, 2), (309, 9), (327, 1), (396, 4), (412, 2), (531, 14), (559, 1), (564, 1), (573, 1), (577, 1), (639, 1), (657, 2), (688, 1), (736, 1), (817, 1), (850, 5), (884, 2), (906, 6), (913, 1), (925, 25), (262, 3), (264, 1)
darlin (DF: 7): (298, 1), (531, 22), (633, 1), (884, 2), (926, 2), (930, 2), (935, 8)
darm (DF: 2): (580, 5), (889, 1)
darn (DF: 1): (180, 1)
darnel (DF: 1): (348, 1)
dars (DF: 1): (813, 1)
dart (DF: 6): (10, 2), (87, 1), (180, 1), (354, 2), (379, 1), (438, 1)
das (DF: 5): (60, 3), (354, 6), (439, 1), (594, 6), (728, 1)
dash (DF: 5): (124, 1), (175, 2), (537, 4), (541, 1), (688, 1)
dashiki (DF: 1): (89, 4)
dashin (DF: 1): (352, 1)
dasi (DF: 1): (32, 3)
dat (DF: 14): (43, 4), (46, 1), (175, 2), (187, 1), (247, 2), (335, 2), (380, 1), (417, 1), (591, 1), (669, 2), (746, 2), (812, 3), (852, 3), (859, 1)
date (DF: 7): (47, 4), (123, 1), (220, 1), (494, 1), (698, 2), (767, 2), (870, 1)
daughter (DF: 9): (245, 1), (306, 3), (315, 1), (416, 3), (548, 1), (574, 1), (616, 1), (849, 1), (975, 11)
dav (DF: 2): (524, 1), (632, 1)
dave (DF: 6): (47, 1), (533, 2), (629, 2), (669, 2), (691, 1), (986, 1)
davi (DF: 2): (213, 2), (938, 1)
david (DF: 9): (214, 1), (275, 1), (397, 1), (469, 2), (660, 3), (717, 1), (745, 1), (825, 2), (870, 2)
davidson (DF: 1): (95, 1)
davina (DF: 1): (406, 2)
davon (DF: 1): (493, 1)
davver (DF: 1): (438, 2)
dawg (DF: 6): (436, 2), (455, 1), (469, 2), (525, 2), (751, 12), (825, 3)
dawn (DF: 13): (72, 1), (129, 1), (186, 1), (267, 2), (389, 1), (464, 1), (478, 1), (607, 1), (672, 1), (749, 3), (968, 2), (769, 1), (770, 2)
day (DF: 204): (2, 1), (5, 7), (11, 4), (25, 4), (26, 12), (49, 1), (52, 1), (55, 2), (58, 2), (66, 3), (70, 3), (71, 1), (72, 1), (75, 1), (76, 1), (80, 1), (92, 4), (100, 1), (110, 4), (114, 2), (121, 1), (129, 4), (133, 1), (134, 2), (139, 3), (144, 1), (148, 4), (170, 2), (172, 2), (174, 2), (176, 18), (182, 4), (185, 3), (190, 1), (197, 2), (202, 2), (215, 3), (220, 3), (225, 5), (233, 2), (235, 1), (239, 1), (241, 1), (245, 1), (254, 1), (260, 5), (263, 1), (266, 2), (278, 2), (283, 1), (286, 4), (288, 3), (298, 10), (299, 1), (306, 7), (308, 1), (317, 1), (324, 2), (336, 1), (338, 2), (340, 8), (351, 1), (357, 9), (365, 1), (369, 2), (370, 3), (380, 1), (382, 1), (389, 1), (396, 2), (400, 1), (407, 1), (411, 1), (415, 2), (423, 1), (428, 1), (434, 1), (441, 2), (456, 1), (462, 1), (471, 1), (479, 3), (485, 1), (492, 13), (500, 1), (503, 8), (507, 1), (513, 1), (533, 3), (534, 2), (544, 1), (546, 1), (560, 1), (564, 2), (566, 3), (571, 4), (574, 2), (589, 3), (595, 9), (603, 1), (623, 4), (634, 1), (638, 1), (644, 2), (647, 1), (657, 1), (659, 1), (663, 3), (671, 1), (672, 7), (678, 1), (682, 1), (684, 3), (688, 1), (690, 2), (691, 2), (695, 6), (710, 1), (713, 1), (721, 1), (729, 2), (740, 1), (756, 1), (769, 6), (772, 2), (774, 4), (785, 1), (790, 1), (800, 1), (803, 1), (805, 3), (815, 2), (838, 1), (846, 6), (856, 1), (864, 5), (870, 2), (876, 2), (884, 1), (892, 1), (896, 2), (899, 8), (903, 4), (914, 6), (920, 1), (922, 2), (928, 1), (935, 2), (939, 4), (956, 2), (963, 1), (966, 1), (974, 2), (975, 3), (981, 1), (994, 4), (998, 1), (128, 4), (200, 3), (301, 2), (304, 4), (383, 2), (384, 1), (392, 3), (394, 1), (454, 2), (455, 2), (526, 4), (527, 1), (576, 3), (583, 1), (585, 13), (604, 16), (605, 1), (608, 4), (609, 10), (664, 1), (686, 2), (733, 5), (734, 2), (742, 2), (743, 2), (748, 6), (751, 2), (780, 2), (781, 1), (832, 4), (834, 5), (835, 5), (842, 1), (843, 1), (849, 2), (850, 1), (869, 1), (930, 1), (931, 2), (932, 1), (951, 5), (952, 2), (967, 5), (969, 2), (766, 2), (767, 12), (768, 10)
daya (DF: 1): (694, 1)
daycar (DF: 2): (616, 1), (975, 1)
daydream (DF: 2): (473, 1), (701, 1)
daylight (DF: 7): (264, 1), (496, 1), (586, 2), (641, 1), (756, 4), (769, 1), (835, 1)
daym (DF: 1): (412, 4)
daytrip (DF: 1): (168, 2)
dayz (DF: 1): (369, 1)
daz (DF: 1): (182, 1)
daze (DF: 2): (191, 2), (857, 1)
dañ (DF: 2): (252, 2), (762, 1)
dbe (DF: 1): (536, 1)
dc (DF: 2): (303, 1), (529, 1)
ddy (DF: 1): (724, 2)
de (DF: 1): (12, 8)
