mal (DF: 153): (5035, 19), (5049, 1), (5051, 1), (5110, 1), (5126, 1), (5143, 4), (5174, 2), (5218, 1), (5224, 4), (5255, 40), (5352, 2), (5358, 3), (5493, 2), (5512, 1), (5541, 2), (5547, 1), (5559, 1), (5563, 1), (5577, 5), (5592, 3), (5606, 2), (5713, 4), (5745, 2), (5754, 2), (5775, 1), (5796, 3), (5883, 1), (5890, 1), (5962, 3), (5975, 1), (5990, 1), (6025, 1), (6041, 1), (6111, 110), (6234, 1), (6238, 1), (6239, 4), (6251, 1), (6263, 1), (6279, 2), (6289, 3), (6339, 1), (6351, 1), (6422, 1), (6425, 1), (6450, 8), (6485, 1), (6513, 1), (6532, 3), (6588, 6), (6600, 3), (6631, 1), (6768, 1), (6851, 2), (6883, 1), (6889, 1), (7016, 2), (7056, 1), (7166, 1), (7239, 2), (7278, 1), (7283, 14), (7287, 2), (7367, 24), (7373, 1), (7380, 4), (7382, 1), (7411, 4), (7426, 1), (7457, 4), (7463, 2), (7533, 2), (7607, 3), (7632, 1), (7641, 1), (7646, 8), (7653, 2), (7676, 13), (7694, 1), (7726, 2), (7734, 1), (7742, 2), (7766, 6), (7820, 1), (7851, 1), (7863, 1), (7879, 1), (7982, 1), (7983, 1), (8036, 2), (8112, 21), (8130, 10), (8198, 1), (8247, 4), (8278, 1), (8340, 7), (8479, 1), (8482, 1), (8498, 3), (8518, 8), (8542, 1), (8632, 1), (8751, 1), (8817, 1), (8829, 8), (8858, 4), (8883, 1), (8902, 1), (8923, 1), (8932, 1), (8945, 2), (8989, 1), (8994, 1), (8999, 1), (9012, 9), (9039, 3), (9060, 6), (9067, 4), (9087, 1), (9196, 2), (9206, 2), (9246, 2), (9252, 2), (9285, 1), (9302, 1), (9334, 1), (9400, 3), (9420, 3), (9431, 8), (9437, 1), (9469, 2), (9496, 1), (9596, 1), (9652, 2), (9697, 15), (9757, 1), (9797, 2), (9864, 2), (9903, 37), (9906, 40), (9919, 1), (9960, 8), (9974, 2), (9999, 1), (3106, 1), (3108, 2), (4386, 2), (4387, 1), (4948, 1), (4949, 1), (8113, 1), (9383, 6), (9384, 1)
mala (DF: 8): (1669, 2), (2711, 1), (3692, 1), (3870, 1), (5606, 1), (5859, 1), (6289, 2), (8113, 7)
malaa (DF: 2): (670, 1), (7746, 1)
malabo (DF: 1): (4910, 1)
malaiyan (DF: 1): (8534, 2)
malaka (DF: 1): (8829, 1)
malalaga (DF: 1): (4657, 1)
malamig (DF: 1): (4910, 1)
malandr (DF: 1): (9431, 1)
malandra (DF: 2): (1415, 1), (9396, 8)
malandragem (DF: 1): (8363, 1)
malandras (DF: 1): (9302, 1)
malandrin (DF: 1): (4009, 1)
malandriz (DF: 1): (4289, 1)
malandro (DF: 1): (6270, 1)
malay (DF: 2): (4815, 4), (8285, 1)
malayo (DF: 1): (3150, 1)
malcolm (DF: 8): (643, 2), (2315, 1), (4365, 1), (6465, 1), (7302, 1), (7791, 5), (8209, 1), (9140, 3)
malcom (DF: 1): (4365, 1)
malcri (DF: 1): (9496, 1)
mald (DF: 14): (2828, 1), (2898, 5), (3723, 1), (4704, 1), (4729, 1), (5035, 3), (6341, 1), (6871, 1), (7676, 1), (7766, 6), (8892, 1), (9225, 1), (9302, 6), (9797, 8)
maldad (DF: 16): (1415, 2), (1519, 2), (1895, 1), (2210, 1), (3090, 1), (3364, 1), (5118, 2), (6810, 1), (6909, 2), (6947, 1), (7270, 1), (7526, 1), (7676, 2), (7989, 2), (8909, 2), (9252, 1)
maldec (DF: 1): (8131, 1)
maldecirt (DF: 1): (84, 1)
maldicion (DF: 4): (276, 1), (3351, 1), (4209, 2), (8919, 18)
maldig (DF: 2): (1939, 1), (7948, 1)
maldij (DF: 1): (9196, 1)
maldit (DF: 20): (333, 2), (1022, 2), (1582, 1), (2108, 3), (2656, 1), (3080, 1), (3340, 1), (3897, 1), (3908, 13), (4671, 2), (5198, 1), (5745, 2), (5962, 5), (6041, 1), (7196, 1), (7258, 1), (7773, 3), (8733, 1), (9636, 2), (9740, 1)
maldita (DF: 2): (5932, 1), (5940, 5)
maldiv (DF: 1): (3774, 1)
maldivern (DF: 1): (6674, 15)
maldosa (DF: 1): (8052, 4)
maldy (DF: 7): (450, 1), (4189, 2), (4951, 2), (5745, 4), (6974, 1), (7925, 4), (9568, 1)
maldymani (DF: 1): (9568, 1)
male (DF: 7): (1101, 1), (5362, 1), (6474, 1), (7237, 1), (8446, 5), (9217, 2), (9261, 1)
maleannt (DF: 1): (6917, 1)
maleant (DF: 5): (2306, 2), (2604, 1), (3669, 1), (7392, 2), (8112, 1)
maleante (DF: 1): (567, 3)
malecon (DF: 3): (2785, 1), (3603, 1), (9524, 1)
maled (DF: 1): (1800, 1)
maledett (DF: 1): (187, 1)
malefic (DF: 1): (3384, 2)
malentend (DF: 2): (1296, 1), (5198, 1)
malet (DF: 4): (3851, 1), (4666, 1), (6872, 1), (8218, 1)
maleti (DF: 2): (3093, 2), (9960, 4)
malevol (DF: 1): (8841, 1)
malfunct (DF: 1): (4266, 4)
malgast (DF: 1): (1788, 1)
malgeni (DF: 1): (2656, 1)
malgo (DF: 2): (7941, 1), (8505, 1)
malhaejugo (DF: 1): (32, 1)
malhaejulla (DF: 1): (3690, 5)
malhaejwo (DF: 1): (32, 1)
malhal (DF: 1): (32, 1)
malhonnêt (DF: 1): (2425, 1)
