corner (DF: 33): (8279, 1), (8303, 1), (8319, 1), (8359, 2), (8400, 1), (8533, 2), (8547, 1), (8550, 1), (8555, 2), (8635, 5), (8725, 4), (8749, 8), (8779, 1), (8841, 3), (8975, 1), (9027, 1), (9080, 1), (9121, 2), (9234, 3), (9251, 4), (9261, 1), (9394, 1), (9447, 2), (9504, 1), (9561, 2), (9625, 1), (9710, 2), (9751, 1), (9839, 4), (9917, 1), (9936, 1), (9965, 1), (9993, 1)
cornerpiec (DF: 1): (7798, 1)
cornerston (DF: 2): (1261, 1), (5751, 1)
cornerstone10 (DF: 1): (7798, 1)
cornet (DF: 1): (9302, 1)
cornflak (DF: 1): (2459, 3)
corni (DF: 9): (658, 1), (925, 1), (4008, 2), (4407, 1), (7006, 2), (8009, 1), (8554, 1), (9215, 3), (9322, 1)
cornich (DF: 4): (637, 1), (5312, 1), (6761, 1), (7707, 1)
cornrow (DF: 3): (558, 1), (6817, 1), (9668, 1)
coroa (DF: 1): (2711, 1)
corolla (DF: 1): (1132, 1)
coron (DF: 13): (417, 1), (477, 1), (1215, 1), (2332, 1), (2967, 1), (3269, 1), (4032, 1), (4210, 2), (6205, 2), (6485, 1), (7455, 1), (7653, 1), (8518, 3)
corona (DF: 8): (68, 1), (789, 1), (2735, 2), (6011, 2), (6357, 1), (8312, 1), (8358, 1), (8445, 1)
coronen (DF: 1): (3723, 1)
corp (DF: 6): (3213, 1), (4518, 1), (5116, 2), (7607, 1), (7818, 1), (8264, 1)
corpo (DF: 7): (2986, 6), (5007, 1), (5959, 1), (7795, 2), (8946, 5), (9120, 1), (9525, 1)
corpor (DF: 8): (353, 1), (819, 2), (1738, 1), (3232, 1), (5774, 1), (6407, 2), (8088, 1), (8135, 2)
corporal (DF: 2): (1686, 1), (2034, 2)
corporel (DF: 1): (4440, 1)
corps (DF: 5): (1844, 1), (2500, 1), (3754, 1), (5953, 1), (5957, 1)
corr (DF: 80): (53, 1), (276, 6), (284, 2), (364, 6), (858, 1), (1013, 1), (1022, 1), (1095, 1), (1563, 2), (1652, 1), (1659, 1), (1752, 1), (1848, 1), (1850, 1), (1881, 2), (1974, 2), (2020, 1), (2098, 1), (2111, 1), (2150, 3), (2306, 2), (2309, 1), (2498, 1), (3090, 1), (3210, 1), (3214, 1), (3295, 4), (3305, 2), (3316, 1), (3351, 6), (3399, 1), (3572, 1), (3596, 1), (3954, 1), (4162, 2), (4246, 6), (4469, 2), (4568, 6), (4916, 1), (5017, 1), (5020, 1), (5109, 1), (5183, 3), (5436, 1), (5621, 1), (6111, 1), (6152, 1), (6179, 2), (6250, 2), (6279, 2), (6339, 1), (6395, 1), (6397, 2), (6626, 7), (6650, 2), (6706, 1), (6862, 1), (7211, 1), (7415, 1), (7526, 1), (7863, 4), (7925, 1), (8113, 2), (8187, 1), (8198, 1), (8242, 1), (8342, 1), (8353, 1), (8478, 2), (8518, 1), (8945, 1), (8961, 1), (8989, 1), (9087, 1), (9355, 1), (9492, 2), (9558, 36), (9671, 12), (9692, 1), (9876, 1)
corral (DF: 1): (749, 1)
corre (DF: 2): (4671, 2), (9185, 1)
correct (DF: 30): (121, 1), (581, 1), (740, 1), (1143, 1), (1145, 1), (1226, 1), (2658, 1), (2792, 1), (3251, 1), (3917, 1), (3957, 1), (3975, 1), (4355, 2), (4887, 1), (5087, 1), (5162, 3), (5349, 1), (5777, 1), (5851, 1), (6185, 1), (6862, 1), (6870, 2), (7369, 1), (8228, 1), (8242, 1), (8326, 1), (8492, 1), (8655, 1), (9285, 1), (9430, 1)
corrector (DF: 2): (3031, 1), (6878, 1)
correg (DF: 1): (489, 2)
corremo (DF: 1): (9474, 1)
corren (DF: 1): (3902, 1)
correndo (DF: 1): (4016, 8)
corrent (DF: 4): (213, 2), (1183, 1), (6804, 1), (7649, 1)
correr (DF: 2): (2839, 1), (3353, 1)
correria (DF: 2): (6397, 1), (9355, 1)
corrert (DF: 1): (417, 1)
correspond (DF: 4): (417, 4), (1939, 1), (3897, 1), (9915, 2)
correspondi (DF: 1): (87, 1)
corret (DF: 2): (6414, 1), (9606, 1)
correu (DF: 1): (7563, 1)
corri (DF: 1): (46, 1)
corrida (DF: 1): (2680, 1)
corrido (DF: 1): (9875, 1)
corridoi (DF: 1): (1850, 1)
corridon (DF: 1): (3603, 1)
corridor (DF: 5): (474, 2), (1350, 1), (4960, 1), (6410, 1), (9458, 4)
corriendo (DF: 2): (4214, 1), (7876, 4)
corrient (DF: 4): (1305, 1), (4671, 2), (4860, 3), (7392, 2)
corromp (DF: 2): (2967, 1), (4908, 2)
corros (DF: 3): (2775, 10), (4433, 1), (5961, 1)
corrug (DF: 1): (4647, 1)
corrupt (DF: 17): (705, 1), (743, 1), (2181, 1), (2592, 1), (2643, 1), (4746, 1), (5470, 1), (5842, 1), (6121, 1), (6607, 1), (6956, 1), (7024, 1), (7153, 1), (7846, 1), (7952, 1), (8148, 1), (8850, 1)
cors (DF: 5): (438, 1), (3491, 1), (3717, 1), (5392, 3), (6691, 1)
corsag (DF: 1): (8793, 1)
corsak (DF: 1): (6708, 1)
corsic (DF: 1): (34, 1)
corso (DF: 1): (3272, 1)
cort (DF: 34): (24, 2), (252, 1), (256, 1), (567, 3), (1039, 1), (1061, 2), (2070, 1), (3062, 3), (3158, 9), (3219, 12), (3269, 1), (4081, 2), (4209, 1), (4356, 2), (4479, 1), (4560, 1), (4633, 2), (4659, 1), (4671, 2), (5026, 2), (5040, 1), (5126, 2), (5276, 1), (5396, 2), (5480, 1), (5592, 1), (6025, 1), (6513, 1), (6889, 1), (6917, 1), (7104, 2), (7172, 2), (7780, 1), (7799, 1)
