yea (DF: 85): (64, 14), (247, 4), (479, 3), (635, 1), (737, 1), (892, 3), (1011, 1), (1234, 2), (1264, 1), (1293, 5), (1657, 2), (1900, 4), (1949, 1), (2380, 1), (2519, 2), (2723, 1), (2735, 2), (2795, 4), (2892, 5), (3397, 1), (3532, 1), (3800, 2), (3813, 1), (3850, 1), (3957, 3), (4008, 37), (4066, 1), (4078, 3), (4312, 2), (4320, 1), (4324, 2), (4350, 1), (4355, 3), (4452, 2), (4503, 1), (4535, 6), (4569, 1), (4575, 1), (4615, 1), (4638, 1), (4663, 2), (4877, 3), (4889, 14), (4967, 2), (5031, 4), (5135, 8), (5190, 9), (5728, 1), (5780, 1), (5957, 2), (5992, 1), (6106, 2), (6338, 2), (6388, 4), (6741, 6), (6957, 1), (7090, 2), (7133, 1), (7556, 1), (7763, 1), (7937, 1), (7991, 1), (8034, 25), (8038, 3), (8153, 5), (8204, 1), (8206, 2), (8322, 2), (8339, 3), (8387, 1), (8655, 1), (8664, 1), (8705, 1), (8825, 2), (8841, 3), (8862, 3), (9059, 1), (9071, 4), (9104, 6), (9177, 3), (9295, 5), (9370, 3), (9633, 3), (9696, 1), (9710, 4)
yeaaa (DF: 1): (3957, 1)
yeaaaa (DF: 1): (6079, 2)
yeaaaaaaaaah (DF: 4): (1707, 1), (3612, 1), (4466, 1), (8682, 1)
yeaaaaah (DF: 1): (6464, 1)
yeaaaah (DF: 1): (6887, 1)
yeaaaahhhh (DF: 1): (3180, 2)
yeaaah (DF: 1): (7904, 2)
yeaaahh (DF: 2): (4750, 3), (8978, 6)
yeaaahhh (DF: 1): (9336, 1)
yeaah (DF: 5): (1098, 1), (3402, 7), (3697, 1), (8896, 1), (9336, 3)
yeah (DF: 3647): (2, 3), (4, 2), (5, 7), (10, 1), (13, 6), (15, 1), (17, 32), (19, 12), (20, 2), (24, 3), (25, 4), (26, 3), (27, 2), (29, 2), (31, 3), (33, 2), (35, 1), (36, 1), (38, 4), (39, 2), (40, 1), (55, 4), (58, 4), (63, 2), (65, 2), (67, 12), (69, 1), (75, 4), (78, 5), (81, 1), (89, 12), (92, 3), (93, 1), (95, 5), (96, 2), (102, 1), (103, 8), (106, 6), (109, 2), (110, 10), (113, 5), (118, 1), (123, 17), (130, 2), (138, 5), (139, 1), (141, 1), (143, 11), (144, 2), (146, 2), (148, 3), (151, 1), (155, 15), (157, 4), (166, 6), (167, 21), (168, 9), (176, 12), (177, 3), (179, 21), (181, 9), (182, 3), (185, 9), (188, 10), (191, 6), (194, 2), (195, 2), (202, 1), (204, 1), (205, 1), (212, 4), (213, 14), (215, 5), (218, 1), (228, 1), (229, 6), (232, 6), (235, 9), (236, 2), (237, 3), (238, 8), (239, 1), (240, 4), (242, 9), (243, 8), (245, 2), (247, 34), (248, 5), (251, 2), (255, 8), (257, 3), (262, 2), (264, 3), (265, 4), (267, 2), (268, 6), (273, 4), (274, 2), (277, 2), (278, 6), (282, 36), (283, 1), (284, 8), (285, 1), (287, 4), (289, 5), (290, 2), (292, 1), (296, 9), (297, 1), (298, 5), (300, 1), (301, 10), (303, 28), (305, 1), (317, 1), (319, 44), (320, 3), (322, 4), (324, 1), (329, 6), (330, 2), (331, 1), (336, 7), (337, 1), (339, 3), (340, 20), (343, 1), (345, 2), (347, 4), (350, 2), (352, 2), (356, 6), (357, 5), (359, 2), (365, 5), (367, 2), (372, 2), (374, 4), (377, 4), (380, 2), (381, 1), (383, 18), (385, 6), (387, 9), (388, 2), (391, 8), (393, 2), (394, 23), (401, 4), (405, 1), (406, 1), (407, 1), (409, 4), (410, 2), (414, 12), (418, 2), (419, 2), (423, 1), (424, 6), (429, 1), (431, 6), (434, 13), (436, 124), (438, 13), (440, 8), (441, 5), (446, 4), (449, 5), (455, 1), (456, 7), (457, 6), (459, 20), (464, 2), (469, 8), (470, 5), (471, 10), (475, 2), (477, 2), (479, 18), (484, 2), (492, 3), (494, 9), (495, 14), (497, 4), (498, 3), (503, 4), (505, 5), (507, 1), (510, 4), (511, 39), (513, 4), (514, 2), (515, 12), (521, 2), (524, 5), (525, 3), (529, 11), (530, 1), (533, 4), (535, 2), (536, 8), (537, 21), (541, 3), (543, 4), (544, 4), (546, 6), (547, 1), (548, 1), (554, 8), (556, 4), (558, 5), (560, 3), (566, 40), (570, 2), (579, 13), (583, 5), (586, 1), (587, 3), (588, 20), (589, 7), (591, 1), (592, 4), (593, 1), (595, 14), (598, 2), (603, 4), (604, 20), (606, 4), (608, 2), (611, 2), (613, 2), (616, 2), (617, 1), (618, 1), (619, 7), (620, 1), (622, 3), (626, 2), (627, 25), (630, 14), (634, 1), (636, 4), (638, 4), (640, 4), (641, 1), (642, 1), (643, 26), (644, 14), (646, 1), (647, 1), (650, 2), (653, 1), (656, 7), (657, 2), (658, 2), (660, 3), (666, 2), (667, 1), (669, 4), (672, 3), (673, 70), (674, 1), (675, 16), (680, 12), (690, 1), (693, 1), (694, 4), (696, 7), (698, 64), (702, 1), (704, 1), (706, 2), (708, 1), (709, 1), (713, 4), (717, 1), (718, 1), (720, 1), (722, 16), (728, 12), (734, 2), (737, 4), (740, 1), (741, 2), (746, 1), (749, 1), (758, 49), (759, 11), (763, 9), (772, 10), (774, 5), (775, 40), (780, 3), (781, 1), (782, 2), (786, 1), (787, 1), (798, 5), (802, 2), (803, 1), (804, 1), (805, 4), (810, 4), (812, 9), (815, 2), (819, 5), (823, 2), (824, 6), (825, 12), (826, 20), (832, 3), (834, 1), (840, 1), (842, 30), (845, 1), (846, 18), (848, 2), (850, 5), (852, 4), (853, 4), (854, 12), (859, 2), (860, 3), (861, 52), (862, 5), (866, 28), (868, 2), (869, 1), (870, 5), (872, 4), (873, 4), (875, 1), (876, 12), (877, 14), (882, 12), (883, 18), (884, 2), (892, 3), (893, 19), (894, 4), (895, 3), (897, 6), (904, 4), (905, 9), (909, 2), (910, 1), (915, 1), (919, 3), (920, 3), (921, 7), (924, 1), (925, 2), (926, 1), (927, 3), (928, 8), (931, 12), (933, 3), (938, 5), (941, 14), (942, 6), (944, 2), (948, 6), (949, 2), (950, 1), (952, 10), (955, 2), (959, 10), (962, 3), (965, 156), (966, 5), (967, 2), (968, 1), (973, 7), (975, 3), (978, 4), (980, 1), (983, 4), (984, 16), (986, 1), (988, 3), (993, 2), (999, 1), (1001, 3), (1002, 12), (1008, 24), (1011, 1), (1016, 3), (1017, 6), (1018, 1), (1024, 6), (1029, 2), (1033, 1), (1036, 2), (1037, 1), (1038, 29), (1039, 4), (1040, 2), (1041, 1), (1043, 1), (1045, 5), (1050, 1), (1053, 10), (1055, 1), (1056, 12), (1058, 4), (1060, 13), (1067, 1), (1068, 3), (1069, 3), (1070, 10), (1072, 40), (1078, 6), (1080, 1), (1084, 12), (1087, 4), (1092, 3), (1097, 12), (1098, 2), (1100, 1), (1108, 1), (1112, 5), (1117, 4), (1121, 5), (1122, 8), (1126, 8), (1128, 4), (1132, 1), (1133, 1), (1136, 87), (1142, 3), (1143, 25), (1145, 6), (1148, 2), (1150, 4), (1151, 3), (1152, 3), (1154, 2), (1155, 7), (1164, 2), (1166, 2), (1170, 5), (1171, 14), (1174, 7), (1175, 6), (1183, 9), (1185, 3), (1188, 7), (1194, 6), (1197, 3), (1202, 1), (1203, 23), (1204, 7), (1205, 1), (1209, 2), (1210, 7), (1211, 1), (1212, 1), (1214, 12), (1216, 2), (1217, 14), (1219, 4), (1221, 8), (1222, 2), (1229, 6), (1244, 3), (1246, 6), (1248, 29), (1251, 4), (1253, 4), (1256, 6), (1260, 2), (1263, 4), (1267, 10), (1275, 2), (1276, 7), (1277, 12), (1279, 16), (1280, 4), (1284, 6), (1288, 2), (1292, 31), (1295, 3), (1296, 28), (1299, 4), (1301, 1), (1302, 2), (1313, 1), (1314, 4), (1316, 18), (1317, 2), (1321, 2), (1325, 1), (1326, 2), (1327, 4), (1331, 2), (1334, 2), (1335, 6), (1338, 18), (1339, 3), (1342, 4), (1346, 2), (1347, 3), (1351, 8), (1352, 34), (1355, 3), (1374, 2), (1375, 48), (1378, 18), (1385, 3), (1389, 2), (1391, 54), (1393, 2), (1397, 1), (1399, 1), (1400, 1), (1404, 1), (1406, 2), (1408, 6), (1409, 1), (1410, 2), (1413, 2), (1415, 1), (1416, 6), (1418, 2), (1419, 8), (1421, 9), (1429, 2), (1433, 1), (1437, 3), (1438, 21), (1442, 7), (1444, 2), (1447, 5), (1448, 13), (1452, 3), (1453, 9), (1454, 8), (1457, 18), (1459, 2), (1465, 3), (1469, 1), (1474, 10), (1475, 2), (1477, 1), (1478, 4), (1485, 2), (1490, 32), (1491, 2), (1494, 10), (1497, 10), (1498, 6), (1502, 2), (1505, 36), (1508, 2), (1509, 4), (1511, 3), (1516, 8), (1517, 10), (1518, 4), (1519, 4), (1520, 1), (1525, 10), (1526, 4), (1528, 24), (1529, 12), (1530, 1), (1531, 2), (1532, 4), (1539, 9), (1540, 1), (1543, 1), (1545, 3), (1547, 4), (1555, 3), (1556, 12), (1559, 4), (1564, 10), (1565, 16), (1567, 4), (1572, 15), (1573, 8), (1575, 3), (1578, 2), (1579, 9), (1580, 5), (1582, 1), (1588, 2), (1590, 2), (1591, 15), (1592, 1), (1593, 5), (1595, 5), (1598, 48), (1604, 1), (1606, 8), (1610, 1), (1613, 7), (1625, 4), (1626, 42), (1636, 5), (1640, 5), (1642, 1), (1648, 4), (1651, 2), (1653, 10), (1660, 7), (1661, 2), (1664, 24), (1669, 17), (1672, 9), (1676, 2), (1679, 5), (1683, 2), (1685, 13), (1688, 7), (1689, 1), (1691, 16), (1692, 9), (1693, 6), (1695, 9), (1699, 1), (1700, 2), (1703, 28), (1705, 3), (1710, 2), (1712, 1), (1713, 1), (1714, 12), (1716, 1), (1721, 4), (1723, 10), (1725, 14), (1727, 27), (1730, 3), (1733, 1), (1735, 16), (1736, 1), (1739, 16), (1740, 9), (1743, 3), (1744, 4), (1746, 4), (1749, 8), (1750, 16), (1754, 8), (1756, 2), (1757, 1), (1760, 3), (1766, 9), (1767, 4), (1768, 2), (1777, 12), (1778, 6), (1779, 1), (1781, 3), (1784, 1), (1792, 1), (1795, 7), (1796, 4), (1798, 2), (1801, 6), (1803, 4), (1805, 16), (1806, 1), (1808, 2), (1809, 2), (1812, 5), (1817, 2), (1819, 6), (1831, 6), (1836, 5), (1837, 2), (1838, 2), (1839, 33), (1845, 1), (1853, 12), (1854, 12), (1856, 1), (1859, 1), (1862, 1), (1866, 1), (1869, 1), (1870, 3), (1873, 2), (1875, 1), (1878, 6), (1879, 10), (1880, 7), (1882, 3), (1885, 2), (1891, 50), (1893, 3), (1896, 19), (1897, 1), (1900, 34), (1904, 1), (1913, 10), (1915, 2), (1916, 1), (1919, 26), (1920, 15), (1922, 1), (1924, 1), (1929, 2), (1931, 1), (1945, 4), (1949, 4), (1950, 1), (1952, 6), (1955, 16), (1957, 4), (1964, 1), (1966, 3), (1975, 1), (1976, 3), (1979, 32), (1984, 4), (1985, 3), (1989, 3), (1994, 1), (1995, 1), (1996, 17), (1997, 3), (1999, 3), (2000, 2), (2001, 10), (2003, 2), (2007, 1), (2010, 3), (2011, 12), (2012, 1), (2014, 3), (2024, 2), (2026, 1), (2027, 6), (2028, 2), (2030, 1), (2031, 1), (2033, 22), (2037, 6), (2038, 2), (2044, 15), (2045, 7), (2048, 3), (2052, 11), (2056, 2), (2058, 4), (2062, 4), (2063, 2), (2064, 1), (2067, 7), (2068, 3), (2069, 4), (2071, 24), (2075, 1), (2077, 3), (2078, 1), (2080, 3), (2081, 35), (2082, 1), (2083, 1), (2084, 93), (2085, 3), (2092, 4), (2102, 3), (2106, 6), (2109, 4), (2110, 6), (2112, 1), (2114, 2), (2116, 10), (2131, 2), (2132, 1), (2135, 1), (2138, 3), (2143, 1), (2144, 4), (2154, 3), (2155, 8), (2159, 6), (2160, 2), (2166, 2), (2168, 8), (2170, 7), (2172, 2), (2173, 2), (2174, 1), (2175, 12), (2176, 16), (2177, 10), (2186, 80), (2187, 1), (2190, 19), (2192, 12), (2196, 1), (2197, 7), (2198, 1), (2200, 15), (2203, 4), (2205, 4), (2207, 10), (2208, 7), (2210, 9), (2211, 1), (2214, 8), (2218, 1), (2219, 2), (2220, 4), (2223, 13), (2227, 7), (2228, 3), (2231, 2), (2235, 1), (2239, 1), (2240, 4), (2241, 1), (2249, 2), (2250, 5), (2251, 1), (2252, 2), (2253, 8), (2254, 8), (2255, 6), (2256, 39), (2260, 2), (2269, 1), (2270, 7), (2272, 2), (2277, 9), (2282, 2), (2283, 10), (2289, 3), (2290, 7), (2294, 2), (2300, 13), (2307, 5), (2309, 6), (2319, 21), (2321, 1), (2322, 4), (2323, 1), (2326, 1), (2328, 3), (2332, 4), (2341, 1), (2342, 6), (2346, 4), (2354, 1), (2355, 6), (2357, 3), (2358, 2), (2359, 24), (2361, 1), (2365, 2), (2366, 8), (2370, 1), (2375, 5), (2380, 1), (2382, 2), (2383, 12), (2388, 4), (2390, 21), (2391, 2), (2398, 1), (2399, 2), (2402, 27), (2406, 5), (2408, 23), (2410, 2), (2411, 3), (2421, 6), (2422, 2), (2431, 8), (2433, 12), (2436, 2), (2437, 2), (2440, 3), (2442, 1), (2446, 2), (2452, 3), (2453, 12), (2454, 9), (2456, 1), (2459, 6), (2461, 17), (2464, 16), (2465, 4), (2466, 2), (2467, 24), (2469, 20), (2470, 1), (2471, 2), (2472, 4), (2475, 2), (2477, 4), (2482, 1), (2485, 22), (2494, 3), (2495, 3), (2497, 4), (2499, 1), (2503, 2), (2505, 5), (2509, 3), (2511, 12), (2513, 3), (2516, 1), (2520, 56), (2522, 30), (2523, 14), (2524, 2), (2527, 38), (2532, 1), (2533, 36), (2534, 1), (2536, 16), (2540, 2), (2541, 58), (2544, 4), (2546, 2), (2551, 1), (2554, 28), (2557, 7), (2561, 3), (2562, 1), (2563, 9), (2567, 2), (2569, 1), (2570, 19), (2574, 1), (2583, 1), (2584, 1), (2588, 1), (2589, 2), (2592, 6), (2595, 1), (2596, 1), (2607, 2), (2611, 2), (2612, 5), (2613, 19), (2618, 1), (2619, 2), (2622, 4), (2624, 1), (2628, 6), (2631, 4), (2632, 130), (2634, 3), (2644, 10), (2646, 3), (2651, 78), (2655, 1), (2666, 10), (2669, 10), (2670, 3), (2671, 9), (2676, 1), (2679, 8), (2680, 11), (2685, 3), (2686, 2), (2689, 1), (2690, 31), (2693, 1), (2697, 6), (2698, 3), (2699, 3), (2700, 13), (2703, 3), (2704, 6), (2705, 4), (2706, 1), (2707, 6), (2708, 1), (2710, 1), (2712, 5), (2715, 2), (2717, 1), (2719, 9), (2724, 5), (2730, 3), (2733, 1), (2735, 6), (2739, 14), (2741, 3), (2745, 4), (2748, 3), (2752, 2), (2754, 3), (2755, 4), (2759, 1), (2760, 3), (2762, 2), (2764, 2), (2765, 2), (2770, 2), (2774, 6), (2776, 1), (2779, 3), (2780, 1), (2781, 1), (2787, 2), (2790, 4), (2798, 1), (2799, 5), (2801, 3), (2802, 3), (2803, 5), (2809, 1), (2811, 50), (2814, 5), (2816, 6), (2817, 2), (2825, 3), (2826, 1), (2827, 4), (2829, 3), (2831, 5), (2836, 1), (2837, 6), (2838, 4), (2839, 2), (2840, 8), (2842, 2), (2843, 5), (2844, 2), (2847, 2), (2850, 1), (2856, 2), (2858, 1), (2859, 6), (2867, 4), (2868, 2), (2870, 1), (2871, 2), (2872, 2), (2877, 1), (2878, 1), (2879, 4), (2880, 1), (2881, 1), (2882, 16), (2894, 2), (2895, 1), (2896, 1), (2897, 6), (2898, 5), (2903, 5), (2904, 6), (2906, 5), (2908, 2), (2915, 2), (2920, 18), (2927, 1), (2928, 8), (2931, 5), (2936, 4), (2939, 1), (2945, 1), (2948, 10), (2949, 40), (2950, 4), (2954, 2), (2961, 10), (2963, 3), (2964, 5), (2965, 32), (2969, 27), (2974, 1), (2983, 2), (2989, 2), (2991, 15), (2999, 6), (3001, 3), (3002, 10), (3009, 1), (3019, 1), (3021, 1), (3023, 1), (3025, 3), (3027, 1), (3033, 1), (3034, 1), (3036, 10), (3039, 30), (3041, 1), (3044, 1), (3048, 1), (3049, 9), (3050, 2), (3051, 4), (3052, 5), (3054, 4), (3058, 1), (3059, 5), (3060, 4), (3061, 2), (3066, 2), (3067, 6), (3068, 1), (3069, 2), (3075, 8), (3079, 26), (3081, 5), (3083, 2), (3085, 2), (3086, 4), (3087, 2), (3091, 1), (3094, 20), (3095, 6), (3098, 4), (3099, 1), (3100, 1), (3101, 2), (3104, 2), (3110, 16), (3119, 11), (3124, 11), (3126, 1), (3128, 11), (3133, 2), (3143, 6), (3149, 1), (3152, 6), (3156, 3), (3163, 40), (3165, 11), (3168, 9), (3169, 6), (3171, 2), (3178, 30), (3180, 12), (3184, 10), (3185, 1), (3186, 3), (3189, 9), (3192, 1), (3195, 4), (3199, 21), (3200, 2), (3202, 4), (3206, 1), (3207, 1), (3208, 6), (3209, 6), (3216, 4), (3217, 5), (3223, 5), (3225, 3), (3226, 3), (3227, 7), (3228, 4), (3230, 4), (3232, 1), (3237, 4), (3238, 4), (3241, 3), (3243, 1), (3247, 6), (3250, 48), (3251, 1), (3253, 1), (3254, 1), (3258, 7), (3260, 4), (3265, 3), (3267, 2), (3268, 8), (3271, 1), (3272, 1), (3276, 7), (3278, 8), (3282, 6), (3283, 1), (3285, 2), (3286, 9), (3290, 2), (3293, 2), (3294, 10), (3296, 1), (3298, 2), (3300, 3), (3303, 1), (3305, 2), (3310, 5), (3315, 2), (3317, 217), (3318, 4), (3325, 6), (3326, 2), (3327, 8), (3329, 3), (3330, 16), (3331, 16), (3338, 2), (3341, 1), (3342, 1), (3343, 8), (3356, 6), (3360, 26), (3363, 5), (3364, 3), (3367, 8), (3370, 2), (3371, 1), (3374, 1), (3375, 2), (3378, 42), (3382, 1), (3383, 7), (3387, 1), (3393, 1), (3398, 25), (3400, 28), (3404, 3), (3406, 8), (3408, 24), (3410, 1), (3413, 1), (3419, 3), (3420, 3), (3423, 1), (3424, 8), (3426, 1), (3427, 1), (3432, 5), (3433, 2), (3439, 1), (3440, 12), (3442, 1), (3444, 2), (3448, 2), (3450, 6), (3451, 1), (3453, 8), (3461, 17), (3462, 2), (3465, 3), (3466, 18), (3472, 2), (3474, 5), (3478, 2), (3482, 4), (3483, 1), (3485, 4), (3486, 2), (3492, 1), (3493, 4), (3496, 7), (3498, 17), (3501, 2), (3507, 24), (3510, 3), (3512, 6), (3513, 15), (3515, 11), (3516, 1), (3519, 5), (3521, 1), (3526, 2), (3528, 3), (3534, 2), (3537, 10), (3538, 2), (3540, 1), (3546, 2), (3547, 3), (3549, 27), (3551, 1), (3553, 18), (3557, 10), (3558, 2), (3559, 3), (3567, 3), (3568, 1), (3571, 4), (3573, 2), (3574, 1), (3575, 1), (3577, 2), (3579, 10), (3580, 16), (3583, 1), (3584, 2), (3589, 31), (3590, 3), (3591, 4), (3598, 1), (3601, 4), (3602, 2), (3603, 6), (3604, 3), (3611, 12), (3612, 3), (3616, 2), (3626, 4), (3627, 21), (3628, 10), (3631, 2), (3632, 4), (3633, 4), (3635, 1), (3636, 5), (3638, 8), (3641, 57), (3644, 1), (3647, 2), (3651, 17), (3654, 6), (3659, 23), (3660, 2), (3664, 1), (3666, 15), (3670, 3), (3671, 2), (3676, 2), (3677, 2), (3680, 5), (3681, 8), (3685, 8), (3689, 2), (3690, 4), (3696, 2), (3698, 2), (3700, 16), (3702, 21), (3705, 1), (3706, 4), (3707, 18), (3713, 4), (3718, 1), (3719, 2), (3722, 1), (3723, 1), (3724, 2), (3726, 1), (3727, 3), (3730, 10), (3731, 4), (3733, 3), (3738, 3), (3740, 2), (3742, 3), (3743, 6), (3746, 1), (3748, 3), (3749, 1), (3750, 54), (3753, 4), (3754, 1), (3757, 2), (3758, 10), (3759, 2), (3760, 3), (3761, 3), (3762, 7), (3764, 4), (3767, 2), (3773, 6), (3774, 10), (3777, 2), (3783, 70), (3784, 4), (3788, 2), (3789, 3), (3793, 14), (3803, 2), (3806, 2), (3807, 16), (3809, 7), (3811, 2), (3816, 15), (3817, 8), (3821, 1), (3822, 1), (3824, 7), (3826, 28), (3840, 3), (3842, 2), (3845, 1), (3846, 1), (3850, 1), (3864, 4), (3865, 7), (3867, 7), (3869, 2), (3873, 3), (3874, 4), (3875, 1), (3878, 2), (3879, 1), (3880, 8), (3893, 2), (3897, 3), (3899, 4), (3901, 7), (3902, 2), (3904, 6), (3905, 3), (3906, 14), (3907, 2), (3911, 2), (3917, 5), (3922, 7), (3924, 2), (3926, 1), (3928, 3), (3930, 8), (3937, 48), (3938, 1), (3944, 6), (3945, 3), (3946, 3), (3947, 3), (3948, 3), (3956, 5), (3958, 34), (3960, 1), (3964, 8), (3965, 2), (3970, 1), (3976, 2), (3983, 9), (3986, 3), (3988, 6), (3991, 8), (3992, 4), (3993, 15), (3995, 2), (3999, 1), (4000, 3), (4003, 3), (4008, 5), (4010, 11), (4016, 9), (4017, 2), (4018, 6), (4019, 3), (4021, 2), (4022, 8), (4023, 7), (4026, 6), (4027, 1), (4028, 5), (4039, 2), (4043, 5), (4044, 5), (4045, 2), (4046, 11), (4048, 2), (4050, 2), (4051, 2), (4053, 14), (4056, 6), (4058, 3), (4059, 1), (4062, 1), (4064, 3), (4066, 3), (4067, 1), (4068, 1), (4072, 3), (4076, 5), (4082, 5), (4084, 23), (4085, 1), (4087, 1), (4091, 13), (4092, 37), (4098, 5), (4107, 5), (4109, 3), (4111, 1), (4113, 20), (4119, 13), (4121, 4), (4122, 3), (4123, 1), (4124, 1), (4127, 2), (4128, 6), (4136, 24), (4138, 7), (4144, 14), (4146, 1), (4149, 2), (4151, 1), (4154, 9), (4155, 1), (4159, 3), (4164, 9), (4165, 4), (4166, 7), (4169, 5), (4170, 5), (4175, 3), (4177, 3), (4178, 1), (4180, 9), (4182, 2), (4185, 1), (4188, 30), (4190, 4), (4194, 3), (4196, 4), (4199, 1), (4201, 15), (4202, 2), (4205, 7), (4206, 1), (4208, 1), (4211, 3), (4213, 1), (4218, 3), (4222, 5), (4226, 5), (4231, 2), (4232, 16), (4233, 4), (4243, 2), (4245, 6), (4248, 1), (4249, 4), (4250, 3), (4251, 3), (4255, 1), (4256, 25), (4259, 3), (4261, 5), (4262, 6), (4263, 3), (4264, 4), (4267, 2), (4270, 3), (4271, 6), (4274, 2), (4276, 2), (4281, 6), (4285, 4), (4295, 1), (4298, 2), (4299, 15), (4301, 4), (4304, 2), (4308, 1), (4309, 1), (4310, 7), (4313, 7), (4317, 4), (4329, 11), (4333, 2), (4338, 16), (4339, 70), (4341, 3), (4345, 2), (4349, 4), (4356, 2), (4357, 1), (4359, 5), (4360, 9), (4361, 6), (4364, 4), (4365, 1), (4366, 4), (4367, 1), (4372, 4), (4381, 4), (4384, 6), (4390, 8), (4392, 1), (4397, 4), (4398, 22), (4407, 1), (4409, 1), (4411, 1), (4412, 20), (4417, 9), (4419, 3), (4420, 8), (4422, 2), (4432, 6), (4436, 5), (4438, 2), (4441, 2), (4443, 2), (4446, 5), (4447, 6), (4456, 1), (4459, 2), (4460, 4), (4461, 2), (4465, 2), (4469, 4), (4470, 3), (4472, 1), (4473, 5), (4474, 1), (4477, 2), (4481, 4), (4482, 9), (4485, 1), (4490, 7), (4493, 6), (4495, 6), (4497, 48), (4498, 3), (4503, 6), (4504, 10), (4506, 43), (4508, 3), (4514, 3), (4515, 4), (4517, 2), (4519, 1), (4520, 3), (4523, 4), (4525, 4), (4537, 1), (4542, 2), (4549, 8), (4551, 2), (4552, 33), (4553, 10), (4558, 16), (4566, 3), (4572, 2), (4574, 2), (4575, 2), (4576, 6), (4580, 9), (4581, 5), (4582, 3), (4583, 22), (4586, 1), (4587, 1), (4589, 1), (4592, 7), (4593, 2), (4596, 2), (4600, 20), (4604, 7), (4607, 4), (4608, 7), (4610, 1), (4612, 2), (4616, 6), (4617, 4), (4621, 9), (4622, 1), (4623, 2), (4624, 3), (4625, 2), (4628, 1), (4629, 1), (4631, 1), (4637, 12), (4638, 2), (4639, 2), (4641, 1), (4642, 2), (4643, 3), (4645, 2), (4647, 2), (4649, 1), (4651, 1), (4652, 3), (4653, 5), (4656, 4), (4662, 1), (4665, 10), (4667, 1), (4668, 1), (4669, 6), (4673, 21), (4679, 9), (4680, 16), (4681, 1), (4683, 1), (4684, 2), (4688, 9), (4692, 4), (4693, 4), (4695, 14), (4697, 1), (4698, 1), (4702, 2), (4706, 2), (4708, 1), (4713, 1), (4716, 2), (4717, 1), (4718, 12), (4719, 9), (4720, 2), (4721, 2), (4722, 2), (4723, 1), (4727, 1), (4728, 2), (4731, 4), (4733, 3), (4736, 105), (4738, 1), (4742, 1), (4750, 6), (4752, 13), (4754, 13), (4756, 23), (4757, 31), (4758, 23), (4762, 6), (4764, 2), (4773, 2), (4776, 1), (4779, 12), (4781, 1), (4784, 21), (4785, 4), (4789, 5), (4793, 1), (4806, 2), (4808, 2), (4811, 2), (4818, 2), (4820, 24), (4823, 1), (4824, 16), (4825, 25), (4827, 1), (4829, 1), (4830, 1), (4831, 3), (4833, 2), (4834, 1), (4837, 11), (4838, 6), (4841, 1), (4842, 1), (4843, 1), (4845, 1), (4846, 3), (4848, 2), (4849, 1), (4853, 5), (4854, 6), (4856, 17), (4857, 2), (4859, 2), (4862, 2), (4865, 1), (4870, 3), (4871, 22), (4872, 1), (4874, 3), (4878, 3), (4880, 1), (4881, 1), (4884, 4), (4886, 2), (4887, 6), (4897, 9), (4899, 5), (4901, 5), (4902, 4), (4904, 1), (4905, 1), (4907, 4), (4911, 11), (4912, 13), (4918, 10), (4920, 2), (4922, 1), (4925, 5), (4930, 2), (4931, 1), (4933, 4), (4935, 4), (4938, 4), (4941, 5), (4944, 2), (4948, 2), (4956, 1), (4959, 6), (4960, 1), (4962, 1), (4965, 1), (4968, 1), (4969, 4), (4973, 15), (4977, 35), (4978, 8), (4979, 2), (4981, 1), (4982, 16), (4984, 1), (4993, 2), (4995, 2), (4997, 3), (5004, 2), (5010, 2), (5012, 1), (5013, 2), (5014, 1), (5015, 2), (5019, 1), (5021, 6), (5022, 1), (5024, 5), (5025, 16), (5030, 3), (5035, 3), (5036, 4), (5037, 4), (5042, 14), (5043, 1), (5047, 1), (5050, 1), (5052, 37), (5061, 2), (5063, 10), (5064, 2), (5065, 5), (5075, 3), (5076, 3), (5078, 2), (5081, 1), (5082, 2), (5084, 2), (5087, 15), (5088, 5), (5094, 2), (5098, 3), (5103, 1), (5105, 2), (5106, 3), (5108, 2), (5109, 5), (5110, 1), (5111, 4), (5115, 4), (5116, 36), (5117, 3), (5122, 3), (5123, 22), (5124, 1), (5126, 11), (5132, 7), (5137, 2), (5141, 4), (5144, 27), (5149, 2), (5150, 2), (5151, 4), (5153, 5), (5156, 12), (5157, 1), (5158, 3), (5164, 1), (5165, 1), (5173, 1), (5174, 4), (5176, 10), (5177, 10), (5179, 6), (5184, 2), (5186, 2), (5188, 27), (5189, 1), (5190, 3), (5192, 7), (5195, 3), (5200, 5), (5203, 1), (5204, 1), (5207, 17), (5208, 3), (5210, 2), (5212, 16), (5214, 3), (5219, 1), (5221, 96), (5222, 7), (5224, 2), (5225, 4), (5227, 4), (5228, 18), (5229, 1), (5234, 3), (5236, 1), (5237, 2), (5242, 6), (5243, 1), (5245, 11), (5249, 11), (5250, 2), (5251, 17), (5252, 2), (5255, 76), (5256, 12), (5258, 12), (5260, 1), (5263, 2), (5264, 6), (5269, 1), (5271, 1), (5277, 1), (5280, 6), (5281, 1), (5285, 4), (5289, 1), (5292, 5), (5293, 55), (5294, 1), (5296, 1), (5300, 1), (5302, 1), (5303, 1), (5308, 2), (5310, 26), (5312, 1), (5313, 2), (5315, 3), (5319, 1), (5323, 6), (5325, 2), (5326, 30), (5329, 28), (5330, 12), (5333, 10), (5335, 11), (5338, 1), (5342, 7), (5344, 10), (5345, 1), (5346, 4), (5351, 3), (5352, 14), (5357, 5), (5358, 1), (5359, 5), (5361, 6), (5365, 2), (5367, 1), (5368, 2), (5369, 2), (5370, 3), (5372, 3), (5378, 2), (5379, 13), (5381, 2), (5382, 10), (5392, 1), (5394, 4), (5395, 3), (5403, 3), (5406, 2), (5408, 3), (5409, 17), (5410, 2), (5413, 2), (5414, 1), (5419, 3), (5421, 4), (5422, 2), (5423, 2), (5425, 19), (5426, 2), (5428, 2), (5429, 4), (5435, 4), (5437, 2), (5438, 15), (5440, 7), (5444, 2), (5445, 2), (5446, 5), (5447, 1), (5450, 10), (5451, 8), (5452, 1), (5453, 3), (5454, 5), (5455, 9), (5457, 3), (5459, 2), (5461, 2), (5464, 1), (5465, 2), (5466, 14), (5467, 1), (5468, 1), (5471, 3), (5474, 1), (5478, 4), (5481, 2), (5484, 3), (5485, 10), (5486, 1), (5488, 4), (5489, 7), (5490, 4), (5491, 2), (5494, 1), (5495, 2), (5496, 39), (5497, 1), (5500, 3), (5502, 4), (5503, 18), (5506, 1), (5507, 2), (5509, 12), (5511, 1), (5513, 10), (5514, 3), (5516, 3), (5519, 12), (5521, 1), (5522, 34), (5523, 3), (5525, 16), (5526, 5), (5527, 1), (5529, 1), (5536, 8), (5538, 2), (5543, 12), (5544, 6), (5547, 3), (5551, 7), (5555, 2), (5558, 1), (5559, 1), (5561, 4), (5563, 2), (5569, 8), (5570, 86), (5572, 4), (5578, 18), (5581, 14), (5583, 11), (5584, 6), (5586, 2), (5587, 2), (5588, 10), (5589, 5), (5591, 2), (5592, 10), (5595, 6), (5596, 4), (5599, 3), (5602, 4), (5603, 2), (5605, 16), (5606, 2), (5609, 3), (5612, 2), (5614, 5), (5627, 6), (5628, 28), (5629, 8), (5633, 18), (5637, 12), (5642, 3), (5645, 3), (5647, 2), (5653, 4), (5656, 3), (5658, 42), (5661, 6), (5667, 62), (5668, 21), (5671, 2), (5674, 1), (5680, 4), (5682, 2), (5683, 1), (5686, 8), (5687, 5), (5692, 2), (5695, 5), (5697, 18), (5698, 1), (5707, 2), (5711, 12), (5712, 2), (5717, 2), (5720, 10), (5725, 5), (5727, 2), (5733, 6), (5740, 2), (5742, 1), (5748, 2), (5751, 9), (5753, 3), (5758, 2), (5759, 1), (5760, 17), (5765, 18), (5766, 4), (5769, 2), (5770, 6), (5771, 1), (5772, 1), (5773, 2), (5782, 8), (5783, 3), (5794, 1), (5796, 3), (5797, 24), (5800, 4), (5802, 56), (5803, 18), (5804, 12), (5805, 5), (5808, 3), (5809, 4), (5814, 1), (5815, 11), (5816, 15), (5817, 1), (5819, 1), (5820, 3), (5822, 9), (5823, 2), (5828, 1), (5831, 8), (5833, 1), (5835, 8), (5837, 4), (5838, 7), (5840, 2), (5851, 5), (5859, 5), (5860, 3), (5861, 2), (5862, 2), (5863, 9), (5865, 14), (5866, 1), (5868, 1), (5869, 6), (5870, 1), (5872, 4), (5873, 4), (5874, 3), (5877, 10), (5879, 4), (5880, 10), (5886, 9), (5888, 10), (5889, 4), (5891, 7), (5896, 3), (5897, 1), (5898, 2), (5901, 4), (5905, 2), (5908, 6), (5909, 4), (5912, 8), (5914, 6), (5915, 3), (5917, 4), (5926, 5), (5927, 9), (5929, 10), (5933, 4), (5939, 3), (5941, 1), (5942, 5), (5943, 7), (5946, 24), (5955, 1), (5959, 14), (5968, 8), (5969, 3), (5970, 111), (5971, 10), (5978, 1), (5979, 26), (5981, 4), (5987, 3), (5998, 6), (5999, 2), (6000, 6), (6002, 2), (6005, 4), (6006, 7), (6012, 3), (6019, 11), (6020, 3), (6027, 1), (6029, 2), (6032, 3), (6033, 3), (6038, 4), (6039, 3), (6041, 5), (6042, 1), (6045, 7), (6046, 1), (6048, 3), (6050, 4), (6052, 22), (6056, 8), (6064, 20), (6066, 2), (6073, 1), (6074, 2), (6079, 2), (6082, 10), (6086, 4), (6090, 7), (6092, 2), (6094, 1), (6095, 1), (6096, 6), (6098, 4), (6100, 2), (6102, 63), (6104, 2), (6105, 4), (6108, 2), (6114, 3), (6115, 1), (6118, 11), (6121, 3), (6124, 6), (6128, 7), (6130, 2), (6132, 1), (6134, 2), (6137, 67), (6138, 25), (6142, 4), (6144, 9), (6146, 1), (6147, 1), (6148, 6), (6149, 1), (6150, 20), (6151, 3), (6154, 17), (6155, 1), (6161, 11), (6163, 24), (6165, 1), (6166, 3), (6170, 2), (6179, 2), (6182, 3), (6185, 3), (6186, 2), (6189, 1), (6195, 2), (6196, 1), (6202, 4), (6205, 8), (6213, 1), (6215, 1), (6216, 4), (6217, 2), (6219, 4), (6220, 3), (6226, 1), (6228, 4), (6229, 16), (6232, 5), (6234, 6), (6236, 1), (6237, 16), (6239, 5), (6243, 1), (6244, 3), (6249, 1), (6251, 4), (6256, 3), (6258, 1), (6260, 2), (6264, 2), (6265, 1), (6266, 2), (6268, 1), (6271, 13), (6272, 1), (6275, 11), (6278, 4), (6281, 16), (6284, 2), (6285, 1), (6286, 1), (6289, 71), (6292, 2), (6304, 4), (6306, 5), (6308, 2), (6312, 3), (6313, 3), (6315, 2), (6322, 3), (6324, 2), (6325, 5), (6326, 8), (6327, 5), (6333, 2), (6334, 2), (6336, 3), (6338, 3), (6345, 1), (6350, 4), (6351, 1), (6352, 7), (6353, 7), (6354, 2), (6355, 14), (6363, 1), (6365, 10), (6372, 1), (6376, 8), (6381, 1), (6382, 8), (6385, 5), (6390, 3), (6396, 8), (6399, 1), (6402, 34), (6408, 3), (6411, 9), (6414, 5), (6415, 9), (6420, 2), (6422, 2), (6430, 5), (6432, 6), (6433, 4), (6435, 1), (6437, 15), (6438, 2), (6440, 8), (6441, 1), (6442, 16), (6446, 11), (6447, 1), (6450, 3), (6452, 2), (6454, 1), (6456, 1), (6457, 2), (6458, 2), (6459, 1), (6461, 4), (6462, 2), (6464, 2), (6465, 15), (6467, 1), (6472, 2), (6474, 1), (6477, 2), (6478, 2), (6483, 5), (6485, 2), (6487, 2), (6490, 10), (6491, 16), (6495, 3), (6496, 2), (6497, 3), (6499, 6), (6508, 6), (6512, 13), (6513, 7), (6514, 5), (6518, 2), (6521, 21), (6524, 1), (6527, 1), (6529, 5), (6535, 3), (6538, 2), (6541, 12), (6542, 21), (6543, 12), (6547, 8), (6548, 3), (6552, 2), (6553, 1), (6555, 3), (6565, 3), (6568, 1), (6569, 8), (6570, 1), (6572, 15), (6573, 5), (6575, 58), (6583, 1), (6585, 4), (6587, 1), (6591, 9), (6595, 37), (6597, 2), (6598, 2), (6600, 4), (6602, 7), (6603, 6), (6604, 2), (6612, 75), (6614, 3), (6615, 3), (6616, 3), (6618, 4), (6624, 7), (6627, 1), (6629, 2), (6644, 13), (6646, 56), (6649, 2), (6650, 8), (6651, 4), (6654, 5), (6657, 6), (6659, 3), (6661, 5), (6670, 3), (6672, 7), (6674, 1), (6677, 6), (6684, 2), (6686, 7), (6687, 7), (6691, 7), (6693, 24), (6695, 5), (6696, 1), (6709, 26), (6712, 3), (6713, 5), (6714, 36), (6720, 1), (6725, 18), (6726, 3), (6730, 3), (6731, 3), (6732, 1), (6734, 11), (6736, 1), (6742, 2), (6745, 1), (6746, 3), (6747, 14), (6749, 2), (6751, 14), (6755, 3), (6757, 2), (6759, 1), (6760, 9), (6761, 1), (6768, 2), (6770, 1), (6771, 1), (6775, 11), (6777, 5), (6778, 12), (6780, 7), (6783, 6), (6790, 1), (6792, 6), (6794, 24), (6795, 3), (6800, 5), (6802, 45), (6803, 4), (6804, 14), (6808, 2), (6809, 1), (6813, 1), (6817, 7), (6818, 1), (6819, 2), (6824, 2), (6827, 6), (6828, 1), (6829, 1), (6831, 8), (6832, 30), (6834, 14), (6835, 2), (6836, 1), (6839, 3), (6844, 2), (6845, 3), (6846, 1), (6847, 2), (6848, 3), (6850, 2), (6853, 7), (6854, 4), (6856, 6), (6858, 7), (6863, 7), (6865, 4), (6867, 1), (6871, 5), (6876, 2), (6879, 3), (6883, 1), (6885, 11), (6886, 5), (6889, 20), (6890, 1), (6891, 2), (6894, 7), (6895, 1), (6897, 28), (6903, 13), (6905, 20), (6906, 33), (6909, 6), (6910, 42), (6912, 1), (6913, 24), (6914, 19), (6918, 18), (6919, 5), (6920, 3), (6923, 1), (6929, 10), (6932, 30), (6933, 5), (6936, 2), (6941, 1), (6942, 9), (6945, 32), (6947, 9), (6951, 4), (6952, 1), (6953, 1), (6955, 1), (6963, 2), (6965, 1), (6969, 3), (6970, 39), (6973, 5), (6975, 1), (6977, 16), (6979, 3), (6981, 39), (6982, 1), (6983, 17), (6986, 8), (6990, 2), (6992, 2), (6999, 9), (7001, 1), (7004, 1), (7010, 1), (7011, 6), (7016, 2), (7018, 6), (7019, 3), (7020, 1), (7021, 8), (7023, 1), (7026, 4), (7028, 20), (7030, 6), (7032, 2), (7034, 1), (7041, 8), (7043, 3), (7044, 2), (7046, 16), (7047, 1), (7054, 1), (7055, 2), (7061, 2), (7064, 1), (7065, 12), (7066, 4), (7073, 1), (7079, 6), (7080, 12), (7081, 3), (7083, 5), (7084, 11), (7085, 4), (7088, 18), (7090, 5), (7091, 3), (7099, 3), (7103, 4), (7105, 97), (7106, 36), (7108, 2), (7113, 8), (7118, 2), (7121, 1), (7123, 2), (7129, 2), (7130, 1), (7133, 3), (7134, 1), (7136, 3), (7137, 5), (7142, 10), (7143, 3), (7147, 22), (7151, 60), (7154, 3), (7155, 6), (7157, 6), (7161, 7), (7163, 3), (7165, 9), (7167, 18), (7173, 1), (7180, 1), (7182, 2), (7190, 9), (7192, 1), (7198, 2), (7202, 3), (7204, 12), (7207, 1), (7213, 21), (7214, 9), (7215, 1), (7216, 1), (7217, 8), (7218, 1), (7220, 16), (7224, 2), (7225, 2), (7227, 2), (7229, 4), (7231, 1), (7233, 39), (7235, 3), (7237, 3), (7242, 4), (7245, 2), (7250, 3), (7253, 2), (7255, 5), (7256, 2), (7257, 1), (7264, 1), (7266, 4), (7270, 3), (7275, 24), (7276, 39), (7282, 4), (7289, 3), (7290, 1), (7292, 14), (7293, 1), (7295, 19), (7296, 2), (7297, 3), (7298, 26), (7301, 1), (7302, 21), (7303, 10), (7304, 5), (7312, 3), (7316, 2), (7318, 12), (7319, 13), (7320, 6), (7323, 2), (7325, 8), (7327, 2), (7329, 14), (7332, 12), (7333, 2), (7337, 6), (7341, 1), (7342, 12), (7345, 1), (7356, 2), (7360, 1), (7361, 13), (7367, 24), (7369, 4), (7370, 16), (7373, 6), (7376, 11), (7378, 1), (7382, 81), (7387, 4), (7388, 4), (7391, 4), (7396, 1), (7402, 5), (7407, 3), (7409, 10), (7410, 2), (7411, 3), (7415, 14), (7429, 2), (7435, 8), (7436, 5), (7438, 1), (7441, 6), (7442, 39), (7443, 4), (7453, 2), (7454, 32), (7455, 2), (7458, 2), (7459, 1), (7461, 78), (7462, 4), (7464, 3), (7465, 2), (7467, 13), (7470, 2), (7472, 1), (7473, 3), (7474, 1), (7480, 14), (7481, 5), (7485, 1), (7486, 5), (7497, 6), (7502, 6), (7509, 7), (7515, 6), (7516, 17), (7518, 7), (7529, 2), (7530, 1), (7534, 2), (7535, 27), (7537, 1), (7540, 2), (7545, 2), (7548, 1), (7550, 2), (7553, 4), (7554, 2), (7557, 3), (7558, 2), (7559, 2), (7561, 3), (7563, 2), (7564, 4), (7565, 4), (7569, 2), (7571, 7), (7576, 10), (7580, 3), (7581, 1), (7583, 2), (7585, 9), (7588, 2), (7591, 2), (7592, 16), (7600, 3), (7610, 4), (7622, 8), (7623, 2), (7635, 3), (7646, 9), (7648, 1), (7654, 2), (7659, 6), (7661, 20), (7662, 1), (7666, 5), (7670, 3), (7671, 7), (7672, 1), (7681, 15), (7684, 63), (7685, 5), (7691, 11), (7692, 1), (7696, 1), (7698, 15), (7699, 5), (7702, 2), (7708, 3), (7712, 1), (7713, 3), (7714, 2), (7717, 34), (7721, 1), (7728, 1), (7732, 7), (7737, 2), (7738, 21), (7739, 2), (7742, 6), (7744, 13), (7747, 1), (7748, 2), (7749, 2), (7751, 1), (7752, 8), (7753, 2), (7756, 7), (7757, 10), (7761, 1), (7763, 1), (7764, 8), (7765, 1), (7767, 5), (7768, 3), (7770, 3), (7772, 4), (7774, 18), (7775, 54), (7777, 1), (7781, 4), (7785, 5), (7787, 27), (7788, 1), (7789, 10), (7790, 2), (7791, 75), (7796, 8), (7798, 7), (7801, 14), (7803, 3), (7804, 2), (7805, 3), (7806, 7), (7808, 57), (7810, 63), (7811, 1), (7812, 4), (7813, 21), (7814, 1), (7815, 1), (7816, 3), (7817, 1), (7820, 2), (7824, 2), (7825, 1), (7826, 2), (7828, 1), (7831, 1), (7834, 1), (7836, 3), (7841, 1), (7844, 26), (7845, 1), (7857, 1), (7859, 24), (7860, 4), (7864, 2), (7868, 2), (7869, 5), (7873, 4), (7874, 7), (7876, 13), (7880, 10), (7887, 3), (7888, 20), (7892, 1), (7895, 5), (7898, 16), (7899, 3), (7900, 3), (7901, 4), (7904, 4), (7905, 5), (7912, 1), (7916, 12), (7917, 1), (7918, 1), (7924, 2), (7926, 7), (7929, 4), (7932, 4), (7934, 3), (7935, 2), (7937, 1), (7938, 2), (7940, 1), (7941, 1), (7942, 4), (7944, 1), (7945, 2), (7946, 4), (7949, 5), (7952, 1), (7956, 8), (7962, 7), (7968, 2), (7971, 18), (7972, 12), (7976, 4), (7977, 1), (7986, 1), (7989, 6), (7994, 1), (7997, 2), (7998, 3), (8002, 3), (8004, 5), (8007, 9), (8014, 3), (8016, 5), (8018, 2), (8022, 3), (8023, 16), (8027, 13), (8032, 4), (8034, 4), (8035, 2), (8037, 1), (8038, 2), (8039, 10), (8041, 2), (8046, 18), (8049, 2), (8050, 2), (8052, 38), (8053, 8), (8058, 2), (8060, 5), (8061, 5), (8063, 3), (8064, 156), (8069, 1), (8079, 5), (8081, 6), (8084, 18), (8087, 8), (8089, 29), (8095, 28), (8099, 2), (8101, 4), (8103, 5), (8104, 7), (8106, 2), (8108, 4), (8109, 10), (8113, 2), (8119, 4), (8121, 5), (8122, 1), (8123, 1), (8124, 4), (8132, 9), (8133, 14), (8134, 2), (8135, 1), (8136, 4), (8137, 1), (8139, 4), (8140, 2), (8143, 2), (8151, 3), (8152, 2), (8154, 2), (8155, 5), (8156, 1), (8162, 8), (8163, 1), (8165, 7), (8167, 9), (8170, 2), (8172, 17), (8173, 1), (8175, 4), (8176, 18), (8179, 3), (8181, 36), (8183, 1), (8195, 2), (8197, 6), (8198, 11), (8199, 1), (8213, 3), (8214, 1), (8217, 7), (8219, 4), (8230, 1), (8231, 2), (8233, 3), (8234, 1), (8235, 3), (8237, 72), (8238, 2), (8240, 5), (8241, 12), (8243, 6), (8244, 4), (8245, 12), (8251, 4), (8252, 12), (8253, 27), (8256, 2), (8258, 1), (8259, 5), (8268, 12), (8269, 2), (8271, 8), (8276, 20), (8277, 1), (8278, 2), (8279, 1), (8284, 1), (8285, 2), (8286, 3), (8291, 8), (8292, 1), (8293, 2), (8295, 4), (8297, 1), (8298, 2), (8299, 1), (8309, 1), (8312, 10), (8315, 1), (8325, 1), (8326, 1), (8330, 8), (8331, 1), (8334, 2), (8343, 6), (8351, 2), (8356, 3), (8359, 2), (8369, 4), (8370, 7), (8372, 6), (8373, 12), (8377, 5), (8380, 12), (8381, 2), (8383, 2), (8384, 1), (8387, 3), (8389, 6), (8390, 1), (8396, 2), (8397, 1), (8400, 1), (8401, 4), (8402, 2), (8405, 4), (8406, 10), (8408, 3), (8409, 18), (8411, 4), (8415, 36), (8422, 2), (8423, 24), (8425, 3), (8431, 1), (8433, 3), (8435, 7), (8437, 2), (8440, 5), (8445, 2), (8446, 4), (8448, 33), (8449, 8), (8456, 26), (8457, 1), (8459, 22), (8462, 1), (8463, 2), (8465, 1), (8467, 63), (8468, 2), (8472, 21), (8478, 8), (8480, 6), (8481, 1), (8482, 6), (8484, 1), (8485, 4), (8486, 3), (8488, 7), (8491, 11), (8492, 1), (8497, 3), (8503, 4), (8505, 1), (8511, 9), (8512, 20), (8515, 8), (8517, 5), (8518, 1), (8519, 9), (8522, 1), (8527, 2), (8530, 2), (8531, 2), (8538, 5), (8543, 4), (8544, 3), (8545, 2), (8550, 2), (8552, 4), (8553, 24), (8555, 3), (8556, 2), (8563, 6), (8568, 28), (8570, 13), (8573, 8), (8574, 9), (8575, 1), (8576, 12), (8578, 4), (8581, 1), (8586, 2), (8588, 17), (8592, 2), (8595, 2), (8596, 2), (8597, 6), (8599, 1), (8601, 9), (8602, 2), (8603, 3), (8610, 3), (8611, 10), (8614, 1), (8615, 14), (8621, 2), (8625, 3), (8626, 2), (8627, 1), (8634, 2), (8635, 20), (8636, 1), (8639, 7), (8640, 7), (8641, 2), (8644, 1), (8652, 5), (8653, 20), (8654, 9), (8655, 4), (8657, 1), (8658, 28), (8659, 4), (8661, 1), (8662, 1), (8663, 11), (8664, 3), (8665, 2), (8666, 9), (8668, 40), (8669, 6), (8671, 1), (8676, 4), (8677, 3), (8681, 3), (8685, 1), (8690, 6), (8692, 7), (8693, 8), (8695, 15), (8697, 2), (8700, 5), (8701, 7), (8704, 2), (8705, 2), (8706, 9), (8707, 1), (8708, 2), (8711, 6), (8713, 1), (8715, 16), (8721, 1), (8723, 2), (8725, 36), (8727, 2), (8731, 6), (8732, 2), (8733, 40), (8734, 1), (8740, 1), (8746, 7), (8749, 2), (8754, 3), (8757, 15), (8759, 8), (8764, 2), (8765, 2), (8766, 1), (8771, 1), (8774, 2), (8775, 2), (8777, 2), (8778, 3), (8780, 1), (8781, 5), (8782, 1), (8783, 3), (8784, 2), (8787, 5), (8791, 4), (8793, 4), (8795, 31), (8796, 4), (8797, 17), (8799, 17), (8800, 1), (8803, 96), (8805, 12), (8808, 9), (8811, 1), (8812, 1), (8813, 4), (8814, 14), (8817, 5), (8818, 4), (8819, 4), (8821, 6), (8822, 2), (8827, 2), (8828, 2), (8829, 1), (8830, 3), (8832, 3), (8834, 1), (8835, 2), (8838, 2), (8839, 1), (8840, 3), (8842, 6), (8843, 1), (8853, 8), (8855, 2), (8863, 6), (8864, 8), (8865, 1), (8870, 9), (8871, 9), (8876, 1), (8879, 1), (8882, 21), (8884, 2), (8889, 5), (8890, 1), (8891, 6), (8892, 8), (8894, 1), (8901, 13), (8905, 1), (8908, 6), (8909, 18), (8916, 4), (8917, 10), (8921, 1), (8922, 6), (8925, 12), (8926, 1), (8929, 5), (8931, 9), (8932, 4), (8933, 9), (8935, 3), (8938, 37), (8939, 8), (8940, 2), (8941, 2), (8942, 1), (8945, 2), (8948, 31), (8951, 8), (8953, 14), (8954, 1), (8957, 1), (8958, 10), (8964, 10), (8965, 9), (8973, 4), (8977, 2), (8978, 12), (8983, 6), (8988, 11), (8989, 19), (8991, 1), (8995, 16), (9000, 1), (9008, 1), (9009, 6), (9011, 3), (9013, 6), (9016, 1), (9017, 2), (9019, 4), (9022, 7), (9024, 6), (9025, 1), (9026, 8), (9027, 3), (9028, 3), (9030, 3), (9032, 3), (9033, 2), (9042, 2), (9043, 1), (9046, 1), (9050, 1), (9054, 3), (9055, 7), (9056, 1), (9063, 10), (9066, 2), (9069, 2), (9071, 3), (9087, 7), (9089, 6), (9093, 6), (9094, 12), (9099, 3), (9100, 2), (9101, 3), (9102, 1), (9103, 2), (9104, 4), (9111, 3), (9113, 1), (9115, 2), (9116, 3), (9117, 4), (9120, 1), (9121, 17), (9124, 132), (9126, 1), (9128, 2), (9130, 7), (9132, 1), (9133, 8), (9134, 1), (9135, 3), (9136, 98), (9139, 6), (9141, 1), (9143, 4), (9145, 2), (9147, 6), (9148, 2), (9149, 4), (9150, 10), (9154, 6), (9156, 1), (9158, 4), (9161, 2), (9166, 4), (9169, 1), (9175, 3), (9178, 4), (9180, 1), (9183, 6), (9185, 16), (9188, 4), (9193, 1), (9194, 1), (9208, 23), (9212, 1), (9215, 12), (9222, 1), (9224, 10), (9227, 2), (9229, 6), (9230, 3), (9231, 2), (9232, 5), (9233, 6), (9234, 5), (9235, 11), (9236, 1), (9238, 12), (9240, 3), (9242, 2), (9253, 1), (9254, 2), (9255, 14), (9258, 1), (9260, 1), (9263, 1), (9264, 6), (9265, 3), (9266, 1), (9268, 2), (9270, 6), (9273, 3), (9277, 15), (9283, 2), (9286, 4), (9287, 33), (9288, 1), (9290, 1), (9291, 1), (9292, 2), (9295, 8), (9300, 1), (9301, 3), (9302, 3), (9303, 2), (9304, 4), (9305, 2), (9308, 61), (9309, 1), (9315, 2), (9321, 49), (9323, 2), (9326, 8), (9336, 6), (9337, 3), (9338, 2), (9343, 1), (9349, 12), (9353, 2), (9356, 4), (9357, 11), (9358, 8), (9360, 8), (9361, 10), (9363, 12), (9368, 4), (9372, 9), (9373, 2), (9374, 3), (9376, 20), (9377, 4), (9378, 2), (9379, 5), (9381, 1), (9386, 6), (9393, 5), (9397, 15), (9404, 2), (9408, 1), (9410, 4), (9412, 10), (9417, 1), (9418, 4), (9429, 1), (9432, 1), (9435, 1), (9436, 2), (9439, 1), (9442, 4), (9448, 2), (9450, 2), (9451, 7), (9452, 8), (9454, 36), (9463, 1), (9467, 1), (9468, 32), (9471, 1), (9474, 4), (9475, 3), (9476, 3), (9480, 1), (9483, 5), (9486, 1), (9487, 2), (9488, 2), (9490, 329), (9493, 4), (9495, 1), (9501, 2), (9502, 2), (9512, 7), (9520, 4), (9522, 2), (9527, 1), (9529, 1), (9532, 21), (9543, 2), (9547, 3), (9552, 24), (9556, 2), (9557, 6), (9560, 4), (9565, 3), (9567, 1), (9571, 6), (9574, 2), (9575, 12), (9576, 3), (9579, 16), (9581, 2), (9582, 3), (9585, 1), (9587, 24), (9590, 5), (9592, 2), (9593, 2), (9594, 4), (9595, 6), (9597, 1), (9599, 2), (9606, 5), (9607, 6), (9608, 1), (9609, 1), (9611, 3), (9620, 2), (9622, 1), (9625, 18), (9627, 3), (9628, 37), (9632, 6), (9633, 1), (9634, 19), (9640, 2), (9642, 2), (9643, 4), (9645, 18), (9646, 3), (9648, 2), (9649, 15), (9650, 1), (9651, 4), (9662, 12), (9663, 9), (9669, 2), (9676, 37), (9680, 8), (9683, 4), (9684, 1), (9685, 2), (9687, 9), (9688, 1), (9689, 10), (9691, 2), (9693, 1), (9696, 3), (9698, 1), (9699, 2), (9701, 1), (9704, 3), (9711, 13), (9712, 6), (9722, 2), (9727, 4), (9729, 1), (9730, 2), (9736, 1), (9737, 8), (9741, 1), (9743, 2), (9744, 3), (9747, 4), (9748, 2), (9749, 1), (9751, 2), (9754, 15), (9758, 1), (9760, 8), (9761, 1), (9764, 2), (9766, 4), (9767, 3), (9768, 2), (9770, 8), (9774, 1), (9778, 1), (9780, 2), (9784, 6), (9788, 1), (9789, 1), (9790, 1), (9801, 5), (9804, 2), (9805, 1), (9808, 7), (9809, 18), (9813, 4), (9815, 1), (9817, 1), (9820, 1), (9823, 1), (9825, 6), (9828, 7), (9832, 2), (9833, 4), (9834, 16), (9837, 17), (9838, 4), (9843, 4), (9845, 1), (9846, 2), (9850, 3), (9853, 1), (9855, 1), (9856, 1), (9857, 1), (9860, 1), (9865, 28), (9875, 8), (9876, 3), (9879, 8), (9880, 20), (9881, 6), (9882, 1), (9883, 3), (9887, 2), (9888, 9), (9889, 2), (9890, 1), (9893, 10), (9894, 7), (9895, 4), (9896, 4), (9898, 5), (9899, 3), (9900, 2), (9905, 2), (9909, 5), (9910, 4), (9914, 1), (9916, 6), (9917, 2), (9918, 3), (9919, 19), (9922, 5), (9924, 8), (9929, 37), (9933, 2), (9944, 1), (9945, 4), (9946, 45), (9947, 6), (9948, 18), (9950, 2), (9953, 5), (9961, 3), (9964, 1), (9966, 12), (9970, 15), (9974, 5), (9977, 1), (9983, 18), (9990, 2), (9991, 1), (9996, 2)
yeah285 (DF: 1): (7441, 1)
yeahe (DF: 1): (8446, 10)
yeaheah (DF: 2): (5309, 13), (5485, 1)
yeahh (DF: 4): (4937, 1), (6415, 2), (6650, 2), (9474, 1)
yeahheah (DF: 1): (5485, 1)
yeahhh (DF: 7): (964, 2), (1203, 3), (2411, 1), (2965, 4), (6038, 4), (7591, 2), (9608, 1)
yeahhhh (DF: 2): (456, 1), (4503, 1)
yeahit (DF: 1): (2336, 1)
yeahth (DF: 2): (1448, 1), (3079, 2)
yeahtod (DF: 2): (2383, 3), (7956, 2)
year (DF: 567): (13, 1), (71, 1), (74, 2), (91, 1), (110, 1), (168, 1), (189, 1), (190, 1), (196, 4), (219, 14), (220, 4), (239, 4), (241, 1), (258, 5), (263, 1), (267, 8), (275, 4), (301, 1), (306, 1), (311, 1), (322, 1), (343, 1), (384, 3), (435, 1), (449, 1), (455, 1), (475, 1), (490, 1), (501, 1), (507, 2), (548, 1), (573, 1), (585, 2), (591, 1), (601, 1), (603, 4), (608, 2), (639, 1), (647, 1), (650, 1), (684, 1), (699, 1), (742, 1), (743, 1), (796, 1), (805, 1), (807, 3), (810, 2), (817, 1), (835, 4), (845, 1), (853, 1), (855, 1), (905, 1), (914, 1), (920, 1), (939, 1), (949, 1), (950, 1), (952, 1), (963, 1), (975, 1), (976, 4), (980, 1), (1011, 1), (1016, 1), (1082, 1), (1137, 1), (1146, 2), (1179, 1), (1182, 1), (1205, 1), (1214, 3), (1219, 1), (1281, 9), (1282, 1), (1297, 1), (1322, 2), (1329, 1), (1332, 1), (1354, 1), (1361, 1), (1388, 1), (1437, 2), (1455, 1), (1496, 2), (1518, 1), (1552, 1), (1593, 1), (1613, 1), (1622, 1), (1648, 2), (1650, 1), (1661, 1), (1688, 1), (1689, 1), (1692, 1), (1707, 1), (1709, 1), (1710, 2), (1716, 2), (1747, 2), (1763, 1), (1815, 1), (1819, 1), (1835, 2), (1868, 1), (1872, 1), (1883, 1), (1899, 1), (1913, 1), (1915, 2), (1922, 2), (1934, 4), (1956, 1), (1959, 3), (1990, 1), (2001, 1), (2005, 2), (2025, 1), (2047, 1), (2054, 1), (2061, 1), (2071, 1), (2081, 1), (2103, 2), (2112, 1), (2142, 1), (2166, 1), (2167, 1), (2185, 1), (2198, 1), (2199, 1), (2217, 2), (2218, 1), (2220, 1), (2228, 1), (2250, 1), (2253, 6), (2256, 1), (2265, 1), (2322, 1), (2333, 1), (2343, 1), (2370, 2), (2379, 1), (2393, 1), (2402, 3), (2449, 2), (2514, 1), (2525, 4), (2546, 1), (2561, 1), (2568, 1), (2581, 2), (2588, 1), (2634, 1), (2641, 2), (2664, 1), (2665, 1), (2676, 2), (2678, 1), (2717, 1), (2723, 1), (2728, 1), (2735, 1), (2757, 1), (2761, 1), (2778, 1), (2787, 1), (2788, 1), (2890, 2), (2894, 5), (2900, 1), (2907, 4), (2929, 1), (2942, 1), (2954, 2), (2961, 2), (2964, 1), (2965, 1), (2993, 1), (3021, 2), (3036, 2), (3037, 2), (3041, 10), (3075, 1), (3105, 2), (3113, 2), (3152, 2), (3164, 3), (3170, 2), (3192, 1), (3230, 1), (3272, 2), (3366, 2), (3368, 2), (3388, 1), (3390, 7), (3483, 1), (3484, 1), (3487, 1), (3494, 1), (3502, 1), (3557, 1), (3562, 1), (3571, 1), (3593, 1), (3594, 1), (3597, 1), (3598, 1), (3612, 1), (3681, 2), (3683, 1), (3727, 2), (3746, 1), (3770, 3), (3800, 1), (3828, 1), (3860, 2), (3871, 1), (3880, 3), (3889, 2), (3904, 1), (3923, 1), (3937, 2), (3950, 1), (3964, 1), (3973, 4), (3976, 2), (3999, 1), (4022, 1), (4028, 2), (4044, 1), (4061, 5), (4064, 1), (4071, 1), (4091, 4), (4127, 1), (4142, 2), (4147, 1), (4148, 1), (4183, 2), (4185, 2), (4202, 1), (4250, 1), (4261, 2), (4262, 1), (4291, 1), (4365, 1), (4385, 5), (4401, 1), (4404, 1), (4413, 1), (4446, 1), (4460, 1), (4485, 4), (4490, 1), (4492, 2), (4536, 1), (4554, 1), (4558, 4), (4639, 1), (4648, 3), (4663, 2), (4664, 1), (4764, 1), (4766, 1), (4785, 1), (4802, 1), (4808, 1), (4866, 1), (4877, 1), (4885, 1), (4931, 1), (4936, 2), (4962, 1), (5001, 4), (5030, 2), (5032, 1), (5047, 1), (5068, 1), (5070, 3), (5077, 2), (5106, 2), (5160, 1), (5201, 2), (5207, 1), (5228, 2), (5237, 1), (5267, 1), (5270, 1), (5286, 2), (5299, 2), (5311, 1), (5314, 1), (5316, 1), (5320, 4), (5327, 2), (5357, 3), (5362, 1), (5401, 1), (5416, 2), (5425, 1), (5433, 1), (5454, 1), (5456, 1), (5478, 3), (5483, 1), (5484, 1), (5501, 2), (5513, 2), (5561, 3), (5566, 1), (5581, 1), (5583, 1), (5591, 2), (5608, 1), (5628, 1), (5642, 1), (5661, 1), (5685, 2), (5686, 1), (5704, 1), (5720, 4), (5722, 1), (5734, 1), (5781, 1), (5791, 3), (5810, 4), (5850, 18), (5876, 1), (5921, 8), (5937, 3), (5938, 16), (5942, 1), (5993, 2), (6072, 2), (6108, 2), (6118, 1), (6150, 2), (6159, 1), (6163, 2), (6186, 3), (6187, 1), (6191, 3), (6193, 1), (6196, 1), (6210, 1), (6213, 6), (6226, 1), (6236, 1), (6274, 1), (6305, 1), (6315, 1), (6327, 1), (6342, 2), (6345, 1), (6374, 2), (6375, 3), (6392, 1), (6421, 3), (6453, 1), (6468, 4), (6478, 1), (6505, 1), (6522, 18), (6536, 4), (6578, 1), (6585, 1), (6590, 1), (6636, 1), (6639, 4), (6643, 1), (6654, 1), (6700, 4), (6704, 2), (6708, 1), (6721, 1), (6764, 6), (6771, 1), (6787, 1), (6788, 1), (6789, 2), (6796, 1), (6801, 2), (6814, 1), (6860, 1), (6873, 1), (6898, 2), (6901, 2), (6905, 4), (6913, 2), (6914, 1), (6918, 1), (6948, 4), (6951, 3), (6970, 1), (6984, 1), (7014, 1), (7018, 1), (7020, 1), (7029, 2), (7033, 1), (7055, 1), (7059, 2), (7095, 3), (7118, 3), (7134, 2), (7142, 1), (7148, 1), (7168, 11), (7170, 2), (7180, 2), (7209, 2), (7227, 1), (7233, 1), (7234, 2), (7273, 2), (7303, 1), (7304, 1), (7310, 1), (7335, 6), (7345, 1), (7352, 1), (7386, 1), (7391, 1), (7405, 1), (7423, 1), (7441, 3), (7443, 2), (7448, 1), (7454, 1), (7461, 2), (7485, 1), (7592, 2), (7594, 2), (7597, 2), (7608, 1), (7639, 4), (7644, 4), (7650, 1), (7666, 1), (7705, 6), (7714, 1), (7744, 1), (7751, 2), (7762, 1), (7771, 1), (7777, 1), (7779, 2), (7783, 1), (7786, 11), (7800, 1), (7809, 2), (7821, 1), (7828, 1), (7829, 1), (7855, 1), (7873, 1), (7903, 1), (7932, 1), (7943, 2), (7955, 1), (7967, 8), (7978, 1), (7994, 1), (8025, 26), (8059, 6), (8075, 2), (8078, 1), (8079, 1), (8099, 2), (8107, 1), (8167, 6), (8180, 3), (8207, 2), (8212, 2), (8221, 1), (8228, 1), (8261, 1), (8269, 1), (8277, 3), (8287, 5), (8300, 1), (8305, 6), (8371, 1), (8373, 3), (8408, 9), (8414, 1), (8424, 3), (8445, 1), (8493, 1), (8531, 1), (8541, 2), (8547, 1), (8555, 1), (8584, 1), (8587, 6), (8589, 1), (8620, 1), (8643, 3), (8645, 1), (8675, 1), (8736, 1), (8774, 4), (8793, 1), (8830, 1), (8840, 1), (8878, 1), (8879, 1), (8920, 4), (8949, 5), (8952, 2), (8960, 2), (8986, 1), (9000, 1), (9010, 1), (9023, 2), (9037, 1), (9057, 4), (9059, 2), (9096, 1), (9173, 2), (9183, 1), (9194, 1), (9221, 1), (9251, 1), (9278, 1), (9283, 2), (9315, 1), (9338, 2), (9341, 1), (9348, 1), (9356, 5), (9369, 8), (9375, 2), (9389, 2), (9393, 1), (9402, 3), (9409, 2), (9458, 8), (9464, 5), (9478, 1), (9481, 1), (9526, 1), (9594, 2), (9610, 4), (9628, 16), (9640, 1), (9702, 1), (9745, 1), (9759, 2), (9763, 1), (9764, 6), (9773, 2), (9794, 2), (9799, 1), (9816, 1), (9847, 1), (9853, 1), (9875, 2), (9877, 1), (9894, 2), (9924, 1), (9946, 4), (9989, 1)
yearbook (DF: 1): (394, 1)
yearn (DF: 25): (1281, 1), (1417, 1), (1969, 1), (2239, 1), (2399, 1), (2590, 1), (2664, 1), (2742, 1), (2790, 2), (3488, 1), (3544, 1), (4024, 1), (4123, 1), (4426, 1), (4802, 1), (6314, 1), (6328, 1), (7260, 2), (7365, 2), (7877, 1), (8031, 1), (8312, 1), (8611, 1), (8662, 1), (9128, 2)
yearnin (DF: 5): (912, 2), (964, 1), (2278, 1), (3963, 1), (4745, 3)
yeast (DF: 3): (388, 1), (1899, 1), (6478, 1)
yeat (DF: 2): (129, 4), (7936, 2)
yee (DF: 21): (511, 3), (952, 1), (1098, 1), (1264, 1), (1572, 2), (2014, 3), (2103, 1), (3507, 1), (4361, 3), (4559, 2), (4754, 1), (5409, 1), (5978, 2), (6437, 1), (6465, 2), (6717, 6), (7594, 1), (7641, 9), (7791, 10), (8784, 2), (9730, 1)
yeeaa (DF: 1): (9336, 1)
yeeaah (DF: 3): (3472, 2), (8135, 1), (9495, 1)
yeeaahh (DF: 1): (9336, 1)
yeeaahhh (DF: 1): (7484, 2)
yeeah (DF: 1): (1098, 1)
yeee (DF: 4): (2103, 1), (7594, 1), (7641, 6), (8136, 1)
yeeeah (DF: 2): (110, 8), (5941, 1)
yeeee (DF: 2): (7105, 1), (7641, 4)
yeeeeaaaaaahhhhhhh (DF: 1): (4224, 1)
yeeeeaaaaahhhh (DF: 1): (2692, 1)
yeeeeeaaaaah (DF: 1): (9336, 1)
yeeeeeah (DF: 1): (110, 1)
yeeeeeeah (DF: 1): (110, 1)
yeeeeeieh (DF: 1): (5246, 1)
yeeeey (DF: 1): (1190, 44)
yeeeh (DF: 1): (9108, 1)
yeeh (DF: 3): (4361, 5), (5696, 8), (9637, 1)
yeek (DF: 1): (8473, 16)
yeezi (DF: 7): (1799, 1), (2000, 1), (3261, 1), (4298, 1), (7654, 1), (7806, 1), (8168, 1)
yeezus (DF: 2): (4941, 1), (6217, 1)
yeezy (DF: 2): (5990, 1), (9540, 1)
yegga (DF: 1): (7360, 1)
yegu (DF: 2): (476, 2), (9719, 2)
yeh (DF: 139): (53, 1), (173, 4), (187, 12), (252, 2), (444, 7), (481, 1), (567, 3), (728, 5), (875, 6), (910, 3), (996, 13), (1005, 3), (1109, 7), (1112, 10), (1215, 7), (1241, 1), (1296, 6), (1333, 2), (1441, 6), (1453, 2), (1474, 1), (1478, 2), (1582, 2), (1627, 2), (1631, 13), (1648, 1), (1668, 42), (1682, 1), (1803, 8), (1810, 2), (1878, 3), (1920, 25), (1932, 3), (2033, 1), (2086, 2), (2309, 19), (2336, 9), (2383, 54), (2739, 1), (2782, 2), (2828, 2), (2877, 9), (2898, 20), (2972, 8), (3219, 76), (3587, 3), (3590, 9), (3603, 5), (3666, 7), (3669, 1), (3722, 6), (3876, 1), (3897, 1), (3981, 13), (4109, 5), (4143, 12), (4193, 2), (4207, 15), (4246, 10), (4300, 18), (4356, 8), (4361, 1), (4465, 4), (4479, 4), (4504, 3), (4594, 18), (4651, 2), (4702, 2), (4752, 2), (4846, 1), (4912, 1), (4949, 2), (4992, 2), (5013, 12), (5035, 27), (5126, 2), (5173, 1), (5224, 6), (5325, 2), (5352, 24), (5363, 1), (5399, 2), (5496, 6), (5547, 1), (5588, 7), (5754, 13), (5962, 9), (6179, 2), (6205, 2), (6239, 5), (6251, 7), (6408, 5), (6422, 7), (6450, 3), (6588, 30), (6631, 1), (6657, 10), (6808, 3), (6818, 1), (6884, 19), (6932, 30), (7019, 3), (7031, 3), (7151, 28), (7154, 1), (7171, 1), (7258, 2), (7288, 40), (7367, 40), (7749, 6), (7820, 3), (7854, 1), (7935, 2), (7956, 36), (8091, 6), (8112, 2), (8131, 10), (8199, 6), (8243, 36), (8278, 1), (8352, 3), (8353, 2), (8406, 2), (8415, 4), (8719, 10), (8817, 2), (8882, 3), (8919, 10), (8945, 1), (8952, 2), (9156, 24), (9297, 80), (9410, 17), (9521, 1), (9697, 12), (9792, 1), (9818, 8), (9916, 1), (9974, 10)
yeheah (DF: 1): (5309, 1)
yei (DF: 3): (1967, 2), (2020, 1), (2045, 1)
yeih (DF: 3): (19, 3), (4300, 6), (4594, 6)
yeiyye (DF: 1): (3418, 2)
yel (DF: 1): (8580, 82)
yelawolf (DF: 1): (548, 1)
yelelei (DF: 2): (1476, 4), (8116, 2)
yell (DF: 52): (210, 1), (221, 1), (408, 1), (629, 1), (1243, 1), (1561, 1), (1817, 8), (1820, 1), (1936, 1), (2010, 1), (2081, 1), (2147, 1), (2218, 1), (2359, 2), (2586, 1), (2672, 1), (2794, 1), (2797, 1), (3068, 1), (3521, 1), (3741, 1), (4107, 1), (4259, 1), (4306, 1), (4450, 2), (4641, 1), (4716, 1), (4830, 1), (4877, 1), (5032, 1), (5604, 1), (6100, 2), (6214, 1), (6576, 1), (7197, 1), (7230, 1), (7234, 2), (7515, 2), (7642, 1), (7667, 1), (7757, 1), (7849, 1), (7960, 1), (8380, 1), (8760, 1), (8958, 1), (9227, 1), (9347, 8), (9537, 1), (9670, 2), (9676, 1), (9965, 1)
yella (DF: 2): (2091, 2), (4942, 1)
yellin (DF: 20): (753, 1), (952, 1), (1276, 1), (1792, 1), (1995, 1), (2174, 1), (2466, 1), (2584, 1), (2636, 1), (2649, 1), (3521, 2), (4940, 1), (6086, 1), (6602, 1), (6636, 1), (6755, 1), (7492, 1), (7652, 20), (7945, 2), (8687, 1)
yello (DF: 3): (6837, 1), (7217, 4), (9464, 1)
yellow (DF: 91): (102, 1), (231, 3), (285, 1), (405, 2), (435, 1), (612, 1), (938, 15), (1029, 1), (1031, 3), (1076, 1), (1152, 1), (1246, 1), (1282, 6), (1372, 1), (1402, 1), (1521, 1), (1528, 4), (1539, 1), (1555, 1), (1692, 1), (1739, 1), (1773, 1), (1784, 1), (1914, 4), (2046, 1), (2063, 1), (2177, 1), (2228, 1), (2356, 1), (2433, 1), (2573, 3), (2624, 1), (2672, 1), (2804, 1), (2816, 1), (2837, 1), (3249, 1), (3281, 2), (3319, 2), (3445, 1), (3611, 1), (3801, 1), (3826, 4), (4028, 1), (4071, 1), (4117, 7), (4122, 1), (4217, 2), (4319, 1), (4699, 1), (4766, 1), (4779, 38), (4831, 2), (4864, 1), (4928, 8), (4972, 3), (5068, 1), (5325, 2), (5349, 1), (5426, 1), (5749, 2), (6163, 2), (6652, 1), (6673, 4), (6728, 1), (6783, 1), (6795, 11), (6936, 1), (7159, 8), (7189, 1), (7235, 1), (7291, 1), (7328, 1), (7445, 1), (7502, 11), (7571, 1), (7706, 1), (7806, 1), (7897, 1), (8173, 1), (8343, 1), (8416, 1), (8491, 1), (8725, 4), (8938, 1), (9290, 1), (9293, 1), (9594, 1), (9648, 2), (9742, 5), (9825, 2)
yellowbon (DF: 2): (938, 1), (5345, 1)
yellowcard (DF: 1): (898, 1)
yellowston (DF: 1): (5345, 1)
yelnat (DF: 1): (8819, 1)
yem (DF: 3): (34, 4), (1677, 1), (6249, 1)
yen (DF: 4): (3541, 1), (3783, 7), (7818, 39), (8124, 2)
yen3al (DF: 1): (246, 1)
yend (DF: 2): (1966, 3), (5471, 3)
yene (DF: 1): (5711, 8)
yeogijeogi (DF: 1): (7941, 2)
yeongwonhi (DF: 1): (32, 2)
yeow (DF: 3): (4642, 1), (5304, 1), (8816, 1)
yep (DF: 39): (81, 1), (146, 32), (282, 2), (449, 1), (646, 1), (782, 2), (1111, 8), (1323, 1), (1975, 1), (2000, 4), (2230, 1), (2522, 6), (2820, 1), (2857, 1), (2877, 1), (3186, 1), (3265, 5), (3356, 1), (3383, 1), (3845, 1), (4469, 2), (5251, 2), (5277, 2), (5584, 1), (6114, 1), (6225, 2), (6565, 5), (6629, 1), (6677, 1), (6686, 2), (6777, 1), (6929, 2), (7249, 5), (7448, 3), (7644, 2), (8026, 1), (8473, 2), (8571, 1), (8787, 1)
yer (DF: 5): (2461, 3), (4386, 1), (6141, 1), (6741, 6), (8406, 4)
yerb (DF: 3): (276, 1), (3351, 1), (5040, 3)
yerba (DF: 1): (3902, 1)
yerg (DF: 1): (9819, 2)
yern (DF: 2): (2383, 3), (7956, 2)
yerr (DF: 1): (7806, 1)
yes (DF: 565): (57, 2), (79, 2), (80, 8), (100, 5), (155, 6), (161, 1), (166, 2), (168, 1), (171, 1), (200, 1), (248, 1), (273, 4), (279, 2), (303, 48), (305, 1), (337, 1), (389, 1), (479, 3), (494, 12), (495, 4), (521, 1), (527, 1), (543, 1), (550, 3), (563, 2), (581, 1), (583, 1), (601, 2), (613, 1), (619, 1), (626, 2), (635, 2), (680, 1), (702, 2), (803, 1), (843, 6), (846, 2), (872, 1), (883, 1), (884, 1), (912, 2), (916, 1), (925, 2), (964, 1), (969, 1), (975, 1), (983, 4), (993, 1), (1024, 5), (1029, 1), (1050, 1), (1060, 2), (1092, 1), (1110, 3), (1120, 2), (1136, 1), (1178, 1), (1188, 1), (1201, 6), (1211, 1), (1226, 2), (1267, 2), (1288, 1), (1292, 1), (1299, 3), (1326, 2), (1399, 1), (1433, 2), (1456, 1), (1475, 2), (1477, 1), (1509, 5), (1532, 2), (1555, 1), (1566, 4), (1580, 2), (1612, 1), (1650, 1), (1678, 1), (1685, 1), (1699, 2), (1744, 4), (1746, 5), (1781, 2), (1838, 2), (1854, 3), (1872, 1), (1873, 2), (1904, 2), (1926, 2), (1952, 2), (1957, 2), (1965, 1), (1980, 2), (2002, 1), (2010, 1), (2011, 2), (2032, 4), (2048, 1), (2076, 1), (2084, 1), (2093, 4), (2112, 1), (2134, 3), (2153, 2), (2154, 1), (2155, 1), (2164, 1), (2167, 1), (2171, 1), (2184, 6), (2202, 4), (2203, 1), (2260, 1), (2282, 2), (2292, 1), (2309, 3), (2361, 1), (2364, 1), (2378, 1), (2388, 1), (2424, 2), (2451, 1), (2459, 2), (2470, 2), (2472, 2), (2490, 2), (2494, 1), (2499, 3), (2505, 8), (2511, 4), (2519, 1), (2544, 2), (2568, 1), (2627, 1), (2667, 1), (2690, 1), (2699, 2), (2731, 1), (2760, 1), (2776, 1), (2778, 1), (2811, 2), (2819, 2), (2827, 4), (2829, 2), (2844, 3), (2865, 7), (2867, 4), (2881, 1), (2882, 1), (2895, 2), (2896, 1), (2897, 3), (2901, 2), (2942, 1), (2963, 1), (2965, 6), (3010, 1), (3018, 1), (3019, 1), (3052, 1), (3077, 1), (3099, 2), (3100, 1), (3105, 3), (3124, 1), (3128, 2), (3139, 1), (3147, 3), (3151, 2), (3230, 1), (3241, 1), (3247, 2), (3251, 1), (3282, 2), (3306, 1), (3371, 2), (3397, 1), (3474, 3), (3486, 1), (3507, 1), (3532, 1), (3584, 6), (3620, 1), (3635, 4), (3636, 2), (3655, 1), (3671, 2), (3685, 1), (3696, 6), (3700, 2), (3702, 3), (3729, 2), (3789, 8), (3791, 1), (3860, 3), (3880, 1), (3888, 3), (3900, 1), (3914, 1), (3923, 3), (3928, 2), (3948, 1), (3949, 3), (3996, 1), (4006, 2), (4008, 2), (4019, 1), (4039, 1), (4054, 2), (4074, 3), (4156, 2), (4200, 39), (4224, 4), (4242, 2), (4243, 2), (4259, 1), (4266, 1), (4275, 1), (4282, 2), (4288, 1), (4316, 1), (4319, 1), (4324, 19), (4338, 10), (4342, 8), (4355, 1), (4359, 3), (4365, 2), (4367, 7), (4372, 1), (4378, 8), (4407, 1), (4408, 2), (4420, 2), (4473, 8), (4482, 2), (4492, 3), (4498, 6), (4522, 1), (4534, 1), (4551, 1), (4575, 9), (4583, 2), (4593, 1), (4607, 1), (4611, 1), (4613, 4), (4634, 1), (4639, 1), (4641, 2), (4658, 1), (4663, 2), (4701, 3), (4731, 8), (4746, 1), (4764, 1), (4785, 1), (4793, 5), (4804, 2), (4808, 2), (4812, 2), (4823, 1), (4830, 1), (4834, 1), (4874, 2), (4875, 2), (4887, 2), (4894, 4), (4905, 1), (4907, 1), (4911, 2), (4936, 2), (4937, 1), (4943, 1), (4964, 3), (4973, 30), (4993, 3), (5004, 1), (5019, 1), (5032, 1), (5044, 2), (5073, 8), (5084, 1), (5095, 2), (5150, 1), (5177, 1), (5231, 4), (5239, 1), (5243, 1), (5250, 2), (5286, 3), (5292, 3), (5308, 4), (5311, 1), (5312, 1), (5316, 1), (5320, 2), (5369, 4), (5372, 3), (5393, 1), (5410, 1), (5428, 1), (5433, 1), (5456, 1), (5460, 2), (5497, 2), (5499, 2), (5500, 2), (5501, 1), (5513, 4), (5529, 1), (5536, 13), (5538, 1), (5565, 1), (5578, 2), (5580, 5), (5627, 4), (5653, 1), (5656, 1), (5687, 2), (5694, 2), (5733, 4), (5753, 1), (5758, 1), (5759, 1), (5763, 6), (5796, 6), (5803, 33), (5808, 2), (5819, 2), (5862, 1), (5886, 1), (5890, 1), (5897, 1), (5903, 2), (5934, 1), (5979, 2), (5984, 2), (5990, 1), (5993, 3), (6006, 3), (6012, 1), (6050, 4), (6091, 3), (6104, 3), (6144, 1), (6195, 1), (6214, 2), (6219, 2), (6232, 4), (6264, 4), (6269, 1), (6281, 2), (6284, 3), (6314, 1), (6323, 1), (6327, 2), (6334, 1), (6372, 1), (6385, 1), (6415, 2), (6434, 2), (6446, 1), (6452, 2), (6459, 1), (6477, 1), (6484, 3), (6486, 9), (6508, 2), (6512, 1), (6543, 1), (6545, 1), (6560, 1), (6581, 1), (6595, 4), (6618, 4), (6683, 8), (6687, 1), (6715, 1), (6724, 1), (6749, 2), (6761, 1), (6777, 1), (6822, 3), (6852, 1), (6870, 2), (6929, 2), (6937, 1), (6988, 2), (7047, 1), (7051, 1), (7060, 1), (7090, 1), (7121, 2), (7186, 7), (7187, 1), (7198, 2), (7218, 2), (7225, 1), (7248, 12), (7253, 1), (7314, 2), (7325, 1), (7326, 1), (7350, 1), (7375, 2), (7376, 2), (7382, 3), (7404, 3), (7410, 2), (7442, 1), (7450, 1), (7464, 1), (7487, 2), (7512, 2), (7515, 2), (7525, 5), (7556, 1), (7585, 6), (7612, 4), (7618, 1), (7647, 2), (7706, 4), (7741, 1), (7748, 4), (7789, 1), (7806, 12), (7814, 2), (7819, 1), (7827, 1), (7832, 1), (7835, 1), (7856, 1), (7862, 1), (7865, 2), (7868, 2), (7874, 3), (7882, 1), (7901, 1), (7939, 5), (7950, 6), (7971, 4), (7991, 2), (8009, 10), (8050, 1), (8068, 3), (8079, 2), (8089, 1), (8094, 1), (8099, 1), (8103, 1), (8104, 19), (8111, 3), (8123, 1), (8134, 2), (8136, 1), (8148, 1), (8156, 1), (8163, 5), (8169, 1), (8176, 4), (8239, 4), (8240, 1), (8253, 6), (8279, 1), (8283, 3), (8302, 4), (8307, 1), (8325, 1), (8336, 1), (8338, 8), (8361, 1), (8367, 1), (8369, 2), (8391, 6), (8431, 2), (8445, 1), (8456, 2), (8459, 2), (8474, 1), (8475, 1), (8485, 7), (8510, 1), (8547, 1), (8554, 1), (8578, 2), (8601, 1), (8602, 2), (8620, 3), (8655, 1), (8657, 1), (8661, 1), (8694, 1), (8707, 2), (8736, 2), (8771, 1), (8775, 1), (8781, 2), (8789, 1), (8803, 4), (8893, 1), (8903, 15), (8948, 1), (8950, 1), (8980, 1), (9000, 3), (9007, 1), (9009, 2), (9026, 3), (9032, 1), (9101, 1), (9132, 1), (9133, 2), (9140, 1), (9161, 1), (9176, 6), (9193, 3), (9230, 2), (9231, 2), (9240, 2), (9242, 2), (9258, 1), (9262, 1), (9286, 3), (9292, 1), (9297, 1), (9301, 8), (9303, 2), (9315, 4), (9338, 2), (9356, 1), (9358, 2), (9368, 2), (9374, 2), (9399, 2), (9432, 1), (9436, 2), (9438, 12), (9449, 2), (9520, 2), (9574, 2), (9579, 2), (9594, 1), (9611, 2), (9644, 1), (9658, 1), (9687, 2), (9688, 1), (9701, 1), (9715, 2), (9719, 1), (9723, 2), (9765, 3), (9796, 15), (9873, 1), (9882, 3), (9893, 8), (9898, 2), (9908, 1), (9936, 1), (9965, 2), (9983, 4), (9984, 1)
yesc (DF: 5): (353, 1), (4152, 7), (4257, 35), (5040, 1), (5512, 1)
yeshua (DF: 1): (4764, 3)
yessir (DF: 7): (200, 1), (2820, 1), (4320, 1), (7249, 1), (7304, 1), (7492, 1), (8167, 3)
