tank (DF: 18): (7411, 2), (7430, 1), (7473, 2), (7900, 1), (8531, 1), (8573, 2), (8592, 3), (8745, 2), (8825, 9), (8932, 1), (9073, 1), (9125, 1), (9167, 1), (9348, 2), (9527, 1), (9730, 1), (9873, 1), (9922, 1)
tanker (DF: 1): (4425, 1)
tankstell (DF: 1): (3108, 8)
tanktop (DF: 2): (153, 2), (6600, 2)
tanlin (DF: 1): (9595, 1)
tannin (DF: 1): (1801, 1)
tanong (DF: 4): (0, 1), (5932, 1), (6826, 1), (8768, 1)
tanqu (DF: 4): (10, 1), (910, 1), (7301, 1), (7604, 1)
tanqueray (DF: 3): (2110, 6), (5325, 4), (5692, 2)
tant (DF: 80): (19, 2), (180, 2), (187, 1), (333, 2), (403, 1), (512, 2), (858, 1), (1109, 1), (1277, 1), (1481, 6), (1485, 4), (1686, 1), (1788, 1), (1800, 3), (1850, 1), (2059, 1), (2090, 1), (2425, 1), (2473, 1), (2498, 1), (2604, 1), (2645, 1), (2662, 1), (2668, 1), (3399, 1), (3491, 1), (3588, 2), (3717, 10), (3909, 1), (3920, 1), (3954, 2), (4195, 2), (4219, 1), (4236, 1), (4288, 1), (4440, 3), (4515, 2), (4560, 1), (4587, 1), (4890, 2), (5110, 2), (5174, 1), (5321, 1), (5353, 1), (5622, 1), (5663, 1), (5674, 1), (5778, 2), (6209, 2), (6263, 1), (6321, 1), (6395, 1), (6562, 1), (6659, 1), (6818, 1), (7003, 3), (7254, 1), (7281, 3), (7395, 1), (7412, 1), (7466, 1), (7646, 2), (7726, 1), (8329, 2), (8546, 1), (8606, 2), (8646, 1), (8815, 1), (8817, 1), (9252, 2), (9407, 4), (9410, 1), (9568, 1), (9636, 2), (9757, 1), (9916, 1), (9938, 3), (9963, 6), (3210, 1), (3211, 1)
tanta (DF: 7): (552, 1), (2277, 3), (2839, 1), (2986, 2), (3870, 1), (4214, 6), (6983, 1)
tantal (DF: 1): (8463, 2)
tanto (DF: 11): (1072, 2), (1171, 2), (2986, 4), (3692, 1), (3870, 1), (5118, 2), (6289, 1), (7175, 1), (7649, 1), (9474, 2), (9525, 2)
tantric (DF: 1): (5121, 1)
tantrum (DF: 5): (1801, 1), (4490, 1), (5208, 1), (8016, 8), (8573, 2)
tany (DF: 2): (44, 1), (5341, 1)
tanya (DF: 3): (1762, 1), (6092, 1), (6350, 2)
tanz (DF: 9): (1758, 1), (2050, 1), (3570, 7), (7411, 7), (7521, 1), (8098, 1), (8670, 2), (9788, 1), (9941, 25)
tanzani (DF: 1): (2088, 1)
tanzflach (DF: 1): (4989, 1)
tanzt (DF: 2): (3570, 1), (9457, 2)
tao (DF: 2): (8768, 2), (9580, 2)
taon (DF: 1): (4815, 1)
tap (DF: 49): (248, 2), (329, 6), (333, 2), (493, 1), (532, 1), (637, 2), (836, 1), (909, 1), (1026, 1), (1406, 1), (1485, 3), (1520, 1), (1564, 1), (1583, 1), (1845, 2), (2032, 1), (2356, 1), (2378, 3), (2401, 1), (3597, 1), (3745, 1), (4197, 1), (4240, 1), (4440, 1), (4704, 2), (5013, 1), (5075, 1), (5178, 12), (5285, 1), (5452, 1), (5817, 1), (6190, 1), (6600, 5), (6746, 1), (7121, 1), (7280, 3), (7607, 1), (7696, 1), (8171, 1), (8243, 3), (8256, 2), (8518, 1), (8653, 1), (8861, 1), (9309, 1), (9360, 2), (9566, 3), (9713, 1), (9884, 1)
tapa (DF: 1): (6270, 1)
tapak (DF: 1): (149, 1)
tapat (DF: 3): (577, 1), (3197, 2), (9536, 1)
tape (DF: 73): (121, 1), (220, 1), (228, 1), (491, 1), (841, 1), (900, 1), (1029, 1), (1157, 1), (1297, 1), (1328, 1), (1334, 2), (1467, 1), (1566, 1), (1594, 1), (1820, 1), (1995, 1), (2143, 1), (2176, 2), (2305, 1), (2489, 1), (2624, 2), (2804, 1), (2822, 1), (2825, 1), (2850, 1), (3161, 1), (3249, 1), (3420, 1), (3539, 1), (3731, 1), (3884, 1), (4114, 1), (4303, 1), (4625, 1), (4788, 2), (4933, 1), (5014, 1), (5055, 1), (5089, 1), (5340, 1), (5474, 1), (5575, 2), (5715, 1), (5766, 2), (5776, 1), (5777, 10), (5836, 2), (5981, 1), (6300, 1), (6447, 2), (6785, 2), (6876, 2), (6936, 1), (7182, 1), (7193, 1), (7232, 2), (7292, 1), (7544, 1), (7550, 1), (7611, 1), (7691, 1), (7897, 1), (8170, 1), (8172, 2), (8183, 2), (8211, 1), (8367, 1), (8660, 1), (8770, 1), (9406, 1), (9507, 2), (9526, 1), (9785, 1)
taper (DF: 2): (2624, 1), (3161, 1)
tapestri (DF: 1): (5617, 1)
tapic (DF: 1): (6190, 1)
tapidi (DF: 1): (5932, 7)
tapin (DF: 2): (2636, 1), (8209, 1)
tapis (DF: 1): (5622, 1)
taponaz (DF: 1): (4560, 2)
tapp (DF: 1): (7471, 1)
tappen (DF: 1): (6184, 1)
tappin (DF: 3): (1303, 1), (6926, 1), (7280, 3)
tapz (DF: 1): (3063, 1)
taqui (DF: 1): (4780, 14)
tar (DF: 16): (286, 1), (1210, 6), (1226, 1), (2152, 1), (2378, 1), (2898, 15), (3215, 1), (4295, 1), (4361, 1), (6078, 1), (7603, 1), (7758, 1), (8128, 1), (8353, 1), (9269, 1), (9498, 2)
tara (DF: 4): (1493, 2), (6072, 8), (7165, 2), (8768, 2)
tarah (DF: 1): (1834, 2)
taraji (DF: 1): (4918, 1)
tarantino (DF: 11): (606, 5), (1084, 1), (3184, 2), (3268, 1), (4026, 2), (5313, 1), (6007, 1), (7266, 1), (7654, 1), (7789, 1), (8812, 1)
tarantula (DF: 1): (7973, 1)
tarboro (DF: 1): (80, 1)
tarcz (DF: 1): (1655, 1)
tard (DF: 4): (333, 2), (412, 2), (417, 1), (438, 1)
