monopoli (DF: 6): (2104, 1), (2198, 1), (4122, 1), (6695, 1), (7235, 1), (7250, 1)
monoton (DF: 4): (3019, 1), (5715, 1), (8325, 1), (9318, 4)
monotoni (DF: 4): (1032, 1), (2512, 1), (2927, 1), (3986, 1)
monotonia (DF: 1): (8052, 1)
monro (DF: 4): (8, 2), (6124, 1), (7697, 1), (8931, 1)
monrovia (DF: 1): (5160, 1)
monserrat (DF: 3): (3090, 1), (6207, 1), (7526, 1)
monsieur (DF: 1): (349, 1)
monsoon (DF: 6): (420, 1), (1281, 1), (1330, 1), (5722, 1), (6999, 1), (8139, 1)
monst (DF: 5): (637, 1), (1771, 1), (4440, 1), (7922, 1), (8218, 1)
monsta (DF: 3): (226, 1), (894, 1), (8009, 1)
monstar (DF: 2): (6597, 1), (6926, 1)
monster (DF: 71): (40, 4), (138, 1), (270, 1), (442, 1), (601, 6), (641, 4), (941, 20), (973, 1), (1130, 2), (1230, 1), (1234, 4), (1310, 8), (1720, 1), (1772, 1), (2176, 1), (2258, 22), (2552, 1), (2787, 1), (2874, 4), (2985, 1), (3072, 6), (3139, 1), (3191, 12), (3395, 2), (3922, 1), (3951, 1), (4048, 10), (4054, 2), (4153, 2), (4346, 1), (4391, 1), (4394, 6), (4735, 22), (5233, 2), (5581, 13), (5767, 1), (5957, 1), (6151, 1), (6406, 1), (6413, 1), (6464, 1), (6510, 1), (6577, 1), (6631, 2), (6688, 19), (6812, 1), (6816, 1), (7053, 1), (7115, 1), (7121, 1), (7242, 1), (7282, 2), (7474, 1), (7690, 1), (7758, 1), (7785, 1), (7941, 1), (8125, 1), (8214, 1), (8403, 2), (8674, 1), (8759, 1), (8931, 1), (9019, 1), (9036, 1), (9051, 1), (9077, 1), (9553, 1), (9631, 1), (9730, 1), (9784, 7)
monsters (DF: 1): (8218, 1)
monstros (DF: 4): (2770, 1), (3772, 1), (4021, 1), (5612, 1)
monstru (DF: 2): (2564, 1), (6422, 1)
mont (DF: 38): (14, 1), (256, 1), (399, 1), (477, 2), (676, 1), (802, 1), (1089, 1), (1187, 1), (1277, 1), (1987, 1), (2048, 1), (2356, 1), (3033, 1), (3078, 1), (3093, 2), (3550, 1), (4032, 1), (4088, 1), (5016, 1), (5040, 1), (5126, 2), (6057, 1), (6205, 2), (6485, 2), (6514, 1), (6804, 3), (6884, 6), (7254, 1), (8066, 1), (8149, 2), (8352, 1), (9040, 6), (9074, 1), (9204, 1), (9309, 6), (9719, 1), (9887, 1), (9960, 4)
monta (DF: 4): (2651, 2), (3879, 1), (4912, 1), (9309, 1)
montag (DF: 4): (675, 2), (2574, 2), (3930, 1), (7940, 2)
montagu (DF: 1): (7761, 1)
montan (DF: 15): (53, 3), (256, 1), (354, 1), (1284, 1), (1501, 2), (2114, 3), (2601, 1), (3342, 1), (3723, 1), (4434, 2), (5990, 1), (7782, 2), (8188, 1), (8883, 1), (9225, 1)
montana (DF: 22): (155, 1), (261, 2), (1171, 1), (1825, 1), (2455, 2), (3140, 1), (3225, 2), (4761, 1), (4918, 1), (5031, 8), (6238, 1), (6441, 1), (6760, 2), (7018, 3), (7071, 1), (7549, 1), (7654, 6), (7696, 1), (8509, 2), (9231, 2), (9442, 2), (9710, 8)
montanas (DF: 1): (681, 1)
montart (DF: 1): (9444, 1)
montat (DF: 2): (2585, 2), (8882, 3)
montañ (DF: 6): (2967, 1), (5762, 3), (7773, 3), (8255, 1), (9248, 1), (9342, 1)
montecarlo (DF: 1): (5702, 2)
montel (DF: 6): (372, 2), (583, 2), (1809, 1), (4668, 2), (8058, 1), (9597, 3)
monterrey (DF: 4): (276, 1), (3351, 1), (5762, 1), (6450, 1)
montessori (DF: 1): (2896, 1)
montevallo (DF: 1): (4325, 1)
montez (DF: 1): (4508, 3)
montgomeri (DF: 1): (1873, 2)
month (DF: 106): (196, 1), (241, 2), (644, 2), (691, 2), (1147, 1), (1219, 1), (1226, 1), (1304, 1), (1400, 1), (1410, 1), (1469, 2), (1650, 1), (2062, 1), (2075, 1), (2177, 1), (2220, 3), (2228, 1), (2304, 1), (2423, 1), (2451, 1), (2553, 1), (2619, 1), (2687, 1), (2708, 1), (2872, 1), (2964, 1), (3009, 19), (3175, 1), (3240, 1), (3272, 1), (3317, 7), (3444, 1), (3594, 1), (3617, 1), (3777, 2), (3857, 4), (3914, 1), (4174, 1), (4332, 1), (4337, 2), (4392, 1), (4398, 3), (4413, 1), (4536, 1), (4837, 1), (4932, 1), (4936, 2), (5014, 1), (5018, 1), (5075, 1), (5082, 1), (5250, 2), (5460, 2), (5553, 4), (5642, 1), (5728, 1), (5757, 1), (6033, 1), (6037, 1), (6222, 3), (6228, 2), (6244, 1), (6342, 1), (6508, 1), (6569, 1), (6609, 8), (6741, 1), (6787, 1), (6891, 1), (6926, 1), (6948, 4), (7006, 1), (7113, 1), (7441, 1), (7540, 1), (7585, 1), (7611, 1), (7643, 1), (7662, 1), (7688, 2), (7754, 1), (7763, 1), (7778, 1), (7884, 1), (7901, 1), (7937, 1), (8014, 9), (8108, 2), (8269, 1), (8304, 1), (8462, 1), (8494, 1), (8555, 1), (8639, 1), (8952, 2), (8960, 1), (9100, 1), (9167, 1), (9345, 1), (9594, 1), (9640, 1), (9745, 1), (9747, 1), (9894, 1), (9910, 1), (8953, 16)
monti (DF: 4): (583, 3), (4032, 1), (4668, 3), (9597, 3)
montmartr (DF: 1): (2505, 2)
monton (DF: 8): (1277, 2), (1686, 1), (4780, 2), (4846, 1), (5013, 2), (5373, 6), (7166, 1), (8243, 6)
montpelli (DF: 1): (1218, 1)
montrer (DF: 1): (3660, 1)
montreux (DF: 1): (2158, 1)
montros (DF: 1): (2323, 2)
