slippin (DF: 33): (27, 1), (220, 1), (352, 1), (436, 20), (502, 24), (1101, 1), (1111, 1), (1223, 1), (1837, 1), (2256, 1), (2511, 2), (2649, 1), (2727, 2), (2895, 2), (3420, 1), (3473, 1), (3749, 5), (4095, 1), (5089, 1), (5682, 1), (5693, 1), (5835, 1), (6102, 1), (6304, 1), (6352, 1), (6677, 1), (7369, 1), (7684, 21), (7691, 1), (7845, 5), (8209, 1), (9284, 1), (9764, 2)
slippiti (DF: 2): (547, 1), (4452, 6)
slit (DF: 11): (242, 1), (2746, 1), (4255, 1), (4684, 1), (4971, 1), (5260, 1), (5350, 1), (5915, 2), (7593, 1), (7642, 5), (9212, 1)
slither (DF: 2): (4648, 3), (8601, 3)
slitherin (DF: 1): (4941, 1)
slitsomt (DF: 1): (9498, 1)
sliver (DF: 2): (1807, 1), (6758, 1)
slizzard (DF: 2): (2251, 1), (7540, 1)
slo (DF: 4): (952, 2), (3864, 1), (4559, 2), (5701, 1)
sloan (DF: 4): (2728, 1), (4306, 1), (5492, 1), (9877, 1)
slob (DF: 2): (7654, 1), (8467, 2)
sloeber (DF: 1): (175, 1)
slog (DF: 1): (7773, 3)
slogan (DF: 7): (1648, 2), (1707, 1), (3019, 1), (4466, 1), (8016, 1), (8325, 1), (8682, 1)
slogger (DF: 1): (3763, 2)
slop (DF: 3): (6319, 1), (6903, 1), (7754, 1)
slope (DF: 6): (1223, 1), (3201, 1), (3272, 1), (4271, 1), (4731, 2), (7364, 1)
sloppi (DF: 15): (1490, 3), (1661, 1), (1929, 1), (2061, 6), (2397, 1), (2797, 1), (4411, 1), (4814, 4), (5294, 1), (5728, 1), (6895, 1), (7046, 4), (7654, 1), (8132, 1), (9010, 1)
slot (DF: 8): (2172, 1), (3278, 2), (3601, 2), (4051, 1), (4720, 1), (7349, 1), (8708, 1), (9035, 1)
slouch (DF: 3): (1136, 1), (6296, 1), (6638, 1)
slow (DF: 281): (2, 1), (26, 3), (31, 1), (48, 2), (59, 3), (113, 20), (133, 1), (169, 2), (183, 1), (197, 1), (237, 1), (243, 1), (286, 2), (298, 4), (300, 1), (302, 1), (306, 3), (328, 1), (365, 1), (394, 4), (407, 2), (454, 3), (479, 3), (486, 1), (490, 1), (500, 2), (538, 1), (581, 1), (589, 1), (622, 1), (671, 1), (681, 1), (689, 1), (767, 2), (799, 2), (802, 1), (812, 1), (877, 3), (905, 5), (928, 2), (1001, 1), (1040, 2), (1045, 4), (1050, 1), (1058, 1), (1059, 15), (1073, 1), (1078, 2), (1081, 1), (1119, 3), (1124, 1), (1134, 8), (1143, 1), (1174, 1), (1224, 19), (1243, 1), (1247, 1), (1269, 1), (1276, 1), (1308, 2), (1350, 8), (1364, 1), (1402, 1), (1427, 1), (1430, 2), (1461, 1), (1494, 2), (1518, 1), (1529, 4), (1532, 4), (1549, 1), (1574, 2), (1598, 4), (1646, 6), (1653, 2), (1672, 1), (1678, 1), (1700, 1), (1705, 1), (1710, 1), (1711, 1), (1728, 12), (1739, 9), (1741, 1), (1775, 1), (1785, 1), (1855, 12), (1871, 1), (1886, 1), (1920, 5), (1924, 1), (1949, 1), (1960, 1), (1962, 3), (1989, 7), (2006, 2), (2039, 1), (2057, 1), (2080, 1), (2084, 1), (2102, 1), (2173, 1), (2179, 1), (2185, 3), (2216, 1), (2231, 1), (2251, 1), (2254, 3), (2261, 5), (2265, 1), (2299, 1), (2322, 1), (2340, 1), (2380, 1), (2401, 1), (2419, 1), (2422, 1), (2424, 2), (2453, 4), (2467, 1), (2471, 4), (2503, 6), (2513, 1), (2540, 2), (2571, 3), (2619, 1), (2628, 2), (2667, 19), (2674, 1), (2687, 4), (2691, 1), (2709, 1), (2714, 3), (2760, 1), (2819, 2), (2822, 3), (2865, 6), (2875, 1), (2915, 1), (2920, 1), (2964, 1), (3009, 1), (3052, 1), (3129, 1), (3133, 3), (3164, 1), (3186, 1), (3190, 2), (3206, 9), (3222, 2), (3227, 3), (3260, 1), (3282, 2), (3283, 1), (3286, 1), (3309, 1), (3318, 1), (3330, 1), (3339, 1), (3369, 1), (3376, 6), (3394, 14), (3486, 1), (3503, 2), (3539, 4), (3545, 2), (3581, 1), (3585, 1), (3646, 1), (3730, 4), (3783, 3), (3793, 1), (3799, 2), (3809, 1), (3826, 2), (3836, 2), (3843, 1), (3861, 1), (3864, 4), (3923, 1), (3925, 1), (3949, 3), (3966, 1), (3977, 1), (4027, 1), (4030, 3), (4043, 1), (4047, 1), (4050, 1), (4074, 1), (4109, 1), (4211, 1), (4237, 1), (4264, 4), (4275, 1), (4291, 3), (4300, 3), (4321, 1), (4372, 1), (4411, 1), (4435, 2), (4449, 20), (4499, 1), (4576, 1), (4594, 3), (4613, 1), (4621, 3), (4640, 2), (4668, 1), (4705, 5), (4719, 3), (4733, 1), (4737, 1), (4779, 4), (4792, 2), (4824, 1), (4836, 4), (4864, 1), (4878, 1), (4899, 2), (4967, 1), (5027, 2), (5063, 16), (5078, 1), (5087, 1), (5095, 2), (5171, 2), (5192, 3), (5195, 1), (5226, 1), (5237, 2), (5269, 1), (5284, 2), (5299, 1), (5334, 1), (5344, 7), (5413, 1), (5419, 1), (5427, 3), (5453, 2), (5504, 1), (5513, 2), (5567, 1), (5578, 2), (5581, 2), (5587, 2), (5654, 1), (5661, 5), (5674, 1), (5727, 1), (5748, 2), (5753, 1), (5766, 2), (5789, 1), (5800, 1), (5814, 1), (5829, 1), (5840, 1), (5850, 1), (5853, 1), (5863, 1), (5864, 1), (5885, 1), (5926, 1), (5934, 1), (5946, 1), (5955, 2), (5969, 3), (5992, 2), (5999, 2), (6009, 2), (6019, 1), (6022, 1), (6064, 2), (6066, 1), (6073, 1), (6082, 1), (6104, 5), (6121, 1), (6128, 1), (6164, 1)
