meet (DF: 69): (8421, 1), (8433, 1), (8466, 1), (8492, 1), (8531, 6), (8532, 1), (8536, 20), (8554, 1), (8621, 1), (8631, 1), (8665, 1), (8669, 2), (8672, 1), (8682, 1), (8683, 1), (8692, 1), (8774, 1), (8813, 1), (8862, 2), (8893, 1), (9077, 1), (9092, 1), (9140, 1), (9207, 2), (9237, 4), (9284, 1), (9308, 1), (9321, 7), (9341, 1), (9364, 1), (9371, 1), (9435, 1), (9441, 1), (9472, 1), (9481, 1), (9512, 1), (9555, 1), (9686, 1), (9751, 2), (9759, 1), (9761, 1), (9764, 16), (9829, 2), (9847, 1), (9915, 4), (9922, 1), (9925, 2), (121, 1), (122, 1), (128, 1), (129, 2), (2697, 2), (2699, 1), (2904, 1), (2906, 1), (2998, 1), (2999, 2), (5056, 1), (5057, 1), (5188, 1), (5191, 1), (5291, 1), (5293, 1), (7026, 1), (7027, 3), (7311, 1), (7312, 2), (8082, 1), (8083, 3)
meetcha (DF: 1): (2692, 1)
meetin (DF: 8): (179, 1), (449, 1), (1084, 1), (1313, 1), (2000, 1), (3485, 12), (4404, 1), (7473, 1)
meetingpoint (DF: 1): (6184, 1)
mef (DF: 1): (7690, 1)
mefit (DF: 1): (4984, 1)
meg (DF: 4): (1547, 1), (3234, 2), (3985, 1), (9498, 2)
mega (DF: 15): (300, 1), (1678, 1), (2002, 1), (3330, 1), (3646, 1), (4707, 1), (5349, 1), (5483, 1), (6202, 1), (6776, 1), (7809, 1), (7992, 1), (8209, 1), (8224, 1), (9565, 1)
megablast (DF: 1): (7992, 1)
megafon (DF: 1): (417, 1)
megahertz (DF: 1): (7973, 1)
megalomaniac (DF: 1): (4175, 4)
megan (DF: 4): (268, 1), (1550, 1), (2872, 1), (3234, 2)
megaphon (DF: 2): (2859, 4), (7289, 2)
megatron (DF: 3): (696, 1), (4707, 4), (7518, 1)
meget (DF: 5): (229, 4), (2759, 1), (6292, 1), (7077, 1), (7200, 1)
meghan (DF: 7): (1208, 1), (5094, 1), (6499, 1), (6686, 1), (6975, 1), (7687, 1), (8292, 1)
megl (DF: 13): (9, 2), (63, 1), (438, 1), (1850, 2), (2549, 1), (4873, 2), (5392, 7), (5785, 2), (7694, 1), (7837, 1), (8936, 1), (9203, 7), (9222, 1)
meguriaetara (DF: 1): (1360, 2)
meh (DF: 2): (2540, 6), (7173, 3)
mehdi (DF: 1): (4630, 1)
mehnat (DF: 1): (149, 1)
mehr (DF: 40): (484, 1), (1177, 1), (1238, 2), (1616, 3), (1715, 1), (1845, 4), (2050, 1), (2078, 1), (2327, 1), (2328, 1), (2535, 2), (2637, 1), (3123, 1), (3212, 1), (3381, 3), (3932, 1), (4004, 1), (4816, 4), (4876, 1), (4989, 5), (5051, 1), (5149, 1), (5206, 1), (5214, 2), (5559, 1), (5955, 6), (6430, 1), (6600, 1), (6748, 1), (6835, 1), (7306, 1), (7479, 4), (7720, 1), (8247, 1), (8311, 1), (8340, 2), (8651, 1), (8678, 2), (9199, 9), (9999, 1)
mehrfach (DF: 3): (3381, 1), (5691, 2), (6620, 2)
mei (DF: 26): (778, 1), (1238, 1), (2050, 12), (2194, 1), (2574, 1), (2680, 1), (3048, 1), (3067, 1), (3123, 1), (3409, 7), (3462, 1), (3849, 1), (3932, 1), (3962, 3), (5206, 22), (5459, 1), (5955, 1), (6026, 1), (6430, 12), (6600, 4), (7306, 1), (7373, 1), (7479, 1), (8340, 1), (8498, 1), (8829, 1)
meia (DF: 1): (2711, 2)
meilenweit (DF: 1): (6026, 1)
meilleur (DF: 2): (4088, 1), (5801, 1)
meim (DF: 1): (5206, 1)
mein (DF: 7): (149, 17), (1834, 12), (2086, 13), (3962, 1), (6135, 1), (9143, 1), (9688, 3)
meinst (DF: 1): (6267, 1)
meio (DF: 5): (3497, 1), (3870, 1), (7649, 1), (8113, 2), (9637, 1)
meiota (DF: 1): (3215, 1)
meisj (DF: 5): (3864, 1), (4256, 1), (6008, 1), (7421, 2), (7547, 3)
meist (DF: 5): (2574, 7), (3212, 12), (4816, 1), (5149, 2), (6748, 1)
mej (DF: 1): (908, 2)
mejor (DF: 110): (46, 1), (53, 2), (84, 1), (143, 2), (173, 6), (178, 1), (252, 2), (312, 1), (333, 8), (355, 1), (366, 1), (371, 10), (395, 1), (399, 1), (417, 1), (460, 2), (476, 1), (580, 1), (724, 2), (791, 1), (1004, 1), (1022, 2), (1098, 1), (1133, 5), (1221, 6), (1254, 3), (1296, 1), (1366, 1), (1441, 1), (1461, 2), (1476, 2), (1788, 6), (1803, 1), (1878, 2), (1939, 1), (1953, 1), (1974, 2), (2020, 4), (2033, 1), (2090, 1), (2114, 16), (2205, 3), (2306, 1), (2316, 1), (2325, 1), (2473, 2), (2488, 1), (2530, 1), (2564, 3), (2656, 1), (2659, 8), (2681, 4), (2785, 1), (2938, 5), (2972, 4), (3093, 2), (3239, 2), (3269, 1), (3403, 4), (3489, 1), (3495, 7), (3587, 1), (3669, 1), (3724, 12), (3851, 2), (3876, 1), (3890, 1), (3897, 4), (3981, 2), (4143, 17), (4152, 1), (4186, 8), (4189, 1), (4210, 2), (4257, 5), (4267, 2), (4288, 1), (4347, 1), (4352, 1), (4356, 2), (4362, 1), (4382, 1), (4386, 2), (4423, 2), (4448, 1), (4515, 1), (4702, 4), (4752, 2), (4790, 1), (4797, 1), (4862, 12), (4909, 1), (5017, 1), (5035, 3), (5040, 4), (5110, 1), (5276, 3), (5283, 1), (5352, 1), (5358, 1), (5363, 1), (5436, 1), (5563, 1), (5621, 1), (5655, 1), (5770, 6), (5792, 2), (6025, 1), (6120, 7), (6138, 21)
