elavatin (DF: 1): (4023, 1)
elb (DF: 1): (2078, 1)
elbow (DF: 12): (1297, 1), (1455, 1), (2263, 1), (4185, 1), (4533, 1), (5059, 1), (5907, 1), (6464, 1), (6741, 1), (7090, 1), (7768, 5), (9640, 1)
elbowin (DF: 1): (9102, 1)
elder (DF: 7): (574, 1), (2497, 1), (4962, 1), (6163, 2), (7217, 2), (7605, 2), (8117, 1)
elderbrook (DF: 2): (5661, 1), (6915, 1)
ele (DF: 29): (213, 1), (1183, 2), (1659, 1), (2711, 2), (2833, 2), (3007, 1), (3215, 3), (3467, 1), (3838, 4), (5606, 1), (5959, 1), (6234, 4), (6289, 2), (6804, 1), (7270, 1), (7563, 2), (7869, 1), (8052, 1), (8113, 1), (8363, 1), (8574, 2), (8938, 4), (8989, 1), (9087, 3), (9494, 1), (9637, 3), (9762, 1), (9860, 1), (9876, 4)
eleanor (DF: 1): (7, 1)
eleccion (DF: 1): (8255, 1)
elect (DF: 7): (1250, 1), (1936, 6), (2177, 2), (5178, 1), (5509, 1), (7192, 1), (9729, 1)
electr (DF: 72): (363, 1), (468, 2), (612, 4), (735, 1), (777, 1), (857, 1), (864, 1), (1023, 2), (1045, 1), (1076, 1), (1154, 1), (1237, 4), (1541, 1), (1604, 1), (1677, 1), (1888, 11), (1980, 1), (2037, 1), (2095, 2), (2885, 2), (2967, 1), (3053, 1), (3241, 1), (3255, 2), (3547, 7), (3630, 4), (3949, 3), (4218, 1), (4244, 1), (4271, 1), (4500, 2), (4791, 4), (4976, 4), (4977, 1), (5124, 1), (5148, 2), (5182, 1), (5371, 2), (5389, 1), (5476, 1), (5693, 1), (6072, 1), (6131, 1), (6136, 1), (6169, 5), (6213, 1), (6302, 1), (6434, 1), (6435, 2), (6455, 1), (6681, 1), (6811, 10), (6998, 1), (7160, 1), (7189, 1), (7586, 1), (7830, 1), (7890, 1), (7915, 43), (8158, 3), (8159, 1), (8276, 1), (8434, 1), (8484, 7), (8583, 1), (8635, 1), (8755, 1), (8844, 1), (8866, 1), (8888, 1), (9100, 2), (9123, 11)
electric (DF: 2): (3623, 1), (7411, 1)
electrifi (DF: 3): (6830, 1), (7634, 1), (8835, 2)
electro (DF: 644): (31, 1), (41, 1), (91, 1), (93, 2), (94, 1), (96, 2), (99, 2), (105, 1), (107, 2), (111, 1), (115, 1), (144, 2), (148, 2), (152, 2), (158, 2), (169, 2), (174, 1), (184, 2), (209, 1), (231, 2), (247, 2), (258, 1), (289, 2), (323, 1), (326, 1), (344, 1), (351, 2), (380, 2), (382, 2), (385, 1), (392, 1), (401, 1), (415, 2), (419, 2), (423, 1), (448, 2), (461, 1), (508, 1), (531, 2), (542, 1), (560, 1), (565, 2), (572, 1), (584, 2), (602, 1), (610, 1), (634, 1), (644, 1), (652, 1), (670, 2), (717, 2), (720, 2), (739, 2), (741, 1), (747, 1), (750, 1), (773, 2), (780, 2), (784, 2), (839, 2), (887, 2), (900, 1), (901, 2), (902, 1), (907, 2), (911, 2), (917, 2), (927, 2), (954, 2), (957, 1), (961, 1), (977, 2), (1028, 2), (1066, 2), (1103, 1), (1118, 2), (1128, 1), (1129, 1), (1137, 1), (1161, 1), (1190, 2), (1195, 1), (1207, 2), (1225, 1), (1232, 2), (1235, 1), (1239, 2), (1257, 1), (1266, 1), (1303, 2), (1320, 2), (1339, 2), (1345, 1), (1347, 2), (1348, 2), (1376, 2), (1382, 2), (1384, 1), (1404, 1), (1459, 1), (1483, 1), (1486, 2), (1495, 2), (1514, 1), (1517, 1), (1537, 1), (1614, 2), (1630, 2), (1635, 2), (1637, 1), (1680, 1), (1701, 1), (1702, 2), (1755, 1), (1779, 1), (1782, 2), (1824, 1), (1864, 1), (1884, 1), (1890, 1), (1903, 1), (1905, 2), (1908, 2), (1917, 1), (1946, 1), (1991, 1), (2008, 2), (2009, 1), (2030, 1), (2040, 1), (2138, 1), (2149, 1), (2151, 2), (2179, 2), (2189, 2), (2193, 2), (2197, 1), (2238, 1), (2285, 1), (2289, 2), (2302, 2), (2314, 2), (2324, 1), (2363, 1), (2370, 2), (2457, 1), (2468, 2), (2474, 2), (2501, 1), (2507, 2), (2517, 2), (2531, 2), (2578, 3), (2589, 1), (2608, 2), (2615, 1), (2620, 1), (2689, 1), (2690, 1), (2703, 2), (2718, 2), (2722, 1), (2725, 2), (2740, 2), (2777, 2), (2784, 2), (2789, 1), (2883, 1), (2894, 1), (2905, 1), (2909, 2), (2924, 1), (2926, 2), (2937, 2), (2941, 1), (2958, 2), (2966, 2), (2970, 1), (2981, 2), (2987, 1), (2995, 2), (2997, 1), (3017, 1), (3051, 2), (3058, 2), (3061, 2), (3086, 1), (3115, 2), (3122, 1), (3130, 1), (3138, 2), (3141, 2), (3151, 1), (3162, 2), (3165, 1), (3191, 2), (3196, 1), (3250, 2), (3261, 2), (3287, 2), (3301, 1), (3306, 1), (3312, 2), (3314, 1), (3328, 1), (3336, 1), (3377, 2), (3391, 2), (3396, 1), (3400, 2), (3411, 1), (3423, 1), (3475, 2), (3477, 2), (3481, 1), (3539, 1), (3616, 2), (3622, 2), (3630, 1), (3643, 2), (3654, 1), (3667, 2), (3684, 2), (3709, 1), (3711, 2), (3716, 2), (3736, 1), (3745, 5), (3780, 2), (3782, 2), (3785, 2), (3817, 2), (3819, 1), (3825, 2), (3828, 2), (3829, 1), (3836, 2), (3856, 1), (3868, 2), (3877, 2), (3888, 2), (3899, 1), (3928, 1), (3998, 2), (4029, 1), (4035, 2), (4056, 2), (4089, 2), (4109, 1), (4116, 1), (4118, 1), (4133, 1), (4153, 2), (4164, 2), (4179, 1), (4187, 2), (4202, 1), (4216, 1), (4221, 1), (4227, 1), (4241, 2), (4262, 1), (4276, 1), (4322, 2), (4328, 1), (4336, 2), (4346, 2), (4350, 2), (4363, 2), (4375, 2), (4379, 2), (4389, 1), (4399, 1), (4414, 2), (4415, 2), (4418, 2), (4435, 1), (4441, 1), (4478, 1), (4510, 2), (4514, 2), (4559, 2), (4573, 2), (4635, 2), (4675, 2), (4698, 2), (4703, 1), (4725, 2), (4735, 1), (4744, 2), (4764, 2), (4765, 2), (4768, 3), (4772, 2), (4783, 1), (4795, 2), (4801, 2), (4817, 2), (4835, 1), (4839, 2), (4920, 1), (4994, 2), (5005, 2), (5009, 2), (5027, 3), (5029, 2), (5043, 2), (5069, 1), (5095, 2), (5104, 1), (5113, 2), (5114, 1), (5119, 2), (5129, 1), (5138, 1), (5153, 1), (5163, 2), (5167, 2), (5180, 2), (5185, 2), (5194, 1), (5220, 1), (5238, 1), (5240, 2), (5282, 1), (5325, 2), (5328, 2), (5330, 1), (5355, 1), (5377, 2), (5402, 2), (5404, 1), (5427, 2), (5485, 1), (5500, 1), (5505, 2), (5515, 2), (5517, 1), (5521, 1), (5539, 1), (5542, 1), (5550, 1), (5556, 1), (5566, 2), (5580, 2), (5600, 1), (5603, 1), (5609, 2), (5611, 2), (5620, 1), (5625, 2), (5630, 2), (5632, 1), (5660, 2), (5661, 1), (5684, 2), (5706, 1), (5727, 1), (5733, 2), (5750, 2), (5756, 1), (5807, 2), (5858, 1), (5911, 1), (5939, 2), (5951, 1), (5978, 2), (5985, 1), (6017, 1), (6023, 2), (6027, 2), (6030, 1), (6035, 2), (6038, 1), (6066, 1), (6072, 2), (6076, 1), (6088, 1), (6093, 2), (6099, 2), (6110, 2), (6113, 1), (6116, 1), (6132, 2), (6162, 2), (6174, 1), (6180, 1), (6183, 1), (6201, 1), (6204, 2), (6222, 1), (6257, 1), (6283, 1), (6294, 2), (6347, 2), (6358, 2), (6360, 1), (6400, 2), (6419, 1), (6433, 2), (6456, 2), (6482, 2), (6489, 2), (6519, 1), (6528, 1), (6544, 2), (6549, 1), (6577, 2), (6579, 2), (6594, 2), (6597, 2), (6611, 1), (6625, 2), (6657, 1), (6662, 1), (6669, 1), (6672, 2), (6676, 2), (6684, 1), (6685, 1), (6692, 1), (6710, 2), (6717, 1), (6739, 2), (6744, 2), (6775, 1), (6785, 1), (6815, 1), (6820, 1), (6830, 2), (6836, 1), (6865, 2), (6866, 1), (6869, 2), (6874, 1), (6880, 1), (6881, 1), (6892, 1), (6916, 2), (6924, 1), (6943, 2), (6944, 1), (6954, 1), (6955, 1), (6957, 1), (6985, 1), (6987, 2), (6991, 2), (7002, 1), (7007, 1), (7034, 1), (7040, 2), (7052, 2), (7086, 1), (7087, 2), (7100, 2), (7111, 1), (7165, 2), (7193, 1), (7199, 1), (7210, 2), (7232, 2), (7263, 1), (7280, 2), (7285, 1), (7293, 1), (7300, 1), (7308, 1), (7311, 2), (7315, 2), (7322, 2), (7326, 2), (7347, 1), (7362, 2), (7366, 2), (7381, 2), (7385, 2), (7389, 2), (7398, 2), (7400, 2), (7401, 2), (7408, 2), (7416, 2), (7428, 2), (7434, 2), (7481, 2), (7491, 2), (7493, 1), (7496, 2), (7529, 1), (7562, 2), (7565, 1), (7588, 2), (7597, 1), (7610, 1), (7626, 2), (7638, 1), (7719, 1), (7738, 2), (7746, 1), (7750, 1), (7759, 1), (7761, 3), (7762, 2), (7784, 2), (7793, 2), (7797, 2), (7801, 2), (7803, 1), (7850, 1), (7878, 1), (7915, 1), (7966, 1), (7997, 1), (8003, 1), (8034, 2), (8038, 2), (8045, 2), (8080, 1), (8096, 2), (8115, 1), (8117, 2), (8125, 1), (8129, 1), (8158, 1), (8160, 2), (8185, 2), (8226, 2), (8257, 2), (8262, 1), (8306, 2), (8314, 2), (8321, 1), (8333, 2), (8365, 2), (8366, 2), (8374, 2), (8376, 2), (8377, 1), (8389, 2), (8392, 2), (8396, 1), (8403, 1), (8417, 1), (8423, 1), (8432, 2), (8444, 2), (8461, 2), (8464, 2), (8477, 1), (8499, 1), (8539, 1), (8541, 1), (8551, 1), (8558, 1), (8565, 2), (8583, 2), (8586, 2), (8639, 1), (8649, 1), (8673, 1), (8689, 1), (8702, 1), (8723, 1), (8727, 1), (8738, 1), (8797, 2), (8810, 1), (8838, 2), (8851, 1), (8867, 1), (8869, 2), (8872, 2), (8875, 1), (8876, 2), (8888, 1), (8894, 1), (8898, 1), (8911, 2), (8937, 1), (8962, 1), (8979, 1), (9050, 2), (9076, 1), (9080, 2), (9096, 2), (9097, 1), (9139, 1), (9146, 2), (9230, 1), (9233, 1), (9238, 1), (9239, 1), (9243, 2), (9247, 1), (9280, 2), (9294, 2), (9299, 1), (9310, 2), (9314, 1), (9316, 2), (9320, 2), (9350, 2), (9352, 1), (9353, 1), (9359, 1), (9371, 1), (9380, 2), (9390, 1), (9406, 1), (9411, 2), (9423, 2), (9429, 2), (9463, 1), (9491, 1), (9511, 2), (9526, 2), (9530, 2), (9588, 1), (9611, 1), (9616, 1), (9623, 1), (9630, 1), (9639, 1), (9643, 1), (9663, 1), (9675, 2), (9693, 3), (9705, 1), (9716, 2), (9732, 1), (9735, 2), (9769, 2), (9776, 1), (9791, 2), (9811, 2), (9843, 1), (9855, 1), (9891, 1), (9942, 1), (9943, 2), (9968, 1), (9969, 2), (9990, 1)
electrocut (DF: 2): (2717, 1), (7166, 1)
electrohous (DF: 21): (218, 1), (445, 1), (1231, 1), (2386, 1), (2698, 1), (2751, 1), (3617, 1), (3794, 1), (4277, 1), (5087, 1), (5165, 1), (5718, 1), (5925, 1), (5938, 1), (6044, 1), (6161, 1), (6856, 1), (7404, 1), (7537, 1), (9438, 1), (9610, 1)
electrolyt (DF: 2): (7001, 1), (8943, 1)
electron (DF: 61): (96, 1), (169, 1), (461, 1), (531, 1), (542, 1), (602, 1), (720, 1), (927, 1), (1028, 1), (1225, 1), (1235, 1), (1389, 1), (1991, 1), (2418, 1), (2457, 1), (2474, 1), (2608, 1), (2740, 1), (2789, 1), (2995, 1), (3059, 2), (3616, 1), (4164, 1), (4725, 1), (4772, 1), (5194, 1), (5464, 1), (5556, 1), (5600, 1), (5609, 1), (5611, 1), (5661, 1), (5706, 1), (6131, 1), (6257, 1), (6283, 1), (6482, 1), (6519, 1), (6594, 1), (6672, 1), (6681, 1), (6692, 1), (7626, 1), (7750, 1), (7785, 2), (8185, 1), (8403, 1), (8432, 1), (8444, 1), (8539, 1), (8541, 1), (8586, 1), (8866, 1), (8876, 1), (9230, 1), (9294, 1), (9316, 1), (9320, 1), (9511, 1), (9716, 1), (9791, 1)
electropop (DF: 524): (29, 2), (33, 2), (59, 2), (89, 2), (185, 2), (192, 1), (209, 2), (216, 2), (218, 2), (224, 2), (249, 2), (281, 2), (296, 2), (311, 2), (355, 1), (356, 2), (360, 2), (379, 2), (390, 2), (391, 2), (416, 2), (425, 2), (439, 2), (445, 2), (487, 2), (489, 2), (503, 1), (505, 2), (549, 2), (550, 2), (557, 2), (561, 1), (582, 1), (604, 2), (611, 2), (630, 2), (677, 2), (679, 2), (683, 2), (757, 2), (765, 2), (772, 2), (831, 2), (837, 2), (863, 2), (895, 2), (916, 1), (950, 2), (951, 2), (962, 2), (970, 2), (972, 2), (979, 2), (990, 2), (999, 2), (1001, 2), (1056, 2), (1065, 2), (1078, 2), (1159, 2), (1168, 1), (1172, 2), (1181, 1), (1230, 2), (1231, 2), (1234, 2), (1272, 2), (1285, 1), (1310, 2), (1389, 2), (1397, 1), (1398, 2), (1440, 1), (1448, 2), (1454, 1), (1472, 2), (1480, 2), (1516, 2), (1559, 1), (1577, 1), (1590, 1), (1609, 2), (1616, 2), (1633, 1), (1660, 2), (1696, 2), (1711, 2), (1724, 2), (1748, 1), (1758, 2), (1769, 1), (1771, 2), (1777, 2), (1788, 2), (1791, 1), (1807, 2), (1846, 2), (1887, 2), (1910, 2), (1921, 1), (1942, 2), (1944, 2), (1953, 1), (1963, 1), (1964, 2), (1985, 2), (1998, 2), (2014, 2), (2071, 2), (2097, 2), (2098, 2), (2121, 2), (2128, 2), (2203, 2), (2234, 1), (2262, 2), (2267, 2), (2281, 2), (2301, 2), (2310, 2), (2327, 2), (2334, 2), (2335, 2), (2352, 2), (2379, 2), (2386, 2), (2402, 2), (2436, 2), (2443, 2), (2453, 2), (2471, 2), (2496, 2), (2535, 2), (2551, 2), (2570, 2), (2579, 2), (2599, 2), (2609, 2), (2613, 2), (2641, 2), (2698, 2), (2727, 2), (2728, 2), (2745, 2), (2749, 2), (2751, 2), (2766, 2), (2769, 2), (2778, 2), (2780, 2), (2819, 2), (2874, 2), (2891, 2), (2912, 2), (2928, 2), (2930, 2), (2994, 2), (3046, 2), (3072, 2), (3092, 1), (3109, 1), (3113, 2), (3125, 2), (3148, 1), (3160, 2), (3187, 2), (3195, 2), (3202, 2), (3212, 2), (3223, 1), (3229, 2), (3240, 2), (3252, 1), (3259, 2), (3278, 2), (3297, 2), (3302, 2), (3376, 1), (3392, 2), (3417, 2), (3443, 2), (3503, 1), (3512, 1), (3514, 2), (3541, 1), (3559, 2), (3560, 2), (3579, 2), (3596, 1), (3599, 2), (3614, 1), (3617, 2), (3655, 2), (3664, 1), (3682, 2), (3683, 1), (3728, 2), (3794, 2), (3810, 1), (3827, 2), (3843, 2), (3852, 2), (3859, 2), (3866, 2), (3891, 1), (3896, 2), (3918, 2), (3942, 2), (3957, 2), (3960, 2), (3980, 2), (3987, 1), (3992, 2), (3994, 2), (4063, 1), (4066, 2), (4087, 2), (4110, 1), (4116, 2), (4120, 2), (4132, 1), (4166, 2), (4205, 2), (4217, 2), (4229, 2), (4230, 2), (4234, 2), (4235, 2), (4248, 2), (4258, 2), (4269, 2), (4277, 2), (4305, 1), (4307, 2), (4310, 1), (4344, 1), (4349, 2), (4384, 2), (4394, 2), (4397, 2), (4401, 2), (4409, 2), (4422, 2), (4431, 2), (4485, 2), (4526, 2), (4546, 2), (4571, 2), (4591, 1), (4601, 1), (4621, 2), (4625, 2), (4630, 1), (4691, 1), (4708, 1), (4719, 2), (4782, 1), (4898, 2), (4901, 2), (4923, 2), (4954, 1), (4968, 2), (4969, 1), (5003, 2), (5015, 2), (5053, 2), (5073, 2), (5087, 2), (5094, 2), (5096, 1), (5128, 2), (5140, 2), (5150, 2), (5151, 2), (5165, 2), (5244, 2), (5248, 2), (5250, 2), (5254, 2), (5265, 1), (5278, 2), (5283, 1), (5337, 1), (5348, 2), (5386, 2), (5400, 2), (5404, 2), (5414, 2), (5430, 2), (5443, 2), (5544, 2), (5546, 2), (5557, 2), (5568, 2), (5594, 2), (5605, 2), (5620, 2), (5637, 2), (5653, 2), (5711, 2), (5718, 2), (5732, 1), (5740, 1), (5751, 1), (5776, 2), (5784, 2), (5785, 2), (5790, 2), (5815, 2), (5831, 2), (5832, 2), (5833, 2), (5843, 2), (5871, 2), (5888, 1), (5891, 1), (5914, 2), (5922, 1), (5925, 2), (5938, 2), (5956, 2), (5958, 2), (5976, 2), (5986, 1), (6036, 1), (6039, 2), (6044, 2), (6070, 2), (6084, 2), (6104, 2), (6161, 2), (6192, 2), (6208, 2), (6211, 2), (6213, 2), (6247, 2), (6255, 2), (6259, 2), (6262, 2), (6300, 2), (6305, 2), (6346, 1), (6379, 1), (6406, 2), (6424, 2), (6448, 2), (6465, 2), (6470, 1), (6483, 2), (6487, 2), (6521, 1), (6562, 1), (6656, 2), (6683, 2), (6713, 2), (6735, 1), (6737, 2), (6760, 2), (6764, 2), (6778, 1), (6785, 2), (6794, 2), (6823, 1), (6856, 2), (6905, 2), (6936, 2), (6940, 1), (6967, 2), (6976, 2), (7005, 2), (7025, 1), (7045, 2), (7064, 2), (7079, 2), (7144, 2), (7196, 2), (7283, 2), (7284, 2), (7308, 2), (7336, 2), (7340, 2), (7404, 2), (7409, 2), (7414, 1), (7422, 2), (7425, 1), (7433, 2), (7461, 1), (7472, 2), (7502, 2), (7521, 2), (7531, 2), (7536, 1), (7537, 2), (7549, 1), (7555, 1), (7595, 2), (7606, 2), (7611, 2), (7618, 2), (7620, 2), (7636, 2), (7637, 2), (7645, 2), (7683, 1), (7688, 2), (7711, 2), (7770, 2), (7775, 2), (7818, 2), (7838, 2), (7855, 1), (7870, 2), (7879, 2), (7913, 1), (7915, 2), (7923, 2), (7951, 2), (7959, 2), (7981, 1), (7985, 2), (8007, 2), (8012, 2), (8013, 2), (8022, 2), (8024, 2), (8029, 2), (8082, 2), (8098, 2), (8119, 2), (8175, 1), (8285, 2), (8303, 2), (8305, 2), (8372, 2), (8399, 2), (8429, 2), (8435, 2), (8450, 1), (8453, 2), (8497, 2), (8508, 2), (8519, 2), (8537, 2), (8584, 2), (8591, 2), (8594, 2), (8628, 2), (8633, 2), (8651, 2), (8653, 2), (8685, 1), (8771, 2), (8820, 1), (8821, 2), (8827, 2), (8844, 1), (8847, 2), (8859, 2), (8879, 2), (8907, 2), (8930, 2), (8964, 2), (8985, 1), (9014, 1), (9018, 2), (9062, 2), (9065, 2), (9068, 1), (9081, 2), (9123, 2), (9127, 2), (9136, 2), (9137, 2), (9148, 2), (9155, 2), (9170, 2), (9186, 2), (9198, 1), (9213, 1), (9241, 2), (9261, 2), (9269, 2), (9282, 2), (9329, 1), (9381, 2), (9438, 2), (9452, 2), (9464, 2), (9478, 2), (9484, 1), (9485, 2), (9504, 2), (9507, 2), (9514, 1), (9520, 2), (9541, 2), (9562, 2), (9610, 2), (9658, 2), (9699, 2), (9700, 1), (9706, 1), (9710, 2), (9739, 2), (9741, 2), (9778, 2), (9779, 2), (9783, 2), (9798, 1), (9800, 2), (9802, 2), (9803, 1), (9847, 1), (9851, 2), (9854, 2), (9877, 2), (9893, 1), (9896, 2), (9930, 2), (9931, 2), (9941, 2), (9967, 2), (9999, 2)
electrostorm (DF: 1): (5871, 1)
electrónica (DF: 32): (158, 1), (780, 1), (887, 1), (901, 1), (1239, 1), (2370, 1), (3141, 1), (3287, 1), (3477, 1), (3716, 1), (3877, 1), (4241, 1), (4363, 1), (4414, 1), (4573, 1), (4801, 1), (5180, 1), (6027, 1), (6204, 1), (6433, 1), (6625, 1), (7400, 1), (7762, 1), (8045, 1), (8306, 1), (8333, 1), (8374, 1), (8565, 1), (8869, 1), (9146, 1), (9735, 1), (9969, 1)
elef (DF: 1): (3717, 1)
eleg (DF: 22): (922, 1), (1098, 1), (1411, 1), (2656, 1), (3592, 2), (3669, 1), (3865, 1), (4504, 1), (4666, 1), (4704, 1), (4729, 1), (4991, 8), (5986, 1), (6138, 3), (7380, 8), (7862, 1), (8415, 4), (8454, 7), (8478, 2), (8532, 1), (9246, 4), (9437, 1)
elegant (DF: 1): (3364, 1)
eleh (DF: 1): (8043, 7)
elektra (DF: 3): (15, 1), (7823, 1), (9000, 1)
elektrob (DF: 2): (483, 1), (1654, 1)
elektron (DF: 1): (2170, 1)
elemeno (DF: 1): (9086, 1)
element (DF: 17): (510, 1), (2061, 1), (2530, 1), (3075, 7), (3439, 1), (3923, 1), (5102, 1), (5312, 1), (5584, 1), (6099, 4), (6629, 1), (6761, 2), (7304, 1), (8158, 1), (8255, 1), (8271, 1), (8475, 1)
elemental (DF: 1): (5358, 1)
elementari (DF: 7): (1136, 1), (4420, 1), (5343, 1), (5779, 1), (6801, 1), (7103, 1), (7339, 1)
elemento (DF: 2): (4267, 1), (6289, 1)
elen (DF: 1): (1141, 1)
elenora (DF: 1): (7815, 1)
eleph (DF: 17): (38, 1), (132, 1), (2061, 1), (2356, 1), (3518, 1), (3923, 1), (4041, 1), (4407, 1), (4675, 1), (6527, 1), (6637, 1), (7130, 1), (7418, 2), (7686, 1), (7943, 1), (8156, 3), (9753, 1)
elephant (DF: 2): (1129, 1), (7794, 2)
elephunk (DF: 1): (1964, 1)
eletr (DF: 1): (1723, 1)
elettr (DF: 2): (6111, 3), (7910, 4)
elev (DF: 59): (53, 12), (168, 1), (671, 1), (789, 1), (897, 1), (1045, 1), (1165, 1), (1434, 1), (1604, 4), (1778, 1), (2004, 1), (2027, 1), (2316, 1), (2342, 1), (2482, 1), (2706, 1), (2739, 1), (2843, 1), (2916, 5), (3241, 2), (3372, 1), (3791, 1), (3836, 1), (4231, 13), (4454, 5), (4515, 1), (4543, 2), (4804, 4), (4852, 1), (5124, 4), (5300, 1), (5346, 1), (5376, 1), (5499, 1), (5716, 1), (6033, 1), (6063, 1), (6157, 1), (6209, 3), (6272, 1), (6283, 3), (6351, 1), (6432, 1), (6726, 1), (6808, 1), (7448, 1), (7969, 1), (8235, 1), (8398, 1), (8542, 3), (8574, 1), (8601, 1), (8919, 2), (9040, 4), (9096, 1), (9278, 1), (9412, 7), (9594, 1), (9730, 1)
elevart (DF: 1): (2877, 1)
eleven (DF: 31): (76, 1), (89, 8), (1722, 2), (2010, 2), (2060, 1), (2366, 1), (2644, 1), (3261, 1), (3311, 1), (3521, 1), (3778, 1), (3923, 1), (4259, 2), (4299, 27), (4681, 1), (4944, 1), (5779, 1), (6342, 1), (6763, 1), (7515, 4), (7611, 4), (7747, 1), (7811, 1), (8226, 1), (8470, 1), (8596, 1), (8770, 2), (9189, 3), (9348, 1), (9731, 1), (9988, 1)
elf (DF: 1): (8019, 1)
elgort (DF: 1): (7606, 1)
eli (DF: 6): (1347, 1), (3669, 2), (5194, 1), (6007, 2), (9152, 3), (9648, 1)
elia (DF: 1): (2936, 2)
eliantt (DF: 2): (5207, 1), (7004, 1)
elias (DF: 1): (5459, 1)
elic (DF: 1): (6626, 4)
eliel (DF: 12): (371, 7), (450, 1), (1228, 1), (3550, 3), (3981, 1), (4236, 1), (5016, 3), (7925, 2), (7993, 2), (8047, 2), (8506, 2), (8846, 1)
elig (DF: 8): (1295, 1), (4344, 3), (4544, 2), (5358, 1), (5674, 1), (6114, 1), (7504, 1), (8205, 1)
elij (DF: 1): (4671, 2)
elijah (DF: 3): (3232, 1), (7789, 1), (7988, 1)
elimin (DF: 10): (371, 1), (1451, 1), (2045, 1), (2594, 1), (4343, 1), (4532, 1), (5792, 1), (7302, 1), (7943, 1), (8555, 1)
elin (DF: 1): (2752, 1)
eliot (DF: 6): (4702, 1), (5513, 2), (6032, 1), (6327, 1), (7166, 1), (8079, 1)
eliport (DF: 1): (7466, 1)
elis (DF: 1): (7281, 1)
elisa (DF: 1): (6707, 1)
elit (DF: 4): (5224, 1), (5361, 1), (5596, 1), (6265, 1)
elix (DF: 2): (2034, 4), (6379, 1)
elixir (DF: 4): (1144, 3), (2462, 1), (4027, 4), (7690, 1)
elizabeth (DF: 2): (1808, 1), (7307, 1)
elizaveta (DF: 1): (3751, 2)
elk (DF: 3): (2638, 1), (4256, 1), (6008, 3)
elkaar (DF: 1): (5917, 1)
elkin (DF: 1): (8775, 2)
ell (DF: 8): (3371, 1), (3387, 1), (3453, 5), (3559, 2), (3660, 5), (3853, 1), (5703, 11), (7476, 1)
ella (DF: 23): (168, 1), (778, 1), (1431, 1), (1996, 2), (2277, 2), (2476, 8), (3513, 2), (4188, 4), (4191, 1), (4244, 1), (4649, 24), (5217, 1), (6941, 24), (7342, 6), (7583, 1), (7859, 2), (7876, 2), (8056, 1), (8289, 4), (8502, 2), (8597, 1), (9156, 10), (9805, 24)
