represent (DF: 4): (8632, 1), (9079, 1), (9430, 1), (9819, 2)
representa (DF: 1): (1278, 2)
representin (DF: 10): (441, 1), (1157, 1), (2377, 1), (2489, 1), (2964, 1), (3999, 6), (4766, 1), (5340, 1), (6771, 1), (9125, 1)
reprezent (DF: 1): (250, 1)
repriev (DF: 1): (5361, 1)
reprim (DF: 1): (3419, 3)
reprimand (DF: 2): (5066, 1), (7037, 1)
repris (DF: 4): (1651, 2), (2869, 1), (3841, 1), (9981, 6)
reprob (DF: 2): (1677, 1), (7758, 1)
reproch (DF: 2): (3401, 1), (6651, 1)
reproduc (DF: 2): (4490, 1), (7304, 1)
reproduccion (DF: 1): (347, 1)
reproduct (DF: 1): (7099, 1)
reproduziert (DF: 1): (2535, 1)
reptar (DF: 1): (7070, 1)
reptil (DF: 1): (7977, 1)
reptilian (DF: 2): (1739, 1), (2045, 1)
republ (DF: 9): (696, 1), (2306, 1), (3550, 1), (4236, 1), (5016, 1), (5945, 1), (7518, 1), (8132, 1), (9652, 4)
republic (DF: 1): (8260, 13)
republican (DF: 1): (946, 2)
repuls (DF: 1): (6509, 1)
reput (DF: 29): (40, 1), (357, 1), (1140, 1), (2109, 1), (2128, 2), (2401, 3), (2456, 1), (3468, 1), (3482, 1), (3780, 4), (3915, 1), (3967, 1), (3993, 3), (4349, 2), (4598, 1), (4660, 1), (5065, 1), (5235, 1), (5735, 1), (6242, 1), (6858, 14), (6875, 1), (7557, 3), (7732, 1), (8241, 1), (8475, 1), (9321, 7), (9632, 1), (2131, 1)
requ (DF: 1): (8205, 1)
request (DF: 3): (5010, 1), (7832, 1), (8156, 1)
requests (DF: 1): (6871, 2)
requir (DF: 5): (4001, 1), (6350, 1), (6936, 1), (8619, 1), (9217, 1)
requisit (DF: 2): (14, 1), (5796, 1)
rer (DF: 2): (1616, 6), (9884, 1)
rerecord (DF: 1): (6934, 1)
rerun (DF: 3): (6535, 6), (9000, 1), (9640, 1)
res (DF: 4): (6250, 1), (6395, 2), (7028, 12), (8777, 1)
resalt (DF: 6): (3093, 2), (5373, 6), (6025, 1), (7641, 1), (8255, 1), (9960, 4)
resbal (DF: 6): (1519, 2), (4034, 6), (6001, 6), (7196, 1), (7653, 1), (8646, 1)
rescart (DF: 1): (3596, 3)
rescat (DF: 6): (5040, 1), (7166, 6), (7572, 1), (7586, 1), (8719, 2), (9248, 1)
rescatart (DF: 1): (2020, 1)
rescu (DF: 45): (257, 1), (352, 1), (368, 1), (496, 1), (521, 1), (541, 1), (1220, 2), (1355, 1), (1356, 1), (1546, 3), (1697, 2), (1869, 1), (1906, 1), (2003, 1), (3332, 1), (3335, 3), (3604, 1), (3964, 1), (4093, 1), (4224, 1), (4305, 2), (4324, 1), (4459, 1), (4974, 1), (5127, 2), (6009, 2), (6177, 2), (6383, 3), (6435, 1), (6611, 1), (7037, 1), (7592, 2), (7907, 2), (7929, 1), (7999, 2), (8320, 1), (8356, 1), (8567, 1), (8753, 1), (8797, 1), (8993, 1), (9017, 5), (9620, 2), (9764, 12), (9924, 1)
research (DF: 4): (2160, 1), (2256, 1), (8135, 1), (9794, 1)
resembl (DF: 3): (1430, 1), (2047, 1), (6765, 1)
resent (DF: 8): (1880, 1), (4120, 2), (5353, 1), (5843, 2), (6780, 1), (7305, 1), (8658, 3), (9057, 1)
reserv (DF: 23): (476, 1), (762, 1), (1532, 2), (1555, 1), (1833, 1), (1875, 1), (1994, 1), (2004, 1), (3137, 1), (3912, 1), (3986, 1), (5030, 1), (5289, 1), (6375, 1), (6535, 2), (7320, 1), (8724, 3), (8785, 1), (9199, 1), (9289, 2), (9398, 2), (9719, 1), (9977, 1)
reservada (DF: 1): (9860, 1)
reservoir (DF: 2): (2827, 1), (8263, 1)
reset (DF: 10): (1117, 1), (1363, 1), (2017, 1), (2071, 2), (4515, 2), (5307, 1), (5534, 1), (6802, 1), (9825, 1), (9853, 1)
resfri (DF: 2): (5218, 1), (9334, 1)
resgata (DF: 1): (3497, 1)
resguard (DF: 1): (9410, 1)
resha (DF: 2): (440, 1), (5605, 2)
resid (DF: 24): (68, 1), (197, 1), (808, 1), (967, 2), (1119, 2), (1462, 4), (2241, 1), (2809, 1), (3821, 1), (3973, 1), (4044, 1), (4209, 1), (4286, 1), (4788, 2), (4905, 1), (5596, 1), (6543, 1), (7073, 1), (8128, 1), (8536, 1), (8764, 1), (9308, 1), (9629, 1), (9657, 1)
residencial (DF: 1): (2604, 1)
resident (DF: 1): (9682, 6)
residenti (DF: 2): (673, 1), (5711, 2)
residu (DF: 9): (1581, 1), (2511, 2), (3565, 1), (4853, 1), (6543, 1), (6913, 1), (7474, 1), (9499, 1), (9689, 1)
resign (DF: 5): (2935, 1), (4057, 3), (4080, 1), (7539, 1), (8353, 1)
resili (DF: 6): (1344, 1), (1880, 1), (4241, 2), (6780, 1), (8931, 1), (9308, 1)
resist (DF: 49): (15, 1), (312, 1), (641, 1), (645, 4), (787, 1), (811, 3), (832, 1), (1004, 1), (1015, 1), (1039, 1), (1069, 1), (1667, 1), (1686, 5), (1831, 1), (2011, 3), (2191, 1), (2507, 2), (2515, 1), (2688, 3), (2757, 1), (2760, 1), (2900, 5), (2937, 1), (2984, 3), (3031, 1), (3138, 1), (3172, 1), (3282, 2), (3335, 1), (3469, 1), (3547, 2), (3696, 2), (3697, 1), (3710, 1), (3883, 1), (4096, 3), (4270, 6), (4283, 1), (4357, 1), (4381, 1), (4398, 1), (4769, 6), (4805, 3), (4909, 1), (5072, 1), (5110, 1), (5246, 3), (5408, 1), (5434, 1)
