music (DF: 17): (8553, 1), (8554, 2), (8936, 1), (8937, 2), (9393, 1), (9394, 3), (9547, 1), (9549, 1), (9558, 3), (9559, 2), (9818, 1), (9819, 2), (9906, 1), (9909, 1), (8538, 1), (8539, 1), (8541, 1)
music2018 (DF: 14): (247, 1), (1207, 1), (2189, 1), (2302, 1), (3684, 1), (4056, 1), (4795, 1), (5005, 1), (6489, 1), (6744, 1), (7322, 1), (7385, 1), (7588, 1), (7738, 1)
musica (DF: 2): (358, 1), (5000, 1)
musical (DF: 14): (707, 1), (1443, 1), (2316, 1), (3586, 2), (3996, 1), (4567, 2), (4763, 1), (4790, 1), (6872, 1), (7734, 1), (8940, 2), (9196, 1), (9470, 1), (9568, 1)
musician (DF: 2): (1720, 2), (3268, 2)
musicol (DF: 1): (7068, 1)
musicolog (DF: 6): (345, 2), (1422, 2), (3071, 2), (6079, 2), (7309, 1), (8758, 2)
musiic (DF: 2): (10, 1), (7301, 1)
musik (DF: 11): (198, 1), (246, 1), (412, 4), (2637, 3), (3981, 1), (4880, 6), (6026, 1), (6748, 1), (8498, 1), (8564, 1), (9428, 2)
musikbox (DF: 1): (4124, 1)
musimi (DF: 2): (4761, 4), (7313, 12)
musiq (DF: 9): (805, 1), (3047, 1), (4366, 1), (5437, 2), (6299, 1), (7744, 1), (7823, 1), (7825, 1), (8588, 1)
musiqu (DF: 3): (598, 1), (3213, 1), (7454, 1)
musk (DF: 4): (4124, 1), (4407, 1), (6475, 1), (9922, 1)
muskelkat (DF: 1): (5559, 1)
muskeln (DF: 1): (9199, 1)
muskeltitan (DF: 2): (5691, 1), (6620, 1)
musket (DF: 2): (1211, 1), (6331, 1)
muskoka (DF: 1): (1581, 1)
muskrat (DF: 1): (8694, 8)
musl (DF: 1): (7773, 3)
muslim (DF: 3): (2294, 1), (5794, 1), (6472, 1)
muss (DF: 7): (484, 1), (2328, 1), (3108, 1), (3466, 1), (5053, 1), (7720, 7), (9199, 1)
mussolini (DF: 1): (9941, 17)
musst (DF: 10): (778, 1), (2463, 1), (3123, 1), (4004, 1), (4816, 1), (5214, 19), (5691, 1), (6620, 1), (7463, 1), (8098, 1)
musstet (DF: 1): (1715, 1)
must (DF: 268): (2, 1), (3, 1), (47, 1), (58, 1), (78, 1), (95, 1), (98, 2), (129, 1), (215, 3), (221, 15), (245, 1), (270, 1), (298, 1), (300, 1), (324, 2), (343, 1), (376, 2), (470, 1), (501, 1), (554, 2), (561, 2), (563, 1), (573, 1), (578, 2), (581, 1), (605, 1), (613, 1), (622, 1), (642, 1), (656, 1), (689, 1), (733, 20), (749, 2), (757, 1), (774, 2), (789, 1), (842, 1), (861, 4), (864, 1), (870, 1), (886, 1), (922, 1), (935, 2), (960, 4), (1057, 5), (1059, 1), (1093, 1), (1111, 1), (1145, 1), (1186, 2), (1260, 1), (1282, 1), (1287, 1), (1292, 1), (1302, 2), (1316, 4), (1324, 1), (1361, 3), (1399, 1), (1429, 1), (1444, 6), (1509, 1), (1526, 3), (1538, 1), (1602, 1), (1636, 1), (1661, 1), (1705, 1), (1718, 1), (1737, 4), (1746, 1), (1748, 1), (1829, 1), (1844, 1), (1867, 2), (1940, 1), (1956, 2), (1965, 2), (1971, 1), (2004, 1), (2012, 1), (2028, 1), (2042, 2), (2085, 2), (2124, 1), (2135, 1), (2146, 8), (2154, 2), (2161, 2), (2174, 1), (2184, 1), (2199, 3), (2200, 1), (2204, 2), (2244, 1), (2272, 3), (2274, 1), (2278, 1), (2293, 1), (2321, 2), (2337, 1), (2352, 1), (2364, 1), (2398, 2), (2405, 1), (2522, 2), (2532, 1), (2547, 2), (2577, 3), (2581, 1), (2636, 1), (2639, 1), (2652, 2), (2660, 1), (2690, 1), (2699, 1), (2737, 1), (2778, 1), (2800, 1), (2821, 1), (2831, 5), (2832, 1), (2838, 2), (2847, 3), (2864, 3), (2866, 1), (2882, 1), (2886, 3), (2887, 1), (2900, 6), (2921, 1), (2984, 1), (3017, 1), (3047, 1), (3055, 2), (3068, 1), (3087, 8), (3107, 1), (3112, 1), (3224, 1), (3234, 2), (3248, 1), (3251, 1), (3286, 1), (3303, 1), (3377, 2), (3439, 1), (3446, 1), (3512, 3), (3540, 1), (3545, 2), (3551, 1), (3581, 1), (3597, 2), (3606, 1), (3613, 1), (3642, 12), (3698, 2), (3718, 1), (3728, 1), (3741, 1), (3752, 10), (3756, 1), (3821, 1), (3845, 1), (3850, 1), (3873, 3), (3900, 2), (3915, 2), (3963, 1), (3968, 1), (3985, 1), (3995, 1), (4166, 7), (4199, 1), (4244, 1), (4286, 3), (4303, 1), (4340, 1), (4369, 6), (4393, 1), (4426, 2), (4427, 1), (4438, 1), (4449, 1), (4465, 1), (4490, 1), (4536, 1), (4581, 2), (4624, 3), (4627, 1), (4667, 4), (4680, 1), (4690, 1), (4691, 2), (4712, 2), (4724, 1), (4753, 1), (4766, 2), (4781, 2), (4805, 3), (4841, 4), (4878, 1), (4883, 2), (4907, 1), (4934, 1), (4937, 1), (4959, 1), (5038, 1), (5050, 1), (5074, 2), (5182, 1), (5245, 1), (5259, 1), (5267, 2), (5281, 1), (5292, 2), (5323, 1), (5340, 1), (5370, 1), (5419, 1), (5424, 1), (5482, 2), (5483, 1), (5537, 3), (5596, 1), (5686, 1), (5690, 1), (5694, 1), (5699, 2), (5729, 1), (5737, 3), (5773, 1), (5783, 1), (5796, 1), (5812, 2), (5815, 1), (5840, 2), (5853, 3), (5912, 1), (6029, 1), (6073, 7), (6098, 18), (6114, 1), (6161, 6), (6172, 2), (6182, 2), (6195, 1), (6227, 1), (6233, 2), (6275, 1), (6320, 10), (6323, 1), (6364, 1), (6369, 1), (6442, 1), (6511, 1), (6559, 3), (6574, 1), (6585, 1), (6617, 1), (6630, 2), (6688, 9), (6695, 1), (6711, 1), (6715, 1), (6742, 3), (6762, 1)
