beer (DF: 18): (7320, 2), (7532, 1), (7635, 2), (7751, 1), (7770, 1), (7800, 1), (7882, 1), (7967, 1), (8625, 1), (9104, 1), (9115, 1), (9150, 1), (9209, 1), (9403, 2), (9435, 1), (9704, 1), (9758, 1), (9886, 1)
beerbelli (DF: 1): (1647, 2)
beerbong (DF: 4): (675, 1), (2991, 1), (7500, 1), (8860, 1)
beerdig (DF: 1): (5049, 1)
beeswax (DF: 1): (6895, 1)
beethoven (DF: 2): (2389, 1), (4866, 1)
beetj (DF: 5): (4665, 2), (6008, 1), (6641, 1), (7421, 1), (8418, 2)
beetl (DF: 3): (3507, 1), (6151, 1), (9273, 2)
beetroot (DF: 3): (2324, 1), (3736, 1), (5114, 1)
beeyatch (DF: 1): (337, 1)
beez (DF: 2): (1834, 1), (7973, 2)
beezi (DF: 2): (2563, 2), (5325, 2)
bef (DF: 1): (8210, 1)
befal (DF: 1): (6956, 1)
befallen (DF: 1): (4284, 2)
befehl (DF: 2): (5691, 1), (6620, 1)
befo (DF: 14): (486, 1), (993, 2), (1975, 1), (2251, 1), (2424, 2), (2819, 2), (3179, 1), (3428, 3), (3913, 1), (4525, 6), (5095, 2), (7256, 3), (8812, 1), (9102, 1)
befor (DF: 1): (2309, 2)
befreit (DF: 2): (3048, 1), (7521, 2)
befri (DF: 1): (2759, 1)
befristet (DF: 1): (5429, 1)
beg (DF: 177): (77, 3), (158, 1), (160, 4), (243, 3), (315, 1), (356, 2), (416, 2), (433, 2), (445, 2), (474, 2), (542, 2), (563, 1), (618, 2), (621, 1), (658, 1), (740, 1), (828, 1), (859, 37), (877, 3), (906, 3), (927, 1), (943, 1), (997, 1), (1021, 1), (1031, 1), (1164, 1), (1185, 1), (1203, 15), (1229, 6), (1252, 2), (1258, 1), (1423, 4), (1494, 1), (1651, 1), (1713, 1), (1714, 2), (1734, 3), (1817, 1), (1860, 3), (1904, 1), (1924, 2), (2001, 1), (2022, 1), (2056, 2), (2083, 1), (2335, 6), (2448, 2), (2497, 1), (2540, 2), (2547, 2), (2553, 3), (2556, 4), (2592, 1), (2612, 1), (2842, 1), (2982, 1), (3065, 1), (3114, 4), (3278, 6), (3329, 1), (3469, 2), (3474, 1), (3483, 1), (3509, 3), (3528, 4), (3576, 3), (3621, 3), (3670, 4), (3711, 4), (3863, 1), (3924, 1), (3945, 4), (4050, 1), (4063, 2), (4066, 1), (4139, 12), (4255, 1), (4345, 2), (4441, 1), (4482, 1), (4596, 3), (4603, 1), (4634, 1), (4774, 3), (4810, 1), (4829, 1), (4888, 2), (4972, 1), (5021, 8), (5150, 1), (5154, 1), (5233, 1), (5260, 1), (5281, 1), (5361, 1), (5393, 2), (5457, 1), (5496, 3), (5560, 1), (5736, 1), (5761, 6), (5803, 6), (5912, 1), (5924, 3), (5961, 1), (6059, 2), (6091, 3), (6328, 3), (6355, 3), (6369, 1), (6460, 1), (6474, 1), (6539, 3), (6638, 1), (6642, 1), (6650, 4), (6686, 2), (6712, 4), (6760, 3), (6925, 8), (6927, 1), (7011, 11), (7030, 1), (7051, 1), (7109, 1), (7173, 1), (7203, 2), (7267, 1), (7271, 2), (7375, 1), (7427, 1), (7437, 1), (7542, 3), (7613, 1), (7644, 2), (7701, 2), (7759, 4), (7764, 1), (7971, 2), (8023, 1), (8025, 2), (8093, 1), (8141, 1), (8229, 9), (8253, 3), (8428, 1), (8433, 2), (8585, 6), (8628, 5), (8713, 1), (8716, 2), (8743, 1), (8781, 16), (8832, 4), (8843, 3), (8848, 1), (8881, 1), (8966, 1), (9016, 1), (9083, 1), (9088, 1), (9194, 1), (9292, 1), (9385, 1), (9392, 3), (9474, 2), (9510, 12), (9520, 2), (9617, 1), (9687, 1), (9712, 1), (9755, 4), (9808, 1), (6385, 1), (6387, 1), (9967, 1), (9968, 2)
began (DF: 45): (314, 1), (427, 2), (517, 1), (835, 2), (886, 1), (1108, 2), (1347, 6), (1372, 1), (1488, 1), (1612, 1), (1738, 1), (1877, 3), (1948, 1), (2046, 1), (2313, 2), (2491, 1), (2936, 1), (2996, 1), (3296, 1), (3347, 1), (3500, 3), (3647, 1), (3871, 1), (4911, 1), (4983, 1), (5182, 2), (5554, 1), (5888, 6), (5961, 1), (6285, 1), (6372, 2), (6698, 1), (7164, 1), (7234, 2), (7536, 3), (7685, 1), (7718, 2), (7893, 1), (8296, 1), (9375, 1), (9439, 1), (9548, 2), (9750, 1), (9846, 1), (9998, 2)
begeb (DF: 1): (3462, 7)
begegn (DF: 1): (7306, 1)
beggar (DF: 6): (422, 1), (650, 1), (3861, 1), (7786, 1), (9784, 1), (9998, 1)
beggin (DF: 21): (77, 3), (788, 2), (915, 1), (922, 1), (1167, 1), (1430, 1), (1532, 8), (2772, 4), (2804, 1), (2892, 1), (3052, 1), (3509, 3), (4066, 14), (4601, 2), (4634, 1), (7048, 1), (7259, 1), (8301, 1), (8430, 2), (8438, 1), (8781, 1)
begginâ (DF: 1): (9098, 1)
begin (DF: 66): (50, 3), (80, 1), (150, 1), (236, 1), (295, 1), (299, 1), (368, 1), (404, 2), (410, 2), (420, 1), (432, 2), (462, 1), (583, 1), (606, 2), (619, 1), (627, 6), (631, 1), (701, 1), (756, 1), (767, 2), (789, 4), (834, 1), (838, 1), (1023, 2), (1053, 2), (1057, 1), (1242, 3), (1344, 1), (1361, 1), (1378, 2), (1401, 1), (1428, 1), (1469, 1), (1638, 1), (1643, 1), (1710, 2), (1745, 1), (1756, 4), (1796, 2), (1823, 1), (1851, 2), (1959, 1), (1962, 1), (2039, 1), (2047, 1), (2104, 1), (2119, 3), (2199, 1), (2248, 1), (2264, 6), (2272, 1), (2279, 1), (2320, 1), (2322, 1), (2334, 1), (2386, 2), (2388, 1), (2458, 3), (2590, 1), (2593, 1), (2621, 1), (2665, 1), (2721, 1), (2773, 1), (2849, 1), (2960, 1)
