whether (DF: 20): (6157, 1), (6214, 1), (6712, 1), (6936, 1), (7096, 4), (7143, 1), (7436, 1), (7571, 2), (7969, 1), (8570, 1), (8644, 2), (8674, 5), (8832, 1), (8834, 3), (8901, 5), (9037, 1), (9301, 1), (9729, 1), (9763, 1), (9965, 1)
whever (DF: 1): (1838, 1)
whew (DF: 3): (248, 1), (4868, 2), (7247, 1)
whhhhhyyyyyy (DF: 1): (1560, 1)
whi (DF: 1): (341, 1)
whichev (DF: 4): (2778, 1), (2896, 1), (8354, 1), (9256, 1)
whie (DF: 1): (2536, 1)
whiff (DF: 3): (2687, 1), (5495, 1), (5953, 1)
whig (DF: 1): (6010, 1)
whigfield (DF: 1): (3279, 1)
whigg (DF: 1): (347, 2)
while (DF: 1): (1869, 2)
whilst (DF: 4): (710, 1), (5383, 2), (5589, 1), (7897, 1)
whim (DF: 1): (645, 1)
whimper (DF: 1): (2578, 1)
whin (DF: 3): (3313, 11), (6326, 22), (7104, 16)
whine (DF: 31): (134, 1), (772, 2), (905, 21), (1203, 1), (1703, 6), (1812, 1), (1855, 4), (2609, 1), (3042, 1), (3429, 1), (3957, 3), (4003, 1), (4123, 1), (4459, 1), (4849, 1), (4956, 1), (5816, 1), (6648, 1), (7018, 9), (7382, 2), (7421, 2), (7433, 4), (7786, 1), (8396, 20), (8519, 1), (8765, 5), (9124, 6), (9336, 1), (9450, 5), (9980, 5), (904, 1)
whinin (DF: 3): (2767, 1), (5152, 1), (9194, 1)
whip (DF: 206): (121, 2), (179, 1), (222, 1), (352, 1), (361, 10), (418, 1), (469, 1), (537, 2), (541, 1), (553, 1), (579, 1), (658, 2), (661, 8), (673, 1), (675, 2), (737, 1), (740, 1), (772, 2), (782, 1), (803, 1), (825, 1), (841, 33), (915, 1), (952, 1), (1028, 2), (1029, 1), (1031, 2), (1038, 1), (1050, 1), (1084, 1), (1174, 2), (1282, 3), (1375, 8), (1412, 1), (1413, 1), (1451, 2), (1574, 1), (1594, 1), (1625, 2), (1750, 1), (1801, 1), (1812, 1), (1949, 1), (2030, 1), (2037, 1), (2045, 2), (2052, 1), (2053, 6), (2058, 1), (2075, 1), (2081, 1), (2093, 2), (2104, 1), (2198, 1), (2269, 1), (2278, 1), (2283, 1), (2320, 1), (2374, 2), (2500, 1), (2511, 2), (2541, 2), (2638, 1), (2687, 1), (2730, 1), (2746, 1), (2801, 2), (2857, 1), (2865, 2), (2879, 1), (2923, 1), (2942, 3), (2991, 6), (3084, 3), (3095, 2), (3101, 1), (3118, 1), (3127, 1), (3179, 1), (3248, 1), (3487, 1), (3507, 2), (3594, 1), (3598, 1), (3822, 1), (3843, 2), (3930, 1), (4059, 1), (4121, 2), (4226, 1), (4250, 1), (4339, 1), (4355, 1), (4481, 1), (4508, 1), (4533, 1), (4552, 1), (4559, 2), (4585, 2), (4617, 1), (4684, 1), (4690, 1), (4736, 7), (4767, 1), (4827, 1), (4905, 1), (4972, 2), (5031, 2), (5056, 2), (5076, 1), (5200, 2), (5212, 1), (5249, 2), (5438, 1), (5584, 1), (5628, 4), (5667, 2), (5702, 1), (5794, 2), (5814, 3), (5840, 1), (5863, 5), (5907, 1), (6040, 1), (6064, 2), (6092, 1), (6114, 1), (6144, 1), (6230, 3), (6256, 1), (6322, 1), (6392, 2), (6403, 1), (6563, 1), (6571, 1), (6573, 1), (6613, 5), (6695, 24), (6728, 1), (6738, 1), (6824, 1), (6935, 3), (6964, 1), (6986, 4), (7006, 1), (7090, 1), (7106, 1), (7134, 2), (7186, 2), (7204, 1), (7319, 1), (7441, 2), (7448, 4), (7553, 4), (7554, 1), (7654, 1), (7787, 1), (7798, 1), (7806, 2), (7835, 1), (7889, 2), (7946, 1), (7960, 1), (8005, 2), (8046, 1), (8055, 12), (8204, 2), (8237, 2), (8251, 2), (8290, 10), (8343, 1), (8508, 1), (8578, 2), (8666, 1), (8745, 1), (8795, 1), (8818, 1), (8854, 1), (8860, 2), (8951, 2), (8976, 6), (9007, 1), (9099, 1), (9116, 2), (9256, 3), (9322, 1), (9379, 1), (9408, 1), (9419, 6), (9538, 1), (9567, 1), (9579, 2), (9619, 1), (9622, 2), (9640, 1), (9676, 1), (9710, 2), (9861, 1), (9879, 2), (9889, 1), (9905, 1), (9944, 1), (660, 1), (2190, 1), (2192, 1), (5627, 2)
whipe (DF: 1): (2040, 1)
whiplash (DF: 1): (4059, 1)
whipper (DF: 2): (2064, 1), (2619, 1)
whippin (DF: 26): (436, 8), (1147, 2), (1276, 1), (1498, 3), (2256, 13), (2527, 1), (2662, 2), (3822, 1), (5056, 1), (5865, 1), (5879, 1), (6092, 1), (6203, 1), (6757, 14), (6858, 1), (7339, 1), (7448, 1), (7992, 1), (8055, 2), (8290, 4), (8455, 3), (8662, 1), (8733, 2), (8976, 1), (9419, 1), (9754, 1)
whippit (DF: 1): (6899, 3)
whirl (DF: 7): (2634, 1), (2791, 1), (3592, 2), (3912, 1), (5462, 4), (8694, 2), (9091, 1)
whirligig (DF: 1): (223, 1)
whirlwind (DF: 6): (209, 1), (2230, 1), (6225, 2), (6463, 1), (6864, 2), (8571, 1)
whisk (DF: 2): (6403, 1), (8674, 1)
whiskey (DF: 28): (265, 2), (320, 1), (617, 2), (815, 1), (868, 2), (1077, 2), (1651, 1), (1899, 2), (2655, 1), (2720, 2), (3067, 1), (3164, 7), (3332, 10), (3524, 1), (3675, 1), (4111, 6), (4543, 1), (4569, 1), (4727, 1), (5010, 1), (5099, 1), (5303, 1), (5391, 1), (5725, 1), (5857, 2), (6325, 1), (6374, 5), (6899, 3)
