odpoczywami (DF: 1): (9162, 1)
odpowiadam (DF: 1): (8604, 3)
odpowiednim (DF: 1): (9695, 2)
odpulam (DF: 1): (4859, 1)
odrobi (DF: 1): (1655, 1)
odrzucam (DF: 1): (7916, 1)
odstresowa (DF: 1): (7344, 1)
odsuwam (DF: 1): (9781, 2)
odsza (DF: 1): (9162, 1)
odwi (DF: 1): (4914, 2)
odyssey (DF: 1): (6241, 1)
odzi (DF: 1): (7677, 1)
oe (DF: 2): (4650, 2), (9444, 12)
oee (DF: 2): (2868, 2), (7333, 2)
oeh (DF: 7): (3090, 6), (3140, 1), (5917, 3), (7526, 6), (7549, 1), (9595, 3), (9939, 44)
oeil (DF: 1): (794, 1)
oel (DF: 1): (2206, 1)
oeropg (DF: 1): (7941, 2)
oescuch (DF: 1): (7288, 2)
oest (DF: 4): (2369, 3), (5574, 1), (8113, 1), (8128, 1)
oeuvr (DF: 1): (8316, 1)
of (DF: 47): (46, 2), (276, 1), (450, 1), (480, 2), (484, 1), (567, 3), (711, 1), (982, 2), (1461, 2), (1471, 1), (1665, 1), (1778, 1), (2021, 2), (2473, 1), (2757, 4), (3313, 3), (3351, 1), (3419, 2), (3492, 1), (4189, 1), (4347, 1), (4386, 1), (4440, 4), (5017, 1), (5022, 1), (5105, 1), (5429, 1), (5459, 1), (5621, 1), (5779, 1), (6139, 1), (6384, 1), (6645, 2), (6835, 1), (6974, 2), (7183, 1), (7495, 1), (7760, 1), (7886, 2), (7925, 1), (7961, 1), (7993, 1), (8066, 2), (8161, 1), (9204, 3), (9309, 2), (9568, 1)
ofb (DF: 1): (3409, 1)
ofcours (DF: 1): (7218, 1)
ofeg (DF: 1): (6295, 1)
ofen (DF: 1): (7463, 1)
ofenbach (DF: 1): (4172, 1)
ofend (DF: 3): (1228, 1), (1687, 1), (7773, 6)
oferto (DF: 1): (5007, 1)
off (DF: 9): (567, 3), (2050, 1), (3206, 1), (4192, 3), (5214, 1), (5494, 1), (6650, 2), (8019, 1), (8883, 1)
offa (DF: 4): (1439, 1), (6035, 1), (7178, 1), (7748, 1)
offac (DF: 1): (6272, 1)
offenbach (DF: 2): (246, 2), (1238, 2)
offenbar (DF: 1): (2496, 1)
offenc (DF: 1): (7083, 1)
offend (DF: 20): (68, 1), (72, 1), (113, 1), (935, 4), (1012, 1), (2045, 1), (2506, 1), (2682, 1), (2961, 1), (3101, 1), (4019, 1), (6137, 1), (6905, 2), (7168, 1), (7178, 1), (7768, 1), (9066, 1), (9499, 3), (9853, 1), (9977, 1)
offens (DF: 13): (1618, 1), (1880, 1), (2364, 1), (3247, 2), (3948, 1), (4133, 1), (5160, 1), (5779, 1), (6780, 1), (8988, 1), (9061, 1), (5584, 1), (5586, 1)
offensivt (DF: 1): (4295, 5)
offer (DF: 42): (348, 1), (404, 14), (607, 1), (886, 1), (1270, 1), (1849, 1), (2246, 1), (2439, 1), (2757, 1), (2960, 7), (3047, 1), (3195, 2), (3701, 3), (4383, 1), (4982, 1), (5085, 1), (5179, 1), (5182, 2), (5234, 2), (5332, 2), (5356, 1), (5566, 1), (5774, 1), (5948, 2), (6117, 2), (6123, 2), (6378, 2), (6387, 1), (7010, 1), (7150, 1), (7310, 1), (7754, 1), (7776, 7), (8100, 1), (8245, 2), (8274, 2), (8517, 1), (8620, 1), (8701, 1), (9169, 1), (9192, 1), (9814, 1)
offerin (DF: 3): (2236, 1), (4091, 3), (5848, 1)
offhand (DF: 1): (8920, 2)
offic (DF: 22): (698, 9), (823, 1), (1718, 1), (1834, 1), (2028, 1), (2305, 1), (3289, 1), (3432, 1), (3447, 1), (4429, 1), (4766, 1), (4830, 1), (4931, 1), (5869, 2), (5954, 1), (6064, 2), (6104, 1), (7430, 1), (8960, 1), (9010, 1), (9283, 20), (9821, 2)
officeel (DF: 1): (4849, 1)
offici (DF: 21): (471, 1), (1059, 1), (1712, 1), (3278, 2), (3300, 1), (3310, 1), (3597, 3), (3884, 1), (4849, 3), (4982, 1), (5107, 1), (5338, 1), (6535, 1), (7051, 1), (7227, 1), (8061, 1), (8793, 1), (9194, 1), (9699, 2), (699, 1), (702, 1)
official (DF: 3): (1453, 1), (5622, 1), (6243, 2)
officieel (DF: 1): (4849, 23)
offin (DF: 1): (2147, 1)
offish (DF: 2): (2236, 1), (5848, 1)
offlin (DF: 3): (2155, 1), (2964, 1), (7344, 1)
offn (DF: 1): (7411, 1)
offrent (DF: 1): (5166, 1)
offrir (DF: 1): (9222, 2)
offro (DF: 1): (5392, 1)
offset (DF: 18): (26, 3), (350, 2), (469, 3), (673, 1), (825, 1), (1171, 2), (1799, 1), (2208, 1), (2256, 1), (4122, 3), (6061, 1), (6695, 1), (6876, 2), (6899, 2), (7235, 2), (7339, 2), (8575, 1), (9150, 3)
offshor (DF: 1): (5576, 1)
offshorem (DF: 1): (6457, 2)
offsid (DF: 1): (4244, 1)
offspr (DF: 4): (66, 1), (3178, 1), (3521, 1), (8191, 1)
offstag (DF: 1): (8616, 1)
ofici (DF: 3): (4382, 1), (6249, 1), (9532, 1)
oficial (DF: 3): (4300, 3), (4594, 3), (6205, 2)
oficin (DF: 3): (53, 1), (417, 1), (3269, 1)
ofrec (DF: 10): (1277, 1), (1907, 2), (3158, 2), (3419, 1), (3823, 1), (4189, 2), (5675, 1), (5990, 1), (8036, 1), (9469, 1)
ofrecert (DF: 1): (813, 1)
ofreci (DF: 1): (9225, 3)
ofrend (DF: 1): (5991, 1)
ofresh (DF: 1): (7028, 2)
ofrezc (DF: 3): (934, 2), (1395, 2), (3697, 1)
oft (DF: 6): (437, 1), (1351, 2), (2327, 1), (7306, 1), (8340, 1), (8999, 3)
often (DF: 4): (134, 1), (222, 1), (249, 4), (527, 1)
