morg (DF: 5): (4876, 1), (5429, 1), (7306, 6), (7411, 1), (8678, 6)
morgan (DF: 2): (1684, 2), (9353, 1)
morgana (DF: 3): (1736, 2), (3067, 1), (7373, 1)
morgen (DF: 1): (4297, 1)
morgenen (DF: 1): (2018, 1)
morgu (DF: 5): (1471, 1), (7727, 1), (7829, 1), (7952, 1), (8319, 1)
morgxn (DF: 1): (4502, 1)
mori (DF: 1): (4361, 2)
moribund (DF: 1): (7586, 3)
morillo (DF: 1): (9097, 3)
moringa (DF: 1): (8113, 1)
moriondo (DF: 4): (6123, 1), (7514, 1), (8761, 1), (8809, 1)
morir (DF: 1): (3035, 3)
moriri (DF: 1): (9470, 1)
morirt (DF: 1): (6279, 2)
morissett (DF: 2): (2697, 1), (2999, 1)
mork (DF: 1): (5114, 1)
mormon (DF: 1): (1552, 1)
morn (DF: 360): (13, 1), (35, 3), (113, 3), (131, 3), (138, 1), (182, 1), (200, 5), (202, 1), (209, 1), (226, 3), (240, 1), (296, 3), (310, 3), (320, 4), (386, 1), (418, 2), (441, 1), (473, 1), (543, 1), (553, 2), (555, 1), (571, 1), (627, 5), (639, 1), (664, 1), (686, 2), (742, 1), (748, 15), (764, 3), (799, 1), (817, 1), (823, 1), (845, 1), (859, 5), (888, 2), (914, 3), (930, 1), (942, 1), (947, 1), (948, 2), (1019, 1), (1023, 8), (1047, 10), (1059, 1), (1101, 1), (1181, 1), (1219, 1), (1222, 1), (1239, 1), (1258, 1), (1293, 1), (1297, 1), (1344, 1), (1388, 1), (1389, 6), (1455, 1), (1469, 3), (1470, 1), (1475, 1), (1477, 1), (1504, 1), (1525, 2), (1539, 1), (1555, 1), (1575, 1), (1612, 1), (1628, 1), (1661, 1), (1684, 1), (1694, 1), (1719, 1), (1732, 1), (1742, 1), (1748, 3), (1760, 3), (1779, 1), (1841, 3), (1844, 2), (1862, 1), (1882, 1), (1892, 1), (1924, 1), (1934, 4), (1962, 1), (1981, 1), (2081, 2), (2117, 1), (2135, 1), (2161, 1), (2208, 1), (2213, 1), (2216, 1), (2283, 3), (2292, 10), (2297, 1), (2338, 1), (2382, 1), (2397, 4), (2431, 6), (2436, 1), (2462, 1), (2474, 1), (2519, 2), (2557, 3), (2591, 2), (2593, 1), (2595, 3), (2650, 1), (2655, 1), (2678, 1), (2703, 1), (2734, 3), (2742, 1), (2798, 7), (2802, 1), (2840, 1), (2841, 1), (2851, 1), (2890, 1), (2909, 6), (2933, 2), (2993, 1), (3024, 1), (3034, 1), (3077, 2), (3099, 1), (3112, 1), (3127, 1), (3165, 3), (3190, 2), (3238, 2), (3242, 1), (3271, 1), (3298, 4), (3318, 3), (3325, 2), (3350, 2), (3361, 1), (3363, 4), (3380, 2), (3386, 1), (3412, 2), (3429, 1), (3447, 2), (3452, 2), (3508, 1), (3528, 2), (3538, 1), (3553, 4), (3583, 3), (3600, 3), (3605, 2), (3632, 9), (3644, 9), (3691, 1), (3710, 1), (3721, 3), (3746, 1), (3753, 1), (3866, 1), (3904, 1), (3964, 1), (3990, 3), (4043, 2), (4052, 4), (4056, 2), (4061, 5), (4072, 1), (4083, 2), (4112, 1), (4156, 2), (4158, 1), (4183, 1), (4194, 1), (4214, 1), (4221, 6), (4226, 1), (4233, 1), (4247, 4), (4313, 3), (4402, 1), (4429, 1), (4446, 3), (4464, 1), (4477, 1), (4483, 2), (4498, 3), (4509, 1), (4517, 1), (4658, 2), (4679, 1), (4698, 1), (4700, 1), (4727, 2), (4762, 1), (4764, 1), (4773, 1), (4792, 1), (4802, 1), (4818, 1), (4864, 1), (4960, 1), (4979, 1), (4995, 1), (5012, 1), (5021, 4), (5041, 1), (5067, 1), (5071, 3), (5129, 2), (5144, 3), (5160, 1), (5199, 1), (5229, 2), (5231, 4), (5239, 1), (5275, 2), (5368, 1), (5391, 2), (5393, 1), (5414, 1), (5420, 4), (5452, 5), (5457, 8), (5470, 1), (5485, 12), (5488, 12), (5558, 1), (5560, 1), (5573, 1), (5651, 1), (5661, 5), (5670, 1), (5690, 1), (5707, 1), (5712, 1), (5759, 2), (5769, 3), (5781, 1), (5788, 1), (5809, 1), (5837, 1), (5873, 1), (5885, 1), (5896, 1), (5908, 1), (5918, 1), (5954, 1), (6002, 2), (6027, 1), (6030, 2), (6032, 1), (6086, 2), (6097, 1), (6101, 1), (6200, 2), (6214, 1), (6228, 2), (6229, 4), (6235, 17), (6246, 2), (6261, 1), (6264, 2), (6307, 4), (6323, 1), (6337, 1), (6362, 1), (6390, 1), (6391, 4), (6419, 6), (6455, 2), (6475, 3), (6488, 1), (6492, 4), (6518, 11), (6523, 2), (6530, 1), (6573, 1), (6586, 2), (6598, 1), (6615, 1), (6642, 2), (6652, 1), (6654, 1), (6667, 1), (6745, 2), (6766, 1), (6814, 2), (6824, 1), (6832, 2), (6842, 2), (6864, 2), (6881, 5), (6897, 4), (6899, 2), (6906, 9), (6915, 1), (6934, 2), (6949, 4), (7027, 1), (7097, 1), (7137, 2), (7139, 1), (7170, 2), (7181, 2), (7298, 4), (7350, 1), (7374, 1), (7403, 1), (7419, 1), (7440, 1), (7471, 1), (7509, 3), (7553, 2), (7564, 2), (7592, 2), (7594, 1), (7670, 1), (7675, 9), (7711, 4), (7724, 1), (7736, 1), (7762, 4), (7767, 30), (7838, 5), (7859, 4), (7880, 3), (7884, 2), (7889, 3), (7898, 1), (7930, 1), (7940, 1), (7955, 1), (7967, 1), (7979, 2), (8014, 6), (8050, 7), (8074, 1), (8081, 1), (8089, 1), (8133, 1), (8153, 3), (8168, 1), (8180, 3), (8197, 1), (8226, 1), (8245, 1), (8310, 18), (8317, 3), (8319, 2), (8371, 8), (8391, 1), (8440, 1), (8442, 1), (8465, 3), (8473, 1), (8511, 2), (8590, 4), (8613, 6), (8616, 10)
