copin (DF: 3): (34, 1), (5622, 1), (7069, 4)
copiou (DF: 2): (3215, 1), (9637, 1)
copkill (DF: 1): (5206, 1)
copo (DF: 6): (1183, 2), (1979, 1), (6397, 1), (7649, 1), (8938, 2), (9391, 2)
copp (DF: 2): (1850, 2), (5821, 1)
copper (DF: 10): (842, 1), (1315, 1), (1899, 1), (2366, 1), (4837, 1), (5902, 1), (6304, 1), (7691, 1), (8787, 1), (9633, 1)
copperfield (DF: 2): (6535, 2), (6748, 1)
copperhead (DF: 1): (1899, 9)
coppin (DF: 16): (159, 1), (2771, 1), (2939, 1), (4527, 1), (4619, 1), (5056, 3), (6104, 1), (6157, 1), (7098, 1), (7537, 1), (7969, 1), (8007, 1), (8259, 1), (8416, 1), (8722, 2), (9290, 3)
copr (DF: 2): (4890, 1), (9671, 1)
cops (DF: 7): (1177, 1), (2050, 1), (2328, 1), (3480, 1), (5775, 1), (7278, 1), (7983, 1)
copter (DF: 1): (4070, 4)
copy (DF: 1): (444, 1)
copycat (DF: 1): (7387, 1)
coqeein (DF: 1): (1501, 2)
coquet (DF: 12): (412, 2), (1563, 1), (2316, 1), (3290, 1), (4209, 1), (5592, 1), (6079, 2), (6872, 1), (8454, 4), (9302, 7), (9367, 4), (9428, 1)
coquete (DF: 1): (6871, 4)
coquin (DF: 2): (1495, 1), (5622, 1)
cor (DF: 50): (87, 3), (403, 3), (1095, 1), (1183, 1), (1264, 3), (1788, 1), (2090, 2), (2114, 2), (2530, 4), (2604, 2), (3197, 10), (3269, 3), (3418, 2), (3587, 1), (3723, 3), (4009, 1), (4210, 4), (4288, 3), (4544, 1), (4678, 4), (4729, 3), (4951, 1), (5007, 1), (5218, 1), (5376, 3), (5735, 1), (5917, 1), (6190, 2), (6393, 1), (6397, 1), (6475, 1), (6862, 3), (7183, 1), (7426, 1), (7646, 1), (8052, 1), (8128, 2), (8242, 3), (8264, 1), (8518, 3), (8632, 1), (8646, 3), (8902, 1), (8945, 1), (9079, 1), (9334, 1), (9367, 2), (9410, 1), (9431, 1), (9819, 2)
coragem (DF: 1): (9223, 1)
coragg (DF: 1): (9912, 1)
coraj (DF: 4): (2530, 1), (5945, 1), (6532, 1), (6872, 1)
coral (DF: 1): (7050, 2)
coraz (DF: 3): (5449, 4), (6160, 1), (8604, 3)
corazon (DF: 199): (19, 2), (252, 2), (256, 1), (312, 1), (328, 4), (333, 2), (355, 1), (417, 1), (468, 1), (476, 4), (539, 4), (580, 1), (594, 2), (632, 4), (679, 1), (728, 2), (776, 1), (791, 2), (875, 1), (891, 6), (918, 1), (934, 3), (972, 1), (1022, 1), (1027, 2), (1039, 1), (1042, 6), (1051, 2), (1061, 3), (1095, 2), (1098, 1), (1099, 6), (1133, 7), (1159, 1), (1221, 6), (1254, 2), (1264, 7), (1284, 1), (1295, 2), (1296, 7), (1309, 12), (1366, 2), (1370, 6), (1379, 1), (1395, 3), (1461, 4), (1582, 1), (1687, 1), (1724, 1), (1752, 2), (1769, 1), (1788, 5), (1810, 6), (1826, 6), (1842, 7), (1939, 1), (1967, 23), (2043, 2), (2070, 1), (2079, 2), (2088, 1), (2150, 3), (2180, 6), (2316, 1), (2325, 1), (2480, 1), (2488, 1), (2805, 1), (2814, 2), (2898, 5), (3071, 6), (3158, 2), (3187, 1), (3434, 2), (3504, 1), (3572, 1), (3666, 1), (3722, 1), (3757, 4), (3823, 2), (3859, 1), (3875, 1), (3891, 3), (3969, 3), (4032, 6), (4207, 1), (4219, 6), (4246, 1), (4289, 3), (4416, 1), (4423, 1), (4439, 2), (4445, 3), (4496, 4), (4544, 2), (4560, 1), (4591, 1), (4651, 1), (4659, 4), (4711, 1), (4797, 2), (4799, 1), (4846, 1), (4879, 4), (5224, 4), (5276, 1), (5364, 4), (5399, 1), (5480, 4), (5512, 1), (5541, 1), (5592, 2), (5675, 2), (5826, 3), (5856, 1), (5906, 3), (5932, 3), (5967, 1), (6016, 1), (6025, 1), (6041, 1), (6160, 1), (6175, 2), (6248, 2), (6279, 2), (6321, 1), (6336, 1), (6339, 1), (6351, 12), (6379, 1), (6466, 2), (6532, 2), (6553, 2), (6562, 2), (6628, 8), (6689, 3), (6706, 1), (6883, 2), (6932, 2), (6967, 2), (7056, 6), (7108, 1), (7151, 4), (7171, 1), (7172, 8), (7183, 4), (7284, 4), (7309, 1), (7379, 2), (7455, 2), (7501, 1), (7504, 1), (7513, 2), (7555, 2), (7586, 2), (7653, 1), (7742, 2), (7749, 4), (7782, 1), (7799, 9), (7843, 3), (7854, 1), (7879, 1), (7935, 2), (8036, 1), (8066, 2), (8112, 1), (8140, 1), (8143, 4), (8199, 1), (8482, 2), (8516, 1), (8526, 1), (8580, 2), (8815, 1), (8902, 1), (8914, 2), (8961, 1), (9001, 7), (9060, 9), (9090, 4), (9196, 1), (9204, 2), (9206, 4), (9306, 3), (9362, 3), (9367, 2), (9384, 2), (9415, 4), (9444, 2), (9473, 1), (9475, 1), (9492, 1), (9496, 1), (9609, 1), (9697, 3), (9719, 4), (9867, 1), (9887, 1)
corazoncit (DF: 1): (9867, 3)
corazonl (DF: 1): (9492, 1)
corazonmi (DF: 1): (7799, 1)
corazonn (DF: 1): (4236, 1)
corazonsi (DF: 1): (9690, 6)
corazonsom (DF: 1): (4238, 3)
corazonson (DF: 1): (1042, 3)
corazontu (DF: 1): (4236, 3)
corazòn (DF: 1): (1447, 3)
corazón (DF: 10): (1087, 1), (1649, 1), (3146, 1), (5042, 4), (7049, 2), (7798, 1), (8560, 1), (8775, 1), (9595, 3), (9851, 8)
coração (DF: 11): (1486, 1), (3692, 1), (5007, 5), (5118, 2), (5917, 1), (6270, 1), (7211, 1), (9223, 1), (9637, 3), (9860, 1), (9876, 1)
corbat (DF: 2): (4790, 1), (7734, 1)
corbin (DF: 1): (8217, 1)
corcel (DF: 1): (8352, 1)
cord (DF: 12): (796, 1), (841, 1), (1593, 1), (1613, 1), (2174, 1), (3999, 6), (4129, 8), (4522, 1), (5270, 1), (5717, 2), (5943, 1), (6193, 3)
corda (DF: 3): (3152, 1), (9355, 1), (9567, 1)
cordel (DF: 1): (5007, 1)
corder (DF: 1): (9259, 1)
cordiller (DF: 2): (3092, 2), (6940, 2)
cordob (DF: 1): (5674, 1)
cordur (DF: 1): (4484, 1)
corduroy (DF: 2): (98, 2), (9971, 1)
cordão (DF: 1): (6983, 8)
core (DF: 27): (60, 1), (573, 1), (683, 1), (815, 1), (1164, 1), (1921, 2), (2105, 1), (2313, 1), (2643, 1), (3201, 1), (3983, 3), (4167, 1), (5395, 1), (6411, 2), (6770, 1), (6830, 1), (6946, 1), (7317, 1), (7425, 1), (7862, 1), (8165, 1), (8684, 1), (8790, 8), (9332, 1), (9729, 1), (9873, 1), (9981, 1)
coreograf (DF: 1): (5785, 1)
coretta (DF: 3): (2235, 1), (3484, 1), (5461, 2)
corey (DF: 4): (838, 1), (1849, 1), (5030, 1), (7320, 1)
cori (DF: 2): (3779, 1), (4361, 2)
corill (DF: 6): (256, 1), (667, 1), (1008, 8), (1974, 1), (3853, 1), (6205, 2)
corin (DF: 1): (7988, 1)
corinn (DF: 1): (6122, 2)
cork (DF: 4): (2676, 1), (4111, 1), (7597, 2), (7973, 1)
corkscrew (DF: 1): (8009, 1)
corleon (DF: 4): (284, 2), (3594, 1), (5797, 6), (9297, 1)
cormega (DF: 2): (4645, 1), (5483, 1)
corn (DF: 18): (306, 1), (317, 2), (435, 2), (484, 3), (1481, 2), (2032, 1), (2399, 1), (3284, 2), (4821, 1), (5032, 1), (6319, 1), (6817, 4), (7320, 1), (7360, 1), (8230, 3), (8360, 2), (9147, 1), (9512, 1)
cornbal (DF: 2): (2254, 1), (3310, 1)
cornbread (DF: 1): (510, 1)
cornel (DF: 1): (1808, 1)
cornelius (DF: 2): (3597, 1), (6245, 2)
corner (DF: 170): (39, 4), (65, 1), (69, 3), (72, 1), (210, 1), (330, 4), (356, 2), (508, 2), (669, 1), (702, 1), (746, 2), (782, 1), (893, 1), (909, 1), (927, 1), (928, 1), (981, 1), (1124, 1), (1140, 1), (1196, 1), (1329, 1), (1344, 1), (1402, 1), (1430, 1), (1613, 1), (1646, 2), (1718, 2), (1909, 1), (2026, 1), (2143, 1), (2187, 1), (2217, 3), (2236, 1), (2241, 1), (2259, 1), (2263, 2), (2278, 4), (2649, 1), (2682, 1), (2746, 1), (2798, 1), (2809, 1), (2855, 1), (2869, 1), (2887, 1), (2895, 1), (3300, 1), (3350, 1), (3371, 5), (3529, 1), (3537, 1), (3581, 1), (3651, 2), (3675, 1), (3704, 1), (3963, 1), (3991, 1), (3999, 1), (4013, 1), (4033, 2), (4042, 1), (4071, 1), (4222, 1), (4226, 1), (4250, 1), (4319, 1), (4348, 1), (4392, 1), (4452, 2), (4516, 1), (4526, 1), (4645, 1), (4699, 2), (4731, 4), (4789, 1), (4900, 1), (4941, 3), (4950, 8), (4974, 1), (5010, 1), (5031, 2), (5041, 2), (5136, 1), (5190, 1), (5362, 1), (5481, 4), (5520, 1), (5589, 1), (5633, 1), (5728, 1), (5755, 1), (5760, 2), (5848, 1), (5868, 1), (5902, 1), (5972, 1), (5974, 2), (6089, 2), (6108, 1), (6164, 1), (6182, 1), (6214, 1), (6235, 3), (6265, 1), (6266, 1), (6287, 1), (6296, 1), (6342, 1), (6363, 4), (6417, 1), (6573, 1), (6585, 1), (6604, 4), (6683, 1), (6741, 1), (6784, 1), (7057, 1), (7065, 2), (7098, 1), (7130, 1), (7136, 1), (7154, 1), (7192, 1), (7209, 3), (7264, 1), (7276, 1), (7290, 1), (7304, 1), (7439, 1), (7561, 3), (7564, 1), (7574, 1), (7629, 2), (7798, 1), (7888, 5), (7991, 1), (8276, 5), (8279, 1), (8303, 1), (8319, 1), (8359, 2), (8400, 1), (8533, 2), (8547, 1), (8550, 1), (8555, 2), (8635, 5), (8725, 4), (8749, 8), (8779, 1), (8841, 3), (8975, 1), (9027, 1), (9080, 1), (9121, 2), (9234, 3), (9251, 4), (9261, 1), (9394, 1), (9447, 2), (9504, 1), (9561, 2), (9625, 1), (9710, 2), (9751, 1), (9839, 4), (9917, 1), (9936, 1), (9965, 1), (9993, 1)
cornerpiec (DF: 1): (7798, 1)
cornerston (DF: 2): (1261, 1), (5751, 1)
cornerstone10 (DF: 1): (7798, 1)
cornet (DF: 1): (9302, 1)
cornflak (DF: 1): (2459, 3)
corni (DF: 9): (658, 1), (925, 1), (4008, 2), (4407, 1), (7006, 2), (8009, 1), (8554, 1), (9215, 3), (9322, 1)
cornich (DF: 4): (637, 1), (5312, 1), (6761, 1), (7707, 1)
cornrow (DF: 3): (558, 1), (6817, 1), (9668, 1)
coroa (DF: 1): (2711, 1)
corolla (DF: 1): (1132, 1)
coron (DF: 13): (417, 1), (477, 1), (1215, 1), (2332, 1), (2967, 1), (3269, 1), (4032, 1), (4210, 2), (6205, 2), (6485, 1), (7455, 1), (7653, 1), (8518, 3)
corona (DF: 8): (68, 1), (789, 1), (2735, 2), (6011, 2), (6357, 1), (8312, 1), (8358, 1), (8445, 1)
coronen (DF: 1): (3723, 1)
corp (DF: 6): (3213, 1), (4518, 1), (5116, 2), (7607, 1), (7818, 1), (8264, 1)
corpo (DF: 7): (2986, 6), (5007, 1), (5959, 1), (7795, 2), (8946, 5), (9120, 1), (9525, 1)
