trapp (DF: 6): (4614, 2), (5126, 2), (7411, 1), (7415, 1), (8036, 1), (8256, 1)
trapper (DF: 9): (908, 1), (1547, 1), (2872, 4), (3356, 1), (3923, 1), (7441, 1), (7650, 1), (9263, 1), (9838, 1)
trappers (DF: 4): (347, 4), (9196, 4), (9387, 3), (9410, 1)
trapperz (DF: 64): (283, 1), (347, 1), (711, 1), (1046, 1), (1072, 1), (1139, 1), (1183, 1), (1296, 1), (1501, 1), (1881, 1), (1979, 1), (2242, 1), (2354, 1), (2487, 1), (2651, 1), (2662, 1), (3007, 1), (3104, 1), (4016, 1), (4515, 1), (4752, 1), (5011, 1), (5035, 1), (5110, 1), (5126, 1), (5173, 1), (5218, 1), (5592, 1), (5606, 1), (5674, 1), (5786, 1), (6251, 1), (6289, 1), (6513, 1), (6804, 1), (6818, 1), (6844, 1), (6889, 1), (7019, 1), (7028, 1), (7563, 1), (7649, 1), (7749, 1), (8027, 1), (8036, 1), (8039, 1), (8052, 1), (8113, 1), (8256, 1), (8278, 1), (8574, 1), (8580, 1), (8941, 1), (8989, 1), (9070, 1), (9309, 1), (9334, 1), (9410, 1), (9532, 1), (9540, 1), (9606, 1), (9660, 1), (9838, 1), (9919, 1)
trappin (DF: 23): (181, 1), (1058, 1), (1147, 1), (1375, 24), (1648, 1), (2563, 1), (2650, 1), (2872, 1), (3371, 1), (3598, 1), (4046, 3), (4651, 1), (4700, 1), (5126, 21), (5251, 1), (5728, 3), (5909, 1), (6272, 1), (7028, 6), (7924, 1), (8039, 3), (8373, 6), (8812, 2)
trapping (DF: 1): (7028, 8)
trappol (DF: 1): (187, 1)
traprap (DF: 1): (1845, 1)
trapshit (DF: 3): (6631, 1), (7000, 2), (7411, 1)
trapsoul (DF: 1): (4409, 1)
trapst (DF: 1): (9196, 1)
trapstorn (DF: 1): (9196, 4)
trapt (DF: 4): (2381, 2), (2764, 2), (4377, 1), (5966, 1)
trapuj (DF: 1): (4914, 2)
tras (DF: 28): (312, 1), (366, 1), (439, 1), (460, 1), (1474, 1), (2136, 1), (2604, 2), (2967, 2), (2972, 2), (3080, 1), (3489, 1), (3851, 3), (4193, 4), (4288, 2), (4507, 1), (4916, 2), (4948, 1), (5040, 1), (5512, 1), (5574, 3), (5663, 1), (6243, 6), (6961, 1), (8454, 5), (8518, 1), (8691, 2), (8994, 1), (9792, 2)
trascend (DF: 1): (5358, 1)
trasciend (DF: 1): (4916, 1)
trasferiamoc (DF: 1): (1850, 1)
trasform (DF: 1): (3491, 3)
trash (DF: 42): (68, 1), (220, 1), (994, 1), (1875, 1), (1899, 1), (1994, 1), (2389, 1), (2584, 1), (2722, 1), (2939, 1), (3156, 1), (3232, 1), (3584, 2), (3801, 1), (3886, 1), (4062, 1), (4148, 1), (4197, 1), (4569, 1), (4595, 3), (5552, 1), (5821, 1), (6273, 4), (6578, 4), (6595, 4), (6728, 1), (7262, 2), (7296, 1), (7355, 1), (7385, 2), (7537, 1), (7591, 2), (7787, 1), (8061, 1), (8108, 2), (8808, 3), (8867, 1), (9035, 1), (9041, 17), (9135, 1), (9308, 2), (9977, 1)
trasha (DF: 1): (8829, 1)
trashcan (DF: 2): (4603, 1), (8141, 1)
trashi (DF: 1): (9036, 1)
trashin (DF: 1): (5412, 6)
trasi (DF: 2): (9162, 4), (9695, 1)
trast (DF: 2): (1677, 1), (5563, 2)
trastorn (DF: 3): (813, 1), (6553, 1), (7288, 2)
trat (DF: 79): (19, 1), (28, 1), (53, 1), (87, 2), (217, 1), (276, 1), (354, 6), (628, 1), (648, 1), (972, 9), (1005, 8), (1366, 1), (1370, 5), (1379, 2), (1441, 2), (1652, 3), (1677, 2), (1752, 1), (1810, 4), (1878, 2), (1963, 1), (2034, 2), (2306, 2), (2648, 1), (3226, 2), (3351, 1), (3358, 1), (3403, 2), (3504, 2), (3588, 2), (3609, 2), (3723, 1), (3876, 2), (4162, 6), (4189, 1), (4209, 2), (4210, 1), (4356, 6), (4544, 6), (4591, 5), (4678, 2), (4790, 1), (4797, 3), (4916, 1), (5174, 2), (5183, 1), (5224, 1), (5563, 1), (5696, 2), (5856, 1), (5906, 1), (5962, 3), (6025, 1), (6131, 2), (6249, 1), (6279, 4), (6541, 1), (6588, 12), (6681, 2), (6883, 1), (6917, 19), (7166, 1), (7223, 4), (7288, 2), (7632, 1), (7734, 1), (7766, 6), (8066, 1), (8255, 1), (8482, 4), (8518, 1), (8866, 2), (8882, 3), (9012, 3), (9204, 1), (9252, 2), (9318, 4), (9475, 1), (9740, 3)
tratam (DF: 2): (444, 1), (2354, 17)
tratamento (DF: 1): (7211, 2)
tratando (DF: 1): (3955, 1)
tratars (DF: 1): (439, 1)
tratart (DF: 2): (724, 1), (2648, 1)
tratem (DF: 1): (4361, 2)
trato (DF: 1): (1171, 1)
tratt (DF: 2): (4086, 2), (9222, 2)
tratten (DF: 2): (3316, 1), (5821, 1)
tratto (DF: 1): (358, 1)
trau (DF: 4): (778, 1), (5559, 1), (8098, 1), (8999, 1)
traub (DF: 2): (681, 1), (3984, 1)
traum (DF: 12): (397, 1), (1736, 1), (1771, 3), (2100, 2), (2194, 2), (3409, 1), (3849, 1), (4210, 1), (6208, 1), (6748, 1), (9652, 2), (9788, 4)
trauma (DF: 11): (118, 1), (139, 5), (1404, 5), (1607, 1), (1964, 1), (3186, 1), (5695, 1), (5876, 1), (7926, 2), (8121, 1), (9668, 1)
traumat (DF: 4): (3152, 2), (3807, 2), (5252, 1), (8550, 1)
traumatisk (DF: 1): (7077, 4)
traumlederjack (DF: 1): (2881, 1)
traurig (DF: 1): (4876, 2)
traut (DF: 1): (4876, 2)
trav (DF: 4): (2356, 1), (8256, 2), (8820, 1), (9196, 8)
trava (DF: 1): (6500, 4)
travail (DF: 1): (5703, 11)
travaill (DF: 2): (349, 2), (6425, 1)
travando (DF: 1): (8363, 1)
travar (DF: 1): (1278, 2)
travay (DF: 1): (8210, 4)
travel (DF: 90): (148, 1), (203, 4), (239, 4), (531, 1), (689, 1), (772, 2), (921, 1), (923, 1), (931, 1), (1132, 2), (1509, 1), (1558, 1), (1746, 1), (1812, 1), (1852, 1), (2010, 1), (2255, 1), (2267, 6), (2572, 1), (2664, 1), (2841, 3), (2911, 2), (3068, 1), (3116, 2), (3138, 1), (3233, 1), (3332, 1), (3363, 1), (3512, 6), (3607, 2), (3784, 1), (3791, 1), (3934, 2), (4028, 1), (4098, 2), (4239, 1), (4259, 1), (4280, 32), (4378, 8), (4461, 1), (4485, 4), (4487, 1), (4658, 1), (4722, 1), (4746, 2), (4806, 2), (4857, 1), (4868, 1), (4917, 1), (5066, 1), (5112, 1), (5195, 1), (5370, 1), (5572, 1), (5846, 1), (5899, 1), (5929, 2), (6061, 1), (6100, 1), (6121, 3), (6163, 2), (6247, 1), (6265, 1), (6382, 1), (6581, 2), (6607, 2), (6746, 1), (7515, 2), (7647, 1), (7692, 2), (7715, 1), (7770, 1), (7907, 1), (7911, 1), (7973, 1), (8114, 2), (8150, 4), (8445, 1), (8451, 1), (8611, 5), (8695, 3), (8750, 1), (8775, 1), (8814, 2), (8903, 1), (9075, 2), (9167, 3), (9704, 1), (9723, 1), (9766, 2)
travelin (DF: 6): (816, 1), (2076, 1), (2886, 2), (5141, 13), (7060, 1), (7647, 1)
travellin (DF: 1): (816, 9)
travelos (DF: 1): (637, 1)
traver (DF: 1): (1089, 1)
travers (DF: 2): (1089, 1), (8750, 1)
traves (DF: 6): (715, 1), (813, 1), (5358, 1), (8256, 1), (9309, 1), (9568, 1)
travessa (DF: 1): (5606, 2)
travesur (DF: 7): (724, 1), (1213, 12), (1284, 4), (1907, 1), (4011, 25), (8097, 7), (8149, 1)
travi (DF: 18): (469, 2), (1587, 1), (1626, 4), (1891, 2), (1919, 1), (4474, 1), (4493, 1), (4680, 1), (5782, 4), (6062, 1), (6903, 1), (6936, 1), (7105, 1), (7810, 1), (8259, 1), (8803, 1), (8813, 1), (9166, 2)
travies (DF: 11): (1005, 3), (1213, 2), (1842, 1), (2792, 1), (3219, 4), (3555, 3), (3669, 1), (3875, 1), (6399, 1), (9001, 1), (9430, 1)
travis (DF: 2): (6430, 1), (8278, 1)
travolt (DF: 2): (3972, 2), (7726, 1)
travolta (DF: 2): (3985, 1), (4641, 1)
trawi (DF: 2): (1655, 1), (7677, 1)
trawk (DF: 1): (1655, 1)
trax (DF: 1): (4532, 1)
tray (DF: 12): (153, 2), (202, 1), (369, 1), (695, 1), (1274, 1), (1891, 1), (3541, 1), (3923, 1), (4267, 2), (8662, 1), (9147, 28), (9944, 1)
trayectori (DF: 1): (7904, 2)
trayvon (DF: 2): (2737, 1), (8960, 1)
traz (DF: 5): (2651, 14), (5198, 1), (7869, 1), (8938, 1), (9172, 1)
trazer (DF: 1): (1659, 3)
traçant (DF: 1): (3353, 1)
traço (DF: 1): (5007, 1)
traîn (DF: 1): (7607, 1)
traîner (DF: 1): (8198, 1)
trañ (DF: 2): (762, 1), (8785, 1)
tre (DF: 31): (63, 1), (110, 1), (229, 1), (794, 1), (1109, 1), (1424, 1), (2059, 1), (2354, 1), (2399, 1), (3018, 1), (3104, 2), (3580, 2), (4198, 1), (4992, 1), (5399, 1), (5592, 1), (6203, 1), (6560, 27), (6631, 4), (6674, 1), (7000, 1), (7342, 15), (7694, 1), (7876, 6), (7889, 1), (8352, 5), (8671, 1), (8755, 1), (8902, 1), (9060, 6), (9596, 2)
treach (DF: 1): (1136, 1)
