strat (DF: 2): (3744, 3), (7783, 1)
strateg (DF: 2): (3272, 2), (5416, 2)
strategi (DF: 5): (545, 1), (1638, 1), (2121, 1), (3300, 1), (5731, 1)
stration (DF: 1): (2259, 1)
stratospher (DF: 1): (322, 1)
straw (DF: 11): (542, 3), (1094, 1), (1298, 2), (2174, 1), (2352, 1), (3518, 1), (3653, 1), (5759, 1), (7686, 1), (9753, 1), (9784, 1)
strawberri (DF: 18): (128, 1), (1156, 12), (1362, 1), (1949, 1), (3074, 15), (3161, 1), (3332, 3), (3618, 3), (3703, 4), (4099, 1), (4927, 1), (6652, 3), (7907, 6), (7946, 1), (8178, 5), (8870, 1), (9096, 1), (9315, 1)
stray (DF: 22): (83, 8), (368, 1), (856, 3), (1297, 1), (1455, 1), (1552, 1), (1613, 1), (2378, 1), (2595, 1), (2597, 1), (3486, 1), (4250, 1), (4822, 1), (4864, 1), (4897, 1), (6010, 1), (6427, 1), (6493, 1), (8374, 1), (8398, 3), (8771, 1), (9619, 2)
stre (DF: 2): (3111, 2), (8236, 2)
streak (DF: 11): (76, 1), (3463, 1), (3624, 2), (4613, 1), (4766, 1), (5865, 1), (5901, 1), (6637, 1), (6865, 2), (8261, 1), (9189, 3)
stream (DF: 34): (80, 1), (203, 1), (208, 4), (738, 1), (939, 1), (1260, 1), (1262, 1), (1745, 1), (2341, 1), (2347, 1), (3405, 4), (3430, 1), (3502, 1), (3731, 1), (3995, 1), (4254, 1), (5348, 5), (5393, 1), (5584, 2), (5652, 1), (6163, 2), (6572, 1), (6700, 2), (6865, 2), (6926, 1), (6936, 1), (7148, 1), (7479, 1), (7519, 1), (8700, 2), (8993, 1), (9064, 2), (9689, 1), (9736, 1)
streamer (DF: 1): (1535, 8)
streamin (DF: 2): (2256, 1), (7242, 2)
streamlin (DF: 1): (6470, 1)
streamt (DF: 1): (5955, 4)
streatham (DF: 1): (7180, 1)
strebt (DF: 1): (2194, 2)
streck (DF: 7): (246, 4), (1238, 1), (1583, 1), (4816, 1), (7720, 6), (8260, 2), (8829, 2)
streep (DF: 1): (6203, 1)
street (DF: 250): (13, 1), (52, 1), (72, 1), (124, 1), (149, 2), (159, 1), (172, 1), (183, 1), (202, 1), (235, 4), (239, 7), (270, 4), (287, 2), (306, 2), (324, 1), (337, 1), (369, 1), (379, 1), (380, 1), (446, 2), (469, 2), (485, 1), (490, 1), (502, 1), (518, 2), (529, 1), (537, 4), (558, 1), (561, 4), (568, 1), (571, 1), (603, 2), (612, 1), (623, 3), (633, 1), (642, 5), (660, 1), (672, 1), (676, 2), (688, 1), (692, 2), (698, 2), (726, 1), (740, 2), (753, 2), (778, 1), (782, 1), (802, 4), (819, 1), (823, 1), (825, 3), (829, 3), (841, 1), (868, 1), (896, 3), (974, 3), (1011, 1), (1025, 6), (1031, 1), (1059, 1), (1076, 1), (1078, 2), (1093, 2), (1108, 1), (1124, 2), (1157, 1), (1172, 1), (1181, 1), (1196, 1), (1199, 1), (1217, 2), (1237, 1), (1243, 3), (1250, 1), (1260, 1), (1287, 1), (1319, 2), (1329, 1), (1354, 1), (1375, 8), (1399, 1), (1434, 1), (1466, 2), (1472, 6), (1490, 1), (1491, 1), (1498, 3), (1546, 12), (1594, 3), (1606, 1), (1609, 2), (1622, 7), (1634, 4), (1647, 4), (1671, 1), (1674, 1), (1697, 2), (1704, 1), (1707, 2), (1721, 1), (1728, 1), (1756, 4), (1792, 1), (1805, 3), (1816, 1), (1828, 1), (1856, 1), (1865, 3), (1892, 1), (1926, 2), (1940, 1), (1972, 1), (1980, 2), (2000, 5), (2026, 4), (2041, 2), (2065, 1), (2075, 1), (2076, 1), (2093, 2), (2104, 1), (2110, 24), (2139, 4), (2143, 1), (2160, 1), (2177, 2), (2178, 1), (2194, 1), (2208, 1), (2232, 5), (2329, 1), (2356, 1), (2359, 2), (2377, 1), (2378, 1), (2411, 2), (2441, 1), (2453, 4), (2462, 1), (2464, 2), (2476, 1), (2484, 1), (2492, 1), (2495, 1), (2500, 2), (2540, 2), (2546, 1), (2556, 1), (2562, 1), (2566, 1), (2573, 1), (2592, 1), (2619, 1), (2636, 2), (2655, 1), (2670, 4), (2672, 7), (2705, 1), (2708, 1), (2735, 2), (2754, 3), (2767, 3), (2787, 4), (2795, 2), (2798, 1), (2836, 1), (2865, 1), (2866, 1), (2929, 1), (2957, 1), (2980, 1), (3026, 2), (3034, 1), (3041, 2), (3050, 2), (3052, 1), (3066, 1), (3085, 1), (3105, 1), (3116, 1), (3119, 1), (3124, 1), (3129, 10), (3139, 1), (3142, 1), (3164, 1), (3168, 1), (3174, 4), (3180, 3), (3183, 1), (3185, 2), (3217, 1), (3227, 1), (3232, 1), (3247, 2), (3300, 16), (3310, 1), (3330, 2), (3334, 3), (3365, 2), (3482, 1), (3483, 2), (3487, 1), (3498, 1), (3500, 1), (3516, 2), (3538, 1), (3541, 1), (3562, 1), (3581, 2), (3589, 2), (3594, 1), (3599, 2), (3626, 1), (3701, 1), (3721, 3), (3726, 1), (3727, 2), (3763, 1), (3802, 1), (3833, 1), (3860, 1), (3871, 1), (3904, 1), (3919, 1), (3931, 1), (3939, 1), (3948, 1), (3974, 1), (4007, 1), (4023, 1), (4069, 1), (4096, 3), (4147, 1), (4151, 1), (4158, 1), (4165, 1), (4168, 2), (4177, 1), (4245, 2), (4250, 6), (4303, 1), (4304, 1), (4305, 8), (4310, 1), (4326, 1), (4371, 1), (4381, 2), (4420, 1), (4428, 2)
