fat (DF: 106): (2592, 1), (2609, 1), (2612, 1), (2636, 1), (2644, 1), (2660, 1), (2762, 2), (2821, 1), (2887, 1), (2895, 1), (3064, 1), (3161, 1), (3164, 1), (3267, 1), (3277, 1), (3612, 2), (3826, 2), (3837, 3), (3850, 3), (3949, 6), (3963, 1), (4107, 1), (4262, 1), (4320, 1), (4343, 3), (4364, 1), (4420, 1), (4527, 1), (4634, 1), (4647, 1), (4717, 1), (4723, 1), (4731, 1), (4864, 1), (5032, 1), (5085, 1), (5088, 2), (5133, 2), (5309, 1), (5484, 1), (5627, 2), (5637, 4), (5692, 1), (5773, 1), (5914, 2), (5953, 2), (6064, 3), (6086, 1), (6157, 1), (6269, 1), (6319, 2), (6443, 1), (6470, 1), (6741, 1), (6771, 1), (6784, 2), (6824, 2), (6885, 2), (6895, 1), (6910, 3), (6959, 3), (6993, 1), (7018, 1), (7077, 1), (7121, 1), (7130, 1), (7189, 1), (7194, 1), (7220, 2), (7226, 1), (7257, 4), (7360, 8), (7448, 1), (7580, 2), (7634, 1), (7771, 2), (7964, 2), (7969, 1), (8055, 2), (8107, 2), (8132, 1), (8407, 1), (8555, 1), (8564, 1), (8596, 1), (8765, 1), (8929, 3), (8976, 1), (9009, 10), (9011, 2), (9209, 1), (9263, 4), (9315, 2), (9356, 1), (9363, 1), (9419, 1), (9435, 2), (9450, 1), (9460, 1), (9479, 3), (9590, 1), (9608, 1), (9676, 1), (9886, 1), (5494, 2), (5495, 1)
fata (DF: 3): (1736, 2), (3067, 1), (7373, 1)
fatah (DF: 1): (3985, 1)
fatal (DF: 12): (1379, 4), (1610, 2), (3504, 4), (3960, 1), (4270, 1), (4303, 1), (5050, 1), (5964, 1), (6847, 1), (7539, 1), (8839, 2), (9999, 1)
fatality (DF: 2): (4361, 1), (9882, 1)
fatalv (DF: 1): (3084, 3)
fatboi (DF: 1): (2397, 1)
fatboy (DF: 3): (33, 2), (4023, 1), (7684, 22)
fatburg (DF: 1): (6086, 1)
fate (DF: 116): (29, 2), (133, 2), (239, 2), (311, 1), (368, 1), (407, 2), (458, 1), (482, 2), (490, 1), (548, 1), (608, 2), (650, 1), (801, 1), (807, 3), (864, 1), (886, 1), (980, 2), (1146, 2), (1466, 1), (1552, 1), (1613, 1), (2025, 1), (2076, 2), (2177, 1), (2350, 1), (2432, 1), (2547, 6), (2571, 1), (2592, 1), (2911, 1), (3012, 2), (3017, 1), (3136, 6), (3175, 1), (3376, 2), (3458, 3), (3511, 1), (3565, 1), (3701, 1), (3935, 1), (4045, 3), (4071, 1), (4237, 1), (4243, 3), (4260, 1), (4310, 1), (4360, 3), (4471, 2), (4485, 2), (4538, 1), (4559, 4), (4573, 1), (4598, 2), (4643, 5), (4710, 1), (4749, 1), (5098, 5), (5155, 2), (5182, 2), (5195, 2), (5288, 1), (5417, 1), (5501, 2), (5556, 1), (5604, 1), (5616, 1), (5718, 2), (5960, 2), (5982, 1), (5989, 2), (6177, 1), (6192, 1), (6228, 2), (6694, 1), (6700, 2), (6765, 1), (6776, 2), (6828, 1), (6875, 2), (6931, 1), (6956, 1), (7060, 2), (7199, 1), (7271, 6), (7304, 1), (7324, 1), (7328, 1), (7408, 1), (7568, 1), (7589, 2), (7593, 1), (8073, 1), (8105, 1), (8108, 8), (8117, 2), (8165, 6), (8337, 2), (8384, 1), (8428, 1), (8445, 2), (8500, 1), (8531, 1), (8622, 1), (8668, 2), (8741, 2), (8786, 2), (8807, 3), (8833, 1), (8913, 2), (9281, 1), (9472, 1), (9554, 2), (9853, 1), (9931, 1), (7013, 2), (7014, 1)
fath (DF: 6): (371, 1), (1563, 2), (4143, 1), (6515, 2), (7223, 1), (7395, 1)
father (DF: 138): (3, 1), (306, 3), (455, 1), (479, 1), (553, 2), (575, 1), (585, 16), (587, 2), (601, 2), (605, 1), (710, 1), (736, 3), (774, 1), (779, 1), (796, 1), (928, 1), (1029, 1), (1032, 1), (1330, 1), (1456, 4), (1539, 1), (1613, 1), (1667, 1), (1710, 2), (1799, 1), (1964, 9), (2019, 1), (2198, 1), (2203, 1), (2218, 1), (2286, 1), (2373, 1), (2439, 1), (2472, 1), (2485, 2), (2528, 1), (2598, 1), (2672, 1), (2798, 1), (2812, 4), (2821, 1), (2896, 1), (2903, 2), (3064, 1), (3129, 3), (3144, 1), (3164, 1), (3244, 1), (3310, 1), (3451, 1), (3460, 1), (3475, 1), (3523, 6), (3579, 3), (3731, 1), (3743, 3), (3797, 1), (3987, 1), (4028, 1), (4137, 1), (4244, 1), (4326, 1), (4346, 1), (4427, 2), (4435, 1), (4443, 1), (4472, 1), (4542, 2), (4717, 1), (4764, 1), (4784, 3), (4902, 1), (4962, 1), (5066, 1), (5088, 1), (5145, 2), (5199, 2), (5210, 1), (5264, 1), (5320, 2), (5362, 1), (5411, 20), (5489, 1), (5686, 1), (5720, 1), (5757, 1), (5842, 2), (5974, 1), (6104, 1), (6136, 1), (6163, 2), (6196, 1), (6226, 1), (6348, 1), (6374, 1), (6391, 8), (6427, 1), (6475, 1), (6545, 3), (6558, 1), (6603, 1), (6622, 1), (6714, 18), (6797, 1), (6801, 1), (6846, 1), (6857, 2), (6867, 1), (6952, 1), (7024, 2), (7075, 1), (7298, 2), (7423, 1), (7704, 1), (7754, 1), (7924, 1), (7980, 1), (8076, 1), (8148, 1), (8214, 1), (8502, 1), (8559, 1), (8584, 8), (8762, 1), (8778, 1), (8793, 1), (8833, 1), (8841, 1), (9010, 2), (9205, 1), (9375, 2), (9477, 1), (9479, 3), (9586, 1), (9646, 2), (9657, 1), (9674, 1), (9947, 3)
fathom (DF: 3): (4013, 1), (7304, 1), (8347, 1)
fatic (DF: 2): (1848, 1), (7251, 1)
fatig (DF: 3): (468, 1), (1095, 1), (1215, 1)
fatigu (DF: 1): (8661, 1)
fatim (DF: 1): (5173, 1)
