suko (DF: 3): (661, 1), (6754, 10), (9647, 2)
sul (DF: 2): (6804, 2), (8938, 1)
sula (DF: 1): (2050, 1)
suleiman (DF: 1): (7143, 1)
sulfur (DF: 2): (4165, 1), (6031, 2)
sulkin (DF: 3): (1548, 1), (2422, 1), (3855, 2)
sull (DF: 1): (7239, 2)
sulli (DF: 3): (314, 1), (2879, 1), (7062, 2)
sullivan (DF: 2): (7296, 1), (9270, 1)
sultan (DF: 3): (3298, 1), (3649, 2), (8359, 13)
sultana (DF: 1): (559, 1)
sultri (DF: 2): (636, 1), (4662, 1)
sulyap (DF: 1): (3887, 4)
sum (DF: 20): (417, 1), (976, 1), (1013, 1), (1085, 1), (1186, 2), (1259, 1), (1476, 2), (1501, 1), (2663, 1), (3333, 1), (3826, 2), (4828, 1), (4945, 1), (4984, 1), (5962, 4), (6177, 1), (6644, 2), (6913, 1), (8116, 1), (9919, 3)
suma (DF: 1): (6007, 1)
sumabay (DF: 2): (3887, 1), (8335, 1)
sumayaw (DF: 1): (4815, 1)
sumb (DF: 7): (3358, 1), (3609, 2), (3903, 2), (6131, 5), (6681, 5), (8866, 5), (9475, 1)
sumerg (DF: 2): (1398, 1), (3697, 1)
sumgilsuga (DF: 1): (3690, 1)
sumgyeoon (DF: 1): (7941, 2)
sumi (DF: 3): (4311, 1), (7356, 1), (8574, 1)
sumieni (DF: 1): (8452, 2)
suministr (DF: 2): (8420, 1), (8928, 1)
sumir (DF: 2): (2839, 1), (8941, 1)
sumis (DF: 1): (2585, 2)
sumisilip (DF: 1): (3887, 4)
sumitomo (DF: 1): (8745, 1)
summ (DF: 4): (628, 1), (1238, 1), (3284, 24), (5796, 1)
summa (DF: 1): (8519, 2)
summat (DF: 1): (7083, 1)
summer (DF: 288): (31, 2), (74, 2), (81, 1), (145, 1), (168, 1), (264, 10), (306, 1), (352, 1), (374, 1), (396, 2), (435, 1), (486, 1), (488, 1), (504, 1), (541, 1), (566, 6), (574, 1), (639, 3), (771, 1), (775, 1), (805, 1), (817, 3), (860, 3), (978, 4), (984, 3), (1018, 5), (1062, 14), (1152, 1), (1184, 1), (1262, 1), (1279, 3), (1302, 1), (1332, 1), (1339, 3), (1373, 31), (1457, 3), (1470, 4), (1472, 3), (1479, 5), (1578, 1), (1587, 1), (1623, 1), (1648, 1), (1660, 8), (1760, 1), (1798, 2), (1836, 1), (1853, 8), (1922, 2), (1933, 1), (1998, 19), (2030, 1), (2041, 2), (2051, 1), (2102, 1), (2135, 2), (2172, 2), (2214, 1), (2245, 1), (2267, 6), (2319, 1), (2411, 1), (2466, 1), (2472, 1), (2478, 1), (2511, 1), (2512, 3), (2532, 2), (2577, 1), (2653, 2), (2710, 1), (2713, 1), (2716, 1), (2774, 6), (2794, 12), (2822, 1), (2871, 5), (2882, 1), (2888, 1), (2927, 13), (2953, 2), (2993, 4), (3054, 1), (3074, 30), (3098, 9), (3126, 1), (3132, 1), (3148, 4), (3164, 1), (3242, 2), (3263, 1), (3270, 2), (3320, 3), (3326, 1), (3356, 1), (3390, 1), (3430, 1), (3477, 1), (3517, 2), (3528, 1), (3649, 3), (3699, 14), (3714, 2), (3725, 1), (3727, 1), (3729, 1), (3732, 2), (3734, 7), (3752, 16), (3774, 4), (3837, 1), (3861, 1), (3941, 1), (3987, 1), (4033, 1), (4061, 5), (4107, 1), (4130, 4), (4136, 4), (4144, 1), (4146, 1), (4190, 1), (4221, 12), (4299, 5), (4304, 2), (4324, 1), (4328, 2), (4348, 7), (4396, 1), (4401, 1), (4429, 2), (4432, 1), (4509, 2), (4516, 1), (4545, 9), (4664, 1), (4675, 1), (4738, 1), (4739, 1), (4760, 1), (4762, 1), (4773, 1), (4791, 2), (4802, 1), (4809, 1), (4837, 1), (4874, 1), (4962, 1), (4976, 2), (5021, 1), (5074, 1), (5087, 1), (5106, 1), (5122, 2), (5170, 2), (5242, 3), (5248, 1), (5284, 2), (5332, 2), (5377, 1), (5409, 1), (5450, 1), (5521, 2), (5551, 2), (5671, 13), (5685, 2), (5705, 1), (5727, 1), (5755, 1), (5781, 3), (5802, 1), (5815, 1), (5819, 2), (5880, 11), (5896, 6), (6052, 1), (6066, 1), (6122, 1), (6124, 1), (6134, 1), (6136, 2), (6163, 2), (6210, 1), (6213, 2), (6241, 1), (6271, 1), (6273, 1), (6288, 1), (6297, 1), (6312, 1), (6365, 8), (6396, 1), (6505, 6), (6539, 1), (6602, 1), (6720, 1), (6721, 1), (6747, 1), (6863, 1), (6890, 2), (6913, 2), (6920, 2), (6935, 1), (6984, 1), (6997, 3), (7036, 11), (7075, 4), (7148, 1), (7164, 1), (7170, 2), (7181, 1), (7228, 2), (7370, 3), (7439, 2), (7478, 2), (7511, 1), (7535, 12), (7540, 1), (7541, 1), (7614, 1), (7620, 1), (7661, 5), (7665, 2), (7670, 1), (7733, 1), (7743, 2), (7756, 1), (7787, 1), (7793, 1), (7798, 3), (7828, 1), (7838, 1), (7840, 1), (7853, 16), (7864, 2), (7926, 2), (7963, 1), (8078, 1), (8080, 4), (8147, 1), (8178, 10), (8286, 1), (8304, 6), (8324, 2), (8344, 1), (8354, 10), (8380, 31), (8424, 9), (8467, 1), (8472, 1), (8512, 2), (8548, 1), (8554, 1), (8582, 1), (8590, 4), (8598, 25), (8616, 1), (8626, 3), (8636, 3), (8662, 1), (8745, 1), (8778, 2), (8826, 1), (8859, 1), (8939, 1), (8962, 1), (9002, 9), (9037, 1), (9080, 2), (9115, 1), (9122, 1), (9125, 1), (9129, 3), (9154, 1), (9167, 1), (9240, 1), (9326, 2), (9375, 3), (9402, 1), (9405, 2), (9447, 2), (9458, 4), (9506, 8), (9533, 2), (9561, 2), (9589, 2), (9590, 1), (9610, 17)
