slum (DF: 11): (1656, 1), (3133, 1), (4844, 2), (5296, 3), (6759, 1), (7448, 1), (7707, 1), (7973, 1), (8547, 3), (8860, 2), (9870, 1)
slumber (DF: 8): (866, 2), (1330, 1), (4618, 1), (5543, 4), (6317, 1), (8226, 1), (8395, 1), (9354, 1)
slumdog (DF: 2): (4149, 1), (5429, 1)
slumin (DF: 1): (5296, 2)
slummin (DF: 1): (558, 1)
slump (DF: 9): (51, 3), (966, 4), (1143, 1), (1766, 2), (1774, 1), (1849, 1), (4282, 1), (6096, 1), (7441, 1)
slung (DF: 1): (25, 2)
slur (DF: 4): (494, 1), (2252, 2), (3335, 1), (7743, 3)
slurp (DF: 3): (808, 1), (966, 1), (2174, 7)
slurper (DF: 1): (4297, 6)
slurpin (DF: 1): (5018, 1)
slush (DF: 1): (3084, 3)
slushi (DF: 1): (6092, 1)
slushii (DF: 3): (357, 1), (5065, 1), (5861, 2)
slut (DF: 18): (660, 1), (702, 1), (1430, 1), (1926, 1), (2471, 2), (2527, 1), (3084, 3), (4561, 1), (4767, 1), (4944, 1), (5076, 1), (6322, 1), (7090, 1), (7642, 1), (7685, 1), (8570, 1), (8705, 1), (9048, 1)
sluta (DF: 1): (2152, 4)
slvr (DF: 1): (1723, 2)
slår (DF: 2): (3527, 4), (4425, 1)
sma (DF: 1): (9781, 2)
smaak (DF: 1): (9425, 1)
smack (DF: 54): (13, 1), (89, 104), (317, 1), (443, 1), (535, 8), (581, 1), (689, 1), (925, 1), (948, 2), (1136, 1), (1157, 1), (1343, 1), (1361, 1), (1532, 2), (1564, 1), (1820, 1), (1949, 1), (2199, 1), (2278, 1), (2286, 1), (2557, 1), (2767, 1), (3018, 1), (3152, 1), (3904, 1), (4027, 2), (4165, 1), (4168, 6), (4313, 1), (4884, 2), (4895, 1), (5152, 1), (5729, 1), (7043, 1), (7105, 1), (7114, 1), (7207, 1), (7226, 1), (7247, 1), (7509, 1), (8026, 1), (8175, 5), (8746, 1), (8917, 1), (8959, 1), (9000, 1), (9119, 1), (9183, 1), (9263, 1), (9295, 2), (9676, 2), (9835, 1), (9935, 4), (9995, 1)
smackin (DF: 2): (6571, 1), (8538, 1)
smaddi (DF: 1): (2878, 1)
smahd (DF: 1): (4937, 1)
smal (DF: 1): (9425, 1)
small (DF: 134): (247, 2), (262, 1), (326, 1), (488, 10), (574, 1), (581, 1), (619, 1), (731, 1), (772, 2), (785, 1), (834, 1), (932, 1), (993, 1), (1132, 2), (1144, 1), (1234, 2), (1258, 1), (1428, 1), (1468, 1), (1572, 1), (1600, 1), (1812, 1), (1849, 1), (1900, 2), (1912, 6), (2075, 1), (2143, 1), (2276, 1), (2381, 2), (2386, 4), (2447, 2), (2472, 2), (2482, 1), (2582, 2), (2672, 1), (2807, 1), (2808, 1), (2925, 1), (2940, 1), (3068, 2), (3129, 1), (3166, 1), (3203, 1), (3529, 3), (3625, 11), (3730, 1), (3941, 1), (3999, 1), (4042, 3), (4087, 1), (4141, 1), (4278, 1), (4323, 3), (4461, 1), (4490, 1), (4713, 3), (4757, 42), (4794, 1), (4831, 4), (4956, 1), (4995, 1), (5030, 2), (5047, 1), (5066, 1), (5103, 1), (5160, 2), (5190, 1), (5256, 1), (5312, 1), (5317, 1), (5445, 1), (5715, 1), (5888, 2), (5993, 1), (5996, 1), (6021, 2), (6123, 1), (6146, 1), (6462, 1), (6625, 1), (6643, 1), (6694, 1), (6761, 1), (6763, 1), (6771, 1), (6833, 1), (6873, 1), (6988, 1), (7136, 1), (7141, 1), (7145, 1), (7226, 2), (7297, 1), (7345, 2), (7394, 2), (7408, 1), (7436, 1), (7473, 12), (7585, 1), (7605, 2), (7707, 1), (7744, 1), (7889, 1), (7903, 1), (7945, 1), (7952, 1), (8117, 2), (8207, 2), (8238, 1), (8304, 1), (8316, 1), (8425, 1), (8426, 2), (8477, 2), (8525, 1), (8554, 1), (8601, 1), (8663, 1), (8823, 1), (8834, 1), (8904, 1), (8925, 1), (9032, 1), (9209, 1), (9341, 1), (9421, 1), (9832, 1), (9869, 2), (9875, 1), (9886, 1), (9926, 3), (1911, 1), (5145, 1), (5147, 1)
smaller (DF: 3): (2294, 1), (5092, 1), (7464, 1)
smallest (DF: 4): (40, 1), (208, 3), (4095, 1), (7184, 1)
smallpool (DF: 3): (860, 1), (2685, 1), (8754, 1)
smalltown (DF: 2): (3866, 1), (9341, 1)
smallvill (DF: 1): (3436, 1)
smallz (DF: 3): (1896, 4), (4995, 2), (6363, 2)
smart (DF: 44): (426, 1), (430, 1), (455, 1), (740, 2), (946, 2), (1011, 1), (1031, 1), (1136, 1), (1292, 1), (1845, 1), (1926, 1), (1952, 2), (1957, 2), (2143, 1), (2355, 6), (2526, 2), (2690, 1), (3350, 1), (3794, 3), (3821, 1), (3921, 2), (4059, 1), (4303, 1), (4425, 1), (4620, 1), (4972, 1), (5195, 1), (5200, 1), (5225, 1), (5294, 2), (5961, 1), (6746, 1), (7469, 1), (7644, 4), (8004, 1), (8025, 1), (8474, 1), (8825, 1), (8948, 1), (8967, 5), (9116, 1), (9398, 1), (9648, 1), (9662, 1)
smarter (DF: 13): (1060, 2), (1375, 8), (2169, 3), (3468, 2), (3967, 2), (4962, 1), (5085, 1), (6499, 1), (6718, 1), (7772, 1), (7813, 1), (9442, 6), (9538, 1)
smartest (DF: 3): (1194, 2), (7473, 1), (9100, 1)
smartphon (DF: 3): (4088, 1), (7983, 1), (8830, 7)
smaruj (DF: 1): (6457, 1)
smash (DF: 16): (210, 1), (285, 4), (350, 6), (669, 1), (675, 2), (1084, 1), (1174, 3), (1349, 3), (1391, 3), (1397, 1), (1436, 1), (1490, 3), (1625, 1), (1708, 1), (1712, 1), (1790, 1)
