brack (DF: 1): (3507, 2)
brackin (DF: 2): (6602, 1), (7105, 1)
braco (DF: 1): (6886, 1)
brad (DF: 6): (2223, 1), (3597, 2), (4547, 1), (7102, 1), (8705, 1), (8914, 3)
bradda (DF: 1): (8831, 1)
bradford (DF: 1): (8650, 1)
bradi (DF: 8): (1157, 1), (3161, 1), (3589, 2), (7048, 1), (8545, 1), (8669, 1), (8755, 1), (9177, 1)
bradle (DF: 1): (3711, 1)
bradley (DF: 2): (8075, 1), (9826, 1)
brado (DF: 1): (9795, 1)
brag (DF: 20): (537, 1), (646, 1), (924, 1), (1106, 1), (1801, 1), (2522, 2), (3444, 1), (4381, 1), (4880, 2), (5494, 1), (5810, 2), (6512, 1), (6695, 1), (6899, 3), (7176, 2), (7643, 7), (7972, 4), (8755, 1), (9093, 1), (9426, 1)
brager (DF: 1): (4425, 2)
braggadocio (DF: 2): (2880, 1), (5683, 1)
braggin (DF: 9): (859, 5), (1092, 1), (3731, 1), (4837, 1), (6012, 1), (6164, 1), (7815, 1), (9315, 2), (9646, 1)
brah (DF: 1): (9633, 1)
brahma (DF: 2): (1602, 2), (2921, 2)
braich (DF: 1): (7983, 1)
braid (DF: 17): (1216, 1), (1438, 1), (2283, 1), (2286, 1), (3529, 1), (4042, 1), (4185, 3), (4680, 1), (4696, 2), (5425, 1), (6096, 1), (6853, 1), (6914, 1), (8459, 1), (8547, 1), (8592, 1), (8971, 1)
braill (DF: 5): (3268, 1), (5349, 1), (6031, 1), (6296, 1), (7279, 1)
brain (DF: 298): (40, 1), (69, 3), (121, 2), (154, 1), (181, 5), (197, 1), (224, 12), (278, 4), (279, 1), (343, 1), (369, 1), (407, 1), (469, 1), (486, 1), (546, 1), (548, 1), (586, 1), (646, 1), (740, 1), (801, 1), (825, 1), (841, 1), (867, 3), (987, 1), (1017, 2), (1045, 4), (1057, 2), (1060, 4), (1084, 1), (1140, 3), (1157, 1), (1169, 1), (1187, 1), (1266, 4), (1315, 1), (1381, 1), (1454, 1), (1463, 1), (1466, 1), (1469, 1), (1490, 4), (1548, 1), (1552, 1), (1571, 1), (1613, 1), (1618, 1), (1699, 1), (1708, 2), (1768, 1), (1799, 2), (1849, 1), (1875, 1), (1981, 2), (1994, 1), (1997, 1), (2002, 1), (2026, 1), (2045, 1), (2064, 2), (2076, 1), (2106, 3), (2117, 1), (2147, 1), (2154, 1), (2205, 2), (2273, 1), (2376, 1), (2411, 1), (2442, 1), (2494, 2), (2527, 1), (2543, 1), (2607, 1), (2719, 1), (2754, 21), (2767, 1), (2776, 1), (2797, 1), (2822, 2), (2895, 1), (2940, 1), (2949, 1), (3025, 1), (3033, 5), (3076, 1), (3084, 3), (3174, 1), (3179, 1), (3184, 1), (3188, 2), (3198, 1), (3224, 1), (3244, 1), (3248, 1), (3251, 1), (3265, 1), (3312, 2), (3356, 1), (3394, 6), (3433, 2), (3436, 3), (3460, 1), (3484, 1), (3487, 1), (3507, 2), (3551, 1), (3562, 1), (3565, 1), (3589, 1), (3648, 2), (3698, 2), (3700, 4), (3704, 1), (3713, 1), (3811, 1), (3813, 1), (3822, 4), (3855, 2), (3893, 1), (3949, 37), (3956, 1), (3979, 4), (3991, 1), (4012, 1), (4059, 6), (4134, 2), (4145, 1), (4279, 1), (4391, 1), (4411, 1), (4414, 1), (4459, 1), (4490, 2), (4527, 2), (4547, 1), (4607, 1), (4624, 3), (4645, 1), (4738, 1), (4746, 1), (4756, 1), (4758, 1), (4811, 6), (4871, 6), (4887, 1), (4911, 1), (4971, 2), (5061, 1), (5082, 1), (5121, 1), (5152, 1), (5193, 1), (5261, 1), (5317, 1), (5338, 1), (5340, 1), (5349, 1), (5425, 1), (5496, 3), (5509, 1), (5511, 1), (5529, 13), (5576, 1), (5579, 1), (5634, 3), (5667, 2), (5715, 1), (5774, 1), (5872, 1), (5902, 1), (5930, 2), (6067, 6), (6089, 1), (6095, 1), (6149, 3), (6164, 2), (6186, 1), (6258, 1), (6363, 1), (6396, 2), (6411, 1), (6496, 1), (6565, 1), (6574, 4), (6585, 1), (6594, 1), (6595, 3), (6607, 1), (6613, 1), (6627, 1), (6638, 1), (6654, 1), (6756, 1), (6759, 3), (6914, 1), (6919, 1), (6950, 3), (7018, 4), (7045, 1), (7063, 1), (7073, 1), (7136, 1), (7160, 1), (7181, 1), (7182, 1), (7192, 1), (7227, 2), (7242, 2), (7276, 1), (7345, 2), (7346, 4), (7429, 2), (7459, 1), (7464, 2), (7485, 4), (7514, 2), (7516, 1), (7520, 1), (7528, 1), (7538, 1), (7550, 1), (7553, 2), (7613, 1), (7616, 2), (7622, 1), (7644, 4), (7645, 1), (7666, 1), (7670, 1), (7685, 4), (7691, 1), (7696, 2), (7758, 39), (7804, 1), (7960, 1), (8004, 1), (8030, 1), (8082, 1), (8108, 2), (8124, 2), (8135, 1), (8180, 2), (8309, 1), (8326, 1), (8346, 1), (8354, 2), (8358, 1), (8361, 1), (8419, 1), (8484, 1), (8536, 1), (8570, 1), (8579, 2), (8596, 1), (8614, 1), (8655, 1), (8725, 4), (8778, 1), (8803, 4), (8809, 1), (8853, 1), (8854, 1), (8884, 1), (8917, 3), (8931, 1), (8937, 1), (8939, 2), (9011, 1), (9036, 1), (9054, 1), (9091, 1), (9100, 2), (9109, 1), (9167, 1), (9194, 1), (9267, 1), (9273, 6), (9338, 2), (9343, 1), (9368, 2), (9432, 13), (9460, 1), (9509, 1), (9591, 2), (9635, 2), (9666, 1), (9672, 1), (9728, 1), (9742, 1), (9783, 1), (9823, 1), (9825, 2), (9831, 5), (9842, 1), (9870, 1), (9881, 1), (9977, 1), (9993, 2)
braindead (DF: 2): (2194, 1), (4119, 2)
brainiac (DF: 2): (803, 1), (1412, 1)
brainless (DF: 1): (6102, 1)
brainstorm (DF: 3): (2241, 1), (2809, 1), (8953, 2)
brainwash (DF: 7): (699, 1), (1690, 1), (2978, 1), (5155, 1), (5270, 1), (6867, 1), (9456, 1)
brainwav (DF: 1): (8561, 1)
brais (DF: 1): (3068, 1)
brajo (DF: 1): (4816, 1)
brak (DF: 3): (812, 1), (1682, 1), (7773, 3)
brake (DF: 23): (486, 1), (532, 2), (687, 2), (1073, 8), (1672, 1), (2446, 2), (3186, 1), (3261, 2), (3626, 1), (4017, 2), (4097, 1), (4736, 14), (4811, 6), (4928, 1), (6464, 1), (6595, 1), (8153, 1), (8204, 1), (8433, 1), (8473, 1), (9146, 3), (9472, 1), (9873, 1)
brakka (DF: 1): (812, 1)
bramag (DF: 1): (4907, 1)
bramakarow (DF: 1): (7278, 1)
bran (DF: 1): (1197, 1)
branc (DF: 2): (1465, 1), (7251, 2)
branca (DF: 2): (5007, 5), (9494, 2)
branch (DF: 8): (2313, 2), (3861, 1), (4044, 1), (4225, 1), (4267, 1), (4331, 1), (5751, 1), (7075, 1)
branchez (DF: 2): (9160, 1), (9184, 1)
branco (DF: 3): (229, 2), (1072, 1), (2833, 1)
brand (DF: 148): (77, 2), (82, 1), (116, 1), (282, 18), (570, 4), (618, 1), (620, 1), (661, 1), (663, 1), (767, 12), (958, 3), (978, 6), (1058, 1), (1059, 1), (1088, 1), (1211, 1), (1285, 1), (1425, 4), (1429, 4), (1504, 1), (1547, 20), (1599, 1), (1688, 2), (1726, 2), (1822, 1), (1824, 1), (1880, 1), (1899, 1), (1929, 1), (1995, 5), (2038, 15), (2054, 1), (2133, 4), (2176, 2), (2187, 1), (2317, 1), (2411, 1), (2534, 1), (2726, 1), (2760, 1), (2810, 1), (2939, 1), (3039, 8), (3052, 1), (3122, 1), (3144, 1), (3265, 2), (3282, 2), (3386, 1), (3391, 1), (3424, 16), (3427, 1), (3509, 2), (3538, 1), (3761, 1), (3899, 2), (4022, 2), (4090, 1), (4105, 4), (4128, 1), (4211, 1), (4274, 1), (4329, 1), (4364, 1), (4401, 1), (4576, 2), (4592, 1), (4598, 1), (4684, 1), (4722, 1), (4806, 4), (4854, 1), (4872, 1), (4956, 1), (4990, 4), (5128, 2), (5326, 8), (5329, 1), (5357, 1), (5440, 1), (5506, 2), (5529, 1), (5581, 1), (5685, 2), (5753, 1), (5810, 2), (5939, 1), (5979, 2), (5983, 1), (5987, 1), (6088, 1), (6104, 2), (6210, 1), (6212, 3), (6232, 7), (6325, 1), (6447, 1), (6453, 1), (6475, 2), (6560, 1), (6565, 2), (6670, 1), (6722, 1), (6780, 1), (6832, 6), (6875, 1), (7038, 2), (7141, 2), (7276, 4), (7343, 1), (7369, 1), (7465, 1), (7516, 2), (7523, 1), (7537, 1), (7581, 1), (7768, 1), (7813, 2), (7835, 1), (7906, 1), (7908, 1), (7985, 1), (8215, 1), (8245, 4), (8283, 3), (8319, 1), (8336, 1), (8343, 1), (8456, 2), (8585, 2), (8686, 1), (8778, 1), (9025, 1), (9075, 1), (9137, 2), (9194, 13), (9258, 3), (9267, 1), (9290, 1), (9432, 1), (9448, 1), (9501, 1), (9538, 3), (9560, 2), (9628, 1), (9751, 1), (9794, 1), (9992, 1)
brandi (DF: 12): (2264, 2), (2632, 2), (3332, 3), (3370, 2), (3965, 2), (5401, 1), (7745, 2), (7907, 6), (8083, 1), (9373, 2), (9550, 1), (9576, 2)
brandish (DF: 1): (510, 1)
brando (DF: 1): (2851, 1)
brandon (DF: 2): (3248, 1), (7458, 1)
brandung (DF: 1): (3599, 1)
brandvarm (DF: 1): (229, 1)
brandyn (DF: 1): (3615, 1)
branford (DF: 3): (4551, 1), (5410, 1), (9161, 1)
brantley (DF: 1): (8370, 2)
brap (DF: 2): (7323, 11), (8343, 1)
braqu (DF: 2): (637, 1), (4440, 1)
braquos (DF: 1): (637, 1)
bras (DF: 11): (483, 1), (1089, 1), (1654, 1), (4986, 4), (5166, 1), (6155, 1), (7553, 2), (7652, 4), (7922, 1), (7983, 1), (9033, 2)
brasco (DF: 1): (5401, 1)
brasi (DF: 2): (4124, 1), (5838, 1)
brasil (DF: 27): (1005, 1), (1072, 1), (1183, 1), (1476, 2), (1881, 1), (1979, 1), (2242, 1), (2651, 1), (3007, 1), (4016, 1), (5011, 1), (5606, 1), (6289, 1), (6804, 1), (6844, 1), (7270, 1), (7563, 1), (7649, 1), (8027, 1), (8052, 1), (8113, 1), (8116, 1), (8574, 1), (8858, 5), (8941, 1), (8989, 1), (9838, 1)
brasileiro (DF: 1): (2839, 1)
braso (DF: 1): (4815, 1)
brass (DF: 10): (247, 2), (1223, 1), (1900, 2), (4785, 1), (5627, 2), (5730, 2), (7897, 1), (8559, 1), (9102, 1), (9212, 1)
brasstrack (DF: 4): (645, 1), (1251, 1), (3152, 1), (8481, 1)
brat (DF: 14): (101, 2), (246, 1), (483, 1), (1654, 1), (3962, 4), (5056, 8), (5133, 9), (5890, 1), (6600, 4), (7356, 2), (7411, 5), (8341, 1), (8498, 1), (9590, 1)
bratan (DF: 11): (1177, 1), (2463, 3), (3108, 2), (3962, 4), (4004, 1), (5577, 10), (6026, 5), (6600, 12), (7411, 1), (7463, 1), (9236, 2)
bratinas (DF: 1): (6026, 2)
bratt (DF: 1): (2784, 1)
bratti (DF: 1): (3843, 4)
bratuhas (DF: 1): (6026, 2)
brau (DF: 1): (1758, 1)
brauch (DF: 26): (151, 1), (484, 2), (681, 2), (1715, 1), (2328, 1), (2881, 1), (3437, 1), (4004, 1), (4192, 1), (4816, 1), (4876, 2), (5149, 1), (5459, 1), (5955, 1), (6139, 1), (6238, 4), (6430, 1), (6600, 3), (7287, 2), (7463, 1), (7479, 2), (7720, 1), (8098, 1), (8932, 1), (8999, 2), (9236, 2)
braucht (DF: 3): (3381, 1), (4318, 1), (5049, 2)
braun (DF: 1): (8917, 1)
braungebrannt (DF: 1): (9788, 1)
braut (DF: 3): (5691, 2), (6620, 2), (9457, 1)
brav (DF: 18): (707, 1), (2275, 1), (2306, 1), (3586, 2), (3669, 1), (3972, 1), (4496, 1), (5105, 1), (6131, 1), (6681, 1), (6961, 1), (7166, 1), (7466, 1), (7607, 1), (7837, 1), (8518, 6), (8866, 1), (9285, 1)
bravado (DF: 3): (4827, 1), (5295, 1), (5508, 1)
brave (DF: 52): (5, 4), (191, 1), (601, 1), (834, 1), (876, 58), (931, 1), (947, 1), (981, 4), (1007, 1), (1200, 1), (1319, 1), (1960, 1), (2244, 2), (2432, 7), (2515, 1), (2736, 1), (3137, 5), (3266, 3), (3384, 1), (3762, 1), (3772, 1), (3784, 1), (4262, 2), (4296, 1), (4404, 1), (4486, 1), (4539, 1), (4618, 1), (4844, 1), (5201, 2), (5375, 13), (5572, 1), (5704, 1), (5708, 1), (5827, 1), (6072, 1), (6373, 1), (6417, 4), (6560, 1), (6743, 6), (6790, 1), (6827, 10), (6857, 2), (7182, 1), (7443, 1), (8082, 1), (8284, 1), (8667, 3), (9456, 1), (9634, 9), (9642, 3), (9733, 1)
bravebird (DF: 1): (1823, 1)
braveheart (DF: 2): (369, 1), (6585, 1)
