jur (DF: 60): (875, 2), (1333, 16), (1552, 1), (2021, 1), (2088, 1), (2090, 1), (2604, 1), (2972, 2), (3459, 2), (3489, 1), (3722, 2), (3903, 3), (4034, 1), (4288, 1), (4318, 1), (4362, 1), (4484, 2), (4507, 2), (4846, 1), (5013, 2), (5026, 4), (5035, 3), (5198, 1), (5224, 1), (5358, 2), (5396, 4), (5588, 1), (5745, 2), (5762, 6), (5793, 1), (6001, 1), (6263, 1), (6279, 4), (6485, 1), (6541, 1), (6561, 1), (6645, 4), (6689, 1), (6808, 1), (6883, 1), (6932, 2), (7205, 1), (7288, 2), (7367, 12), (7412, 3), (7415, 1), (7513, 6), (8091, 2), (8199, 2), (8243, 6), (8482, 2), (8882, 3), (9060, 6), (9108, 2), (9172, 7), (9179, 2), (9470, 1), (9692, 1), (9697, 6), (9719, 1)
juram (DF: 1): (512, 2)
jurasic (DF: 1): (8255, 1)
jurass (DF: 1): (4026, 1)
juri (DF: 11): (867, 1), (2181, 1), (4165, 1), (5195, 1), (5455, 1), (5586, 1), (5926, 1), (6088, 3), (7218, 1), (7967, 1), (8787, 1)
jurisdict (DF: 2): (6746, 1), (8561, 1)
jurisprud (DF: 1): (8492, 1)
jurk (DF: 1): (4849, 1)
jurm (DF: 1): (8510, 1)
juro (DF: 6): (2242, 2), (3215, 1), (7563, 1), (8052, 1), (8941, 1), (9120, 2)
juror (DF: 1): (3642, 1)
jus (DF: 11): (731, 1), (3909, 1), (4476, 4), (4933, 1), (4962, 1), (7045, 1), (7063, 1), (7113, 1), (7645, 1), (9295, 1), (9783, 1)
jusef (DF: 1): (1583, 1)
juslisen (DF: 2): (7744, 1), (8588, 1)
jusqu (DF: 4): (3213, 6), (5622, 1), (6886, 1), (7533, 1)
juss (DF: 2): (7745, 1), (9356, 1)
just (DF: 29): (109, 1), (858, 1), (875, 1), (1046, 10), (1284, 1), (1686, 1), (1978, 1), (2757, 2), (3213, 1), (3419, 1), (3722, 1), (4124, 1), (4258, 1), (5512, 1), (5525, 4), (5991, 4), (6179, 2), (6650, 4), (6886, 1), (7254, 2), (7255, 1), (7533, 1), (8187, 13), (8883, 1), (9309, 1), (9757, 1), (9802, 1), (8198, 1), (8199, 1)
justa (DF: 1): (1817, 4)
justic (DF: 21): (2118, 1), (2334, 1), (2462, 1), (2795, 1), (4015, 1), (4407, 1), (4690, 3), (4718, 2), (4868, 1), (5178, 1), (5210, 1), (5494, 1), (5715, 1), (5820, 1), (6253, 4), (6797, 6), (7334, 1), (7678, 1), (7829, 1), (8298, 1), (9283, 2)
justici (DF: 2): (2889, 1), (7820, 1)
justif (DF: 2): (3875, 1), (9169, 3)
justifi (DF: 18): (2145, 1), (2795, 1), (2996, 1), (3710, 1), (4409, 2), (4750, 3), (5010, 1), (5788, 1), (6427, 1), (6790, 1), (6959, 1), (7736, 1), (7857, 1), (7893, 1), (7918, 8), (8446, 1), (8978, 6), (9460, 1)
justific (DF: 1): (8091, 1)
justifiqu (DF: 1): (5363, 1)
justin (DF: 38): (270, 1), (319, 1), (965, 1), (1348, 2), (1573, 1), (1932, 2), (2220, 1), (2229, 1), (2705, 3), (3233, 1), (3549, 1), (3555, 3), (3632, 1), (3816, 10), (3927, 1), (4500, 1), (5475, 2), (5709, 1), (5771, 1), (5887, 1), (6508, 1), (6754, 8), (7202, 1), (7338, 1), (7472, 2), (7775, 1), (8064, 2), (8332, 2), (8424, 2), (9115, 1), (9284, 1), (9319, 2), (9329, 1), (9431, 1), (9893, 1), (9944, 1), (9490, 1), (9491, 1)
justiz (DF: 2): (1583, 1), (5149, 1)
justo (DF: 1): (8775, 1)
jut (DF: 1): (4891, 1)
jute (DF: 1): (7337, 1)
juu (DF: 1): (4295, 1)
juug (DF: 1): (1777, 2)
juve (DF: 3): (1594, 2), (4303, 1), (7574, 3)
juvenil (DF: 20): (1059, 1), (1594, 1), (1633, 1), (1704, 2), (1805, 1), (2112, 1), (2301, 2), (3596, 1), (3821, 1), (4303, 1), (4844, 1), (5462, 2), (5633, 1), (5957, 1), (6342, 1), (6823, 1), (7574, 1), (7634, 1), (9625, 1), (9803, 5)
juventa (DF: 1): (6356, 1)
juventud (DF: 6): (312, 1), (1411, 1), (4939, 1), (8329, 1), (9087, 1), (9412, 1)
juventus (DF: 1): (1351, 2)
juvi (DF: 4): (1704, 2), (4303, 1), (7574, 1), (8987, 2)
juwelen (DF: 1): (6641, 1)
juweli (DF: 2): (1218, 1), (5775, 1)
jux (DF: 1): (1922, 1)
juxx (DF: 1): (1196, 1)
juzg (DF: 8): (667, 1), (1687, 1), (4032, 6), (7108, 3), (7412, 1), (8140, 3), (8792, 1), (9252, 5)
juzgart (DF: 1): (6450, 1)
jvadann (DF: 1): (2078, 1)
jvc (DF: 1): (2278, 1)
jwonn (DF: 1): (7163, 1)
jx (DF: 8): (728, 1), (1215, 1), (1370, 1), (1453, 1), (3631, 1), (3897, 1), (6884, 1), (7495, 1)
jxmmi (DF: 2): (4211, 1), (8132, 2)
jy (DF: 1): (9689, 1)
jyanai (DF: 1): (8000, 1)
jyou (DF: 1): (7990, 1)
jywrrn (DF: 1): (9814, 1)
já (DF: 33): (213, 7), (1183, 6), (1415, 2), (1659, 2), (1787, 1), (1881, 1), (2242, 2), (2651, 2), (2680, 5), (2711, 1), (2839, 1), (3215, 2), (3467, 3), (3497, 1), (3692, 3), (3870, 1), (4016, 2), (4167, 2), (4357, 3), (5011, 1), (5606, 5), (5859, 1), (5959, 1), (6234, 1), (6289, 1), (6397, 1), (6804, 1), (7649, 3), (8052, 6), (8113, 7), (8858, 3), (8938, 3), (8941, 4)
