hurt (DF: 295): (6073, 1), (6091, 4), (6107, 1), (6110, 8), (6140, 1), (6143, 1), (6146, 3), (6183, 1), (6195, 1), (6196, 1), (6202, 1), (6227, 4), (6237, 3), (6247, 1), (6306, 2), (6323, 1), (6329, 1), (6337, 1), (6363, 1), (6372, 4), (6375, 3), (6409, 2), (6412, 10), (6424, 1), (6437, 1), (6452, 1), (6460, 2), (6492, 1), (6497, 4), (6509, 4), (6520, 4), (6523, 1), (6537, 1), (6546, 1), (6565, 1), (6576, 1), (6599, 8), (6613, 1), (6618, 1), (6621, 2), (6625, 2), (6662, 5), (6669, 8), (6712, 6), (6731, 2), (6765, 1), (6773, 1), (6781, 4), (6799, 1), (6832, 2), (6858, 2), (6875, 1), (6877, 1), (6921, 1), (6930, 1), (6938, 4), (6955, 1), (6989, 2), (7020, 1), (7035, 2), (7044, 6), (7055, 1), (7058, 1), (7064, 1), (7098, 1), (7111, 18), (7149, 2), (7156, 1), (7164, 2), (7173, 15), (7204, 1), (7220, 6), (7245, 1), (7263, 2), (7268, 3), (7333, 4), (7350, 1), (7360, 1), (7429, 2), (7441, 1), (7506, 1), (7511, 3), (7517, 1), (7531, 1), (7564, 1), (7608, 2), (7614, 10), (7624, 1), (7631, 1), (7680, 3), (7695, 2), (7705, 2), (7711, 1), (7718, 8), (7764, 3), (7797, 1), (7805, 3), (7811, 1), (7813, 1), (7815, 1), (7822, 10), (7829, 1), (7834, 2), (7864, 1), (7895, 2), (7901, 2), (7913, 4), (7924, 4), (7932, 3), (7938, 4), (7978, 1), (7980, 1), (7994, 1), (8014, 6), (8033, 1), (8050, 2), (8075, 2), (8084, 4), (8101, 1), (8124, 1), (8176, 3), (8179, 4), (8228, 1), (8272, 1), (8302, 4), (8350, 4), (8372, 2), (8424, 3), (8427, 1), (8445, 1), (8446, 1), (8448, 1), (8460, 7), (8462, 1), (8481, 1), (8494, 1), (8502, 1), (8550, 1), (8557, 3), (8567, 1), (8578, 2), (8608, 1), (8616, 2), (8628, 6), (8645, 1), (8666, 6), (8727, 1), (8734, 1), (8760, 1), (8767, 2), (8796, 2), (8800, 2), (8827, 1), (8832, 6), (8848, 2), (8854, 1), (8912, 5), (8918, 2), (8944, 1), (8966, 2), (8969, 1), (8974, 6), (8998, 1), (9005, 1), (9016, 2), (9054, 2), (9057, 1), (9075, 1), (9084, 5), (9088, 4), (9096, 2), (9098, 1), (9102, 1), (9113, 1), (9150, 19), (9169, 2), (9183, 1), (9210, 1), (9226, 1), (9230, 2), (9254, 1), (9256, 1), (9277, 9), (9292, 1), (9300, 1), (9324, 1), (9337, 1), (9353, 2), (9364, 1), (9368, 2), (9369, 16), (9373, 6), (9389, 1), (9392, 1), (9397, 9), (9399, 1), (9432, 1), (9453, 8), (9459, 2), (9479, 3), (9487, 1), (9508, 1), (9530, 1), (9535, 6), (9541, 3), (9546, 1), (9565, 3), (9600, 1), (9620, 1), (9630, 1), (9638, 2), (9663, 1), (9670, 2), (9673, 1), (9684, 3), (9691, 2), (9709, 1), (9712, 1), (9746, 2), (9774, 1), (9832, 1), (9844, 1), (9856, 3), (9873, 1), (9927, 2), (9973, 1), (9983, 3), (691, 1), (692, 1), (882, 2), (883, 1), (1110, 3), (1111, 1), (1639, 1), (1642, 1), (1857, 1), (1860, 2), (2206, 3), (2207, 8), (2675, 1), (2676, 1), (2825, 1), (2826, 1), (2868, 2), (2870, 1), (3140, 3), (3141, 1), (3314, 1), (3315, 2), (3538, 1), (3539, 4), (3945, 6), (3946, 3), (3948, 2), (4969, 1), (4971, 1), (5065, 1), (5066, 1), (5164, 24), (5165, 1), (5221, 30), (5222, 4), (5679, 1), (5680, 1), (6070, 2), (6071, 1), (6427, 1), (6428, 1), (6443, 1), (6444, 1), (7158, 11), (7159, 2), (7224, 2), (7225, 1), (7230, 1), (7231, 3), (7260, 17), (7262, 6), (7383, 2), (7386, 1), (7549, 3), (7550, 1), (7611, 1), (7848, 1), (7849, 1), (8282, 1), (8284, 2), (8890, 1), (8891, 4), (9749, 3), (9750, 1), (9925, 4), (7124, 1), (7125, 1), (7126, 3)
hurtigt (DF: 1): (4295, 5)
hurtin (DF: 18): (1299, 3), (1565, 1), (1675, 1), (3317, 7), (3960, 2), (4681, 1), (5151, 1), (5351, 1), (5426, 1), (5862, 1), (6760, 16), (7164, 1), (7220, 16), (7629, 6), (7932, 1), (8416, 1), (8497, 1), (8953, 2)
hurtl (DF: 1): (9729, 1)
hurtz (DF: 1): (7308, 1)
huru (DF: 1): (2638, 1)
hus (DF: 3): (5947, 1), (6098, 1), (6382, 2)
husan (DF: 1): (5582, 1)
husband (DF: 11): (1374, 2), (2726, 1), (3368, 1), (3432, 1), (5561, 1), (6951, 1), (7687, 17), (8965, 1), (9057, 1), (9653, 1), (9796, 1)
husein (DF: 1): (5596, 1)
hush (DF: 34): (1469, 1), (1766, 2), (1893, 2), (1960, 4), (2333, 2), (2337, 24), (2634, 2), (2636, 1), (2779, 2), (3113, 1), (3157, 8), (3327, 2), (3745, 1), (3771, 1), (3938, 1), (4625, 3), (5726, 1), (5840, 1), (5995, 3), (6300, 2), (6468, 2), (6745, 17), (6750, 1), (6758, 1), (7155, 2), (7248, 2), (7374, 4), (8736, 2), (8944, 24), (9165, 1), (9353, 1), (9380, 2), (9631, 4), (9778, 2)
husk (DF: 1): (1465, 2)
husket (DF: 1): (8564, 1)
husky (DF: 1): (9, 1)
hussein (DF: 3): (1177, 1), (1343, 1), (4764, 1)
hussien (DF: 1): (4303, 1)
hustel (DF: 2): (6937, 2), (8019, 1)
hustl (DF: 9): (72, 1), (223, 1), (558, 1), (672, 1), (702, 3), (928, 1), (1029, 1), (1361, 1), (1436, 1)
