panowani (DF: 1): (4761, 1)
pans (DF: 2): (2938, 1), (6248, 1)
pansin (DF: 1): (0, 2)
pant (DF: 80): (51, 1), (74, 2), (124, 2), (535, 8), (669, 1), (675, 2), (698, 2), (925, 1), (951, 1), (1214, 3), (1217, 2), (1271, 10), (1436, 1), (1552, 1), (1556, 6), (1603, 1), (1650, 1), (1805, 1), (1836, 1), (1922, 1), (2039, 1), (2177, 2), (2223, 1), (2251, 1), (2300, 1), (2323, 1), (2618, 1), (2801, 2), (2825, 1), (2865, 1), (3128, 1), (3368, 1), (3507, 3), (3755, 8), (3813, 1), (3930, 1), (4107, 1), (4396, 1), (4411, 1), (4525, 2), (4615, 1), (4715, 1), (4830, 1), (4833, 1), (4842, 1), (4936, 2), (5001, 1), (5030, 1), (5401, 1), (5715, 1), (5749, 1), (5879, 4), (5941, 5), (6098, 1), (6162, 1), (6560, 1), (6585, 1), (6885, 1), (6988, 1), (7186, 1), (7213, 9), (7256, 1), (7332, 4), (7376, 1), (7387, 1), (7516, 3), (7889, 1), (8361, 1), (8381, 1), (8489, 1), (8655, 1), (8669, 1), (8736, 1), (8903, 1), (8995, 1), (9231, 1), (9315, 1), (9399, 1), (9401, 1), (9730, 1)
pantagruel (DF: 1): (4945, 2)
pantaleta (DF: 1): (3001, 1)
pantall (DF: 5): (1677, 1), (3358, 1), (3609, 2), (4790, 1), (7734, 1)
pantalon (DF: 23): (399, 1), (851, 6), (1519, 2), (1677, 1), (2585, 2), (2604, 1), (3111, 1), (5306, 6), (5373, 3), (6179, 2), (6207, 5), (6871, 1), (6872, 1), (6917, 1), (7166, 9), (7395, 1), (7773, 3), (8236, 1), (8478, 8), (8728, 1), (9185, 1), (9818, 1), (9916, 1)
pantat (DF: 1): (6015, 52)
panter (DF: 4): (1519, 2), (1724, 1), (2656, 2), (6436, 6)
panth (DF: 2): (2050, 1), (5493, 9)
panther (DF: 9): (1089, 1), (1894, 1), (2218, 1), (2482, 1), (6472, 1), (6535, 2), (6763, 1), (7636, 2), (7952, 1)
panti (DF: 44): (321, 4), (789, 1), (1024, 1), (1131, 3), (1299, 1), (1413, 1), (1532, 2), (1657, 1), (2218, 1), (2254, 1), (2655, 1), (3001, 1), (3121, 2), (3144, 1), (3273, 4), (3335, 1), (3513, 1), (3803, 2), (4019, 1), (4188, 2), (4356, 2), (5031, 10), (5120, 1), (5309, 1), (5401, 2), (5409, 1), (5529, 1), (6610, 1), (6738, 1), (6889, 1), (7553, 2), (7763, 1), (7945, 1), (8204, 1), (8338, 2), (8666, 1), (8701, 1), (9318, 4), (9432, 1), (9627, 1), (9649, 3), (9710, 10), (9751, 1), (9762, 1)
panticit (DF: 2): (4300, 3), (4594, 3)
pantin (DF: 1): (4495, 1)
pantomim (DF: 1): (9573, 1)
pantri (DF: 2): (3121, 2), (3204, 2)
panty (DF: 7): (1213, 4), (4386, 1), (5745, 4), (6131, 1), (6681, 1), (8866, 1), (9172, 1)
pantyhos (DF: 4): (3117, 1), (3789, 1), (5688, 1), (9301, 1)
panurg (DF: 1): (4945, 3)
panyo (DF: 1): (3150, 1)
panz (DF: 5): (1686, 1), (2328, 1), (5206, 1), (7820, 2), (8518, 1)
panzaknacka (DF: 1): (8678, 1)
panzerglasscheib (DF: 1): (7463, 1)
pao (DF: 2): (4043, 1), (5796, 2)
paog (DF: 1): (149, 1)
paol (DF: 2): (1112, 2), (6450, 1)
paolo (DF: 3): (4145, 1), (4990, 1), (8844, 1)
pap (DF: 39): (143, 2), (349, 11), (364, 2), (444, 1), (476, 2), (577, 1), (681, 1), (1141, 1), (1476, 2), (1987, 1), (2084, 1), (2147, 8), (2573, 3), (3219, 4), (3570, 3), (3954, 1), (4434, 1), (4912, 2), (5050, 1), (5439, 1), (5962, 1), (6251, 1), (6341, 4), (6425, 1), (6937, 1), (6961, 1), (7223, 2), (8116, 1), (8128, 1), (8406, 6), (8478, 2), (8580, 1), (8862, 1), (9070, 1), (9143, 1), (9185, 1), (9431, 1), (9536, 1), (9719, 4)
papa (DF: 43): (30, 2), (90, 2), (102, 10), (165, 2), (183, 1), (1457, 3), (2100, 8), (2634, 1), (2665, 1), (2737, 1), (2778, 3), (3466, 1), (3474, 16), (3500, 1), (3634, 2), (3818, 1), (4090, 1), (4102, 1), (4136, 4), (4231, 1), (4383, 1), (4534, 1), (4541, 1), (4552, 1), (4634, 11), (4795, 3), (6008, 1), (6046, 1), (6072, 9), (6104, 1), (6376, 1), (6431, 6), (6704, 2), (7231, 2), (7691, 1), (7880, 1), (8100, 2), (8524, 2), (8573, 2), (8998, 1), (9154, 1), (9515, 5), (9595, 1)
papacit (DF: 1): (6179, 2)
papadonna (DF: 1): (7178, 12)
papai (DF: 1): (8989, 1)
papanaw (DF: 1): (4657, 4)
papaout (DF: 1): (349, 25)
papapap (DF: 1): (7251, 14)
papar (DF: 1): (1443, 1)
paparazzi (DF: 7): (102, 11), (2359, 2), (4837, 1), (6104, 1), (7983, 1), (8755, 1), (9262, 6)
papas (DF: 1): (7742, 2)
papatinho (DF: 1): (2631, 2)
papaup (DF: 1): (9252, 1)
papay (DF: 1): (1974, 1)
papaya (DF: 1): (3216, 1)
pape (DF: 2): (3161, 1), (3288, 1)
papel (DF: 29): (1159, 1), (1305, 2), (1582, 1), (2150, 3), (2604, 1), (2805, 1), (3342, 1), (3596, 1), (3631, 1), (3981, 1), (4195, 2), (4267, 4), (4288, 1), (4361, 1), (4515, 1), (4518, 5), (4556, 1), (4804, 4), (4916, 4), (5007, 5), (5156, 1), (5218, 1), (6513, 3), (7412, 1), (7555, 1), (8542, 1), (8817, 1), (9196, 1), (9334, 1)
papelaz (DF: 1): (5796, 1)
papelill (DF: 1): (6889, 1)
paper (DF: 196): (248, 2), (356, 1), (435, 1), (441, 1), (490, 1), (510, 1), (535, 2), (558, 1), (586, 1), (642, 1), (668, 1), (702, 1), (731, 2), (800, 1), (809, 1), (927, 1), (1026, 1), (1029, 9), (1122, 2), (1187, 2), (1189, 1), (1354, 1), (1361, 2), (1448, 3), (1490, 2), (1515, 1), (1558, 1), (1575, 1), (1587, 2), (1648, 1), (1656, 1), (1669, 1), (1707, 1), (1757, 1), (1760, 1), (1805, 1), (1856, 1), (1891, 1), (1975, 1), (2004, 1), (2076, 2), (2104, 1), (2115, 1), (2116, 1), (2199, 2), (2254, 3), (2298, 2), (2352, 1), (2356, 1), (2411, 3), (2442, 1), (2472, 1), (2489, 1), (2534, 1), (2555, 1), (2626, 1), (2644, 1), (2658, 1), (2735, 1), (2738, 1), (2807, 2), (2855, 1), (3018, 1), (3079, 6), (3138, 1), (3160, 3), (3164, 1), (3232, 1), (3234, 8), (3278, 2), (3288, 2), (3300, 1), (3301, 2), (3383, 6), (3447, 1), (3538, 1), (3594, 1), (3786, 2), (3804, 2), (3989, 1), (3999, 1), (4121, 2), (4267, 1), (4310, 1), (4341, 1), (4355, 1), (4466, 1), (4491, 2), (4493, 1), (4533, 1), (4731, 1), (4764, 1), (4788, 2), (4901, 1), (5228, 1), (5299, 1), (5314, 1), (5367, 1), (5409, 22), (5413, 2), (5463, 1), (5484, 3), (5517, 2), (5633, 1), (5725, 2), (5794, 2), (5819, 4), (5868, 1), (5905, 2), (5954, 1), (6040, 1), (6061, 3), (6063, 2), (6095, 1), (6144, 2), (6180, 2), (6217, 3), (6374, 1), (6472, 1), (6478, 1), (6625, 2), (6644, 1), (6756, 1), (6771, 2), (6936, 1), (6980, 1), (6994, 1), (7020, 1), (7060, 2), (7091, 4), (7092, 3), (7130, 1), (7134, 1), (7182, 1), (7217, 4), (7279, 1), (7319, 1), (7348, 1), (7349, 1), (7369, 1), (7465, 1), (7544, 2), (7564, 1), (7574, 3), (7642, 1), (7654, 1), (7721, 1), (7758, 1), (7771, 1), (7787, 2), (7798, 1), (7811, 1), (7872, 1), (7977, 1), (8009, 1), (8155, 1), (8226, 2), (8259, 1), (8267, 2), (8298, 1), (8376, 2), (8387, 2), (8631, 1), (8668, 4), (8682, 1), (8736, 1), (8778, 3), (8779, 1), (8904, 1), (8965, 1), (8991, 1), (9035, 1), (9036, 1), (9061, 1), (9116, 1), (9124, 12), (9125, 1), (9134, 1), (9135, 1), (9197, 1), (9372, 1), (9385, 1), (9573, 5), (9578, 1), (9625, 1), (9658, 2), (9728, 3), (9729, 1), (9752, 2), (9754, 1), (9760, 2), (9826, 1), (9900, 3), (9971, 1), (9977, 3), (9995, 1)
paperback (DF: 1): (6182, 1)
papercut (DF: 1): (1626, 1)
paperwhit (DF: 4): (1617, 1), (4822, 1), (5847, 1), (7394, 1)
paperwork (DF: 2): (1304, 1), (4503, 1)
papi (DF: 81): (227, 2), (347, 1), (399, 2), (419, 1), (444, 2), (552, 2), (724, 1), (1416, 6), (1422, 1), (1519, 8), (1520, 2), (1563, 33), (1584, 1), (1682, 1), (1918, 1), (2322, 1), (2351, 1), (2463, 2), (2574, 1), (2642, 2), (3090, 14), (3313, 1), (3358, 4), (3609, 8), (3697, 1), (3806, 33), (4034, 4), (4084, 1), (4214, 1), (4419, 7), (4434, 1), (4470, 1), (4479, 1), (4790, 1), (4849, 1), (5126, 5), (5445, 1), (5713, 1), (5894, 14), (6001, 4), (6131, 1), (6137, 1), (6462, 1), (6541, 3), (6561, 2), (6585, 1), (6674, 5), (6681, 1), (6851, 1), (7278, 1), (7395, 1), (7526, 14), (7572, 1), (7641, 1), (7654, 1), (7696, 1), (7734, 1), (7904, 2), (7925, 1), (7977, 1), (8039, 4), (8132, 2), (8373, 3), (8454, 1), (8728, 1), (8733, 1), (8758, 1), (8817, 2), (8866, 1), (8901, 1), (8940, 2), (9036, 1), (9225, 1), (9302, 1), (9595, 6), (9641, 4), (9788, 1), (9812, 1), (9860, 1), (9939, 1), (9974, 1)
papichulo (DF: 1): (1520, 1)
papier (DF: 4): (175, 1), (908, 1), (1432, 4), (1918, 1)
papinho (DF: 1): (9087, 1)
papit (DF: 2): (1724, 1), (3881, 1)
papito (DF: 1): (672, 1)
papitw (DF: 1): (3942, 1)
papo (DF: 6): (2242, 2), (5606, 4), (6289, 2), (8363, 1), (8938, 1), (9494, 1)
papoila (DF: 1): (4849, 1)
papoos (DF: 2): (6903, 1), (8995, 1)
papooz (DF: 1): (629, 1)
papp (DF: 1): (3570, 1)
pappa (DF: 3): (1957, 4), (6861, 1), (7040, 2)
pappadeaux (DF: 3): (660, 1), (5076, 1), (6322, 1)
pappagall (DF: 1): (8054, 1)
papparazzi (DF: 2): (123, 1), (558, 1)
pappi (DF: 6): (1711, 1), (2154, 1), (3429, 5), (7547, 2), (9046, 1), (9152, 1)
pappiya (DF: 1): (5582, 1)
papu (DF: 1): (6179, 2)
paqu (DF: 1): (24, 1)
par (DF: 219): (10, 2), (173, 1), (345, 2), (353, 1), (412, 2), (444, 1), (477, 1), (480, 2), (648, 2), (667, 1), (676, 1), (711, 1), (897, 1), (905, 1), (910, 1), (995, 8), (996, 1), (1005, 1), (1010, 1), (1039, 1), (1079, 2), (1112, 2), (1141, 3), (1193, 2), (1284, 1), (1307, 2), (1424, 1), (1441, 1), (1453, 1), (1682, 6), (1778, 1), (1834, 4), (2018, 1), (2027, 1), (2033, 1), (2086, 1), (2306, 1), (2336, 1), (2342, 1), (2369, 2), (2500, 1), (2604, 2), (2656, 1), (2659, 2), (2662, 1), (2669, 1), (2805, 1), (2828, 1), (2898, 15), (2967, 1), (3062, 1), (3078, 1), (3080, 2), (3093, 2), (3214, 1), (3251, 1), (3401, 4), (3486, 1), (3555, 6), (3569, 1), (3572, 1), (3590, 4), (3603, 2), (3660, 1), (3666, 4), (3744, 2), (3816, 23), (3875, 1), (3898, 1), (3903, 1), (3909, 1), (3942, 1), (4186, 2), (4207, 1), (4246, 4), (4258, 1), (4288, 2), (4356, 2), (4357, 1), (4421, 1), (4507, 1), (4550, 1), (4633, 4), (4651, 2), (4671, 4), (4709, 2), (4711, 1), (4729, 2), (4780, 2), (4790, 1), (4852, 1), (4879, 1), (4908, 4), (4916, 1), (4948, 8), (4992, 1), (4995, 1), (5017, 16), (5022, 8), (5040, 1), (5109, 2), (5110, 1), (5126, 4), (5174, 2), (5218, 3), (5306, 6), (5353, 1), (5364, 2), (5376, 3), (5436, 1), (5502, 1), (5529, 1), (5541, 1), (5547, 34), (5574, 1), (5621, 16), (5663, 1), (5716, 1), (5768, 1), (5862, 1), (5881, 2), (6057, 1), (6064, 2), (6079, 2), (6190, 1), (6243, 6), (6249, 5), (6336, 1), (6380, 1), (6393, 1), (6399, 8), (6414, 1), (6432, 1), (6436, 6), (6466, 1), (6485, 1), (6553, 2), (6561, 2), (6678, 3), (6791, 1), (6818, 1), (6871, 8), (6909, 4), (6928, 2), (6983, 1), (7016, 1), (7031, 1), (7108, 8), (7151, 16), (7183, 1), (7239, 36), (7255, 1), (7301, 2), (7380, 2), (7392, 2), (7454, 1), (7455, 1), (7501, 1), (7504, 1), (7508, 1), (7604, 1), (7641, 1), (7646, 7), (7676, 7), (7734, 1), (7843, 2), (7863, 9), (7876, 7), (7879, 2), (7904, 2), (7910, 1), (7916, 1), (7982, 1), (7989, 4), (8128, 1), (8140, 8), (8187, 2), (8218, 1), (8255, 1), (8278, 1), (8454, 3), (8478, 8), (8510, 2), (8564, 1), (8606, 4), (8618, 1), (8632, 1), (8728, 1), (8733, 4), (8820, 21), (8882, 6), (8902, 2), (8940, 6), (8945, 14), (8995, 1), (9070, 3), (9079, 1), (9138, 1), (9225, 4), (9246, 1), (9334, 3), (9387, 1), (9412, 1), (9428, 1), (9432, 1), (9519, 1), (9532, 1), (9534, 1), (9606, 1), (9688, 1), (9762, 1), (9786, 8), (9797, 4), (9882, 1), (9884, 1), (9892, 2), (9939, 1), (9960, 4), (9974, 2)
para (DF: 73): (151, 1), (229, 2), (852, 1), (1177, 1), (1238, 2), (1538, 36), (1583, 2), (1602, 1), (1659, 1), (2194, 1), (2242, 1), (2308, 4), (2463, 1), (2539, 2), (2574, 1), (2680, 1), (2711, 1), (2729, 1), (2730, 1), (2921, 1), (3001, 2), (3095, 2), (3123, 1), (3146, 1), (3364, 1), (3467, 2), (3479, 1), (3692, 1), (3806, 2), (3887, 2), (3902, 1), (3932, 1), (4357, 1), (4573, 2), (5143, 8), (5206, 1), (5382, 1), (5569, 4), (5577, 2), (5606, 2), (5859, 1), (6009, 1), (6026, 1), (6028, 1), (6126, 1), (6224, 2), (6234, 1), (6270, 2), (6674, 3), (6826, 1), (6983, 1), (7049, 4), (7175, 19), (7278, 1), (7583, 1), (7603, 5), (8001, 2), (8113, 1), (8363, 2), (8560, 1), (8622, 2), (8670, 1), (8775, 1), (9049, 2), (9099, 1), (9162, 1), (9223, 1), (9279, 4), (9355, 1), (9368, 2), (9391, 3), (9637, 1), (9876, 2)
paraan (DF: 2): (3887, 1), (8510, 1)
parabl (DF: 2): (4455, 1), (7051, 1)
parabola (DF: 1): (4455, 1)
paracaid (DF: 1): (5198, 2)
parachut (DF: 9): (183, 1), (1666, 1), (1919, 1), (2879, 1), (5166, 2), (5368, 17), (7307, 1), (7502, 1), (8135, 1)
parad (DF: 33): (443, 1), (462, 1), (499, 2), (518, 1), (1762, 1), (1909, 8), (2015, 2), (2274, 1), (2312, 1), (2458, 1), (2684, 1), (2708, 1), (2849, 1), (2866, 2), (4441, 3), (4970, 4), (5091, 1), (5160, 1), (6055, 1), (6072, 1), (6246, 1), (6731, 1), (6811, 1), (7038, 2), (7448, 1), (7533, 1), (7591, 2), (8117, 2), (8675, 1), (9266, 2), (9385, 1), (9507, 2), (9964, 1)
parada (DF: 2): (5606, 1), (9812, 1)
parader (DF: 1): (8128, 1)
paradi (DF: 4): (5382, 1), (6748, 1), (7521, 1), (7716, 2)
