seller (DF: 2): (3474, 1), (9426, 1)
sellin (DF: 57): (13, 1), (27, 2), (72, 1), (536, 3), (699, 3), (964, 1), (1280, 4), (1354, 1), (1613, 1), (1704, 1), (1844, 2), (1926, 4), (2116, 1), (2489, 1), (2847, 1), (2855, 1), (2880, 1), (3075, 1), (3427, 1), (3451, 2), (3483, 1), (3487, 1), (3904, 1), (4282, 1), (4303, 2), (4407, 1), (4683, 1), (4818, 1), (4971, 1), (5085, 5), (5350, 1), (5633, 2), (5833, 1), (6024, 1), (6203, 1), (6547, 1), (6742, 1), (6771, 1), (6799, 1), (6837, 1), (6903, 1), (7024, 1), (7070, 1), (7080, 2), (7348, 1), (7369, 1), (7691, 1), (7771, 1), (8819, 1), (9183, 1), (9283, 2), (9538, 1), (9567, 1), (9576, 1), (9625, 2), (9666, 1), (9905, 1)
sellout (DF: 2): (15, 1), (2399, 2)
selt (DF: 1): (3437, 1)
seltsam (DF: 1): (3437, 2)
seltzer (DF: 1): (4699, 1)
selv (DF: 8): (229, 1), (347, 1), (1461, 1), (2018, 1), (3527, 3), (4210, 1), (4425, 1), (9241, 1)
selvfølgelig (DF: 2): (229, 1), (2018, 1)
selvom (DF: 2): (3591, 1), (4991, 1)
selvsikk (DF: 1): (1465, 1)
selvtillid (DF: 1): (1465, 1)
sem (DF: 32): (213, 1), (1098, 1), (1183, 1), (1415, 1), (1486, 1), (1659, 1), (1881, 1), (2680, 2), (2711, 9), (3467, 3), (3870, 2), (4167, 2), (5007, 1), (5011, 1), (5606, 6), (5754, 1), (5859, 5), (5959, 1), (6804, 3), (6983, 2), (7270, 3), (8027, 4), (8363, 1), (8989, 1), (9087, 2), (9120, 1), (9223, 2), (9355, 1), (9637, 2), (9838, 1), (9860, 1), (9876, 1)
seman (DF: 28): (12, 2), (14, 1), (178, 1), (477, 1), (711, 1), (1682, 3), (2487, 1), (2828, 2), (4361, 1), (4560, 1), (5399, 8), (6138, 1), (6326, 1), (6438, 1), (6485, 1), (6909, 2), (7019, 1), (7196, 1), (7989, 2), (8039, 1), (8188, 1), (9079, 3), (9108, 1), (9521, 1), (9607, 5), (9652, 3), (9797, 4), (9974, 1)
semana (DF: 4): (1072, 1), (2711, 3), (7197, 1), (9525, 1)
semanal (DF: 1): (5399, 1)
semant (DF: 1): (8132, 1)
semarihuan (DF: 1): (6588, 36)
sembl (DF: 1): (540, 1)
semblant (DF: 2): (1627, 3), (3215, 1)
sembr (DF: 28): (9, 1), (1850, 3), (2059, 1), (2518, 3), (3080, 2), (3210, 1), (3295, 1), (3316, 1), (3717, 3), (4086, 2), (4587, 1), (5116, 2), (5187, 2), (5392, 3), (5439, 2), (5659, 4), (5821, 4), (6341, 1), (6395, 1), (6976, 2), (7000, 1), (7694, 1), (7837, 1), (8671, 1), (9222, 3), (9384, 1), (9738, 7), (9906, 3)
sembran (DF: 1): (4587, 1)
semel (DF: 1): (4440, 1)
semen (DF: 3): (2256, 1), (6560, 1), (8943, 1)
semest (DF: 1): (5751, 2)
semi (DF: 19): (829, 1), (1164, 1), (1343, 1), (2319, 1), (2329, 1), (2729, 1), (4552, 1), (5195, 1), (5273, 3), (6151, 1), (6230, 2), (6328, 1), (6464, 1), (7323, 1), (8214, 1), (8445, 3), (8472, 1), (8559, 1), (9493, 3)
semill (DF: 2): (6423, 2), (9196, 1)
seminar (DF: 4): (2002, 1), (4866, 1), (8259, 1), (9873, 1)
semison (DF: 1): (3912, 1)
semma (DF: 1): (8671, 1)
semmozhi (DF: 1): (3471, 2)
semmozhiyai (DF: 1): (3471, 1)
semp (DF: 1): (5663, 1)
semplic (DF: 3): (3316, 3), (5392, 1), (8054, 1)
sempr (DF: 52): (9, 1), (438, 1), (524, 2), (1000, 2), (1010, 1), (1183, 2), (1411, 2), (1485, 1), (1659, 1), (1848, 3), (2059, 3), (2567, 2), (2680, 2), (3210, 1), (3215, 1), (3316, 1), (3467, 1), (3491, 1), (3692, 1), (3717, 11), (3838, 1), (4167, 1), (4873, 2), (4992, 1), (5116, 2), (5321, 3), (5392, 1), (5785, 3), (5859, 1), (6234, 4), (6250, 1), (6395, 1), (6626, 1), (6961, 1), (6983, 1), (7211, 2), (7281, 10), (7563, 2), (7694, 4), (8054, 2), (8161, 3), (8936, 1), (8946, 1), (8989, 3), (9087, 1), (9120, 1), (9222, 1), (9494, 1), (9637, 2), (9664, 1), (9738, 13), (9912, 2)
semtex (DF: 1): (5370, 1)
sen (DF: 17): (276, 1), (1825, 2), (2018, 1), (3351, 1), (3656, 2), (3768, 2), (4287, 2), (4852, 1), (5716, 1), (6007, 1), (6126, 1), (7533, 2), (7603, 1), (7751, 2), (7818, 12), (8452, 1), (9049, 2)
senai (DF: 1): (7990, 1)
senaka (DF: 1): (1102, 1)
senat (DF: 7): (251, 1), (1150, 1), (1166, 1), (4094, 1), (9305, 1), (9804, 1), (9945, 2)
sencill (DF: 31): (284, 4), (364, 2), (577, 2), (1061, 2), (1878, 6), (2034, 2), (2656, 1), (3090, 1), (3111, 1), (3623, 1), (4193, 2), (4671, 2), (4799, 1), (5198, 1), (5962, 1), (6279, 2), (6909, 1), (7183, 1), (7526, 1), (7780, 2), (7925, 1), (7989, 1), (7993, 1), (8047, 1), (8236, 1), (9040, 4), (9536, 2), (9697, 3), (9792, 1), (9872, 2), (9974, 1)
send (DF: 21): (82, 1), (131, 3), (164, 2), (181, 1), (210, 1), (251, 1), (350, 1), (368, 1), (449, 1), (455, 1), (513, 1), (526, 1), (689, 1), (722, 1), (738, 1), (775, 6), (802, 1), (843, 1), (850, 3), (912, 2), (946, 4)
