bodi (DF: 10): (9103, 1), (9104, 1), (9326, 4), (9328, 3), (9372, 2), (9374, 5), (9462, 4), (9465, 1), (9733, 1), (9734, 8)
body (DF: 16): (14, 1), (44, 1), (227, 4), (996, 1), (1061, 1), (1631, 1), (3903, 1), (5341, 1), (5588, 1), (6079, 2), (6561, 6), (7104, 14), (9575, 1), (9607, 6), (9641, 8), (9882, 1)
bodyguard (DF: 5): (1647, 6), (2091, 2), (5581, 1), (5890, 1), (7126, 1)
bodykit (DF: 1): (2100, 1)
bodypainting (DF: 1): (2637, 1)
bodypop (DF: 1): (951, 1)
bodyslam (DF: 2): (9486, 1), (9576, 1)
boe (DF: 1): (3335, 1)
boef (DF: 1): (175, 2)
boeing (DF: 1): (6886, 1)
boek (DF: 1): (8418, 1)
bofet (DF: 1): (2604, 1)
bog (DF: 2): (5580, 1), (8932, 2)
bogart (DF: 4): (924, 1), (1727, 1), (3248, 1), (7369, 1)
boggl (DF: 1): (2895, 1)
bogglin (DF: 1): (9993, 1)
bogi (DF: 2): (9503, 3), (9656, 2)
bogo (DF: 2): (7941, 4), (8156, 1)
bogot (DF: 2): (1010, 1), (5762, 1)
bogota (DF: 1): (2084, 1)
bogus (DF: 6): (3180, 2), (4523, 1), (7138, 1), (7451, 1), (8165, 1), (9995, 1)
boh (DF: 2): (5214, 6), (8340, 5)
bohat (DF: 1): (9138, 1)
bohemi (DF: 2): (9248, 1), (9516, 1)
bohemian (DF: 4): (2770, 1), (4021, 1), (5612, 1), (7666, 1)
bohn (DF: 2): (999, 1), (5955, 1)
bohti (DF: 1): (8534, 2)
boi (DF: 18): (234, 2), (245, 1), (1717, 1), (1918, 1), (2839, 2), (3045, 1), (3148, 1), (4045, 2), (4069, 1), (4731, 1), (5068, 1), (6296, 1), (6568, 2), (6961, 1), (7178, 2), (7554, 1), (7559, 1), (7685, 1)
boia (DF: 1): (9087, 1)
boicliqu (DF: 1): (8046, 2)
boil (DF: 20): (210, 1), (288, 1), (691, 1), (716, 2), (1469, 1), (2156, 1), (2233, 2), (2250, 1), (2404, 1), (2428, 2), (2873, 1), (2962, 1), (3779, 1), (4012, 1), (5253, 1), (5454, 1), (6496, 1), (7731, 1), (8554, 1), (8662, 1)
boilin (DF: 1): (2636, 1)
boing (DF: 1): (5363, 1)
boingo (DF: 2): (5678, 1), (6888, 2)
bois (DF: 2): (3909, 1), (4986, 4)
boit (DF: 1): (637, 1)
boj (DF: 2): (1918, 1), (4859, 1)
bojangl (DF: 1): (1431, 1)
bojm (DF: 1): (8829, 3)
bok (DF: 3): (540, 1), (7200, 1), (9781, 2)
bokassa (DF: 2): (2345, 1), (5935, 1)
boki (DF: 1): (7344, 1)
bokser (DF: 1): (9425, 1)
boku (DF: 4): (4311, 8), (4859, 1), (6089, 1), (7990, 1)
bokuno (DF: 1): (8000, 1)
bol (DF: 24): (276, 1), (399, 1), (891, 1), (1183, 2), (1677, 1), (1788, 1), (1826, 1), (3080, 1), (3090, 2), (3351, 1), (3669, 1), (4209, 1), (4507, 1), (4671, 2), (4686, 2), (4985, 1), (5830, 1), (6917, 1), (7255, 1), (7526, 2), (8128, 1), (8510, 1), (8518, 1), (9864, 3)
bola (DF: 6): (2476, 2), (2711, 6), (5719, 1), (6804, 1), (7869, 3), (9525, 2)
bolaan (DF: 1): (8510, 1)
bolado (DF: 1): (9637, 2)
bolan (DF: 1): (5830, 1)
bolando (DF: 1): (6804, 2)
bold (DF: 42): (40, 1), (350, 3), (596, 3), (647, 1), (736, 5), (838, 1), (1081, 1), (2117, 1), (2485, 2), (2588, 1), (2786, 1), (2838, 2), (3046, 1), (3084, 3), (3251, 1), (3985, 1), (4060, 1), (4468, 1), (4486, 1), (4499, 1), (4784, 3), (4875, 1), (4905, 1), (4967, 1), (5309, 1), (5489, 1), (5708, 3), (6614, 6), (6799, 1), (7005, 1), (7430, 1), (7577, 1), (8667, 3), (8673, 1), (8844, 1), (9007, 1), (9135, 1), (9138, 1), (9163, 1), (9790, 1), (2401, 1), (2403, 1)
boldest (DF: 1): (5957, 1)
boldin (DF: 1): (2651, 2)
boldo (DF: 2): (1183, 2), (8052, 1)
bole (DF: 1): (9688, 6)
bolet (DF: 4): (2354, 1), (2967, 1), (3080, 1), (3572, 3)
boleto (DF: 1): (7175, 1)
boli (DF: 1): (7313, 3)
boligblokk (DF: 1): (7077, 2)
bolin (DF: 1): (3399, 1)
bolis (DF: 1): (4386, 1)
bolivi (DF: 2): (1476, 2), (8116, 1)
bolivia (DF: 1): (4044, 1)
bolivian (DF: 2): (2150, 1), (7720, 1)
boll (DF: 4): (1519, 2), (3864, 1), (4958, 2), (8728, 1)
bollar (DF: 1): (7603, 1)
bollock (DF: 1): (6055, 1)
bolo (DF: 8): (1773, 1), (2104, 1), (2680, 1), (5075, 1), (7211, 1), (8052, 3), (9368, 2), (9670, 2)
bolognes (DF: 1): (1410, 1)
bologni (DF: 1): (8407, 1)
boloss (DF: 1): (5801, 2)
bolourchi (DF: 1): (1218, 1)
boloñes (DF: 1): (9248, 1)
bols (DF: 1): (2316, 1)
bolsa (DF: 2): (2651, 2), (3838, 2)
bolshoi (DF: 1): (5653, 1)
bolsill (DF: 14): (342, 1), (399, 1), (480, 3), (628, 1), (2530, 1), (2967, 1), (4419, 1), (4912, 1), (5017, 1), (5621, 1), (5786, 1), (6513, 1), (7415, 1), (7495, 1)
bolsillo (DF: 1): (9631, 1)
bolso (DF: 5): (213, 1), (1183, 2), (6397, 1), (9087, 1), (9838, 1)
bolt (DF: 9): (1189, 1), (1819, 5), (2086, 1), (3786, 2), (4099, 1), (4132, 1), (4389, 1), (5215, 2), (9233, 5)
boltget (DF: 1): (3741, 1)
bolu (DF: 1): (1834, 1)
