bank (DF: 106): (3218, 1), (3238, 2), (3348, 1), (3369, 1), (3461, 1), (3483, 2), (3498, 1), (3591, 4), (3624, 1), (3941, 1), (3984, 1), (3991, 1), (4037, 4), (4103, 1), (4112, 1), (4122, 1), (4226, 1), (4318, 4), (4421, 1), (4440, 1), (4523, 5), (4620, 1), (4649, 1), (4746, 1), (4842, 1), (4864, 1), (4920, 2), (4942, 1), (4972, 4), (4982, 1), (5031, 8), (5085, 2), (5091, 1), (5168, 4), (5249, 2), (5267, 1), (5294, 1), (5296, 1), (5310, 2), (5314, 1), (5316, 1), (5325, 2), (5379, 1), (5492, 1), (5494, 1), (5570, 37), (5576, 1), (5583, 1), (5634, 1), (5645, 1), (5667, 2), (5775, 2), (5816, 1), (5841, 2), (5862, 1), (5915, 1), (6032, 1), (6039, 9), (6342, 1), (6547, 1), (6569, 1), (6573, 1), (6593, 1), (6600, 1), (6644, 1), (6709, 2), (6764, 2), (6800, 1), (6885, 1), (6941, 1), (6961, 1), (7001, 1), (7096, 1), (7103, 1), (7235, 1), (7411, 1), (7464, 1), (7593, 1), (7771, 3), (7806, 7), (7844, 2), (7884, 1), (8061, 1), (8087, 1), (8101, 1), (8132, 8), (8658, 1), (8774, 2), (8784, 2), (8787, 4), (8825, 1), (8953, 2), (9035, 1), (9054, 1), (9093, 1), (9116, 2), (9199, 10), (9357, 2), (9379, 1), (9569, 1), (9681, 2), (9710, 8), (9724, 1), (9805, 1), (9881, 1), (4522, 1)
bank3rd (DF: 1): (1216, 1)
banker (DF: 3): (1465, 1), (2978, 1), (7707, 1)
bankhead (DF: 8): (1469, 1), (2230, 1), (3045, 1), (4490, 1), (4731, 1), (6225, 2), (8156, 1), (8571, 1)
bankjob (DF: 1): (6600, 1)
banknot (DF: 5): (1197, 1), (1918, 2), (2463, 1), (4761, 1), (9781, 1)
bankow (DF: 1): (6457, 1)
bankpa (DF: 1): (6015, 2)
bankrol (DF: 18): (350, 1), (823, 1), (1016, 1), (1178, 2), (1414, 1), (2177, 1), (3009, 1), (3478, 1), (4226, 1), (4525, 2), (5296, 60), (5782, 1), (6149, 1), (6272, 3), (6573, 1), (6895, 1), (6910, 3), (7256, 1)
bankrupt (DF: 2): (8663, 1), (9262, 1)
bankruptci (DF: 1): (2172, 1)
banks (DF: 1): (7466, 3)
banksi (DF: 1): (9143, 2)
banku (DF: 1): (9162, 2)
bann (DF: 1): (4421, 2)
banner (DF: 18): (660, 4), (678, 1), (1211, 1), (1707, 1), (1802, 1), (1856, 2), (2502, 1), (3571, 3), (3681, 6), (3719, 1), (4262, 2), (4466, 1), (4558, 12), (4962, 1), (5076, 4), (6304, 1), (6322, 4), (8682, 1)
bannin (DF: 1): (2422, 1)
banqu (DF: 1): (9085, 24)
banquet (DF: 5): (650, 1), (2626, 1), (2742, 1), (3269, 1), (6249, 1)
banquill (DF: 1): (6263, 1)
banshe (DF: 6): (3219, 4), (4955, 1), (5646, 4), (6371, 2), (9040, 2), (9210, 1)
bant (DF: 1): (149, 1)
banter (DF: 1): (5386, 1)
bantu (DF: 1): (169, 1)
banx (DF: 1): (1924, 1)
banzai (DF: 1): (4939, 31)
baow (DF: 3): (5294, 6), (7516, 4), (9147, 1)
bap (DF: 8): (1592, 11), (3223, 2), (4043, 1), (4818, 1), (6072, 4), (8529, 1), (9283, 3), (9980, 24)
bape (DF: 9): (952, 1), (3100, 1), (5702, 1), (5959, 3), (7563, 1), (7650, 1), (8004, 1), (8938, 1), (9567, 1)
bapecal (DF: 2): (5031, 2), (9710, 2)
bapkin (DF: 1): (6087, 1)
bappi (DF: 1): (2817, 1)
baptis (DF: 1): (2254, 1)
baptist (DF: 2): (4905, 1), (8317, 1)
baptiz (DF: 3): (815, 1), (3628, 1), (9072, 4)
bar (DF: 139): (80, 1), (153, 2), (176, 6), (197, 1), (229, 8), (246, 1), (265, 7), (339, 1), (361, 1), (365, 1), (379, 3), (441, 1), (541, 1), (563, 1), (664, 1), (696, 1), (767, 2), (814, 4), (819, 1), (1087, 1), (1191, 1), (1196, 1), (1205, 1), (1219, 1), (1323, 1), (1428, 2), (1431, 1), (1452, 1), (1465, 3), (1477, 1), (1490, 2), (1594, 1), (1625, 2), (1661, 1), (1856, 2), (1875, 1), (1880, 1), (1913, 4), (1922, 2), (1949, 1), (1975, 1), (1994, 1), (2018, 5), (2050, 1), (2071, 1), (2104, 1), (2208, 1), (2217, 2), (2255, 2), (2261, 6), (2307, 2), (2315, 2), (2344, 1), (2416, 1), (2439, 5), (2481, 2), (2574, 1), (2593, 3), (2599, 2), (2655, 2), (2692, 1), (2701, 1), (2739, 2), (2765, 1), (2797, 3), (2831, 1), (2899, 5), (2986, 2), (2991, 1), (3070, 2), (3117, 1), (3123, 1), (3203, 1), (3238, 2), (3258, 1), (3268, 1), (3406, 1), (3486, 1), (3579, 3), (3591, 6), (3626, 1), (3634, 1), (3650, 3), (3675, 1), (3680, 1), (3745, 1), (3769, 1), (3811, 1), (3941, 1), (3984, 1), (3989, 1), (4004, 1), (4033, 2), (4037, 1), (4158, 1), (4218, 1), (4222, 1), (4232, 8), (4244, 4), (4297, 9), (4392, 1), (4420, 1), (4503, 1), (4516, 1), (4549, 2), (4559, 2), (4641, 1), (4681, 1), (4727, 1), (4871, 6), (4931, 1), (4953, 1), (4965, 1), (4992, 1), (5029, 1), (5031, 8), (5044, 4), (5058, 36), (5142, 3), (5168, 1), (5214, 1), (5303, 1), (5315, 1), (5538, 1), (5645, 1), (5720, 1), (5743, 1), (5755, 1), (5821, 2), (5862, 1), (5870, 1), (5879, 1), (5954, 1), (5968, 1), (6122, 1), (6222, 3), (6247, 1), (6289, 1), (6292, 3)
