nós (DF: 24): (2680, 2), (2839, 3), (2986, 6), (3007, 2), (3692, 1), (3870, 1), (4167, 1), (4357, 1), (5606, 6), (5859, 8), (6270, 2), (6289, 1), (6397, 1), (6804, 2), (7270, 2), (7563, 3), (8052, 4), (8363, 1), (8574, 1), (8938, 1), (9355, 1), (9494, 1), (9525, 3), (9637, 4)
nôtr (DF: 1): (7533, 1)
nødt (DF: 1): (1465, 1)
nørrebro (DF: 1): (2018, 1)
número (DF: 4): (2631, 3), (3215, 1), (4016, 1), (9595, 1)
o (DF: 20): (493, 1), (540, 2), (598, 1), (762, 7), (3381, 52), (3480, 2), (3962, 1), (4198, 5), (4540, 1), (5206, 1), (5493, 2), (5588, 2), (6705, 1), (6748, 1), (6835, 1), (8019, 1), (8311, 1), (8785, 7), (8829, 1), (9788, 1)
o0h (DF: 1): (955, 1)
o2 (DF: 2): (6777, 1), (6929, 2)
o3 (DF: 2): (6777, 1), (6929, 2)
oa (DF: 2): (3676, 2), (4566, 3)
oaahhhh (DF: 1): (114, 4)
oah (DF: 14): (114, 8), (638, 1), (762, 4), (810, 2), (1580, 1), (2210, 6), (2505, 1), (4473, 1), (4704, 1), (5687, 1), (6947, 6), (8785, 4), (8909, 12), (9864, 2)
oak (DF: 9): (488, 1), (975, 2), (2156, 1), (2962, 1), (3597, 1), (6325, 1), (8299, 1), (8605, 1), (9153, 1)
oakland (DF: 14): (1564, 1), (2164, 2), (2630, 1), (4933, 1), (5513, 4), (6203, 1), (6327, 2), (7297, 1), (7441, 1), (7690, 1), (7922, 1), (8079, 2), (8238, 1), (9211, 1)
oakley (DF: 3): (1613, 1), (4037, 1), (5168, 1)
oaklezero (DF: 1): (1661, 1)
oaktown (DF: 5): (2825, 1), (5513, 2), (6327, 1), (6602, 1), (8079, 1)
oas (DF: 1): (3437, 1)
oasi (DF: 12): (1667, 3), (1981, 1), (2104, 1), (2284, 6), (2724, 1), (3583, 1), (4509, 1), (4699, 1), (5614, 1), (7619, 1), (8391, 1), (8740, 1)
oasis (DF: 2): (4496, 1), (8255, 1)
oat (DF: 7): (211, 1), (1632, 1), (2573, 1), (4079, 2), (4960, 1), (5289, 1), (5441, 1)
oath (DF: 14): (696, 1), (2573, 1), (2723, 1), (3347, 1), (4244, 1), (4649, 3), (4767, 1), (5068, 1), (6392, 1), (6941, 3), (7518, 1), (9548, 2), (9805, 3), (9905, 1)
oatmeal (DF: 1): (8528, 1)
oaxac (DF: 1): (178, 1)
oaxaca (DF: 1): (436, 2)
ob (DF: 1): (1313, 1)
oba (DF: 1): (9512, 1)
obadiah (DF: 1): (708, 2)
obal (DF: 1): (2832, 1)
obama (DF: 14): (151, 1), (693, 1), (3067, 1), (3498, 1), (4557, 1), (4962, 1), (6763, 1), (6837, 1), (7070, 1), (7123, 1), (7373, 1), (8669, 1), (8755, 1), (9308, 1)
obchodzi (DF: 1): (6457, 1)
obczajam (DF: 1): (8717, 1)
obea (DF: 2): (772, 2), (1812, 1)
obecna (DF: 1): (7836, 1)
obedec (DF: 4): (4479, 1), (5990, 2), (7211, 1), (9882, 1)
obedeço (DF: 1): (1659, 1)
obedient (DF: 1): (9318, 2)
obel (DF: 5): (1951, 1), (4749, 1), (5654, 1), (5895, 1), (7872, 1)
oben (DF: 5): (484, 4), (3437, 1), (5053, 1), (8670, 3), (8678, 2)
ober (DF: 1): (5051, 1)
oberflach (DF: 1): (5955, 1)
oberkorperfrei (DF: 1): (484, 1)
oberliga (DF: 3): (151, 1), (3067, 1), (7373, 1)
oberteil (DF: 1): (8932, 1)
obes (DF: 1): (4515, 1)
obetrol (DF: 1): (7054, 1)
obey (DF: 11): (2032, 2), (2515, 1), (2691, 1), (3127, 1), (3915, 1), (4176, 1), (5230, 1), (5995, 1), (7078, 1), (8903, 1), (9107, 1)
obi (DF: 3): (2765, 3), (6350, 2), (9820, 1)
obieca (DF: 1): (4761, 1)
obiewanshot (DF: 1): (1501, 2)
obituari (DF: 1): (4905, 1)
object (DF: 5): (329, 6), (2322, 1), (4723, 2), (6040, 1), (9728, 1)
objet (DF: 2): (7183, 1), (7504, 1)
objetivo (DF: 1): (5859, 2)
oblicz (DF: 1): (250, 1)
oblig (DF: 20): (476, 1), (497, 2), (632, 3), (1441, 1), (2183, 1), (2500, 1), (2530, 1), (2832, 1), (3358, 1), (3609, 2), (3633, 1), (4152, 1), (4257, 5), (6351, 1), (6768, 1), (7773, 3), (8408, 3), (9060, 3), (9362, 1), (9719, 1)
obliga (DF: 2): (4729, 2), (6207, 1)
obligaci (DF: 1): (2604, 1)
obligart (DF: 2): (1379, 1), (3504, 1)
oblivi (DF: 1): (4044, 1)
oblivion (DF: 4): (266, 17), (422, 1), (967, 1), (9038, 3)
obnoxi (DF: 3): (5943, 1), (6352, 1), (8960, 1)
obo (DF: 1): (5043, 1)
obok (DF: 2): (908, 1), (7916, 6)
obra (DF: 5): (813, 1), (2242, 2), (5022, 1), (5592, 1), (5778, 3)
obracam (DF: 1): (7313, 1)
obrazek (DF: 1): (6007, 1)
obrazi (DF: 2): (250, 1), (8717, 2)
obrer (DF: 2): (53, 1), (9040, 2)
obrigu (DF: 1): (9355, 1)
obrzydzasz (DF: 1): (4761, 1)
obscen (DF: 6): (101, 1), (5230, 1), (5695, 1), (7605, 4), (7741, 1), (8121, 1)
obscur (DF: 4): (1307, 1), (3798, 4), (7395, 1), (7457, 2)
obsecion (DF: 1): (8149, 1)
obsen (DF: 1): (7395, 1)
observ (DF: 17): (117, 1), (366, 1), (753, 1), (1878, 1), (2672, 1), (2935, 1), (3028, 6), (3489, 1), (3821, 1), (4288, 1), (5022, 5), (5376, 1), (6532, 2), (6636, 1), (7942, 1), (8177, 1), (8205, 1)
