midneundamyeon (DF: 1): (3690, 2)
midnight (DF: 153): (1, 1), (202, 1), (406, 1), (562, 1), (564, 1), (566, 1), (706, 1), (736, 1), (742, 1), (783, 4), (807, 1), (930, 1), (1023, 9), (1076, 1), (1094, 1), (1102, 3), (1343, 1), (1416, 5), (1438, 5), (1475, 1), (1534, 1), (1612, 1), (1680, 1), (1721, 1), (1728, 2), (1817, 6), (1865, 3), (1885, 1), (1929, 1), (2031, 1), (2071, 1), (2156, 1), (2216, 1), (2264, 1), (2293, 2), (2304, 1), (2340, 1), (2388, 1), (2556, 1), (2632, 1), (2635, 1), (2710, 2), (2746, 2), (2847, 1), (2856, 1), (2868, 8), (2901, 1), (2920, 3), (2933, 2), (2962, 1), (3041, 2), (3052, 1), (3099, 1), (3119, 8), (3134, 1), (3182, 1), (3268, 1), (3300, 1), (3524, 1), (3544, 1), (3606, 1), (3649, 3), (3758, 1), (3775, 1), (3812, 1), (3933, 1), (4008, 1), (4075, 1), (4255, 4), (4269, 1), (4498, 3), (4511, 1), (4513, 2), (4615, 2), (4691, 4), (4808, 1), (5043, 1), (5081, 1), (5141, 1), (5260, 4), (5346, 1), (5386, 1), (5419, 1), (5638, 5), (5668, 1), (5687, 1), (5736, 1), (5750, 2), (5816, 1), (5885, 1), (5948, 2), (5992, 1), (6060, 1), (6070, 1), (6097, 1), (6233, 2), (6261, 1), (6264, 2), (6266, 8), (6306, 2), (6378, 2), (6412, 1), (6520, 1), (6570, 1), (6676, 6), (6725, 1), (6880, 1), (6897, 1), (6962, 1), (7027, 1), (7189, 1), (7333, 8), (7393, 1), (7552, 1), (7636, 1), (7708, 2), (7966, 1), (7985, 1), (8059, 1), (8086, 5), (8151, 1), (8265, 2), (8350, 1), (8356, 1), (8381, 1), (8410, 1), (8525, 2), (8562, 1), (8600, 2), (8659, 2), (8721, 1), (8734, 1), (8746, 1), (8781, 1), (8826, 1), (8873, 1), (8888, 1), (8956, 1), (9056, 1), (9180, 1), (9320, 2), (9321, 28), (9373, 1), (9386, 2), (9402, 1), (9411, 2), (9507, 1), (9789, 1), (9826, 1), (9917, 1), (9926, 6), (9958, 1), (9995, 1)
midnit (DF: 1): (3902, 1)
midol (DF: 1): (5587, 2)
midriff (DF: 1): (9261, 1)
midst (DF: 7): (2220, 1), (4723, 1), (5957, 1), (6847, 1), (8319, 1), (8365, 1), (9310, 3)
midstream (DF: 2): (2807, 1), (6625, 1)
midsumm (DF: 5): (1509, 1), (1746, 1), (2102, 4), (3605, 1), (5983, 1)
midterm (DF: 1): (3244, 1)
midwest (DF: 6): (365, 1), (409, 10), (1674, 1), (5727, 1), (6066, 1), (7946, 1)
midwint (DF: 1): (1049, 1)
mie (DF: 5): (250, 1), (1655, 1), (4914, 4), (5091, 1), (7916, 7)
miechi (DF: 1): (9162, 1)
miechni (DF: 1): (9162, 4)
mied (DF: 74): (84, 1), (109, 2), (117, 1), (276, 1), (312, 1), (333, 4), (345, 4), (355, 3), (412, 2), (651, 1), (679, 1), (1133, 1), (1424, 1), (1563, 3), (1631, 1), (1724, 1), (1740, 15), (1803, 1), (2414, 1), (2585, 28), (2601, 1), (2889, 3), (2948, 4), (3313, 1), (3351, 1), (3358, 1), (3609, 2), (3908, 13), (4209, 1), (4236, 1), (4285, 1), (4469, 4), (4518, 2), (4560, 2), (4568, 1), (4678, 2), (4948, 1), (4951, 2), (5013, 2), (5022, 1), (5183, 1), (5373, 3), (5655, 1), (5735, 1), (5768, 1), (5990, 1), (5991, 10), (6279, 6), (6346, 6), (6422, 1), (6645, 8), (6656, 3), (6823, 2), (6889, 1), (6932, 2), (7056, 2), (7239, 2), (7395, 1), (7632, 1), (7780, 1), (7904, 6), (7982, 1), (8091, 1), (8243, 6), (8506, 1), (8516, 7), (8817, 8), (8919, 2), (9018, 4), (9428, 1), (9469, 1), (9864, 1), (9872, 1), (9919, 1)
miedo (DF: 2): (1087, 4), (2277, 1)
miej (DF: 1): (4859, 1)
miejsc (DF: 2): (1655, 1), (4859, 1)
miejscach (DF: 1): (9695, 1)
miejscu (DF: 1): (4358, 1)
miel (DF: 20): (12, 2), (53, 1), (217, 4), (512, 2), (1013, 3), (1257, 1), (2136, 1), (4088, 1), (4479, 1), (4916, 1), (5156, 1), (6009, 1), (6438, 1), (6450, 1), (7251, 1), (8429, 1), (8744, 2), (8914, 1), (9248, 1), (9786, 8)
miembr (DF: 2): (2183, 1), (7863, 2)
mien (DF: 3): (34, 1), (7533, 1), (9757, 1)
mienda (DF: 1): (7977, 1)
mienenspiel (DF: 2): (5691, 1), (6620, 1)
mieni (DF: 1): (6678, 1)
mient (DF: 32): (109, 1), (143, 2), (480, 2), (648, 1), (897, 1), (1453, 1), (1778, 1), (2027, 1), (2342, 1), (3028, 1), (3211, 2), (3495, 2), (3569, 1), (3665, 3), (3853, 2), (4671, 2), (4846, 1), (5224, 7), (6120, 2), (6280, 1), (6432, 1), (6532, 2), (6588, 6), (6872, 2), (7367, 8), (7513, 2), (8036, 1), (8091, 2), (8131, 2), (9172, 6), (9532, 1), (9864, 1)
mientem (DF: 1): (1724, 9)
miento (DF: 1): (5894, 1)
mientr (DF: 82): (109, 1), (117, 2), (143, 1), (173, 1), (417, 1), (557, 1), (648, 2), (918, 1), (982, 6), (1005, 1), (1022, 1), (1109, 1), (1159, 1), (1307, 1), (1582, 1), (1631, 1), (1665, 1), (1668, 12), (1878, 1), (2033, 9), (2034, 2), (2183, 1), (2429, 1), (2461, 8), (2530, 1), (2656, 2), (2662, 1), (2668, 12), (2792, 1), (3093, 2), (3104, 4), (3342, 7), (3434, 3), (3590, 1), (3757, 4), (3853, 2), (3876, 1), (3897, 2), (3908, 3), (4032, 1), (4180, 1), (4238, 3), (4518, 1), (4556, 1), (4560, 1), (4846, 1), (4951, 3), (5022, 2), (5105, 1), (5174, 2), (5352, 12), (5588, 1), (5770, 3), (5792, 1), (6079, 2), (6249, 1), (6384, 1), (6438, 2), (6808, 1), (6917, 1), (7284, 1), (7379, 2), (7392, 2), (7395, 2), (7426, 3), (7749, 2), (7925, 1), (8036, 4), (8205, 1), (8846, 4), (8914, 1), (8945, 3), (9060, 3), (9302, 6), (9383, 1), (9430, 1), (9516, 1), (9524, 3), (9568, 1), (9575, 1), (9960, 4), (9974, 2)
mientra (DF: 1): (6006, 1)
miercol (DF: 1): (2108, 1)
mierd (DF: 32): (143, 2), (417, 1), (477, 1), (858, 4), (1481, 12), (1501, 1), (1686, 2), (2656, 2), (2662, 1), (2967, 2), (3269, 1), (3724, 3), (3881, 1), (4081, 4), (4560, 1), (4651, 1), (4799, 1), (4862, 3), (5174, 1), (5358, 1), (5696, 2), (5792, 1), (5990, 7), (6485, 1), (7258, 1), (7820, 2), (8131, 1), (8278, 1), (8466, 4), (8518, 1), (8580, 1), (9185, 1)
mierda (DF: 1): (299, 1)
mierz (DF: 1): (7313, 1)
mierzysz (DF: 1): (2951, 1)
mies (DF: 10): (151, 1), (198, 1), (483, 1), (681, 1), (1654, 1), (2463, 1), (4004, 1), (4387, 1), (4876, 1), (9457, 1)
mieszn (DF: 1): (7916, 1)
miesznym (DF: 1): (661, 1)
miet (DF: 1): (2881, 1)
mietwag (DF: 2): (6748, 1), (8678, 1)
mieux (DF: 3): (349, 1), (598, 1), (4197, 1)
mig (DF: 25): (229, 14), (413, 1), (1296, 1), (1465, 3), (1803, 1), (2018, 26), (2152, 1), (2759, 1), (3527, 2), (3591, 7), (4295, 3), (4425, 11), (4714, 12), (4991, 16), (5013, 4), (5126, 1), (6292, 6), (6674, 9), (7077, 9), (7200, 7), (7428, 6), (8036, 2), (8243, 12), (8564, 9), (9196, 1)
miga (DF: 1): (4358, 1)
migam (DF: 2): (4358, 5), (4914, 4)
miggida (DF: 1): (5037, 32)
might (DF: 734): (3, 1), (40, 1), (45, 1), (81, 1), (103, 2), (116, 1), (124, 1), (132, 1), (139, 1), (144, 2), (182, 1), (191, 2), (202, 1), (209, 1), (219, 17), (224, 3), (264, 1), (285, 1), (320, 4), (327, 1), (372, 1), (405, 2), (411, 1), (418, 2), (420, 3), (421, 1), (443, 1), (448, 4), (494, 3), (510, 1), (526, 1), (527, 1), (528, 2), (529, 1), (537, 1), (546, 1), (578, 1), (595, 1), (606, 1), (609, 10), (617, 1), (618, 1), (643, 4), (646, 1), (664, 2), (694, 1), (696, 5), (704, 1), (731, 2), (769, 1), (775, 4), (792, 2), (803, 2), (804, 1), (807, 1), (837, 16), (841, 1), (842, 2), (845, 1), (847, 2), (860, 3), (876, 2), (893, 2), (915, 1), (922, 1), (939, 2), (941, 1), (955, 1), (959, 1), (981, 1), (990, 1), (1024, 2), (1047, 2), (1070, 1), (1073, 1), (1088, 2), (1100, 7), (1106, 1), (1147, 2), (1162, 1), (1172, 1), (1184, 5), (1211, 1), (1224, 8), (1242, 2), (1270, 1), (1292, 1), (1338, 2), (1344, 1), (1372, 1), (1391, 3), (1400, 3), (1404, 1), (1410, 1), (1413, 1), (1436, 1), (1490, 5), (1491, 2), (1494, 2), (1497, 2), (1505, 2), (1510, 9), (1513, 1), (1550, 4), (1556, 1), (1559, 2), (1560, 1), (1566, 1), (1634, 2), (1648, 1), (1660, 1), (1681, 1), (1683, 2), (1688, 2), (1700, 2), (1704, 1), (1709, 1), (1711, 2), (1712, 1), (1725, 2), (1727, 1), (1739, 6), (1748, 1), (1765, 2), (1801, 1), (1809, 1), (1820, 1), (1870, 1), (1875, 2), (1885, 2), (1896, 1), (1911, 1), (1952, 2), (1959, 3), (1977, 1), (1981, 1), (1994, 2), (1996, 1), (2039, 1), (2046, 1), (2047, 1), (2052, 1), (2057, 1), (2064, 4), (2067, 1), (2072, 1), (2091, 2), (2093, 2), (2097, 1), (2116, 2), (2143, 1), (2148, 2), (2166, 9), (2174, 1), (2186, 1), (2192, 2), (2222, 1), (2235, 1), (2246, 1), (2254, 1), (2255, 1), (2277, 1), (2279, 5), (2288, 3), (2294, 1), (2315, 4), (2322, 1), (2337, 2), (2372, 1), (2380, 3), (2394, 1), (2397, 4), (2405, 4), (2433, 2), (2446, 4), (2456, 1), (2470, 3), (2490, 6), (2495, 1), (2503, 4), (2511, 4), (2513, 3), (2536, 6), (2548, 2), (2563, 4), (2565, 1), (2576, 1), (2584, 1), (2596, 3), (2599, 2), (2607, 1), (2620, 6), (2625, 2), (2652, 1), (2665, 1), (2674, 2), (2685, 1), (2690, 1), (2692, 1), (2708, 2), (2721, 5), (2723, 1), (2756, 1), (2758, 5), (2783, 1), (2794, 1), (2797, 3), (2811, 2), (2822, 1), (2825, 1), (2831, 4), (2847, 1), (2853, 1), (2894, 1), (2920, 1), (2933, 4), (2969, 1), (3002, 1), (3064, 1), (3068, 2), (3075, 1), (3099, 2), (3100, 1), (3107, 1), (3112, 1), (3121, 2), (3128, 1), (3131, 2), (3137, 4), (3144, 1), (3163, 8), (3171, 2), (3178, 1), (3189, 1), (3221, 20), (3223, 1), (3225, 2), (3238, 1), (3247, 2), (3253, 1), (3254, 1), (3265, 1), (3268, 3), (3277, 1), (3292, 1), (3293, 1), (3294, 2), (3333, 1), (3367, 1), (3374, 1), (3383, 1), (3410, 1), (3412, 2), (3424, 4), (3427, 12), (3439, 1), (3448, 2), (3454, 6), (3487, 1), (3531, 2), (3546, 3), (3565, 1), (3575, 2), (3595, 6), (3600, 1), (3611, 2), (3620, 2), (3633, 1), (3637, 2), (3683, 1), (3685, 1), (3688, 1), (3694, 1), (3735, 19), (3741, 1), (3775, 2), (3789, 2), (3790, 1), (3796, 1), (3821, 1), (3822, 1), (3826, 6), (3850, 3), (3852, 4), (3854, 1), (3900, 1), (3901, 8), (3918, 4), (3923, 1), (3929, 1), (3935, 1), (3940, 3), (3948, 1), (3960, 1), (4045, 3), (4097, 2), (4116, 1), (4122, 1), (4128, 1), (4131, 5), (4144, 2), (4161, 4), (4168, 1), (4182, 1), (4212, 2), (4231, 1), (4240, 1), (4249, 1), (4252, 1), (4262, 1), (4281, 1), (4290, 1), (4293, 1), (4298, 2), (4301, 2), (4303, 1), (4317, 1), (4331, 1), (4339, 2), (4355, 1), (4366, 2), (4374, 1), (4384, 1), (4410, 1), (4431, 12), (4465, 2), (4487, 1), (4493, 2), (4494, 1), (4495, 1), (4498, 6), (4503, 1), (4508, 3), (4525, 2), (4527, 4), (4547, 1), (4569, 3), (4572, 1), (4586, 2), (4598, 5), (4600, 1), (4611, 1), (4618, 2), (4625, 1), (4632, 2), (4641, 2), (4648, 1), (4652, 1), (4654, 1), (4661, 1), (4662, 1), (4679, 8), (4680, 1), (4681, 1), (4707, 5), (4713, 1), (4716, 2), (4727, 1), (4731, 3), (4764, 1), (4784, 3), (4785, 1), (4788, 2), (4796, 1), (4811, 1), (4819, 6), (4820, 2), (4823, 24), (4845, 1), (4856, 2), (4872, 4), (4884, 2), (4889, 2), (4891, 4), (4928, 3), (4931, 3), (4938, 4), (4942, 5), (4944, 1), (4950, 24), (4967, 1), (4995, 1), (5023, 1), (5033, 22), (5036, 1), (5043, 1), (5048, 8), (5066, 1), (5113, 4), (5134, 3), (5144, 24), (5176, 1), (5219, 1), (5223, 1), (5225, 1), (5237, 3), (5243, 1), (5248, 1), (5250, 4), (5251, 2), (5261, 1), (5296, 1), (5334, 1), (5340, 1), (5343, 1), (5354, 1), (5385, 2), (5386, 1), (5389, 4), (5394, 6), (5409, 9), (5420, 4), (5421, 1), (5423, 1), (5425, 2), (5430, 3), (5468, 1), (5470, 1), (5483, 1), (5489, 1), (5492, 1), (5494, 1), (5495, 1), (5496, 3), (5504, 1), (5507, 3), (5531, 1), (5537, 2), (5567, 2), (5570, 2), (5581, 4), (5589, 1), (5590, 16), (5593, 2), (5619, 12), (5633, 1), (5635, 4), (5645, 3), (5670, 1), (5673, 6), (5705, 1), (5707, 1), (5722, 1), (5725, 1), (5729, 1), (5732, 2), (5743, 2), (5744, 2), (5747, 6), (5749, 1), (5780, 1), (5783, 1), (5799, 6), (5809, 2), (5838, 1), (5863, 9), (5900, 4), (5903, 7), (5918, 1), (5947, 1), (5993, 1), (5995, 3), (6006, 1), (6031, 13), (6032, 1), (6064, 2), (6090, 1), (6147, 1), (6172, 1), (6183, 6), (6203, 1), (6214, 1), (6215, 4), (6220, 1), (6242, 1), (6264, 4), (6271, 2), (6277, 10), (6315, 1), (6325, 2), (6338, 1), (6359, 4), (6361, 2), (6362, 1), (6363, 1), (6372, 1), (6396, 1), (6417, 1), (6428, 1), (6429, 2), (6445, 1), (6565, 1), (6574, 1), (6590, 1), (6602, 1), (6621, 1), (6623, 2), (6627, 1), (6629, 3), (6644, 1), (6704, 14), (6741, 2), (6742, 1), (6749, 2), (6751, 1), (6773, 6), (6777, 2), (6790, 1), (6794, 7), (6799, 1), (6800, 1), (6824, 1), (6837, 2), (6864, 2), (6874, 1), (6875, 5), (6890, 1), (6895, 1), (6902, 1), (6903, 1), (6910, 3), (6914, 2), (6929, 4), (6936, 2), (6942, 1), (6945, 2), (6959, 3), (6960, 1), (7001, 3), (7004, 3), (7043, 2), (7046, 4), (7051, 2), (7057, 1), (7069, 2), (7083, 2), (7090, 1), (7105, 1), (7110, 1), (7120, 1), (7122, 2), (7134, 1), (7136, 1), (7139, 1), (7150, 6), (7177, 1), (7181, 1), (7188, 1), (7192, 1), (7216, 1), (7217, 4), (7235, 1), (7238, 1), (7240, 1), (7246, 1), (7253, 1), (7256, 1), (7263, 2), (7266, 1), (7279, 1), (7291, 1), (7323, 1), (7337, 1), (7342, 3), (7345, 2), (7346, 1), (7359, 1), (7360, 1), (7376, 1), (7430, 2), (7436, 1), (7470, 2), (7485, 2), (7506, 2), (7518, 5), (7540, 1), (7550, 1), (7551, 1), (7558, 4), (7574, 2), (7591, 10), (7608, 1), (7618, 1), (7633, 2), (7644, 2), (7651, 2), (7662, 1), (7687, 2), (7690, 1), (7696, 1), (7718, 1), (7740, 1), (7758, 1), (7761, 2), (7768, 1), (7772, 1), (7788, 1), (7789, 1), (7798, 1), (7810, 9), (7815, 1), (7828, 1), (7875, 1), (7880, 6), (7884, 1), (7892, 1), (7894, 2), (7898, 3), (7919, 1), (7943, 1), (7952, 6), (8010, 2), (8053, 1), (8058, 1), (8087, 1), (8135, 2), (8155, 1), (8181, 1), (8217, 1), (8238, 1), (8271, 2), (8294, 1), (8324, 1), (8369, 1), (8373, 6), (8382, 5), (8384, 1), (8397, 2), (8424, 3), (8433, 2), (8445, 1), (8451, 1), (8457, 1), (8458, 2), (8462, 4), (8475, 1), (8501, 1), (8502, 1), (8517, 1), (8561, 3), (8579, 1), (8583, 3), (8601, 1), (8656, 1), (8663, 1), (8681, 12), (8686, 1), (8702, 2), (8730, 2), (8732, 2), (8754, 1), (8773, 3), (8778, 1), (8794, 1), (8799, 4), (8809, 2), (8813, 2), (8830, 1), (8843, 3), (8848, 1), (8881, 1), (8890, 1), (8895, 3), (8927, 2), (8944, 1), (8948, 1), (8949, 1), (8951, 2), (8959, 1), (8974, 2), (8995, 1), (9000, 1), (9019, 1), (9032, 1), (9088, 3), (9109, 3), (9116, 1), (9119, 1), (9127, 5), (9140, 7), (9143, 1), (9181, 1), (9235, 3), (9254, 1), (9277, 2), (9295, 17), (9301, 2), (9316, 1), (9319, 8), (9321, 7), (9340, 1), (9347, 1), (9357, 3), (9361, 12), (9369, 40), (9372, 1), (9382, 2), (9397, 2), (9404, 1), (9427, 1), (9485, 2), (9563, 1), (9625, 1), (9628, 2), (9632, 1), (9633, 1), (9649, 1), (9662, 1), (9676, 1), (9680, 2), (9686, 1), (9691, 1), (9694, 1), (9713, 2), (9726, 1), (9746, 1), (9751, 2), (9785, 1), (9794, 1), (9796, 1), (9810, 1), (9817, 1), (9826, 1), (9849, 1), (9861, 1), (9873, 1), (9879, 2), (9889, 3), (9892, 3), (9933, 1), (9944, 6), (9949, 1), (9965, 1), (9995, 3)
mighta (DF: 2): (4967, 1), (9668, 1)
mighti (DF: 35): (449, 1), (796, 1), (1431, 1), (1564, 1), (1604, 1), (1856, 1), (2042, 1), (2903, 24), (3177, 5), (3238, 1), (3265, 2), (3296, 1), (3298, 1), (4094, 1), (4266, 2), (4278, 1), (4495, 1), (4755, 10), (5124, 1), (5509, 1), (5631, 1), (5729, 1), (6073, 1), (6331, 1), (6442, 3), (6517, 2), (6565, 2), (6627, 3), (6977, 2), (7990, 6), (8136, 6), (8238, 1), (8880, 10), (9096, 2), (9439, 1)
migl (DF: 1): (6961, 1)
miglior (DF: 3): (8054, 1), (9671, 1), (9738, 1)
migo (DF: 18): (181, 2), (1799, 2), (2084, 1), (2208, 1), (3205, 1), (3356, 2), (3507, 1), (3510, 1), (3843, 1), (3884, 2), (4059, 1), (5296, 1), (6695, 1), (7339, 2), (8103, 3), (8232, 1), (8666, 3), (9648, 1)
migos (DF: 1): (524, 13)
migr (DF: 1): (3080, 1)
migrain (DF: 3): (7520, 1), (8108, 2), (9993, 1)
migran (DF: 1): (2170, 1)
migraneschmerzattack (DF: 2): (5691, 1), (6620, 1)
migrat (DF: 2): (1084, 1), (1613, 1)
migrationhintergrund (DF: 1): (1583, 1)
migrei (DF: 1): (6289, 1)
miguel (DF: 14): (468, 1), (715, 1), (1724, 1), (3707, 1), (3898, 1), (3942, 1), (4362, 1), (4382, 1), (4496, 1), (4939, 1), (5796, 3), (6449, 1), (8383, 1), (8896, 1)
migué (DF: 1): (7649, 1)
mii (DF: 1): (3853, 5)
miiiiii (DF: 1): (4879, 1)
miiiiiiii (DF: 1): (6689, 1)
mij (DF: 27): (43, 8), (175, 8), (812, 1), (1077, 3), (1432, 2), (2260, 2), (2638, 1), (3355, 1), (3603, 1), (4256, 1), (4665, 15), (4849, 3), (5663, 1), (5917, 4), (6008, 5), (6184, 4), (6303, 4), (7239, 2), (7382, 10), (7421, 1), (7519, 2), (7547, 3), (8418, 1), (8518, 1), (9425, 1), (9652, 2), (9819, 2)
mija (DF: 2): (3744, 2), (6754, 4)
mijaj (DF: 1): (6754, 4)
mijam (DF: 1): (9781, 1)
mijasz (DF: 1): (8604, 3)
mijn (DF: 12): (175, 2), (2260, 2), (3748, 6), (3864, 1), (4256, 1), (4297, 1), (4665, 1), (5917, 1), (6008, 24), (6641, 3), (7382, 6), (7519, 1)
mijo (DF: 2): (988, 1), (3902, 1)
mik (DF: 9): (2050, 1), (3437, 1), (4300, 3), (4594, 3), (5429, 8), (6553, 1), (7108, 2), (7411, 1), (8140, 2)
mika (DF: 5): (6045, 1), (6127, 2), (6509, 1), (7797, 1), (9662, 1)
mike (DF: 106): (2, 1), (94, 1), (172, 2), (183, 1), (237, 1), (245, 1), (401, 2), (505, 1), (622, 1), (704, 1), (804, 1), (993, 3), (1106, 2), (1310, 1), (1326, 1), (1374, 2), (1483, 1), (1564, 2), (1705, 1), (1833, 2), (1834, 2), (1837, 1), (1920, 1), (2005, 1), (2178, 2), (2241, 1), (2315, 1), (2562, 1), (2566, 2), (2641, 1), (2692, 2), (2809, 1), (2936, 2), (3141, 1), (3237, 2), (3261, 1), (3400, 1), (3485, 1), (3525, 1), (3562, 1), (3770, 1), (3861, 1), (4109, 1), (4133, 1), (4211, 1), (4412, 2), (4422, 1), (4449, 1), (4669, 1), (4770, 1), (4818, 2), (4831, 2), (4878, 1), (4887, 1), (5069, 1), (5205, 1), (5316, 1), (5348, 1), (5419, 1), (5482, 1), (5877, 1), (5927, 1), (6061, 1), (6147, 1), (6230, 2), (6266, 1), (6391, 4), (6408, 2), (6657, 1), (6684, 3), (6686, 2), (6885, 2), (6926, 1), (6944, 1), (6999, 1), (7075, 1), (7077, 1), (7111, 2), (7200, 1), (7231, 1), (7304, 1), (7397, 1), (7441, 1), (7464, 4), (7543, 1), (7550, 1), (7635, 5), (7868, 1), (7908, 2), (8087, 1), (8103, 3), (8285, 1), (8321, 1), (8629, 2), (8667, 1), (8723, 1), (8780, 1), (8825, 1), (9130, 2), (9143, 3), (9150, 2), (9242, 1), (9409, 2), (9486, 3), (9630, 1), (9849, 1)
mikey (DF: 1): (4629, 3)
miki (DF: 2): (4914, 26), (6584, 1)
mikkel (DF: 1): (958, 3)
mikkey (DF: 1): (8248, 1)
mikki (DF: 1): (6184, 2)
mikky (DF: 1): (5559, 1)
mikrofon (DF: 1): (151, 1)
