shawn (DF: 3): (8629, 1), (8688, 1), (9392, 1)
shawnna (DF: 1): (8172, 1)
shawti (DF: 142): (92, 1), (235, 4), (268, 10), (362, 13), (388, 4), (440, 2), (525, 3), (528, 6), (535, 28), (537, 3), (548, 1), (689, 1), (692, 2), (759, 1), (789, 1), (812, 13), (1038, 1), (1080, 8), (1084, 1), (1174, 6), (1253, 1), (1293, 1), (1334, 8), (1375, 16), (1391, 36), (1410, 1), (1457, 6), (1469, 1), (1498, 3), (1522, 1), (1574, 1), (1579, 5), (1625, 1), (1648, 2), (1799, 2), (1919, 1), (2064, 1), (2223, 4), (2228, 1), (2256, 1), (2269, 1), (2467, 2), (2472, 2), (2541, 2), (2591, 10), (2595, 1), (2612, 4), (2857, 1), (3076, 7), (3133, 5), (3278, 2), (3383, 6), (3507, 2), (3571, 1), (3624, 1), (3681, 2), (3850, 3), (3864, 1), (4037, 6), (4136, 8), (4226, 2), (4256, 13), (4281, 1), (4339, 1), (4409, 3), (4558, 4), (4820, 12), (5139, 14), (5140, 1), (5168, 6), (5334, 3), (5386, 1), (5438, 1), (5456, 1), (5581, 1), (5583, 1), (5605, 4), (5838, 2), (5863, 1), (5946, 2), (5987, 1), (6124, 1), (6154, 12), (6193, 14), (6303, 1), (6350, 1), (6573, 2), (6649, 1), (6730, 1), (6734, 1), (7004, 1), (7159, 2), (7214, 2), (7304, 1), (7319, 2), (7360, 1), (7382, 1), (7421, 1), (7441, 1), (7464, 1), (7553, 16), (7561, 3), (7615, 2), (7654, 2), (7721, 1), (7787, 3), (7873, 1), (7874, 2), (7880, 1), (7889, 1), (7945, 1), (8063, 1), (8383, 3), (8440, 9), (8519, 2), (8530, 1), (8604, 1), (8641, 2), (8666, 1), (8668, 12), (8676, 27), (8830, 1), (8893, 2), (8916, 2), (8938, 1), (8953, 4), (8986, 7), (9032, 1), (9102, 9), (9124, 6), (9140, 1), (9154, 2), (9251, 4), (9273, 1), (9321, 14), (9361, 2), (9579, 2), (9590, 1), (9594, 1), (9713, 5), (9730, 1), (9825, 4)
shawty (DF: 3): (4998, 1), (8883, 2), (9070, 1)
shay (DF: 4): (2377, 1), (4243, 1), (9138, 1), (9267, 3)
shayad (DF: 1): (9688, 1)
shayn (DF: 1): (6454, 1)
shazam (DF: 1): (5998, 1)
she (DF: 18): (109, 38), (1008, 2), (2034, 2), (2648, 1), (2743, 1), (2898, 5), (3308, 1), (3697, 3), (3996, 1), (4651, 3), (5017, 1), (5525, 8), (5621, 1), (5796, 17), (6768, 1), (9309, 2), (9740, 32), (9882, 1)
shea (DF: 3): (893, 1), (6980, 1), (9026, 1)
shear (DF: 1): (9464, 1)
sheck (DF: 2): (4619, 6), (8722, 11)
shed (DF: 46): (50, 1), (81, 1), (159, 1), (432, 1), (701, 1), (1742, 3), (1868, 2), (2096, 1), (2227, 1), (2621, 2), (2649, 1), (3012, 1), (3066, 1), (3161, 1), (3185, 3), (3642, 1), (3805, 1), (4074, 1), (4523, 1), (4812, 2), (5465, 1), (5626, 4), (5720, 2), (5872, 1), (5942, 1), (6004, 1), (6212, 3), (6286, 1), (6571, 1), (6634, 2), (6792, 2), (6801, 1), (7084, 3), (7160, 1), (7580, 1), (7593, 6), (7644, 2), (7800, 1), (7926, 1), (8373, 3), (8410, 1), (8424, 3), (8495, 1), (8561, 1), (9163, 1), (9512, 3)
sheddin (DF: 2): (1613, 1), (9594, 1)
shee (DF: 2): (6490, 1), (9063, 1)
sheeit (DF: 1): (3018, 1)
sheek (DF: 1): (5225, 1)
sheena (DF: 2): (3223, 1), (4764, 1)
sheep (DF: 27): (840, 1), (999, 1), (1050, 1), (1430, 1), (1784, 1), (1984, 1), (2278, 1), (2378, 1), (2410, 1), (2594, 2), (3608, 1), (4534, 1), (4625, 1), (4721, 2), (4867, 2), (4897, 1), (5253, 1), (5840, 1), (6118, 1), (6447, 1), (6758, 1), (6824, 1), (7249, 1), (7335, 2), (7722, 2), (8575, 1), (9784, 2)
sheepish (DF: 1): (559, 1)
sheepl (DF: 1): (6638, 1)
sheepskin (DF: 2): (9143, 1), (9790, 1)
sheer (DF: 12): (1463, 1), (2673, 1), (2943, 1), (4005, 1), (4737, 1), (5172, 1), (5428, 1), (5509, 1), (6065, 1), (6364, 1), (8623, 1), (9761, 1)
sheeran (DF: 23): (278, 2), (379, 1), (767, 1), (965, 1), (1075, 1), (1871, 1), (2048, 1), (2359, 4), (2730, 1), (2846, 3), (2976, 1), (3095, 1), (3334, 1), (4228, 1), (4392, 1), (5142, 1), (6382, 1), (7236, 1), (7812, 1), (7913, 1), (8064, 1), (9099, 1), (9925, 1)
sheesh (DF: 8): (579, 1), (1979, 2), (2177, 2), (3451, 3), (3507, 9), (3628, 4), (4515, 1), (6837, 1)
sheet (DF: 65): (192, 2), (222, 1), (285, 1), (422, 1), (469, 2), (672, 1), (709, 1), (767, 6), (825, 3), (842, 1), (859, 1), (893, 2), (919, 1), (1014, 1), (1156, 12), (1322, 1), (1391, 3), (1490, 1), (1673, 1), (1728, 2), (1762, 1), (1777, 2), (1925, 1), (2217, 3), (2298, 1), (2321, 1), (2361, 1), (2534, 1), (2735, 1), (2832, 1), (2865, 1), (2939, 1), (3175, 1), (3216, 1), (3300, 1), (3601, 2), (3618, 3), (3742, 3), (3788, 1), (3803, 2), (3820, 1), (3884, 1), (3913, 1), (3938, 1), (4051, 1), (4133, 1), (4221, 2), (4491, 1), (4720, 1), (4762, 1), (4882, 1), (5088, 1), (5261, 1), (5409, 1), (5413, 1), (5758, 1), (6352, 1), (6363, 1), (6447, 1), (6571, 1), (6576, 1), (6630, 4), (7186, 1), (7207, 1), (7209, 3)
