ghetto (DF: 10): (9211, 1), (9256, 2), (9432, 1), (9625, 1), (9633, 1), (9640, 1), (9831, 2), (9846, 1), (9870, 1), (9886, 1)
ghettoblast (DF: 1): (5051, 1)
ghettoey (DF: 1): (3052, 1)
ghettolibanes (DF: 1): (493, 1)
ghetton (DF: 1): (4912, 1)
ghettos (DF: 1): (4743, 1)
ghettosound (DF: 1): (1176, 1)
ghettotourist (DF: 1): (3123, 1)
ghettovill (DF: 2): (197, 1), (8536, 1)
ghiacc (DF: 1): (5821, 1)
ghini (DF: 2): (3232, 2), (7953, 1)
ghode (DF: 1): (4421, 2)
ghost (DF: 180): (59, 4), (159, 1), (200, 1), (223, 1), (421, 2), (474, 13), (479, 6), (603, 2), (659, 4), (668, 2), (689, 1), (696, 1), (716, 1), (737, 1), (763, 1), (775, 2), (793, 2), (806, 2), (830, 1), (993, 1), (1028, 1), (1124, 1), (1130, 2), (1154, 1), (1163, 1), (1171, 1), (1236, 3), (1357, 1), (1410, 2), (1656, 2), (1680, 2), (1711, 4), (1739, 1), (1813, 1), (1863, 2), (1874, 1), (2003, 6), (2031, 6), (2041, 2), (2115, 1), (2195, 1), (2234, 1), (2292, 1), (2537, 1), (2555, 6), (2561, 1), (2596, 2), (2682, 1), (2706, 1), (2937, 1), (2975, 1), (3030, 1), (3044, 1), (3164, 1), (3231, 1), (3272, 1), (3527, 2), (3571, 3), (3581, 1), (3639, 1), (3681, 6), (3694, 2), (3726, 1), (3731, 1), (3843, 4), (3850, 1), (3971, 1), (3979, 1), (4020, 1), (4027, 6), (4122, 1), (4166, 17), (4178, 1), (4296, 1), (4306, 9), (4315, 1), (4327, 2), (4420, 1), (4447, 1), (4472, 3), (4492, 1), (4558, 12), (4617, 6), (4641, 2), (4727, 4), (4785, 1), (4809, 1), (4869, 2), (4876, 1), (4894, 2), (4909, 1), (5028, 2), (5167, 1), (5171, 3), (5190, 1), (5270, 1), (5277, 1), (5299, 1), (5339, 3), (5400, 4), (5425, 1), (5514, 2), (5537, 1), (5570, 2), (5604, 1), (5654, 1), (5767, 2), (5780, 2), (5842, 1), (5865, 1), (5889, 6), (6069, 1), (6099, 2), (6104, 1), (6171, 1), (6185, 1), (6374, 1), (6383, 2), (6415, 1), (6470, 2), (6502, 2), (6544, 37), (6647, 2), (6728, 1), (6848, 1), (6858, 1), (6880, 2), (6914, 1), (7024, 1), (7038, 1), (7047, 4), (7078, 1), (7082, 1), (7115, 3), (7187, 4), (7235, 1), (7245, 1), (7343, 1), (7462, 1), (7518, 1), (7612, 1), (7648, 1), (7665, 1), (7840, 1), (7911, 2), (7922, 1), (7927, 1), (7943, 1), (7966, 2), (8148, 1), (8194, 3), (8201, 1), (8216, 2), (8373, 6), (8425, 45), (8620, 1), (8647, 1), (8653, 17), (8658, 2), (8729, 1), (8732, 5), (8854, 2), (8873, 2), (8907, 1), (9254, 3), (9317, 1), (9345, 4), (9527, 1), (9604, 15), (9722, 2), (9846, 1), (9905, 1), (879, 1), (881, 1), (3841, 1), (4645, 1), (4646, 1), (7085, 9), (7086, 13), (8424, 3)
ghostbust (DF: 3): (7085, 22), (8002, 3), (8544, 4)
ghosteman (DF: 17): (407, 1), (689, 1), (801, 1), (1091, 1), (1114, 1), (1144, 1), (1178, 1), (2133, 1), (2594, 1), (3979, 1), (5261, 1), (5628, 1), (6563, 1), (6638, 1), (6727, 1), (8358, 1), (9871, 1)
ghostfac (DF: 8): (3562, 1), (3731, 1), (4407, 1), (4641, 2), (5729, 1), (7349, 1), (8135, 1), (8532, 1)
ghosti (DF: 1): (3234, 2)
ghostin (DF: 1): (6731, 3)
ghostrid (DF: 1): (9717, 1)
ghostwrit (DF: 1): (1196, 1)
ghoul (DF: 1): (9284, 1)
ghumdiya (DF: 1): (8534, 2)
ghumm (DF: 1): (9519, 1)
ghumman (DF: 1): (4421, 1)
ghummda (DF: 1): (2268, 2)
ghummdi (DF: 1): (9519, 1)
ghur (DF: 1): (9688, 1)
gi (DF: 16): (413, 1), (2244, 20), (3018, 1), (3591, 1), (4465, 1), (4991, 20), (5998, 1), (6203, 1), (6691, 1), (7200, 1), (7342, 3), (7464, 1), (8151, 1), (8564, 6), (9929, 4), (9980, 1)
gia (DF: 1): (3565, 1)
giacc (DF: 1): (7910, 1)
giaim (DF: 3): (5116, 1), (6691, 1), (7694, 1)
giall (DF: 1): (5663, 1)
gian (DF: 4): (791, 1), (1051, 1), (3916, 1), (4879, 1)
giann (DF: 2): (2549, 1), (5768, 1)
gianni (DF: 3): (1218, 1), (4970, 2), (7276, 1)
giant (DF: 38): (40, 1), (591, 1), (635, 3), (925, 1), (955, 1), (1129, 2), (1685, 1), (1732, 1), (1857, 1), (2042, 3), (2075, 1), (2198, 1), (2252, 1), (2399, 1), (2739, 1), (3513, 1), (3578, 2), (3977, 1), (4003, 1), (4090, 1), (4188, 2), (4380, 2), (4576, 1), (4945, 1), (5823, 1), (6926, 1), (7130, 1), (7488, 1), (7616, 1), (7758, 2), (7768, 1), (7800, 2), (8513, 1), (8554, 1), (9403, 1), (9555, 1), (9822, 1), (9990, 1)
giapp (DF: 1): (5109, 1)
gib (DF: 29): (246, 1), (397, 1), (484, 2), (493, 1), (681, 1), (1218, 6), (1238, 1), (2328, 1), (2881, 5), (3067, 4), (3108, 1), (3212, 5), (3381, 1), (3466, 1), (3570, 1), (3962, 1), (4192, 1), (4743, 2), (5051, 2), (5577, 1), (7278, 1), (7287, 4), (7373, 4), (7983, 6), (8019, 14), (8498, 1), (9457, 9), (9941, 2), (9999, 2)
gibb (DF: 2): (418, 1), (8267, 1)
gibberish (DF: 1): (2305, 5)
gibbo (DF: 1): (9823, 1)
