feelin (DF: 78): (7789, 1), (7856, 1), (7859, 4), (7880, 2), (7926, 3), (7932, 1), (7945, 9), (8053, 1), (8077, 2), (8154, 1), (8183, 1), (8240, 1), (8299, 1), (8332, 1), (8394, 1), (8439, 1), (8463, 12), (8573, 2), (8641, 12), (8664, 1), (8687, 1), (8708, 1), (8850, 1), (8864, 2), (8948, 1), (8959, 1), (9019, 1), (9032, 1), (9071, 1), (9080, 2), (9095, 2), (9124, 36), (9154, 2), (9175, 2), (9207, 4), (9303, 58), (9326, 2), (9329, 1), (9398, 2), (9409, 2), (9426, 1), (9429, 2), (9476, 2), (9479, 3), (9569, 1), (9579, 2), (9594, 1), (9618, 1), (9634, 1), (9663, 2), (9668, 2), (9670, 8), (9681, 2), (9696, 2), (9710, 4), (9751, 1), (9764, 2), (9784, 1), (9846, 2), (9863, 2), (9894, 1), (9966, 6), (2690, 1), (2691, 1), (3179, 1), (3180, 1), (5065, 1), (5066, 1), (5294, 4), (5295, 1), (6385, 1), (6388, 1), (8291, 2), (8292, 3), (9645, 6), (9646, 1), (9666, 1), (9709, 4)
feeling (DF: 2): (6553, 1), (9575, 1)
feelt (DF: 1): (3446, 2)
feem (DF: 1): (5582, 1)
feen (DF: 2): (3084, 3), (4123, 1)
feenin (DF: 1): (7138, 1)
feenixpawl (DF: 2): (1103, 1), (7086, 1)
feest (DF: 5): (175, 1), (2638, 1), (4297, 1), (6641, 1), (9595, 1)
feesten (DF: 1): (9425, 1)
feestj (DF: 1): (1077, 2)
feet (DF: 313): (27, 1), (31, 1), (49, 1), (89, 4), (93, 3), (126, 1), (197, 2), (277, 1), (279, 3), (287, 6), (300, 1), (337, 1), (350, 1), (356, 8), (379, 1), (429, 1), (434, 1), (449, 1), (479, 3), (490, 1), (500, 1), (502, 1), (533, 2), (546, 1), (553, 1), (561, 2), (590, 3), (600, 1), (605, 1), (617, 4), (618, 2), (640, 1), (642, 1), (669, 1), (684, 1), (719, 2), (742, 1), (756, 1), (783, 1), (834, 9), (845, 2), (896, 7), (927, 4), (938, 2), (974, 4), (979, 10), (994, 1), (1018, 1), (1031, 2), (1032, 1), (1058, 1), (1060, 1), (1070, 3), (1093, 1), (1137, 1), (1168, 1), (1174, 2), (1189, 1), (1202, 4), (1205, 1), (1240, 2), (1246, 3), (1281, 1), (1303, 1), (1319, 3), (1328, 1), (1330, 1), (1344, 1), (1394, 1), (1413, 2), (1429, 1), (1431, 1), (1444, 4), (1466, 1), (1480, 2), (1504, 1), (1528, 12), (1575, 2), (1594, 1), (1613, 1), (1618, 1), (1697, 2), (1707, 1), (1760, 2), (1793, 1), (1799, 1), (1816, 1), (1856, 1), (1901, 2), (1960, 1), (2035, 2), (2058, 1), (2076, 1), (2142, 3), (2191, 7), (2197, 2), (2198, 1), (2203, 1), (2208, 1), (2216, 5), (2247, 1), (2251, 2), (2255, 1), (2256, 4), (2335, 1), (2386, 4), (2399, 3), (2416, 1), (2434, 3), (2438, 1), (2469, 1), (2472, 2), (2481, 3), (2526, 8), (2576, 1), (2607, 1), (2612, 4), (2618, 1), (2657, 1), (2671, 1), (2672, 6), (2737, 1), (2800, 1), (2810, 1), (2816, 3), (2825, 1), (2832, 1), (2837, 3), (2872, 1), (2893, 1), (2957, 1), (2971, 3), (2976, 1), (3002, 3), (3026, 1), (3040, 3), (3085, 1), (3128, 1), (3162, 3), (3209, 4), (3216, 1), (3221, 2), (3227, 1), (3232, 1), (3251, 1), (3300, 1), (3374, 1), (3405, 1), (3477, 1), (3486, 1), (3521, 1), (3535, 8), (3541, 1), (3567, 2), (3612, 1), (3624, 1), (3655, 1), (3702, 3), (3745, 1), (3775, 1), (3786, 2), (3917, 1), (3919, 1), (3966, 4), (3982, 3), (3985, 1), (3995, 1), (4063, 2), (4127, 1), (4128, 1), (4154, 1), (4177, 3), (4225, 1), (4228, 2), (4236, 1), (4244, 1), (4250, 1), (4255, 1), (4264, 1), (4360, 3), (4368, 2), (4381, 1), (4401, 1), (4461, 1), (4466, 1), (4472, 1), (4495, 1), (4500, 4), (4606, 1), (4713, 1), (4731, 1), (4770, 27), (4830, 1), (4831, 1), (4880, 3), (4897, 1), (4947, 1), (4960, 1), (4963, 1), (4971, 1), (4972, 2), (5047, 1), (5064, 2), (5097, 1), (5136, 1), (5142, 1), (5150, 1), (5176, 3), (5184, 1), (5192, 1), (5228, 6), (5253, 1), (5260, 1), (5281, 1), (5285, 1), (5303, 6), (5311, 1), (5331, 8), (5336, 2), (5406, 2), (5451, 1), (5461, 1), (5474, 1), (5503, 2), (5531, 1), (5552, 1), (5564, 2), (5578, 2), (5584, 1), (5608, 1), (5628, 2), (5644, 1), (5685, 2), (5699, 2), (5705, 3), (5758, 1), (5769, 1), (5823, 10), (5844, 2), (5865, 1), (5885, 5), (5902, 1), (5908, 1), (5913, 2), (5915, 1), (5933, 1), (5963, 1), (5984, 1), (5996, 3), (6110, 6), (6127, 1), (6144, 1), (6146, 1), (6210, 1), (6211, 1), (6261, 5), (6278, 1), (6285, 1), (6333, 1), (6363, 1), (6375, 1), (6382, 4), (6410, 1), (6461, 4), (6475, 1), (6481, 1), (6484, 3), (6512, 1), (6582, 1), (6608, 1), (6646, 1), (6654, 1), (6661, 2), (6671, 2), (6680, 1), (6687, 1), (6697, 1), (6779, 4), (6783, 3), (6812, 3), (6857, 2), (6920, 1), (6950, 1), (6993, 1), (6997, 1), (7022, 1), (7026, 1), (7032, 1), (7050, 3), (7066, 2), (7093, 8), (7131, 2), (7145, 1), (7154, 1), (7156, 1), (7159, 2), (7195, 7), (7216, 4), (7224, 3), (7231, 8), (7236, 2), (7248, 2), (7250, 1), (7280, 4), (7311, 1), (7328, 1), (7374, 2), (7376, 1), (7384, 1), (7434, 6), (7437, 1), (7442, 1), (7484, 1)
