czai (DF: 1): (8717, 2)
czaj (DF: 1): (908, 1)
czam (DF: 2): (661, 12), (6457, 1)
czar (DF: 2): (650, 1), (8531, 1)
czarn (DF: 3): (4914, 26), (6678, 1), (8452, 6)
czas (DF: 7): (250, 4), (2951, 4), (4405, 1), (4761, 4), (7677, 2), (8509, 8), (9085, 2)
czasach (DF: 1): (9781, 1)
czasem (DF: 5): (1197, 1), (4358, 2), (4859, 4), (6007, 2), (6754, 1)
czasu (DF: 6): (908, 1), (1655, 2), (1918, 1), (3744, 2), (4358, 1), (8604, 3)
czech (DF: 1): (8260, 13)
czego (DF: 5): (250, 1), (4859, 5), (6007, 1), (6457, 1), (7344, 3)
czeka (DF: 1): (6007, 1)
czekaj (DF: 3): (4405, 1), (7916, 2), (9781, 1)
czekam (DF: 1): (9647, 1)
czekasz (DF: 1): (9647, 1)
czelu (DF: 1): (250, 1)
czemu (DF: 3): (1197, 4), (4582, 1), (7313, 2)
czerstwi (DF: 1): (2951, 4)
czerwon (DF: 1): (4311, 1)
czesna (DF: 1): (250, 1)
czi (DF: 11): (250, 3), (1655, 5), (1825, 12), (1918, 1), (2951, 1), (4311, 2), (6007, 2), (7836, 4), (8452, 4), (8509, 1), (8717, 1)
czna (DF: 1): (4761, 1)
czteri (DF: 2): (6007, 1), (8604, 1)
czterna (DF: 1): (1825, 2)
czu (DF: 1): (3744, 4)
czuj (DF: 6): (1197, 1), (3744, 2), (7313, 1), (7344, 3), (7916, 1), (8452, 2)
czuje (DF: 2): (7313, 1), (9647, 3)
czyst (DF: 1): (7836, 1)
czysta (DF: 1): (4761, 3)
czytaj (DF: 1): (6457, 1)
cá (DF: 7): (1486, 1), (1659, 1), (6270, 5), (7211, 1), (8938, 1), (9396, 2), (9876, 2)
cállate (DF: 1): (3485, 1)
cárcel (DF: 1): (1087, 1)
câlin (DF: 1): (5622, 1)
câmera (DF: 1): (9355, 6)
céili (DF: 2): (379, 1), (5142, 1)
célebr (DF: 1): (9884, 1)
célest (DF: 1): (8225, 2)
céline (DF: 5): (533, 1), (1197, 1), (1777, 2), (8666, 1), (9922, 1)
céu (DF: 7): (1415, 14), (3215, 1), (5007, 3), (7270, 1), (9279, 1), (9637, 2), (9876, 1)
cê (DF: 27): (213, 2), (1072, 11), (1183, 2), (1881, 10), (2242, 3), (2680, 4), (2839, 2), (3692, 2), (3838, 1), (3955, 4), (4016, 1), (4167, 4), (5606, 1), (5859, 6), (5959, 2), (6234, 1), (6289, 1), (6397, 1), (6804, 4), (7211, 9), (7869, 1), (8052, 2), (8113, 1), (8938, 2), (8941, 2), (9494, 3), (9876, 1)
cês (DF: 6): (2680, 3), (6397, 2), (7211, 1), (8113, 1), (9355, 2), (9494, 1)
cîroc (DF: 3): (1008, 2), (4743, 1), (6964, 1)
código (DF: 1): (2631, 1)
cómo (DF: 8): (2210, 1), (2476, 9), (5055, 8), (6947, 1), (7342, 6), (7876, 1), (8909, 2), (9376, 6)
côn (DF: 1): (6886, 3)
côt (DF: 1): (7922, 1)
côté (DF: 1): (4675, 1)
côtés (DF: 1): (3660, 1)
cúcara (DF: 1): (7342, 18)
d (DF: 46): (524, 2), (628, 4), (711, 1), (728, 1), (1010, 3), (1061, 2), (1215, 1), (1296, 2), (1453, 2), (1474, 2), (1631, 1), (1800, 1), (2020, 2), (2567, 1), (3210, 1), (3419, 1), (3480, 2), (3570, 4), (3631, 2), (4587, 1), (4702, 2), (4908, 4), (4992, 1), (5206, 1), (5525, 4), (6399, 3), (6691, 1), (6883, 1), (6884, 2), (7068, 1), (7251, 1), (7495, 1), (7646, 7), (7694, 1), (7726, 9), (7910, 1), (7925, 4), (8198, 4), (8264, 1), (9185, 1), (9252, 1), (9609, 1), (9788, 1), (9845, 1), (9882, 5), (9887, 3)
d12 (DF: 7): (702, 2), (2048, 1), (3272, 1), (6817, 1), (7073, 2), (9057, 1), (9322, 2)
d4l (DF: 2): (3624, 6), (5170, 3)
da (DF: 439): (34, 1), (60, 3), (87, 1), (117, 1), (159, 2), (172, 30), (245, 24), (250, 2), (289, 1), (339, 1), (346, 1), (417, 4), (439, 2), (494, 1), (577, 1), (583, 13), (591, 1), (603, 76), (651, 1), (711, 1), (715, 2), (724, 2), (731, 1), (784, 12), (859, 1), (889, 1), (908, 1), (1011, 1), (1059, 1), (1072, 2), (1079, 1), (1109, 1), (1111, 6), (1116, 2), (1135, 1), (1180, 192), (1213, 14), (1228, 1), (1253, 2), (1256, 1), (1275, 60), (1276, 1), (1295, 1), (1441, 2), (1520, 1), (1524, 3), (1547, 1), (1607, 11), (1623, 1), (1636, 3), (1659, 1), (1661, 1), (1682, 1), (1686, 1), (1703, 2), (1773, 2), (1787, 3), (1824, 24), (1840, 1), (1867, 48), (1895, 1), (1920, 20), (1939, 4), (2043, 2), (2069, 4), (2075, 1), (2081, 18), (2092, 2), (2107, 1), (2116, 11), (2127, 1), (2178, 30), (2183, 1), (2221, 3), (2242, 1), (2309, 3), (2433, 8), (2439, 12), (2566, 30), (2594, 2), (2604, 1), (2651, 6), (2680, 2), (2681, 1), (2692, 2), (2711, 4), (2726, 5), (2759, 1), (2792, 1), (2822, 1), (2839, 1), (2850, 1), (2877, 1), (2882, 150), (2898, 10), (2939, 7), (2951, 1), (2952, 1), (2957, 2), (2972, 2), (2991, 2), (3011, 285), (3055, 8), (3059, 36), (3060, 2), (3111, 1), (3133, 1), (3136, 6), (3144, 1), (3159, 1), (3162, 2), (3197, 8), (3223, 20), (3224, 80), (3242, 5), (3249, 1), (3269, 1), (3275, 12), (3279, 6), (3288, 7), (3305, 2), (3335, 3), (3342, 3), (3364, 3), (3403, 2), (3434, 1), (3458, 3), (3507, 1), (3527, 1), (3565, 8), (3567, 16), (3569, 2), (3599, 1), (3611, 8), (3614, 4), (3627, 1), (3660, 8), (3669, 1), (3674, 26), (3692, 1), (3740, 2), (3744, 2), (3761, 3), (3837, 9), (3838, 5), (3850, 3), (3864, 1), (3881, 1), (3923, 1), (3933, 14), (4003, 1), (4016, 3), (4037, 1), (4088, 1), (4105, 1), (4109, 4), (4111, 4), (4137, 3), (4152, 1), (4167, 7), (4172, 207), (4185, 1), (4193, 12), (4210, 1), (4245, 1), (4246, 1), (4257, 5), (4258, 1), (4288, 1), (4311, 8), (4319, 1), (4352, 1), (4356, 4), (4357, 4), (4361, 1), (4407, 26), (4421, 1), (4465, 6), (4497, 10), (4501, 25), (4540, 1), (4551, 1), (4560, 2), (4568, 1), (4582, 3), (4608, 2), (4636, 1), (4692, 2), (4761, 4), (4784, 36), (4790, 1), (4795, 2), (4804, 8), (4807, 2), (4824, 8), (4834, 1), (4854, 2), (4886, 2), (4903, 2), (4908, 12), (4914, 2), (4937, 1), (4951, 2), (4985, 2), (4995, 1), (5022, 1), (5040, 1), (5044, 30), (5068, 6), (5082, 1), (5118, 2), (5133, 5), (5140, 16), (5143, 28), (5156, 8), (5168, 1), (5193, 12), (5296, 1), (5306, 1), (5352, 1), (5381, 8), (5388, 4), (5395, 2), (5398, 36), (5399, 1), (5410, 1), (5436, 1), (5475, 2), (5489, 12), (5576, 1), (5579, 12), (5582, 2), (5621, 1), (5627, 2), (5719, 1), (5720, 1), (5745, 2), (5766, 2), (5783, 1), (5830, 2), (5842, 16), (5865, 2), (5958, 1), (5973, 8), (5983, 1), (5998, 17), (6013, 18), (6028, 1), (6072, 8), (6114, 1), (6160, 1), (6175, 2), (6194, 24), (6234, 1), (6249, 2), (6270, 4), (6289, 2), (6292, 24), (6293, 144), (6319, 1), (6346, 6), (6350, 1), (6382, 8), (6408, 4), (6457, 1), (6491, 16), (6504, 12), (6515, 6), (6527, 1), (6571, 1), (6657, 8), (6678, 2), (6682, 4), (6705, 1), (6706, 1), (6719, 1), (6723, 1), (6755, 1), (6764, 192), (6820, 1), (6855, 44), (6865, 15), (6885, 1), (6899, 2), (6909, 6), (6945, 8), (6950, 10), (6974, 1), (6976, 2), (6983, 3), (7024, 16), (7046, 1), (7049, 32), (7060, 2), (7074, 28), (7090, 1), (7096, 1), (7097, 8), (7121, 1), (7135, 11), (7137, 5), (7171, 2), (7175, 2), (7211, 2), (7249, 1), (7258, 2), (7270, 3), (7284, 1), (7298, 1), (7342, 6), (7344, 1), (7369, 1), (7387, 34), (7426, 1), (7441, 1), (7442, 46), (7537, 7), (7543, 8), (7559, 24), (7563, 1), (7632, 1), (7649, 4), (7650, 1), (7671, 1), (7691, 4), (7716, 2), (7728, 80), (7753, 40), (7766, 2), (7785, 36), (7787, 1), (7795, 2), (7854, 2), (7858, 28), (7869, 1), (7882, 15), (7904, 6), (7912, 1), (7925, 1), (7941, 12), (7943, 1), (7989, 6), (8009, 1), (8052, 2), (8091, 1), (8099, 2), (8113, 8), (8128, 1), (8148, 16), (8170, 1), (8200, 28), (8205, 1), (8209, 8), (8231, 8), (8234, 1), (8236, 1), (8278, 1), (8358, 1), (8394, 3), (8407, 21), (8420, 2), (8444, 3), (8459, 1), (8510, 1), (8534, 1), (8553, 79), (8575, 2), (8606, 4), (8621, 1), (8629, 30), (8657, 8), (8745, 12), (8795, 2), (8807, 3), (8819, 1), (8846, 4), (8862, 1), (8902, 4), (8928, 2), (8938, 2), (8939, 2), (8951, 1), (9012, 3), (9036, 5), (9060, 3), (9087, 4), (9095, 2), (9102, 1), (9120, 1), (9125, 1), (9128, 14), (9132, 3), (9138, 2), (9161, 1), (9194, 1), (9223, 1), (9226, 56), (9248, 1), (9251, 1), (9252, 5), (9270, 16), (9279, 2), (9283, 43), (9318, 8), (9322, 1), (9333, 24), (9384, 2), (9396, 2), (9430, 1), (9444, 1), (9468, 24), (9492, 4), (9494, 4), (9519, 2), (9525, 3), (9532, 1), (9536, 1), (9542, 1), (9575, 4), (9609, 9), (9637, 3), (9657, 28), (9672, 12), (9696, 18), (9697, 6), (9719, 1), (9792, 6), (9797, 2), (9808, 1), (9812, 1), (9838, 2), (9860, 2), (9864, 1), (9879, 1), (9882, 1), (9904, 1), (9929, 39), (9963, 2), (9989, 51)
daa (DF: 8): (172, 4), (2178, 4), (2566, 4), (2957, 1), (3569, 1), (6194, 6), (6950, 1), (8629, 4)
daaa (DF: 6): (172, 1), (2178, 1), (2433, 2), (2566, 1), (3611, 2), (8629, 1)
daaaaaaamn (DF: 1): (7006, 1)
daaaaam (DF: 1): (5722, 1)
daaawwwn (DF: 1): (770, 1)
daal (DF: 1): (149, 1)
daan (DF: 2): (9138, 1), (9703, 1)
daar (DF: 5): (43, 2), (3864, 1), (4665, 6), (6008, 1), (9425, 2)
daar30 (DF: 1): (9425, 1)
daarme (DF: 1): (6008, 1)
daarom (DF: 1): (2638, 1)
daaru (DF: 2): (4421, 1), (8534, 2)
dab (DF: 21): (28, 1), (284, 2), (1046, 2), (1556, 6), (1878, 1), (1949, 1), (3340, 1), (3418, 2), (3775, 9), (3853, 1), (3981, 1), (4211, 1), (4527, 22), (5174, 1), (7632, 1), (7676, 1), (7860, 4), (8751, 2), (8792, 1), (9252, 1), (9690, 2)
daba (DF: 2): (3060, 1), (6457, 1)
dababi (DF: 6): (1072, 2), (1547, 2), (1712, 1), (5583, 1), (5667, 1), (9321, 8)
dabanja (DF: 1): (8564, 1)
dabba (DF: 4): (1436, 1), (5582, 1), (8026, 1), (9552, 2)
dabbl (DF: 1): (4355, 1)
dabd (DF: 1): (4421, 4)
dabei (DF: 4): (1484, 2), (1616, 1), (4816, 1), (7720, 1)
dabeun (DF: 1): (7941, 2)
dabidib (DF: 1): (1027, 1)
dabin (DF: 2): (2185, 1), (9617, 1)
dabl (DF: 2): (6862, 1), (8242, 1)
dabman (DF: 1): (4527, 2)
dabry (DF: 1): (7754, 1)
dach (DF: 4): (3480, 1), (8604, 1), (8670, 1), (9085, 2)
dacht (DF: 5): (1736, 3), (3381, 1), (4876, 1), (6600, 1), (9999, 2)
dachu (DF: 1): (4582, 1)
dacus (DF: 2): (1194, 1), (3034, 1)
dad (DF: 86): (55, 1), (81, 1), (228, 1), (537, 1), (574, 1), (708, 1), (784, 6), (804, 2), (1151, 3), (1336, 1), (1631, 5), (1710, 1), (1727, 1), (1784, 1), (1865, 3), (1972, 2), (2092, 48), (2112, 2), (2318, 1), (2361, 2), (2385, 1), (2389, 1), (2467, 1), (2585, 2), (2634, 4), (2803, 1), (2821, 1), (3152, 1), (3393, 5), (3521, 1), (3569, 1), (3597, 1), (3626, 1), (3677, 1), (4407, 1), (4490, 1), (4547, 1), (4575, 3), (4605, 1), (4879, 2), (4963, 1), (5037, 22), (5048, 2), (5280, 1), (5320, 2), (5589, 3), (5590, 16), (5637, 4), (5828, 6), (5914, 2), (5946, 1), (6061, 2), (6087, 1), (6159, 1), (6263, 1), (6274, 2), (6308, 1), (6324, 1), (6346, 1), (6375, 1), (6391, 20), (6465, 1), (6541, 3), (6552, 2), (6560, 1), (6872, 1), (6949, 2), (6976, 1), (7131, 1), (7323, 1), (7791, 5), (7820, 1), (8081, 1), (8112, 1), (8254, 1), (8317, 1), (8627, 1), (8664, 1), (9181, 2), (9292, 4), (9319, 8), (9519, 1), (9631, 2), (9657, 1), (9756, 2), (9903, 2)
dada (DF: 11): (838, 34), (1712, 1), (2957, 1), (3208, 4), (3899, 5), (6194, 6), (6389, 1), (7237, 1), (7912, 1), (8085, 1), (9634, 1)
dadadadadada (DF: 1): (8469, 2)
dadadadadadada (DF: 1): (4807, 1)
