tequil (DF: 8): (8236, 2), (8466, 1), (8478, 2), (9090, 2), (9302, 1), (9444, 1), (9534, 1), (9690, 2)
tequila (DF: 19): (273, 4), (306, 1), (552, 1), (1490, 1), (1606, 1), (2464, 2), (3330, 2), (3524, 1), (5140, 1), (5610, 7), (6799, 1), (6891, 4), (7197, 4), (7287, 1), (7497, 1), (8132, 1), (8550, 1), (8988, 3), (9303, 2)
ter (DF: 27): (213, 1), (1072, 3), (1183, 1), (1787, 3), (2687, 1), (3219, 80), (3353, 1), (3467, 6), (3838, 3), (5271, 2), (5606, 1), (5719, 2), (6804, 1), (6983, 1), (7211, 1), (7454, 1), (7646, 4), (8052, 6), (8113, 8), (8363, 2), (8941, 2), (9087, 5), (9396, 8), (9494, 2), (9697, 3), (9860, 1), (9876, 1)
tera (DF: 3): (1834, 2), (4985, 5), (9688, 1)
teraz (DF: 7): (908, 3), (1197, 2), (4358, 2), (4761, 1), (6007, 2), (6754, 1), (7836, 1)
terc (DF: 2): (312, 1), (1788, 1)
tercer (DF: 9): (86, 2), (724, 1), (6414, 1), (7068, 1), (7223, 2), (8699, 1), (9568, 1), (9606, 1), (9719, 1)
tere (DF: 8): (149, 2), (1834, 2), (2086, 4), (4686, 1), (4985, 5), (5830, 2), (8534, 3), (9519, 12)
teren (DF: 1): (6678, 1)
terenc (DF: 1): (3962, 1)
teresa (DF: 1): (2462, 1)
teri (DF: 8): (149, 1), (1834, 2), (2086, 4), (4421, 1), (4985, 3), (5535, 1), (5830, 2), (9519, 3)
teria (DF: 1): (1183, 1)
teriyaki (DF: 1): (7292, 1)
terj (DF: 1): (9562, 1)
term (DF: 15): (259, 1), (1299, 3), (2357, 1), (5507, 1), (5560, 1), (6416, 1), (6443, 2), (6769, 3), (6908, 1), (7443, 1), (7485, 1), (7943, 1), (8492, 1), (9169, 1), (9325, 1)
termach (DF: 1): (9162, 1)
termin (DF: 73): (109, 1), (217, 1), (347, 2), (491, 1), (557, 1), (791, 1), (972, 1), (1277, 1), (1803, 1), (1918, 1), (2002, 1), (2033, 2), (2183, 1), (2309, 1), (2354, 1), (3159, 2), (3226, 2), (3269, 2), (3656, 3), (3816, 21), (3897, 1), (3981, 1), (4186, 2), (4347, 1), (4520, 1), (4540, 1), (4544, 1), (4560, 1), (4769, 14), (4864, 1), (5017, 2), (5022, 1), (5035, 6), (5110, 1), (5352, 2), (5358, 1), (5376, 3), (5502, 2), (5621, 2), (5745, 4), (6032, 1), (6339, 1), (6412, 2), (6422, 1), (6627, 1), (6705, 1), (6730, 1), (6932, 2), (6946, 1), (7003, 1), (7166, 1), (7508, 2), (7555, 1), (7879, 1), (7942, 1), (7982, 1), (8039, 1), (8205, 1), (8415, 4), (8482, 1), (8518, 1), (8624, 1), (8719, 4), (8945, 2), (8959, 1), (9225, 1), (9362, 1), (9534, 1), (9575, 2), (9607, 4), (9609, 1), (9719, 1), (9939, 3)
termina (DF: 2): (1415, 1), (6270, 1)
terminam (DF: 1): (9864, 1)
terminar (DF: 2): (3497, 1), (8946, 6)
terminem (DF: 1): (3903, 1)
terminolog (DF: 1): (1902, 1)
terminou (DF: 1): (7795, 1)
ternt (DF: 1): (751, 1)
ternur (DF: 4): (512, 2), (7490, 1), (8624, 1), (8919, 2)
terp (DF: 1): (4527, 1)
terr (DF: 16): (540, 2), (598, 1), (676, 1), (1089, 1), (1848, 1), (3316, 1), (3972, 1), (4009, 1), (4197, 1), (4308, 1), (4587, 3), (4675, 1), (5166, 1), (7251, 1), (7607, 1), (8054, 2)
terra (DF: 1): (6270, 1)
terrac (DF: 2): (2582, 4), (3408, 1)
terrain (DF: 7): (598, 1), (676, 2), (1378, 8), (4440, 1), (5801, 3), (7607, 1), (8561, 1)
terrass (DF: 1): (2881, 1)
terraz (DF: 2): (2564, 1), (6111, 1)
terremot (DF: 2): (2938, 1), (8255, 1)
terren (DF: 9): (46, 2), (353, 1), (1022, 1), (3816, 9), (5035, 3), (6862, 1), (7587, 1), (8242, 1), (9196, 2)
terreno (DF: 1): (3902, 1)
terri (DF: 5): (1977, 1), (3636, 2), (5560, 1), (5797, 6), (8687, 1)
terribl (DF: 14): (403, 1), (646, 4), (1171, 1), (1690, 1), (2260, 1), (2526, 1), (4355, 1), (4901, 1), (5071, 1), (5693, 8), (7570, 2), (9110, 1), (9127, 1), (9385, 5)
terricol (DF: 1): (2309, 2)
terrif (DF: 2): (5367, 1), (6568, 1)
terrifi (DF: 13): (828, 1), (893, 1), (1857, 17), (2386, 2), (2990, 5), (3394, 3), (4737, 1), (5866, 1), (6750, 1), (8158, 1), (8215, 1), (8426, 1), (8776, 4)
territori (DF: 8): (96, 1), (2607, 1), (4165, 1), (4623, 1), (6792, 2), (8070, 1), (8518, 1), (9581, 1)
terror (DF: 44): (1130, 2), (1342, 1), (1857, 2), (1909, 1), (1964, 1), (2628, 2), (2644, 8), (2649, 1), (3113, 1), (3347, 4), (3406, 1), (3793, 1), (4081, 1), (4218, 1), (4407, 2), (4912, 2), (5193, 2), (5579, 2), (5604, 1), (5679, 1), (5722, 1), (5727, 2), (5741, 1), (6064, 4), (6066, 2), (6157, 1), (6468, 2), (6588, 6), (6888, 1), (7237, 1), (7911, 1), (7950, 2), (7969, 1), (8177, 1), (8363, 1), (8466, 1), (8493, 1), (8788, 1), (9000, 1), (9486, 1), (9548, 8), (9619, 1), (9672, 2), (9838, 1)
terrorist (DF: 4): (1964, 1), (4669, 1), (5862, 1), (9590, 1)
