shoebox (DF: 1): (6667, 1)
shoelac (DF: 2): (2653, 1), (7798, 1)
shoes (DF: 1): (5493, 1)
shoeshin (DF: 1): (5503, 2)
shoestr (DF: 2): (571, 1), (5261, 1)
shoffi (DF: 1): (2166, 1)
shogun (DF: 1): (7973, 1)
shokarock (DF: 1): (7860, 1)
shoki (DF: 1): (8829, 4)
sholei (DF: 1): (8977, 1)
shomo (DF: 1): (430, 1)
shonda (DF: 1): (8397, 1)
shone (DF: 4): (535, 2), (1462, 1), (1794, 2), (3563, 1)
shonin (DF: 1): (7443, 1)
shonk (DF: 1): (5582, 1)
shonuff (DF: 1): (6314, 1)
shoo (DF: 12): (1744, 4), (1979, 1), (4008, 1), (4376, 11), (4751, 1), (6719, 1), (7198, 2), (8413, 1), (8484, 1), (8602, 2), (9448, 9), (9574, 2)
shoobi (DF: 1): (3775, 9)
shook (DF: 50): (302, 1), (441, 1), (528, 1), (606, 1), (629, 2), (737, 1), (749, 1), (800, 3), (1548, 1), (1711, 2), (1874, 1), (1880, 2), (1919, 1), (2581, 1), (2676, 1), (2765, 1), (2987, 1), (3393, 1), (3441, 2), (3855, 2), (4244, 2), (4495, 1), (4629, 1), (4696, 1), (5014, 1), (5312, 1), (6061, 2), (6269, 1), (6344, 2), (6452, 1), (6521, 40), (6585, 1), (6721, 32), (6761, 1), (6780, 2), (6903, 1), (7227, 9), (7474, 1), (7685, 1), (8159, 1), (8212, 1), (8305, 3), (8470, 1), (8481, 1), (8570, 1), (9143, 1), (9394, 4), (9640, 1), (9764, 2), (9873, 1)
shoooowwwwwww (DF: 1): (1381, 1)
shoop (DF: 1): (583, 1)
shoot (DF: 268): (20, 3), (27, 1), (72, 1), (153, 2), (159, 1), (181, 1), (183, 1), (220, 1), (222, 1), (223, 1), (332, 1), (445, 1), (510, 1), (529, 24), (536, 7), (617, 3), (702, 2), (737, 1), (818, 1), (823, 1), (842, 3), (899, 1), (966, 1), (1018, 4), (1021, 2), (1031, 1), (1050, 1), (1136, 1), (1147, 1), (1165, 1), (1189, 3), (1202, 1), (1236, 27), (1250, 1), (1304, 1), (1336, 1), (1362, 1), (1418, 4), (1431, 1), (1433, 3), (1472, 2), (1491, 1), (1498, 3), (1550, 4), (1572, 3), (1575, 1), (1588, 1), (1606, 1), (1663, 1), (1760, 1), (1775, 1), (1849, 2), (1863, 18), (1908, 4), (1922, 1), (1949, 1), (1958, 1), (2028, 1), (2050, 1), (2053, 1), (2064, 1), (2116, 4), (2256, 1), (2364, 3), (2401, 1), (2464, 2), (2506, 1), (2522, 4), (2527, 2), (2552, 1), (2562, 1), (2563, 2), (2573, 1), (2607, 3), (2624, 1), (2669, 5), (2672, 1), (2723, 2), (2740, 1), (2829, 1), (2832, 1), (2843, 1), (2886, 1), (2895, 1), (2937, 8), (2978, 1), (2998, 2), (3161, 1), (3181, 8), (3216, 1), (3238, 1), (3248, 1), (3293, 3), (3310, 1), (3330, 2), (3356, 1), (3383, 1), (3384, 1), (3483, 2), (3538, 1), (3559, 1), (3568, 1), (3589, 5), (3667, 8), (3708, 2), (3741, 1), (3786, 6), (3950, 2), (3998, 2), (4005, 1), (4054, 2), (4059, 3), (4113, 2), (4122, 3), (4128, 2), (4150, 2), (4171, 12), (4431, 4), (4450, 4), (4490, 1), (4503, 1), (4525, 2), (4612, 1), (4613, 1), (4627, 3), (4697, 2), (4811, 2), (4848, 1), (4861, 2), (4880, 1), (4887, 1), (4943, 1), (4972, 1), (5009, 10), (5045, 2), (5056, 8), (5091, 1), (5290, 3), (5310, 2), (5337, 1), (5349, 1), (5368, 1), (5379, 1), (5405, 4), (5444, 2), (5445, 1), (5461, 3), (5463, 2), (5494, 1), (5495, 2), (5497, 3), (5503, 38), (5509, 1), (5559, 1), (5570, 4), (5581, 1), (5627, 6), (5667, 2), (5682, 1), (5705, 4), (5774, 1), (5779, 3), (5847, 1), (5970, 1), (6061, 1), (6090, 27), (6156, 1), (6244, 6), (6274, 1), (6302, 1), (6304, 1), (6350, 1), (6403, 2), (6447, 1), (6452, 1), (6462, 1), (6665, 1), (6667, 1), (6677, 1), (6728, 1), (6741, 1), (6751, 15), (6756, 2), (6767, 2), (6786, 2), (6846, 2), (6876, 1), (6889, 1), (6895, 1), (6977, 2), (7047, 11), (7079, 1), (7099, 6), (7105, 1), (7106, 1), (7213, 3), (7216, 3), (7235, 3), (7249, 1), (7256, 1), (7279, 1), (7290, 1), (7302, 1), (7436, 2), (7454, 3), (7644, 10), (7662, 1), (7723, 1), (7762, 2), (7800, 1), (7806, 1), (7842, 1), (7943, 1), (7995, 1), (8026, 2), (8109, 1), (8122, 1), (8156, 1), (8182, 1), (8231, 1), (8237, 2), (8316, 1), (8358, 1), (8367, 1), (8433, 2), (8455, 1), (8467, 2), (8470, 1), (8484, 1), (8493, 1), (8512, 25), (8561, 1), (8570, 1), (8577, 1), (8601, 2), (8630, 1), (8669, 1), (8705, 1), (8767, 26), (8787, 4), (8869, 1), (8959, 2), (9069, 6), (9073, 1), (9102, 2), (9130, 1), (9140, 1), (9144, 1), (9147, 3), (9152, 1), (9234, 1), (9324, 1), (9357, 1), (9442, 2), (9509, 1), (9567, 1), (9576, 1), (9640, 1), (9668, 1), (9761, 1), (9784, 1), (9842, 1), (9852, 1), (9913, 3), (9993, 1), (1573, 4), (4420, 1), (4421, 1)
shoota (DF: 3): (3589, 1), (5249, 1), (8467, 1)
shooter (DF: 17): (350, 1), (479, 3), (808, 1), (966, 9), (1196, 1), (1304, 1), (1849, 1), (1896, 1), (1972, 1), (2000, 1), (2052, 2), (2064, 1), (2669, 15), (3100, 1), (3727, 1), (3991, 6), (4059, 2)
