va (DF: 149): (5547, 2), (5716, 1), (5745, 2), (5754, 3), (5762, 2), (5768, 3), (5801, 2), (5821, 1), (5883, 2), (5962, 5), (5986, 3), (5991, 1), (6001, 3), (6041, 4), (6120, 1), (6131, 1), (6138, 2), (6175, 1), (6179, 2), (6207, 1), (6249, 2), (6263, 2), (6280, 4), (6323, 2), (6336, 2), (6351, 2), (6368, 12), (6399, 2), (6423, 4), (6485, 3), (6553, 4), (6561, 3), (6681, 1), (6706, 4), (6748, 1), (6823, 3), (6851, 2), (6884, 3), (6909, 2), (6974, 1), (7003, 3), (7082, 2), (7166, 4), (7172, 10), (7183, 1), (7205, 3), (7258, 1), (7274, 4), (7288, 2), (7309, 2), (7350, 2), (7367, 8), (7446, 6), (7466, 3), (7508, 1), (7513, 2), (7555, 2), (7603, 3), (7607, 5), (7632, 2), (7653, 2), (7694, 7), (7726, 1), (7742, 10), (7780, 1), (7799, 1), (7843, 2), (7863, 1), (7886, 13), (7925, 1), (7942, 2), (7953, 2), (7956, 4), (7989, 2), (8097, 1), (8149, 7), (8188, 3), (8198, 1), (8256, 3), (8264, 1), (8318, 1), (8353, 1), (8420, 1), (8454, 1), (8506, 2), (8516, 12), (8518, 2), (8546, 6), (8560, 1), (8569, 1), (8733, 3), (8751, 1), (8777, 1), (8785, 9), (8820, 1), (8866, 1), (8902, 2), (8928, 1), (8994, 1), (9040, 2), (9060, 3), (9074, 3), (9085, 24), (9090, 5), (9172, 2), (9252, 1), (9285, 1), (9306, 2), (9309, 1), (9318, 6), (9384, 2), (9400, 1), (9410, 1), (9431, 3), (9437, 18), (9492, 2), (9516, 4), (9524, 1), (9536, 2), (9575, 1), (9596, 2), (9609, 1), (9652, 4), (9664, 1), (9690, 6), (9706, 1), (9719, 1), (9737, 2), (9762, 1), (9786, 12), (9792, 7), (9802, 2), (9864, 1), (9867, 1), (9872, 1), (9906, 1), (9919, 2), (9938, 1), (9960, 8), (476, 1), (477, 2), (4567, 6), (4568, 1), (6250, 4), (6513, 2), (6514, 3), (6515, 4), (6562, 1), (8187, 2)
vaak (DF: 2): (175, 4), (7547, 1)
vaar (DF: 1): (9519, 1)
vaari (DF: 2): (5582, 1), (5830, 1)
vaart (DF: 1): (43, 1)
vaast (DF: 1): (5830, 1)
vaazhiya (DF: 1): (3471, 2)
vaazhum (DF: 1): (3471, 5)
vaazhveer (DF: 1): (3471, 1)
vabank (DF: 1): (7344, 1)
vabb (DF: 3): (2498, 1), (6691, 1), (9596, 2)
vabbès (DF: 1): (1850, 1)
vac (DF: 18): (628, 1), (1133, 2), (1582, 1), (3723, 1), (4049, 1), (4289, 2), (4659, 2), (4879, 1), (5364, 2), (5480, 2), (5663, 1), (6263, 1), (7172, 4), (8205, 1), (8733, 1), (9090, 2), (9259, 1), (9568, 1)
vacacion (DF: 10): (477, 1), (918, 1), (2107, 3), (3962, 1), (4186, 13), (4236, 1), (4729, 1), (6485, 1), (7504, 1), (9534, 8)
vacanc (DF: 7): (292, 6), (2102, 1), (2996, 1), (4205, 29), (5887, 3), (7639, 2), (7893, 1)
vacant (DF: 16): (475, 1), (944, 1), (1364, 1), (1496, 3), (1972, 1), (2682, 1), (3754, 1), (3950, 1), (3980, 1), (4382, 1), (4648, 1), (4861, 1), (6786, 1), (7664, 1), (8796, 2), (9284, 1)
vacanz (DF: 1): (5821, 1)
vacat (DF: 40): (26, 3), (47, 3), (616, 1), (801, 1), (867, 1), (1138, 1), (1335, 2), (1591, 1), (1875, 1), (1923, 1), (1994, 1), (2914, 2), (3201, 1), (3713, 1), (4128, 1), (4623, 1), (4918, 1), (4947, 1), (5337, 1), (5338, 1), (5705, 1), (6507, 1), (6970, 3), (7219, 1), (7461, 6), (7492, 1), (7698, 1), (8436, 1), (8445, 1), (8701, 1), (8757, 1), (8772, 2), (9262, 1), (9332, 1), (9356, 1), (9426, 1), (9581, 1), (9619, 1), (9787, 2), (9954, 1)
vacay (DF: 6): (1648, 1), (1777, 2), (2896, 1), (5993, 1), (6964, 1), (9640, 1)
vaccarello (DF: 1): (8666, 1)
vaccin (DF: 2): (3776, 1), (8441, 2)
vaci (DF: 28): (87, 1), (109, 2), (399, 2), (444, 1), (632, 1), (1501, 1), (1686, 1), (2782, 2), (3588, 2), (3853, 3), (3981, 1), (4143, 2), (4423, 1), (4445, 2), (4659, 2), (5276, 3), (5475, 2), (5480, 2), (5778, 1), (5826, 2), (6976, 1), (7056, 1), (7068, 1), (7172, 4), (7508, 2), (7539, 1), (9090, 2), (9285, 2)
vacil (DF: 21): (628, 2), (715, 1), (1519, 2), (2306, 2), (2898, 35), (4186, 14), (4780, 3), (4908, 2), (5022, 1), (5745, 4), (5945, 1), (6810, 5), (6909, 2), (7572, 2), (7989, 2), (8036, 6), (8478, 2), (9383, 1), (9444, 1), (9534, 7), (9652, 2)
vacila (DF: 1): (9494, 1)
vacilal (DF: 1): (9179, 1)
vacilando (DF: 1): (299, 1)
vacilon (DF: 8): (24, 2), (628, 4), (3897, 1), (3916, 1), (4186, 2), (5745, 4), (7166, 1), (9534, 1)
vacilão (DF: 1): (8938, 1)
vacina (DF: 1): (4167, 1)
vaciotu (DF: 1): (1309, 3)
vacun (DF: 6): (2354, 1), (3090, 1), (3226, 2), (7239, 2), (7526, 1), (9939, 1)
vacuous (DF: 1): (5549, 1)
vacuum (DF: 6): (699, 2), (705, 1), (1304, 1), (2115, 1), (5463, 1), (7498, 2)
vacío (DF: 1): (7049, 2)
vad (DF: 3): (1800, 3), (1848, 1), (3954, 7)
