dizmick (DF: 1): (9315, 1)
diznick (DF: 2): (6568, 1), (8705, 1)
dizqu (DF: 1): (2972, 2)
dizza (DF: 1): (3084, 3)
dizzark (DF: 1): (669, 1)
dizzel (DF: 1): (2832, 1)
dizzi (DF: 38): (129, 1), (174, 1), (1276, 1), (1397, 2), (1431, 1), (1721, 1), (1919, 1), (1921, 1), (2045, 1), (2159, 2), (2333, 1), (2423, 1), (3018, 3), (3059, 1), (3639, 4), (3706, 4), (3794, 3), (3821, 1), (3985, 1), (4267, 2), (5401, 1), (5623, 2), (6123, 1), (6365, 1), (6452, 1), (6788, 1), (7181, 1), (7232, 1), (7745, 1), (7785, 1), (8459, 1), (8732, 1), (8774, 2), (8967, 5), (9035, 1), (9376, 2), (9526, 1), (9766, 2)
dizzl (DF: 2): (6114, 2), (8240, 1)
diò (DF: 1): (1411, 1)
dj (DF: 259): (107, 2), (110, 1), (118, 1), (124, 2), (178, 1), (244, 2), (252, 1), (328, 2), (371, 1), (386, 2), (479, 4), (514, 12), (581, 1), (595, 1), (642, 1), (660, 1), (670, 1), (726, 1), (746, 1), (755, 2), (784, 6), (791, 1), (803, 1), (831, 1), (897, 1), (948, 16), (982, 2), (1004, 1), (1008, 58), (1011, 1), (1028, 1), (1031, 1), (1034, 1), (1051, 1), (1059, 1), (1061, 1), (1136, 1), (1182, 1), (1249, 1), (1253, 1), (1278, 1), (1280, 1), (1296, 1), (1305, 1), (1515, 1), (1549, 1), (1661, 1), (1682, 1), (1692, 1), (1773, 1), (1778, 1), (1783, 2), (1803, 1), (1820, 2), (1829, 1), (1864, 2), (1926, 1), (1935, 3), (1995, 2), (2026, 1), (2027, 1), (2093, 2), (2102, 1), (2128, 1), (2230, 1), (2241, 1), (2251, 1), (2277, 1), (2342, 1), (2359, 4), (2403, 2), (2512, 1), (2539, 2), (2578, 1), (2592, 1), (2625, 1), (2784, 1), (2785, 2), (2809, 1), (2832, 1), (2887, 1), (2899, 1), (2927, 2), (2950, 1), (3037, 1), (3045, 1), (3052, 2), (3084, 3), (3090, 1), (3093, 14), (3111, 13), (3117, 1), (3133, 1), (3170, 1), (3209, 3), (3310, 3), (3420, 13), (3429, 1), (3445, 127), (3549, 2), (3566, 1), (3624, 1), (3652, 1), (3731, 1), (3781, 1), (3792, 2), (3816, 29), (3916, 1), (3923, 2), (3925, 5), (4015, 4), (4042, 1), (4045, 1), (4058, 14), (4060, 1), (4143, 1), (4148, 1), (4218, 5), (4234, 1), (4263, 1), (4285, 2), (4374, 1), (4378, 4), (4465, 1), (4567, 27), (4630, 1), (4633, 2), (4660, 1), (4683, 1), (4763, 15), (4766, 1), (4831, 4), (4879, 1), (4889, 12), (4907, 4), (4909, 1), (4918, 1), (4933, 1), (5068, 1), (5076, 1), (5113, 1), (5159, 1), (5228, 1), (5254, 1), (5357, 1), (5373, 3), (5495, 2), (5557, 1), (5596, 1), (5622, 5), (5706, 2), (5707, 1), (5734, 1), (5751, 1), (5768, 1), (5769, 3), (5772, 1), (5783, 1), (5833, 1), (5838, 2), (5907, 1), (5941, 3), (5954, 6), (6077, 2), (6114, 1), (6144, 1), (6203, 1), (6222, 3), (6265, 2), (6322, 2), (6432, 1), (6461, 1), (6543, 28), (6561, 8), (6582, 5), (6609, 8), (6650, 2), (6773, 1), (7005, 1), (7018, 1), (7079, 1), (7082, 1), (7313, 1), (7443, 2), (7451, 2), (7508, 1), (7526, 1), (7540, 1), (7544, 1), (7635, 1), (7646, 2), (7671, 1), (7721, 1), (7761, 1), (7775, 3), (7835, 4), (7860, 1), (7863, 2), (7925, 4), (8156, 1), (8235, 11), (8236, 13), (8238, 1), (8273, 1), (8299, 1), (8315, 2), (8361, 5), (8397, 1), (8432, 1), (8444, 1), (8457, 1), (8536, 1), (8563, 30), (8571, 1), (8592, 1), (8603, 3), (8606, 2), (8671, 1), (8687, 1), (8689, 1), (8705, 1), (8745, 1), (8851, 1), (8852, 1), (8908, 1), (8940, 6), (8989, 1), (9061, 3), (9102, 1), (9206, 1), (9226, 1), (9264, 1), (9267, 2), (9331, 1), (9395, 2), (9407, 1), (9419, 1), (9446, 1), (9470, 1), (9474, 1), (9486, 1), (9544, 1), (9552, 29), (9565, 3), (9580, 2), (9615, 1), (9652, 1), (9658, 4), (9668, 1), (9669, 3), (9670, 6), (9870, 1), (9882, 1), (9884, 1), (9886, 1), (9929, 1), (9960, 28), (9974, 1), (9996, 3)
dja (DF: 1): (5978, 4)
djazair (DF: 1): (3660, 1)
djoenen (DF: 1): (3748, 1)
djs (DF: 6): (1011, 2), (5032, 1), (6132, 4), (6185, 1), (9267, 1), (9922, 1)
djto (DF: 1): (3142, 1)
djwhen (DF: 1): (1636, 1)
dk (DF: 16): (229, 1), (1465, 1), (2018, 1), (2759, 1), (2952, 1), (3527, 1), (3591, 1), (4295, 1), (4714, 1), (6292, 1), (6674, 1), (7077, 1), (7200, 1), (7397, 1), (8564, 1), (9648, 1)
dkhelti (DF: 1): (3660, 4)
dkni (DF: 2): (3594, 1), (7006, 2)
dknyall (DF: 1): (2093, 2)
dl (DF: 3): (1343, 1), (4864, 1), (5751, 1)
dla (DF: 17): (661, 1), (908, 1), (1197, 1), (1655, 3), (1825, 4), (1918, 1), (2951, 2), (4358, 1), (4859, 1), (6007, 1), (6457, 3), (7356, 1), (8452, 1), (8509, 2), (9085, 2), (9162, 1), (9647, 7)
dlatego (DF: 2): (7313, 1), (7836, 1)
dm (DF: 22): (47, 2), (229, 1), (435, 1), (829, 1), (1277, 2), (1878, 2), (2192, 1), (2359, 2), (2828, 5), (3290, 1), (3356, 1), (3826, 2), (3913, 1), (4479, 1), (4497, 9), (4905, 1), (5399, 3), (5663, 1), (6704, 2), (6884, 1), (6961, 1), (8259, 1)
dmbx3 (DF: 1): (3560, 1)
dmc (DF: 1): (8156, 1)
dmd (DF: 1): (5737, 1)
dmg (DF: 1): (4903, 1)
dmn (DF: 1): (8509, 1)
dms (DF: 3): (4523, 1), (6602, 1), (9212, 1)
dmt (DF: 2): (1357, 2), (4916, 1)
dmu (DF: 1): (47, 1)
dmvi (DF: 1): (3184, 1)
dmx (DF: 12): (1319, 1), (1718, 1), (1941, 1), (1956, 1), (2767, 2), (2820, 1), (4971, 2), (5152, 2), (6118, 2), (7182, 1), (7696, 1), (9763, 2)
dn (DF: 1): (2913, 1)
dna (DF: 11): (250, 1), (2716, 1), (2913, 5), (4465, 4), (5270, 1), (5495, 1), (5729, 1), (6018, 1), (6641, 1), (8032, 1), (8156, 12)
dnce (DF: 4): (3840, 1), (5150, 1), (7374, 1), (9520, 1)
dnd (DF: 1): (8162, 1)
dnde (DF: 1): (439, 2)
dni (DF: 2): (6754, 8), (9647, 1)
dnia (DF: 1): (8452, 1)
dnipropetrowsk (DF: 1): (7278, 1)
do (DF: 34): (996, 1), (1213, 2), (1296, 1), (1461, 1), (1803, 1), (2309, 3), (2757, 1), (3342, 1), (3419, 1), (4587, 1), (5187, 1), (5399, 1), (5522, 2), (5525, 4), (5740, 1), (5770, 3), (6423, 2), (6651, 6), (7019, 3), (7255, 5), (7749, 4), (7780, 2), (7863, 1), (8352, 4), (8353, 1), (8420, 1), (8733, 2), (8883, 1), (8928, 1), (8940, 2), (9185, 1), (9309, 1), (9532, 1), (9872, 2)
doabl (DF: 2): (245, 1), (7559, 1)
doag (DF: 1): (2260, 11)
dob (DF: 3): (6166, 4), (7313, 1), (9993, 1)
doba (DF: 1): (1825, 2)
dobbel (DF: 1): (7200, 1)
dobbelt (DF: 1): (7200, 37)
dobermann (DF: 1): (8671, 1)
dobl (DF: 43): (284, 6), (371, 1), (417, 1), (476, 1), (707, 1), (1116, 2), (1474, 1), (1519, 6), (1682, 1), (2656, 5), (3031, 9), (3090, 2), (3358, 2), (3586, 2), (3603, 1), (3609, 4), (3723, 1), (3875, 4), (3903, 2), (4081, 1), (4186, 2), (4515, 1), (5276, 1), (5502, 2), (6131, 1), (6339, 3), (6553, 1), (6681, 1), (6872, 4), (6878, 9), (6909, 3), (7395, 1), (7446, 6), (7526, 2), (7989, 3), (8218, 20), (8466, 1), (8478, 2), (8482, 1), (8866, 1), (9534, 1), (9719, 2), (9864, 1)
doblas (DF: 1): (1259, 2)
doblat (DF: 3): (1932, 1), (4081, 3), (8466, 3)
doblet (DF: 2): (4186, 2), (9534, 1)
dobr (DF: 5): (1655, 1), (4859, 8), (6007, 1), (6441, 1), (9085, 2)
dobra (DF: 2): (4761, 2), (5007, 5)
dobrado (DF: 1): (3955, 3)
dobri (DF: 2): (1655, 1), (4859, 1)
dobro (DF: 1): (7270, 1)
dobrz (DF: 8): (3744, 2), (4761, 1), (4859, 1), (7313, 1), (7344, 1), (7356, 3), (7916, 1), (9647, 1)
dobson (DF: 1): (4968, 1)
doc (DF: 28): (269, 1), (279, 50), (586, 1), (702, 1), (1520, 1), (2251, 1), (2325, 1), (2440, 1), (2442, 1), (2604, 6), (2607, 1), (3451, 1), (3521, 1), (3580, 8), (3773, 2), (3881, 1), (4246, 1), (4912, 1), (4941, 1), (5434, 1), (5560, 1), (5957, 1), (6095, 1), (7068, 1), (7380, 2), (7441, 2), (7742, 10), (9246, 1)
doce (DF: 2): (1415, 1), (3870, 1)
doch (DF: 1): (3902, 1)
dochter (DF: 2): (6184, 1), (7421, 1)
dociera (DF: 1): (7313, 1)
docil (DF: 2): (3776, 1), (4490, 1)
dock (DF: 21): (81, 1), (896, 1), (1035, 3), (1431, 1), (1446, 1), (3429, 1), (4388, 1), (4629, 1), (6452, 1), (6633, 2), (6835, 1), (7014, 1), (7018, 1), (7195, 1), (7368, 1), (7480, 2), (7579, 1), (7597, 1), (7909, 2), (8862, 1), (9198, 2)
docker (DF: 1): (7070, 1)
docta (DF: 1): (9514, 2)
doctor (DF: 75): (200, 1), (270, 1), (279, 23), (587, 1), (698, 2), (904, 1), (925, 1), (1403, 1), (1513, 1), (1661, 1), (1815, 1), (2033, 1), (2061, 1), (2251, 1), (2291, 5), (2305, 1), (2676, 1), (2754, 6), (2804, 20), (3144, 1), (3152, 1), (3593, 1), (3652, 1), (3712, 2), (4041, 9), (4046, 1), (4048, 2), (4081, 1), (4303, 1), (4367, 1), (4457, 1), (4560, 1), (4699, 1), (4830, 6), (4912, 1), (4916, 1), (5040, 4), (5270, 1), (5352, 1), (5961, 1), (6039, 1), (6043, 1), (6151, 2), (6312, 1), (6321, 7), (6385, 1), (6740, 1), (6872, 1), (7177, 1), (7250, 1), (7334, 1), (7459, 1), (7474, 1), (7586, 1), (7691, 2), (7758, 3), (7880, 2), (7888, 15), (8135, 1), (8278, 2), (8342, 1), (8358, 1), (8384, 1), (8466, 1), (8551, 1), (8581, 1), (8675, 5), (8842, 1), (8890, 3), (8902, 1), (9007, 1), (9119, 1), (9451, 1), (9469, 2), (9538, 1)
documental (DF: 1): (5768, 1)
documentari (DF: 6): (782, 1), (1249, 1), (3068, 1), (4941, 1), (6809, 1), (8551, 1)
dodg (DF: 24): (1844, 1), (1899, 1), (1979, 1), (2608, 1), (3991, 1), (4169, 1), (4262, 1), (4310, 1), (4535, 1), (4595, 4), (4874, 1), (5581, 2), (5957, 1), (5960, 2), (6445, 1), (6585, 1), (7219, 2), (7589, 1), (8065, 1), (8741, 2), (9026, 1), (9143, 1), (9372, 1), (9936, 1)
dodgebal (DF: 1): (4059, 1)
dodger (DF: 1): (7480, 3)
dodgers (DF: 1): (5735, 1)
dodgi (DF: 2): (5840, 1), (7421, 1)
dodgin (DF: 6): (658, 1), (1136, 1), (2489, 1), (6363, 3), (7454, 1), (8701, 1)
dodi (DF: 3): (4332, 1), (8980, 1), (9382, 1)
dodo (DF: 3): (6472, 1), (7433, 32), (8564, 1)
dododo (DF: 1): (7433, 16)
dodododododododododododododododododododododododododododododododododooschewdododododododoododododododododododododododadadadddudndundundudnudndundundunddunfudnundudnudnudndund (DF: 2): (4919, 1), (5949, 1)
