ummet (DF: 4): (1195, 1), (2420, 1), (4545, 1), (7246, 1)
ummm (DF: 2): (1234, 2), (3206, 1)
umowi (DF: 1): (7916, 1)
umpa (DF: 1): (9302, 1)
umpir (DF: 3): (1974, 1), (8921, 1), (9823, 1)
umpti (DF: 1): (8528, 1)
umr (DF: 1): (1918, 2)
umsatz (DF: 7): (198, 1), (1583, 4), (2881, 1), (3849, 3), (8260, 1), (8829, 1), (9236, 1)
umsatzfixiert (DF: 2): (778, 1), (2463, 17)
umschlag (DF: 1): (5051, 1)
un (DF: 51): (149, 2), (299, 1), (335, 1), (358, 6), (1018, 2), (1087, 1), (1171, 4), (1257, 1), (1834, 1), (2205, 2), (2260, 1), (2277, 3), (2680, 1), (2843, 3), (3146, 1), (3188, 2), (3363, 2), (3451, 1), (3513, 1), (3599, 1), (3990, 27), (4188, 2), (4267, 7), (4855, 2), (5102, 1), (5309, 1), (5859, 1), (5894, 1), (5957, 1), (6006, 1), (6137, 4), (6197, 1), (6206, 1), (6804, 1), (7197, 1), (7342, 3), (7454, 3), (7583, 1), (7931, 8), (8132, 2), (8135, 1), (8560, 1), (8590, 4), (8595, 2), (8597, 2), (8765, 3), (9068, 3), (9156, 1), (9256, 1), (9450, 3), (9474, 13)
una (DF: 27): (299, 2), (552, 1), (1920, 5), (2210, 1), (2277, 1), (2936, 1), (3001, 1), (3513, 1), (4109, 1), (4188, 2), (4214, 1), (6006, 1), (6408, 1), (6469, 2), (6657, 2), (6947, 1), (7079, 1), (7342, 27), (7354, 1), (7583, 1), (8490, 1), (8590, 4), (8595, 1), (8870, 2), (8909, 2), (9095, 2), (9156, 10)
unabl (DF: 4): (3347, 1), (5666, 1), (6567, 1), (9548, 2)
unabomb (DF: 1): (2746, 1)
unaccept (DF: 1): (4427, 1)
unaccount (DF: 1): (8319, 1)
unadulter (DF: 2): (6019, 1), (7387, 1)
unaffect (DF: 2): (6870, 2), (7008, 1)
unafraid (DF: 8): (1581, 1), (1901, 2), (2571, 1), (2918, 24), (3376, 2), (6273, 1), (7243, 1), (8857, 1)
unag (DF: 1): (1129, 1)
unalon (DF: 1): (3966, 1)
unam (DF: 2): (2792, 1), (9430, 1)
unamus (DF: 1): (6269, 1)
unanchor (DF: 1): (3493, 1)
unanim (DF: 1): (8397, 1)
unannounc (DF: 4): (672, 1), (7748, 1), (9277, 1), (9397, 1)
unantastbar (DF: 1): (1238, 6)
unapologet (DF: 2): (4697, 1), (5584, 1)
unapproach (DF: 3): (4122, 2), (7235, 2), (8347, 1)
unarm (DF: 1): (6750, 1)
unarvinai (DF: 1): (3471, 1)
unas (DF: 15): (178, 1), (836, 1), (1424, 1), (1481, 2), (3603, 4), (3851, 1), (3898, 1), (4258, 1), (5786, 1), (6438, 1), (6917, 1), (7820, 1), (8256, 1), (9108, 2), (9470, 1)
unasham (DF: 1): (9158, 1)
unattend (DF: 1): (4045, 1)
unavail (DF: 2): (4413, 1), (6942, 1)
unaverag (DF: 3): (3439, 5), (4062, 1), (4377, 1)
unavoid (DF: 3): (497, 2), (3347, 4), (9548, 8)
unawar (DF: 7): (329, 6), (581, 1), (922, 1), (1910, 4), (7120, 1), (8550, 1), (9541, 1)
unbear (DF: 2): (1361, 1), (2199, 1)
unbegrenzt (DF: 1): (1583, 1)
unbeheizt (DF: 1): (3048, 1)
unbekannt (DF: 2): (3212, 1), (4998, 1)
unbeliev (DF: 5): (3644, 1), (3659, 43), (4094, 1), (5832, 1), (6715, 1)
unberuhrt (DF: 1): (3212, 5)
unbezahlbar (DF: 3): (1736, 1), (1942, 1), (6748, 1)
unbless (DF: 1): (8554, 1)
unborn (DF: 3): (4067, 1), (5075, 1), (8819, 1)
unboth (DF: 1): (1839, 3)
unbreak (DF: 3): (1418, 7), (9254, 3), (9904, 1)
unbrechbar (DF: 1): (6835, 1)
unbroken (DF: 3): (2016, 1), (6764, 2), (9900, 1)
unbutton (DF: 3): (3738, 1), (5759, 1), (5879, 4)
unc (DF: 3): (210, 1), (2064, 5), (4931, 1)
uncam (DF: 1): (4347, 1)
uncanni (DF: 2): (1430, 1), (9758, 1)
uncav (DF: 1): (3493, 1)
uncertain (DF: 3): (360, 3), (4043, 1), (6931, 1)
uncertainti (DF: 3): (2918, 3), (8834, 1), (9744, 1)
unchain (DF: 2): (1533, 7), (6010, 1)
unchang (DF: 3): (482, 1), (5062, 1), (9585, 3)
unchart (DF: 4): (40, 1), (1581, 2), (3493, 1), (4026, 1)
uncivil (DF: 2): (2261, 2), (6269, 1)
uncl (DF: 48): (446, 1), (574, 1), (1076, 1), (1457, 3), (1744, 2), (1899, 1), (1977, 2), (2000, 1), (2013, 1), (2172, 1), (2218, 1), (2397, 1), (2634, 1), (2646, 1), (2649, 1), (3634, 1), (4136, 4), (4575, 1), (4617, 1), (4895, 1), (4905, 1), (5056, 1), (5199, 1), (5337, 1), (5494, 1), (5751, 1), (5947, 1), (6741, 1), (6903, 1), (7189, 1), (7198, 1), (7361, 2), (7500, 1), (7731, 6), (7815, 2), (8004, 1), (8230, 1), (8316, 1), (8602, 1), (8725, 4), (8822, 1), (9000, 3), (9010, 1), (9027, 2), (9154, 1), (9177, 8), (9574, 1), (9823, 1)
unclean (DF: 2): (1948, 1), (9998, 1)
unclear (DF: 7): (1351, 2), (5148, 1), (5430, 3), (6819, 4), (8284, 1), (8583, 1), (9909, 1)
unclench (DF: 3): (1326, 1), (7868, 1), (9242, 1)
unclip (DF: 1): (2061, 1)
uncomfi (DF: 1): (5094, 1)
uncomfort (DF: 6): (3054, 2), (5651, 1), (5774, 1), (6655, 1), (7661, 10), (8960, 1)
uncompl (DF: 3): (1755, 1), (3714, 1), (6017, 1)
uncondit (DF: 18): (618, 1), (710, 1), (1869, 1), (2787, 1), (3537, 27), (3540, 1), (4365, 1), (4412, 2), (4963, 2), (5877, 1), (5967, 1), (6475, 1), (7163, 1), (7464, 1), (7744, 1), (8431, 1), (9096, 1), (9128, 8)
unconditional (DF: 1): (3284, 2)
unconfid (DF: 2): (5469, 1), (6703, 1)
unconsci (DF: 5): (1065, 1), (2636, 1), (4261, 1), (4963, 2), (6328, 1)
uncontain (DF: 1): (8034, 2)
uncontrol (DF: 4): (838, 1), (5567, 1), (8289, 4), (9472, 3)
unconvinc (DF: 1): (7488, 1)
uncool (DF: 3): (8450, 1), (9101, 1), (9821, 1)
uncov (DF: 5): (3222, 1), (3347, 1), (4050, 1), (8451, 1), (9548, 2)
uncurl (DF: 1): (7523, 1)
uncut (DF: 7): (946, 1), (4853, 1), (5974, 1), (7150, 1), (7387, 1), (7690, 1), (9993, 1)
undastand (DF: 1): (2377, 1)
undead (DF: 2): (501, 1), (9212, 23)
undecid (DF: 4): (590, 1), (2008, 1), (6608, 1), (6992, 1)
undef (DF: 4): (673, 1), (8666, 1), (8795, 11), (9442, 2)
undefeat (DF: 1): (5578, 2)
undefin (DF: 5): (2989, 1), (5981, 1), (6700, 2), (7381, 2), (7802, 3)
