gold (DF: 52): (9217, 1), (9224, 8), (9251, 1), (9288, 4), (9292, 2), (9335, 2), (9348, 1), (9370, 1), (9393, 1), (9398, 1), (9426, 5), (9457, 1), (9472, 3), (9478, 1), (9501, 1), (9644, 1), (9658, 1), (9751, 1), (9779, 1), (9784, 1), (9875, 2), (9897, 3), (9931, 1), (9942, 1), (9967, 1), (9968, 1), (220, 3), (221, 1), (1108, 1), (1109, 1), (1166, 1), (1168, 1), (3549, 1), (3550, 1), (3932, 1), (3933, 1), (5653, 1), (5654, 1), (6073, 3), (6076, 1), (6120, 1), (6121, 1), (6203, 1), (6204, 1), (6319, 1), (6320, 1), (7160, 1), (7162, 1), (7176, 1), (7177, 1), (8024, 1), (8025, 17)
gold2 (DF: 3): (2309, 1), (9185, 1), (9845, 1)
golddigg (DF: 2): (6490, 1), (9063, 1)
golden (DF: 97): (105, 2), (186, 1), (456, 15), (608, 2), (819, 1), (882, 1), (947, 2), (968, 1), (1084, 1), (1146, 2), (1154, 3), (1354, 1), (1530, 1), (1589, 1), (1634, 1), (1648, 1), (1696, 1), (1862, 1), (1874, 1), (1951, 3), (2200, 1), (2398, 1), (2459, 4), (2746, 1), (2748, 1), (2845, 1), (3066, 1), (3398, 1), (3436, 1), (3456, 1), (3494, 1), (3534, 1), (3743, 1), (3995, 1), (4028, 1), (4098, 1), (4208, 1), (4296, 1), (4315, 1), (4319, 1), (4355, 1), (4454, 1), (4543, 1), (4732, 4), (4847, 1), (4921, 1), (4955, 1), (5023, 1), (5189, 1), (5336, 1), (5494, 1), (5501, 2), (5829, 2), (5927, 3), (6067, 2), (6212, 1), (6320, 4), (6371, 1), (6431, 1), (6442, 2), (6516, 1), (6585, 1), (6615, 1), (6714, 6), (6749, 2), (6754, 1), (6789, 1), (7492, 1), (7707, 2), (7740, 1), (7771, 1), (7797, 18), (8025, 24), (8042, 4), (8362, 6), (8445, 1), (8827, 1), (8830, 1), (9051, 3), (9068, 4), (9230, 2), (9369, 8), (9398, 1), (9404, 2), (9505, 1), (9745, 1), (9915, 3), (9947, 1), (9977, 3), (9995, 1), (218, 1), (219, 22), (4731, 1), (6428, 1), (6429, 2), (8274, 1), (8275, 6)
goldfish (DF: 1): (9922, 1)
goldfrapp (DF: 1): (3302, 1)
goldhous (DF: 1): (4371, 2)
goldi (DF: 3): (2765, 1), (6613, 4), (8983, 2)
goldigg (DF: 1): (7159, 2)
goldkett (DF: 3): (778, 2), (3437, 1), (5577, 1)
goldlink (DF: 7): (2218, 1), (2561, 1), (4019, 1), (4693, 1), (4837, 1), (5354, 1), (6447, 1)
goldman (DF: 3): (2991, 1), (3628, 1), (5082, 1)
goldmin (DF: 1): (3802, 1)
goldroom (DF: 1): (8051, 1)
goldrush (DF: 1): (3167, 1)
goldsboro (DF: 1): (80, 1)
goldstein (DF: 1): (2729, 1)
goldzahn (DF: 2): (6139, 1), (8670, 1)
gole (DF: 2): (3838, 1), (9279, 1)
goleador (DF: 2): (524, 1), (7466, 1)
golf (DF: 12): (646, 1), (1058, 1), (1799, 2), (4833, 1), (5801, 1), (6092, 1), (6156, 1), (6272, 4), (7495, 1), (8678, 1), (8755, 1), (9549, 1)
golfplatz (DF: 1): (2170, 1)
golfspil (DF: 1): (8564, 1)
goli (DF: 1): (5582, 1)
goliath (DF: 8): (469, 1), (825, 1), (3298, 5), (4375, 2), (6926, 1), (7800, 2), (8255, 1), (8554, 1)
golli (DF: 2): (5032, 1), (5102, 1)
gollo (DF: 1): (6641, 1)
gollum (DF: 1): (8408, 3)
golos (DF: 1): (5352, 1)
golosin (DF: 1): (9410, 1)
golp (DF: 20): (858, 1), (1422, 4), (1501, 1), (2275, 1), (3434, 1), (3569, 1), (3908, 1), (4560, 1), (4939, 1), (5675, 2), (5735, 2), (6808, 1), (8205, 2), (8255, 1), (8518, 1), (8632, 1), (8758, 4), (9431, 1), (6514, 1), (6515, 3)
gom (DF: 2): (4246, 1), (8699, 1)
gome (DF: 1): (8363, 2)
gomez (DF: 18): (1220, 1), (1281, 1), (1714, 1), (1853, 1), (2408, 1), (2761, 1), (3317, 1), (3925, 1), (4087, 1), (4457, 1), (4631, 1), (5103, 1), (5430, 1), (5598, 1), (6229, 1), (7838, 2), (8891, 1), (9782, 1)
gominol (DF: 1): (8406, 2)
gomorr (DF: 1): (7863, 1)
gomorrah (DF: 3): (2121, 4), (7702, 1), (9658, 6)
gon (DF: 93): (17, 1), (26, 1), (40, 1), (51, 6), (55, 7), (68, 1), (69, 7), (124, 3), (130, 1), (148, 2), (153, 2), (181, 5), (183, 2), (191, 3), (200, 1), (222, 1), (248, 3), (264, 4), (268, 1), (273, 8), (297, 1), (306, 1), (332, 1), (339, 2), (350, 6), (388, 1), (405, 2), (409, 2), (416, 7), (436, 6), (479, 3), (507, 2), (525, 4), (528, 1), (530, 1), (536, 2), (537, 1), (558, 1), (562, 1), (570, 8), (579, 1), (586, 1), (603, 4), (627, 20), (631, 1), (643, 2), (658, 3), (663, 1), (696, 2), (704, 3), (731, 2), (746, 1), (751, 2), (772, 12), (775, 4), (789, 4), (800, 1), (802, 1), (804, 6), (808, 1), (824, 1), (841, 1), (842, 1), (893, 2), (904, 1), (913, 4), (922, 1), (944, 1), (952, 2), (962, 2), (966, 7), (1002, 10), (1011, 2), (1016, 8), (1019, 4), (1038, 2), (1111, 1), (1114, 1), (1122, 2), (1152, 2), (1156, 2), (1171, 1), (1180, 2), (1203, 1), (1226, 3), (1253, 1), (1276, 1), (1282, 1), (1299, 3), (1343, 1), (1354, 2), (1361, 2), (1374, 3)
