toss (DF: 25): (5300, 1), (5653, 1), (5682, 1), (5970, 1), (6268, 1), (6314, 1), (6550, 2), (6595, 4), (7198, 3), (7349, 1), (7464, 1), (7635, 1), (7987, 1), (8135, 1), (8141, 1), (8602, 3), (8708, 1), (9177, 1), (9262, 1), (9303, 24), (9486, 2), (9574, 3), (9677, 6), (9822, 1), (9846, 1)
tossic (DF: 3): (2567, 2), (4992, 2), (6631, 1)
tossin (DF: 8): (823, 1), (1733, 1), (3642, 1), (6472, 1), (6923, 1), (8811, 1), (9191, 1), (9226, 1)
tost (DF: 2): (216, 1), (3421, 1)
tosti (DF: 1): (6303, 1)
toston (DF: 1): (4661, 1)
tot (DF: 30): (151, 1), (493, 1), (710, 1), (1284, 1), (1318, 2), (1432, 2), (1619, 1), (2316, 1), (2327, 6), (2354, 1), (2881, 1), (3230, 1), (3453, 1), (3462, 1), (4356, 4), (5035, 3), (5173, 1), (5352, 1), (6026, 1), (6184, 17), (6249, 4), (6641, 1), (7310, 1), (7463, 1), (7547, 2), (7820, 1), (8260, 1), (8274, 1), (9425, 1), (9788, 1)
total (DF: 40): (316, 1), (382, 4), (405, 1), (455, 1), (544, 1), (979, 1), (1141, 1), (1328, 1), (1766, 1), (1893, 1), (2048, 1), (2628, 4), (2636, 1), (2779, 1), (3251, 1), (3712, 1), (4008, 1), (4054, 2), (4404, 1), (4984, 1), (5037, 3), (5102, 1), (5107, 1), (5416, 2), (5729, 1), (5974, 1), (6176, 1), (6445, 5), (6852, 1), (7651, 1), (7713, 1), (8145, 1), (8319, 1), (8803, 4), (9302, 1), (9351, 1), (9373, 1), (9635, 1), (9690, 4), (9777, 1)
tote (DF: 26): (181, 1), (407, 1), (1059, 1), (1547, 1), (1730, 1), (2991, 1), (3180, 2), (3485, 1), (3538, 1), (3999, 1), (4767, 1), (4880, 1), (4985, 1), (5583, 1), (5596, 1), (5918, 1), (7540, 1), (8055, 2), (8237, 6), (8756, 1), (8976, 1), (9152, 1), (9419, 1), (9451, 1), (9493, 3), (9763, 1)
toteking (DF: 1): (2316, 1)
totem (DF: 2): (1856, 1), (3223, 1)
totgenervt (DF: 1): (1244, 1)
totin (DF: 8): (21, 1), (993, 1), (2563, 1), (3589, 1), (4652, 1), (4931, 1), (7691, 1), (8467, 2)
totit (DF: 2): (2336, 1), (4704, 1)
toto (DF: 8): (2104, 1), (2577, 2), (2955, 1), (4883, 2), (5096, 1), (8373, 3), (8870, 2), (9885, 2)
totoo (DF: 1): (0, 1)
tottenham (DF: 1): (1574, 2)
totter (DF: 1): (1032, 1)
totti (DF: 1): (5990, 1)
toucan (DF: 1): (7339, 1)
touch (DF: 229): (3, 1), (13, 1), (33, 2), (34, 4), (43, 9), (57, 2), (85, 1), (119, 1), (121, 1), (145, 2), (158, 1), (166, 5), (190, 8), (197, 1), (205, 11), (222, 1), (247, 4), (253, 1), (255, 1), (257, 1), (270, 1), (273, 4), (295, 1), (321, 5), (327, 5), (373, 1), (394, 4), (406, 1), (433, 1), (452, 2), (457, 1), (471, 1), (479, 3), (487, 2), (499, 2), (518, 2), (542, 2), (543, 1), (551, 3), (573, 1), (589, 1), (593, 11), (604, 4), (636, 1), (641, 1), (646, 1), (660, 2), (672, 5), (711, 1), (729, 1), (736, 1), (740, 1), (787, 1), (811, 5), (830, 1), (835, 2), (859, 5), (877, 1), (899, 2), (916, 1), (926, 6), (939, 1), (948, 2), (966, 1), (969, 3), (981, 3), (989, 4), (1024, 1), (1048, 2), (1069, 1), (1087, 6), (1119, 1), (1123, 1), (1143, 17), (1154, 1), (1171, 2), (1173, 1), (1180, 2), (1188, 2), (1214, 6), (1269, 1), (1283, 16), (1315, 2), (1321, 1), (1343, 1), (1355, 1), (1358, 1), (1373, 9), (1378, 2), (1388, 1), (1400, 4), (1434, 1), (1471, 1), (1493, 3), (1499, 1), (1518, 1), (1574, 2), (1605, 2), (1610, 1), (1620, 1), (1629, 1), (1638, 4), (1643, 2), (1648, 1), (1657, 2), (1660, 1), (1679, 1), (1719, 1), (1725, 10), (1738, 1), (1772, 3), (1775, 1), (1851, 2), (1856, 1), (1879, 2), (1900, 4), (1904, 9), (1916, 6), (1946, 16), (1952, 2), (1969, 1), (1975, 4), (1998, 1), (2014, 3), (2064, 1), (2067, 1), (2099, 5), (2104, 4), (2131, 1), (2139, 2), (2175, 18), (2186, 1), (2196, 15), (2213, 1), (2239, 6), (2245, 1), (2254, 3), (2277, 1), (2281, 2), (2298, 1), (2310, 1), (2340, 1), (2349, 1), (2350, 1), (2363, 16), (2375, 1), (2423, 1), (2456, 1), (2462, 1), (2482, 3), (2540, 2), (2557, 1), (2583, 1), (2586, 3), (2589, 2), (2595, 6), (2603, 1), (2619, 1), (2625, 2), (2633, 2), (2640, 4), (2647, 2), (2655, 9), (2673, 1), (2692, 1), (2696, 2), (2710, 1), (2713, 4), (2716, 2), (2734, 2), (2742, 6), (2746, 1), (2752, 1), (2756, 1), (2758, 2), (2765, 1), (2769, 2), (2771, 1), (2776, 1), (2790, 1), (2802, 1), (2825, 30), (2854, 2), (2856, 1), (2865, 1), (2872, 3), (2884, 1), (2920, 3), (2959, 1), (2976, 1), (2979, 2), (2985, 1), (3011, 15), (3018, 1), (3040, 5), (3056, 2), (3081, 2), (3084, 3), (3089, 2), (3149, 6), (3162, 3), (3164, 1), (3168, 1), (3207, 1), (3234, 8), (3237, 8), (3242, 1), (3271, 2), (3275, 1), (3283, 2), (3297, 6), (3306, 1), (3312, 1), (3318, 2), (3329, 1), (3337, 9), (3392, 1), (3394, 3), (3405, 2), (3413, 1), (3425, 3), (3433, 14), (3443, 1), (3446, 1), (3465, 1), (3498, 1), (3514, 15), (3534, 2), (3556, 1)
