highway (DF: 63): (1852, 2), (2004, 4), (2350, 1), (2595, 1), (2649, 1), (2707, 1), (2711, 1), (2963, 6), (3488, 1), (3704, 1), (3784, 7), (3802, 1), (3811, 1), (4119, 1), (4177, 1), (4270, 1), (4389, 1), (4730, 4), (5088, 1), (5215, 1), (5572, 7), (5656, 6), (5863, 1), (5988, 2), (6002, 1), (6039, 1), (6156, 1), (6213, 1), (6259, 13), (6348, 1), (6598, 1), (6630, 4), (6767, 1), (7057, 1), (7081, 62), (7159, 2), (7202, 1), (7259, 6), (7291, 1), (7442, 2), (7450, 1), (7484, 2), (7498, 1), (7992, 1), (8011, 1), (8056, 1), (8209, 1), (8336, 1), (8339, 2), (8527, 1), (8929, 1), (9011, 7), (9069, 6), (9192, 3), (9370, 2), (9408, 1), (9458, 4), (9477, 1), (9555, 1), (9576, 1), (9826, 1), (9896, 12), (9971, 1)
hih (DF: 1): (3660, 1)
hihihi (DF: 1): (4629, 1)
hihintayin (DF: 1): (4657, 1)
hij (DF: 44): (175, 1), (276, 1), (468, 6), (711, 1), (875, 1), (1432, 4), (1461, 1), (1481, 2), (1631, 1), (2316, 1), (2662, 1), (2967, 2), (3351, 1), (3666, 4), (3722, 1), (4143, 6), (4347, 2), (4560, 1), (4849, 1), (5126, 1), (5276, 2), (5613, 2), (5647, 1), (6008, 1), (6184, 1), (6251, 23), (6808, 1), (7151, 16), (7392, 2), (7508, 1), (7646, 1), (7773, 6), (7820, 1), (8128, 5), (8199, 1), (8418, 1), (8429, 1), (8733, 3), (9185, 2), (9196, 1), (9425, 1), (9437, 2), (9469, 1), (9864, 1)
hijack (DF: 4): (4522, 1), (5495, 1), (7278, 1), (9708, 1)
hijo (DF: 1): (34, 1)
hiju (DF: 1): (9060, 3)
hijuepu (DF: 1): (4246, 1)
hijueput (DF: 5): (444, 1), (1810, 2), (2306, 2), (2309, 1), (4560, 2)
hijuga (DF: 1): (6748, 1)
hik (DF: 1): (4985, 1)
hikari (DF: 1): (4373, 4)
hikaruma (DF: 1): (8000, 1)
hike (DF: 6): (1456, 1), (2841, 1), (3251, 1), (3329, 2), (4044, 1), (6274, 1)
hikk (DF: 1): (9519, 1)
hil (DF: 9): (371, 1), (632, 2), (3726, 2), (4345, 2), (5276, 1), (5674, 1), (7380, 2), (9185, 1), (9246, 1)
hilari (DF: 2): (6634, 1), (8987, 1)
hile (DF: 1): (5932, 1)
hilera (DF: 1): (3872, 2)
hilf (DF: 1): (1484, 1)
hilfig (DF: 3): (2855, 1), (3923, 1), (7278, 1)
hilft (DF: 2): (880, 1), (3123, 1)
hilit (DF: 2): (762, 1), (8785, 1)
hill (DF: 150): (40, 1), (48, 4), (80, 1), (128, 1), (276, 5), (285, 1), (306, 1), (316, 1), (380, 1), (675, 2), (868, 1), (943, 2), (983, 1), (1041, 1), (1063, 1), (1152, 1), (1154, 2), (1211, 2), (1223, 4), (1287, 1), (1322, 1), (1341, 1), (1351, 2), (1475, 1), (1488, 2), (1497, 1), (1520, 3), (1586, 3), (1604, 1), (1612, 2), (1638, 1), (1808, 1), (1920, 5), (1950, 1), (2006, 2), (2031, 1), (2042, 1), (2117, 1), (2126, 1), (2198, 1), (2421, 1), (2482, 1), (2561, 2), (2581, 1), (2584, 3), (2652, 1), (2762, 1), (2914, 3), (2935, 2), (2957, 2), (3003, 1), (3037, 2), (3170, 2), (3195, 2), (3294, 1), (3335, 2), (3351, 5), (3404, 1), (3428, 1), (3439, 1), (3562, 1), (3569, 1), (3663, 2), (3743, 2), (3900, 2), (3930, 1), (3949, 1), (3962, 1), (3998, 4), (4062, 1), (4109, 1), (4254, 1), (4279, 5), (4302, 1), (4446, 1), (4468, 2), (4493, 3), (4641, 1), (4654, 18), (4680, 7), (4731, 1), (4736, 7), (4746, 1), (4852, 4), (5040, 1), (5124, 1), (5325, 4), (5340, 1), (5436, 2), (5511, 1), (5570, 2), (5610, 2), (5711, 6), (5716, 4), (5731, 1), (5811, 2), (5857, 17), (5925, 3), (5957, 1), (6050, 2), (6254, 1), (6342, 1), (6408, 1), (6607, 2), (6618, 2), (6657, 2), (6714, 12), (6784, 1), (6916, 1), (7002, 1), (7014, 14), (7051, 5), (7073, 1), (7134, 3), (7197, 1), (7364, 1), (7496, 1), (7717, 2), (7751, 3), (7787, 1), (7917, 1), (7947, 3), (8187, 3), (8212, 1), (8378, 1), (8458, 2), (8532, 1), (8543, 1), (8555, 1), (8709, 1), (8728, 2), (8772, 3), (8778, 1), (8878, 1), (8959, 1), (9077, 1), (9119, 1), (9134, 1), (9190, 1), (9304, 1), (9317, 1), (9466, 1), (9486, 2), (9493, 3), (9541, 18), (9603, 5), (9657, 1), (9826, 1), (9846, 1), (9947, 2)
hillari (DF: 6): (405, 1), (772, 2), (1812, 1), (3597, 1), (6899, 1), (8676, 1)
hillbilli (DF: 1): (4645, 1)
hilli (DF: 1): (1174, 1)
hills (DF: 1): (8580, 1)
hillsid (DF: 5): (3204, 1), (4169, 1), (4586, 5), (4821, 1), (5450, 8)
hillsong (DF: 5): (1667, 1), (3115, 1), (7664, 1), (8365, 1), (8834, 1)
hilton (DF: 3): (1739, 1), (2177, 1), (8172, 1)
hiltoni (DF: 1): (4582, 1)
him (DF: 2): (2757, 2), (4308, 1)
hima (DF: 1): (4012, 1)
himalaya (DF: 4): (3067, 1), (7117, 1), (7373, 1), (8564, 1)
himig (DF: 2): (4563, 1), (9528, 1)
himitsu (DF: 1): (4012, 1)
himmel (DF: 4): (2100, 8), (3381, 1), (8340, 18), (9236, 1)
himmeln (DF: 1): (8498, 1)
himmlisch (DF: 1): (1758, 1)
himn (DF: 2): (24, 1), (2877, 1)
hina (DF: 1): (988, 18)
