playin (DF: 89): (4168, 1), (4196, 1), (4339, 1), (4506, 1), (4523, 1), (4575, 1), (4712, 2), (4745, 1), (4866, 1), (5170, 2), (5222, 1), (5251, 1), (5323, 1), (5409, 2), (5484, 2), (5570, 2), (5797, 18), (5879, 1), (5902, 1), (5954, 1), (6061, 1), (6086, 2), (6108, 2), (6121, 1), (6146, 3), (6182, 1), (6256, 1), (6259, 1), (6380, 1), (6390, 1), (6442, 1), (6464, 1), (6565, 3), (6755, 1), (6799, 1), (6846, 1), (6852, 1), (6876, 2), (6890, 1), (6903, 3), (6926, 1), (6992, 5), (7097, 1), (7123, 1), (7133, 1), (7137, 1), (7204, 3), (7249, 1), (7276, 1), (7304, 1), (7315, 2), (7348, 1), (7591, 2), (7696, 1), (7763, 1), (7857, 1), (7874, 1), (7924, 1), (7955, 1), (8108, 2), (8182, 2), (8325, 1), (8387, 1), (8467, 1), (8501, 1), (8568, 8), (8570, 1), (8641, 2), (8687, 1), (8830, 2), (8975, 1), (9061, 1), (9116, 1), (9322, 1), (9333, 3), (9485, 4), (9569, 1), (9579, 2), (9670, 2), (9699, 1), (9730, 1), (9808, 1), (9831, 2), (9922, 1), (9953, 1), (7217, 2), (7218, 1), (7814, 5), (7815, 1)
playing (DF: 1): (3697, 1)
playit (DF: 2): (403, 3), (9040, 2)
playlist (DF: 232): (9, 1), (25, 1), (27, 1), (103, 1), (140, 1), (195, 1), (277, 1), (303, 1), (347, 1), (358, 1), (363, 1), (515, 1), (529, 1), (535, 1), (589, 1), (775, 1), (875, 1), (924, 1), (978, 1), (1000, 1), (1002, 1), (1010, 1), (1035, 1), (1079, 1), (1397, 1), (1454, 1), (1507, 1), (1528, 1), (1546, 1), (1559, 1), (1605, 1), (1744, 1), (1774, 1), (1783, 1), (1800, 1), (1818, 1), (1820, 1), (1848, 1), (1861, 1), (1955, 1), (1995, 1), (1999, 1), (2002, 1), (2039, 1), (2059, 1), (2139, 1), (2162, 1), (2332, 1), (2398, 1), (2498, 1), (2518, 1), (2549, 1), (2610, 1), (2679, 1), (2687, 1), (2991, 1), (3025, 1), (3039, 1), (3109, 1), (3119, 1), (3157, 1), (3210, 1), (3218, 1), (3238, 1), (3251, 1), (3295, 1), (3316, 1), (3331, 1), (3439, 1), (3482, 1), (3491, 1), (3561, 1), (3601, 1), (3664, 1), (3717, 1), (3721, 1), (3765, 1), (3784, 1), (3896, 1), (3936, 1), (3938, 1), (3951, 1), (3954, 1), (3972, 1), (3988, 1), (4061, 1), (4086, 1), (4110, 1), (4143, 1), (4152, 1), (4183, 1), (4249, 1), (4279, 1), (4601, 1), (4664, 1), (4687, 1), (4701, 1), (4788, 1), (4873, 1), (4885, 1), (4933, 1), (5000, 1), (5020, 1), (5037, 1), (5048, 1), (5121, 1), (5177, 1), (5187, 1), (5189, 1), (5255, 1), (5309, 1), (5321, 1), (5439, 1), (5507, 1), (5666, 1), (5723, 1), (5751, 1), (5802, 1), (5821, 1), (5825, 1), (5885, 1), (5888, 1), (5932, 1), (5955, 1), (5979, 1), (6024, 1), (6168, 1), (6236, 1), (6250, 1), (6264, 1), (6268, 1), (6368, 1), (6395, 1), (6420, 1), (6626, 1), (6761, 1), (6778, 1), (6812, 1), (6853, 1), (6918, 1), (6923, 1), (6934, 1), (7017, 1), (7021, 1), (7115, 1), (7120, 1), (7132, 1), (7251, 1), (7262, 1), (7277, 1), (7281, 1), (7451, 1), (7461, 1), (7536, 1), (7549, 1), (7635, 1), (7686, 1), (7751, 1), (7811, 1), (7837, 1), (7882, 1), (7910, 1), (7913, 1), (7999, 1), (8054, 1), (8062, 1), (8069, 1), (8130, 1), (8161, 1), (8165, 3), (8174, 1), (8179, 1), (8208, 1), (8215, 1), (8284, 1), (8295, 1), (8299, 1), (8475, 1), (8561, 1), (8671, 1), (8674, 1), (8685, 1), (8768, 1), (8780, 1), (8848, 1), (8895, 1), (8917, 1), (8936, 1), (8950, 1), (8970, 1), (9014, 1), (9077, 1), (9129, 1), (9203, 1), (9222, 1), (9249, 1), (9277, 1), (9312, 1), (9329, 1), (9354, 1), (9379, 1), (9397, 1), (9418, 1), (9420, 1), (9503, 1), (9552, 1), (9563, 1), (9596, 1), (9664, 1), (9671, 1), (9694, 1), (9704, 1), (9738, 1), (9751, 1), (9794, 1), (9798, 1), (9815, 1), (9847, 1), (9873, 1), (9885, 1), (9893, 1), (9906, 1), (9912, 1), (9945, 1), (9965, 1), (9985, 1), (441, 1), (442, 1), (1851, 1), (1852, 1), (4889, 1), (4890, 1)
playmak (DF: 2): (197, 1), (8536, 1)
playmat (DF: 1): (8657, 1)
playmisogi (DF: 1): (8669, 1)
playoff (DF: 1): (5036, 1)
playpen (DF: 3): (1913, 1), (7142, 1), (9000, 1)
playstat (DF: 2): (5267, 1), (7133, 1)
playth (DF: 2): (1892, 1), (6931, 1)
playthang (DF: 1): (8233, 25)
playtim (DF: 1): (6363, 1)
playwutchyalik (DF: 1): (9295, 1)
plaz (DF: 9): (1277, 1), (1424, 1), (3590, 1), (3768, 2), (4382, 1), (5109, 4), (6691, 2), (7031, 1), (9040, 2)
plaza (DF: 1): (2687, 1)
plaît (DF: 2): (2260, 1), (5622, 1)
ple (DF: 7): (446, 1), (1061, 1), (3903, 1), (5525, 4), (5674, 1), (5762, 1), (9903, 1)
plea (DF: 12): (159, 1), (796, 1), (1860, 1), (2264, 2), (3805, 1), (4658, 2), (5934, 1), (7098, 1), (7207, 1), (7829, 1), (8254, 1), (8416, 1)
plead (DF: 20): (445, 1), (842, 3), (1674, 1), (1877, 1), (2254, 1), (3741, 1), (3912, 1), (3940, 1), (4063, 2), (4503, 1), (5289, 1), (5302, 1), (5672, 1), (6059, 2), (6104, 1), (7471, 4), (8375, 1), (8843, 3), (9341, 1), (9967, 1)
pleadin (DF: 1): (4652, 1)
pleas (DF: 18): (3, 1), (17, 5), (54, 1), (100, 1), (124, 1), (135, 1), (138, 1), (153, 2), (171, 2), (190, 1), (200, 1), (238, 2), (240, 2), (244, 2), (268, 1), (279, 4), (287, 8), (356, 2)
