wsiada (DF: 1): (1918, 2)
wsiadaj (DF: 1): (8509, 8)
wsiadam (DF: 1): (250, 3)
wskee (DF: 1): (8336, 1)
wspó (DF: 1): (250, 1)
wstawiaj (DF: 1): (7916, 1)
wstyd (DF: 1): (7916, 1)
wstydu (DF: 1): (7916, 1)
wsz (DF: 3): (661, 1), (908, 2), (1825, 2)
wszech (DF: 1): (4405, 1)
wszed (DF: 1): (6457, 1)
wszysci (DF: 1): (6441, 3)
wszystki (DF: 2): (661, 1), (6441, 1)
wszystkich (DF: 2): (908, 1), (9695, 2)
wszystkim (DF: 2): (1655, 4), (6457, 1)
wszystko (DF: 10): (250, 1), (1825, 8), (2951, 1), (4311, 1), (4358, 2), (6457, 1), (7313, 18), (7344, 1), (9085, 2), (9695, 2)
wted (DF: 1): (6219, 1)
wtedi (DF: 3): (250, 4), (908, 1), (6754, 1)
wtf (DF: 1): (7137, 2)
wth (DF: 1): (9826, 1)
wtme (DF: 1): (4008, 3)
wtp (DF: 1): (8802, 1)
wu (DF: 26): (178, 1), (270, 1), (996, 3), (1013, 1), (1922, 4), (3513, 1), (3731, 4), (4188, 2), (4218, 5), (4407, 13), (4641, 2), (4746, 6), (5352, 1), (5729, 1), (5773, 2), (6214, 1), (6239, 2), (6607, 8), (6800, 1), (7192, 1), (7480, 3), (7580, 1), (7690, 2), (7973, 4), (8532, 1), (9996, 1)
wuah (DF: 1): (2972, 2)
wuchs (DF: 1): (3212, 3)
wuchumacallit (DF: 1): (110, 1)
wuf (DF: 1): (9697, 3)
wuffin (DF: 1): (5682, 1)
wuh (DF: 90): (14, 1), (284, 2), (444, 8), (910, 3), (996, 4), (1213, 2), (1221, 2), (1284, 1), (1296, 1), (1668, 10), (1803, 7), (1810, 4), (2070, 1), (2183, 1), (2210, 1), (2336, 3), (2461, 2), (2739, 1), (2828, 1), (2972, 4), (3513, 1), (3590, 8), (3996, 1), (4143, 13), (4152, 3), (4180, 2), (4188, 2), (4207, 1), (4257, 15), (4289, 1), (4356, 8), (4386, 3), (4518, 1), (4951, 10), (5035, 3), (5174, 9), (5224, 5), (5352, 9), (5399, 6), (5475, 4), (5588, 1), (5796, 2), (5906, 1), (6205, 6), (6239, 2), (6422, 6), (6436, 9), (6438, 1), (6541, 1), (6588, 42), (6674, 4), (6808, 3), (6928, 2), (6932, 6), (6947, 1), (7021, 4), (7028, 2), (7049, 6), (7255, 1), (7258, 2), (7342, 48), (7435, 12), (7508, 5), (7513, 4), (7742, 2), (7749, 2), (7766, 4), (7876, 1), (7942, 3), (8036, 2), (8131, 1), (8278, 1), (8352, 14), (8415, 28), (8478, 4), (8632, 1), (8817, 3), (8909, 2), (8919, 2), (8945, 1), (9018, 10), (9067, 4), (9185, 3), (9196, 2), (9302, 2), (9387, 5), (9580, 8), (9697, 9), (9818, 4), (9864, 1)
wuhkelmitt (DF: 1): (2336, 1)
wuhne (DF: 1): (2336, 1)
wumm (DF: 2): (3849, 1), (8829, 1)
wummi (DF: 1): (2050, 12)
wun (DF: 3): (4929, 1), (5548, 1), (7891, 1)
wund (DF: 1): (1771, 1)
wunderbar (DF: 2): (3466, 1), (8932, 1)
wundert (DF: 1): (5577, 1)
wunsch (DF: 7): (1244, 2), (2078, 1), (2327, 1), (3462, 1), (4816, 1), (8651, 1), (9788, 1)
wunt (DF: 1): (607, 1)
wuo (DF: 2): (3459, 2), (7205, 1)
wuoh (DF: 1): (14, 3)
wuouohh (DF: 1): (3418, 2)
wur (DF: 2): (7439, 1), (9080, 1)
wurd (DF: 18): (484, 1), (493, 2), (880, 1), (1238, 2), (1942, 1), (2637, 1), (2729, 1), (3123, 1), (3932, 4), (4998, 1), (5051, 1), (5053, 1), (5214, 1), (5382, 1), (6835, 1), (7521, 1), (8670, 1), (9199, 1)
wurfel (DF: 1): (2463, 1)
wurm (DF: 1): (4004, 1)
wurzel (DF: 1): (3480, 1)
wurzeln (DF: 2): (3962, 1), (8670, 1)
wussi (DF: 1): (5682, 1)
wussup (DF: 3): (1579, 1), (2377, 2), (7237, 1)
wust (DF: 1): (2463, 1)
wut (DF: 5): (2463, 1), (6197, 1), (6206, 1), (8651, 1), (8778, 3)
wutcha (DF: 1): (2692, 1)
wuu (DF: 1): (3552, 2)
wuz (DF: 1): (1469, 1)
wwa (DF: 2): (250, 1), (7313, 1)
wwe (DF: 1): (661, 1)
wy (DF: 8): (1197, 1), (1379, 1), (3504, 1), (5569, 4), (6754, 1), (7255, 1), (8452, 1), (9647, 2)
wyaf (DF: 1): (8483, 2)
wyatt (DF: 1): (2584, 1)
wybieraj (DF: 2): (1655, 1), (6007, 1)
wybuja (DF: 1): (7313, 1)
wychod (DF: 1): (9647, 6)
wychodz (DF: 1): (7071, 1)
wycinam (DF: 1): (9781, 2)
wyclef (DF: 5): (1580, 3), (3884, 1), (5687, 3), (9234, 1), (9376, 1)
wydaj (DF: 1): (7071, 12)
wydam (DF: 1): (6457, 1)
wydawa (DF: 1): (4358, 1)
wyg (DF: 1): (9085, 2)
wygl (DF: 3): (3744, 4), (4914, 2), (6441, 1)
wygra (DF: 1): (6678, 1)
wygrana (DF: 1): (7344, 3)
wygrasz (DF: 1): (6441, 1)
wyje (DF: 2): (4358, 1), (4582, 4)
wyjeb (DF: 1): (7916, 6)
wyjeban (DF: 1): (4358, 4)
wyjmuj (DF: 1): (4358, 1)
wyk (DF: 1): (8452, 2)
wykorzystam (DF: 1): (7313, 1)
wykr (DF: 1): (2951, 1)
wykurwiaj (DF: 1): (7916, 1)
wyliczyli (DF: 1): (8604, 2)
wylin (DF: 2): (5899, 1), (6885, 2)
wyluzuj (DF: 1): (9085, 2)
wyman (DF: 1): (7695, 2)
wymi (DF: 1): (2951, 1)
wymienia (DF: 1): (7916, 1)
wynardtag (DF: 1): (3599, 1)
wynn (DF: 1): (9116, 1)
wynter (DF: 1): (1393, 1)
wynwood (DF: 1): (4072, 1)
wyobra (DF: 1): (7313, 1)
wyp (DF: 1): (7916, 1)
wypadek (DF: 1): (8604, 3)
wypadku (DF: 1): (4582, 2)
wypalana (DF: 1): (661, 1)
wypierdalaj (DF: 1): (1825, 8)
wyprzedam (DF: 1): (7916, 1)
wyro (DF: 1): (4358, 1)
wyrocznia (DF: 1): (2951, 1)
wyrosn (DF: 1): (1825, 2)
wysoko (DF: 1): (7916, 1)
wyst (DF: 1): (908, 1)
wystawi (DF: 1): (6754, 1)
wystawiam (DF: 1): (6441, 1)
wysz (DF: 1): (4859, 4)
wzi (DF: 3): (1655, 1), (4405, 1), (7356, 1)
wzmacnia (DF: 1): (7313, 1)
wzrok (DF: 1): (1655, 4)
wè (DF: 1): (905, 1)
wóda (DF: 1): (7071, 1)
x (DF: 140): (186, 1), (226, 1), (339, 6), (369, 1), (430, 1), (471, 2), (507, 1), (535, 2), (579, 1), (676, 1), (881, 1), (894, 1), (905, 1), (1160, 1), (1179, 1), (1203, 1), (1263, 1), (1282, 3), (1319, 1), (1374, 2), (1466, 2), (1627, 1), (1930, 1), (1941, 1), (1956, 1), (1970, 1), (1991, 1), (2002, 1), (2028, 1), (2187, 1), (2258, 1), (2322, 1), (2341, 1), (2397, 1), (2607, 32), (2669, 1), (2767, 3), (2820, 1), (2967, 1), (3045, 2), (3067, 1), (3088, 1), (3279, 1), (3305, 1), (3334, 1), (3392, 1), (3463, 1), (3538, 3), (3660, 1), (3769, 1), (3815, 2), (3943, 1), (4038, 1), (4091, 1), (4140, 1), (4188, 1), (4228, 1), (4282, 1), (4365, 2), (4432, 1), (4437, 1), (4479, 1), (4669, 2), (4735, 1), (4745, 1), (4784, 3), (5035, 1), (5101, 1), (5107, 1), (5121, 1), (5143, 4), (5152, 3), (5271, 1), (5489, 1), (5724, 2), (5727, 1), (5801, 1), (5884, 1), (5941, 1), (6118, 17), (6165, 3), (6239, 1), (6266, 1), (6425, 4), (6474, 1), (6582, 1), (6645, 2), (6760, 1), (6831, 1), (6986, 1), (6988, 1), (7046, 4), (7236, 1), (7288, 1), (7294, 1), (7297, 1), (7299, 1), (7302, 1), (7435, 2), (7475, 1), (7495, 2), (7554, 1), (7574, 1), (7603, 1), (7654, 1), (7696, 1), (7699, 1), (7745, 2), (7865, 1), (7913, 1), (7956, 1), (7991, 1), (8209, 1), (8251, 1), (8254, 1), (8278, 1), (8319, 1), (8343, 1), (8376, 2), (8384, 1), (8409, 1), (8653, 8), (8773, 1), (8803, 4), (8905, 1), (8932, 1), (9017, 2), (9062, 1), (9125, 1), (9141, 1), (9153, 1), (9156, 1), (9463, 1), (9475, 1), (9519, 2), (9737, 1), (9797, 1), (9820, 1), (9861, 1), (9894, 1)
x1 (DF: 4): (2903, 1), (6862, 1), (8242, 1), (9968, 1)
x10 (DF: 1): (2416, 1)
x14 (DF: 2): (1107, 1), (8110, 2)
x16 (DF: 1): (3797, 1)
x2 (DF: 96): (108, 5), (149, 2), (354, 2), (366, 2), (406, 1), (484, 1), (493, 2), (540, 1), (574, 2), (636, 2), (892, 2), (951, 1), (1022, 1), (1269, 1), (1390, 1), (1513, 1), (1524, 3), (1582, 6), (1710, 1), (2208, 4), (2224, 2), (2260, 1), (2264, 4), (2483, 1), (2525, 2), (2578, 2), (2692, 1), (2792, 2), (3269, 3), (3292, 1), (3418, 2), (3463, 3), (3489, 2), (3490, 2), (3744, 4), (4224, 2), (4399, 2), (4461, 1), (4475, 1), (4527, 1), (4617, 1), (4628, 1), (4852, 1), (5002, 3), (5166, 1), (5229, 2), (5653, 1), (5716, 1), (5735, 3), (5780, 3), (6164, 1), (6207, 5), (6339, 3), (6425, 3), (6467, 1), (6621, 1), (6723, 2), (6796, 1), (6862, 1), (7096, 4), (7103, 1), (7177, 1), (7354, 1), (7394, 1), (7401, 1), (7421, 2), (7426, 2), (7574, 1), (7588, 1), (7589, 2), (7615, 3), (7641, 4), (7798, 1), (7817, 1), (7914, 1), (7958, 1), (7961, 1), (8206, 4), (8231, 1), (8242, 1), (8342, 3), (8386, 4), (8388, 1), (8559, 1), (8693, 4), (8787, 1), (8994, 1), (9092, 2), (9151, 1), (9171, 13), (9365, 1), (9430, 2), (9509, 1), (9772, 1), (9934, 1), (9968, 1)
x23 (DF: 1): (7999, 1)
