shadow (DF: 156): (192, 1), (209, 1), (219, 1), (258, 2), (368, 1), (389, 1), (585, 2), (668, 1), (729, 1), (849, 1), (925, 1), (1129, 1), (1158, 3), (1223, 1), (1234, 2), (1417, 1), (1472, 4), (1613, 1), (1634, 1), (1656, 1), (1713, 1), (1737, 6), (1785, 1), (1804, 1), (1827, 1), (1914, 4), (1938, 1), (1980, 1), (2139, 2), (2146, 12), (2250, 1), (2310, 1), (2378, 1), (2432, 1), (2492, 1), (2537, 1), (2859, 4), (2874, 2), (2942, 1), (3281, 2), (3291, 1), (3307, 2), (3352, 1), (3365, 3), (3441, 2), (3521, 1), (3563, 1), (3869, 1), (4055, 2), (4126, 4), (4137, 1), (4235, 1), (4247, 1), (4272, 1), (4296, 1), (4363, 5), (4394, 3), (4428, 1), (4489, 2), (4522, 1), (4527, 1), (4565, 1), (4570, 1), (4741, 1), (5074, 12), (5236, 1), (5256, 1), (5290, 1), (5328, 1), (5343, 1), (5371, 1), (5407, 1), (5454, 1), (5519, 2), (5722, 1), (5878, 1), (5880, 1), (5997, 1), (6010, 1), (6099, 2), (6110, 2), (6119, 2), (6125, 1), (6150, 2), (6182, 1), (6307, 1), (6383, 2), (6434, 1), (6582, 1), (6587, 1), (6683, 1), (6698, 1), (6702, 2), (6707, 1), (6774, 1), (6864, 2), (6868, 14), (6893, 1), (7015, 1), (7091, 1), (7109, 2), (7124, 1), (7148, 1), (7169, 6), (7289, 2), (7294, 1), (7359, 1), (7364, 1), (7473, 1), (7536, 3), (7606, 1), (7723, 1), (7727, 1), (7762, 4), (7848, 1), (7873, 3), (7927, 1), (7985, 1), (8025, 6), (8048, 1), (8070, 1), (8193, 2), (8322, 1), (8349, 2), (8397, 1), (8453, 2), (8458, 2), (8525, 2), (8584, 1), (8615, 2), (8918, 1), (8925, 1), (8937, 1), (8974, 2), (8993, 1), (9081, 1), (9151, 1), (9175, 2), (9217, 1), (9268, 5), (9330, 2), (9388, 1), (9421, 1), (9491, 4), (9691, 2), (9896, 6), (9922, 1), (9926, 6), (9950, 3), (67, 2), (68, 1), (102, 1), (104, 1), (421, 1), (422, 1), (8971, 1)
shadowbox (DF: 2): (4407, 1), (6445, 1)
shadowi (DF: 1): (1732, 1)
shadows (DF: 1): (9309, 1)
shadyk (DF: 1): (4629, 1)
shadyxv (DF: 1): (8496, 1)
shaft (DF: 3): (1833, 1), (5722, 2), (7320, 1)
shag (DF: 1): (1081, 1)
shaggi (DF: 3): (2878, 1), (9240, 2), (9844, 3)
shah (DF: 2): (3985, 1), (4650, 6)
shahe (DF: 2): (1076, 1), (7189, 1)
shahmen (DF: 2): (1699, 1), (3802, 1)
shai (DF: 3): (348, 2), (3472, 1), (9495, 1)
shak (DF: 4): (3570, 8), (4651, 1), (6600, 1), (7247, 1)
shaka (DF: 2): (4962, 1), (7247, 2)
shakalacka (DF: 1): (6738, 10)
shakalaka (DF: 1): (1161, 13)
shakara (DF: 1): (9825, 3)
shakat (DF: 1): (9882, 1)
shake (DF: 191): (2, 1), (20, 3), (61, 28), (99, 19), (104, 1), (131, 1), (174, 1), (182, 1), (188, 1), (237, 1), (324, 1), (377, 13), (420, 3), (436, 4), (449, 32), (486, 1), (514, 2), (547, 2), (586, 16), (600, 1), (612, 1), (622, 1), (642, 1), (660, 3), (671, 2), (680, 4), (684, 1), (693, 1), (708, 20), (721, 4), (756, 1), (787, 1), (823, 1), (883, 6), (912, 2), (944, 1), (973, 4), (992, 10), (1002, 12), (1067, 2), (1092, 1), (1104, 1), (1119, 1), (1129, 7), (1136, 1), (1181, 1), (1237, 1), (1246, 3), (1270, 1), (1328, 1), (1364, 2), (1372, 1), (1419, 1), (1439, 10), (1528, 12), (1562, 4), (1601, 1), (1650, 1), (1657, 2), (1661, 1), (1695, 3), (1705, 1), (1739, 6), (1846, 1), (1869, 1), (1891, 1), (1904, 1), (2000, 1), (2046, 1), (2060, 1), (2162, 6), (2193, 1), (2231, 2), (2241, 2), (2271, 1), (2291, 5), (2315, 1), (2322, 1), (2326, 1), (2347, 1), (2373, 39), (2389, 1), (2397, 7), (2404, 1), (2422, 1), (2428, 2), (2436, 1), (2442, 16), (2446, 1), (2527, 1), (2536, 1), (2561, 1), (2583, 5), (2597, 1), (2628, 2), (2787, 1), (2800, 1), (2809, 2), (2810, 2), (2816, 3), (2829, 1), (2837, 3), (2840, 2), (2868, 4), (2873, 1), (2884, 1), (3034, 1), (3089, 1), (3122, 1), (3132, 3), (3166, 1), (3167, 2), (3218, 1), (3234, 2), (3261, 29), (3303, 1), (3350, 1), (3377, 1), (3420, 1), (3451, 2), (3529, 17), (3601, 4), (3613, 1), (3624, 1), (3667, 8), (3741, 3), (3755, 16), (3761, 2), (3833, 1), (3857, 1), (3888, 2), (3913, 15), (3922, 4), (3925, 36), (3950, 1), (3951, 1), (3974, 1), (3990, 1), (4019, 1), (4042, 17), (4051, 2), (4053, 4), (4055, 1), (4069, 1), (4078, 24), (4083, 2), (4135, 1), (4153, 1), (4202, 5), (4218, 1), (4325, 1), (4397, 2), (4442, 2), (4489, 2), (4495, 2), (4499, 1), (4503, 1), (4513, 2), (4533, 2), (4553, 1), (4574, 1), (4576, 1), (4586, 1), (4604, 2), (4638, 2), (4720, 2), (4736, 7), (4746, 1), (4771, 2), (4836, 1), (4854, 1), (4861, 1), (4878, 1), (4884, 4), (4887, 1), (4899, 5), (4936, 2), (4943, 2), (4956, 1), (4959, 1), (4964, 2), (5015, 10), (5024, 6), (5037, 2), (5076, 3), (5088, 1), (5121, 1), (5154, 6), (5170, 26), (5200, 1), (5222, 4)
