niñ (DF: 15): (4886, 4), (4916, 4), (5198, 1), (6138, 1), (6249, 1), (6436, 3), (7166, 1), (7183, 1), (7799, 1), (8128, 1), (8318, 1), (8518, 2), (8733, 1), (9074, 3), (9797, 2)
niña (DF: 3): (3759, 2), (7477, 1), (9595, 1)
niñez (DF: 2): (1687, 1), (4484, 2)
njofim (DF: 1): (8829, 1)
nk (DF: 11): (45, 1), (82, 1), (139, 1), (1404, 1), (1607, 1), (2726, 1), (3273, 1), (3553, 1), (3742, 1), (7135, 1), (8511, 1)
nkan (DF: 1): (430, 1)
nkiru (DF: 1): (7051, 1)
nle (DF: 10): (181, 1), (1491, 1), (3589, 1), (4128, 2), (7276, 1), (7290, 4), (7516, 1), (7691, 2), (7926, 2), (8467, 1)
nlsn (DF: 1): (7228, 1)
nmm (DF: 1): (7207, 1)
nmout (DF: 1): (3660, 8)
nn (DF: 2): (4919, 8), (5949, 8)
nna (DF: 1): (8256, 1)
nnn (DF: 2): (4919, 4), (5949, 4)
nnnnnnnn (DF: 2): (4919, 1), (5949, 1)
nnyu (DF: 2): (4919, 1), (5949, 1)
no (DF: 46): (187, 21), (438, 1), (524, 3), (1447, 6), (1485, 5), (1800, 3), (1850, 4), (1987, 5), (2050, 1), (2518, 1), (2567, 4), (2757, 2), (3348, 1), (4086, 12), (4124, 5), (4192, 1), (4440, 4), (4587, 3), (4992, 4), (5051, 1), (5109, 5), (5116, 8), (5187, 1), (5214, 4), (5429, 1), (5476, 10), (5821, 2), (6341, 6), (6631, 3), (6691, 23), (6961, 6), (7000, 9), (7251, 1), (7694, 3), (7876, 26), (7910, 1), (8130, 12), (8198, 2), (8210, 1), (8264, 1), (8671, 1), (8777, 15), (8932, 2), (9222, 2), (9596, 1), (9671, 5)
noa (DF: 2): (3513, 2), (4188, 4)
noah (DF: 6): (1153, 1), (2435, 1), (7462, 1), (8345, 1), (9278, 1), (9489, 1)
nob (DF: 1): (6166, 1)
nobl (DF: 7): (924, 1), (3540, 1), (5974, 1), (6453, 1), (7973, 1), (8803, 4), (9952, 1)
noblez (DF: 1): (9179, 1)
nobli (DF: 1): (2789, 1)
nobo (DF: 1): (30, 1)
noboda (DF: 1): (3380, 1)
nobodi (DF: 257): (4, 1), (30, 4), (31, 1), (40, 1), (72, 2), (100, 28), (121, 1), (134, 2), (153, 2), (165, 2), (167, 3), (228, 2), (257, 1), (267, 2), (278, 4), (286, 1), (297, 8), (303, 4), (330, 1), (346, 1), (350, 1), (365, 1), (379, 1), (405, 1), (443, 1), (455, 1), (475, 1), (479, 12), (492, 8), (494, 1), (514, 2), (531, 1), (545, 1), (546, 4), (558, 3), (583, 1), (589, 4), (606, 5), (613, 1), (642, 1), (644, 2), (669, 2), (672, 6), (684, 1), (735, 2), (751, 4), (781, 1), (803, 1), (804, 1), (808, 2), (823, 1), (857, 1), (886, 1), (906, 1), (920, 1), (925, 1), (929, 1), (932, 1), (939, 1), (949, 1), (956, 2), (965, 36), (993, 1), (1001, 2), (1003, 1), (1020, 3), (1031, 1), (1049, 1), (1078, 2), (1088, 1), (1100, 3), (1143, 6), (1186, 2), (1192, 8), (1203, 1), (1205, 1), (1230, 11), (1245, 1), (1261, 1), (1269, 8), (1276, 2), (1304, 1), (1313, 1), (1326, 1), (1329, 1), (1334, 10), (1336, 1), (1353, 2), (1369, 1), (1374, 2), (1406, 1), (1468, 1), (1518, 1), (1529, 8), (1571, 10), (1598, 12), (1608, 2), (1650, 2), (1681, 10), (1688, 2), (1722, 1), (1725, 44), (1729, 1), (1734, 1), (1741, 19), (1760, 2), (1777, 2), (1789, 12), (1795, 1), (1820, 3), (1829, 1), (1855, 8), (1858, 1), (1880, 1), (1887, 1), (1904, 1), (1924, 2), (1961, 1), (1981, 1), (1990, 11), (1997, 11), (1999, 3), (2003, 1), (2025, 6), (2041, 6), (2071, 30), (2081, 1), (2091, 2), (2101, 22), (2131, 1), (2142, 2), (2189, 4), (2214, 4), (2218, 1), (2230, 1), (2244, 1), (2278, 1), (2294, 1), (2317, 1), (2323, 1), (2344, 1), (2349, 2), (2356, 1), (2359, 4), (2362, 2), (2440, 1), (2450, 1), (2453, 4), (2471, 2), (2489, 2), (2497, 1), (2502, 3), (2513, 1), (2554, 4), (2592, 1), (2608, 2), (2655, 1), (2674, 2), (2679, 1), (2724, 14), (2731, 1), (2735, 1), (2746, 1), (2767, 1), (2770, 1), (2771, 1), (2784, 1), (2802, 1), (2804, 1), (2811, 8), (2872, 1), (2887, 1), (2906, 1), (2920, 1), (2923, 1), (2949, 1), (3075, 2), (3085, 2), (3101, 9), (3110, 1), (3121, 2), (3128, 1), (3135, 1), (3140, 8), (3156, 1), (3174, 3), (3184, 4), (3225, 16), (3238, 2), (3307, 2), (3363, 4), (3368, 3), (3378, 6), (3410, 2), (3444, 1), (3468, 8), (3483, 1), (3496, 1), (3498, 1), (3520, 2), (3526, 2), (3576, 1), (3604, 1), (3636, 1), (3645, 2), (3651, 2), (3702, 3), (3710, 1), (3727, 1), (3769, 1), (3774, 2), (3779, 2), (3790, 1), (3796, 1), (3804, 1), (3808, 1), (3835, 4), (3912, 4), (3925, 2), (3937, 4), (3963, 1), (3967, 8), (3991, 6), (4008, 1), (4012, 1), (4021, 1), (4026, 1), (4045, 1), (4048, 1), (4096, 3), (4099, 1), (4103, 4), (4113, 4), (4132, 1), (4148, 4), (4155, 1), (4168, 1), (4174, 4), (4187, 58), (4239, 3), (4261, 1), (4325, 3), (4349, 2), (4377, 2), (4392, 4), (4452, 6), (4482, 2), (4500, 6), (4559, 2), (4575, 1), (4600, 2), (4608, 3), (4620, 1), (4621, 3), (4654, 1), (4668, 6), (4690, 1)
