king (DF: 196): (4386, 1), (4420, 13), (4454, 1), (4527, 3), (4533, 1), (4540, 2), (4585, 1), (4654, 1), (4681, 8), (4712, 2), (4727, 1), (4743, 1), (4764, 1), (4818, 2), (4824, 1), (4854, 1), (4855, 18), (4866, 9), (4877, 1), (4880, 1), (4905, 2), (4962, 4), (4995, 1), (5083, 1), (5090, 2), (5091, 1), (5199, 1), (5287, 1), (5312, 1), (5316, 1), (5317, 1), (5382, 1), (5390, 17), (5394, 2), (5421, 1), (5427, 1), (5445, 1), (5459, 1), (5483, 1), (5577, 1), (5598, 2), (5616, 1), (5751, 1), (5775, 2), (5810, 2), (5827, 3), (5909, 1), (5932, 2), (5939, 2), (5961, 2), (5979, 2), (6126, 4), (6134, 1), (6144, 5), (6151, 1), (6225, 2), (6232, 1), (6236, 1), (6249, 4), (6294, 1), (6340, 1), (6341, 1), (6343, 2), (6391, 1), (6399, 1), (6449, 1), (6462, 1), (6503, 1), (6524, 1), (6597, 3), (6599, 2), (6615, 1), (6651, 1), (6705, 2), (6714, 6), (6732, 3), (6761, 1), (6763, 3), (6766, 1), (6780, 1), (6788, 1), (6826, 1), (6835, 3), (6936, 1), (6960, 1), (6977, 2), (6995, 1), (7028, 2), (7050, 2), (7078, 1), (7106, 1), (7115, 8), (7121, 2), (7130, 1), (7134, 1), (7178, 1), (7183, 1), (7218, 1), (7222, 1), (7278, 1), (7289, 1), (7375, 6), (7417, 1), (7436, 1), (7464, 1), (7473, 1), (7520, 1), (7582, 1), (7583, 2), (7635, 3), (7691, 1), (7707, 1), (7712, 1), (7745, 2), (7747, 1), (7754, 2), (7776, 1), (7784, 1), (7827, 2), (7860, 1), (7876, 1), (7886, 3), (7897, 5), (7934, 4), (7993, 1), (8034, 1), (8038, 1), (8155, 1), (8172, 2), (8231, 2), (8270, 12), (8274, 1), (8378, 3), (8397, 8), (8447, 1), (8456, 2), (8470, 1), (8475, 1), (8523, 1), (8531, 1), (8555, 1), (8571, 1), (8577, 1), (8623, 1), (8630, 1), (8669, 1), (8698, 1), (8771, 1), (8833, 1), (8889, 1), (8960, 1), (9007, 2), (9027, 1), (9046, 1), (9049, 8), (9068, 4), (9091, 1), (9096, 3), (9110, 5), (9115, 1), (9125, 2), (9149, 1), (9185, 2), (9194, 1), (9207, 2), (9221, 1), (9263, 1), (9301, 1), (9349, 10), (9394, 1), (9415, 1), (9429, 1), (9443, 1), (9479, 3), (9497, 1), (9530, 1), (9538, 1), (9628, 1), (9632, 1), (9633, 1), (9646, 1), (9663, 1), (9719, 1), (9725, 2), (9730, 2), (9759, 1), (9772, 2), (9799, 1), (9835, 1), (9842, 1), (9947, 1), (9970, 1), (9979, 6), (9980, 1), (4827, 2), (4828, 1)
kingdom (DF: 34): (50, 1), (943, 1), (1341, 12), (1600, 1), (1925, 1), (2502, 1), (2611, 2), (2808, 1), (3115, 1), (3194, 1), (3468, 1), (3511, 4), (3751, 1), (3796, 1), (3967, 1), (4642, 3), (4708, 1), (5209, 4), (5654, 1), (5893, 1), (6192, 4), (6410, 1), (6766, 1), (7517, 1), (7762, 2), (7768, 1), (8288, 6), (8337, 8), (8365, 1), (8623, 1), (9110, 6), (9218, 1), (9272, 2), (9328, 1)
kingin (DF: 1): (2164, 1)
kingnik (DF: 1): (4427, 1)
kingpin (DF: 4): (1343, 1), (1957, 6), (8135, 1), (9936, 1)
kings (DF: 10): (46, 2), (3313, 3), (4804, 2), (5013, 1), (6321, 1), (7183, 1), (7886, 2), (7993, 1), (8243, 3), (9185, 2)
kingston (DF: 4): (181, 2), (686, 2), (3322, 2), (6193, 2)
kingz (DF: 28): (444, 1), (982, 2), (1046, 4), (1441, 1), (1478, 1), (1631, 3), (1682, 1), (1974, 1), (2278, 1), (2828, 1), (3631, 2), (3963, 1), (4143, 1), (4469, 2), (4503, 1), (4704, 1), (5467, 1), (6205, 4), (6243, 1), (6339, 1), (6515, 1), (6553, 1), (6808, 2), (7508, 2), (7760, 3), (8091, 2), (9185, 3), (9318, 2)
kini (DF: 1): (4053, 2)
kinjh (DF: 1): (4985, 1)
kink (DF: 5): (3906, 2), (5132, 2), (6921, 1), (8159, 1), (8552, 2)
kinki (DF: 3): (89, 4), (7312, 4), (7946, 1)
kinky (DF: 1): (5745, 12)
kinn (DF: 1): (9138, 5)
kinney (DF: 2): (4164, 1), (9716, 1)
kino (DF: 1): (2376, 1)
kinoreif (DF: 1): (3462, 1)
kinosaal (DF: 1): (8340, 1)
kint (DF: 4): (87, 1), (4931, 3), (7441, 2), (8156, 1)
kintor (DF: 2): (2156, 1), (2962, 1)
kintyr (DF: 1): (4917, 12)
kinu (DF: 1): (4985, 2)
kio (DF: 2): (6986, 8), (8251, 4)
kioku (DF: 1): (1717, 1)
kip (DF: 1): (908, 1)
kipp (DF: 7): (246, 1), (2100, 1), (2376, 2), (3480, 1), (4998, 1), (6430, 1), (8651, 1)
kippen (DF: 1): (9425, 1)
kirbi (DF: 1): (1059, 1)
kirk (DF: 5): (1961, 1), (2002, 1), (3565, 1), (4105, 2), (5583, 1)
kirkland (DF: 3): (862, 1), (2286, 1), (9256, 1)
kirko (DF: 1): (8381, 1)
kirkwood (DF: 1): (4481, 1)
kis (DF: 2): (2650, 1), (4700, 1)
kise (DF: 3): (2268, 1), (8510, 1), (9519, 1)
kiseki (DF: 1): (1360, 1)
kish (DF: 3): (4574, 1), (4984, 1), (7355, 1)
kisha (DF: 1): (4944, 4)
kishë (DF: 2): (6126, 1), (9049, 2)
kisi (DF: 2): (1834, 2), (9688, 1)
kismat (DF: 1): (149, 1)
kiss (DF: 9): (2, 1), (26, 3), (35, 1), (39, 4), (52, 1), (76, 1), (82, 1), (98, 1), (147, 1)
