rexx (DF: 1): (4261, 2)
rey (DF: 37): (347, 1), (364, 2), (371, 1), (450, 2), (476, 1), (539, 1), (552, 1), (1309, 3), (1631, 1), (1682, 1), (2708, 1), (3111, 2), (3669, 1), (3741, 1), (3950, 1), (4210, 1), (4419, 1), (4651, 1), (4861, 2), (5143, 4), (6136, 1), (6336, 1), (6786, 2), (7183, 4), (7367, 4), (7583, 2), (7780, 5), (7925, 3), (7993, 1), (8047, 1), (8236, 2), (8764, 1), (8945, 1), (9070, 2), (9252, 1), (9719, 2), (9872, 5)
reychest (DF: 2): (4210, 1), (8518, 1)
reyez (DF: 5): (494, 1), (1229, 1), (1651, 1), (8966, 1), (9372, 1)
reykon (DF: 4): (14, 8), (889, 4), (6438, 7), (9470, 7)
reyn (DF: 2): (53, 1), (8914, 1)
reyna (DF: 1): (2713, 1)
reynolds (DF: 1): (8264, 1)
reyraphy (DF: 1): (7925, 1)
rez (DF: 12): (84, 1), (222, 1), (312, 1), (444, 1), (480, 6), (2309, 1), (5198, 1), (5674, 4), (6810, 1), (8171, 1), (8618, 1), (8902, 4)
rezam (DF: 1): (1631, 1)
rezept (DF: 2): (5206, 1), (8498, 1)
reznik (DF: 1): (5027, 2)
reznor (DF: 1): (3449, 1)
rezz (DF: 1): (1232, 1)
reçu (DF: 1): (3213, 1)
rfan (DF: 1): (2604, 1)
rgd (DF: 2): (2637, 1), (6748, 1)
rgf (DF: 2): (8951, 2), (9879, 2)
rgiii (DF: 1): (9429, 1)
rh (DF: 1): (8492, 1)
rha (DF: 1): (5801, 2)
rhame (DF: 1): (6403, 1)
rhapsodi (DF: 5): (2770, 1), (4021, 1), (4546, 9), (5612, 1), (7666, 1)
rhayad (DF: 1): (2371, 1)
rhetor (DF: 1): (510, 1)
rheydt (DF: 1): (4192, 1)
rhiannon (DF: 3): (189, 10), (7352, 10), (8300, 10)
rhine (DF: 1): (2121, 1)
rhineston (DF: 4): (2865, 1), (6799, 1), (7186, 1), (9760, 4)
rhino (DF: 19): (183, 1), (257, 1), (803, 1), (1565, 1), (1756, 1), (2464, 1), (2676, 1), (2721, 1), (2756, 1), (2974, 1), (3810, 1), (4781, 1), (4821, 1), (5019, 1), (6345, 1), (7483, 1), (7998, 1), (9101, 1), (9231, 1)
rhinozeros (DF: 1): (6835, 1)
rhonda (DF: 1): (6092, 1)
rhrr (DF: 1): (4834, 2)
rhude (DF: 1): (1174, 2)
rhum (DF: 1): (8210, 4)
rhye (DF: 4): (451, 1), (4094, 4), (8196, 1), (8623, 1)
rhym (DF: 1): (397, 1)
rhyme (DF: 172): (40, 1), (74, 2), (121, 5), (183, 1), (241, 1), (245, 1), (306, 1), (324, 1), (471, 1), (490, 1), (563, 2), (581, 4), (669, 4), (710, 3), (721, 1), (731, 1), (803, 2), (924, 1), (952, 1), (1045, 1), (1060, 3), (1070, 2), (1092, 1), (1196, 1), (1343, 1), (1361, 1), (1412, 1), (1744, 2), (1757, 4), (1773, 1), (1783, 2), (1790, 1), (1820, 5), (1902, 1), (1995, 1), (2025, 1), (2032, 2), (2057, 1), (2199, 1), (2228, 2), (2562, 1), (2592, 1), (2607, 1), (2649, 1), (2676, 1), (2677, 1), (2687, 23), (2735, 1), (2760, 1), (2771, 1), (2797, 1), (2825, 1), (2892, 1), (2906, 1), (2927, 2), (3002, 2), (3019, 2), (3035, 2), (3087, 1), (3161, 3), (3184, 3), (3251, 3), (3254, 2), (3268, 1), (3282, 2), (3335, 1), (3562, 1), (3655, 1), (3693, 1), (3731, 1), (3796, 1), (3931, 1), (4218, 1), (4247, 1), (4360, 3), (4490, 3), (4585, 1), (4641, 2), (4664, 2), (4681, 4), (4690, 1), (4739, 3), (4764, 2), (4788, 4), (4866, 3), (4877, 1), (4889, 1), (5032, 1), (5037, 14), (5087, 1), (5121, 1), (5176, 2), (5225, 1), (5309, 2), (5316, 5), (5483, 2), (5494, 1), (5529, 1), (5538, 1), (5587, 4), (5617, 1), (5707, 1), (5715, 1), (5722, 1), (5725, 1), (5753, 1), (5919, 1), (6003, 1), (6012, 1), (6074, 1), (6189, 1), (6214, 1), (6258, 1), (6265, 1), (6307, 1), (6490, 1), (6556, 1), (6721, 1), (6942, 1), (6950, 1), (6968, 1), (7081, 3), (7182, 1), (7184, 1), (7198, 1), (7203, 1), (7304, 1), (7387, 1), (7430, 1), (7433, 12), (7451, 1), (7538, 1), (7559, 1), (7624, 1), (7635, 1), (7671, 2), (7681, 5), (7839, 1), (7873, 1), (7973, 1), (8286, 2), (8325, 2), (8445, 1), (8470, 1), (8492, 1), (8528, 1), (8550, 1), (8561, 1), (8602, 1), (8774, 1), (8959, 2), (9000, 1), (9007, 4), (9063, 1), (9127, 1), (9194, 2), (9267, 2), (9315, 6), (9357, 2), (9388, 1), (9432, 1), (9466, 1), (9574, 1), (9594, 2), (9608, 1), (9666, 1), (9713, 1), (9729, 1), (9758, 1), (9794, 1), (9826, 1), (9965, 1)
rhymer (DF: 4): (1157, 1), (1790, 1), (4427, 1), (4874, 1)
rhymin (DF: 14): (964, 1), (1436, 1), (1972, 1), (2500, 1), (3018, 1), (3251, 1), (4907, 1), (5483, 1), (7635, 1), (7864, 1), (8842, 1), (9007, 1), (9194, 1), (9657, 1)
rhythm (DF: 141): (74, 4), (207, 1), (426, 5), (484, 1), (490, 1), (563, 1), (565, 2), (683, 1), (721, 1), (726, 1), (753, 3), (803, 1), (973, 1), (979, 2), (1070, 15), (1124, 9), (1246, 1), (1423, 1), (1454, 1), (1528, 4), (1757, 1), (1783, 2), (2032, 1), (2039, 3), (2105, 1), (2118, 8), (2186, 1), (2232, 1), (2317, 1), (2375, 1), (2401, 1), (2438, 1), (2509, 1), (2689, 1), (2816, 1), (2825, 1), (2837, 1), (2859, 2), (2865, 1), (3002, 15), (3052, 1), (3140, 2), (3164, 1), (3217, 1), (3233, 1), (3305, 2), (3446, 12), (3581, 9), (3650, 1), (3745, 3), (3794, 3), (3888, 7), (3911, 1), (3917, 1), (3922, 1), (3985, 1), (4059, 1), (4231, 1), (4286, 1), (4463, 2), (4564, 1), (4664, 2), (4889, 1), (5073, 3), (5075, 1), (5087, 1), (5176, 15), (5307, 3), (5316, 1), (5491, 7), (5500, 1), (5571, 2), (5609, 21), (5665, 44), (5707, 1), (5730, 1), (5733, 2), (5774, 1), (5850, 1), (6009, 2), (6020, 1), (6114, 1), (6124, 1), (6229, 2), (6281, 2), (6328, 3), (6330, 1), (6357, 1), (6448, 3), (6505, 1), (6554, 2), (6632, 4), (6636, 3), (6654, 1), (6737, 1), (6783, 1), (6852, 4), (7069, 3), (7186, 1), (7247, 1), (7280, 8), (7289, 1), (7425, 3), (7430, 1), (7434, 3), (7549, 2), (7622, 1), (7666, 1), (7792, 1), (7851, 1), (7883, 6), (8018, 4), (8239, 1), (8286, 2), (8301, 1), (8312, 24), (8359, 2), (8492, 1), (8562, 1), (8687, 1), (8693, 2), (8721, 1), (8837, 1), (8853, 1), (8893, 1), (8903, 6), (8967, 5), (9039, 3), (9095, 1), (9192, 1), (9276, 4), (9374, 1), (9513, 3), (9611, 1), (9615, 3), (9760, 1), (9807, 2), (9813, 2), (9868, 6), (9883, 1), (9909, 4)
rhythmat (DF: 1): (5349, 1)
rhythmic (DF: 1): (8492, 1)
rhythmz (DF: 1): (8882, 3)
rhytms (DF: 1): (2898, 5)
ri (DF: 11): (1659, 4), (3420, 3), (4581, 68), (5436, 1), (5890, 2), (6450, 1), (7454, 1), (7607, 1), (8159, 1), (8664, 1), (8964, 136)
riacc (DF: 1): (1010, 2)
riaddorment (DF: 1): (5116, 2)
riat (DF: 1): (9431, 1)
rib (DF: 15): (68, 1), (975, 1), (1463, 2), (1865, 5), (3142, 1), (3272, 1), (4319, 1), (4527, 1), (4575, 1), (5516, 3), (5596, 1), (5838, 1), (7441, 2), (7606, 1), (9357, 3)
riback (DF: 5): (3099, 2), (5669, 1), (5960, 1), (8741, 1), (9103, 2)
ribb (DF: 1): (8036, 1)
ribbon (DF: 11): (597, 1), (2093, 2), (3310, 3), (3650, 1), (3661, 1), (3815, 12), (4320, 1), (4927, 1), (5562, 2), (7067, 1), (9865, 8)
ribcag (DF: 1): (2378, 1)
ribell (DF: 1): (3491, 3)
ribellion (DF: 1): (8054, 1)
riberi (DF: 1): (5370, 1)
ribrezz (DF: 1): (6961, 1)
ribshack (DF: 1): (1469, 1)
ric (DF: 113): (12, 2), (14, 1), (53, 1), (216, 1), (276, 2), (284, 4), (345, 2), (371, 1), (577, 1), (707, 5), (711, 1), (762, 1), (889, 1), (910, 1), (1008, 2), (1039, 1), (1061, 1), (1116, 1), (1255, 1), (1300, 2), (1476, 14), (1519, 26), (1978, 1), (2108, 3), (2306, 1), (2336, 3), (2461, 10), (2530, 1), (2604, 1), (2656, 1), (2659, 2), (2785, 1), (3006, 2), (3070, 2), (3093, 2), (3226, 3), (3248, 1), (3290, 1), (3351, 2), (3399, 1), (3421, 1), (3459, 4), (3492, 1), (3555, 66), (3586, 10), (3665, 3), (3697, 1), (3875, 1), (4236, 2), (4246, 1), (4300, 3), (4356, 54), (4479, 4), (4594, 3), (4678, 2), (4704, 6), (4729, 1), (4780, 1), (4916, 3), (4941, 1), (5013, 1), (5126, 2), (5352, 1), (5364, 1), (5522, 8), (5547, 1), (5754, 1), (5762, 1), (5786, 2), (5793, 1), (5821, 3), (6025, 2), (6179, 2), (6243, 1), (6326, 1), (6339, 2), (6341, 2), (6423, 2), (6436, 6), (6645, 8), (6808, 1), (6871, 2), (6917, 25), (7016, 2), (7104, 2), (7205, 2), (7392, 2), (7508, 1), (7587, 1), (7904, 6), (8116, 7), (8188, 1), (8243, 3), (8580, 1), (8728, 1), (8785, 1), (8882, 3), (8892, 4), (8922, 6), (9040, 4), (9079, 1), (9248, 1), (9285, 1), (9444, 2), (9470, 1), (9536, 1), (9652, 4), (9719, 1), (9762, 2), (9806, 2), (9887, 1), (9939, 1), (9960, 4)
rica (DF: 3): (2710, 1), (3272, 1), (5782, 26)
rican (DF: 11): (34, 1), (552, 1), (1076, 1), (1249, 1), (1520, 1), (2708, 1), (4525, 2), (6687, 1), (7189, 1), (7256, 1), (7908, 1)
ricard (DF: 2): (6190, 1), (7782, 1)
ricc (DF: 2): (1850, 2), (2567, 1)
riccardo (DF: 1): (4319, 1)
ricch (DF: 4): (268, 1), (1375, 1), (8725, 1), (9933, 1)
ricchezz (DF: 1): (3316, 1)
ricci (DF: 1): (2958, 1)
rice (DF: 10): (435, 2), (1163, 1), (1469, 1), (1926, 1), (2192, 1), (2573, 4), (4452, 2), (4629, 1), (7635, 1), (9026, 1)
rich (DF: 254): (51, 1), (103, 1), (168, 1), (179, 1), (182, 1), (183, 1), (220, 3), (287, 6), (324, 1), (339, 1), (386, 7), (480, 1), (525, 1), (528, 1), (558, 1), (598, 4), (616, 1), (658, 2), (699, 2), (711, 1), (804, 2), (875, 1), (920, 1), (930, 1), (1031, 4), (1060, 2), (1092, 1), (1122, 1), (1164, 1), (1216, 1), (1218, 33), (1253, 1), (1334, 2), (1391, 15), (1410, 1), (1560, 1), (1566, 1), (1632, 7), (1674, 6), (1711, 1), (1731, 12), (1896, 1), (1922, 1), (2052, 1), (2064, 1), (2198, 1), (2230, 1), (2231, 1), (2256, 10), (2263, 2), (2278, 1), (2333, 1), (2471, 4), (2511, 2), (2522, 2), (2573, 1), (2592, 1), (2650, 3), (2662, 2), (2706, 4), (2717, 3), (2723, 1), (2822, 1), (2899, 1), (2923, 1), (2978, 1), (3010, 1), (3051, 4), (3064, 1), (3075, 1), (3077, 1), (3174, 1), (3179, 1), (3205, 1), (3232, 1), (3272, 1), (3374, 1), (3397, 1), (3420, 1), (3437, 1), (3466, 1), (3521, 1), (3532, 1), (3555, 3), (3575, 2), (3592, 6), (3722, 1), (3803, 1), (3815, 6), (3816, 3), (3826, 4), (3843, 2), (3864, 1), (3879, 3), (3884, 12), (3909, 1), (3991, 1), (4044, 1), (4072, 1), (4106, 2), (4122, 1), (4127, 2), (4150, 1), (4267, 1), (4300, 3), (4320, 1), (4410, 14), (4460, 1), (4506, 1), (4569, 3), (4594, 3), (4604, 1), (4619, 2), (4700, 3), (4818, 1), (4827, 2), (4831, 3), (4945, 1), (4972, 4), (5013, 1), (5158, 1), (5200, 1), (5245, 1), (5251, 1), (5264, 1), (5289, 1), (5294, 4), (5340, 3), (5357, 1), (5367, 2), (5382, 5), (5394, 1), (5418, 5), (5456, 1), (5461, 1), (5518, 1), (5601, 8), (5642, 3), (5777, 1), (5794, 2), (5797, 24), (5905, 2), (5909, 1), (5941, 1), (5943, 2), (5955, 1), (6012, 1), (6040, 1), (6096, 1), (6146, 3), (6165, 2), (6215, 1), (6225, 2), (6271, 1), (6275, 1), (6287, 9), (6315, 1), (6411, 1), (6484, 11), (6572, 1), (6585, 1), (6644, 2), (6726, 1), (6728, 1), (6763, 1), (6771, 1), (6827, 4), (6923, 1), (6942, 1), (7004, 3), (7009, 1), (7016, 1), (7047, 1), (7105, 2), (7106, 2), (7113, 1), (7134, 3), (7153, 1), (7192, 1), (7202, 4), (7235, 1), (7279, 1), (7349, 1), (7443, 1), (7447, 1), (7464, 1), (7465, 2), (7553, 2), (7556, 1), (7605, 2), (7615, 1), (7707, 3), (7758, 1), (7874, 2), (7889, 1), (7944, 1), (7964, 2), (7980, 1), (7988, 1), (8004, 1), (8055, 2), (8061, 2), (8132, 1), (8167, 10), (8182, 1), (8183, 1), (8199, 1), (8209, 1), (8210, 1), (8243, 3), (8248, 1), (8263, 2), (8387, 1), (8527, 1), (8553, 2), (8559, 1), (8570, 2), (8571, 1), (8573, 16), (8601, 1), (8631, 1), (8702, 1), (8705, 1), (8722, 4), (8725, 16), (8745, 9), (8779, 2), (8780, 1), (8795, 1), (8812, 1), (8830, 1), (8976, 1), (9019, 2), (9054, 1), (9110, 2), (9117, 1), (9197, 5), (9234, 1), (9251, 1), (9287, 3), (9290, 1), (9324, 1), (9379, 1), (9409, 2), (9419, 1), (9479, 1), (9493, 2), (9567, 1), (9622, 7), (9627, 2), (9633, 1), (9728, 2), (9730, 4), (9768, 1)
richard (DF: 16): (350, 1), (673, 1), (1799, 4), (2511, 2), (3310, 1), (4420, 1), (5525, 4), (5796, 1), (5797, 18), (6151, 1), (7123, 1), (7292, 2), (7392, 2), (7697, 1), (7953, 1), (8132, 1)
richardson (DF: 1): (7804, 1)
richer (DF: 15): (980, 1), (1260, 1), (1837, 1), (3628, 1), (4328, 1), (5294, 6), (6558, 1), (7348, 1), (7469, 1), (8209, 1), (9116, 2), (9234, 1), (9292, 4), (9591, 2), (9760, 1)
richest (DF: 3): (3675, 1), (5461, 1), (7070, 1)
richez (DF: 1): (5340, 1)
richi (DF: 8): (1122, 1), (1793, 1), (2231, 1), (5329, 1), (5457, 1), (6365, 1), (7357, 2), (8151, 1)
richiam (DF: 1): (7726, 3)
richmond (DF: 5): (2225, 1), (6203, 1), (6857, 2), (7297, 2), (8238, 3)
richt (DF: 4): (880, 1), (1484, 1), (6238, 1), (8260, 1)
richter (DF: 2): (1471, 1), (6032, 1)
