naisg (DF: 1): (7876, 2)
naisgai (DF: 1): (8945, 2)
naissanc (DF: 1): (349, 1)
nait (DF: 1): (4985, 2)
naiv (DF: 10): (88, 1), (1396, 3), (1517, 1), (2085, 1), (4460, 1), (5416, 2), (6061, 1), (6454, 2), (6603, 1), (7143, 1)
naiyo (DF: 1): (5535, 1)
naj (DF: 2): (7006, 1), (9162, 1)
najaiz (DF: 1): (8534, 8)
najih (DF: 1): (5978, 2)
najlepsz (DF: 1): (6007, 2)
najnowszi (DF: 1): (7916, 1)
najpierw (DF: 2): (7916, 1), (8604, 1)
najwi (DF: 1): (4358, 1)
nak (DF: 3): (681, 1), (5493, 1), (6889, 3)
naka (DF: 1): (8001, 2)
nakahiga (DF: 1): (3150, 4)
nakakaaliw (DF: 1): (4815, 1)
nakakaindak (DF: 1): (4815, 1)
nakakatindig (DF: 1): (4815, 1)
nakalimutan (DF: 1): (1489, 1)
nakamarra (DF: 1): (2452, 2)
nakamur (DF: 3): (3768, 1), (4287, 1), (9737, 3)
nakapagbigay (DF: 1): (0, 4)
nake (DF: 87): (37, 3), (138, 1), (264, 1), (418, 1), (449, 1), (616, 1), (617, 1), (658, 2), (874, 3), (922, 1), (1002, 2), (1416, 1), (1657, 1), (1691, 8), (1720, 1), (1891, 1), (2214, 2), (2301, 1), (2378, 1), (2397, 5), (2399, 3), (2494, 1), (2752, 20), (2878, 4), (3052, 1), (3167, 1), (3223, 1), (3465, 3), (3769, 1), (3807, 2), (3837, 1), (3938, 1), (3976, 3), (4071, 1), (4094, 1), (4099, 1), (4113, 2), (4170, 1), (4294, 3), (4622, 1), (4766, 2), (4941, 1), (5120, 1), (5162, 2), (5200, 1), (5229, 2), (5312, 1), (5422, 1), (5869, 14), (5961, 1), (5984, 1), (5993, 1), (6039, 1), (6114, 1), (6134, 1), (6151, 1), (6176, 2), (6191, 1), (6200, 2), (6265, 1), (6667, 1), (6761, 1), (7046, 4), (7107, 1), (7179, 1), (7216, 1), (7365, 2), (7492, 1), (7554, 1), (7557, 1), (7620, 1), (7743, 1), (7870, 2), (7880, 1), (8070, 1), (8106, 1), (8338, 2), (8470, 2), (8532, 1), (8780, 1), (8804, 1), (8929, 1), (8934, 1), (9045, 2), (9421, 2), (9713, 1), (9996, 1)
nakey (DF: 1): (9996, 2)
nakhra (DF: 1): (8534, 8)
naki (DF: 1): (4419, 1)
nakikinig (DF: 1): (9528, 1)
nakken (DF: 1): (7200, 1)
nakuha (DF: 1): (4563, 1)
nal (DF: 5): (32, 2), (2021, 1), (3690, 1), (7941, 5), (8733, 2)
nalang (DF: 1): (8768, 1)
nald (DF: 4): (3903, 1), (6131, 1), (6681, 1), (8866, 1)
naless (DF: 1): (7395, 1)
naleul (DF: 1): (3690, 3)
nalg (DF: 17): (1079, 1), (1213, 4), (1255, 2), (3631, 1), (3916, 5), (4300, 3), (4594, 3), (6450, 1), (6808, 1), (7773, 24), (8406, 2), (8415, 4), (8733, 1), (9172, 1), (9607, 1), (9652, 2), (9819, 16)
nalgaj (DF: 2): (5881, 4), (9762, 1)
nalgon (DF: 1): (24, 1)
nalgot (DF: 2): (3897, 2), (5475, 2)
nalibot (DF: 1): (4563, 1)
naliligaw (DF: 1): (871, 1)
nalli (DF: 2): (1243, 2), (7941, 6)
nalot (DF: 1): (4405, 1)
nalso (DF: 1): (5149, 2)
nam (DF: 20): (250, 1), (283, 1), (347, 1), (397, 1), (996, 1), (1244, 1), (1758, 2), (3104, 4), (3381, 1), (3471, 1), (5040, 1), (5051, 9), (5429, 1), (5691, 1), (5775, 1), (6620, 1), (8717, 2), (8999, 2), (9209, 1), (9886, 1)
nama (DF: 1): (8001, 1)
namah (DF: 2): (1602, 1), (2921, 1)
naman (DF: 6): (1489, 1), (3887, 1), (7941, 2), (8335, 2), (8768, 4), (9901, 4)
namas (DF: 1): (1443, 1)
namaseo (DF: 1): (32, 1)
name (DF: 139): (11, 1), (25, 2), (27, 1), (32, 2), (35, 1), (65, 2), (72, 1), (74, 2), (76, 1), (81, 1), (123, 4), (138, 1), (140, 2), (158, 5), (166, 1), (172, 1), (174, 4), (179, 1), (183, 1), (197, 2), (233, 1), (242, 2), (261, 1), (265, 1), (268, 1), (274, 6), (275, 1), (295, 1), (352, 1), (374, 1), (380, 1), (381, 1), (386, 1), (391, 2), (405, 1), (445, 1), (482, 2), (485, 1), (486, 1), (503, 4), (527, 1), (541, 1), (548, 1), (555, 2), (556, 2), (560, 1), (573, 3), (585, 2), (589, 4), (602, 2), (606, 3), (616, 1), (635, 17), (647, 1), (650, 5), (668, 1), (669, 1), (672, 1), (690, 1), (698, 2), (718, 1), (775, 4), (783, 1), (800, 1), (802, 2), (804, 4), (820, 4), (840, 1), (859, 1), (870, 1), (901, 3), (914, 3), (930, 1), (958, 5), (967, 1), (983, 2), (1026, 1), (1029, 1), (1038, 6), (1053, 1), (1059, 1), (1062, 4), (1076, 2), (1084, 1), (1113, 54), (1135, 1), (1136, 1), (1152, 1), (1157, 2), (1202, 1), (1208, 8), (1212, 3), (1219, 1), (1226, 1), (1246, 4), (1290, 15), (1294, 3), (1304, 1), (1313, 2), (1319, 1), (1325, 1), (1326, 1), (1329, 1), (1342, 1), (1354, 3), (1363, 1), (1368, 1), (1374, 1), (1378, 6), (1392, 2), (1452, 6), (1454, 1), (1459, 1), (1488, 7), (1502, 2), (1514, 1), (1528, 16), (1543, 2), (1640, 1), (1656, 1), (1664, 2), (1670, 2), (1674, 1), (1690, 1), (1696, 1), (1699, 1), (1708, 5), (1728, 1), (1744, 4), (1795, 2), (1805, 1), (1813, 1), (1820, 1), (1823, 1), (1840, 6), (1864, 1), (1877, 1), (1885, 6), (1891, 1)
