lej (DF: 8): (9492, 1), (9568, 1), (9606, 1), (9607, 1), (9609, 1), (9706, 1), (9802, 1), (9938, 1)
lejan (DF: 6): (3891, 1), (5276, 1), (5512, 1), (6160, 2), (8961, 2), (9492, 1)
lejit (DF: 6): (44, 1), (3555, 3), (4729, 6), (5341, 1), (6532, 1), (9383, 6)
lejo (DF: 2): (2205, 1), (3902, 1)
lekcj (DF: 1): (1655, 1)
leke (DF: 3): (149, 1), (1834, 1), (6524, 25)
lekhak (DF: 1): (9688, 1)
leki (DF: 1): (9647, 1)
lekin (DF: 1): (1834, 1)
lekk (DF: 1): (5840, 1)
lekker (DF: 5): (4297, 1), (6008, 1), (7382, 3), (8418, 9), (8831, 1)
lekki (DF: 2): (8787, 1), (9647, 1)
lekko (DF: 2): (4311, 1), (4761, 1)
lekks14 (DF: 1): (5840, 4)
leko (DF: 1): (430, 1)
lel (DF: 6): (1004, 1), (1039, 3), (1095, 12), (4909, 1), (5116, 2), (7082, 1)
lelelel (DF: 1): (8858, 4)
lelelelel (DF: 1): (8858, 12)
lelelerer (DF: 1): (7042, 1)
lelolay (DF: 1): (9040, 4)
lelolel (DF: 1): (9040, 2)
lelolelol (DF: 1): (9040, 2)
lemaitr (DF: 3): (5038, 1), (6145, 1), (8587, 1)
lemarqui (DF: 1): (2283, 2)
lembra (DF: 4): (6028, 1), (7175, 1), (8052, 1), (9494, 1)
lembrança (DF: 1): (3838, 1)
lembrar (DF: 3): (5606, 4), (7563, 1), (9087, 1)
lembro (DF: 3): (3007, 1), (3215, 2), (7649, 1)
lembrou (DF: 1): (9981, 4)
lemkuuja (DF: 1): (1530, 1)
lemm (DF: 52): (92, 1), (274, 2), (617, 1), (691, 7), (782, 2), (1045, 1), (1059, 1), (1122, 1), (1191, 1), (1212, 1), (1216, 1), (1282, 1), (1361, 1), (1378, 2), (2199, 1), (3237, 2), (3277, 1), (4008, 1), (4026, 1), (4642, 1), (4652, 1), (4664, 2), (4693, 3), (4766, 4), (4956, 1), (4963, 2), (5041, 2), (5170, 4), (5444, 2), (5680, 1), (5822, 10), (5886, 1), (6236, 3), (7045, 6), (7063, 6), (7085, 1), (7176, 2), (7216, 1), (7645, 6), (7732, 1), (7788, 1), (8354, 1), (8481, 9), (8489, 1), (8501, 1), (8563, 2), (8592, 1), (8661, 1), (8687, 1), (8780, 9), (9711, 1), (9783, 6)
lemmi (DF: 2): (6197, 1), (6206, 1)
lemon (DF: 21): (168, 1), (331, 1), (938, 7), (2050, 1), (2624, 1), (2714, 1), (3642, 3), (3703, 4), (4124, 1), (4481, 1), (4733, 1), (4942, 1), (5523, 3), (6610, 1), (6763, 1), (7143, 1), (7217, 4), (7815, 1), (8178, 5), (9409, 2), (9476, 3)
lemonad (DF: 17): (388, 1), (528, 1), (938, 5), (1728, 1), (2045, 1), (2223, 15), (2737, 1), (2899, 1), (3152, 1), (5268, 1), (6763, 1), (8725, 4), (9153, 1), (9346, 1), (9624, 1), (9909, 1), (9922, 1)
lemonhead (DF: 1): (5068, 1)
lemoni (DF: 1): (2320, 1)
len (DF: 20): (1123, 1), (1784, 1), (3057, 1), (3701, 1), (3727, 1), (3811, 1), (4764, 1), (4985, 1), (5106, 1), (5456, 1), (6031, 1), (7332, 14), (8038, 1), (8176, 1), (8547, 1), (8745, 1), (8779, 1), (8960, 1), (9166, 1), (9983, 1)
lena (DF: 4): (4135, 1), (5961, 1), (8028, 1), (9064, 1)
lenbo (DF: 1): (3484, 1)
lenc (DF: 3): (5304, 1), (6190, 1), (8816, 1)
lench (DF: 6): (3420, 1), (4866, 1), (5506, 2), (5766, 2), (8170, 1), (8433, 1)
lend (DF: 30): (3, 1), (212, 6), (507, 1), (708, 1), (899, 1), (1386, 1), (1456, 1), (1562, 2), (2091, 2), (2246, 1), (2264, 2), (2496, 1), (2592, 1), (2675, 1), (2735, 2), (3808, 2), (4528, 1), (5085, 1), (5329, 1), (5664, 1), (6019, 1), (6308, 1), (6373, 1), (6523, 1), (6642, 1), (8502, 1), (8679, 4), (9042, 3), (9729, 1), (9808, 1)
lenda (DF: 1): (4985, 1)
lendin (DF: 1): (9808, 1)
lene (DF: 1): (149, 1)
length (DF: 7): (40, 4), (3201, 1), (3337, 3), (3880, 1), (6542, 3), (7245, 4), (8519, 1)
lengthen (DF: 1): (4570, 1)
lengthi (DF: 2): (616, 1), (7855, 1)
lengu (DF: 16): (24, 2), (2136, 1), (2183, 1), (2530, 1), (2604, 1), (3890, 1), (3903, 1), (4912, 1), (5592, 1), (5962, 1), (8278, 1), (8420, 1), (8919, 2), (8928, 1), (9172, 1), (9682, 1)
lengua (DF: 1): (8597, 2)
lenguaj (DF: 3): (2316, 1), (2530, 1), (6175, 1)
lengüit (DF: 1): (9383, 1)
leni (DF: 1): (1461, 1)
leniwi (DF: 1): (6007, 1)
lenk (DF: 3): (2574, 1), (5429, 1), (6430, 2)
lenkrad (DF: 1): (5775, 2)
lenni (DF: 8): (1352, 1), (2741, 1), (3947, 1), (3958, 1), (5236, 1), (5451, 1), (8315, 1), (9651, 1)
lennon (DF: 22): (844, 1), (1753, 1), (3033, 1), (3135, 1), (3139, 1), (3164, 1), (4184, 1), (4606, 1), (4639, 1), (4831, 1), (5049, 1), (6445, 1), (6475, 1), (6846, 1), (6863, 1), (6911, 1), (7026, 1), (7718, 1), (8495, 1), (8707, 1), (8739, 1), (9586, 1)
lennox (DF: 21): (893, 1), (1109, 2), (1653, 5), (1878, 1), (2604, 1), (2668, 2), (3121, 1), (3777, 1), (4124, 1), (5022, 1), (5766, 2), (6352, 1), (6423, 2), (6980, 1), (7166, 1), (8170, 1), (8719, 3), (8892, 2), (9026, 1), (9040, 1), (9069, 1)
lenny (DF: 5): (3816, 2), (3981, 1), (4236, 1), (4300, 6), (4594, 6)
