togeth (DF: 259): (5805, 1), (5809, 11), (5822, 2), (5827, 1), (5847, 3), (5849, 2), (5873, 9), (5880, 2), (5909, 2), (5927, 9), (5950, 2), (5977, 15), (5996, 4), (6022, 2), (6036, 2), (6044, 2), (6047, 8), (6065, 1), (6067, 4), (6106, 1), (6112, 1), (6150, 2), (6167, 1), (6181, 1), (6183, 11), (6308, 3), (6387, 20), (6415, 1), (6421, 4), (6443, 1), (6448, 6), (6456, 1), (6546, 1), (6552, 1), (6571, 1), (6700, 2), (6735, 12), (6764, 2), (6772, 1), (6789, 2), (6793, 1), (6854, 1), (6868, 10), (6898, 28), (6903, 1), (6984, 1), (7001, 1), (7039, 1), (7095, 1), (7133, 2), (7139, 1), (7189, 1), (7198, 9), (7201, 1), (7224, 1), (7228, 2), (7299, 1), (7314, 2), (7327, 1), (7387, 1), (7390, 1), (7393, 3), (7407, 1), (7442, 1), (7469, 1), (7473, 2), (7524, 1), (7541, 2), (7552, 2), (7561, 12), (7576, 2), (7592, 2), (7623, 1), (7662, 1), (7690, 1), (7692, 10), (7698, 1), (7730, 2), (7739, 1), (7758, 1), (7784, 1), (7806, 1), (7809, 1), (7825, 3), (7864, 1), (7881, 1), (7883, 1), (7937, 2), (7994, 1), (8041, 1), (8045, 2), (8049, 2), (8058, 1), (8075, 1), (8083, 1), (8084, 2), (8090, 2), (8162, 1), (8167, 6), (8168, 1), (8217, 2), (8227, 2), (8240, 1), (8302, 8), (8326, 5), (8336, 1), (8393, 2), (8412, 4), (8422, 4), (8424, 12), (8449, 2), (8473, 1), (8483, 3), (8541, 8), (8550, 1), (8590, 4), (8594, 4), (8602, 9), (8641, 2), (8663, 1), (8674, 1), (8695, 3), (8707, 3), (8716, 1), (8725, 8), (8734, 1), (8739, 1), (8793, 1), (8810, 2), (8814, 2), (8848, 1), (8863, 11), (8871, 2), (8889, 1), (8907, 1), (8913, 1), (9010, 1), (9024, 12), (9083, 12), (9094, 1), (9096, 1), (9113, 1), (9130, 2), (9139, 1), (9153, 7), (9171, 2), (9233, 2), (9274, 4), (9275, 1), (9295, 1), (9344, 1), (9345, 1), (9432, 2), (9433, 1), (9448, 7), (9461, 6), (9478, 2), (9486, 1), (9503, 1), (9507, 4), (9538, 1), (9543, 3), (9565, 3), (9571, 2), (9574, 9), (9576, 1), (9594, 1), (9623, 2), (9650, 2), (9663, 6), (9676, 1), (9681, 2), (9699, 10), (9723, 1), (9728, 2), (9750, 1), (9794, 1), (9805, 4), (9841, 1), (9844, 4), (9868, 1), (9870, 1), (9888, 1), (9890, 3), (9914, 1), (9924, 1), (9971, 1), (9995, 1), (419, 1), (420, 2), (608, 2), (612, 1), (1145, 3), (1146, 2), (1204, 4), (1206, 8), (1497, 1), (1498, 18), (1508, 1), (1509, 1), (1742, 1), (1744, 18), (1746, 1), (1801, 1), (1802, 1), (2870, 2), (2871, 1), (2942, 1), (2944, 1), (3130, 2), (3131, 8), (3412, 2), (3414, 4), (3927, 3), (3929, 1), (4871, 2), (4872, 1), (5294, 9), (5295, 1), (5490, 1), (5491, 6), (5649, 4), (5651, 1), (6035, 1), (6752, 8), (6753, 2), (6773, 12), (6776, 1), (6941, 4), (6942, 9), (7025, 2), (7026, 2), (7399, 1), (7402, 1), (7625, 1), (7627, 10), (7715, 1), (7717, 4), (7811, 1), (7812, 2), (7827, 2), (8588, 2), (8637, 1), (8639, 2), (8708, 1), (8756, 1), (8757, 1), (8876, 3), (8878, 1), (9234, 1), (5929, 2), (5930, 2), (5931, 3), (6459, 1), (6460, 1), (6461, 2), (7629, 2), (7630, 2), (7631, 2)
toggorro (DF: 1): (5978, 2)
togl (DF: 1): (3954, 1)
toh (DF: 2): (149, 4), (2086, 1)
toi (DF: 4): (1151, 1), (3453, 1), (3660, 1), (7476, 1)
toil (DF: 3): (868, 1), (4522, 1), (4618, 1)
toilet (DF: 7): (210, 1), (1558, 2), (4552, 1), (4684, 1), (7297, 1), (7721, 1), (8081, 1)
toilett (DF: 1): (3962, 1)
toit (DF: 2): (4308, 4), (5768, 2)
tok (DF: 5): (948, 1), (3408, 1), (3451, 1), (4995, 1), (7836, 1)
tokarev (DF: 1): (5049, 1)
tokat (DF: 2): (2050, 1), (3123, 1)
tokda (DF: 1): (8510, 1)
toke (DF: 14): (1101, 2), (2735, 1), (2895, 1), (3444, 1), (3902, 1), (4044, 1), (5277, 1), (5725, 1), (6325, 1), (6749, 2), (6784, 1), (7010, 1), (7839, 1), (8532, 1)
token (DF: 6): (548, 1), (3388, 1), (3594, 1), (7564, 5), (7816, 1), (9147, 1)
toker (DF: 3): (2211, 1), (2868, 8), (7333, 8)
tokimonsta (DF: 1): (8668, 1)
tokin (DF: 1): (607, 1)
tokios (DF: 1): (2050, 1)
toko (DF: 2): (2208, 5), (4244, 2)
toky (DF: 1): (9972, 1)
tokyo (DF: 24): (97, 8), (1970, 1), (2384, 2), (2699, 3), (3196, 1), (3478, 2), (4604, 1), (4795, 3), (4864, 2), (4920, 2), (5896, 8), (5959, 1), (7008, 1), (7497, 3), (7748, 1), (7897, 1), (7941, 1), (8005, 6), (8211, 1), (8660, 1), (9135, 3), (9379, 1), (9487, 1), (9754, 2)
tol (DF: 4): (1443, 1), (4766, 1), (8510, 1), (9516, 1)
told (DF: 32): (18, 2), (47, 1), (59, 1), (69, 3), (72, 1), (74, 8), (78, 1), (80, 1), (93, 5), (132, 1), (134, 2), (140, 8), (155, 3), (165, 2), (183, 4), (220, 6), (239, 1), (249, 4), (293, 1), (320, 4), (322, 1), (337, 1), (339, 1), (367, 2), (373, 3), (423, 1), (431, 3), (436, 6), (469, 2), (470, 1), (471, 1), (535, 1)
