nu (DF: 44): (229, 2), (335, 44), (341, 1), (406, 1), (540, 1), (812, 1), (852, 2), (1207, 1), (1432, 2), (1465, 1), (2018, 1), (2028, 2), (2268, 11), (2759, 1), (3355, 1), (3437, 2), (3527, 3), (3864, 2), (4004, 3), (4295, 1), (4512, 1), (4665, 2), (4717, 1), (4985, 2), (5535, 3), (5582, 6), (5663, 2), (5917, 2), (6008, 1), (6303, 2), (6641, 12), (6748, 2), (6961, 2), (7382, 10), (7421, 1), (7547, 2), (7603, 6), (8418, 1), (8510, 5), (8534, 2), (8564, 3), (9138, 1), (9519, 1), (9648, 4)
nua (DF: 3): (5859, 4), (7795, 2), (9812, 1)
nuag (DF: 2): (4675, 1), (5622, 1)
nuanc (DF: 1): (8492, 1)
nub (DF: 18): (836, 1), (1099, 1), (1300, 1), (1305, 1), (1907, 2), (2805, 1), (3851, 3), (4081, 1), (4448, 2), (5198, 1), (6279, 2), (7031, 1), (7426, 1), (7490, 1), (7495, 2), (8466, 1), (8542, 1), (9342, 1)
nubian (DF: 1): (8400, 1)
nubl (DF: 4): (460, 1), (1478, 1), (3942, 1), (7653, 1)
nubla (DF: 1): (5674, 2)
nuc (DF: 2): (7742, 2), (9431, 1)
nuca (DF: 1): (7211, 2)
nucca (DF: 1): (7247, 1)
nuci (DF: 1): (6678, 1)
nucl (DF: 1): (8255, 1)
nuclear (DF: 7): (695, 1), (1274, 1), (3821, 1), (3896, 1), (4245, 1), (8570, 1), (9123, 1)
nud (DF: 5): (1366, 1), (2604, 1), (4890, 1), (7239, 4), (8208, 1)
nude (DF: 7): (2058, 1), (3237, 2), (4717, 1), (5088, 1), (6071, 1), (6363, 1), (7716, 1)
nudeski (DF: 1): (8509, 1)
nudg (DF: 1): (7213, 3)
nudi (DF: 2): (322, 3), (8755, 1)
nudill (DF: 1): (2604, 1)
nudist (DF: 1): (3248, 1)
nudn (DF: 1): (7916, 1)
nudzi (DF: 1): (4311, 1)
nuestra (DF: 2): (2735, 1), (8590, 4)
nuestro (DF: 1): (8590, 4)
nuev (DF: 129): (44, 1), (109, 1), (353, 1), (355, 1), (417, 1), (444, 1), (489, 2), (577, 1), (728, 1), (890, 6), (1098, 1), (1109, 18), (1133, 11), (1141, 2), (1215, 2), (1254, 1), (1284, 1), (1422, 2), (1474, 1), (1481, 8), (1584, 1), (1631, 2), (1668, 2), (1677, 1), (1752, 1), (1842, 1), (2021, 1), (2306, 1), (2336, 8), (2938, 1), (3080, 1), (3092, 1), (3104, 4), (3158, 1), (3211, 1), (3269, 1), (3290, 7), (3399, 1), (3603, 1), (3614, 2), (3722, 1), (3723, 1), (3757, 16), (3891, 2), (3996, 2), (4032, 1), (4081, 1), (4219, 2), (4288, 1), (4344, 1), (4416, 3), (4419, 1), (4518, 1), (4540, 23), (4567, 2), (4591, 2), (4752, 6), (4763, 1), (4790, 1), (4799, 1), (4833, 1), (4860, 1), (4939, 2), (4951, 1), (4954, 1), (5026, 4), (5116, 2), (5198, 2), (5218, 1), (5341, 1), (5353, 1), (5396, 4), (5768, 1), (5793, 2), (5906, 6), (5991, 1), (6179, 2), (6249, 2), (6336, 1), (6414, 1), (6422, 1), (6513, 1), (6588, 6), (6645, 8), (6651, 1), (6689, 1), (6705, 23), (6808, 1), (6871, 1), (6884, 2), (6932, 38), (7068, 1), (7171, 1), (7183, 1), (7395, 1), (7415, 1), (7495, 1), (7504, 2), (7555, 2), (7734, 1), (7820, 1), (7854, 1), (7904, 6), (7982, 1), (8066, 1), (8143, 3), (8255, 1), (8454, 1), (8466, 1), (8632, 1), (8758, 2), (8940, 4), (8997, 1), (9001, 1), (9060, 3), (9204, 1), (9252, 1), (9334, 1), (9431, 1), (9496, 2), (9536, 1), (9606, 1), (9690, 4), (9697, 3), (9706, 2), (9719, 1), (9806, 1), (3897, 1), (3898, 1)
nueva (DF: 3): (6137, 1), (7049, 2), (7583, 1)
nuevo (DF: 2): (3902, 1), (7342, 9)
nuf (DF: 1): (6870, 3)
nuff (DF: 25): (746, 2), (986, 1), (1143, 2), (1328, 1), (1369, 1), (3045, 1), (3065, 1), (3234, 6), (4159, 1), (4222, 1), (4376, 4), (4645, 1), (4828, 1), (5312, 1), (5565, 2), (6098, 1), (6761, 1), (7043, 1), (7581, 1), (7829, 2), (8488, 1), (8736, 3), (8959, 1), (9025, 1), (9448, 1)
nugat (DF: 2): (7485, 1), (8615, 1)
nugent (DF: 7): (1815, 1), (3593, 2), (4655, 2), (5304, 2), (5524, 2), (6843, 2), (8816, 1)
nugget (DF: 3): (846, 1), (1410, 1), (9268, 1)
nuh (DF: 22): (746, 44), (1011, 3), (1924, 1), (2028, 1), (2540, 16), (3380, 3), (3992, 3), (4411, 1), (4465, 1), (4476, 1), (4771, 2), (4828, 2), (6452, 8), (6483, 14), (6936, 1), (7136, 2), (7173, 8), (8151, 2), (8292, 3), (9295, 5), (9356, 1), (9452, 6)
nuisanc (DF: 1): (9212, 1)
nuit (DF: 7): (540, 1), (649, 1), (676, 2), (1151, 1), (4379, 3), (6886, 1), (7922, 1)
nujab (DF: 1): (4864, 13)
nuk (DF: 3): (6126, 1), (8829, 4), (9049, 2)
nuke (DF: 1): (3680, 1)
nukumori (DF: 1): (1102, 1)
nul (DF: 3): (540, 4), (4297, 1), (9803, 2)
null (DF: 14): (9, 1), (778, 1), (1010, 1), (1177, 1), (2940, 1), (3717, 2), (4004, 1), (4387, 3), (5187, 4), (5317, 1), (5493, 2), (7463, 1), (9420, 1), (9671, 1)
nullatenent (DF: 1): (5187, 2)
nuller (DF: 2): (6674, 1), (8564, 1)
nulllini (DF: 1): (6835, 1)
num (DF: 4): (1979, 1), (2651, 2), (2986, 2), (5193, 1)
