busc (DF: 123): (4207, 5), (4236, 1), (4246, 1), (4258, 1), (4289, 2), (4356, 2), (4382, 1), (4416, 1), (4430, 1), (4479, 6), (4540, 2), (4544, 17), (4560, 1), (4567, 2), (4671, 2), (4763, 1), (4769, 6), (4790, 1), (4799, 1), (4939, 1), (5110, 1), (5126, 2), (5224, 1), (5352, 19), (5364, 1), (5471, 6), (5512, 13), (5563, 7), (5574, 4), (5592, 1), (5713, 2), (5762, 2), (5768, 1), (5770, 6), (5975, 3), (5990, 2), (6001, 1), (6025, 6), (6079, 2), (6251, 2), (6279, 2), (6466, 1), (6485, 2), (6513, 1), (6553, 2), (6561, 3), (6650, 4), (6705, 2), (6808, 1), (6810, 6), (6851, 2), (6909, 1), (6928, 4), (7003, 2), (7019, 1), (7151, 32), (7166, 3), (7171, 1), (7183, 7), (7239, 2), (7309, 1), (7380, 2), (7415, 1), (7508, 2), (7526, 1), (7539, 2), (7641, 1), (7725, 5), (7734, 1), (7766, 1), (7799, 1), (7854, 1), (7863, 1), (7925, 3), (7948, 1), (7956, 4), (7989, 1), (8036, 1), (8091, 1), (8112, 1), (8149, 8), (8171, 2), (8187, 1), (8205, 1), (8278, 1), (8353, 3), (8454, 5), (8479, 3), (8506, 4), (8699, 1), (8719, 2), (8733, 2), (8744, 1), (8785, 1), (8892, 4), (8922, 3), (8945, 2), (9079, 1), (9206, 2), (9246, 1), (9309, 5), (9318, 10), (9362, 1), (9384, 1), (9414, 1), (9431, 1), (9444, 2), (9469, 1), (9475, 2), (9496, 3), (9532, 3), (9534, 1), (9545, 7), (9568, 1), (9575, 7), (9740, 1), (9762, 2), (9802, 1), (9887, 1), (9903, 2), (4709, 1), (4711, 1), (5353, 3)
busca (DF: 3): (2711, 6), (9309, 1), (9474, 2)
buscal (DF: 1): (9818, 1)
buscam (DF: 5): (12, 2), (3996, 4), (7016, 2), (8036, 1), (8318, 2)
buscando (DF: 2): (2843, 1), (8132, 1)
buscandot (DF: 6): (5013, 1), (5563, 1), (6025, 3), (7953, 1), (8243, 3), (8882, 3)
buscar (DF: 3): (4357, 1), (5011, 3), (9087, 1)
buscart (DF: 17): (84, 1), (109, 2), (632, 2), (1682, 6), (2648, 1), (3572, 1), (3981, 1), (5156, 2), (5198, 1), (6079, 2), (7166, 1), (7309, 2), (8815, 1), (8922, 6), (9383, 1), (6883, 1), (6884, 1)
buscat (DF: 4): (1932, 1), (2604, 1), (2606, 2), (4143, 1)
busco (DF: 3): (5610, 1), (7197, 1), (7869, 7)
buscon (DF: 1): (2604, 2)
buse (DF: 1): (9594, 1)
bush (DF: 18): (57, 8), (123, 1), (1055, 2), (1143, 1), (1344, 1), (1762, 1), (2435, 1), (3238, 5), (3941, 1), (4557, 1), (5319, 1), (5494, 1), (6320, 1), (7634, 1), (7715, 1), (7767, 5), (9177, 1), (9715, 8)
bushido (DF: 2): (2170, 1), (5955, 1)
bushwick (DF: 2): (6266, 1), (7070, 1)
busi (DF: 185): (4, 1), (27, 1), (76, 1), (92, 1), (121, 1), (134, 4), (239, 2), (248, 1), (280, 23), (374, 2), (548, 1), (601, 1), (606, 1), (616, 3), (656, 4), (673, 1), (710, 1), (737, 1), (751, 2), (781, 1), (788, 2), (860, 2), (922, 1), (971, 1), (999, 2), (1011, 1), (1026, 1), (1038, 1), (1124, 1), (1136, 1), (1143, 8), (1147, 1), (1157, 1), (1217, 4), (1276, 1), (1399, 1), (1407, 1), (1421, 1), (1712, 1), (1739, 1), (1749, 3), (1757, 1), (1880, 1), (1999, 3), (2011, 1), (2014, 3), (2091, 2), (2190, 1), (2202, 1), (2236, 1), (2256, 1), (2286, 1), (2361, 1), (2399, 1), (2410, 2), (2489, 1), (2519, 1), (2522, 2), (2534, 1), (2541, 2), (2573, 3), (2679, 1), (2691, 1), (2693, 1), (2704, 1), (2707, 2), (2761, 1), (2936, 1), (2939, 1), (2940, 1), (2978, 1), (3010, 1), (3018, 1), (3025, 1), (3054, 1), (3060, 1), (3068, 2), (3083, 1), (3121, 2), (3139, 1), (3310, 1), (3355, 1), (3374, 1), (3394, 3), (3420, 1), (3424, 1), (3529, 1), (3531, 2), (3538, 1), (3568, 1), (3581, 1), (3720, 1), (3731, 1), (3745, 1), (3821, 3), (3842, 1), (3852, 4), (3886, 1), (3913, 1), (3957, 7), (3971, 1), (4008, 1), (4042, 1), (4107, 3), (4155, 1), (4211, 1), (4261, 3), (4374, 1), (4411, 1), (4432, 3), (4485, 2), (4490, 1), (4543, 1), (4601, 2), (4603, 1), (4661, 1), (4664, 1), (4824, 2), (4833, 1), (4907, 1), (4931, 1), (4956, 1), (4971, 1), (4982, 1), (5031, 4), (5048, 4), (5066, 1), (5075, 2), (5088, 1), (5217, 1), (5225, 2), (5317, 1), (5380, 1), (5401, 1), (5434, 2), (5494, 1), (5570, 2), (5580, 2), (5633, 1), (5702, 2), (5711, 2), (5759, 1), (5777, 2), (5848, 1), (5853, 1), (5862, 1), (5947, 3), (6019, 1), (6104, 1), (6118, 1), (6214, 1), (6285, 1), (6286, 1), (6288, 1), (6296, 1), (6313, 1), (6333, 1), (6340, 1), (6365, 1), (6472, 1), (6508, 1), (6538, 12), (6568, 2), (6590, 1), (6602, 1), (6630, 4), (6709, 2), (6729, 1), (6746, 1), (6780, 1), (6829, 1), (6890, 1), (6993, 1), (7006, 2), (7012, 1), (7023, 1), (7073, 1), (7138, 1), (7153, 1), (7154, 1), (7190, 2), (7231, 1), (7279, 9), (7302, 1), (7342, 3)
