molest (DF: 23): (1799, 2), (2322, 1), (2739, 1), (3111, 1), (4011, 4), (4032, 1), (5198, 1), (5495, 1), (5574, 1), (5991, 1), (6111, 1), (6138, 1), (6422, 2), (7108, 1), (7258, 1), (7415, 1), (8097, 1), (8140, 1), (8236, 1), (8518, 1), (8923, 1), (9285, 1), (9652, 2)
molesta (DF: 1): (7446, 3)
molestart (DF: 3): (19, 1), (86, 2), (4605, 1)
molesti (DF: 1): (9074, 2)
moletom (DF: 1): (7563, 1)
molha (DF: 1): (6804, 1)
molhada (DF: 1): (2986, 4)
molhado (DF: 1): (1183, 1)
moli (DF: 2): (2664, 1), (5051, 1)
molin (DF: 5): (3159, 2), (4032, 1), (5363, 4), (8516, 1), (9040, 2)
molitor (DF: 1): (62, 1)
moll (DF: 4): (1485, 1), (3048, 1), (5020, 1), (9596, 1)
molla (DF: 1): (3690, 1)
moller (DF: 1): (4469, 2)
molli (DF: 36): (51, 1), (386, 3), (915, 67), (1304, 1), (1374, 1), (1430, 1), (2014, 33), (2477, 1), (2612, 1), (3010, 1), (3549, 1), (3813, 1), (4111, 4), (4150, 1), (4552, 1), (4582, 2), (4697, 1), (4767, 1), (4820, 14), (6071, 1), (6092, 1), (6121, 1), (6220, 1), (6945, 4), (7057, 1), (7441, 2), (7474, 1), (7775, 2), (7778, 1), (7810, 9), (8373, 6), (8440, 9), (8550, 1), (8784, 22), (9211, 1), (9576, 1)
molly (DF: 9): (143, 2), (676, 3), (1424, 1), (2739, 1), (3723, 1), (4289, 1), (5674, 1), (7019, 4), (7508, 1)
molo (DF: 2): (229, 1), (9648, 1)
molok0 (DF: 1): (4515, 1)
moloko (DF: 1): (1688, 1)
molotov (DF: 6): (1276, 1), (3437, 1), (6341, 1), (6759, 1), (7634, 1), (9729, 1)
molotow (DF: 1): (4743, 1)
molt (DF: 6): (1821, 1), (4587, 1), (4873, 2), (5439, 1), (7837, 1), (8198, 1)
molten (DF: 3): (3201, 1), (5654, 1), (6371, 1)
moltiplic (DF: 1): (1010, 1)
mom (DF: 94): (52, 3), (55, 1), (132, 1), (232, 1), (235, 1), (576, 2), (708, 1), (975, 1), (1032, 1), (1076, 1), (1124, 1), (1393, 1), (1448, 2), (1552, 1), (1649, 1), (1704, 1), (1952, 2), (1957, 2), (1972, 2), (2028, 1), (2075, 1), (2093, 2), (2116, 2), (2230, 1), (2399, 5), (2634, 4), (2672, 3), (3009, 1), (3079, 4), (3091, 1), (3152, 2), (3184, 1), (3206, 1), (3368, 1), (3498, 1), (3581, 1), (3677, 1), (3941, 1), (4019, 1), (4326, 2), (4427, 1), (4581, 2), (4661, 1), (4681, 1), (4795, 3), (4803, 1), (4833, 1), (4834, 1), (5010, 1), (5048, 35), (5115, 4), (5212, 7), (5320, 2), (5357, 1), (5720, 2), (6132, 1), (6159, 1), (6225, 2), (6244, 1), (6273, 1), (6308, 1), (6324, 1), (6375, 2), (6538, 1), (6792, 2), (6937, 1), (6949, 2), (7046, 8), (7051, 1), (7189, 1), (7202, 1), (7204, 1), (7266, 1), (7443, 1), (7462, 1), (7487, 1), (7514, 1), (7875, 1), (8088, 1), (8241, 1), (8397, 2), (8571, 1), (8732, 1), (8862, 1), (8917, 1), (8921, 1), (8959, 2), (8964, 4), (9000, 1), (9010, 1), (9401, 1), (9519, 1), (9657, 1), (9676, 2)
moma (DF: 1): (7163, 1)
momabacon (DF: 1): (4319, 1)
momberg (DF: 1): (804, 1)
moment (DF: 169): (3, 1), (26, 21), (29, 2), (46, 1), (58, 1), (71, 1), (73, 1), (84, 1), (118, 1), (122, 1), (148, 1), (190, 1), (209, 2), (236, 1), (262, 1), (328, 4), (333, 4), (358, 1), (466, 2), (481, 1), (496, 4), (515, 10), (539, 11), (555, 2), (560, 2), (576, 1), (597, 1), (648, 2), (650, 1), (659, 3), (671, 6), (704, 3), (707, 3), (759, 4), (764, 1), (779, 1), (801, 1), (892, 2), (914, 1), (933, 3), (947, 1), (969, 6), (1000, 1), (1009, 1), (1014, 1), (1032, 3), (1061, 3), (1070, 1), (1103, 1), (1125, 2), (1186, 2), (1192, 1), (1202, 1), (1222, 1), (1264, 1), (1273, 3), (1284, 1), (1286, 1), (1294, 1), (1309, 6), (1333, 2), (1338, 2), (1364, 3), (1371, 2), (1398, 1), (1408, 1), (1448, 1), (1452, 1), (1461, 3), (1471, 1), (1473, 6), (1475, 6), (1555, 1), (1589, 1), (1610, 1), (1665, 3), (1694, 1), (1713, 1), (1728, 2), (1769, 2), (1798, 1), (1811, 1), (1880, 1), (1960, 2), (2012, 1), (2016, 1), (2061, 1), (2063, 1), (2070, 1), (2079, 2), (2092, 2), (2098, 4), (2102, 1), (2119, 1), (2160, 1), (2214, 6), (2220, 1), (2224, 1), (2234, 2), (2272, 1), (2310, 1), (2350, 3), (2368, 1), (2388, 1), (2405, 6), (2415, 2), (2432, 1), (2480, 1), (2557, 1), (2569, 1), (2628, 2), (2630, 1), (2634, 1), (2665, 3), (2672, 1), (2675, 8), (2723, 1), (2734, 1), (2761, 1), (2780, 3), (2785, 1), (2787, 1), (2799, 3), (2913, 1), (2918, 6), (2927, 1), (2979, 4), (2990, 1), (3002, 1), (3035, 1), (3040, 1), (3042, 1), (3044, 1), (3068, 1), (3079, 2), (3148, 1), (3159, 1), (3191, 4), (3194, 2), (3211, 1), (3213, 1), (3242, 1), (3268, 1), (3292, 5), (3309, 2), (3340, 2), (3349, 1), (3355, 1), (3419, 1), (3435, 6), (3454, 1), (3458, 1), (3472, 2), (3491, 1), (3492, 1), (3508, 2), (3521, 1), (3574, 1), (3617, 2), (3696, 2), (3697, 2), (3720, 3), (3814, 3), (3833, 1), (3844, 14), (3876, 1), (3894, 2), (3908, 1), (3938, 1)
