floor (DF: 41): (9374, 1), (9376, 2), (9403, 1), (9436, 1), (9447, 2), (9611, 1), (9628, 1), (9635, 1), (9649, 1), (9669, 2), (9672, 1), (9713, 2), (9730, 1), (9759, 1), (9765, 2), (9774, 1), (9789, 1), (9818, 1), (9953, 1), (131, 1), (132, 1), (916, 2), (919, 2), (2438, 1), (2440, 1), (2738, 1), (2739, 1), (3956, 2), (3957, 2), (5597, 3), (5599, 1), (6970, 1), (6971, 1), (7074, 22), (7075, 1), (8199, 1), (8200, 22), (9561, 2), (9563, 1), (9760, 1), (9761, 2)
floorboard (DF: 2): (4586, 1), (7473, 1)
floorfil (DF: 1): (3928, 1)
floorin (DF: 1): (4820, 1)
floozi (DF: 1): (9009, 1)
flop (DF: 21): (380, 5), (1053, 1), (1256, 2), (1790, 1), (2305, 1), (2476, 1), (2664, 1), (2899, 1), (3424, 1), (4165, 1), (4731, 1), (4889, 1), (5401, 1), (6441, 1), (6572, 2), (7138, 1), (7348, 1), (8061, 10), (8181, 1), (8234, 1), (8929, 1)
floppin (DF: 2): (4026, 1), (7159, 2)
floppydisk (DF: 1): (1845, 1)
flops (DF: 1): (8039, 1)
flor (DF: 43): (87, 1), (791, 3), (1277, 2), (1461, 1), (3071, 1), (3158, 4), (3851, 1), (3859, 1), (3890, 2), (4207, 1), (4289, 5), (4356, 4), (4430, 1), (4671, 2), (5118, 2), (5276, 3), (5659, 3), (6190, 1), (6249, 3), (6251, 1), (6983, 1), (7799, 1), (7993, 2), (8047, 2), (8066, 1), (8112, 1), (8131, 1), (8526, 1), (8817, 1), (8961, 4), (9204, 1), (9279, 3), (9298, 1), (9342, 1), (9384, 1), (9473, 1), (9496, 1), (9521, 1), (9524, 1), (9636, 2), (9786, 6), (9867, 1), (9903, 2)
flora (DF: 2): (3389, 1), (9809, 1)
floraison (DF: 1): (4088, 1)
floral (DF: 1): (8766, 1)
flore (DF: 3): (299, 2), (6028, 1), (9087, 4)
florec (DF: 6): (2243, 1), (2473, 2), (5659, 2), (7586, 1), (8624, 1), (9786, 2)
florecient (DF: 1): (1788, 1)
florenc (DF: 1): (4932, 1)
florez (DF: 1): (9470, 1)
flori (DF: 1): (1583, 1)
florida (DF: 20): (352, 1), (541, 1), (978, 1), (2639, 1), (2649, 1), (3311, 1), (3589, 1), (3594, 1), (4303, 1), (5515, 1), (5941, 1), (6203, 2), (6246, 1), (6527, 1), (6728, 1), (7297, 2), (7874, 1), (8005, 2), (8238, 1), (9054, 1)
florir (DF: 1): (5007, 5)
florist (DF: 1): (7688, 1)
flosh (DF: 1): (5345, 1)
floss (DF: 36): (324, 1), (738, 1), (1084, 1), (1251, 1), (1282, 1), (1574, 1), (1674, 1), (2240, 1), (2489, 1), (3084, 3), (3486, 1), (3498, 1), (3850, 1), (4121, 2), (4165, 1), (4326, 1), (4329, 1), (4552, 2), (4789, 6), (4942, 1), (4956, 3), (5267, 1), (5367, 2), (5584, 19), (6092, 1), (6569, 1), (6585, 1), (6923, 1), (7297, 1), (7369, 1), (7991, 1), (8180, 1), (8470, 1), (8547, 1), (8929, 2), (9451, 1)
flosser (DF: 1): (6342, 4)
flossi (DF: 3): (579, 1), (1531, 2), (2522, 2)
flossin (DF: 19): (248, 1), (2198, 1), (2235, 1), (2320, 1), (2939, 1), (4501, 1), (5513, 2), (5682, 1), (6203, 1), (6327, 1), (6342, 5), (6464, 1), (6472, 1), (6755, 1), (7292, 1), (7369, 1), (7537, 1), (7946, 1), (8079, 1)
flosstradamus (DF: 2): (4807, 1), (6887, 1)
flot (DF: 14): (1366, 1), (1686, 1), (1758, 1), (4289, 2), (4556, 8), (4860, 2), (5183, 16), (5512, 1), (6279, 2), (8883, 1), (9070, 1), (9470, 1), (9706, 1), (9882, 1)
flota (DF: 2): (552, 2), (9781, 1)
flote (DF: 4): (1920, 5), (4109, 1), (6408, 1), (6657, 2)
flourish (DF: 1): (2920, 2)
flous (DF: 4): (229, 4), (1177, 1), (2574, 1), (6292, 3)
flouz (DF: 1): (4318, 1)
flow (DF: 125): (12, 2), (74, 2), (151, 1), (208, 5), (213, 2), (221, 1), (235, 1), (246, 2), (252, 1), (270, 1), (283, 1), (288, 2), (337, 1), (339, 2), (350, 2), (357, 3), (360, 1), (397, 1), (444, 1), (476, 1), (483, 1), (486, 1), (490, 1), (540, 1), (548, 1), (568, 1), (579, 4), (583, 1), (586, 1), (621, 1), (628, 2), (669, 2), (710, 1), (738, 1), (773, 9), (800, 1), (813, 1), (829, 1), (951, 3), (964, 1), (998, 1), (1002, 2), (1008, 7), (1033, 1), (1045, 2), (1084, 1), (1124, 1), (1136, 1), (1141, 8), (1171, 1), (1183, 6), (1193, 1), (1221, 1), (1247, 1), (1253, 1), (1259, 4), (1284, 3), (1342, 1), (1378, 2), (1443, 1), (1469, 1), (1474, 1), (1488, 1), (1491, 3), (1524, 1), (1564, 1), (1653, 3), (1654, 1), (1661, 1), (1665, 1), (1674, 2), (1692, 2), (1738, 1), (1766, 1), (1775, 1), (1790, 1), (1807, 1), (1810, 2), (1823, 1), (1833, 1), (1844, 1), (1875, 1), (1880, 2), (1904, 1), (1922, 1), (1929, 1), (1932, 1), (1949, 1), (1979, 2), (1980, 1), (1994, 1), (2075, 1), (2127, 1), (2137, 7), (2186, 1), (2194, 1), (2213, 1), (2221, 1), (2252, 2), (2306, 5), (2319, 1), (2333, 1), (2340, 1), (2377, 1), (2386, 6), (2422, 2), (2442, 1), (2500, 1), (2529, 1), (2561, 1), (2579, 6), (2587, 1), (2601, 1), (2604, 1), (2646, 1), (2662, 1), (2676, 1), (2691, 1), (2694, 1), (2726, 1), (2729, 2), (2733, 1), (2755, 1), (2769, 2), (2773, 1)
