yakap (DF: 1): (9901, 3)
yakapin (DF: 1): (9901, 9)
yaknowhat (DF: 1): (8468, 1)
yakpa (DF: 1): (9825, 1)
yaksokha (DF: 1): (32, 3)
yakub (DF: 2): (4746, 2), (6607, 2)
yakusoku (DF: 1): (1102, 1)
yakut (DF: 1): (1141, 1)
yakuz (DF: 1): (7254, 1)
yakuza (DF: 2): (4124, 1), (8452, 16)
yal (DF: 5): (2668, 1), (3028, 2), (6423, 5), (7068, 1), (7904, 2)
yalapaad (DF: 1): (9980, 2)
yall (DF: 14): (821, 1), (1565, 1), (1661, 1), (2377, 1), (3249, 1), (3298, 1), (4091, 1), (5463, 3), (6189, 1), (6524, 1), (6667, 2), (7249, 1), (7534, 1), (8248, 1)
yalla (DF: 2): (7603, 2), (8591, 8)
yallah (DF: 5): (1583, 1), (2574, 1), (5382, 1), (8829, 2), (9788, 1)
yaln (DF: 2): (4092, 4), (5052, 4)
yalod (DF: 1): (9072, 4)
yam (DF: 10): (746, 1), (1058, 2), (2737, 1), (4420, 6), (4661, 1), (5137, 1), (6721, 1), (7480, 7), (7501, 1), (7528, 2)
yamah (DF: 1): (4912, 1)
yamaha (DF: 2): (5734, 6), (8778, 7)
yamamoto (DF: 1): (4410, 1)
yaman (DF: 1): (9901, 22)
yami (DF: 1): (1102, 1)
yamilett (DF: 1): (724, 1)
yampi (DF: 1): (7646, 1)
yan (DF: 3): (3669, 1), (6826, 1), (8768, 2)
yancy (DF: 1): (3062, 1)
yandel (DF: 48): (44, 6), (476, 2), (577, 4), (707, 4), (851, 1), (1259, 3), (1379, 1), (1519, 11), (2585, 4), (2617, 1), (2814, 5), (3031, 3), (3090, 2), (3358, 4), (3504, 1), (3536, 1), (3586, 6), (3609, 7), (3903, 4), (4567, 6), (4763, 3), (4790, 2), (5341, 6), (5388, 3), (5569, 5), (5793, 3), (6131, 9), (6682, 2), (6872, 4), (6878, 3), (6909, 6), (7183, 6), (7255, 6), (7526, 2), (7587, 4), (7734, 1), (7780, 8), (7989, 6), (8478, 12), (8482, 3), (8805, 4), (8866, 9), (9536, 4), (9719, 3), (9819, 1), (9872, 8), (9974, 3), (6681, 9)
yang (DF: 8): (1657, 6), (3790, 3), (5299, 4), (7901, 1), (8278, 1), (8559, 1), (9659, 2), (9713, 2)
yank (DF: 7): (684, 1), (1436, 1), (2286, 1), (2607, 1), (5608, 1), (7829, 1), (7973, 1)
yanke (DF: 39): (345, 7), (476, 1), (724, 1), (1039, 1), (1079, 1), (1259, 3), (1422, 6), (1631, 3), (1786, 1), (2306, 1), (2604, 1), (3090, 1), (3669, 2), (4540, 1), (4908, 4), (4963, 1), (5373, 6), (5473, 1), (6079, 2), (6205, 2), (6351, 3), (6399, 1), (6423, 1), (6705, 1), (6857, 2), (7526, 1), (7572, 1), (7586, 1), (7953, 1), (8454, 4), (8606, 5), (8758, 6), (9040, 2), (9225, 2), (9431, 1), (9609, 2), (9719, 1), (9882, 2), (9887, 2)
yann (DF: 3): (4356, 4), (7646, 2), (9864, 1)
yannc (DF: 1): (1039, 1)
yany (DF: 2): (910, 1), (2877, 2)
yao (DF: 12): (1221, 2), (2183, 2), (2828, 1), (4152, 1), (4257, 5), (4469, 4), (4692, 1), (5463, 1), (5796, 1), (6450, 3), (7508, 1), (9196, 1)
yaoh (DF: 5): (2092, 1), (2487, 1), (5198, 1), (8256, 2), (9919, 4)
yaooo (DF: 1): (4681, 1)
yap (DF: 9): (1076, 1), (4159, 1), (4503, 1), (5228, 1), (6089, 1), (7189, 1), (7721, 1), (8009, 1), (8551, 1)
yapa (DF: 1): (9825, 2)
yappin (DF: 2): (4731, 1), (9102, 1)
yara (DF: 1): (2268, 1)
yarah (DF: 1): (3776, 1)
yard (DF: 44): (859, 5), (909, 1), (1143, 1), (1172, 1), (1226, 1), (1469, 1), (1718, 1), (2031, 1), (2093, 2), (2278, 1), (2378, 1), (2454, 1), (2669, 1), (2687, 1), (2887, 1), (3151, 6), (3579, 3), (3822, 2), (4150, 1), (4547, 1), (4578, 2), (4995, 2), (5307, 2), (5345, 1), (5814, 1), (6273, 1), (6472, 1), (6503, 1), (6697, 1), (6853, 1), (7134, 1), (7212, 3), (7328, 1), (8151, 1), (8360, 2), (8657, 1), (9251, 4), (9256, 1), (9315, 1), (9417, 1), (9486, 1), (9512, 2), (9538, 1), (9582, 1)
yardi (DF: 1): (3957, 1)
yardstick (DF: 1): (8458, 2)
yaris (DF: 1): (3419, 1)
yarisugoshit (DF: 1): (7990, 1)
yarmulk (DF: 1): (2737, 1)
yarran (DF: 1): (5582, 1)
yarum (DF: 1): (3471, 1)
yash (DF: 1): (5101, 1)
yasmin (DF: 1): (3467, 1)
yat (DF: 7): (444, 1), (567, 6), (628, 1), (3891, 1), (6205, 2), (6326, 1), (9067, 4)
yata (DF: 2): (0, 1), (871, 1)
yate (DF: 3): (2174, 1), (8060, 1), (8463, 2)
yatr (DF: 7): (1042, 6), (2114, 8), (3588, 1), (5174, 5), (5381, 4), (8406, 4), (8805, 12)
yauch (DF: 1): (7635, 1)
yauh (DF: 1): (4518, 8)
yauw (DF: 1): (3048, 1)
yavi (DF: 2): (1803, 2), (8353, 7)
yaviah (DF: 2): (2898, 5), (5373, 3)
yaw (DF: 3): (1739, 1), (2085, 1), (3909, 8)
yawk (DF: 1): (7192, 6)
yawn (DF: 9): (182, 1), (1661, 1), (1844, 2), (3383, 1), (5086, 1), (7181, 1), (7745, 1), (7884, 1), (7967, 1)
yawnin (DF: 4): (1490, 1), (4468, 1), (6627, 1), (8470, 1)
