halt (DF: 11): (5580, 1), (5693, 1), (6026, 1), (6350, 1), (7479, 2), (7521, 4), (7983, 2), (8678, 1), (8829, 1), (8932, 1), (9457, 1)
halv (DF: 5): (1103, 2), (2352, 1), (2619, 1), (5267, 1), (6599, 1)
ham (DF: 9): (72, 1), (3949, 3), (4347, 1), (4714, 2), (5691, 1), (6531, 2), (6620, 1), (7521, 1), (8564, 1)
hamac (DF: 1): (178, 1)
hamad (DF: 1): (151, 7)
hamborn (DF: 1): (5429, 1)
hambr (DF: 10): (2656, 1), (4189, 1), (6131, 3), (6681, 3), (6974, 1), (8036, 1), (8256, 9), (8478, 4), (8866, 3), (9108, 2)
hambrient (DF: 1): (9516, 1)
hamburg (DF: 11): (151, 1), (493, 2), (2050, 1), (2637, 2), (3048, 2), (3962, 1), (7720, 1), (8230, 1), (8260, 2), (8311, 1), (9236, 1)
hamburgers (DF: 1): (2306, 1)
hamdoullah (DF: 1): (9569, 1)
hamilton (DF: 11): (52, 2), (953, 1), (1741, 1), (1837, 1), (2161, 1), (3508, 1), (4844, 1), (5899, 1), (7392, 2), (8475, 2), (9954, 1)
hamkkehaessdeon (DF: 1): (32, 1)
hamkkeil (DF: 1): (32, 1)
hammer (DF: 51): (405, 1), (536, 1), (547, 1), (579, 2), (1091, 1), (1211, 14), (1343, 1), (1674, 1), (2230, 2), (2301, 3), (2366, 1), (2462, 1), (2525, 1), (2733, 1), (2746, 1), (2825, 11), (3084, 3), (3350, 1), (3763, 1), (4019, 2), (4552, 1), (4731, 1), (4770, 1), (4962, 1), (4982, 1), (5031, 8), (5261, 1), (5573, 1), (5627, 2), (6040, 1), (6092, 1), (6225, 4), (6244, 1), (6256, 1), (6296, 1), (6421, 1), (6447, 1), (7237, 1), (7451, 6), (7465, 1), (7685, 1), (7690, 1), (7696, 1), (7987, 1), (8076, 1), (8571, 2), (8822, 1), (9633, 1), (9710, 8), (9749, 1), (9828, 1)
hammerin (DF: 1): (8527, 1)
hammi (DF: 1): (1253, 1)
hammock (DF: 2): (1801, 1), (9038, 1)
hammond (DF: 4): (2293, 2), (6517, 1), (6825, 1), (9978, 1)
hamonineun (DF: 1): (2817, 1)
hamp (DF: 1): (9576, 1)
hampstead (DF: 1): (4647, 1)
hampton (DF: 5): (774, 1), (4615, 1), (5560, 1), (6964, 6), (8573, 2)
hamptown (DF: 1): (1059, 1)
hamster (DF: 1): (7865, 1)
hamstr (DF: 1): (7561, 3)
hamyeon (DF: 1): (7941, 1)
hamzaa (DF: 1): (1170, 1)
han (DF: 20): (63, 1), (229, 2), (598, 1), (1465, 3), (2018, 8), (2152, 4), (2759, 4), (3048, 1), (3213, 24), (3527, 2), (4714, 1), (5801, 1), (5959, 1), (7077, 1), (7397, 1), (7726, 1), (7922, 1), (8210, 7), (8554, 1), (9637, 1)
hanafuda (DF: 1): (8452, 6)
hananikka (DF: 1): (32, 1)
hanapin (DF: 1): (6224, 2)
hanbeon (DF: 1): (7941, 2)
hanbial (DF: 1): (6524, 1)
hancock (DF: 1): (9069, 2)
hand (DF: 210): (1, 1), (3, 2), (25, 2), (31, 1), (40, 2), (47, 6), (51, 1), (55, 2), (66, 1), (68, 2), (69, 1), (72, 1), (74, 2), (80, 8), (99, 19), (105, 2), (124, 4), (157, 1), (171, 2), (177, 2), (179, 1), (188, 1), (194, 2), (197, 1), (202, 1), (223, 2), (243, 1), (248, 1), (250, 1), (258, 4), (262, 2), (264, 1), (278, 10), (281, 1), (285, 1), (295, 1), (298, 1), (302, 1), (325, 2), (326, 1), (346, 1), (358, 1), (368, 1), (369, 1), (379, 6), (384, 3), (405, 1), (408, 1), (411, 1), (425, 1), (435, 1), (441, 1), (447, 4), (455, 1), (478, 1), (492, 1), (514, 12), (527, 1), (529, 1), (544, 4), (548, 3), (556, 1), (558, 9), (559, 1), (563, 1), (570, 10), (574, 1), (575, 2), (581, 1), (582, 2), (586, 2), (597, 1), (600, 2), (603, 8), (604, 12), (606, 1), (611, 6), (617, 1), (642, 1), (646, 1), (647, 1), (650, 1), (660, 1), (662, 4), (678, 1), (684, 1), (695, 1), (698, 1), (699, 4), (709, 1), (721, 3), (732, 1), (742, 1), (756, 1), (761, 2), (767, 2), (769, 1), (783, 1), (803, 1), (804, 2), (807, 2), (829, 1), (835, 3), (841, 1), (843, 3), (847, 2), (850, 1), (861, 6), (874, 1), (888, 1), (899, 1), (903, 2), (904, 1), (914, 1), (920, 1), (922, 1), (926, 8), (931, 1), (948, 8), (958, 2), (965, 6), (979, 8), (988, 1), (991, 1), (992, 6), (993, 2), (1002, 44), (1007, 1), (1026, 3), (1029, 1), (1035, 15), (1050, 2), (1053, 1), (1057, 1), (1059, 1), (1070, 2), (1078, 12), (1082, 6), (1085, 1), (1092, 1), (1117, 1), (1134, 10), (1144, 1), (1148, 1), (1152, 2), (1157, 1), (1168, 1), (1173, 1), (1187, 1), (1195, 22), (1202, 1), (1203, 1), (1208, 1), (1218, 1), (1230, 1), (1240, 1), (1244, 1), (1267, 2), (1273, 2), (1274, 1), (1319, 1), (1328, 1), (1330, 1), (1342, 1), (1350, 1), (1372, 1), (1375, 8), (1378, 2), (1381, 1), (1386, 1), (1392, 6), (1403, 1), (1419, 1), (1429, 2), (1433, 2), (1436, 1), (1446, 5), (1454, 1), (1456, 1), (1469, 1), (1471, 1), (1477, 1), (1494, 2), (1496, 7), (1506, 8), (1511, 3), (1520, 1), (1525, 32), (1547, 5), (1550, 8), (1555, 1), (1559, 2), (1570, 1), (1573, 2), (1580, 1), (1594, 1), (1597, 3), (1603, 1), (1612, 1), (1613, 1), (1616, 10), (1621, 1), (1626, 6), (1656, 5), (1657, 1), (1673, 2), (1680, 1), (1690, 1), (1692, 6), (1703, 1)
