archer (DF: 1): (1330, 1)
archetyp (DF: 1): (7788, 1)
archi (DF: 3): (1253, 5), (1829, 4), (8369, 1)
archimed (DF: 1): (2170, 1)
architect (DF: 3): (5266, 1), (5961, 1), (8554, 1)
architectur (DF: 2): (1647, 1), (6746, 1)
architrackz (DF: 1): (3748, 1)
archiv (DF: 2): (8762, 1), (9190, 1)
arco (DF: 3): (2322, 1), (6628, 1), (9873, 1)
arcoiri (DF: 1): (8131, 1)
arcoiris (DF: 2): (2662, 1), (9342, 1)
arctic (DF: 5): (291, 1), (1656, 1), (7083, 1), (7761, 1), (9852, 1)
arctiqu (DF: 1): (1089, 1)
ard (DF: 2): (4995, 1), (9120, 1)
arde (DF: 7): (1677, 2), (1687, 1), (2805, 1), (3495, 2), (4032, 2), (6120, 2), (6263, 1)
arden (DF: 1): (9516, 1)
ardhë (DF: 2): (6126, 1), (9049, 2)
ardid (DF: 1): (5364, 1)
ardiend (DF: 3): (3419, 3), (5793, 1), (7255, 6)
ardient (DF: 4): (1939, 1), (2656, 1), (4671, 2), (5502, 1)
ardipithecus (DF: 1): (2206, 1)
ardit (DF: 1): (2018, 1)
are (DF: 26): (44, 1), (1004, 6), (1461, 2), (1677, 1), (2648, 2), (2757, 5), (2967, 1), (3090, 1), (3111, 1), (3284, 2), (3419, 1), (4347, 2), (4909, 6), (5341, 1), (6207, 1), (6336, 1), (6645, 2), (7082, 6), (7258, 2), (7526, 1), (7586, 1), (7587, 1), (7641, 2), (8236, 1), (9819, 2), (9882, 2)
area (DF: 25): (68, 2), (159, 1), (436, 4), (970, 7), (1292, 1), (1477, 1), (1922, 1), (2594, 1), (2690, 1), (4100, 1), (4834, 1), (5506, 1), (5513, 2), (5582, 1), (5666, 1), (5757, 1), (5830, 1), (6327, 1), (6535, 1), (7752, 1), (7880, 1), (8079, 1), (8316, 20), (8948, 1), (9826, 1)
areia (DF: 1): (6028, 2)
aren (DF: 44): (53, 1), (216, 1), (217, 1), (252, 1), (364, 6), (417, 1), (891, 1), (1046, 10), (1061, 3), (1300, 2), (1305, 3), (1582, 1), (1677, 1), (1826, 1), (2473, 1), (2757, 1), (2805, 1), (3158, 1), (3313, 1), (3401, 1), (3421, 1), (3603, 1), (4419, 1), (4532, 1), (4908, 2), (4954, 1), (5013, 1), (5363, 1), (5945, 2), (6207, 6), (6249, 1), (6423, 1), (6450, 1), (6650, 2), (7284, 1), (7501, 2), (8039, 5), (8243, 3), (8817, 1), (9079, 1), (9179, 2), (9302, 1), (9692, 1), (9806, 2)
arena (DF: 14): (168, 1), (326, 1), (804, 4), (905, 1), (1727, 2), (2843, 1), (3565, 1), (4267, 1), (4298, 1), (7363, 1), (7583, 1), (9474, 1), (9567, 1), (9666, 1)
arener (DF: 1): (4666, 1)
aretha (DF: 5): (3315, 1), (4698, 1), (7253, 1), (7339, 1), (8857, 1)
arg (DF: 2): (2637, 1), (7745, 1)
argel (DF: 1): (5962, 1)
argelin (DF: 1): (2150, 1)
argent (DF: 4): (3453, 1), (4440, 1), (6425, 1), (9884, 25)
argentin (DF: 42): (143, 2), (283, 1), (347, 1), (480, 2), (1296, 1), (1424, 2), (1476, 2), (2354, 1), (2662, 1), (2739, 2), (3269, 1), (4032, 2), (4361, 2), (4504, 2), (4651, 2), (4912, 2), (5126, 1), (5352, 1), (5588, 2), (5592, 1), (6251, 1), (6280, 2), (6651, 2), (6810, 2), (7019, 1), (7415, 2), (8036, 2), (8116, 1), (8256, 1), (8278, 1), (8902, 2), (8919, 2), (9070, 2), (9108, 2), (9334, 1), (9387, 2), (9532, 1), (9540, 1), (9580, 2), (9606, 1), (9660, 1), (9697, 2)
argh (DF: 4): (44, 1), (2084, 1), (5341, 1), (8369, 2)
argu (DF: 35): (1573, 2), (1839, 3), (2233, 1), (2394, 1), (2586, 3), (2812, 1), (3049, 1), (3193, 1), (3789, 1), (3895, 6), (5036, 3), (5389, 1), (5651, 2), (5667, 2), (5673, 1), (5812, 1), (5957, 2), (6146, 3), (6149, 1), (6350, 1), (6391, 4), (6629, 1), (6679, 1), (6858, 1), (7298, 2), (7826, 1), (7936, 1), (8443, 1), (9301, 1), (9621, 1), (9653, 1), (9663, 1), (9765, 6), (9893, 4), (9914, 1)
arguin (DF: 2): (2634, 1), (6969, 1)
argument (DF: 12): (726, 2), (1229, 2), (3404, 1), (3412, 2), (4031, 1), (5036, 1), (5420, 4), (7139, 1), (7932, 1), (8519, 1), (8714, 3), (9846, 1)
argüend (DF: 1): (3603, 1)
arh (DF: 1): (4714, 12)
arhi (DF: 1): (9138, 3)
ari (DF: 24): (893, 1), (1559, 2), (2246, 1), (2683, 2), (2941, 2), (3121, 1), (3723, 2), (3777, 1), (4182, 1), (4572, 1), (4992, 1), (5296, 1), (5439, 1), (6352, 1), (6465, 1), (6980, 1), (7791, 5), (8054, 1), (8166, 1), (8671, 5), (8762, 1), (9026, 1), (9069, 1), (9203, 3)
aria (DF: 2): (1028, 1), (4298, 3)
ariana (DF: 25): (95, 1), (215, 1), (273, 2), (357, 3), (1725, 1), (1867, 1), (1887, 1), (2522, 1), (2780, 1), (2920, 1), (3809, 2), (3993, 7), (4160, 1), (4270, 1), (5065, 3), (6048, 1), (6128, 1), (6216, 1), (6402, 1), (6465, 1), (6677, 2), (6731, 1), (7432, 1), (7791, 1), (7835, 1)
arigato (DF: 2): (4012, 17), (5981, 1)
arin (DF: 1): (5237, 1)
arindha (DF: 1): (3471, 1)
arintha (DF: 1): (3471, 1)
aris (DF: 11): (407, 1), (453, 1), (2184, 3), (4786, 1), (5262, 1), (5483, 1), (7039, 1), (7228, 1), (7618, 1), (7678, 1), (8105, 3)
arisc (DF: 2): (371, 1), (1803, 4)
arista (DF: 1): (7085, 1)
arithmatist (DF: 1): (9952, 1)
ariv (DF: 1): (3471, 1)
arivaai (DF: 1): (3471, 1)
arivukkul (DF: 1): (3471, 1)
arizona (DF: 9): (1174, 1), (3238, 1), (3594, 1), (3944, 4), (4736, 1), (5055, 1), (5212, 1), (6794, 1), (9854, 1)
arjon (DF: 1): (6190, 1)
ark (DF: 4): (1699, 1), (2260, 1), (2435, 1), (6349, 1)
arkadi (DF: 1): (6686, 2)
arkansa (DF: 3): (816, 1), (3594, 1), (6203, 1)
arkin (DF: 1): (5851, 1)
arlo (DF: 1): (2124, 1)
arm (DF: 358): (174, 8), (196, 8), (223, 1), (228, 1), (239, 3), (365, 1), (379, 1), (419, 2), (422, 1), (454, 1), (455, 1), (464, 5), (517, 1), (582, 2), (585, 2), (618, 2), (633, 1), (659, 1), (668, 1), (678, 2), (684, 1), (745, 2), (763, 3), (800, 1), (853, 3), (1052, 1), (1059, 1), (1087, 1), (1088, 2), (1151, 1), (1182, 3), (1206, 6), (1209, 1), (1243, 1), (1244, 1), (1250, 2), (1258, 1), (1342, 1), (1343, 1), (1347, 16), (1375, 8), (1396, 1), (1463, 2), (1492, 3), (1508, 2), (1522, 3), (1649, 2), (1656, 1), (1674, 2), (1692, 1), (1738, 1), (1745, 12), (1771, 6), (1823, 1), (1832, 6), (1858, 1), (1866, 2), (1871, 3), (1909, 1), (1923, 6), (1944, 4), (1969, 6), (1989, 1), (2000, 1), (2044, 3), (2061, 1), (2138, 1), (2196, 1), (2210, 3), (2223, 4), (2230, 1), (2251, 2), (2260, 1), (2262, 1), (2274, 1), (2380, 1), (2397, 1), (2407, 3), (2408, 4), (2444, 1), (2470, 1), (2482, 1), (2495, 1), (2535, 4), (2547, 2), (2551, 3), (2560, 1), (2636, 1), (2678, 1), (2790, 12), (2846, 3), (2856, 1), (2893, 3), (2944, 1), (2954, 4), (2965, 4), (2974, 1), (2976, 3), (2989, 5), (3041, 1), (3047, 1), (3073, 1), (3081, 1), (3084, 3), (3096, 4), (3100, 1), (3124, 1), (3153, 1), (3192, 2), (3194, 3), (3238, 1), (3242, 1), (3248, 5), (3256, 1), (3276, 1), (3292, 1), (3300, 1), (3374, 3), (3394, 6), (3409, 1), (3455, 1), (3517, 3), (3541, 1), (3561, 3), (3565, 1), (3624, 2), (3674, 2), (3725, 4), (3771, 1), (3796, 1), (3822, 34), (3874, 1), (3883, 1), (3886, 14), (3932, 1), (3951, 1), (3966, 2), (4001, 1), (4041, 1), (4052, 1), (4073, 8), (4211, 1), (4218, 1), (4221, 2), (4228, 6), (4229, 4), (4242, 2), (4321, 1), (4324, 1), (4346, 20), (4368, 1), (4372, 1), (4392, 1), (4398, 1), (4402, 1), (4414, 7), (4417, 2), (4432, 1), (4449, 4), (4485, 3), (4495, 1), (4499, 1), (4514, 41), (4564, 3), (4583, 2), (4586, 3), (4649, 1), (4677, 4), (4805, 1), (4869, 19), (4872, 2), (4927, 1), (4956, 1), (4960, 6), (5019, 2), (5049, 1), (5071, 1), (5078, 3), (5111, 3), (5119, 2), (5121, 1), (5142, 1), (5263, 1), (5267, 1), (5315, 3), (5348, 10), (5357, 1), (5359, 2), (5366, 1), (5394, 2), (5422, 3), (5427, 1), (5437, 1), (5573, 1), (5608, 1), (5624, 2), (5730, 2), (5734, 1), (5751, 1), (5773, 1), (5794, 1), (5823, 1), (5835, 8), (5891, 1), (5904, 3), (6006, 15), (6030, 1), (6036, 3), (6044, 4), (6064, 2), (6068, 10), (6092, 1), (6106, 4), (6114, 4), (6154, 1), (6170, 1), (6177, 1), (6178, 1), (6196, 1), (6216, 3), (6225, 2), (6237, 3), (6255, 4), (6295, 3), (6311, 1), (6325, 3), (6329, 1), (6345, 1), (6407, 2), (6419, 4), (6433, 1), (6445, 1), (6451, 1), (6476, 1), (6477, 1), (6510, 1), (6530, 1), (6576, 1), (6591, 1), (6621, 1), (6624, 1), (6652, 1), (6686, 2), (6701, 1), (6731, 1), (6735, 2), (6737, 2), (6753, 2), (6759, 1), (6793, 7), (6848, 1), (6893, 1), (6901, 1), (6941, 1), (6947, 3), (7002, 2), (7014, 4), (7070, 1), (7076, 2), (7126, 3), (7230, 1), (7231, 1), (7236, 6), (7245, 4), (7248, 4), (7271, 2), (7283, 1), (7328, 1), (7364, 3), (7390, 2), (7391, 3), (7424, 1), (7437, 1), (7478, 3), (7570, 4), (7585, 1), (7610, 1), (7611, 1), (7613, 1), (7657, 1), (7675, 6), (7685, 1), (7692, 1), (7768, 4), (7812, 1), (7849, 1), (7852, 3), (7887, 2), (7889, 1), (7973, 1), (7985, 1), (8053, 1), (8102, 2), (8104, 1), (8138, 2), (8154, 1), (8168, 1), (8216, 3), (8224, 3), (8284, 1), (8364, 1), (8401, 1), (8421, 1), (8461, 3), (8488, 2), (8571, 1), (8584, 1), (8589, 1), (8595, 1), (8610, 3), (8651, 3), (8661, 1), (8702, 2), (8720, 1), (8760, 1), (8778, 1), (8828, 2), (8835, 12), (8847, 1), (8903, 1), (8909, 6), (8932, 1), (8934, 1), (8950, 1), (8983, 1), (8999, 2), (9023, 12), (9068, 8), (9088, 1), (9133, 6), (9186, 2), (9200, 3), (9212, 1), (9238, 1), (9274, 3), (9276, 4), (9336, 1), (9344, 1), (9425, 1), (9433, 15), (9503, 1), (9583, 1), (9620, 1), (9633, 1), (9644, 2), (9679, 1), (9707, 1), (9744, 3), (9791, 3), (9805, 1), (9846, 1), (9890, 1), (9904, 3), (9907, 2), (9923, 1), (9952, 4), (9976, 1), (9990, 1)
arma (DF: 11): (1004, 1), (1072, 1), (3215, 1), (3358, 1), (3609, 2), (4909, 1), (7082, 1), (7641, 3), (7749, 2), (8940, 2), (9637, 1)
armada (DF: 3): (4016, 1), (7007, 3), (7638, 1)
armadillo (DF: 2): (8755, 1), (9861, 1)
armageddeon (DF: 1): (7690, 1)
armageddon (DF: 14): (397, 1), (515, 1), (695, 3), (696, 1), (1274, 3), (3313, 1), (3483, 2), (3790, 5), (4838, 2), (7183, 2), (7518, 1), (7993, 2), (8047, 1), (9286, 5)
armagnac (DF: 1): (665, 1)
armament (DF: 1): (9431, 1)
arman (DF: 2): (4032, 1), (7000, 2)
armand (DF: 6): (2108, 2), (2785, 1), (4780, 2), (8205, 1), (9887, 1), (9939, 1)
armando (DF: 1): (6102, 1)
armani (DF: 12): (44, 1), (178, 2), (1441, 2), (1825, 2), (3962, 1), (4651, 1), (5341, 1), (6035, 1), (7916, 1), (8745, 1), (9236, 1), (9252, 1)
armar (DF: 2): (7863, 1), (9803, 3)
armari (DF: 3): (4752, 1), (6466, 3), (6689, 3)
armas (DF: 4): (4711, 1), (8516, 1), (9400, 1), (9431, 1)
