leav (DF: 155): (4639, 1), (4640, 13), (4652, 1), (4653, 1), (4675, 1), (4676, 1), (4731, 1), (4732, 1), (4745, 1), (4746, 2), (4759, 1), (4760, 3), (4808, 4), (4810, 2), (5027, 4), (5029, 1), (5236, 6), (5237, 3), (5354, 1), (5356, 1), (5426, 2), (5428, 1), (5460, 1), (5461, 1), (5561, 1), (5562, 2), (5604, 1), (5605, 12), (5612, 1), (5614, 2), (5617, 6), (5618, 2), (5751, 1), (5752, 4), (5966, 1), (5967, 1), (5996, 1), (5997, 5), (6063, 2), (6064, 1), (6163, 2), (6164, 1), (6329, 1), (6330, 1), (6427, 3), (6428, 1), (6480, 1), (6481, 1), (6606, 1), (6607, 2), (6684, 2), (6685, 8), (6707, 1), (6708, 1), (6711, 11), (6712, 2), (6731, 1), (6732, 1), (6966, 1), (6969, 1), (7010, 10), (7011, 24), (7080, 8), (7081, 3), (7198, 1), (7199, 1), (7375, 1), (7376, 4), (7404, 3), (7405, 8), (7577, 1), (7579, 2), (7685, 3), (7686, 1), (7721, 1), (7722, 2), (7938, 4), (7939, 4), (7986, 1), (7988, 1), (7995, 1), (7998, 1), (8074, 1), (8078, 1), (8094, 2), (8095, 1), (8226, 3), (8227, 4), (8276, 1), (8277, 1), (8306, 7), (8307, 2), (8326, 1), (8328, 1), (8387, 2), (8388, 1), (8398, 2), (8399, 2), (8401, 1), (8455, 1), (8456, 2), (8545, 2), (8547, 1), (8551, 1), (8552, 4), (8567, 6), (8568, 2), (8578, 7), (8579, 2), (8601, 2), (8602, 1), (8635, 1), (8636, 2), (8648, 1), (8650, 1), (8769, 2), (8771, 1), (8794, 1), (8795, 1), (8796, 10), (8797, 3), (9030, 1), (9031, 1), (9071, 1), (9072, 1), (9194, 1), (9195, 4), (9275, 2), (9277, 1), (9364, 1), (9365, 1), (9495, 1), (9497, 1), (9683, 1), (9684, 8), (9892, 1), (9893, 2), (798, 1), (799, 1), (800, 1), (1285, 1), (1286, 2), (1287, 1), (2310, 1), (2311, 1), (2312, 1), (5349, 2), (5350, 1), (5351, 1), (9249, 2), (9250, 2), (9251, 1), (9433, 1), (9434, 1), (9435, 2)
leaver (DF: 1): (6715, 1)
leavin (DF: 80): (103, 1), (138, 1), (153, 2), (291, 1), (320, 3), (374, 1), (751, 2), (962, 2), (993, 1), (1016, 1), (1111, 1), (1269, 1), (1477, 1), (1674, 1), (1691, 8), (1693, 3), (1801, 1), (1883, 2), (1949, 1), (2084, 1), (2110, 3), (2516, 1), (2563, 1), (2594, 1), (2607, 1), (2745, 2), (2754, 3), (2804, 1), (3185, 8), (3318, 2), (3428, 1), (3677, 2), (3949, 3), (4404, 4), (4564, 1), (4814, 4), (5063, 4), (5222, 4), (5248, 2), (5267, 1), (5344, 4), (5455, 4), (5527, 1), (5692, 1), (5840, 1), (6148, 2), (6324, 2), (6348, 3), (6472, 1), (6644, 1), (6771, 1), (6959, 3), (7326, 1), (7409, 4), (7538, 1), (7857, 1), (7914, 1), (7994, 1), (8176, 1), (8268, 6), (8299, 1), (8388, 1), (8501, 1), (8561, 1), (8736, 1), (8870, 1), (8878, 1), (9326, 2), (9365, 1), (9394, 1), (9477, 3), (9605, 3), (9608, 1), (9634, 1), (9758, 1), (9763, 1), (9834, 4), (9846, 2), (9953, 2), (9983, 1)
leaving (DF: 1): (2757, 2)
leavvingggggg (DF: 1): (6091, 3)
leb (DF: 49): (437, 10), (484, 2), (493, 2), (681, 1), (778, 1), (880, 1), (1244, 3), (1616, 1), (1715, 1), (2078, 2), (2327, 3), (2328, 3), (2376, 1), (2496, 1), (2535, 1), (2574, 3), (2881, 1), (3048, 4), (3108, 2), (3212, 1), (3381, 6), (3462, 1), (3480, 2), (3570, 1), (3849, 16), (3932, 6), (3962, 3), (4816, 2), (5051, 1), (5149, 2), (5214, 1), (5382, 2), (5429, 1), (5493, 1), (5559, 16), (6026, 2), (6139, 1), (6238, 10), (6600, 1), (7287, 3), (7720, 1), (8019, 2), (8098, 1), (8247, 3), (8498, 1), (8670, 2), (8678, 6), (9664, 1), (9788, 3)
lebar (DF: 1): (5801, 1)
lebb (DF: 1): (737, 1)
leben (DF: 1): (3599, 1)
lebend (DF: 1): (7479, 1)
lebensborn (DF: 1): (311, 5)
lebenselixi (DF: 1): (437, 1)
lebenslang (DF: 1): (1244, 1)
lebensmut (DF: 1): (2327, 1)
lebewohl (DF: 1): (8098, 1)
leblanc (DF: 1): (3778, 1)
lebra (DF: 1): (1834, 1)
lebron (DF: 20): (347, 1), (658, 1), (1296, 22), (1425, 2), (1880, 1), (3037, 1), (3170, 1), (3628, 1), (4651, 6), (5863, 1), (6780, 1), (6800, 1), (7106, 1), (7276, 1), (7344, 3), (7443, 1), (7652, 4), (8231, 1), (8467, 1), (9628, 1)
lebst (DF: 1): (1616, 1)
lebt (DF: 6): (1771, 1), (3348, 1), (3462, 1), (3570, 1), (6026, 1), (8829, 3)
lec (DF: 5): (908, 10), (4914, 2), (7071, 6), (7344, 6), (7654, 1)
lecc (DF: 2): (1010, 2), (6691, 1)
leccion (DF: 4): (276, 1), (3351, 1), (5792, 1), (9469, 1)
lech (DF: 4): (667, 1), (1027, 1), (2183, 24), (4246, 1)
lechon (DF: 2): (2306, 1), (7773, 3)
lechuz (DF: 2): (4790, 1), (7734, 1)
leci (DF: 5): (661, 1), (1197, 2), (4405, 1), (4582, 2), (6457, 1)
lecimi (DF: 1): (7836, 1)
lecisz (DF: 1): (4405, 1)
leck (DF: 2): (2535, 3), (9457, 1)
