uuuuuhhhh (DF: 2): (2428, 2), (2873, 1)
uuuuuu (DF: 1): (7641, 1)
uuuuuuuuuuuuuuuuuuuuuuuuuuuuup (DF: 1): (8822, 1)
uuuy (DF: 1): (5881, 4)
uv (DF: 1): (5149, 1)
uva (DF: 3): (2316, 1), (5187, 1), (5962, 1)
uwa (DF: 2): (250, 1), (3744, 4)
uwalniam (DF: 1): (9647, 1)
uwi (DF: 1): (8452, 1)
uwielbiam (DF: 1): (9647, 1)
uwierzi (DF: 1): (2951, 2)
ux (DF: 1): (9884, 1)
uxbridg (DF: 1): (4900, 1)
uy (DF: 12): (173, 1), (648, 2), (711, 1), (6808, 2), (7457, 1), (7646, 1), (7953, 5), (8733, 1), (8768, 1), (8940, 6), (9079, 4), (9296, 1)
uyeah (DF: 1): (1653, 2)
uyir (DF: 1): (3471, 5)
uzhaikkum (DF: 1): (3471, 1)
uzi (DF: 35): (369, 8), (434, 2), (675, 6), (1164, 1), (1727, 1), (1849, 1), (2053, 1), (2612, 1), (3140, 2), (3205, 1), (3930, 3), (4028, 1), (4122, 2), (4339, 2), (5049, 1), (5212, 1), (5249, 1), (5300, 1), (5349, 1), (5496, 1), (5779, 1), (5863, 1), (6220, 2), (6352, 1), (7235, 2), (7298, 2), (7302, 1), (7520, 1), (7549, 2), (8278, 1), (8419, 1), (8570, 1), (8733, 2), (8780, 2), (9231, 1)
uzis (DF: 1): (7278, 1)
uña (DF: 2): (1878, 1), (6889, 1)
uñas (DF: 3): (3890, 1), (4479, 1), (4704, 6)
uó (DF: 1): (9494, 45)
uódropo (DF: 1): (9494, 1)
uôh (DF: 1): (60, 29)
uôhooh (DF: 1): (60, 1)
v (DF: 113): (192, 1), (616, 1), (618, 2), (669, 1), (812, 1), (842, 1), (938, 2), (988, 4), (997, 1), (1031, 1), (1238, 1), (1314, 1), (1440, 2), (1484, 1), (1587, 2), (1799, 4), (2171, 1), (2186, 1), (2234, 1), (2286, 1), (2440, 1), (2613, 1), (2640, 13), (2650, 2), (2857, 1), (3076, 1), (3180, 2), (3252, 2), (3271, 1), (3420, 1), (3476, 2), (3487, 1), (3654, 1), (3773, 2), (3987, 1), (4034, 2), (4082, 1), (4091, 1), (4124, 1), (4222, 1), (4295, 1), (4497, 3), (4630, 1), (4664, 1), (4700, 2), (4708, 2), (4877, 1), (4972, 1), (5024, 1), (5255, 1), (5265, 1), (5267, 1), (5325, 2), (5330, 1), (5409, 1), (5601, 1), (5803, 1), (5939, 1), (6001, 2), (6043, 1), (6470, 1), (6561, 3), (6652, 1), (6755, 1), (6809, 2), (6899, 2), (6913, 1), (6984, 1), (7117, 1), (7344, 1), (7425, 1), (7450, 1), (7554, 1), (7650, 2), (7745, 2), (7855, 1), (7869, 1), (7943, 1), (7981, 1), (8060, 1), (8235, 4), (8304, 1), (8470, 2), (8679, 1), (8701, 1), (8774, 2), (8829, 2), (8912, 1), (8974, 1), (8985, 1), (9007, 1), (9035, 2), (9068, 1), (9073, 1), (9166, 2), (9332, 1), (9343, 7), (9379, 1), (9451, 1), (9457, 1), (9514, 1), (9552, 1), (9571, 2), (9658, 1), (9729, 1), (9751, 1), (9838, 1), (9884, 1), (9905, 2), (9933, 1), (9984, 1), (3895, 1), (3896, 1)
v10 (DF: 1): (9231, 1)
v12 (DF: 2): (1253, 1), (3272, 1)
v13 (DF: 1): (9658, 2)
v8 (DF: 1): (8247, 1)
va (DF: 164): (34, 1), (46, 2), (53, 1), (86, 2), (127, 1), (217, 1), (252, 2), (256, 2), (276, 1), (283, 1), (345, 2), (349, 3), (355, 3), (364, 2), (366, 1), (371, 6), (399, 2), (477, 1), (540, 1), (577, 2), (580, 2), (598, 5), (637, 3), (676, 1), (724, 1), (762, 9), (813, 2), (890, 1), (918, 1), (982, 2), (996, 3), (1004, 2), (1022, 1), (1027, 10), (1033, 11), (1109, 1), (1116, 2), (1151, 1), (1159, 1), (1213, 2), (1277, 1), (1284, 1), (1295, 1), (1296, 2), (1307, 2), (1366, 2), (1441, 2), (1501, 1), (1519, 2), (1582, 2), (1631, 7), (1633, 18), (1652, 4), (1653, 4), (1682, 7), (1687, 1), (1724, 8), (1800, 6), (1803, 2), (1850, 2), (1878, 2), (1966, 12), (1974, 2), (1978, 1), (2020, 2), (2033, 4), (2090, 1), (2107, 1), (2150, 4), (2306, 1), (2351, 2), (2354, 2), (2383, 6), (2488, 1), (2498, 1), (2518, 1), (2656, 1), (2743, 3), (2782, 5), (2805, 2), (2814, 2), (2898, 80), (3062, 2), (3093, 4), (3104, 12), (3146, 1), (3179, 1), (3210, 1), (3211, 1), (3214, 1), (3219, 4), (3269, 2), (3290, 1), (3308, 3), (3313, 1), (3316, 1), (3342, 4), (3351, 1), (3355, 3), (3401, 3), (3459, 6), (3489, 1), (3495, 1), (3590, 1), (3603, 1), (3768, 6), (3816, 3), (3823, 2), (3851, 2), (3897, 5), (3903, 4), (3908, 1), (4011, 4), (4034, 3), (4143, 11), (4152, 1), (4162, 8), (4193, 14), (4210, 1), (4238, 2), (4246, 2), (4257, 5), (4267, 4), (4285, 2), (4287, 6), (4308, 1), (4423, 1), (4448, 1), (4469, 22), (4470, 1), (4479, 1), (4496, 1), (4515, 1), (4518, 1), (4556, 1), (4560, 5), (4567, 2), (4614, 2), (4659, 5), (4666, 2), (4671, 6), (4752, 2), (4763, 4), (4780, 2), (4852, 1), (4909, 2), (5035, 54), (5075, 1), (5105, 9), (5110, 2), (5116, 2), (5126, 3), (5183, 1), (5224, 3), (5321, 3), (5352, 4), (5363, 1), (5364, 1), (5392, 1), (5436, 2), (5439, 31), (5471, 12), (5480, 5), (5525, 24)
