horizon (DF: 17): (3405, 1), (3584, 2), (4841, 1), (4982, 1), (5069, 2), (5136, 2), (5253, 1), (5519, 1), (6119, 1), (6328, 1), (7536, 3), (7866, 14), (7897, 1), (8006, 4), (9240, 1), (9555, 1), (9896, 4)
horizont (DF: 5): (489, 1), (791, 3), (8340, 1), (8580, 3), (9040, 4)
hormadit (DF: 1): (3603, 3)
hormig (DF: 1): (9575, 1)
hormigon (DF: 1): (4939, 2)
hormon (DF: 5): (1942, 1), (2406, 1), (5223, 1), (6577, 7), (8316, 1)
horn (DF: 19): (38, 1), (183, 1), (484, 3), (2422, 1), (2765, 2), (3251, 1), (5032, 1), (5961, 1), (6108, 1), (6766, 1), (7418, 2), (7579, 1), (7862, 1), (8301, 1), (8359, 2), (8397, 1), (8615, 1), (8745, 1), (9231, 1)
horneart (DF: 1): (8542, 1)
hornet (DF: 1): (6151, 1)
horni (DF: 29): (733, 1), (738, 6), (751, 2), (753, 1), (1076, 1), (1739, 1), (3335, 1), (4897, 1), (5107, 1), (5453, 1), (5529, 1), (6274, 1), (6576, 1), (6636, 1), (6684, 1), (6981, 1), (6988, 3), (7189, 1), (7213, 3), (7230, 1), (7849, 1), (7889, 3), (8760, 1), (8850, 1), (8870, 1), (9215, 3), (9432, 1), (9584, 1), (9758, 1)
hornsbi (DF: 1): (7312, 1)
horny (DF: 1): (9575, 1)
horoscop (DF: 3): (6782, 1), (6915, 1), (8316, 1)
horrend (DF: 1): (3117, 1)
horri (DF: 1): (4493, 1)
horribl (DF: 2): (3117, 1), (4030, 1)
horrid (DF: 2): (5752, 2), (9729, 1)
horrifi (DF: 2): (581, 1), (3371, 1)
horror (DF: 15): (370, 1), (1343, 1), (1358, 1), (1772, 3), (2194, 1), (2636, 1), (2665, 1), (2985, 1), (3161, 1), (4327, 1), (4377, 1), (6931, 1), (7456, 1), (7702, 1), (9140, 1)
horrornacht (DF: 1): (3962, 1)
hors (DF: 71): (404, 2), (435, 1), (646, 1), (802, 1), (1488, 5), (1558, 1), (1593, 6), (1635, 1), (2084, 1), (2274, 1), (2284, 12), (2296, 1), (2303, 1), (2399, 4), (2500, 1), (2665, 2), (2687, 1), (2960, 1), (3012, 1), (3161, 1), (3234, 4), (3238, 6), (3456, 1), (3524, 1), (3751, 2), (4145, 1), (4314, 4), (4746, 1), (4749, 7), (4867, 2), (5059, 1), (5287, 1), (5309, 1), (5416, 2), (5593, 8), (5604, 1), (5721, 1), (6328, 1), (6331, 3), (6443, 1), (6503, 1), (6607, 1), (6642, 1), (6698, 1), (7072, 1), (7240, 4), (7410, 2), (7498, 2), (7528, 1), (7634, 1), (7678, 1), (7747, 2), (7776, 1), (7835, 1), (7892, 1), (7934, 1), (8046, 1), (8085, 1), (8168, 1), (8249, 2), (8583, 1), (8623, 1), (8893, 4), (9110, 1), (9283, 2), (9624, 1), (9686, 4), (9844, 1), (6984, 3), (6986, 28), (8251, 14)
horseplayin (DF: 1): (6817, 1)
horsepow (DF: 1): (6065, 1)
horserac (DF: 2): (6888, 1), (9315, 1)
horsesho (DF: 3): (2936, 1), (8135, 1), (9182, 2)
horsey (DF: 1): (6984, 1)
horst (DF: 1): (8340, 3)
hort (DF: 4): (1218, 2), (1490, 1), (6026, 1), (8209, 1)
hortensj (DF: 1): (3744, 2)
hos (DF: 2): (1484, 1), (4714, 1)
hosanna (DF: 1): (9979, 5)
hose (DF: 7): (2672, 2), (3059, 1), (5170, 2), (7752, 4), (7785, 1), (8993, 1), (9403, 1)
hosea (DF: 1): (4427, 1)
hosenbund (DF: 1): (778, 1)
hoshii (DF: 1): (1102, 4)
hosic (DF: 1): (5792, 1)
hosla (DF: 1): (9688, 1)
hospedaj (DF: 1): (2877, 1)
hospit (DF: 14): (702, 1), (803, 1), (2220, 1), (2771, 1), (2850, 1), (2899, 2), (3428, 1), (3775, 1), (5800, 1), (6296, 1), (6585, 1), (7701, 3), (8336, 1), (8360, 2)
hospital (DF: 3): (1631, 2), (1939, 1), (2354, 2)
host (DF: 7): (201, 1), (1343, 1), (2293, 1), (5587, 2), (5961, 1), (6931, 1), (8378, 1)
hostag (DF: 7): (913, 4), (2616, 4), (4519, 4), (4897, 1), (5091, 1), (5974, 1), (9023, 1)
hostel (DF: 1): (4962, 1)
hostil (DF: 3): (3183, 2), (3407, 2), (4962, 1)
hostin (DF: 1): (6999, 2)
hot (DF: 99): (24, 1), (31, 1), (33, 38), (48, 2), (69, 1), (74, 2), (153, 59), (181, 2), (183, 1), (186, 1), (195, 6), (255, 3), (262, 1), (306, 2), (339, 1), (365, 69), (374, 1), (398, 24), (409, 2), (441, 1), (444, 1), (498, 4), (535, 2), (536, 1), (545, 1), (558, 1), (586, 1), (639, 1), (647, 2), (660, 2), (675, 2), (677, 1), (684, 1), (691, 1), (731, 1), (737, 2), (772, 2), (774, 4), (798, 1), (817, 1), (822, 4), (829, 1), (846, 3), (857, 1), (859, 1), (904, 1), (985, 1), (1023, 2), (1074, 4), (1164, 1), (1188, 1), (1230, 4), (1246, 5), (1256, 2), (1282, 2), (1285, 1), (1304, 1), (1315, 1), (1334, 2), (1342, 1), (1378, 2), (1388, 16), (1426, 1), (1451, 2), (1469, 3), (1471, 1), (1488, 1), (1497, 1), (1513, 1), (1528, 20), (1547, 4), (1550, 4), (1605, 1), (1627, 8), (1718, 1), (1722, 1), (1793, 1), (1799, 2), (1812, 1), (1880, 4), (1935, 1), (1949, 2), (1957, 1), (1972, 1), (2070, 1), (2084, 1), (2093, 2), (2101, 8), (2104, 5), (2143, 1), (2155, 4), (2159, 1), (2182, 1), (2211, 1), (2230, 1), (2235, 1), (2286, 1), (2322, 6), (2329, 1)
