omm (DF: 1): (4991, 1)
omn (DF: 1): (4945, 1)
omni (DF: 2): (794, 1), (7611, 1)
omnibus (DF: 1): (2054, 1)
omnichord (DF: 1): (9854, 1)
omnipotent (DF: 1): (6393, 1)
omo (DF: 2): (430, 4), (4003, 2)
omog (DF: 2): (9336, 3), (9825, 1)
omoh (DF: 1): (9336, 7)
omoi (DF: 1): (4373, 2)
omoidashitara (DF: 1): (4373, 2)
omooh (DF: 1): (9336, 2)
omoto (DF: 1): (1271, 1)
omri (DF: 1): (3660, 1)
omy (DF: 2): (3876, 2), (7495, 11)
omzet (DF: 1): (7421, 1)
on (DF: 70): (173, 3), (283, 2), (724, 1), (858, 1), (1296, 2), (1318, 2), (1422, 1), (1432, 1), (1453, 1), (1484, 1), (1619, 1), (1974, 1), (2021, 2), (2034, 2), (2183, 2), (2260, 1), (2648, 8), (2681, 1), (2739, 1), (2782, 1), (3090, 3), (3355, 6), (3419, 2), (3603, 1), (3631, 3), (3981, 1), (4209, 4), (4236, 2), (4356, 2), (4912, 1), (4948, 1), (5051, 1), (5105, 1), (5173, 1), (5459, 2), (5522, 4), (5525, 4), (5588, 1), (5962, 3), (6131, 1), (6422, 4), (6423, 2), (6438, 2), (6650, 2), (6681, 1), (6884, 1), (6932, 10), (7258, 5), (7278, 2), (7392, 4), (7466, 1), (7495, 1), (7526, 3), (7547, 1), (7961, 1), (8198, 3), (8352, 4), (8420, 1), (8758, 1), (8866, 1), (8883, 1), (8919, 10), (8928, 1), (9196, 1), (9309, 2), (9412, 2), (9609, 2), (9697, 15), (9762, 1), (9845, 1)
ona (DF: 17): (250, 3), (661, 1), (908, 1), (1918, 6), (3744, 2), (4582, 3), (4914, 4), (6441, 1), (7071, 1), (7313, 1), (7344, 2), (7836, 1), (8452, 1), (8509, 6), (8717, 1), (9085, 2), (9162, 1)
onbeleefd (DF: 1): (9595, 1)
onbeperkt (DF: 1): (3355, 1)
once (DF: 3): (489, 1), (2757, 1), (3226, 1)
ond (DF: 14): (213, 1), (1415, 1), (3215, 1), (3870, 10), (4167, 2), (5011, 2), (5606, 1), (5859, 1), (6234, 8), (6270, 1), (7869, 7), (9391, 3), (9637, 1), (9860, 2)
onda (DF: 15): (252, 1), (1668, 2), (1881, 1), (2242, 13), (2631, 1), (2986, 3), (3007, 1), (3364, 2), (3569, 1), (5606, 1), (6270, 1), (6346, 10), (8187, 1), (9087, 2), (9494, 1)
onde (DF: 7): (9, 1), (3491, 1), (6025, 1), (7016, 3), (7653, 1), (7910, 1), (9697, 3)
onder (DF: 3): (1077, 1), (1432, 1), (4297, 1)
onderhouden (DF: 1): (1077, 1)
ondertitelen (DF: 1): (2260, 1)
onderweg (DF: 2): (2638, 1), (6008, 1)
ondrinaivaai (DF: 1): (3471, 1)
one (DF: 3197): (2, 2), (5, 2), (11, 1), (13, 2), (15, 1), (18, 2), (25, 16), (26, 33), (31, 1), (35, 1), (36, 1), (38, 1), (40, 2), (44, 1), (47, 7), (52, 1), (55, 4), (56, 1), (58, 1), (59, 5), (65, 2), (68, 1), (72, 3), (80, 22), (88, 2), (100, 1), (106, 15), (112, 2), (121, 1), (130, 1), (134, 1), (135, 1), (138, 3), (140, 8), (146, 2), (148, 4), (150, 6), (155, 3), (159, 1), (161, 2), (166, 1), (167, 9), (170, 1), (172, 2), (176, 9), (181, 1), (185, 4), (190, 2), (191, 11), (194, 3), (197, 1), (200, 1), (204, 1), (206, 2), (215, 1), (223, 1), (224, 3), (225, 1), (232, 1), (233, 1), (235, 1), (236, 2), (237, 2), (242, 5), (243, 1), (247, 2), (248, 1), (249, 4), (250, 1), (251, 5), (252, 1), (256, 1), (261, 19), (272, 2), (274, 2), (275, 1), (278, 12), (286, 2), (287, 2), (296, 9), (297, 1), (299, 2), (303, 8), (304, 2), (305, 1), (308, 8), (310, 1), (313, 2), (319, 12), (324, 1), (327, 1), (328, 1), (330, 7), (332, 2), (334, 1), (337, 1), (341, 1), (346, 2), (348, 1), (351, 1), (356, 24), (358, 3), (359, 1), (361, 1), (369, 1), (370, 1), (372, 8), (374, 4), (375, 4), (379, 2), (380, 2), (381, 1), (383, 8), (385, 2), (386, 3), (387, 4), (389, 2), (391, 8), (394, 1), (401, 1), (405, 3), (407, 1), (408, 2), (409, 2), (414, 2), (418, 5), (423, 5), (425, 1), (427, 1), (430, 4), (431, 6), (435, 1), (440, 3), (441, 3), (446, 1), (449, 9), (453, 1), (455, 5), (457, 1), (458, 19), (462, 1), (463, 2), (464, 1), (475, 1), (478, 1), (479, 15), (482, 2), (485, 2), (486, 2), (490, 1), (491, 1), (510, 1), (511, 3), (513, 3), (514, 2), (515, 4), (517, 1), (520, 2), (525, 2), (527, 2), (528, 1), (529, 1), (531, 4), (532, 2), (535, 2), (538, 1), (541, 1), (544, 5), (546, 1), (547, 1), (550, 3), (556, 1), (559, 1), (563, 1), (566, 3), (570, 2), (571, 2), (574, 2), (576, 2), (579, 1), (581, 6), (583, 1), (585, 8), (586, 1), (587, 9), (590, 5), (595, 6), (601, 2), (604, 4), (605, 1), (609, 8), (614, 1), (616, 1), (617, 1), (618, 4), (621, 1), (622, 2), (623, 9), (627, 5), (630, 61), (633, 10), (634, 1), (636, 2), (642, 1), (644, 10), (647, 1), (657, 8), (658, 2), (660, 2), (661, 1), (662, 2), (663, 2), (668, 2), (669, 1), (670, 4), (673, 3), (677, 4), (678, 1), (680, 2), (684, 1), (689, 1), (694, 1), (699, 2), (701, 1), (704, 1), (706, 1), (714, 3), (719, 6), (720, 2), (721, 2), (722, 20), (730, 4), (731, 2), (735, 2), (737, 2), (739, 1), (746, 1), (748, 18), (753, 2), (756, 7), (766, 5), (767, 2), (771, 2), (779, 2), (781, 1), (786, 2), (789, 5), (795, 1), (798, 1), (799, 2), (800, 5), (802, 2), (803, 2), (804, 1), (805, 3), (806, 1), (807, 6), (809, 6), (810, 2), (811, 3), (818, 2), (822, 2), (824, 1), (826, 2), (835, 9), (838, 5), (840, 7), (841, 1), (849, 3), (857, 1), (862, 3), (866, 2), (867, 1), (868, 1), (869, 1), (870, 2), (877, 3), (879, 1), (883, 3), (887, 2), (892, 1), (895, 1), (896, 1), (898, 16), (904, 3), (905, 6), (914, 2), (919, 7), (920, 9), (922, 2), (925, 11), (927, 12), (928, 1), (929, 1), (931, 1), (933, 2), (939, 1), (942, 1), (946, 4), (950, 4), (951, 1), (953, 2), (956, 1), (958, 2), (964, 1), (965, 6), (968, 1), (969, 6), (970, 3), (973, 1), (975, 3), (979, 9), (980, 1), (982, 2), (983, 1), (985, 1), (986, 1), (988, 2), (993, 1), (994, 1), (998, 1), (999, 2), (1002, 2), (1003, 1), (1006, 1), (1007, 10), (1009, 1), (1011, 1), (1012, 2), (1015, 2), (1018, 2), (1020, 4), (1023, 2), (1024, 2), (1028, 1), (1032, 6), (1044, 1), (1046, 4), (1047, 2), (1050, 14), (1053, 1), (1057, 5), (1058, 1), (1059, 1), (1064, 6), (1065, 1), (1068, 1), (1070, 1), (1078, 28), (1083, 1), (1084, 2), (1085, 2), (1088, 1), (1091, 1), (1092, 5), (1094, 1), (1097, 5), (1101, 2), (1104, 2), (1106, 1), (1107, 8), (1111, 2), (1119, 6), (1123, 1), (1124, 2), (1144, 1), (1147, 1), (1149, 3), (1152, 1), (1153, 1), (1154, 1), (1158, 2), (1164, 1), (1166, 5), (1167, 3), (1169, 4), (1170, 2), (1181, 1), (1186, 6), (1188, 1), (1189, 3), (1192, 3), (1194, 2), (1196, 1), (1204, 21), (1205, 1), (1209, 6), (1210, 1), (1212, 1), (1217, 4), (1219, 1), (1220, 4), (1222, 2), (1230, 1), (1233, 2), (1236, 3), (1240, 7), (1243, 2), (1245, 2), (1246, 2), (1248, 8), (1250, 2), (1253, 1), (1263, 15), (1267, 2), (1269, 2), (1270, 6), (1273, 8), (1275, 3), (1276, 1), (1285, 2), (1287, 1), (1288, 3), (1293, 1), (1302, 2), (1310, 6), (1313, 1), (1319, 1), (1323, 9), (1325, 1), (1326, 1), (1328, 2), (1330, 1), (1334, 4), (1338, 8), (1340, 6), (1341, 8), (1342, 4), (1345, 2), (1350, 3), (1352, 1), (1354, 1), (1357, 1), (1361, 2), (1369, 1), (1372, 1), (1374, 2), (1378, 2), (1385, 8), (1389, 8), (1393, 3), (1394, 13), (1396, 1), (1401, 1), (1403, 5), (1405, 13), (1413, 3), (1416, 37), (1423, 1), (1427, 1), (1429, 2), (1431, 1), (1433, 2), (1436, 2), (1437, 1), (1439, 1), (1445, 4), (1448, 3), (1462, 8), (1468, 2), (1469, 1), (1470, 1), (1484, 1), (1488, 3), (1490, 5), (1492, 3), (1493, 1), (1498, 3), (1501, 1), (1505, 8), (1510, 3), (1511, 2), (1513, 1), (1514, 1), (1520, 4), (1522, 2), (1525, 3), (1526, 3), (1527, 18), (1528, 8), (1532, 10), (1534, 5), (1535, 4), (1536, 1), (1540, 1), (1543, 2), (1547, 8), (1548, 2), (1551, 5), (1555, 3), (1561, 1), (1564, 2), (1566, 3), (1570, 1), (1573, 2), (1574, 3), (1575, 11), (1576, 1), (1578, 1), (1579, 1), (1580, 10), (1587, 6), (1593, 7), (1594, 2), (1598, 12), (1599, 4), (1600, 2), (1604, 1), (1606, 2), (1611, 4), (1612, 1), (1628, 3), (1629, 1), (1634, 3), (1635, 4), (1636, 6), (1639, 2), (1643, 1), (1648, 1), (1649, 3), (1651, 2), (1656, 2), (1657, 1), (1660, 8), (1664, 20), (1669, 3), (1670, 3), (1672, 1), (1674, 3), (1675, 1), (1681, 2), (1684, 1), (1690, 1), (1691, 48), (1694, 1), (1695, 1), (1700, 2), (1703, 1), (1704, 4), (1705, 2), (1709, 1), (1710, 3), (1711, 2), (1712, 1), (1713, 2), (1719, 1), (1720, 2), (1722, 2), (1725, 4), (1726, 4), (1728, 2), (1729, 3), (1737, 13), (1742, 1), (1744, 2), (1745, 2), (1750, 1), (1751, 1), (1754, 32), (1760, 11), (1763, 2), (1773, 2), (1790, 2), (1796, 1), (1797, 1), (1799, 1), (1801, 1), (1802, 2), (1804, 8), (1806, 1), (1809, 8), (1819, 3), (1820, 5), (1822, 3), (1831, 1), (1832, 4), (1833, 1), (1835, 1), (1838, 36), (1839, 3), (1840, 2), (1844, 2), (1849, 3), (1852, 1), (1853, 8), (1855, 2), (1857, 1), (1863, 2), (1867, 2), (1869, 1), (1870, 3), (1872, 1), (1873, 1), (1875, 2), (1877, 1), (1879, 2), (1882, 2), (1885, 4), (1891, 3), (1894, 2), (1896, 2), (1900, 2), (1904, 5), (1906, 1), (1915, 2), (1919, 1), (1922, 26), (1924, 2), (1926, 1), (1928, 32), (1929, 1), (1931, 1), (1945, 1), (1946, 22), (1952, 41), (1964, 11), (1965, 1), (1970, 1), (1971, 3), (1972, 3), (1983, 1), (1989, 5), (1990, 1), (1994, 2), (1995, 1), (1998, 3), (1999, 3), (2000, 2), (2001, 1), (2002, 2), (2003, 3), (2004, 4), (2013, 1), (2016, 6), (2022, 3), (2031, 4), (2035, 4), (2038, 1), (2040, 2), (2045, 1), (2046, 1), (2048, 6), (2057, 2), (2065, 2), (2067, 8), (2068, 1), (2069, 2), (2071, 2), (2075, 3), (2076, 2), (2081, 2), (2082, 1), (2083, 2), (2087, 2), (2089, 1), (2091, 68), (2093, 2), (2097, 2), (2101, 2), (2102, 2), (2109, 6), (2110, 3), (2117, 1), (2120, 3), (2123, 1), (2128, 4), (2129, 1), (2131, 9), (2133, 1), (2139, 4), (2142, 2), (2143, 1), (2146, 26), (2149, 2), (2154, 21), (2157, 3), (2159, 1), (2160, 1), (2161, 2), (2166, 1), (2167, 1), (2168, 2), (2172, 1), (2173, 2), (2177, 5), (2178, 2), (2182, 1), (2183, 1), (2186, 3), (2187, 3), (2192, 1), (2198, 1), (2199, 2), (2201, 2), (2205, 9), (2210, 1), (2211, 11), (2213, 2), (2214, 4), (2221, 2), (2223, 9), (2225, 1), (2229, 1), (2230, 1), (2239, 2), (2241, 1), (2244, 5), (2247, 1), (2250, 1), (2254, 3), (2255, 2), (2264, 14), (2265, 17), (2266, 1), (2272, 2), (2274, 4), (2278, 2), (2283, 1), (2286, 2), (2291, 1), (2292, 8), (2293, 1), (2294, 1), (2299, 1), (2300, 3), (2301, 1), (2304, 1), (2307, 27), (2310, 3), (2311, 1), (2317, 6), (2323, 1), (2332, 2), (2333, 3), (2334, 18), (2337, 1), (2341, 1), (2346, 2), (2347, 2), (2350, 1), (2353, 1), (2354, 2), (2357, 2), (2361, 1), (2363, 22), (2364, 3), (2365, 1), (2366, 1), (2371, 1), (2372, 8), (2375, 4), (2378, 4), (2385, 1), (2386, 8), (2388, 1), (2392, 3), (2393, 3), (2397, 1), (2400, 4), (2405, 3), (2406, 1), (2411, 3), (2418, 1), (2419, 5), (2422, 1), (2423, 2), (2424, 1), (2430, 1), (2431, 10), (2433, 1), (2436, 1), (2437, 1), (2438, 5), (2439, 2), (2441, 2), (2442, 1), (2445, 1), (2447, 1), (2449, 6), (2453, 53), (2455, 1), (2460, 1), (2462, 1), (2464, 4), (2466, 1), (2470, 1), (2471, 4), (2474, 1), (2476, 9), (2490, 4), (2492, 3), (2495, 2), (2497, 2), (2499, 2), (2500, 1), (2502, 2), (2504, 5), (2506, 2), (2509, 1), (2513, 2), (2515, 1), (2519, 1), (2522, 4), (2524, 1), (2525, 1), (2526, 9), (2532, 1), (2536, 7), (2540, 2), (2545, 1), (2552, 2), (2559, 1), (2560, 1), (2563, 3), (2566, 2), (2568, 1), (2569, 1), (2570, 5), (2571, 1), (2573, 4), (2577, 3), (2586, 2), (2587, 1), (2588, 4), (2589, 2), (2591, 4), (2594, 22), (2595, 1), (2596, 4), (2597, 1), (2600, 4), (2605, 3), (2611, 1), (2614, 2), (2618, 1), (2624, 6), (2627, 3), (2628, 6), (2633, 2), (2634, 4), (2635, 7), (2636, 2), (2639, 1), (2647, 2), (2663, 1), (2664, 5), (2665, 3), (2670, 22), (2671, 1), (2674, 2), (2676, 8), (2681, 2), (2682, 1), (2685, 1), (2692, 1), (2693, 1), (2696, 2), (2699, 8), (2700, 9), (2703, 3), (2704, 1), (2706, 1), (2708, 2), (2709, 5), (2724, 2), (2731, 3), (2733, 1), (2735, 2), (2736, 2), (2737, 1), (2746, 1), (2752, 2), (2754, 6), (2756, 1), (2762, 4), (2765, 3), (2767, 1), (2769, 1), (2771, 2), (2772, 13), (2775, 1), (2776, 2), (2777, 2), (2778, 2), (2780, 1), (2787, 18), (2788, 4), (2791, 1), (2793, 1), (2797, 5), (2799, 1), (2801, 2), (2803, 6), (2804, 5), (2807, 1), (2808, 2), (2809, 1), (2816, 2), (2819, 1), (2820, 1), (2821, 3), (2824, 1), (2830, 4), (2831, 8), (2832, 1), (2837, 2), (2838, 6), (2849, 1), (2853, 3), (2856, 4), (2857, 4), (2859, 4), (2861, 26), (2866, 2), (2867, 2), (2868, 4), (2870, 7), (2872, 1), (2875, 2), (2876, 2), (2884, 2), (2887, 1), (2892, 1), (2894, 1), (2895, 1), (2911, 1), (2914, 3), (2919, 1), (2920, 10), (2928, 8), (2930, 1), (2933, 2), (2935, 1), (2936, 1), (2939, 2), (2940, 1), (2944, 1), (2946, 2), (2959, 2), (2963, 4), (2964, 2), (2968, 2), (2974, 3), (2978, 6), (2984, 3), (2988, 3), (2989, 15), (2990, 4), (3002, 1), (3009, 1), (3010, 2), (3013, 4), (3014, 1), (3015, 2), (3017, 1), (3018, 3), (3019, 3), (3021, 9), (3022, 1), (3025, 1), (3026, 1), (3032, 6), (3034, 1), (3039, 4), (3052, 5), (3056, 1), (3066, 1), (3068, 1), (3073, 2), (3075, 2), (3076, 23), (3077, 6), (3079, 6), (3084, 3), (3089, 1), (3094, 2), (3100, 1), (3105, 1), (3107, 1), (3109, 1), (3113, 2), (3115, 1), (3120, 1), (3121, 2), (3129, 1), (3135, 1), (3136, 2), (3137, 40), (3142, 4), (3148, 1), (3153, 2), (3163, 2), (3164, 3), (3167, 4), (3172, 6), (3175, 2), (3181, 10), (3182, 1), (3184, 3), (3190, 2), (3198, 4), (3200, 1), (3206, 9), (3207, 1), (3208, 6), (3211, 1), (3216, 4), (3217, 2), (3218, 1), (3219, 4), (3222, 2), (3223, 1), (3225, 1), (3230, 1), (3233, 1), (3235, 3), (3247, 2), (3249, 1), (3256, 2), (3267, 1), (3271, 3), (3272, 3), (3278, 8), (3279, 3), (3285, 3), (3296, 4), (3298, 1), (3300, 1), (3303, 5), (3306, 1), (3307, 5), (3310, 2), (3311, 1), (3312, 6), (3315, 1), (3321, 3), (3322, 2), (3324, 1), (3325, 4), (3326, 2), (3327, 6), (3330, 4), (3333, 2), (3335, 1), (3337, 6), (3345, 2), (3359, 1), (3362, 1), (3365, 6), (3367, 6), (3368, 1), (3371, 2), (3373, 3), (3374, 1), (3376, 2), (3377, 1), (3379, 6), (3389, 1), (3391, 1), (3394, 3), (3396, 2), (3404, 9), (3410, 3), (3415, 2), (3418, 2), (3419, 2), (3420, 3), (3423, 2), (3426, 2), (3429, 5), (3432, 1), (3433, 6), (3439, 3), (3441, 2), (3442, 1), (3444, 1), (3448, 14), (3454, 2), (3455, 3), (3458, 1), (3468, 1), (3469, 2), (3472, 8), (3475, 12), (3478, 2), (3479, 1), (3482, 6), (3487, 2), (3493, 1), (3498, 15), (3499, 1), (3500, 2), (3511, 1), (3513, 2), (3514, 20), (3515, 1), (3516, 3), (3518, 1), (3520, 3), (3522, 1), (3526, 4), (3529, 3), (3531, 4), (3533, 1), (3535, 2), (3538, 1), (3539, 11), (3540, 1), (3544, 1), (3549, 60), (3552, 1), (3556, 2), (3557, 2), (3559, 1), (3560, 1), (3567, 3), (3568, 2), (3571, 1), (3573, 2), (3574, 1), (3581, 2), (3589, 2), (3595, 2), (3597, 1), (3598, 1), (3599, 2), (3600, 1), (3601, 8), (3611, 1), (3612, 1), (3617, 4), (3619, 1), (3624, 3), (3628, 3), (3630, 1), (3642, 1), (3647, 4), (3648, 8), (3651, 2), (3653, 1), (3658, 1), (3663, 2), (3664, 1), (3669, 1), (3670, 3), (3676, 6), (3679, 4), (3681, 2), (3682, 4), (3688, 4), (3693, 1), (3694, 2), (3700, 8), (3701, 1), (3702, 12), (3704, 1), (3707, 2), (3710, 8), (3712, 1), (3715, 6), (3718, 2), (3719, 3), (3721, 3), (3726, 3), (3727, 1), (3728, 1), (3731, 5), (3733, 1), (3735, 10), (3739, 2), (3740, 1), (3741, 1), (3745, 1), (3746, 4), (3749, 41), (3751, 2), (3753, 1), (3758, 8), (3759, 1), (3764, 2), (3765, 2), (3767, 2), (3769, 2), (3771, 7), (3772, 3), (3774, 2), (3775, 2), (3776, 2), (3778, 2), (3784, 1), (3786, 6), (3789, 2), (3791, 1), (3793, 8), (3796, 2), (3799, 1), (3803, 3), (3805, 1), (3807, 2), (3811, 13), (3817, 4), (3820, 1), (3824, 1), (3826, 2), (3830, 2), (3837, 3), (3841, 3), (3843, 1), (3844, 2), (3845, 2), (3852, 90), (3855, 4), (3860, 2), (3862, 2), (3864, 8), (3866, 1), (3873, 1), (3877, 1), (3879, 1), (3880, 3), (3892, 1), (3894, 3), (3895, 1), (3900, 3), (3901, 2), (3904, 2), (3907, 1), (3910, 13), (3911, 2), (3914, 6), (3918, 4), (3921, 2), (3922, 1), (3926, 1), (3927, 3), (3929, 1), (3931, 1), (3933, 3), (3935, 1), (3936, 32), (3940, 1), (3945, 3), (3946, 1), (3948, 1), (3949, 3), (3950, 1), (3958, 1), (3959, 2), (3963, 1), (3964, 1), (3966, 1), (3967, 1), (3968, 3), (3978, 3), (3988, 1), (3989, 1), (3990, 3), (3991, 6), (3997, 1), (3999, 3), (4005, 1), (4012, 1), (4017, 2), (4019, 2), (4026, 1), (4030, 1), (4033, 2), (4038, 5), (4039, 5), (4042, 3), (4044, 11), (4045, 1), (4047, 3), (4048, 1), (4051, 4), (4053, 2), (4056, 6), (4059, 5), (4064, 1), (4065, 7), (4069, 2), (4070, 2), (4071, 2), (4073, 3), (4075, 1), (4076, 1), (4095, 8), (4098, 4), (4100, 1), (4102, 2), (4103, 1), (4105, 1), (4108, 2), (4119, 1), (4123, 2), (4124, 3), (4127, 2), (4129, 6), (4138, 3), (4139, 12), (4144, 16), (4150, 3), (4155, 1), (4156, 2), (4158, 1), (4165, 1), (4166, 3), (4169, 6), (4171, 15), (4173, 1), (4174, 1), (4175, 2), (4178, 2), (4185, 2), (4188, 4), (4192, 1), (4199, 1), (4201, 6), (4206, 2), (4208, 1), (4212, 4), (4218, 1), (4220, 1), (4221, 16), (4222, 2), (4223, 2), (4224, 2), (4232, 12), (4236, 1), (4237, 1), (4240, 1), (4242, 2), (4243, 1), (4244, 3), (4249, 1), (4250, 2), (4251, 1), (4252, 1), (4256, 2), (4260, 7), (4261, 2), (4267, 2), (4273, 1), (4277, 2), (4279, 3), (4281, 2), (4283, 1), (4286, 1), (4292, 2), (4294, 3), (4299, 45), (4302, 1), (4316, 1), (4317, 12), (4323, 6), (4332, 1), (4337, 2), (4341, 1), (4345, 2), (4349, 18), (4350, 4), (4355, 4), (4360, 21), (4364, 1), (4367, 1), (4372, 3), (4376, 1), (4380, 4), (4385, 4), (4386, 1), (4389, 1), (4390, 3), (4391, 1), (4392, 3), (4395, 4), (4396, 3), (4397, 2), (4404, 3), (4407, 3), (4408, 1), (4409, 2), (4413, 8), (4420, 1), (4424, 1), (4427, 1), (4428, 2), (4431, 4), (4435, 2), (4443, 3), (4447, 2), (4449, 4), (4450, 2), (4451, 90), (4453, 3), (4457, 1), (4461, 1), (4464, 14), (4465, 1), (4468, 4), (4474, 1), (4481, 2), (4482, 1), (4488, 4), (4490, 2), (4493, 4), (4497, 3), (4506, 1), (4512, 1), (4513, 4), (4517, 1), (4520, 1), (4523, 2), (4525, 6), (4526, 1), (4527, 6), (4531, 2), (4533, 2), (4534, 1), (4535, 1), (4536, 1), (4542, 1), (4543, 1), (4547, 2), (4551, 1), (4558, 4), (4559, 2), (4565, 3), (4566, 9), (4569, 4), (4575, 11), (4577, 2), (4580, 4), (4581, 2), (4585, 1), (4592, 4), (4593, 2), (4596, 3), (4598, 3), (4600, 2), (4603, 4), (4604, 1), (4608, 2), (4610, 1), (4613, 3), (4615, 2), (4619, 1), (4620, 2), (4621, 40), (4622, 7), (4625, 3), (4627, 4), (4628, 5), (4632, 4), (4637, 4), (4638, 4), (4640, 3), (4641, 11), (4642, 3), (4643, 1), (4645, 2), (4646, 4), (4647, 1), (4652, 1), (4658, 2), (4659, 2), (4660, 2), (4663, 2), (4664, 1), (4679, 3), (4680, 2), (4684, 1), (4690, 7), (4696, 1), (4697, 1), (4698, 2), (4699, 4), (4708, 1), (4713, 1), (4716, 2), (4719, 40), (4720, 4), (4721, 5), (4722, 1), (4723, 1), (4726, 1), (4730, 1), (4733, 1), (4739, 1), (4741, 2), (4742, 2), (4746, 1), (4748, 1), (4754, 1), (4762, 4), (4766, 2), (4772, 2), (4778, 1), (4784, 3), (4786, 1), (4787, 1), (4791, 2), (4792, 2), (4793, 2), (4800, 4), (4809, 1), (4811, 1), (4819, 2), (4823, 5), (4829, 1), (4833, 1), (4837, 2), (4838, 2), (4839, 5), (4841, 1), (4844, 1), (4845, 3), (4853, 2), (4854, 1), (4857, 1), (4861, 1), (4863, 1), (4864, 2), (4866, 3), (4871, 6), (4872, 1), (4875, 1), (4878, 2), (4880, 5), (4881, 4), (4882, 3), (4884, 8), (4889, 1), (4893, 5), (4896, 5), (4897, 1), (4899, 2), (4900, 2), (4901, 1), (4905, 2), (4913, 12), (4918, 5), (4931, 7), (4934, 2), (4940, 1), (4944, 1), (4945, 1), (4946, 8), (4947, 1), (4955, 2), (4956, 7), (4960, 1), (4965, 1), (4967, 1), (4971, 2), (4976, 2), (4981, 7), (4982, 13), (4984, 2), (4988, 1), (4990, 2), (4993, 4), (4995, 3), (4996, 2), (5002, 7), (5010, 2), (5012, 3), (5014, 1), (5019, 3), (5032, 2), (5036, 10), (5041, 1), (5064, 1), (5068, 2), (5069, 36), (5072, 8), (5074, 26), (5075, 4), (5076, 2), (5077, 13), (5078, 1), (5081, 3), (5082, 3), (5083, 1), (5084, 1), (5085, 2), (5092, 3), (5093, 2), (5098, 1), (5105, 1), (5106, 1), (5107, 1), (5111, 7), (5117, 2), (5121, 3), (5123, 2), (5124, 1), (5128, 4), (5135, 2), (5140, 8), (5142, 2), (5144, 9), (5145, 14), (5148, 2), (5152, 1), (5154, 1), (5160, 2), (5161, 2), (5162, 3), (5164, 1), (5170, 2), (5176, 1), (5177, 1), (5178, 2), (5180, 2), (5185, 2), (5193, 2), (5200, 3), (5205, 8), (5206, 1), (5207, 1), (5208, 1), (5212, 5), (5216, 8), (5221, 80), (5222, 1), (5225, 3), (5227, 2), (5228, 2), (5229, 1), (5230, 1), (5237, 1), (5242, 9), (5258, 2), (5261, 1), (5262, 1), (5266, 1), (5267, 1), (5274, 1), (5277, 1), (5280, 9), (5281, 1), (5284, 4), (5286, 2), (5298, 2), (5301, 1), (5306, 1), (5308, 1), (5311, 2), (5316, 4), (5317, 1), (5320, 2), (5325, 2), (5326, 4), (5328, 1), (5329, 5), (5332, 8), (5333, 1), (5334, 1), (5335, 2), (5337, 1), (5338, 14), (5340, 3), (5341, 1), (5345, 1), (5351, 3), (5354, 3), (5359, 4), (5360, 1), (5362, 11), (5365, 1), (5366, 3), (5367, 3), (5370, 2), (5372, 4), (5378, 1), (5380, 1), (5383, 1), (5387, 1), (5393, 1), (5394, 2), (5401, 2), (5402, 1), (5405, 5), (5407, 3), (5409, 1), (5410, 1), (5413, 9), (5416, 6), (5417, 3), (5418, 2), (5419, 2), (5421, 1), (5425, 6), (5429, 1), (5433, 23), (5434, 1), (5435, 22), (5443, 1), (5445, 2), (5450, 1), (5452, 1), (5453, 2), (5454, 1), (5460, 12), (5461, 1), (5464, 2), (5466, 1), (5468, 2), (5470, 1), (5474, 1), (5478, 3), (5480, 2), (5482, 1), (5484, 2), (5487, 1), (5488, 32), (5489, 1), (5494, 1), (5495, 1), (5496, 3), (5497, 2), (5503, 14), (5506, 5), (5507, 1), (5511, 2), (5514, 3), (5516, 3), (5518, 1), (5519, 1), (5523, 1), (5526, 3), (5531, 1), (5533, 2), (5535, 1), (5536, 2), (5537, 3), (5538, 1), (5540, 2), (5549, 1), (5551, 3), (5552, 1), (5554, 12), (5555, 1), (5558, 6), (5560, 2), (5567, 1), (5568, 1), (5569, 2), (5572, 1), (5573, 2), (5578, 2), (5579, 2), (5580, 1), (5581, 1), (5583, 8), (5587, 4), (5588, 1), (5589, 1), (5590, 8), (5595, 1), (5597, 4), (5600, 2), (5602, 3), (5605, 6), (5608, 1), (5609, 2), (5614, 2), (5618, 1), (5619, 2), (5627, 4), (5628, 2), (5629, 2), (5631, 1), (5633, 17), (5634, 3), (5639, 2), (5641, 1), (5642, 2), (5643, 1), (5645, 2), (5646, 5), (5648, 1), (5650, 3), (5651, 3), (5656, 4), (5657, 1), (5658, 12), (5660, 1), (5661, 5), (5667, 12), (5668, 1), (5669, 12), (5671, 1), (5672, 5), (5673, 3), (5676, 12), (5678, 3), (5680, 2), (5682, 2), (5686, 1), (5687, 10), (5688, 4), (5689, 1), (5692, 1), (5701, 3), (5705, 2), (5706, 3), (5707, 1), (5710, 1), (5712, 3), (5714, 6), (5715, 1), (5720, 4), (5723, 1), (5725, 6), (5729, 1), (5730, 3), (5732, 1), (5738, 2), (5749, 1), (5750, 2), (5751, 1), (5757, 1), (5759, 33), (5760, 2), (5761, 1), (5762, 4), (5764, 12), (5773, 1), (5774, 3), (5776, 3), (5777, 1), (5779, 3), (5783, 1), (5788, 8), (5794, 1), (5799, 2), (5802, 12), (5803, 12), (5808, 1), (5809, 2), (5822, 3), (5827, 11), (5828, 1), (5829, 1), (5831, 4), (5836, 6), (5837, 1), (5838, 1), (5839, 1), (5840, 5), (5842, 2), (5850, 6), (5861, 14), (5865, 1), (5866, 3), (5867, 4), (5869, 6), (5876, 3), (5879, 1), (5880, 1), (5887, 3), (5892, 1), (5893, 12), (5898, 6), (5899, 2), (5903, 6), (5907, 1), (5908, 1), (5915, 1), (5918, 1), (5929, 2), (5931, 2), (5933, 17), (5937, 1), (5941, 1), (5942, 1), (5947, 3), (5952, 8), (5956, 1), (5957, 1), (5958, 1), (5961, 1), (5964, 3), (5967, 1), (5971, 1), (5974, 3), (5977, 4), (5979, 7), (5987, 3), (5988, 4), (5993, 1), (5995, 1), (5996, 1), (5998, 1), (5999, 6), (6006, 5), (6012, 5), (6013, 1), (6014, 1), (6018, 1), (6019, 1), (6020, 1), (6021, 1), (6029, 1), (6035, 1), (6043, 1), (6045, 2), (6050, 1), (6051, 1), (6052, 12), (6062, 1), (6063, 6), (6064, 1), (6068, 6), (6070, 8), (6075, 2), (6082, 3), (6086, 2), (6089, 6), (6090, 1), (6095, 1), (6098, 2), (6099, 4), (6100, 2), (6102, 3), (6108, 1), (6114, 1), (6118, 1), (6124, 1), (6125, 2), (6127, 2), (6129, 4), (6130, 1), (6132, 1), (6134, 9), (6140, 1), (6141, 1), (6143, 1), (6144, 3), (6146, 1), (6147, 1), (6148, 1), (6151, 3), (6164, 3), (6169, 2), (6172, 8), (6177, 4), (6181, 3), (6187, 1), (6188, 1), (6189, 3), (6191, 1), (6192, 1), (6193, 2), (6197, 2), (6199, 1), (6204, 1), (6205, 2), (6206, 2), (6207, 1), (6213, 32), (6214, 2), (6215, 3), (6216, 18), (6226, 1), (6227, 3), (6228, 2), (6232, 2), (6235, 2), (6236, 3), (6240, 1), (6241, 2), (6244, 1), (6246, 1), (6247, 1), (6253, 1), (6254, 2), (6255, 2), (6258, 6), (6259, 2), (6265, 2), (6266, 3), (6269, 1), (6273, 3), (6276, 4), (6278, 1), (6281, 8), (6283, 1), (6288, 1), (6296, 2), (6297, 2), (6300, 1), (6304, 1), (6306, 3), (6310, 1), (6312, 4), (6313, 1), (6322, 2), (6325, 6), (6330, 2), (6331, 1), (6333, 1), (6337, 1), (6340, 4), (6342, 1), (6349, 1), (6350, 2), (6352, 1), (6355, 3), (6362, 15), (6365, 3), (6367, 2), (6369, 2), (6372, 1), (6374, 3), (6375, 2), (6376, 13), (6380, 5), (6381, 6), (6382, 3), (6386, 4), (6388, 1), (6396, 3), (6401, 1), (6403, 4), (6404, 3), (6411, 1), (6413, 1), (6418, 3), (6419, 4), (6421, 1), (6424, 1), (6427, 1), (6431, 4), (6433, 1), (6437, 4), (6439, 1), (6442, 1), (6443, 1), (6446, 1), (6447, 2), (6448, 3), (6451, 2), (6452, 2), (6456, 1), (6460, 2), (6461, 17), (6462, 2), (6463, 1), (6465, 5), (6467, 2), (6468, 4), (6472, 1), (6474, 4), (6475, 2), (6481, 1), (6483, 1), (6484, 1), (6487, 1), (6490, 6), (6492, 1), (6495, 1), (6498, 1), (6499, 1), (6503, 2), (6512, 1), (6520, 3), (6521, 3), (6522, 1), (6523, 1), (6535, 10), (6537, 1), (6539, 1), (6540, 1), (6547, 2), (6554, 1), (6555, 2), (6558, 1), (6559, 3), (6560, 3), (6563, 1), (6571, 3), (6574, 1), (6576, 1), (6582, 2), (6583, 1), (6584, 4), (6597, 1), (6601, 3), (6603, 2), (6607, 1), (6608, 4), (6610, 1), (6611, 1), (6613, 1), (6617, 1), (6618, 1), (6622, 1), (6625, 1), (6629, 22), (6630, 2), (6636, 2), (6638, 4), (6640, 1), (6642, 3), (6643, 2), (6644, 5), (6646, 5), (6648, 2), (6650, 10), (6654, 1), (6655, 1), (6662, 4), (6663, 1), (6664, 1), (6670, 2), (6677, 1), (6679, 24), (6684, 1), (6685, 2), (6688, 1), (6694, 7), (6697, 1), (6698, 4), (6700, 2), (6704, 8), (6707, 2), (6712, 3), (6713, 1), (6716, 2), (6721, 9), (6723, 1), (6726, 3), (6727, 1), (6728, 1), (6729, 2), (6731, 2), (6732, 1), (6738, 2), (6741, 1), (6745, 1), (6746, 1), (6747, 3), (6748, 1), (6751, 1), (6752, 14), (6753, 2), (6757, 1), (6758, 2), (6759, 6), (6763, 1), (6770, 6), (6772, 1), (6776, 6), (6778, 2), (6783, 2), (6784, 1), (6785, 2), (6786, 1), (6787, 6), (6788, 1), (6796, 2), (6797, 1), (6799, 1), (6800, 2), (6801, 4), (6803, 36), (6811, 3), (6816, 2), (6819, 4), (6822, 1), (6824, 1), (6828, 1), (6832, 2), (6834, 2), (6845, 10), (6857, 2), (6858, 4), (6865, 1), (6875, 3), (6881, 1), (6882, 1), (6885, 1), (6888, 6), (6895, 2), (6896, 6), (6898, 3), (6910, 3), (6911, 4), (6913, 1), (6914, 6), (6916, 1), (6919, 1), (6920, 1), (6925, 8), (6933, 1), (6936, 7), (6938, 12), (6942, 1), (6943, 4), (6946, 1), (6947, 1), (6952, 28), (6955, 2), (6956, 4), (6959, 5), (6962, 1), (6963, 1), (6964, 1), (6979, 1), (6984, 2), (6985, 4), (6997, 1), (6999, 1), (7004, 1), (7007, 1), (7009, 1), (7014, 6), (7018, 4), (7021, 1), (7024, 3), (7025, 4), (7026, 3), (7033, 1), (7035, 4), (7036, 2), (7038, 2), (7039, 1), (7045, 3), (7046, 40), (7047, 1), (7051, 2), (7054, 2), (7055, 1), (7057, 1), (7060, 2), (7063, 3), (7070, 1), (7073, 1), (7079, 3), (7080, 2), (7081, 3), (7091, 1), (7095, 1), (7096, 2), (7099, 6), (7103, 1), (7105, 2), (7106, 2), (7115, 1), (7122, 1), (7124, 1), (7125, 3), (7126, 4), (7127, 1), (7129, 1), (7130, 4), (7132, 1), (7136, 2), (7138, 1), (7143, 1), (7147, 1), (7148, 2), (7150, 6), (7154, 1), (7156, 10), (7157, 3), (7164, 2), (7167, 2), (7168, 4), (7169, 13), (7172, 4), (7173, 1), (7174, 4), (7176, 2), (7177, 1), (7178, 1), (7180, 1), (7181, 2), (7182, 1), (7188, 1), (7195, 1), (7198, 1), (7202, 9), (7204, 2), (7207, 2), (7208, 8), (7214, 12), (7215, 9), (7216, 1), (7217, 12), (7218, 1), (7227, 5), (7229, 2), (7230, 1), (7237, 3), (7241, 3), (7242, 2), (7246, 2), (7247, 9), (7249, 1), (7250, 1), (7253, 6), (7256, 3), (7263, 3), (7264, 1), (7265, 2), (7269, 1), (7279, 1), (7280, 1), (7282, 1), (7289, 2), (7291, 1), (7295, 5), (7298, 4), (7302, 1), (7304, 1), (7310, 1), (7314, 8), (7318, 3), (7319, 2), (7320, 1), (7323, 1), (7324, 1), (7331, 12), (7333, 4), (7334, 1), (7338, 2), (7341, 2), (7342, 6), (7344, 3), (7345, 2), (7346, 1), (7349, 1), (7355, 1), (7369, 3), (7387, 2), (7388, 1), (7389, 2), (7394, 4), (7404, 2), (7405, 2), (7410, 2), (7413, 2), (7414, 3), (7416, 3), (7419, 1), (7423, 2), (7424, 1), (7427, 2), (7429, 6), (7430, 3), (7438, 6), (7443, 3), (7446, 3), (7447, 4), (7449, 2), (7451, 1), (7453, 1), (7458, 16), (7462, 2), (7464, 1), (7465, 1), (7469, 1), (7470, 4), (7473, 3), (7476, 2), (7480, 3), (7481, 6), (7482, 4), (7489, 2), (7494, 2), (7505, 1), (7506, 1), (7514, 1), (7516, 2), (7520, 1), (7522, 2), (7523, 1), (7525, 2), (7529, 14), (7530, 9), (7534, 1), (7537, 2), (7538, 2), (7540, 2), (7541, 1), (7542, 1), (7544, 1), (7548, 4), (7550, 1), (7560, 9), (7561, 7), (7565, 1), (7570, 2), (7574, 1), (7575, 2), (7576, 12), (7577, 4), (7583, 1), (7585, 3), (7592, 2), (7593, 3), (7595, 1), (7605, 4), (7608, 2), (7610, 1), (7614, 2), (7615, 2), (7621, 2), (7624, 1), (7627, 1), (7629, 22), (7630, 2), (7633, 7), (7636, 1), (7637, 1), (7638, 4), (7643, 3), (7645, 3), (7648, 1), (7652, 40), (7657, 13), (7665, 1), (7666, 1), (7668, 2), (7671, 1), (7675, 6), (7681, 11), (7685, 3), (7686, 1), (7687, 8), (7688, 4), (7689, 3), (7690, 2), (7696, 1), (7704, 3), (7706, 1), (7708, 10), (7711, 1), (7713, 1), (7715, 3), (7717, 2), (7731, 1), (7732, 2), (7735, 2), (7736, 8), (7745, 5), (7748, 3), (7751, 3), (7752, 3), (7754, 1), (7756, 1), (7757, 3), (7758, 2), (7762, 1), (7771, 1), (7775, 119), (7777, 4), (7778, 2), (7779, 2), (7781, 11), (7783, 1), (7784, 2), (7786, 1), (7789, 5), (7791, 25), (7793, 4), (7801, 4), (7805, 1), (7806, 2), (7812, 3), (7813, 3), (7814, 2), (7815, 2), (7822, 2), (7826, 2), (7827, 10), (7828, 1), (7829, 2), (7830, 4), (7831, 6), (7832, 1), (7839, 2), (7841, 14), (7842, 21), (7845, 1), (7846, 2), (7848, 3), (7849, 1), (7850, 3), (7859, 4), (7864, 1), (7868, 1), (7872, 4), (7880, 1), (7884, 1), (7885, 8), (7887, 2), (7888, 10), (7899, 2), (7901, 1), (7912, 2), (7914, 2), (7924, 9), (7927, 2), (7937, 1), (7938, 29), (7943, 1), (7944, 1), (7945, 3), (7946, 2), (7949, 2), (7951, 1), (7954, 1), (7967, 1), (7968, 1), (7971, 2), (7972, 5), (7973, 2), (7978, 11), (7979, 3), (7980, 11), (7987, 1), (7990, 2), (7994, 1), (7995, 2), (7999, 1), (8000, 5), (8001, 1), (8002, 2), (8005, 2), (8007, 3), (8009, 1), (8015, 16), (8016, 2), (8017, 7), (8021, 1), (8022, 1), (8026, 1), (8032, 2), (8038, 1), (8041, 1), (8044, 1), (8049, 17), (8050, 3), (8053, 1), (8058, 8), (8059, 1), (8060, 4), (8061, 2), (8064, 6), (8067, 2), (8071, 1), (8081, 1), (8083, 5), (8084, 12), (8088, 1), (8089, 13), (8092, 4), (8095, 2), (8102, 22), (8108, 4), (8112, 1), (8118, 1), (8125, 1), (8137, 1), (8141, 4), (8144, 6), (8146, 2), (8148, 1), (8151, 2), (8153, 1), (8154, 4), (8156, 2), (8157, 3), (8158, 1), (8159, 1), (8165, 1), (8168, 4), (8174, 3), (8177, 5), (8180, 1), (8182, 1), (8189, 2), (8191, 4), (8192, 2), (8197, 7), (8201, 2), (8202, 1), (8204, 1), (8207, 2), (8209, 1), (8211, 1), (8213, 7), (8216, 1), (8222, 11), (8223, 6), (8227, 1), (8228, 1), (8230, 1), (8231, 1), (8233, 1), (8235, 4), (8240, 1), (8245, 2), (8246, 1), (8248, 1), (8253, 3), (8254, 1), (8266, 3), (8267, 2), (8270, 4), (8271, 1), (8272, 1), (8274, 2), (8276, 2), (8277, 1), (8280, 1), (8287, 10), (8288, 1), (8290, 4), (8295, 4), (8304, 1), (8306, 1), (8307, 1), (8310, 4), (8313, 3), (8316, 1), (8319, 2), (8325, 3), (8326, 1), (8327, 1), (8330, 1), (8331, 1), (8334, 14), (8336, 1), (8337, 2), (8343, 7), (8346, 2), (8347, 1), (8348, 1), (8354, 5), (8358, 1), (8359, 2), (8361, 1), (8364, 1), (8367, 2), (8369, 1), (8372, 2), (8373, 3), (8380, 1), (8381, 1), (8383, 3), (8384, 3), (8387, 1), (8388, 2), (8393, 3), (8394, 1), (8397, 1), (8399, 1), (8402, 12), (8404, 15), (8408, 6), (8410, 2), (8412, 1), (8417, 1), (8422, 2), (8423, 6), (8424, 3), (8426, 4), (8427, 6), (8430, 8), (8436, 1), (8437, 2), (8438, 4), (8439, 1), (8442, 1), (8448, 1), (8450, 3), (8451, 4), (8453, 2), (8454, 1), (8455, 1), (8456, 6), (8457, 2), (8458, 2), (8459, 6), (8465, 4), (8467, 1), (8469, 1), (8473, 9), (8474, 2), (8475, 2), (8480, 1), (8481, 3), (8483, 1), (8485, 1), (8491, 1), (8494, 1), (8497, 3), (8498, 1), (8500, 6), (8501, 4), (8512, 4), (8513, 10), (8515, 1), (8517, 2), (8519, 1), (8520, 4), (8524, 2), (8525, 1), (8530, 1), (8532, 3), (8536, 1), (8541, 1), (8544, 2), (8547, 1), (8549, 1), (8550, 2), (8551, 3), (8557, 4), (8561, 1), (8562, 3), (8563, 7), (8570, 1), (8573, 2), (8575, 8), (8578, 18), (8581, 2), (8584, 4), (8587, 1), (8588, 3), (8594, 1), (8595, 1), (8596, 7), (8599, 2), (8600, 2), (8601, 1), (8602, 1), (8603, 2), (8609, 7), (8611, 7), (8612, 1), (8613, 3), (8614, 5), (8617, 6), (8619, 1), (8627, 5), (8629, 2), (8631, 1), (8632, 1), (8633, 10), (8634, 1), (8635, 2), (8636, 3), (8638, 3), (8639, 5), (8653, 1), (8654, 6), (8655, 4), (8659, 1), (8661, 23), (8662, 1), (8664, 1), (8665, 18), (8677, 3), (8683, 1), (8685, 8), (8686, 9), (8687, 2), (8688, 3), (8692, 1), (8695, 3), (8697, 1), (8700, 5), (8701, 1), (8702, 1), (8706, 5), (8708, 4), (8712, 1), (8713, 1), (8722, 2), (8723, 2), (8727, 1), (8729, 22), (8730, 2), (8732, 2), (8736, 1), (8738, 3), (8740, 1), (8745, 2), (8747, 4), (8750, 4), (8752, 1), (8754, 1), (8755, 2), (8759, 3), (8760, 1), (8761, 1), (8770, 4), (8771, 1), (8772, 3), (8774, 5), (8781, 1), (8783, 2), (8791, 1), (8793, 1), (8795, 3), (8796, 2), (8797, 1), (8798, 6), (8800, 1), (8806, 1), (8807, 1), (8813, 1), (8821, 2), (8822, 1), (8824, 4), (8832, 3), (8833, 6), (8836, 2), (8844, 1), (8845, 1), (8847, 1), (8848, 2), (8859, 3), (8860, 2), (8861, 1), (8862, 2), (8871, 1), (8877, 1), (8884, 1), (8888, 1), (8889, 1), (8890, 3), (8891, 4), (8893, 1), (8896, 2), (8897, 7), (8898, 2), (8905, 16), (8908, 7), (8909, 2), (8912, 1), (8913, 6), (8917, 1), (8920, 6), (8921, 2), (8923, 1), (8924, 4), (8926, 1), (8929, 1), (8931, 1), (8935, 1), (8937, 6), (8939, 2), (8942, 2), (8944, 9), (8947, 14), (8953, 2), (8955, 3), (8957, 17), (8958, 3), (8959, 1), (8964, 4), (8966, 2), (8970, 2), (8972, 1), (8973, 4), (8974, 6), (8982, 2), (8985, 1), (8987, 2), (8988, 1), (8991, 1), (8995, 6), (9000, 2), (9004, 9), (9006, 2), (9007, 1), (9010, 1), (9013, 2), (9014, 2), (9028, 2), (9030, 2), (9032, 1), (9035, 1), (9038, 1), (9046, 3), (9054, 1), (9056, 1), (9057, 1), (9059, 2), (9063, 6), (9064, 1), (9066, 1), (9073, 2), (9081, 5), (9083, 1), (9090, 2), (9093, 1), (9094, 3), (9096, 2), (9098, 1), (9100, 1), (9103, 2), (9104, 8), (9105, 1), (9110, 1), (9117, 4), (9118, 2), (9119, 3), (9121, 2), (9123, 3), (9125, 4), (9130, 4), (9132, 1), (9136, 4), (9137, 2), (9140, 2), (9141, 3), (9142, 12), (9143, 7), (9144, 1), (9149, 2), (9158, 1), (9160, 2), (9161, 1), (9176, 2), (9177, 1), (9180, 2), (9183, 2), (9184, 2), (9190, 1), (9193, 1), (9194, 2), (9205, 3), (9211, 2), (9212, 1), (9215, 18), (9218, 34), (9219, 5), (9220, 1), (9224, 3), (9226, 1), (9227, 1), (9231, 6), (9233, 3), (9235, 4), (9242, 1), (9244, 4), (9247, 1), (9251, 4), (9256, 2), (9257, 1), (9264, 7), (9265, 2), (9270, 1), (9273, 1), (9275, 2), (9277, 1), (9278, 1), (9283, 7), (9284, 1), (9290, 1), (9291, 3), (9292, 1), (9295, 3), (9297, 1), (9300, 2), (9301, 2), (9304, 6), (9305, 5), (9308, 1), (9310, 2), (9314, 1), (9315, 4), (9316, 3), (9318, 2), (9319, 4), (9321, 35), (9324, 10), (9326, 8), (9332, 1), (9335, 1), (9336, 4), (9344, 5), (9347, 11), (9348, 2), (9351, 1), (9354, 1), (9356, 1), (9357, 1), (9360, 4), (9365, 2), (9369, 16), (9372, 2), (9379, 1), (9385, 1), (9386, 1), (9390, 1), (9392, 1), (9393, 1), (9395, 14), (9397, 1), (9398, 2), (9403, 9), (9408, 1), (9409, 3), (9413, 6), (9418, 44), (9426, 6), (9427, 1), (9434, 1), (9435, 1), (9439, 4), (9441, 3), (9442, 10), (9448, 1), (9451, 1), (9474, 5), (9476, 2), (9479, 3), (9480, 1), (9482, 2), (9483, 5), (9484, 3), (9486, 4), (9487, 3), (9488, 2), (9490, 7), (9495, 4), (9497, 2), (9504, 8), (9505, 7), (9506, 2), (9510, 12), (9512, 1), (9515, 11), (9517, 2), (9526, 1), (9527, 1), (9537, 3), (9541, 1), (9544, 1), (9550, 8), (9554, 1), (9566, 1), (9570, 4), (9572, 2), (9573, 1), (9574, 1), (9578, 1), (9579, 2), (9580, 2), (9582, 2), (9585, 1), (9590, 1), (9591, 1), (9592, 15), (9601, 1), (9603, 10), (9604, 1), (9605, 26), (9612, 2), (9616, 44), (9625, 14), (9629, 11), (9632, 2), (9640, 3), (9642, 1), (9643, 1), (9644, 2), (9650, 5), (9651, 16), (9654, 8), (9657, 1), (9658, 2), (9660, 2), (9662, 7), (9663, 1), (9665, 7), (9666, 6), (9668, 1), (9670, 16), (9672, 2), (9676, 1), (9681, 2), (9683, 1), (9687, 1), (9689, 1), (9693, 1), (9694, 7), (9696, 1), (9698, 1), (9699, 7), (9702, 9), (9711, 2), (9712, 7), (9713, 1), (9719, 1), (9723, 4), (9724, 1), (9725, 4), (9726, 9), (9727, 1), (9728, 2), (9729, 2), (9731, 2), (9732, 1), (9734, 1), (9741, 4), (9743, 1), (9744, 2), (9746, 5), (9750, 12), (9751, 5), (9753, 1), (9758, 2), (9759, 3), (9760, 2), (9763, 2), (9766, 2), (9771, 9), (9772, 1), (9773, 1), (9774, 3), (9777, 1), (9783, 3), (9784, 3), (9797, 4), (9800, 1), (9801, 2), (9804, 5), (9807, 8), (9814, 2), (9820, 1), (9822, 8), (9823, 3), (9825, 3), (9826, 1), (9827, 1), (9828, 1), (9834, 1), (9835, 5), (9844, 1), (9848, 3), (9850, 14), (9853, 1), (9855, 1), (9863, 4), (9866, 1), (9870, 5), (9871, 1), (9873, 1), (9875, 2), (9881, 4), (9882, 1), (9888, 1), (9890, 3), (9895, 2), (9904, 7), (9905, 2), (9908, 1), (9911, 5), (9915, 2), (9920, 3), (9922, 2), (9924, 1), (9926, 3), (9927, 2), (9928, 24), (9932, 1), (9934, 1), (9935, 7), (9936, 1), (9942, 1), (9944, 2), (9945, 10), (9946, 2), (9949, 1), (9951, 1), (9952, 2), (9961, 1), (9965, 2), (9966, 16), (9971, 1), (9973, 4), (9976, 1), (9977, 1), (9984, 1), (9985, 2), (9993, 2), (9994, 2), (9996, 1)
onefour (DF: 2): (737, 1), (5840, 1)
oneindig (DF: 1): (4297, 1)
onell (DF: 1): (7166, 1)
oneon (DF: 1): (6362, 3)
onerepubl (DF: 11): (385, 3), (560, 1), (2197, 1), (3827, 1), (3983, 2), (4205, 1), (4637, 3), (5395, 2), (6614, 1), (8821, 2), (8879, 1)
ones (DF: 3): (3078, 1), (5436, 2), (9383, 1)
oneself (DF: 1): (1123, 1)
onesi (DF: 2): (2939, 1), (7537, 1)
oneulbam (DF: 1): (3690, 2)
oneulbuteo (DF: 1): (3690, 11)
oneulman (DF: 1): (7941, 1)
oneulmaneun (DF: 1): (7941, 1)
ong (DF: 3): (2911, 2), (4973, 10), (9136, 24)
ongo (DF: 3): (1964, 1), (6443, 3), (8269, 13)
oni (DF: 4): (3744, 2), (7356, 1), (8604, 5), (9182, 1)
oniach (DF: 1): (2951, 1)
onic (DF: 1): (128, 1)
onika (DF: 2): (3914, 1), (5460, 2)
onion (DF: 8): (1196, 1), (2664, 1), (3789, 1), (6490, 1), (6695, 1), (7339, 1), (9063, 1), (9301, 1)
oniri (DF: 1): (7415, 1)
oniryczni (DF: 1): (6007, 1)
onit (DF: 1): (8787, 1)
onizuk (DF: 1): (34, 1)
onkel (DF: 1): (5459, 1)
onlin (DF: 17): (689, 1), (1311, 2), (1319, 1), (1703, 1), (1850, 1), (2155, 1), (2160, 1), (2177, 1), (2682, 1), (4604, 1), (4943, 1), (5418, 1), (5840, 10), (6070, 2), (7208, 1), (7800, 1), (9161, 1)
onlook (DF: 2): (405, 1), (802, 1)
only (DF: 11): (252, 1), (1411, 1), (1443, 1), (2757, 2), (4386, 1), (4423, 1), (5740, 1), (6706, 1), (7042, 1), (8815, 1), (8883, 1)
onmyradio (DF: 2): (6299, 1), (7825, 1)
onna (DF: 2): (2055, 1), (5607, 1)
onnu (DF: 2): (6197, 1), (6206, 1)
ono (DF: 5): (1753, 1), (3135, 1), (4318, 1), (5503, 2), (9586, 1)
onslaught (DF: 1): (2042, 1)
onstag (DF: 1): (8666, 1)
ont (DF: 1): (5941, 1)
ontas (DF: 1): (6884, 10)
ontbloot (DF: 1): (7547, 1)
ontem (DF: 4): (7563, 6), (9087, 1), (9120, 1), (9876, 1)
onto (DF: 64): (119, 1), (224, 9), (753, 1), (869, 1), (979, 2), (1060, 3), (1509, 1), (1568, 3), (1746, 1), (1790, 1), (1988, 1), (2465, 2), (2546, 1), (3059, 1), (3251, 1), (3435, 1), (3808, 2), (3960, 1), (4008, 1), (4350, 2), (4622, 1), (4626, 4), (4933, 1), (4963, 1), (4988, 1), (5256, 1), (5416, 2), (5507, 1), (5573, 1), (5636, 1), (5950, 1), (6119, 1), (6298, 1), (6435, 1), (6448, 3), (6482, 2), (6574, 3), (6636, 1), (6743, 1), (7035, 2), (7162, 2), (7346, 3), (7464, 4), (7497, 1), (7591, 2), (7752, 1), (7785, 1), (7813, 3), (7858, 2), (8020, 1), (8099, 3), (8833, 1), (8854, 1), (8925, 1), (8949, 1), (9058, 1), (9125, 1), (9139, 4), (9321, 7), (9392, 3), (9488, 1), (9784, 1), (9851, 1), (9857, 3)
ontspannen (DF: 1): (1432, 1)
ontwijken (DF: 1): (4665, 1)
onverwacht (DF: 1): (3355, 3)
onward (DF: 1): (6701, 1)
onx (DF: 1): (7495, 1)
onyx (DF: 3): (2877, 2), (7387, 3), (7696, 1)
onz (DF: 2): (2638, 3), (3355, 1)
onza (DF: 1): (567, 3)
onzekerheid (DF: 1): (6008, 1)
onzin (DF: 1): (8418, 1)
onça (DF: 1): (5859, 2)
oo (DF: 31): (85, 3), (106, 13), (485, 1), (819, 1), (1184, 52), (1538, 69), (1764, 1), (2561, 1), (2911, 10), (2974, 3), (3291, 1), (3469, 1), (3519, 4), (3835, 4), (3853, 1), (4017, 2), (4018, 2), (4251, 2), (4647, 26), (5940, 21), (6079, 4), (7735, 16), (7814, 1), (8050, 2), (8521, 2), (8837, 2), (9336, 6), (9395, 16), (9542, 2), (9825, 9), (9890, 3)
oobi (DF: 1): (3076, 3)
oochi (DF: 2): (5529, 14), (9432, 14)
ood (DF: 1): (5941, 4)
oodl (DF: 1): (2198, 1)
oof (DF: 3): (2074, 3), (2778, 1), (5865, 2)
oofi (DF: 1): (441, 1)
oog (DF: 2): (1619, 1), (2060, 1)
ooga (DF: 1): (6170, 24)
oogabooga (DF: 1): (689, 1)
oogi (DF: 3): (441, 11), (643, 2), (4645, 1)
oogum (DF: 1): (988, 12)
ooh (DF: 1178): (5, 1), (14, 1), (16, 4), (17, 16), (23, 44), (31, 2), (39, 2), (60, 2), (71, 4), (76, 30), (82, 2), (89, 4), (95, 4), (106, 12), (122, 4), (144, 3), (155, 3), (157, 5), (162, 1), (176, 39), (185, 4), (191, 5), (194, 1), (230, 2), (233, 2), (243, 5), (251, 4), (255, 2), (262, 6), (264, 25), (268, 4), (274, 4), (278, 2), (282, 26), (287, 4), (296, 21), (300, 7), (303, 4), (320, 4), (330, 2), (340, 168), (343, 1), (357, 1), (372, 1), (374, 2), (382, 8), (387, 12), (389, 6), (423, 4), (424, 90), (436, 36), (449, 1), (451, 1), (457, 4), (472, 4), (475, 1), (479, 3), (492, 5), (495, 2), (497, 1), (498, 6), (513, 7), (516, 1), (526, 16), (527, 6), (529, 1), (530, 4), (531, 36), (536, 1), (538, 6), (543, 3), (544, 1), (550, 21), (589, 3), (601, 2), (612, 2), (616, 8), (618, 7), (620, 4), (626, 6), (678, 2), (696, 3), (698, 144), (699, 2), (719, 32), (720, 1), (734, 3), (736, 3), (741, 4), (742, 3), (753, 1), (758, 4), (763, 21), (766, 8), (775, 54), (781, 1), (786, 1), (789, 2), (796, 8), (798, 1), (805, 1), (807, 2), (810, 6), (833, 16), (836, 4), (842, 2), (848, 18), (849, 1), (860, 1), (866, 2), (870, 2), (872, 8), (874, 24), (884, 1), (893, 6), (895, 30), (899, 1), (916, 2), (919, 56), (920, 1), (925, 1), (931, 1), (935, 144), (942, 2), (943, 27), (950, 2), (955, 4), (959, 17), (965, 216), (966, 3), (975, 10), (983, 1), (986, 1), (992, 13), (1035, 6), (1038, 1), (1050, 9), (1055, 7), (1083, 1), (1094, 6), (1097, 2), (1100, 6), (1104, 1), (1105, 4), (1109, 3), (1117, 61), (1121, 7), (1126, 10), (1138, 4), (1153, 3), (1160, 7), (1166, 4), (1185, 6), (1188, 1), (1203, 3), (1206, 14), (1208, 1), (1212, 2), (1214, 60), (1219, 1), (1234, 2), (1237, 2), (1243, 1), (1246, 3), (1281, 2), (1301, 1), (1322, 5), (1323, 1), (1334, 26), (1335, 6), (1338, 2), (1342, 26), (1349, 6), (1351, 20), (1390, 2), (1391, 12), (1392, 4), (1402, 2), (1416, 3), (1417, 1), (1418, 2), (1437, 1), (1438, 2), (1444, 6), (1445, 8), (1446, 2), (1447, 7), (1457, 168), (1470, 4), (1499, 4), (1508, 4), (1513, 3), (1516, 8), (1525, 1), (1528, 12), (1531, 2), (1532, 8), (1548, 8), (1550, 4), (1587, 8), (1591, 4), (1593, 2), (1602, 1), (1620, 5), (1624, 3), (1629, 2), (1660, 9), (1664, 4), (1669, 3), (1679, 7), (1683, 3), (1689, 1), (1691, 48), (1693, 42), (1703, 5), (1714, 2), (1727, 16), (1733, 11), (1748, 1), (1754, 56), (1763, 1), (1767, 1), (1791, 1), (1795, 2), (1799, 2), (1809, 1), (1816, 3), (1838, 1), (1840, 1), (1851, 2), (1882, 9), (1885, 4), (1886, 6), (1887, 3), (1888, 4), (1893, 1), (1906, 3), (1920, 10), (1921, 10), (1931, 24), (1945, 1), (1949, 1), (1951, 1), (1969, 5), (1976, 3), (1977, 1), (1999, 3), (2000, 1), (2010, 1), (2011, 5), (2044, 3), (2054, 3), (2062, 49), (2067, 9), (2071, 19), (2081, 1), (2084, 2), (2085, 2), (2093, 2), (2103, 2), (2115, 1), (2132, 5), (2138, 7), (2139, 20), (2166, 2), (2169, 1), (2175, 1), (2177, 2), (2192, 3), (2197, 2), (2203, 3), (2205, 4), (2206, 3), (2214, 2), (2219, 2), (2223, 12), (2224, 1), (2227, 1), (2232, 1), (2240, 1), (2249, 7), (2250, 1), (2254, 2), (2255, 2), (2256, 1), (2265, 9), (2288, 6), (2290, 5), (2298, 32), (2300, 1), (2307, 1), (2314, 30), (2335, 1), (2339, 1), (2340, 1), (2348, 1), (2359, 2), (2362, 1), (2406, 1), (2408, 2), (2433, 5), (2448, 7), (2470, 7), (2485, 20), (2486, 7), (2509, 1), (2523, 4), (2527, 2), (2528, 12), (2541, 2), (2554, 8), (2557, 1), (2562, 1), (2565, 7), (2580, 18), (2609, 8), (2610, 1), (2638, 4), (2650, 7), (2671, 11), (2678, 1), (2691, 36), (2695, 1), (2703, 7), (2704, 15), (2705, 1), (2707, 2), (2745, 28), (2756, 3), (2760, 2), (2770, 5), (2779, 1), (2780, 41), (2781, 5), (2790, 8), (2799, 1), (2802, 4), (2803, 6), (2816, 3), (2836, 3), (2837, 3), (2840, 2), (2845, 1), (2856, 1), (2858, 2), (2862, 1), (2867, 1), (2875, 4), (2879, 1), (2921, 1), (2942, 15), (2943, 10), (2955, 2), (2959, 4), (2969, 10), (2974, 6), (2990, 10), (2991, 31), (3015, 2), (3016, 3), (3022, 1), (3036, 4), (3037, 2), (3041, 1), (3050, 6), (3059, 3), (3066, 1), (3074, 5), (3081, 7), (3083, 2), (3085, 1), (3099, 1), (3102, 5), (3107, 1), (3121, 6), (3140, 5), (3142, 8), (3159, 3), (3168, 1), (3170, 2), (3171, 3), (3179, 1), (3189, 5), (3190, 2), (3208, 2), (3217, 1), (3227, 1), (3230, 1), (3243, 15), (3244, 1), (3246, 1), (3250, 9), (3262, 8), (3264, 6), (3274, 18), (3279, 2), (3282, 4), (3293, 3), (3325, 18), (3337, 6), (3356, 2), (3360, 8), (3362, 4), (3367, 1), (3369, 13), (3370, 1), (3371, 1), (3378, 12), (3385, 14), (3408, 1), (3413, 1), (3420, 4), (3423, 8), (3425, 4), (3435, 7), (3440, 36), (3446, 8), (3465, 7), (3468, 10), (3469, 12), (3496, 2), (3506, 4), (3519, 2), (3524, 5), (3530, 1), (3541, 3), (3547, 1), (3561, 7), (3575, 12), (3577, 7), (3611, 5), (3627, 7), (3632, 6), (3635, 1), (3636, 7), (3641, 21), (3670, 2), (3682, 2), (3688, 1), (3691, 2), (3700, 2), (3702, 3), (3703, 16), (3738, 4), (3740, 16), (3758, 4), (3761, 4), (3784, 1), (3807, 2), (3826, 2), (3827, 2), (3838, 2), (3840, 11), (3842, 1), (3854, 7), (3855, 16), (3861, 2), (3864, 3), (3865, 1), (3871, 1), (3874, 5), (3880, 1), (3892, 1), (3928, 1), (3931, 2), (3933, 3), (3937, 2), (3944, 2), (3945, 2), (3946, 1), (3951, 36), (3967, 10), (3976, 2), (3977, 1), (3991, 2), (3993, 3), (3995, 3), (4000, 7), (4007, 2), (4008, 10), (4021, 5), (4022, 1), (4037, 41), (4050, 3), (4053, 14), (4056, 14), (4068, 4), (4075, 1), (4082, 4), (4090, 4), (4092, 37), (4107, 29), (4109, 2), (4113, 6), (4122, 6), (4133, 7), (4136, 224), (4139, 42), (4144, 18), (4151, 3), (4155, 1), (4156, 4), (4164, 1), (4169, 4), (4178, 12), (4200, 5), (4219, 1), (4223, 2), (4225, 1), (4232, 52), (4240, 2), (4245, 2), (4251, 3), (4259, 1), (4261, 3), (4270, 8), (4274, 1), (4281, 1), (4294, 24), (4299, 45), (4313, 1), (4314, 8), (4316, 7), (4330, 2), (4333, 7), (4339, 26), (4354, 20), (4358, 3), (4359, 2), (4360, 6), (4388, 2), (4398, 1), (4412, 24), (4428, 10), (4431, 4), (4439, 1), (4443, 2), (4447, 1), (4465, 12), (4477, 2), (4482, 2), (4488, 1), (4491, 32), (4493, 34), (4498, 3), (4500, 4), (4506, 3), (4551, 1), (4562, 4), (4593, 12), (4595, 3), (4610, 4), (4611, 2), (4622, 4), (4632, 2), (4636, 6), (4640, 56), (4643, 4), (4647, 8), (4649, 2), (4656, 7), (4673, 6), (4680, 1), (4700, 7), (4718, 2), (4722, 2), (4733, 4), (4736, 14), (4780, 1), (4781, 11), (4787, 7), (4789, 2), (4802, 9), (4808, 2), (4823, 1), (4829, 1), (4837, 6), (4841, 9), (4853, 1), (4856, 6), (4857, 1), (4863, 1), (4875, 1), (4885, 2), (4906, 1), (4920, 4), (4925, 7), (4927, 3), (4939, 1), (4953, 4), (4954, 3), (4960, 6), (4977, 24), (4982, 18), (5009, 6), (5036, 9), (5039, 1), (5047, 1), (5052, 37), (5065, 1), (5071, 16), (5080, 3), (5098, 4), (5117, 2), (5122, 2), (5125, 12), (5128, 4), (5130, 4), (5150, 3), (5154, 9), (5168, 41), (5172, 10), (5175, 2), (5192, 1), (5208, 120), (5213, 122), (5221, 16), (5242, 78), (5243, 1), (5249, 2), (5250, 8), (5257, 2), (5263, 2), (5268, 1), (5275, 2), (5277, 1), (5285, 7), (5302, 1), (5310, 26), (5312, 1), (5315, 2), (5335, 2), (5350, 1), (5362, 1), (5371, 5), (5377, 12), (5378, 24), (5379, 13), (5398, 21), (5403, 5), (5409, 2), (5410, 1), (5413, 3), (5414, 1), (5428, 2), (5431, 8), (5433, 2), (5440, 2), (5442, 5), (5448, 9), (5450, 1), (5452, 2), (5454, 1), (5457, 3), (5462, 8), (5464, 1), (5466, 4), (5468, 2), (5481, 2), (5488, 12), (5496, 6), (5500, 2), (5515, 16), (5519, 1), (5523, 4), (5535, 1), (5542, 5), (5543, 4), (5570, 6), (5571, 37), (5572, 1), (5578, 4), (5591, 22), (5598, 4), (5602, 7), (5603, 46), (5612, 5), (5627, 4), (5649, 4), (5650, 3), (5658, 2), (5679, 1), (5680, 4), (5686, 4), (5698, 15), (5712, 17), (5733, 4), (5753, 2), (5782, 8), (5797, 24), (5802, 72), (5803, 9), (5805, 7), (5807, 6), (5822, 36), (5824, 5), (5838, 1), (5844, 2), (5850, 3), (5869, 12), (5877, 12), (5886, 6), (5897, 3), (5901, 1), (5926, 13), (5936, 2), (5942, 2), (5953, 12), (5972, 1), (5988, 2), (5998, 1), (6005, 1), (6006, 5), (6013, 9), (6020, 1), (6029, 2), (6032, 3), (6039, 1), (6050, 1), (6051, 1), (6052, 2), (6059, 3), (6081, 1), (6094, 1), (6096, 15), (6105, 1), (6118, 2), (6125, 10), (6155, 2), (6163, 10), (6165, 56), (6167, 2), (6196, 28), (6214, 3), (6220, 1), (6221, 1), (6237, 1), (6241, 16), (6264, 2), (6271, 2), (6278, 3), (6289, 1), (6293, 6), (6297, 1), (6301, 1), (6312, 2), (6325, 11), (6329, 1), (6332, 1), (6337, 1), (6338, 7), (6346, 5), (6382, 2), (6401, 1), (6408, 2), (6415, 5), (6440, 3), (6442, 24), (6444, 1), (6447, 12), (6457, 1), (6482, 6), (6486, 1), (6487, 1), (6491, 1), (6510, 2), (6512, 39), (6523, 3), (6530, 2), (6544, 4), (6557, 1), (6584, 8), (6587, 7), (6595, 3), (6596, 1), (6597, 1), (6600, 3), (6603, 9), (6604, 2), (6617, 3), (6618, 1), (6633, 4), (6636, 1), (6646, 3), (6652, 39), (6654, 8), (6657, 4), (6669, 2), (6677, 1), (6684, 1), (6687, 67), (6696, 5), (6701, 1), (6707, 48), (6709, 4), (6710, 8), (6712, 2), (6713, 1), (6719, 1), (6720, 2), (6726, 1), (6732, 1), (6735, 2), (6737, 2), (6738, 1), (6747, 18), (6750, 3), (6751, 2), (6752, 4), (6761, 2), (6764, 4), (6765, 3), (6783, 3), (6794, 5), (6812, 6), (6824, 1), (6831, 1), (6836, 3), (6848, 7), (6850, 6), (6854, 3), (6858, 8), (6865, 1), (6866, 7), (6876, 4), (6891, 8), (6897, 10), (6898, 1), (6907, 7), (6916, 1), (6920, 2), (6925, 28), (6933, 1), (6941, 2), (6970, 5), (6980, 2), (6982, 1), (6999, 2), (7015, 1), (7023, 2), (7030, 13), (7036, 25), (7041, 1), (7076, 6), (7085, 1), (7094, 21), (7103, 3), (7123, 1), (7127, 7), (7147, 1), (7153, 16), (7161, 8), (7167, 16), (7177, 3), (7182, 1), (7190, 1), (7201, 2), (7219, 18), (7233, 7), (7235, 6), (7247, 1), (7253, 6), (7261, 6), (7296, 1), (7304, 6), (7312, 1), (7316, 1), (7319, 4), (7321, 5), (7325, 1), (7328, 1), (7329, 6), (7358, 17), (7361, 3), (7368, 2), (7369, 1), (7378, 29), (7402, 7), (7413, 5), (7423, 9), (7432, 3), (7438, 3), (7458, 2), (7461, 10), (7470, 4), (7477, 9), (7480, 10), (7497, 4), (7502, 4), (7509, 1), (7515, 2), (7518, 3), (7528, 2), (7534, 1), (7535, 4), (7549, 5), (7564, 2), (7573, 1), (7576, 2), (7578, 1), (7581, 2), (7594, 2), (7599, 1), (7620, 5), (7627, 2), (7651, 1), (7652, 160), (7666, 8), (7672, 4), (7674, 4), (7692, 4), (7698, 4), (7699, 10), (7735, 36), (7777, 2), (7785, 3), (7805, 1), (7814, 2), (7830, 24), (7840, 3), (7842, 33), (7855, 9), (7856, 6), (7859, 44), (7870, 10), (7879, 32), (7881, 2), (7888, 150), (7892, 1), (7895, 1), (7898, 1), (7904, 2), (7905, 1), (7911, 12), (7915, 12), (7929, 1), (7932, 2), (7934, 5), (7938, 8), (7940, 17), (7946, 4), (7955, 1), (7971, 4), (7977, 1), (7979, 1), (7991, 1), (8005, 2), (8013, 8), (8022, 30), (8023, 7), (8038, 1), (8058, 1), (8060, 2), (8064, 216), (8068, 1), (8074, 90), (8075, 3), (8076, 13), (8089, 40), (8095, 8), (8102, 4), (8104, 4), (8111, 7), (8132, 8), (8134, 1), (8152, 2), (8154, 1), (8156, 1), (8176, 11), (8178, 20), (8181, 7), (8196, 2), (8202, 75), (8219, 1), (8240, 1), (8241, 1), (8249, 4), (8253, 6), (8258, 1), (8266, 1), (8267, 2), (8268, 84), (8276, 1), (8289, 6), (8291, 56), (8293, 10), (8348, 3), (8351, 1), (8364, 23), (8373, 6), (8380, 1), (8389, 49), (8401, 5), (8409, 162), (8411, 54), (8435, 2), (8463, 10), (8464, 14), (8503, 8), (8520, 1), (8527, 1), (8568, 8), (8574, 1), (8578, 4), (8603, 1), (8621, 4), (8625, 1), (8626, 2), (8627, 2), (8631, 5), (8635, 1), (8644, 1), (8648, 22), (8663, 1), (8664, 1), (8666, 1), (8668, 16), (8672, 5), (8676, 1), (8685, 3), (8690, 2), (8693, 2), (8711, 2), (8730, 6), (8734, 2), (8735, 4), (8743, 21), (8746, 1), (8749, 16), (8757, 4), (8759, 8), (8766, 2), (8771, 2), (8781, 5), (8793, 1), (8796, 2), (8800, 3), (8803, 4), (8805, 6), (8826, 16), (8832, 2), (8837, 4), (8843, 3), (8876, 1), (8887, 2), (8896, 6), (8897, 11), (8905, 18), (8939, 4), (8956, 12), (8977, 1), (8993, 1), (9000, 2), (9006, 5), (9009, 1), (9011, 4), (9020, 2), (9021, 12), (9025, 2), (9026, 1), (9030, 9), (9043, 9), (9062, 2), (9069, 22), (9083, 3), (9093, 1), (9094, 1), (9105, 4), (9113, 8), (9124, 6), (9128, 1), (9130, 7), (9133, 2), (9136, 12), (9147, 1), (9148, 27), (9154, 56), (9161, 1), (9178, 3), (9180, 7), (9189, 90), (9198, 4), (9210, 1), (9215, 6), (9220, 1), (9230, 3), (9238, 11), (9244, 2), (9253, 1), (9265, 1), (9274, 7), (9286, 6), (9288, 1), (9290, 1), (9292, 20), (9305, 4), (9321, 7), (9326, 4), (9335, 24), (9336, 1), (9349, 6), (9351, 5), (9366, 2), (9374, 2), (9382, 2), (9393, 8), (9395, 3), (9404, 7), (9412, 1), (9426, 3), (9441, 4), (9454, 4), (9460, 1), (9462, 8), (9463, 15), (9476, 4), (9481, 1), (9483, 3), (9485, 12), (9490, 7), (9501, 12), (9510, 42), (9520, 6), (9522, 1), (9532, 4), (9539, 1), (9576, 1), (9587, 6), (9589, 2), (9593, 28), (9599, 3), (9603, 30), (9604, 2), (9611, 2), (9622, 6), (9624, 4), (9640, 4), (9645, 3), (9649, 2), (9667, 1), (9673, 1), (9676, 1), (9687, 2), (9691, 2), (9711, 11), (9722, 2), (9723, 1), (9742, 2), (9747, 1), (9754, 5), (9755, 14), (9760, 1), (9770, 6), (9777, 5), (9778, 1), (9784, 85), (9796, 18), (9800, 1), (9801, 2), (9804, 4), (9805, 2), (9808, 1), (9847, 3), (9885, 6), (9889, 1), (9890, 6), (9893, 2), (9910, 2), (9917, 1), (9921, 4), (9944, 5), (9945, 8), (9952, 2), (9957, 22), (9965, 3), (9966, 2), (9970, 5), (9983, 11)
oohh (DF: 6): (1453, 1), (2057, 3), (4082, 1), (6883, 1), (7685, 2), (9336, 2)
oohhaa (DF: 1): (2889, 1)
