kid (DF: 20): (1869, 1), (1870, 1), (2587, 1), (2588, 1), (2776, 1), (2778, 1), (3541, 2), (3543, 1), (3788, 5), (3789, 2), (4459, 1), (4460, 1), (4700, 1), (4701, 3), (5640, 2), (5641, 1), (5811, 1), (5814, 1), (9503, 3), (9504, 1)
kidd (DF: 4): (698, 4), (2354, 1), (2648, 1), (2843, 1)
kiddan (DF: 1): (9519, 1)
kiddi (DF: 8): (38, 1), (1426, 1), (2399, 1), (6124, 1), (7417, 2), (7418, 2), (7768, 1), (8857, 1)
kiddin (DF: 13): (2083, 1), (3033, 1), (3268, 1), (3794, 3), (4460, 4), (5251, 1), (5667, 4), (6899, 1), (7498, 2), (8209, 1), (8725, 4), (8967, 5), (9831, 2)
kiddo (DF: 2): (1229, 1), (8966, 1)
kidnap (DF: 12): (646, 1), (1319, 1), (2000, 1), (3238, 1), (3502, 1), (4128, 1), (4895, 1), (5495, 1), (6203, 1), (7105, 1), (7323, 1), (7875, 9)
kidney (DF: 8): (829, 1), (4046, 2), (4963, 1), (5345, 1), (7946, 1), (8061, 1), (8530, 7), (9830, 1)
kiedi (DF: 18): (250, 4), (908, 2), (1197, 1), (1918, 2), (3744, 2), (4311, 2), (4358, 1), (4405, 1), (4582, 2), (4761, 1), (6678, 1), (6754, 1), (7071, 1), (7313, 4), (8452, 2), (9085, 4), (9162, 5), (9647, 13)
kiedykolwiek (DF: 1): (6457, 1)
kief (DF: 2): (3570, 1), (4295, 1)
kiel (DF: 1): (3981, 1)
kielc (DF: 1): (4405, 4)
kielni (DF: 2): (1197, 1), (4405, 2)
kiem (DF: 1): (8498, 1)
kierat (DF: 1): (6678, 1)
kieruma (DF: 1): (8000, 1)
kierów (DF: 1): (6678, 1)
kies (DF: 6): (1177, 6), (2316, 1), (5049, 1), (5691, 1), (6620, 1), (6748, 1)
kiesha (DF: 1): (8060, 1)
kieshia (DF: 1): (7159, 2)
kiesza (DF: 1): (526, 1)
kieszeniach (DF: 1): (9647, 1)
kieta (DF: 1): (1825, 2)
kiez (DF: 6): (2328, 3), (2881, 1), (3381, 1), (7720, 1), (7983, 1), (9236, 4)
kiezen (DF: 1): (3864, 1)
kiff (DF: 5): (484, 1), (3570, 1), (4440, 1), (5051, 1), (9737, 2)
kig (DF: 3): (4425, 1), (4991, 1), (8580, 1)
kihda (DF: 1): (9519, 2)
kiiara (DF: 1): (9294, 2)
kijk (DF: 7): (43, 1), (852, 1), (4849, 1), (6184, 1), (6641, 2), (7421, 3), (8418, 2)
kijken (DF: 2): (4607, 3), (4849, 1)
kijkt (DF: 3): (3864, 1), (4607, 1), (6641, 1)
kik (DF: 1): (9524, 2)
kiki (DF: 4): (110, 1), (440, 2), (5373, 3), (5605, 4)
kiko (DF: 3): (229, 2), (6157, 1), (7969, 1)
kiku (DF: 1): (9576, 1)
kil (DF: 10): (371, 1), (444, 1), (1296, 1), (2260, 1), (3269, 6), (4651, 2), (4729, 1), (7028, 2), (7392, 2), (9185, 5)
kilat (DF: 2): (567, 6), (6561, 2)
kilate (DF: 2): (2351, 2), (6851, 2)
kilimanjaro (DF: 2): (4883, 2), (5096, 1)
kilka (DF: 2): (4311, 8), (7344, 2)
kill (DF: 184): (13, 3), (36, 3), (40, 1), (69, 1), (70, 1), (72, 1), (146, 2), (200, 1), (228, 1), (248, 1), (270, 1), (281, 1), (306, 1), (314, 1), (324, 1), (336, 1), (356, 33), (372, 1), (397, 1), (407, 1), (440, 1), (446, 2), (455, 1), (471, 1), (483, 1), (501, 3), (507, 1), (529, 11), (536, 3), (561, 2), (596, 3), (603, 2), (612, 1), (617, 1), (636, 2), (643, 1), (646, 1), (650, 3), (689, 1), (699, 1), (708, 1), (722, 1), (741, 20), (772, 2), (775, 2), (801, 2), (808, 1), (841, 9), (861, 2), (909, 1), (922, 2), (925, 3), (927, 17), (946, 2), (991, 1), (1021, 2), (1025, 1), (1045, 1), (1058, 1), (1068, 3), (1093, 1), (1130, 2), (1134, 1), (1187, 2), (1196, 1), (1237, 1), (1247, 5), (1250, 1), (1252, 5), (1292, 14), (1328, 1), (1344, 1), (1359, 7), (1454, 1), (1479, 1), (1498, 18), (1541, 5), (1575, 1), (1580, 15), (1598, 12), (1604, 1), (1613, 1), (1643, 1), (1654, 1), (1661, 1), (1671, 2), (1678, 3), (1681, 2), (1690, 5), (1708, 1), (1711, 2), (1717, 2), (1760, 1), (1796, 1), (1799, 1), (1804, 2), (1809, 1), (1812, 1), (1836, 1), (1846, 2), (1852, 1), (1854, 6), (1860, 1), (1956, 1), (1958, 1), (1977, 1), (1984, 2), (2026, 1), (2032, 2), (2042, 1), (2045, 1), (2052, 1), (2057, 1), (2058, 1), (2084, 1), (2120, 2), (2122, 2), (2147, 1), (2176, 1), (2177, 1), (2192, 3), (2194, 2), (2250, 1), (2260, 2), (2263, 1), (2274, 1), (2299, 1), (2319, 21), (2364, 3), (2418, 9), (2451, 2), (2466, 1), (2503, 2), (2511, 4), (2547, 4), (2561, 3), (2574, 2), (2592, 1), (2636, 1), (2640, 1), (2677, 1), (2690, 14), (2716, 3), (2746, 1), (2770, 1), (2775, 1), (2795, 1), (2799, 4), (2803, 2), (2822, 3), (2832, 1), (2840, 1), (2890, 1), (2899, 1), (2900, 1), (2906, 1), (2940, 1), (3019, 1), (3075, 1), (3112, 1), (3181, 1), (3190, 1), (3201, 1), (3206, 1), (3216, 1), (3229, 1), (3238, 1), (3253, 1), (3265, 1), (3268, 1), (3298, 1), (3310, 3), (3317, 14), (3319, 1), (3361, 1), (3371, 1), (3402, 2), (3428, 1), (3429, 29), (3433, 6), (3479, 2), (3480, 1), (3498, 6), (3521, 1)
