set (DF: 224): (6165, 3), (6169, 1), (6256, 1), (6266, 1), (6268, 1), (6305, 1), (6314, 1), (6328, 1), (6329, 2), (6337, 1), (6354, 7), (6376, 2), (6392, 1), (6408, 1), (6438, 1), (6443, 1), (6478, 2), (6487, 1), (6524, 12), (6527, 1), (6542, 3), (6550, 2), (6636, 1), (6650, 2), (6653, 1), (6657, 2), (6669, 1), (6721, 1), (6722, 1), (6740, 1), (6763, 1), (6799, 9), (6802, 2), (6816, 1), (6827, 2), (6853, 1), (6885, 4), (6936, 9), (6960, 1), (6992, 1), (7024, 1), (7033, 2), (7037, 1), (7044, 2), (7098, 1), (7105, 1), (7186, 6), (7189, 12), (7207, 1), (7233, 1), (7242, 2), (7342, 9), (7389, 1), (7446, 3), (7448, 1), (7459, 1), (7460, 1), (7471, 1), (7477, 1), (7493, 1), (7506, 1), (7515, 2), (7518, 2), (7534, 1), (7542, 1), (7559, 1), (7568, 1), (7577, 1), (7597, 2), (7598, 1), (7633, 7), (7638, 2), (7643, 1), (7661, 5), (7719, 2), (7730, 2), (7737, 6), (7762, 1), (7767, 5), (7768, 1), (7800, 1), (7857, 1), (7921, 1), (7934, 1), (7985, 3), (8009, 4), (8015, 1), (8030, 1), (8044, 1), (8051, 4), (8059, 1), (8102, 4), (8109, 1), (8117, 4), (8148, 1), (8164, 1), (8191, 1), (8193, 1), (8257, 36), (8325, 1), (8334, 6), (8341, 1), (8348, 10), (8356, 1), (8365, 6), (8387, 1), (8394, 1), (8404, 1), (8431, 1), (8462, 1), (8484, 1), (8513, 1), (8520, 2), (8532, 1), (8535, 33), (8555, 2), (8575, 1), (8592, 1), (8613, 1), (8633, 6), (8661, 1), (8671, 1), (8687, 1), (8708, 1), (8709, 3), (8756, 1), (8774, 1), (8784, 12), (8803, 8), (8816, 4), (8822, 1), (8842, 2), (8848, 1), (8887, 1), (8890, 1), (8951, 2), (8970, 2), (8974, 2), (9024, 1), (9032, 2), (9092, 1), (9125, 1), (9147, 6), (9163, 1), (9194, 1), (9200, 1), (9209, 1), (9220, 7), (9226, 1), (9230, 2), (9262, 1), (9278, 1), (9315, 1), (9320, 3), (9379, 1), (9381, 3), (9399, 1), (9410, 2), (9435, 1), (9442, 12), (9474, 1), (9551, 1), (9552, 2), (9570, 2), (9615, 1), (9654, 4), (9658, 1), (9662, 1), (9672, 1), (9689, 1), (9730, 1), (9751, 1), (9770, 6), (9822, 5), (9826, 1), (9844, 1), (9875, 1), (9879, 2), (9885, 6), (9886, 1), (9905, 1), (9915, 1), (9933, 1), (9935, 1), (9980, 4), (9985, 3), (9993, 1), (257, 1), (259, 5), (381, 1), (382, 1), (1048, 1), (1050, 1), (1408, 1), (1409, 1), (1904, 1), (1906, 1), (2808, 1), (2809, 1), (3383, 4), (3384, 4), (3772, 1), (3773, 4), (4006, 2), (4007, 1), (4432, 1), (4433, 1), (5158, 1), (5159, 7), (5301, 1), (5304, 3), (7659, 5), (7759, 34), (7761, 1), (8536, 1), (8850, 1), (8852, 2), (9343, 1), (9344, 1), (9440, 1), (9452, 8), (9453, 1), (9490, 14), (9491, 1)
setaphor (DF: 1): (1834, 1)
setback (DF: 5): (571, 1), (3019, 1), (3032, 6), (5370, 1), (8325, 1)
sete (DF: 1): (7869, 1)
setent (DF: 1): (8846, 1)
seth (DF: 3): (2320, 1), (3003, 1), (3084, 3)
seti (DF: 1): (7166, 1)
setki (DF: 1): (6441, 1)
setlist (DF: 10): (920, 1), (2736, 1), (4105, 1), (4450, 1), (4464, 1), (6089, 1), (7525, 1), (7990, 1), (8000, 1), (8437, 1)
sett (DF: 2): (187, 1), (524, 2)
settiman (DF: 3): (1010, 1), (1818, 2), (8671, 3)
settin (DF: 10): (1344, 8), (1471, 1), (2211, 3), (2522, 2), (4669, 1), (4828, 1), (7226, 1), (7862, 1), (8862, 1), (9538, 1)
settl (DF: 87): (160, 2), (304, 2), (330, 1), (420, 1), (499, 4), (808, 1), (857, 1), (980, 1), (1323, 1), (1498, 3), (1581, 1), (1711, 4), (1988, 1), (2267, 6), (2333, 1), (2334, 2), (2368, 1), (2393, 7), (2506, 1), (2605, 1), (2725, 1), (2728, 3), (2854, 1), (3127, 1), (3296, 1), (3321, 1), (3537, 1), (3771, 1), (3966, 8), (4072, 1), (4153, 2), (4173, 1), (4329, 1), (4372, 1), (4486, 1), (4600, 1), (4806, 1), (4942, 1), (5293, 1), (5315, 3), (5498, 3), (5533, 1), (5925, 1), (6157, 1), (6483, 1), (6524, 1), (6542, 3), (6638, 1), (6790, 1), (7070, 1), (7286, 3), (7680, 1), (7884, 1), (7937, 1), (7947, 1), (7950, 12), (7969, 1), (7986, 1), (8117, 2), (8252, 1), (8403, 2), (8416, 1), (8545, 1), (8581, 1), (8661, 2), (8878, 1), (8884, 1), (8912, 1), (9167, 1), (9277, 1), (9397, 1), (9439, 1), (9453, 1), (9527, 1), (9632, 2), (9642, 1), (9712, 1), (9728, 1), (9787, 2), (9831, 2), (9877, 3), (2449, 14), (2450, 1), (8150, 1), (8151, 1), (9132, 1), (9134, 1)
settla (DF: 1): (2729, 1)
settlement (DF: 1): (2173, 1)
settlin (DF: 2): (4427, 1), (7323, 1)
setz (DF: 4): (2078, 1), (5429, 1), (5577, 1), (7720, 6)
setzt (DF: 1): (6026, 1)
seu (DF: 24): (60, 3), (1072, 2), (1659, 1), (2242, 1), (2631, 3), (2680, 1), (2934, 1), (3955, 3), (4357, 8), (5007, 5), (5606, 2), (5719, 3), (5959, 1), (6028, 1), (6270, 5), (6804, 1), (6983, 1), (7175, 5), (9087, 2), (9120, 1), (9391, 3), (9494, 1), (9637, 2), (9876, 1)
