vez (DF: 4): (6561, 1), (6562, 3), (8882, 6), (8883, 1)
veze (DF: 8): (60, 4), (1659, 1), (2242, 1), (3692, 1), (7175, 2), (7563, 2), (7649, 1), (8938, 1)
vh1 (DF: 1): (548, 1)
vhill (DF: 1): (5309, 1)
vhs (DF: 2): (2766, 22), (4140, 1)
vi (DF: 135): (19, 1), (117, 1), (127, 2), (173, 28), (229, 1), (256, 1), (284, 4), (342, 1), (345, 12), (366, 1), (403, 3), (413, 1), (481, 1), (598, 2), (728, 1), (791, 1), (1008, 6), (1046, 2), (1109, 2), (1171, 3), (1215, 1), (1307, 1), (1333, 2), (1465, 13), (1501, 2), (1584, 5), (1631, 1), (1677, 1), (1686, 5), (1803, 1), (2018, 5), (2114, 28), (2152, 13), (2268, 4), (2461, 1), (2488, 1), (2604, 1), (2642, 12), (2656, 1), (2662, 1), (2759, 1), (2805, 1), (2948, 2), (3070, 6), (3092, 3), (3215, 1), (3226, 1), (3467, 1), (3489, 1), (3492, 1), (3527, 7), (3588, 2), (3591, 9), (3757, 8), (3909, 1), (4189, 1), (4197, 2), (4198, 2), (4295, 4), (4308, 6), (4352, 1), (4421, 2), (4425, 2), (4440, 1), (4479, 2), (4567, 4), (4714, 9), (4763, 2), (4797, 1), (4846, 2), (4985, 2), (4986, 2), (4991, 2), (5198, 1), (5304, 1), (5373, 6), (5399, 4), (5582, 1), (5592, 1), (5659, 9), (5713, 6), (5830, 4), (5852, 1), (5990, 2), (6160, 1), (6234, 1), (6279, 2), (6292, 1), (6425, 1), (6450, 1), (6532, 1), (6674, 4), (6810, 3), (6932, 6), (6983, 1), (7077, 19), (7200, 6), (7254, 1), (7258, 5), (7274, 2), (7397, 1), (7412, 3), (7428, 3), (7435, 4), (7495, 3), (7513, 2), (7603, 2), (7607, 2), (7649, 4), (7820, 1), (7879, 1), (7993, 4), (8047, 5), (8132, 1), (8187, 1), (8318, 2), (8534, 1), (8564, 4), (8606, 2), (8744, 2), (8805, 3), (8816, 1), (8902, 1), (9040, 2), (9138, 2), (9362, 1), (9407, 10), (9609, 1), (9637, 2), (9648, 5), (9660, 1), (9762, 1), (9882, 3), (9884, 6), (9887, 1)
via (DF: 27): (187, 1), (1432, 1), (1677, 1), (1800, 6), (2059, 4), (2549, 2), (3210, 1), (3628, 1), (3717, 1), (3753, 1), (3903, 1), (4034, 1), (4361, 1), (4587, 1), (5837, 1), (6001, 1), (6249, 1), (6395, 2), (6641, 6), (7281, 3), (8161, 2), (8542, 1), (8671, 2), (9568, 1), (9738, 3), (9906, 1), (9912, 1)
viacom (DF: 1): (693, 3)
viadin (DF: 1): (1881, 2)
viaduct (DF: 2): (668, 1), (1656, 1)
viagem (DF: 6): (213, 6), (1979, 1), (3870, 1), (6270, 1), (6289, 1), (9838, 1)
viagg (DF: 3): (1485, 1), (7281, 1), (9912, 1)
viagr (DF: 1): (3580, 12)
viagra (DF: 3): (3789, 1), (8862, 1), (9301, 1)
viaj (DF: 56): (791, 1), (1005, 1), (1022, 1), (1061, 1), (1478, 1), (1524, 1), (1582, 1), (1677, 1), (1686, 1), (1878, 1), (2090, 1), (2092, 4), (2354, 1), (2604, 1), (2877, 1), (3080, 1), (3111, 1), (3313, 1), (3614, 3), (3875, 1), (3891, 3), (3996, 1), (4193, 2), (4430, 1), (4544, 1), (4556, 1), (4752, 1), (4852, 1), (4912, 1), (5376, 1), (5716, 1), (5770, 3), (5945, 1), (5962, 1), (6251, 4), (7455, 1), (7587, 1), (7725, 5), (8128, 1), (8205, 1), (8236, 1), (8478, 2), (8516, 2), (8719, 2), (8792, 1), (9225, 1), (9252, 1), (9306, 1), (9444, 1), (9469, 21), (9532, 1), (9568, 1), (9652, 3), (9719, 1), (9792, 1), (9887, 1)
viajado (DF: 1): (3870, 1)
viajam (DF: 1): (284, 2)
viajando (DF: 1): (8132, 1)
viajar (DF: 1): (3870, 1)
viajo (DF: 3): (5606, 1), (8775, 1), (8870, 2)
vian (DF: 1): (7466, 1)
vianna (DF: 1): (2474, 1)
viar (DF: 1): (5986, 2)
viareggio (DF: 1): (9695, 1)
vias (DF: 1): (2877, 6)
vib (DF: 8): (1411, 1), (1443, 1), (2183, 1), (4124, 1), (4423, 1), (6706, 1), (7042, 1), (8815, 1)
vibe (DF: 91): (17, 1), (43, 1), (261, 1), (278, 2), (356, 2), (535, 2), (574, 1), (658, 1), (736, 1), (741, 20), (779, 2), (787, 1), (812, 1), (824, 2), (852, 1), (892, 1), (927, 1), (928, 2), (998, 1), (1054, 1), (1077, 1), (1152, 4), (1203, 4), (1217, 2), (1219, 1), (1299, 4), (1301, 1), (1318, 1), (1432, 1), (1452, 1), (1574, 4), (1579, 1), (1598, 12), (1619, 1), (1655, 1), (1725, 2), (1792, 2), (1869, 1), (1979, 5), (2030, 3), (2051, 1), (2105, 1), (2192, 4), (2251, 1), (2266, 13), (2277, 2), (2465, 1), (2490, 6), (2503, 2), (2548, 6), (2638, 2), (2708, 1), (2831, 1), (2986, 4), (3075, 1), (3087, 1), (3153, 1), (3195, 2), (3355, 1), (3453, 1), (3483, 10), (3575, 1), (3707, 2), (3744, 4), (3748, 1), (3864, 1), (4003, 3), (4070, 2), (4104, 1), (4157, 5), (4256, 1), (4357, 4), (4465, 1), (4494, 3), (4607, 1), (4629, 1), (4665, 1), (4703, 14), (4772, 2), (4810, 1), (4833, 2), (4849, 1), (4859, 1), (4880, 5), (4901, 19), (4995, 2), (5006, 1), (5031, 2), (5089, 1), (5485, 10), (5500, 6)
