bullshitin (DF: 1): (2085, 2)
bullshittin (DF: 5): (2294, 1), (3174, 2), (4941, 1), (6475, 1), (7436, 1)
bulm (DF: 1): (9916, 1)
bulong (DF: 1): (4563, 1)
bulsa (DF: 1): (3150, 1)
bult (DF: 2): (5768, 2), (7495, 1)
bum (DF: 55): (70, 1), (256, 1), (306, 1), (905, 2), (1783, 2), (1824, 12), (2405, 1), (2618, 1), (2634, 1), (2767, 1), (2967, 1), (3010, 1), (3111, 2), (3136, 2), (3439, 1), (3458, 1), (3789, 2), (4044, 4), (4180, 1), (4386, 12), (4420, 1), (4515, 3), (4664, 1), (4852, 2), (5152, 1), (5193, 1), (5482, 1), (5579, 1), (5716, 2), (5937, 1), (6112, 32), (6273, 1), (6403, 1), (6677, 1), (7137, 10), (7194, 1), (7453, 1), (7466, 8), (7498, 2), (7635, 2), (8026, 4), (8208, 1), (8236, 2), (8278, 1), (8406, 2), (8478, 4), (8795, 1), (8807, 1), (8995, 1), (9007, 1), (9210, 4), (9301, 2), (9341, 1), (9672, 1), (9728, 1)
bumaba (DF: 1): (3150, 1)
bumalikwa (DF: 1): (6826, 1)
bumbilya (DF: 1): (9901, 1)
bumbl (DF: 5): (3543, 1), (6296, 1), (6610, 1), (7213, 3), (8301, 1)
bumblebe (DF: 5): (1135, 1), (3543, 16), (5277, 1), (5523, 1), (9476, 1)
bumboclaat (DF: 1): (746, 1)
bumbum (DF: 4): (2308, 9), (2539, 10), (5271, 5), (9812, 1)
bumerang (DF: 2): (715, 5), (9788, 1)
bumili (DF: 1): (9901, 1)
bumitaw (DF: 1): (6224, 1)
bumm (DF: 1): (5577, 1)
bummer (DF: 4): (7439, 2), (8016, 11), (8636, 3), (9080, 2)
bummi (DF: 7): (2322, 1), (2939, 1), (6197, 1), (6206, 1), (7537, 1), (9008, 1), (9831, 2)
bump (DF: 90): (183, 1), (197, 2), (204, 1), (346, 1), (364, 2), (510, 1), (547, 54), (613, 13), (641, 1), (866, 2), (1215, 1), (1457, 3), (1519, 2), (1569, 2), (1634, 4), (1649, 1), (1730, 1), (1766, 3), (1773, 1), (1779, 2), (1869, 1), (1975, 1), (2142, 1), (2157, 1), (2198, 1), (2278, 1), (2305, 1), (2340, 1), (2465, 1), (2701, 1), (2825, 4), (2865, 3), (3090, 1), (3790, 1), (3843, 1), (3917, 1), (3979, 1), (4008, 2), (4136, 4), (4543, 1), (4575, 1), (4612, 1), (4652, 1), (4690, 1), (4844, 1), (4848, 1), (4941, 1), (4942, 1), (4956, 2), (5037, 2), (5178, 1), (5199, 1), (5338, 1), (5345, 1), (5402, 1), (5494, 1), (5596, 1), (5774, 1), (5810, 2), (5941, 1), (6027, 2), (6195, 13), (6296, 1), (6363, 1), (6399, 2), (6444, 1), (6563, 1), (7027, 1), (7090, 1), (7186, 2), (7225, 13), (7341, 1), (7526, 1), (7558, 1), (8248, 1), (8298, 1), (8375, 72), (8459, 1), (8528, 1), (8529, 4), (8536, 1), (9088, 3), (9154, 1), (9315, 1), (9347, 9), (9348, 1), (9526, 3), (9633, 1), (9666, 6), (9673, 1)
bumpa (DF: 2): (1694, 1), (8519, 1)
bumper (DF: 15): (82, 1), (819, 2), (1457, 3), (1703, 1), (2402, 9), (4136, 4), (4712, 2), (4833, 1), (4928, 2), (5758, 1), (8662, 1), (9154, 1), (9267, 2), (9347, 1), (9873, 1)
bumpi (DF: 6): (877, 1), (1402, 3), (1855, 14), (2472, 1), (3185, 1), (6355, 1)
bumpin (DF: 35): (291, 1), (441, 1), (583, 1), (672, 1), (759, 1), (978, 2), (1276, 1), (2048, 1), (2091, 16), (2294, 1), (2561, 1), (2596, 2), (2865, 1), (2936, 1), (2991, 1), (3018, 1), (3180, 2), (4889, 1), (5037, 2), (5068, 1), (5484, 1), (5513, 2), (6327, 1), (6563, 1), (6734, 1), (7090, 1), (7159, 8), (7186, 1), (7534, 1), (7751, 1), (7862, 1), (8079, 1), (8338, 12), (9115, 1), (9226, 1)
bumrush (DF: 1): (9486, 1)
bums (DF: 1): (3984, 1)
bumst (DF: 1): (5051, 1)
bumulong (DF: 1): (0, 1)
bun (DF: 25): (595, 1), (631, 1), (1299, 1), (1491, 1), (1588, 1), (2045, 1), (2322, 1), (2705, 1), (3371, 1), (3521, 1), (3781, 1), (4493, 1), (4503, 2), (4533, 2), (4766, 1), (5277, 1), (5627, 2), (5633, 1), (5907, 1), (6151, 1), (6443, 1), (6960, 1), (8470, 1), (8559, 1), (9625, 1)
bunbury (DF: 1): (8329, 1)
bunch (DF: 50): (248, 1), (324, 1), (446, 1), (633, 2), (737, 1), (804, 1), (909, 1), (999, 1), (1250, 1), (1550, 4), (2230, 1), (2305, 5), (2357, 1), (2466, 1), (3075, 1), (3161, 1), (3338, 2), (3439, 1), (3769, 1), (3879, 1), (3923, 2), (4008, 1), (4527, 1), (4557, 2), (4661, 1), (4942, 2), (5031, 2), (5797, 12), (5954, 1), (5974, 1), (5983, 1), (6068, 2), (6071, 1), (6225, 2), (6520, 2), (6560, 1), (6570, 1), (6585, 1), (6799, 1), (7908, 2), (8002, 2), (8473, 4), (8544, 2), (8571, 1), (8577, 9), (8980, 1), (9228, 1), (9343, 1), (9628, 1), (9710, 2)
buncha (DF: 2): (2040, 1), (6913, 2)
bund (DF: 1): (4991, 1)
bunda (DF: 13): (1072, 2), (1659, 1), (2680, 3), (3364, 3), (3692, 1), (3838, 1), (6015, 1), (6804, 3), (7211, 2), (7270, 1), (7563, 1), (8113, 1), (9860, 1)
bundel (DF: 4): (2463, 1), (3466, 9), (3480, 1), (7278, 1)
bundesland (DF: 1): (4004, 1)
bundesweit (DF: 1): (5775, 2)
bundl (DF: 8): (3802, 1), (4723, 1), (4880, 2), (5482, 1), (6287, 1), (7448, 1), (7644, 2), (8822, 1)
bundt (DF: 1): (8564, 6)
bundy (DF: 1): (2194, 1)
bundyand (DF: 1): (4547, 1)
bundão (DF: 1): (5719, 6)
buneya (DF: 1): (9138, 3)
bungalow (DF: 4): (490, 1), (1124, 1), (3581, 1), (4043, 2)
bunge (DF: 1): (4447, 1)
bungi (DF: 1): (3769, 1)
bunjuhaedo (DF: 1): (2817, 1)
bunk (DF: 25): (346, 1), (1564, 1), (1583, 9), (2574, 1), (3108, 1), (3213, 1), (3238, 1), (3403, 2), (3437, 2), (3462, 4), (3984, 1), (4318, 1), (4420, 1), (4446, 1), (4933, 1), (5366, 1), (5890, 1), (5934, 1), (6600, 1), (7278, 1), (7441, 1), (7983, 1), (8670, 1), (9236, 1), (9451, 1)
bunker (DF: 1): (4931, 1)
bunkert (DF: 2): (3108, 1), (8670, 2)
bunki (DF: 1): (210, 1)
bunn (DF: 1): (8400, 1)
bunni (DF: 15): (1214, 3), (1913, 1), (2278, 1), (2378, 1), (2887, 1), (3913, 1), (3962, 9), (3963, 1), (5445, 1), (6462, 1), (7142, 1), (7514, 2), (8380, 35), (9509, 1), (9823, 1)
bunnin (DF: 1): (9729, 1)
bunny (DF: 23): (444, 1), (484, 2), (996, 2), (1631, 4), (1668, 10), (1682, 2), (2383, 4), (2498, 1), (2877, 4), (3219, 8), (3962, 1), (4143, 2), (5035, 1), (5352, 1), (6239, 1), (6588, 7), (6808, 2), (7288, 1), (7956, 3), (7983, 1), (8091, 4), (8131, 1), (9818, 3)
bunnyb (DF: 1): (3219, 4)
bunnymen (DF: 3): (2547, 1), (7271, 1), (8523, 2)
bunt (DF: 5): (1238, 1), (1583, 5), (2463, 3), (7403, 1), (9788, 1)
bunyan (DF: 1): (1196, 1)
bunyeh (DF: 1): (1668, 2)
buo (DF: 1): (4563, 3)
buon (DF: 3): (2498, 1), (8264, 1), (8777, 1)
buong (DF: 5): (871, 1), (1489, 1), (4815, 1), (6224, 4), (8001, 2)
bup (DF: 1): (7213, 3)
buqu (DF: 2): (3269, 1), (4479, 1)
buquê (DF: 1): (9087, 4)
burb (DF: 6): (2028, 1), (4632, 2), (5050, 1), (5088, 1), (9073, 1), (9922, 2)
burban (DF: 1): (8209, 1)
burberri (DF: 3): (1531, 1), (4045, 1), (8745, 1)
burberry (DF: 2): (5801, 1), (8932, 1)
burberrygurtel (DF: 1): (7278, 1)
burbuj (DF: 2): (6513, 3), (7886, 1)
burbuja (DF: 1): (552, 2)
burd (DF: 2): (229, 1), (1469, 1)
burdel (DF: 1): (2967, 1)
burden (DF: 16): (287, 15), (654, 1), (1194, 1), (2590, 2), (3218, 1), (3707, 2), (4623, 1), (4806, 2), (4842, 1), (4843, 1), (5861, 2), (6730, 1), (7529, 2), (7846, 1), (9327, 1), (9581, 1)
burdensom (DF: 1): (597, 1)
burdon (DF: 1): (6134, 2)
bureau (DF: 2): (430, 1), (7922, 2)
bureaucraci (DF: 1): (6535, 1)
bureil (DF: 2): (4877, 1), (7829, 1)
buret (DF: 1): (3591, 1)
burg (DF: 2): (6600, 1), (9032, 1)
burgaw (DF: 1): (80, 1)
burger (DF: 6): (2399, 1), (3789, 1), (4854, 1), (4877, 1), (9301, 1), (9479, 6)
