taub (DF: 2): (3984, 1), (8670, 1)
tauch (DF: 2): (3984, 1), (5049, 1)
taught (DF: 89): (40, 1), (270, 1), (337, 1), (548, 1), (571, 2), (925, 1), (1084, 1), (1140, 1), (1163, 8), (1219, 1), (1288, 7), (1399, 1), (1462, 1), (1702, 2), (1861, 2), (1957, 2), (2131, 1), (2241, 1), (2305, 1), (2580, 1), (2584, 3), (2649, 1), (2671, 4), (2794, 3), (2809, 1), (2835, 1), (2935, 1), (3112, 2), (3198, 2), (3291, 1), (3310, 1), (3426, 2), (3440, 12), (3621, 2), (3769, 1), (3879, 3), (3919, 1), (3999, 1), (4127, 1), (4243, 1), (4338, 2), (4349, 2), (4547, 1), (4551, 2), (4669, 1), (4684, 1), (4843, 1), (4844, 1), (4962, 1), (5383, 1), (5410, 2), (5898, 2), (5941, 1), (5961, 1), (6018, 1), (6254, 2), (6375, 2), (6465, 6), (6505, 1), (6524, 1), (6690, 1), (7115, 1), (7125, 1), (7498, 2), (7590, 1), (7696, 1), (7748, 1), (7783, 1), (7791, 30), (7857, 2), (7926, 1), (7936, 1), (8034, 2), (8213, 4), (8346, 1), (8662, 1), (8862, 2), (8896, 2), (8921, 1), (9000, 1), (9035, 1), (9041, 1), (9161, 2), (9538, 1), (9582, 1), (9759, 1), (9789, 2), (9846, 1), (9920, 1)
tauis (DF: 2): (3067, 2), (7373, 2)
taunt (DF: 2): (3562, 1), (6350, 1)
taupin (DF: 1): (6416, 1)
taur (DF: 1): (4421, 1)
taurus (DF: 2): (7863, 5), (7977, 1)
tauscht (DF: 1): (151, 1)
tausend (DF: 4): (1238, 1), (3048, 1), (3409, 1), (4876, 5)
tava (DF: 15): (1072, 1), (1183, 1), (1415, 1), (1659, 1), (3215, 4), (3364, 2), (3497, 1), (3838, 1), (4167, 1), (5859, 1), (5959, 1), (6844, 1), (8946, 1), (9525, 1), (9876, 1)
tavarez (DF: 4): (3816, 2), (4300, 6), (4594, 6), (8919, 4)
tavern (DF: 2): (2687, 1), (5066, 1)
tawa (DF: 1): (3150, 1)
tawana (DF: 1): (8446, 1)
tawk (DF: 1): (2452, 1)
tawni (DF: 2): (6262, 1), (6479, 1)
tawon (DF: 1): (2637, 1)
tax (DF: 31): (250, 1), (438, 1), (842, 1), (1362, 5), (1805, 1), (2717, 1), (3052, 1), (3117, 1), (3210, 1), (3311, 3), (3316, 1), (3999, 1), (4122, 1), (4718, 2), (4866, 1), (4874, 1), (4905, 1), (4931, 1), (5264, 1), (5583, 1), (6484, 1), (6631, 1), (6899, 3), (7000, 2), (7218, 1), (7235, 1), (7595, 2), (7707, 1), (9000, 1), (9054, 1), (9324, 1)
taxabl (DF: 1): (1708, 1)
taxi (DF: 24): (321, 1), (518, 1), (537, 5), (767, 2), (1896, 1), (2433, 1), (2550, 1), (2890, 1), (3167, 1), (3611, 1), (4183, 1), (5040, 2), (5149, 1), (5838, 1), (7028, 2), (7604, 9), (7742, 2), (7826, 1), (7888, 5), (8686, 1), (9054, 1), (9124, 6), (9132, 8), (9379, 1)
taxin (DF: 1): (1708, 1)
taxman (DF: 6): (251, 1), (1166, 1), (1341, 1), (9305, 1), (9804, 1), (9945, 2)
tay (DF: 16): (541, 1), (1216, 1), (1849, 2), (1880, 1), (2489, 2), (3310, 1), (4853, 3), (5082, 1), (5817, 1), (6064, 2), (6780, 1), (6903, 1), (8467, 3), (8592, 1), (9152, 4), (9290, 3)
taylor (DF: 37): (507, 1), (540, 1), (862, 1), (1084, 1), (1205, 1), (1431, 1), (1490, 1), (1672, 1), (2062, 1), (2456, 1), (2708, 1), (3147, 1), (3424, 1), (3468, 2), (3522, 1), (3758, 2), (3967, 2), (4039, 1), (4337, 1), (4370, 1), (4628, 1), (4646, 2), (4770, 1), (5028, 1), (5036, 1), (5452, 1), (6373, 1), (6477, 1), (6858, 1), (8078, 1), (8264, 1), (8503, 1), (8802, 4), (9256, 1), (9344, 1), (9566, 2), (9582, 1)
taylr (DF: 1): (448, 1)
tayo (DF: 5): (871, 1), (3150, 1), (4657, 2), (4815, 3), (8490, 1)
tayron (DF: 2): (891, 3), (1826, 3)
tayu (DF: 1): (8768, 1)
taz (DF: 3): (3420, 15), (8579, 1), (8744, 1)
tazmani (DF: 1): (4729, 1)
tazmania (DF: 2): (6106, 1), (9973, 1)
taça (DF: 1): (8113, 3)
tb (DF: 1): (7540, 1)
tbc (DF: 1): (6656, 8)
tbt (DF: 2): (2309, 1), (4072, 1)
tc (DF: 1): (1594, 1)
tch (DF: 7): (179, 1), (788, 2), (3272, 1), (4552, 1), (4601, 2), (8133, 1), (9578, 9)
tcha (DF: 6): (872, 2), (3882, 2), (5680, 2), (7483, 1), (9181, 2), (9271, 1)
tchad (DF: 1): (8210, 4)
tchaikovski (DF: 1): (2389, 1)
tchami (DF: 4): (670, 1), (1482, 1), (7738, 1), (8899, 1)
tchik (DF: 1): (34, 2)
tchikit (DF: 1): (34, 1)
tchoko (DF: 1): (540, 1)
tchoupitoula (DF: 2): (1216, 1), (8592, 1)
tck (DF: 1): (3048, 1)
tdh (DF: 1): (173, 1)
tdhpis (DF: 1): (173, 1)
tdon (DF: 3): (1997, 1), (5488, 12), (8685, 3)
tdrop (DF: 1): (7355, 1)
te (DF: 40): (9, 3), (30, 2), (60, 2), (63, 5), (194, 2), (213, 1), (250, 5), (306, 1), (335, 3), (524, 3), (552, 6), (852, 1), (908, 2), (1000, 8), (1010, 1), (1077, 5), (1171, 5), (1278, 6), (1415, 11), (1485, 2), (1520, 1), (1619, 1), (1659, 2), (1669, 2), (1800, 3), (1834, 1), (1848, 1), (1850, 8), (1881, 2), (1920, 40), (1979, 4), (1987, 1), (2059, 3), (2205, 3), (2210, 3), (2268, 3), (2277, 4), (2476, 4), (2518, 5), (2549, 7)
