yet (DF: 114): (5487, 1), (5529, 2), (5560, 1), (5623, 1), (5653, 1), (5679, 1), (5841, 2), (5843, 2), (5862, 1), (5867, 2), (5933, 6), (5935, 1), (5938, 1), (5941, 1), (6060, 3), (6096, 1), (6104, 1), (6214, 1), (6217, 1), (6240, 2), (6298, 4), (6324, 1), (6331, 1), (6375, 1), (6471, 2), (6483, 5), (6506, 1), (6530, 1), (6596, 1), (6602, 1), (6642, 1), (6692, 1), (6738, 1), (6764, 2), (6767, 1), (6926, 1), (6958, 1), (7014, 1), (7096, 1), (7103, 1), (7120, 1), (7153, 1), (7168, 1), (7170, 2), (7272, 2), (7282, 1), (7335, 2), (7442, 1), (7580, 1), (7732, 1), (7775, 6), (7840, 1), (7847, 1), (7857, 1), (7911, 1), (8048, 1), (8126, 1), (8135, 1), (8141, 1), (8172, 1), (8354, 1), (8390, 2), (8410, 2), (8435, 2), (8461, 1), (8492, 1), (8494, 1), (8500, 1), (8536, 1), (8556, 1), (8668, 4), (8681, 1), (8724, 3), (8806, 1), (8809, 1), (8904, 2), (8937, 6), (9096, 1), (9186, 2), (9189, 3), (9194, 1), (9217, 1), (9241, 1), (9243, 1), (9286, 2), (9289, 2), (9317, 1), (9345, 1), (9354, 1), (9423, 1), (9432, 2), (9564, 1), (9620, 1), (9650, 1), (9712, 1), (9718, 1), (9734, 1), (9747, 3), (9758, 1), (9794, 1), (9817, 2), (9826, 1), (9875, 1), (9965, 1), (635, 1), (636, 2), (2892, 1), (2894, 1), (4864, 1), (4865, 2), (5114, 1), (5115, 4), (8959, 1), (8960, 1)
yet7th (DF: 1): (8822, 1)
yetep (DF: 1): (6463, 1)
yeucous (DF: 1): (540, 1)
yeugh (DF: 1): (7070, 1)
yeuk (DF: 1): (9884, 1)
yeux (DF: 1): (1561, 9)
yewa (DF: 1): (9825, 1)
yewu (DF: 1): (905, 1)
yey (DF: 3): (6160, 1), (6808, 1), (9060, 3)
yeyah (DF: 1): (6168, 3)
yfl (DF: 1): (908, 1)
yg (DF: 13): (92, 3), (1354, 1), (2269, 1), (2923, 1), (3174, 1), (5018, 1), (5350, 1), (6602, 2), (7214, 3), (7771, 1), (8040, 1), (8103, 2), (8870, 2)
ygs (DF: 1): (9634, 1)
yh (DF: 1): (9689, 13)
yi (DF: 14): (284, 36), (667, 16), (2583, 1), (3337, 12), (3366, 2), (4356, 16), (4698, 7), (5015, 2), (5647, 1), (7508, 6), (8043, 1), (8870, 8), (9185, 10), (9713, 68)
yibbedi (DF: 1): (8026, 1)
yield (DF: 3): (3164, 1), (6374, 1), (9657, 1)
yiggi (DF: 1): (1849, 1)
yih (DF: 1): (5647, 1)
yihyd (DF: 1): (284, 2)
yike (DF: 3): (4629, 1), (5018, 1), (6738, 3)
yikki (DF: 1): (1626, 2)
yin (DF: 3): (1657, 2), (8559, 1), (9659, 2)
ying (DF: 6): (1657, 4), (3790, 3), (5299, 4), (7901, 1), (8278, 2), (9713, 2)
yippe (DF: 1): (693, 20)
yippi (DF: 2): (3018, 1), (5682, 4)
yisus (DF: 1): (2843, 1)
yiuh (DF: 1): (9532, 1)
yiy (DF: 1): (8519, 1)
yj (DF: 3): (1918, 2), (4311, 8), (8787, 5)
yje (DF: 1): (7313, 1)
yjemi (DF: 1): (9162, 1)
yjmi (DF: 1): (9162, 1)
yk (DF: 1): (8162, 1)
yka (DF: 1): (8509, 36)
ykam (DF: 1): (7071, 1)
yli (DF: 1): (7313, 1)
ylo (DF: 1): (6524, 1)
ym (DF: 8): (908, 1), (1058, 1), (5137, 1), (6508, 1), (7677, 1), (8156, 12), (9085, 2), (9140, 1)
ymbape (DF: 1): (9140, 1)
ymcame (DF: 1): (9823, 1)
ymcmb (DF: 3): (4107, 1), (9061, 2), (9823, 1)
ymi (DF: 2): (6007, 1), (7313, 1)
yn (DF: 3): (2951, 1), (7313, 1), (9695, 2)
yng (DF: 1): (2612, 1)
ynie (DF: 1): (7313, 1)
ynw (DF: 2): (966, 1), (3440, 1)
yo (DF: 125): (2, 3), (16, 1), (27, 2), (51, 1), (69, 2), (72, 1), (74, 2), (148, 1), (172, 2), (181, 4), (194, 1), (198, 1), (222, 1), (237, 3), (296, 3), (299, 4), (302, 18), (324, 1), (339, 1), (357, 2), (405, 1), (418, 1), (437, 1), (441, 16), (484, 2), (493, 1), (530, 1), (546, 2), (558, 4), (562, 2), (563, 1), (588, 1), (603, 6), (622, 3), (631, 2), (642, 2), (646, 2), (660, 3), (669, 2), (689, 1), (692, 6), (753, 1), (775, 2), (784, 6), (786, 1), (802, 1), (821, 1), (859, 9), (871, 1), (905, 1), (909, 3), (915, 2), (924, 2), (925, 1), (964, 1), (966, 3), (993, 3), (1002, 18), (1010, 1), (1024, 2), (1028, 3), (1032, 2), (1059, 1), (1076, 3), (1087, 4), (1092, 2), (1094, 2), (1105, 19), (1111, 3), (1124, 1), (1136, 1), (1143, 1), (1150, 8), (1157, 4), (1171, 3), (1177, 1), (1186, 4), (1196, 2), (1214, 3), (1216, 1), (1304, 1), (1319, 1), (1323, 1), (1328, 1), (1331, 1), (1334, 4), (1341, 1), (1414, 11), (1425, 4), (1438, 1), (1469, 1), (1489, 1), (1497, 1), (1498, 3), (1513, 2), (1515, 1), (1520, 14), (1547, 3), (1564, 9), (1580, 2), (1613, 1), (1629, 1), (1643, 1), (1657, 11), (1674, 1), (1688, 3), (1692, 1), (1694, 4), (1705, 3), (1717, 1), (1738, 3), (1748, 2), (1766, 2), (1773, 1), (1779, 3), (1783, 2), (1812, 1), (1833, 2), (1849, 2), (1902, 2), (1904, 1), (1909, 1), (1920, 10), (1922, 1), (1952, 4)
