gefragt (DF: 1): (7693, 6)
gefress (DF: 1): (9199, 1)
gefuhl (DF: 6): (3570, 1), (4998, 2), (5053, 1), (7463, 1), (8247, 1), (8651, 1)
gefuhllos (DF: 1): (8651, 1)
gefullt (DF: 1): (1715, 1)
gegang (DF: 1): (9788, 1)
gegeb (DF: 1): (5051, 2)
gegen (DF: 1): (3599, 1)
gegend (DF: 7): (151, 1), (778, 3), (2463, 1), (3480, 2), (4816, 1), (6600, 1), (7720, 1)
gegenpol (DF: 1): (151, 1)
gegenub (DF: 1): (484, 1)
gegenuberlieg (DF: 1): (246, 1)
gegess (DF: 1): (4876, 1)
gegn (DF: 2): (2729, 1), (6430, 1)
geh (DF: 40): (484, 1), (681, 1), (1771, 2), (2050, 1), (2327, 1), (2328, 1), (2637, 1), (3067, 2), (3108, 1), (3123, 1), (3409, 1), (3462, 1), (3466, 2), (3480, 1), (3570, 3), (3849, 3), (3932, 2), (3984, 10), (4004, 1), (4124, 1), (4318, 1), (4387, 2), (4743, 1), (4989, 5), (5149, 1), (5214, 8), (5459, 1), (5775, 1), (6026, 4), (6600, 1), (6835, 1), (7306, 1), (7373, 2), (7463, 1), (7479, 4), (8247, 1), (8260, 1), (8498, 1), (8829, 4), (9941, 3)
gehabt (DF: 3): (397, 1), (6026, 1), (8247, 3)
gehau (DF: 1): (2327, 2)
gehda (DF: 1): (5830, 1)
gehetzt (DF: 1): (4318, 1)
gehirn (DF: 2): (198, 1), (1845, 1)
gehn (DF: 1): (2328, 1)
gehofft (DF: 2): (4876, 1), (6026, 1)
gehor (DF: 1): (2328, 1)
gehort (DF: 6): (1244, 1), (1845, 1), (3437, 1), (3480, 1), (3962, 1), (7983, 1)
gehr (DF: 1): (9688, 1)
gehraai (DF: 1): (149, 1)
gehst (DF: 6): (484, 1), (3849, 1), (3962, 3), (5429, 1), (8098, 10), (9199, 1)
geht (DF: 39): (151, 2), (484, 2), (493, 1), (778, 1), (1244, 2), (2194, 1), (2328, 1), (2463, 2), (2535, 1), (2574, 3), (2637, 2), (2729, 2), (2881, 2), (3108, 5), (3437, 1), (3480, 1), (3570, 3), (3849, 1), (3962, 4), (4004, 1), (4318, 1), (4387, 1), (4989, 1), (4998, 3), (5051, 3), (5459, 1), (5493, 5), (5559, 2), (5775, 2), (5955, 1), (6026, 2), (6430, 1), (6748, 1), (7479, 1), (7720, 2), (8340, 1), (8999, 1), (9236, 2), (9999, 1)
geico (DF: 2): (8870, 2), (9231, 1)
geier (DF: 1): (3437, 1)
geil (DF: 3): (2100, 4), (2496, 3), (4663, 1)
gein (DF: 1): (546, 1)
geintj (DF: 1): (3864, 1)
geiseln (DF: 1): (5149, 1)
geisha (DF: 3): (2943, 1), (5172, 1), (8838, 2)
geistig (DF: 1): (5149, 1)
gek (DF: 4): (1077, 3), (4849, 1), (6008, 2), (6184, 4)
gekampft (DF: 1): (6026, 4)
gekannt (DF: 1): (6026, 1)
gekauft (DF: 1): (7521, 1)
gekillt (DF: 1): (7382, 2)
gekin (DF: 1): (2493, 1)
gekk (DF: 3): (6641, 1), (8418, 1), (8831, 1)
geklappt (DF: 1): (8247, 3)
geklart (DF: 1): (5382, 1)
geklaut (DF: 1): (5214, 1)
geklebt (DF: 1): (9199, 1)
geknackt (DF: 2): (3962, 1), (6238, 1)
gekomm (DF: 4): (1484, 1), (1715, 1), (6026, 1), (7283, 1)
gekriegt (DF: 1): (4816, 1)
gekroch (DF: 1): (1244, 1)
gel (DF: 7): (1736, 1), (2737, 1), (4890, 1), (5821, 1), (6824, 1), (6889, 1), (9664, 1)
gelach (DF: 1): (4297, 1)
gelacht (DF: 3): (437, 1), (6026, 1), (7720, 1)
gelad (DF: 1): (1177, 1)
gelada (DF: 1): (1278, 1)
gelass (DF: 1): (1238, 3)
gelat (DF: 1): (5663, 1)
gelati (DF: 1): (2256, 2)
gelatin (DF: 4): (2943, 3), (5172, 3), (5574, 2), (6527, 1)
gelato (DF: 5): (2064, 1), (3383, 6), (4267, 1), (5909, 1), (8666, 1)
gelatto (DF: 1): (9648, 1)
gelb (DF: 5): (151, 1), (3437, 1), (5051, 1), (5493, 1), (5775, 1)
geld (DF: 47): (246, 3), (484, 1), (778, 3), (1218, 1), (1715, 1), (2100, 8), (2328, 6), (2376, 1), (2463, 1), (2574, 6), (2637, 2), (3048, 1), (3067, 1), (3108, 1), (3381, 1), (3409, 1), (3437, 1), (3480, 1), (3570, 3), (3932, 3), (3984, 1), (4743, 2), (5149, 2), (5206, 1), (5382, 1), (5493, 8), (5559, 1), (5691, 1), (5890, 1), (5955, 4), (6238, 3), (6620, 1), (7278, 1), (7306, 1), (7373, 1), (7411, 1), (7463, 1), (7547, 1), (7720, 4), (7983, 1), (8311, 1), (8340, 1), (8498, 1), (8670, 1), (8932, 2), (9236, 2), (9425, 1)
geldbatz (DF: 2): (778, 1), (7720, 4)
geldkris (DF: 1): (681, 1)
geldmaschin (DF: 1): (493, 1)
geldproblem (DF: 1): (4124, 1)
geldtransf (DF: 1): (5382, 1)
geleast (DF: 1): (8678, 6)
gelebt (DF: 2): (880, 1), (9199, 1)
geleerd (DF: 1): (4665, 1)
geleg (DF: 1): (4816, 1)
gelernt (DF: 4): (2574, 1), (3381, 1), (3849, 1), (9199, 1)
gelid (DF: 1): (6798, 1)
gelieh (DF: 1): (8098, 1)
gelitt (DF: 1): (2194, 1)
gelo (DF: 4): (1183, 2), (4357, 1), (5860, 1), (7057, 1)
gelog (DF: 1): (6139, 1)
gelogen (DF: 1): (3864, 1)
geloof (DF: 2): (1432, 1), (6008, 1)
gelos (DF: 1): (3717, 1)
