bustl (DF: 1): (389, 1)
but (DF: 18): (996, 1), (1008, 2), (1061, 4), (1461, 1), (1779, 1), (2328, 1), (2648, 1), (2757, 2), (3419, 1), (3492, 1), (4285, 1), (4440, 2), (4459, 1), (5740, 1), (5796, 6), (6027, 1), (6650, 4), (9740, 15)
buta (DF: 1): (9162, 1)
butac (DF: 1): (6243, 1)
butach (DF: 1): (8452, 6)
butan (DF: 1): (9026, 1)
butch (DF: 1): (4669, 1)
butcher (DF: 6): (546, 1), (1029, 1), (3323, 1), (3479, 1), (7595, 2), (7690, 1)
butelki (DF: 1): (6007, 1)
buteur (DF: 1): (5801, 1)
buti (DF: 3): (2951, 1), (4358, 1), (8452, 1)
butler (DF: 4): (3782, 1), (4320, 1), (7051, 1), (7936, 1)
butlin (DF: 1): (7180, 1)
butn (DF: 1): (8787, 1)
buton (DF: 1): (8188, 1)
butt (DF: 63): (2, 2), (40, 1), (153, 2), (187, 1), (237, 2), (449, 1), (536, 1), (547, 2), (622, 2), (647, 2), (759, 1), (1436, 1), (1705, 2), (1783, 2), (2256, 1), (2389, 1), (2397, 5), (2399, 2), (2471, 2), (2607, 1), (2878, 4), (3312, 1), (3597, 1), (3919, 1), (3988, 1), (4561, 1), (4585, 1), (4693, 1), (4767, 1), (4830, 1), (4866, 1), (4878, 2), (5075, 2), (5107, 5), (5312, 1), (5419, 2), (5529, 1), (6151, 1), (6560, 1), (6600, 1), (6734, 1), (6761, 1), (6820, 81), (6899, 1), (6945, 2), (7465, 1), (7540, 1), (7583, 3), (7685, 1), (7754, 2), (8570, 1), (8583, 1), (8655, 1), (8745, 1), (8780, 2), (9007, 1), (9008, 1), (9033, 1), (9368, 2), (9432, 1), (9713, 1), (9730, 1), (9823, 2)
butta (DF: 2): (5785, 1), (7860, 1)
butter (DF: 39): (893, 1), (1187, 1), (1552, 1), (1739, 1), (1949, 1), (2132, 1), (2573, 1), (2746, 1), (2781, 1), (3188, 2), (3232, 1), (3507, 1), (4446, 1), (4525, 4), (4527, 1), (4693, 1), (5249, 1), (6046, 1), (6157, 1), (6696, 1), (6824, 1), (6980, 1), (6999, 2), (7096, 1), (7256, 2), (7360, 1), (7499, 5), (7654, 1), (7731, 3), (7743, 3), (7806, 1), (7969, 1), (8244, 2), (8293, 2), (8373, 6), (8755, 1), (8943, 1), (9026, 1), (9315, 2)
buttercream (DF: 1): (8005, 2)
buttercup (DF: 4): (3601, 2), (4051, 1), (4720, 1), (8708, 1)
butterfli (DF: 44): (122, 1), (197, 1), (261, 1), (736, 1), (1053, 1), (1410, 1), (1538, 1), (2036, 4), (2144, 1), (2163, 1), (2317, 1), (2328, 1), (2454, 2), (2786, 1), (3528, 2), (3884, 1), (4098, 1), (4226, 1), (4420, 1), (4680, 2), (4710, 5), (4841, 1), (5021, 4), (5536, 2), (5918, 1), (5984, 4), (6221, 1), (6286, 1), (6529, 1), (6573, 1), (7032, 2), (7363, 2), (7408, 44), (8165, 1), (8330, 1), (8485, 1), (8536, 1), (8742, 18), (8900, 1), (9058, 1), (9122, 1), (9382, 3), (9398, 1), (9745, 1)
butterscotch (DF: 1): (52, 1)
butthead (DF: 1): (9944, 1)
button (DF: 39): (80, 1), (693, 1), (772, 2), (1343, 1), (1374, 2), (1510, 3), (1560, 1), (1812, 1), (1855, 1), (2091, 2), (2394, 1), (2561, 1), (2691, 1), (2939, 1), (3556, 1), (3675, 1), (3676, 2), (4355, 1), (4566, 3), (5036, 1), (5223, 1), (5267, 1), (5759, 1), (6329, 2), (6342, 1), (6380, 1), (6391, 4), (6721, 1), (6824, 1), (7355, 1), (7537, 1), (8304, 2), (8369, 1), (8666, 4), (8745, 1), (8929, 1), (9130, 1), (9147, 3), (9730, 1)
buu (DF: 2): (3188, 4), (5535, 1)
buur (DF: 1): (6184, 1)
buuren (DF: 17): (107, 1), (1890, 1), (3122, 1), (3978, 1), (4227, 2), (5248, 1), (5542, 1), (6099, 1), (6201, 1), (6580, 1), (6592, 1), (6900, 1), (7398, 1), (7709, 1), (8672, 1), (8992, 1), (9911, 1)
buurt (DF: 2): (43, 6), (9425, 1)
buuutt (DF: 1): (6820, 1)
buwan (DF: 1): (8335, 1)
buxxi (DF: 1): (4285, 1)
buy (DF: 247): (92, 1), (264, 4), (380, 1), (389, 3), (414, 1), (418, 1), (440, 1), (446, 1), (494, 4), (537, 1), (587, 7), (617, 1), (647, 2), (660, 2), (672, 1), (808, 4), (930, 1), (1011, 1), (1028, 1), (1032, 1), (1052, 1), (1059, 1), (1076, 1), (1092, 1), (1191, 1), (1194, 2), (1214, 3), (1245, 1), (1282, 1), (1353, 2), (1371, 1), (1392, 2), (1431, 2), (1520, 1), (1539, 1), (1591, 1), (1643, 1), (1712, 1), (1742, 1), (1777, 2), (1876, 12), (1896, 2), (1899, 1), (1904, 1), (1934, 2), (2000, 1), (2010, 1), (2014, 3), (2058, 1), (2075, 1), (2161, 2), (2192, 3), (2304, 1), (2322, 4), (2357, 3), (2413, 9), (2522, 2), (2634, 3), (2691, 1), (2740, 1), (2749, 8), (2762, 1), (2821, 1), (2847, 2), (2899, 4), (2978, 1), (2991, 1), (3105, 1), (3195, 1), (3232, 1), (3248, 1), (3278, 4), (3288, 1), (3310, 1), (3374, 1), (3390, 1), (3419, 1), (3442, 3), (3500, 1), (3621, 1), (3774, 1), (3804, 3), (3837, 3), (3860, 1), (4037, 6), (4046, 1), (4107, 3), (4128, 1), (4206, 3), (4222, 1), (4226, 1), (4229, 2), (4259, 1), (4261, 1), (4329, 1), (4355, 1), (4503, 1), (4517, 1), (4600, 1), (4608, 1), (4609, 1), (4663, 2), (4738, 1), (4751, 1), (4789, 3), (4809, 1), (4811, 2), (4872, 1), (4953, 1), (4995, 3), (5009, 3), (5036, 1), (5076, 2), (5168, 6), (5199, 1), (5245, 1), (5251, 1), (5258, 2), (5281, 1), (5316, 1), (5367, 8), (5370, 4), (5425, 1), (5447, 1), (5456, 1), (5570, 2), (5578, 2), (5604, 1), (5605, 2), (5667, 2), (5679, 1), (5684, 1), (5782, 4), (5783, 1), (5941, 1), (5954, 1), (5967, 1), (6012, 1), (6036, 1), (6039, 2), (6044, 2), (6096, 1), (6104, 1), (6157, 1), (6244, 1), (6258, 1), (6275, 1), (6322, 2), (6392, 1), (6508, 1), (6571, 1), (6573, 1), (6704, 2), (6722, 1), (6728, 1), (6742, 2), (6755, 1), (6767, 1), (6829, 1), (6914, 1), (6933, 2), (7001, 1), (7004, 6), (7018, 1), (7051, 1), (7123, 1), (7133, 1), (7134, 1), (7189, 1), (7216, 1), (7222, 2), (7247, 1), (7335, 2), (7348, 1), (7390, 1), (7434, 1), (7465, 1), (7515, 2), (7635, 1), (7650, 1), (7683, 1), (7685, 1), (7687, 12), (7691, 1), (7698, 1), (7758, 2), (7768, 1), (7770, 1), (7898, 1), (7912, 2), (7937, 2), (7945, 1), (7969, 1), (7991, 2), (7992, 1), (8016, 2), (8055, 2), (8057, 4), (8106, 1), (8124, 1), (8132, 1), (8135, 1), (8183, 1), (8347, 2), (8354, 1), (8369, 1), (8390, 1), (8445, 3), (8451, 1), (8653, 1), (8757, 1), (8784, 2), (8830, 1), (8879, 1), (8885, 2), (8929, 1), (8951, 1), (8976, 1), (9054, 1), (9082, 2), (9143, 3), (9188, 2), (9231, 1), (9240, 1), (9262, 1), (9275, 1), (9287, 3), (9288, 42), (9312, 4), (9335, 6), (9379, 1), (9395, 1), (9409, 2), (9419, 1), (9502, 1), (9593, 16), (9628, 2), (9704, 1), (9728, 2), (9730, 4), (9758, 1), (9787, 2), (9874, 4), (9879, 1), (9944, 2), (9948, 2), (9993, 1)
buyer (DF: 2): (1409, 3), (7080, 2)
buyin (DF: 22): (928, 1), (1136, 1), (1152, 1), (2563, 1), (2820, 1), (3310, 1), (3529, 1), (4042, 1), (4303, 1), (4661, 1), (4831, 1), (4941, 1), (5583, 1), (7635, 1), (7650, 1), (7654, 1), (8387, 1), (9290, 1), (9295, 1), (9321, 7), (9379, 1), (9468, 2)
buying (DF: 1): (9740, 1)
buz (DF: 4): (910, 1), (3104, 8), (6126, 1), (9049, 2)
buzi (DF: 2): (7071, 1), (8452, 1)
buziaki (DF: 1): (4358, 1)
buzina (DF: 1): (9087, 1)
buzon (DF: 1): (9185, 1)
buzz (DF: 49): (356, 2), (486, 1), (562, 1), (588, 1), (927, 1), (984, 1), (1091, 1), (1124, 1), (1279, 1), (1488, 1), (1526, 3), (2000, 1), (2333, 1), (2417, 2), (2425, 1), (2755, 1), (2879, 2), (2927, 1), (3063, 8), (3278, 2), (3484, 1), (3581, 1), (3693, 1), (3990, 1), (4603, 1), (4668, 4), (4710, 1), (4712, 2), (4971, 2), (5412, 9), (6123, 1), (6296, 1), (6445, 1), (6616, 1), (6646, 1), (7070, 1), (7213, 3), (7597, 1), (7836, 1), (8141, 1), (8303, 1), (8380, 1), (8389, 6), (8519, 1), (8856, 1), (9403, 1), (9597, 4), (9825, 2), (9863, 2)
buzzer (DF: 2): (3541, 1), (6766, 1)
buzzin (DF: 15): (47, 1), (1036, 1), (1135, 1), (1157, 1), (1505, 2), (2254, 1), (2294, 1), (2737, 1), (4620, 1), (4668, 1), (7574, 1), (7800, 1), (7862, 1), (9115, 1), (9597, 1)
buzzkil (DF: 2): (21, 1), (9771, 3)
buzzsaw (DF: 1): (21, 1)
bv (DF: 1): (1655, 3)
bvlgari (DF: 1): (3248, 1)
bvndit (DF: 1): (4000, 1)
bvrns (DF: 1): (7640, 1)
bw (DF: 1): (4877, 1)
bwa (DF: 2): (7411, 19), (7941, 4)
bwabwa (DF: 1): (3690, 1)
bwoi (DF: 2): (4411, 3), (4828, 3)
bwoy (DF: 7): (746, 1), (2332, 1), (3429, 19), (4877, 1), (6452, 1), (7829, 7), (9343, 1)
bwè (DF: 1): (8210, 4)
bx (DF: 1): (2644, 1)
by (DF: 14): (2648, 3), (2757, 2), (2967, 1), (3419, 1), (3697, 1), (3723, 1), (3996, 1), (4989, 1), (5525, 8), (5691, 1), (5875, 1), (6620, 1), (7287, 1), (9309, 2)
bye (DF: 93): (58, 16), (298, 4), (656, 1), (798, 2), (866, 6), (925, 2), (1120, 1), (1223, 1), (1292, 1), (1485, 1), (1679, 1), (1707, 1), (1711, 4), (1712, 2), (1839, 39), (1965, 1), (1977, 2), (2075, 1), (2078, 2), (2153, 1), (2206, 1), (2260, 2), (2690, 1), (2697, 1), (2778, 1), (2901, 1), (2999, 1), (3064, 1), (3164, 14), (3220, 1), (3269, 1), (3292, 2), (3483, 2), (3534, 68), (3685, 1), (3768, 4), (3803, 2), (4000, 20), (4049, 3), (4076, 12), (4287, 4), (4373, 2), (4466, 1), (4469, 4), (4656, 1), (4675, 1), (4811, 1), (4984, 1), (4990, 2), (5236, 8), (5242, 27), (5301, 1), (5346, 1), (5423, 1), (5554, 2), (5720, 7), (5758, 3), (5880, 2), (5942, 4), (5957, 1), (5997, 8), (6339, 1), (6374, 10), (6451, 4), (6621, 2), (6802, 3), (6997, 1), (7109, 1), (7387, 1), (7572, 1), (7603, 1), (7734, 2), (7829, 2), (8087, 2), (8302, 2), (8349, 16), (8512, 2), (8599, 12), (8601, 4), (8652, 26), (8682, 1), (8827, 66), (8889, 12), (8948, 1), (9110, 4), (9444, 4), (9500, 2), (9631, 1), (9640, 4), (9692, 1), (9713, 1), (9750, 2), (9820, 4)
byee (DF: 1): (4210, 1)
byen (DF: 1): (2952, 1)
byeol (DF: 1): (32, 1)
byeoli (DF: 1): (3690, 1)
bygon (DF: 3): (975, 2), (2119, 4), (7133, 4)
byku (DF: 3): (1655, 1), (4405, 1), (4859, 1)
byl (DF: 1): (34, 1)
bylaw (DF: 2): (4029, 1), (5069, 1)
byle (DF: 1): (4859, 4)
bylin (DF: 1): (5600, 1)
bym (DF: 3): (250, 1), (4914, 4), (6678, 7)
bynon (DF: 1): (4970, 1)
bys (DF: 2): (4739, 1), (9212, 1)
bystand (DF: 3): (3924, 1), (4407, 1), (4669, 1)
byter (DF: 1): (7603, 1)
bythët (DF: 1): (8829, 1)
bywa (DF: 1): (6678, 1)
byxor (DF: 1): (2152, 1)
báilalo (DF: 2): (4214, 6), (9474, 2)
báilam (DF: 2): (8765, 3), (9450, 3)
bâcl (DF: 1): (4197, 1)
bästa (DF: 1): (2152, 1)
bè (DF: 1): (905, 1)
bèbb (DF: 1): (2567, 1)
bébej (DF: 1): (6886, 1)
bébé (DF: 2): (3660, 1), (7454, 3)
bédo (DF: 1): (5801, 2)
bêt (DF: 3): (3909, 1), (6425, 3), (9757, 1)
bòidheach (DF: 1): (5756, 6)
bóg (DF: 2): (1918, 2), (2951, 1)
bógm (DF: 1): (8452, 1)
ból (DF: 2): (1655, 1), (8717, 1)
bô (DF: 1): (8113, 1)
böhmer (DF: 1): (2789, 2)
bølger (DF: 1): (4991, 1)
bülow (DF: 1): (2290, 1)
c (DF: 384): (15, 3), (57, 4), (72, 1), (74, 2), (80, 1), (102, 1), (113, 1), (118, 1), (141, 4), (151, 1), (153, 2), (172, 2), (178, 1), (182, 4), (194, 1), (197, 1), (221, 1), (242, 5), (248, 3), (282, 2), (298, 1), (324, 1), (345, 2), (388, 1), (394, 1), (435, 5), (441, 1), (457, 8), (461, 2), (490, 1), (493, 1), (535, 6), (570, 1), (574, 1), (581, 1), (595, 3), (646, 1), (673, 3), (699, 1), (723, 2), (724, 1), (734, 1), (775, 2), (840, 1), (877, 1), (897, 2), (908, 1), (922, 8), (935, 6), (952, 1), (1003, 1), (1058, 1), (1094, 1), (1111, 1), (1128, 12), (1142, 5), (1188, 1), (1197, 2), (1206, 2), (1214, 6), (1216, 1), (1244, 1), (1246, 5), (1276, 1), (1375, 8), (1410, 1), (1469, 1), (1501, 2), (1520, 1), (1526, 1), (1528, 20), (1585, 4), (1594, 2), (1599, 1), (1604, 1), (1623, 1), (1635, 19), (1672, 1), (1744, 2), (1748, 2), (1778, 2), (1820, 1), (1833, 1), (1838, 4), (1849, 1), (1904, 1), (1949, 1), (1956, 1), (1977, 1), (1985, 1), (2002, 1), (2027, 2), (2035, 2), (2044, 3), (2054, 1), (2093, 2), (2104, 1), (2110, 3), (2112, 3), (2143, 1), (2178, 2), (2198, 1), (2225, 1), (2231, 1), (2254, 1), (2255, 1), (2286, 2), (2305, 1), (2333, 1), (2342, 2), (2362, 1), (2392, 1), (2448, 1), (2472, 1), (2484, 3), (2544, 2), (2552, 2), (2553, 1), (2566, 2), (2584, 3), (2607, 2), (2656, 2), (2669, 1), (2720, 3), (2816, 5), (2820, 2), (2837, 5), (2850, 2), (2855, 1), (2868, 2), (2884, 1), (3045, 3), (3047, 4), (3117, 1), (3124, 1), (3179, 1), (3184, 1), (3217, 20), (3232, 2), (3290, 1), (3292, 1), (3367, 1), (3387, 6), (3453, 3), (3486, 5), (3538, 1), (3561, 1), (3594, 1), (3598, 2), (3604, 1), (3624, 1), (3655, 1), (3660, 2), (3691, 1), (3726, 1), (3744, 2), (3781, 1), (3821, 1), (3826, 2), (3845, 1), (3880, 1), (3911, 1), (4011, 4), (4015, 1), (4045, 1), (4090, 1), (4091, 1), (4178, 3), (4215, 1), (4218, 5), (4251, 2), (4256, 1), (4285, 1), (4288, 1), (4298, 1), (4311, 1), (4356, 4), (4358, 1), (4372, 1), (4381, 1), (4405, 2), (4497, 9), (4503, 2), (4532, 1), (4533, 1), (4576, 3), (4582, 1), (4583, 2), (4642, 6), (4652, 1), (4664, 1), (4668, 1), (4690, 1), (4705, 11), (4717, 1), (4723, 4), (4731, 1), (4743, 1), (4784, 15), (4808, 1), (4827, 1), (4834, 1), (4855, 4), (4859, 1), (4874, 1), (4889, 3), (4907, 1), (4931, 4), (4942, 1), (4961, 1), (5013, 1), (5033, 2), (5037, 2), (5053, 1), (5087, 1), (5088, 1), (5124, 1), (5170, 4), (5177, 2), (5218, 1), (5267, 1), (5306, 1), (5316, 1), (5340, 1), (5367, 7), (5441, 1), (5489, 5), (5491, 16), (5496, 3), (5506, 1), (5529, 1), (5539, 4), (5547, 2), (5571, 4), (5601, 1), (5627, 2), (5633, 3), (5658, 1), (5680, 4), (5692, 1), (5722, 1), (5742, 3), (5743, 4), (5754, 2), (5783, 2), (5792, 1), (5794, 1), (5879, 2), (5950, 1), (5981, 1), (5997, 1), (6007, 2), (6029, 1), (6064, 2), (6151, 1), (6236, 3), (6251, 1), (6308, 1), (6326, 1), (6342, 2), (6355, 1), (6432, 2), (6446, 4), (6457, 1), (6582, 1), (6587, 3), (6621, 1), (6687, 1), (6783, 5), (6788, 1), (6824, 2), (6899, 2), (6912, 3), (6960, 17), (6968, 1), (6992, 1), (7079, 1), (7121, 1), (7123, 1), (7198, 1), (7237, 1), (7244, 1), (7247, 1), (7250, 1), (7278, 1), (7302, 1), (7304, 2), (7333, 2), (7435, 4), (7492, 2), (7534, 5), (7540, 1), (7579, 1), (7625, 1), (7639, 2), (7646, 2), (7654, 1), (7677, 1), (7684, 41), (7745, 1), (7789, 1), (7828, 9), (7863, 5), (7898, 2), (7904, 2), (7916, 3), (7941, 6), (7943, 1), (7960, 2), (7977, 2), (8009, 3), (8034, 2), (8055, 2), (8097, 1), (8107, 2), (8128, 1), (8156, 5), (8159, 1), (8209, 1), (8240, 2), (8243, 3), (8245, 1), (8296, 1), (8301, 2), (8319, 1), (8349, 2), (8364, 1), (8369, 2), (8407, 21), (8452, 1), (8457, 1), (8473, 2), (8536, 1), (8561, 4), (8580, 1), (8592, 1), (8595, 5), (8602, 1), (8629, 2), (8664, 1), (8692, 1), (8745, 2), (8780, 19), (8808, 1), (8845, 1), (8891, 2), (8908, 1), (8929, 1), (8959, 2), (8976, 1), (9007, 1), (9012, 3), (9035, 14), (9073, 1), (9193, 1), (9256, 1), (9264, 1), (9269, 2), (9274, 1), (9283, 2), (9295, 1), (9302, 3), (9334, 1), (9348, 2), (9419, 1), (9432, 1), (9516, 1), (9541, 6), (9569, 1), (9574, 1), (9597, 1), (9625, 3), (9633, 1), (9647, 1), (9648, 1), (9661, 18), (9695, 2), (9715, 4), (9755, 2), (9767, 4), (9781, 2), (9812, 1), (9864, 1), (9866, 2)
