proportion (DF: 1): (3152, 1)
propos (DF: 6): (1343, 1), (3024, 1), (3479, 1), (3529, 1), (4042, 1), (9590, 6)
proposit (DF: 3): (2510, 1), (7083, 1), (9169, 3)
proposta (DF: 1): (1278, 1)
proppa (DF: 2): (6197, 1), (6206, 1)
proppet (DF: 1): (4295, 1)
propr (DF: 6): (63, 2), (1485, 1), (1850, 1), (2549, 1), (3316, 1), (5020, 25)
props (DF: 1): (6600, 1)
propuest (DF: 3): (14, 1), (1005, 3), (4729, 1)
propulsor (DF: 1): (9285, 1)
pros (DF: 10): (1881, 2), (3215, 1), (4165, 1), (4731, 1), (5606, 1), (5860, 2), (6582, 1), (8113, 3), (8736, 1), (9628, 1)
prosa (DF: 1): (1659, 3)
prose (DF: 3): (129, 1), (2640, 2), (4427, 2)
prosecutor (DF: 1): (9324, 1)
prosel (DF: 1): (5785, 1)
prosig (DF: 2): (328, 1), (5762, 3)
prosper (DF: 6): (1203, 1), (3144, 1), (6025, 1), (6230, 1), (6436, 3), (9633, 1)
prosperar (DF: 1): (4167, 1)
prosperidad (DF: 1): (4167, 1)
prostitu (DF: 1): (5224, 2)
prostituiert (DF: 1): (9999, 1)
prostitut (DF: 12): (346, 1), (1463, 1), (1618, 1), (2771, 1), (2847, 1), (4319, 1), (4669, 1), (5107, 1), (5800, 1), (6442, 1), (6742, 1), (9261, 1)
prostitution (DF: 1): (2328, 1)
prosto (DF: 1): (8604, 3)
prostrat (DF: 1): (4177, 1)
prostu (DF: 1): (6007, 1)
prosz (DF: 5): (1197, 1), (4582, 1), (7356, 1), (7916, 1), (9695, 1)
prot (DF: 1): (7632, 1)
protagon (DF: 6): (577, 1), (3344, 1), (3903, 1), (5852, 1), (7641, 1), (9536, 1)
protagonista (DF: 2): (1669, 2), (9355, 8)
protect (DF: 70): (74, 2), (248, 1), (1196, 1), (1263, 1), (1330, 1), (1547, 14), (1581, 1), (1704, 2), (1835, 1), (2042, 1), (2126, 1), (2161, 6), (2192, 1), (2254, 3), (2361, 1), (2584, 1), (2592, 1), (2658, 1), (2773, 1), (2811, 2), (2900, 1), (3238, 1), (3347, 1), (3568, 1), (3701, 3), (3759, 2), (3900, 1), (4218, 5), (4254, 1), (4330, 1), (4353, 1), (4830, 1), (4897, 1), (4904, 1), (5030, 1), (5175, 1), (5279, 1), (5389, 1), (5787, 1), (5831, 4), (6029, 1), (6467, 1), (6510, 1), (6568, 1), (6613, 1), (6735, 1), (6790, 1), (6858, 1), (7004, 1), (7114, 15), (7120, 1), (7136, 1), (7335, 6), (7544, 1), (7615, 1), (7691, 1), (7790, 2), (7807, 2), (7857, 1), (8084, 12), (8155, 1), (8324, 1), (8657, 1), (8750, 1), (8787, 1), (8822, 1), (9416, 2), (9548, 2), (9559, 1), (9730, 1)
protectin (DF: 5): (6266, 1), (8286, 1), (8953, 2), (9084, 2), (9681, 1)
protector (DF: 5): (3177, 1), (4236, 1), (4808, 1), (5751, 1), (9993, 1)
proteg (DF: 8): (791, 1), (1582, 1), (2098, 1), (5906, 1), (5991, 4), (7380, 2), (8128, 1), (9246, 1)
protegert (DF: 2): (5655, 1), (8542, 1)
protegg (DF: 1): (9912, 3)
protein (DF: 3): (3985, 1), (6382, 1), (7944, 1)
protej (DF: 2): (460, 1), (8091, 1)
protest (DF: 7): (1345, 2), (1833, 1), (2750, 1), (3184, 1), (5984, 1), (7291, 1), (9848, 1)
protestin (DF: 1): (5934, 1)
protocol (DF: 1): (5483, 1)
protokol (DF: 1): (7077, 8)
proton (DF: 3): (4244, 1), (8002, 2), (8544, 2)
prototip (DF: 3): (3111, 1), (4210, 1), (8236, 1)
prototyp (DF: 7): (597, 1), (1218, 1), (1813, 1), (3718, 4), (6613, 1), (6999, 1), (8005, 2)
protéger (DF: 1): (3660, 1)
proud (DF: 121): (5, 2), (148, 1), (456, 1), (553, 1), (571, 1), (646, 1), (829, 1), (859, 41), (935, 4), (1145, 2), (1186, 2), (1475, 1), (1554, 1), (1581, 1), (1612, 2), (1710, 1), (1802, 1), (1911, 1), (1913, 1), (2007, 2), (2019, 2), (2039, 1), (2273, 6), (2282, 10), (2318, 2), (2405, 1), (2500, 1), (2582, 2), (2584, 2), (2607, 1), (2634, 1), (2747, 1), (2827, 4), (2853, 2), (2894, 1), (2910, 2), (3089, 1), (3128, 1), (3129, 1), (3137, 1), (3241, 1), (3246, 2), (3262, 2), (3268, 1), (3393, 1), (3505, 2), (3789, 1), (3806, 2), (3934, 1), (4243, 2), (4292, 3), (4317, 1), (4355, 1), (4409, 19), (4472, 1), (4569, 1), (4581, 2), (4598, 1), (4664, 1), (4813, 5), (4829, 1), (4892, 3), (4905, 1), (4963, 4), (4968, 1), (5072, 1), (5169, 2), (5179, 4), (5210, 1), (5412, 3), (5553, 1), (5560, 1), (5630, 1), (5774, 1), (5784, 1), (5912, 1), (5989, 6), (6000, 1), (6010, 1), (6014, 1), (6228, 6), (6276, 6), (6443, 2), (6602, 1), (6644, 1), (6846, 1), (6857, 2), (6873, 2), (6875, 1), (7013, 2), (7118, 2), (7140, 1), (7142, 1), (7148, 1), (7233, 1), (7365, 2), (7376, 1), (7477, 3), (7498, 2), (7532, 1), (7764, 1), (7816, 1), (7924, 6), (7968, 1), (8265, 1), (8345, 1), (8507, 2), (8550, 1), (8615, 1), (8786, 6), (8964, 4), (9155, 2), (9301, 1), (9316, 1), (9368, 2), (9436, 2), (9535, 2), (9657, 1), (9765, 1), (9808, 1), (9946, 1)
proudest (DF: 1): (976, 2)
prov (DF: 15): (9, 7), (187, 1), (438, 2), (1000, 1), (1010, 1), (1987, 4), (3972, 2), (6395, 1), (6691, 1), (7694, 1), (8161, 1), (8264, 1), (8777, 2), (9596, 2), (9671, 1)
provando (DF: 1): (2711, 6)
provar (DF: 1): (7175, 1)
prove (DF: 115): (40, 1), (55, 2), (188, 1), (446, 1), (499, 24), (618, 1), (680, 2), (717, 3), (883, 3), (993, 1), (1038, 1), (1191, 1), (1319, 1), (1372, 1), (1374, 2), (1482, 1), (1581, 1), (1663, 2), (1688, 3), (1756, 2), (1870, 1), (1970, 2), (2005, 2), (2046, 1), (2058, 1), (2160, 1), (2246, 2), (2250, 1), (2277, 1), (2330, 1), (2366, 1), (2412, 1), (2490, 4), (2541, 2), (2639, 1), (2641, 2), (2794, 1), (2835, 1), (2865, 1), (3169, 4), (3278, 2), (3539, 1), (3562, 1), (3658, 1), (3688, 2), (3770, 3), (3828, 1), (3912, 1), (4229, 2), (4234, 2), (4303, 1), (4520, 1), (4553, 1), (4727, 1), (4837, 1), (4875, 1), (4907, 1), (5032, 1), (5209, 1), (5300, 1), (5423, 1), (5454, 1), (5517, 2), (5553, 3), (5635, 1), (5658, 1), (5929, 2), (5953, 1), (6036, 1), (6044, 2), (6045, 2), (6180, 2), (6525, 4), (6644, 10), (6662, 3), (7182, 1), (7186, 1), (7214, 1), (7222, 3), (7252, 1), (7345, 3), (7390, 1), (7530, 1), (7584, 1), (7707, 1), (7713, 1), (7732, 1), (7793, 4), (7862, 2), (8252, 1), (8286, 1), (8473, 1), (8487, 1), (8539, 3), (8547, 1), (8676, 1), (8695, 3), (8714, 1), (8845, 1), (8850, 1), (9015, 1), (9062, 1), (9117, 3), (9192, 1), (9265, 1), (9349, 2), (9361, 1), (9372, 1), (9393, 1), (9394, 1), (9535, 2), (9569, 1), (9729, 1), (9771, 1), (9835, 1)
provech (DF: 3): (227, 4), (7031, 1), (9641, 8)
provei (DF: 1): (1659, 1)
proven (DF: 3): (6524, 1), (6726, 1), (6992, 1)
proveng (DF: 1): (8128, 1)
provid (DF: 27): (384, 4), (510, 1), (2305, 1), (2344, 1), (2465, 1), (2505, 4), (3177, 1), (4473, 4), (4877, 1), (4945, 1), (5061, 1), (5073, 2), (5133, 2), (5389, 1), (6064, 2), (6403, 1), (6992, 1), (7007, 1), (7387, 1), (7862, 1), (8159, 2), (8231, 1), (8500, 1), (8619, 1), (8775, 1), (8885, 2), (9479, 3)
providência (DF: 1): (7270, 1)
provin (DF: 3): (1313, 1), (5225, 1), (8235, 1)
provinci (DF: 2): (1411, 1), (9963, 4)
provincian (DF: 1): (9652, 1)
provis (DF: 3): (2333, 1), (4262, 1), (6163, 2)
provision (DF: 1): (7820, 1)
provisori (DF: 1): (4361, 1)
provoc (DF: 26): (44, 4), (127, 1), (227, 1), (284, 2), (364, 4), (885, 1), (1079, 1), (1766, 1), (2429, 1), (2488, 1), (3062, 1), (3897, 1), (4238, 1), (4484, 2), (5341, 4), (7104, 2), (7255, 1), (7426, 1), (7646, 3), (8506, 3), (8699, 8), (8805, 3), (9206, 1), (9641, 2), (9887, 3), (9916, 6)
provoca (DF: 2): (552, 2), (7342, 3)
provocandot (DF: 3): (1193, 4), (2021, 1), (4709, 4)
provocar (DF: 1): (8946, 5)
provocateur (DF: 1): (3512, 1)
provocou (DF: 1): (9396, 2)
provok (DF: 4): (1820, 1), (2143, 1), (4102, 1), (4407, 1)
provokin (DF: 1): (9826, 1)
provolon (DF: 1): (5461, 1)
provoqu (DF: 4): (1022, 1), (7886, 2), (8091, 2), (8882, 3)
prowadz (DF: 1): (4405, 1)
prowadzi (DF: 2): (2951, 1), (7344, 3)
prowl (DF: 11): (2186, 1), (2658, 2), (2760, 1), (2798, 1), (3042, 1), (3282, 2), (3852, 8), (5081, 2), (5753, 1), (6214, 1), (9965, 1)
proxi (DF: 1): (954, 2)
proxim (DF: 6): (2967, 6), (5224, 1), (5655, 1), (5735, 1), (6251, 1), (8945, 4)
proyect (DF: 6): (5017, 2), (5621, 2), (7508, 1), (7587, 1), (8518, 1), (8733, 1)
