lane (DF: 5): (9730, 1), (9800, 3), (9946, 1), (6259, 9), (6260, 1)
lanez (DF: 30): (536, 1), (1334, 2), (1391, 1), (1498, 1), (1736, 1), (1799, 1), (1896, 1), (1972, 1), (2084, 1), (2192, 1), (2256, 1), (2595, 1), (4003, 1), (4046, 1), (4107, 1), (5024, 1), (6091, 1), (6363, 1), (6382, 1), (6885, 1), (6926, 1), (7214, 1), (7616, 1), (7768, 1), (7912, 1), (8040, 1), (8232, 1), (8870, 1), (8953, 1), (9689, 1)
lang (DF: 40): (0, 3), (175, 10), (246, 2), (397, 1), (540, 1), (812, 1), (1244, 2), (1391, 9), (1489, 12), (1715, 1), (2194, 1), (2327, 1), (2535, 2), (3887, 8), (4256, 1), (4421, 1), (4743, 1), (4815, 3), (4849, 1), (4910, 1), (5049, 1), (5775, 1), (5932, 6), (6303, 6), (6753, 1), (7077, 1), (7283, 1), (7306, 1), (7397, 1), (8335, 2), (8340, 1), (8490, 2), (8498, 1), (8670, 1), (8678, 6), (8768, 3), (8932, 5), (9425, 1), (9863, 1), (9901, 5)
langan (DF: 1): (8534, 1)
langd (DF: 1): (2268, 1)
langh (DF: 1): (8510, 1)
langit (DF: 7): (0, 1), (871, 2), (1489, 6), (3887, 4), (8001, 2), (8335, 2), (8490, 1)
langsam (DF: 9): (1771, 1), (3123, 1), (5459, 6), (5559, 1), (5890, 4), (7479, 1), (8829, 2), (8932, 1), (9457, 1)
langskomt (DF: 1): (7519, 1)
langt (DF: 3): (3591, 1), (6292, 1), (8247, 1)
langu (DF: 1): (4198, 5)
languag (DF: 40): (330, 1), (672, 1), (794, 9), (838, 1), (1512, 1), (1647, 1), (2081, 1), (2415, 1), (2778, 1), (3057, 1), (3884, 1), (4008, 1), (4037, 1), (4115, 1), (4159, 14), (4222, 3), (4294, 3), (4427, 1), (4581, 4), (4693, 1), (4997, 22), (5168, 1), (5645, 1), (6080, 1), (6265, 1), (7129, 1), (7279, 2), (7387, 1), (7498, 2), (7770, 1), (8065, 3), (8467, 1), (8665, 1), (8894, 2), (8964, 8), (9217, 1), (9441, 1), (9539, 1), (9704, 1), (9734, 20)
languera (DF: 1): (3902, 1)
langweil (DF: 1): (9788, 1)
lani (DF: 9): (2182, 1), (2553, 2), (3820, 1), (5284, 2), (5931, 2), (6720, 1), (7614, 1), (7672, 1), (7822, 1)
lank (DF: 1): (4595, 1)
lanka (DF: 1): (7430, 1)
lanmo (DF: 1): (8210, 2)
lant (DF: 11): (276, 1), (2617, 4), (3351, 1), (3536, 2), (4948, 37), (6243, 1), (7380, 8), (8632, 1), (8691, 2), (9246, 4), (9516, 1)
lanta (DF: 1): (6015, 2)
lantern (DF: 5): (579, 1), (1164, 1), (4680, 1), (4803, 1), (7140, 3)
lanz (DF: 6): (217, 1), (2316, 1), (4009, 1), (6534, 1), (7539, 1), (7843, 1)
lanzai (DF: 3): (3219, 4), (7851, 2), (9039, 6)
lançando (DF: 1): (6983, 1)
lançar (DF: 1): (6983, 1)
lançou (DF: 1): (2651, 2)
lao (DF: 18): (477, 3), (1501, 1), (2351, 6), (2604, 1), (2782, 2), (4504, 1), (4729, 2), (4799, 1), (5475, 2), (5894, 4), (6485, 3), (6706, 29), (6851, 6), (7258, 3), (7395, 1), (8510, 3), (9309, 1), (9697, 3)
laos (DF: 2): (477, 3), (6485, 3)
laoun (DF: 1): (9884, 1)
lap (DF: 63): (21, 2), (92, 1), (95, 1), (155, 3), (197, 1), (248, 1), (374, 1), (577, 1), (579, 1), (583, 1), (922, 1), (1250, 1), (1287, 1), (1516, 4), (1661, 1), (1849, 1), (2000, 1), (2048, 1), (2105, 1), (2466, 1), (2673, 16), (2701, 1), (2840, 3), (2896, 1), (3068, 1), (3383, 2), (3485, 1), (3594, 1), (3652, 1), (3826, 4), (3837, 3), (3840, 1), (4143, 1), (4585, 1), (4884, 4), (5193, 1), (5579, 1), (5902, 1), (6320, 1), (6751, 1), (6766, 4), (6833, 1), (6910, 3), (6999, 2), (7154, 1), (7276, 1), (7926, 2), (8128, 1), (8209, 1), (8536, 1), (8797, 1), (8800, 1), (9007, 1), (9036, 1), (9079, 1), (9089, 1), (9278, 1), (9326, 2), (9536, 1), (9557, 1), (9627, 2), (9672, 1), (9979, 1)
lapd (DF: 2): (1124, 1), (3581, 1)
lapdanc (DF: 1): (7411, 1)
lapidada (DF: 1): (9860, 1)
lapitan (DF: 1): (8768, 1)
lapiz (DF: 1): (8143, 1)
lapo (DF: 1): (430, 2)
lapp (DF: 2): (3123, 1), (7463, 1)
lappi (DF: 1): (2328, 1)
laps (DF: 3): (6862, 1), (7424, 1), (8242, 1)
laptop (DF: 2): (2923, 1), (7800, 1)
lar (DF: 8): (3219, 8), (3498, 1), (3723, 1), (6379, 1), (8112, 1), (8210, 4), (9196, 1), (9412, 2)
lara (DF: 1): (299, 2)
laramercy (DF: 1): (7104, 2)
lare (DF: 1): (6371, 1)
larg (DF: 61): (196, 1), (243, 1), (337, 1), (468, 1), (576, 1), (632, 2), (669, 1), (722, 1), (731, 1), (823, 1), (833, 1), (891, 1), (924, 1), (1019, 1), (1083, 1), (1140, 1), (1210, 1), (1618, 1), (1783, 2), (1788, 1), (1826, 1), (2168, 1), (2294, 1), (2316, 1), (2354, 1), (2461, 2), (2488, 1), (2588, 3), (2604, 1), (2931, 1), (2989, 1), (3074, 1), (3078, 1), (3168, 1), (3269, 1), (3295, 4), (3344, 1), (3425, 1), (3492, 4), (3665, 3), (3738, 1), (3750, 1), (3770, 1), (3821, 1), (3850, 2), (3914, 1), (3916, 1), (4008, 1), (4739, 1), (4780, 1), (4868, 1), (4937, 1), (4995, 3), (5309, 1), (5381, 2), (5453, 1), (5624, 1), (5627, 2), (5640, 1), (5749, 1), (5866, 1)
