away (DF: 297): (5420, 4), (5422, 1), (5423, 1), (5424, 1), (5432, 1), (5433, 1), (5446, 8), (5447, 1), (5464, 1), (5465, 2), (5498, 1), (5501, 1), (5526, 1), (5528, 2), (5544, 16), (5545, 1), (5619, 2), (5620, 1), (5633, 1), (5634, 14), (5635, 4), (5669, 2), (5671, 2), (5678, 5), (5680, 2), (5751, 4), (5752, 3), (5802, 30), (5803, 6), (5815, 1), (5816, 1), (5833, 2), (5835, 2), (5930, 3), (5931, 1), (5988, 2), (5989, 1), (5996, 1), (5997, 8), (6036, 2), (6038, 1), (6044, 3), (6045, 4), (6056, 1), (6058, 1), (6217, 2), (6218, 10), (6236, 7), (6237, 1), (6241, 1), (6242, 3), (6246, 1), (6247, 1), (6267, 4), (6268, 18), (6274, 2), (6275, 4), (6408, 2), (6410, 1), (6471, 2), (6472, 1), (6491, 1), (6493, 5), (6497, 1), (6498, 2), (6504, 2), (6505, 3), (6518, 1), (6519, 1), (6578, 1), (6581, 2), (6590, 12), (6593, 1), (6637, 2), (6638, 1), (6655, 1), (6657, 1), (6665, 20), (6666, 6), (6686, 1), (6688, 1), (6959, 2), (6960, 1), (6995, 1), (6997, 1), (7001, 1), (7002, 2), (7013, 8), (7014, 10), (7032, 6), (7033, 1), (7058, 1), (7059, 4), (7090, 1), (7091, 2), (7113, 1), (7115, 3), (7125, 3), (7126, 5), (7155, 1), (7156, 1), (7241, 2), (7243, 2), (7245, 2), (7266, 3), (7267, 13), (7268, 1), (7324, 9), (7325, 1), (7390, 2), (7391, 1), (7393, 2), (7394, 14), (7483, 1), (7484, 2), (7531, 1), (7532, 1), (7689, 1), (7690, 1), (7790, 41), (7792, 2), (7882, 1), (7883, 1), (7901, 1), (7903, 1), (7992, 1), (7994, 1), (7995, 2), (7997, 4), (8050, 5), (8051, 4), (8056, 5), (8058, 1), (8145, 1), (8147, 2), (8158, 7), (8159, 1), (8190, 4), (8191, 5), (8193, 7), (8195, 1), (8201, 5), (8203, 6), (8222, 1), (8226, 3), (8228, 1), (8282, 2), (8283, 1), (8390, 1), (8391, 7), (8505, 1), (8507, 3), (8511, 1), (8512, 2), (8581, 2), (8582, 6), (8586, 7), (8587, 1), (8715, 1), (8716, 1), (8738, 1), (8740, 1), (8769, 2), (8772, 3), (8796, 4), (8797, 8), (8809, 1), (8810, 2), (8835, 20), (8836, 2), (8854, 2), (8857, 1), (8862, 1), (8863, 2), (8887, 11), (8888, 2), (9021, 2), (9024, 2), (9072, 1), (9073, 1), (9096, 1), (9098, 1), (9167, 1), (9169, 1), (9219, 23), (9221, 1), (9298, 1), (9300, 8), (9438, 4), (9439, 1), (9471, 1), (9472, 1), (9500, 1), (9501, 1), (9503, 2), (9506, 4), (9546, 1), (9548, 2), (9723, 1), (9724, 1), (9764, 4), (9766, 122), (9888, 1), (9889, 1), (9984, 1), (9985, 3), (1062, 10), (1064, 6), (1065, 1), (1371, 1), (1372, 2), (1373, 1), (1980, 1), (1981, 6), (1983, 2), (2406, 1), (2407, 3), (2408, 1), (2693, 1), (2694, 4), (2695, 1), (2945, 1), (2946, 1), (2947, 1), (3552, 1), (3553, 2), (3554, 14), (3958, 33), (3959, 4), (3960, 1), (4096, 3), (4097, 5), (4098, 1), (4117, 2), (4118, 2), (4120, 2), (4755, 2), (4756, 14), (4758, 14), (4881, 5), (4882, 3), (4883, 1), (5332, 12), (5333, 2), (5334, 1), (5843, 2), (5844, 2), (5845, 6), (6633, 2), (6634, 4), (6635, 4), (6701, 2), (6702, 2), (6703, 2), (7139, 1), (7141, 1), (7142, 1), (7522, 7), (7523, 1), (7524, 3), (8109, 3), (8110, 1), (8111, 2), (8306, 2), (8307, 2), (8308, 3), (8658, 1), (8659, 10), (8660, 4), (9002, 7), (9003, 2), (9005, 8), (9155, 3), (9157, 3), (9160, 1), (9617, 1), (9618, 2), (9620, 3), (9966, 6), (9967, 1), (9968, 1), (3129, 1), (3130, 2), (3131, 2), (3132, 1), (3386, 1), (3387, 6), (3388, 1), (3389, 1), (4976, 1), (4977, 2), (4978, 2), (4979, 10), (9351, 1), (9352, 2), (9353, 3), (9354, 1)
awb (DF: 1): (6859, 1)
awe (DF: 20): (278, 2), (497, 1), (1189, 9), (1745, 1), (1869, 1), (2250, 3), (2992, 1), (3188, 2), (3391, 1), (3786, 18), (3900, 2), (4121, 1), (5014, 1), (5454, 3), (5886, 2), (5961, 1), (6763, 1), (9033, 2), (9298, 1), (9310, 2)
awesom (DF: 19): (925, 1), (2048, 1), (2320, 1), (2939, 5), (3077, 1), (3177, 18), (4833, 1), (5036, 3), (6758, 1), (7206, 1), (7328, 1), (7476, 1), (7537, 5), (7884, 1), (8087, 1), (8441, 1), (8755, 1), (9380, 4), (9688, 12)
awestruck (DF: 1): (5300, 1)
awhil (DF: 24): (263, 1), (605, 15), (769, 5), (1679, 1), (2580, 4), (2832, 1), (3099, 6), (4079, 7), (4498, 18), (4528, 2), (4945, 1), (5033, 6), (5737, 3), (5880, 2), (6264, 12), (6720, 3), (7103, 1), (7201, 15), (7881, 15), (8151, 1), (8686, 1), (9747, 2), (9888, 1), (9954, 1)
awit (DF: 3): (3887, 3), (8001, 1), (9528, 2)
awitin (DF: 2): (8001, 2), (9703, 4)
awki (DF: 1): (2951, 8)
awkward (DF: 13): (457, 1), (1552, 1), (2737, 1), (3935, 1), (4785, 2), (5560, 1), (5965, 1), (6507, 1), (7482, 3), (8016, 1), (8900, 1), (9538, 1), (9670, 10)
awkwardest (DF: 1): (546, 1)
