champ (DF: 4): (7649, 1), (7696, 1), (8122, 1), (9820, 1)
champagn (DF: 108): (264, 6), (386, 1), (440, 1), (550, 3), (577, 1), (586, 1), (672, 1), (862, 2), (904, 1), (915, 1), (952, 1), (1026, 1), (1156, 12), (1276, 1), (1283, 8), (1334, 2), (1354, 1), (1362, 1), (1448, 1), (1490, 5), (1969, 1), (2041, 2), (2131, 1), (2277, 1), (2374, 1), (2442, 1), (2609, 1), (2831, 2), (2840, 2), (2865, 2), (2884, 1), (2974, 1), (3037, 1), (3079, 2), (3084, 3), (3085, 2), (3100, 1), (3116, 1), (3152, 1), (3170, 1), (3179, 1), (3184, 1), (3203, 1), (3213, 1), (3521, 1), (3618, 3), (3626, 1), (3726, 1), (3852, 4), (3864, 2), (3985, 1), (4088, 1), (4226, 1), (4316, 1), (4319, 1), (4329, 1), (4349, 2), (4354, 1), (4425, 1), (4509, 10), (4849, 1), (4960, 6), (4964, 3), (5140, 2), (5418, 1), (5439, 1), (5450, 3), (5484, 1), (5605, 2), (5794, 1), (5822, 3), (5869, 6), (5897, 1), (5943, 1), (6095, 1), (6217, 1), (6254, 1), (6573, 1), (6891, 1), (6970, 2), (7186, 1), (7378, 1), (7461, 4), (7469, 1), (7561, 3), (7635, 1), (7650, 1), (7707, 1), (7771, 1), (8132, 1), (8159, 2), (8172, 1), (8254, 1), (8418, 1), (8459, 1), (8721, 1), (9050, 2), (9076, 4), (9088, 3), (9096, 1), (9135, 1), (9356, 1), (9409, 2), (9457, 1), (9458, 4), (9536, 1), (9575, 1), (9890, 1)
champagnen (DF: 1): (4425, 9)
champagnesablen (DF: 1): (4425, 9)
champan (DF: 2): (3401, 1), (7886, 1)
champang (DF: 1): (3697, 1)
champañ (DF: 5): (762, 1), (7016, 1), (7171, 1), (7854, 1), (8785, 1)
champi (DF: 1): (9425, 1)
champignon (DF: 1): (7922, 1)
champion (DF: 23): (126, 1), (336, 20), (958, 1), (1519, 4), (1668, 2), (1692, 1), (2360, 13), (3194, 1), (3646, 25), (4526, 1), (5370, 2), (5429, 1), (6164, 1), (6214, 1), (6613, 1), (6653, 13), (7789, 3), (7829, 1), (8217, 1), (8765, 1), (9450, 1), (9763, 1), (9965, 1)
champions (DF: 3): (6909, 1), (7989, 1), (9070, 1)
championship (DF: 2): (901, 2), (5797, 1)
champu (DF: 1): (5990, 1)
chan (DF: 11): (1652, 1), (2377, 1), (2656, 2), (3403, 2), (3487, 1), (3513, 1), (4162, 2), (4188, 2), (5439, 1), (6928, 4), (7266, 1)
chanc (DF: 228): (27, 1), (56, 2), (74, 2), (106, 1), (114, 1), (124, 1), (171, 1), (206, 1), (235, 1), (249, 4), (265, 1), (308, 1), (319, 4), (345, 16), (375, 2), (508, 1), (526, 3), (561, 2), (591, 1), (633, 7), (644, 2), (680, 6), (684, 1), (721, 2), (738, 1), (749, 1), (767, 2), (790, 1), (872, 1), (883, 9), (909, 1), (958, 3), (971, 8), (975, 1), (1006, 2), (1032, 2), (1050, 2), (1059, 1), (1093, 1), (1094, 1), (1145, 10), (1189, 1), (1206, 2), (1252, 2), (1253, 1), (1267, 1), (1285, 1), (1331, 1), (1346, 1), (1375, 8), (1392, 6), (1401, 1), (1428, 1), (1436, 1), (1469, 1), (1547, 3), (1573, 2), (1590, 1), (1649, 1), (1660, 4), (1678, 3), (1759, 4), (1838, 1), (1936, 1), (1952, 4), (1970, 5), (1977, 1), (1998, 1), (2000, 1), (2039, 1), (2067, 4), (2083, 1), (2097, 1), (2104, 1), (2120, 1), (2163, 4), (2186, 1), (2223, 3), (2246, 1), (2323, 1), (2334, 1), (2408, 1), (2440, 3), (2533, 9), (2540, 2), (2544, 1), (2569, 1), (2591, 2), (2688, 2), (2701, 1), (2731, 1), (2752, 1), (2831, 2), (2853, 3), (2882, 1), (2915, 2), (2925, 3), (2945, 1), (3026, 1), (3035, 4), (3065, 2), (3081, 1), (3084, 3), (3164, 2), (3201, 1), (3216, 1), (3217, 3), (3367, 1), (3374, 1), (3398, 1), (3404, 2), (3437, 2), (3439, 2), (3474, 1), (3545, 2), (3549, 1), (3561, 1), (3610, 1), (3612, 1), (3651, 6), (3655, 2), (3680, 1), (3697, 1), (3709, 4), (3720, 1), (3773, 6), (3786, 2), (3808, 4), (3833, 1), (3858, 3), (3914, 2), (3960, 2), (4000, 3), (4037, 1), (4058, 1), (4082, 3), (4107, 1), (4144, 8), (4190, 1), (4205, 1), (4212, 4), (4260, 3), (4267, 2), (4281, 3), (4293, 1), (4306, 1), (4310, 1), (4319, 1), (4320, 1), (4328, 1), (4363, 5), (4373, 2), (4435, 1), (4455, 2), (4481, 1), (4487, 1), (4573, 1), (4634, 1), (4643, 1), (4654, 1), (4669, 1), (4684, 1), (4694, 1), (4728, 1), (4784, 3), (4789, 1), (4801, 1), (4844, 2), (4880, 3), (4882, 3), (4947, 3), (4960, 7), (4963, 1), (4983, 2), (5007, 5), (5063, 4), (5066, 1), (5083, 1), (5086, 1), (5097, 1), (5098, 1), (5128, 1), (5146, 1), (5156, 1), (5162, 1), (5168, 1), (5193, 2), (5200, 2), (5207, 2), (5241, 4), (5277, 1), (5295, 1), (5297, 1), (5308, 1), (5329, 1), (5344, 4), (5354, 1), (5451, 1), (5453, 1), (5460, 4), (5489, 1), (5508, 1), (5531, 1), (5579, 2), (5608, 1), (5619, 2), (5699, 2), (5705, 3), (5865, 1), (5867, 1), (5891, 2), (5893, 2), (5902, 1), (5912, 1), (5913, 2), (5939, 2), (5950, 2), (5953, 1), (6018, 1), (6049, 1), (6068, 4), (6171, 2), (6213, 1), (6231, 4), (6265, 1), (6269, 1), (6286, 1), (6305, 1)
