voze (DF: 1): (6234, 2)
vozinha (DF: 1): (1659, 3)
vozzzzz (DF: 1): (5696, 2)
vra (DF: 1): (7607, 1)
vraag (DF: 5): (175, 4), (1619, 1), (4607, 1), (6008, 1), (7421, 1)
vraagt (DF: 2): (3453, 1), (8418, 1)
vragen (DF: 1): (3453, 4)
vrai (DF: 9): (349, 1), (540, 3), (4308, 1), (5622, 2), (5801, 2), (7454, 1), (7607, 1), (7922, 1), (9737, 1)
vraun (DF: 1): (5392, 1)
vraw (DF: 1): (1979, 6)
vreemd (DF: 2): (2638, 1), (7547, 1)
vrei (DF: 1): (335, 6)
vret (DF: 1): (598, 1)
vriend (DF: 2): (175, 1), (8418, 1)
vrienden (DF: 1): (3453, 1)
vriendin (DF: 1): (6641, 1)
vriendinnen (DF: 2): (1077, 1), (6641, 2)
vriendj (DF: 1): (7421, 1)
vrij (DF: 2): (4849, 1), (7421, 1)
vrill (DF: 1): (4197, 1)
vroeg (DF: 1): (6303, 1)
vroeger (DF: 2): (175, 5), (7421, 1)
vroom (DF: 13): (928, 4), (1712, 2), (1727, 1), (3383, 1), (3427, 4), (3451, 3), (4295, 2), (4995, 6), (5409, 1), (5667, 2), (7204, 1), (7492, 2), (8666, 2)
vrooom (DF: 2): (5734, 1), (8778, 1)
vroooom (DF: 1): (4944, 1)
vrouw (DF: 1): (7519, 1)
vrouwen (DF: 2): (1077, 1), (6184, 4)
vrsti (DF: 1): (3931, 1)
vrum (DF: 2): (6289, 2), (9494, 4)
vs (DF: 29): (385, 2), (434, 1), (541, 1), (707, 1), (938, 1), (1748, 1), (1876, 2), (2397, 1), (2585, 1), (2749, 1), (3045, 1), (3440, 1), (3586, 1), (4441, 2), (4637, 2), (4895, 1), (5429, 1), (5718, 1), (6408, 1), (6572, 1), (7255, 1), (7587, 1), (8057, 1), (8073, 1), (8496, 4), (8821, 1), (9290, 1), (9312, 2), (9874, 2)
vsco (DF: 1): (2906, 1)
vthe (DF: 1): (3179, 1)
vu (DF: 30): (9, 1), (151, 1), (386, 2), (649, 2), (676, 1), (687, 1), (1089, 1), (1630, 1), (1883, 1), (2222, 1), (3213, 6), (3768, 26), (4197, 1), (4287, 26), (4422, 1), (4440, 1), (5166, 10), (5217, 1), (5779, 1), (5801, 2), (6344, 6), (6471, 2), (7219, 2), (7362, 3), (7607, 1), (8134, 7), (9215, 3), (9690, 5), (9789, 1), (9932, 1)
vuel (DF: 40): (46, 2), (724, 1), (1677, 1), (1963, 1), (2090, 2), (2127, 1), (3071, 2), (3104, 2), (3313, 1), (3903, 1), (4032, 1), (4081, 3), (4288, 1), (4344, 3), (4416, 54), (4430, 1), (4752, 6), (4912, 1), (5198, 1), (5358, 1), (5574, 2), (5659, 1), (5762, 2), (6152, 1), (6239, 1), (6423, 2), (6651, 1), (7042, 1), (7223, 1), (7546, 2), (8066, 4), (8205, 1), (8420, 1), (8466, 3), (8506, 2), (8928, 1), (9079, 3), (9204, 4), (9309, 1), (9609, 1)
vuelt (DF: 47): (14, 1), (46, 2), (143, 2), (353, 1), (412, 2), (580, 4), (776, 2), (1228, 1), (1810, 2), (2107, 3), (2180, 3), (2325, 1), (2414, 1), (2656, 3), (2898, 10), (2938, 1), (3093, 4), (3197, 12), (3214, 1), (3342, 2), (3555, 3), (3580, 4), (4011, 24), (4352, 1), (4560, 1), (4908, 12), (5363, 1), (5512, 1), (5574, 1), (5588, 1), (5990, 1), (6466, 6), (6515, 3), (6562, 1), (7288, 2), (7412, 3), (7415, 7), (7982, 1), (8097, 6), (8205, 1), (8255, 1), (8516, 1), (9060, 9), (9079, 1), (9428, 1), (9697, 18), (9960, 8)
vuelta (DF: 3): (5143, 28), (7583, 1), (9095, 2)
vueltecit (DF: 1): (4780, 1)
vueltic (DF: 2): (173, 2), (5522, 12)
vuelto (DF: 1): (7049, 2)
vuelv (DF: 144): (44, 2), (84, 2), (87, 2), (117, 1), (227, 1), (256, 1), (269, 8), (283, 1), (333, 4), (476, 1), (477, 2), (651, 3), (679, 1), (711, 6), (875, 11), (918, 2), (1013, 1), (1027, 3), (1033, 9), (1061, 1), (1109, 2), (1116, 2), (1133, 1), (1241, 2), (1264, 1), (1422, 5), (1481, 6), (1687, 1), (1788, 2), (2309, 2), (2429, 1), (2473, 2), (2617, 46), (2681, 6), (2702, 6), (2805, 1), (2898, 15), (2938, 1), (2967, 6), (3006, 2), (3028, 1), (3090, 6), (3111, 8), (3211, 1), (3214, 1), (3313, 2), (3403, 2), (3459, 21), (3495, 2), (3536, 23), (3623, 3), (3722, 11), (3881, 1), (3897, 9), (3902, 1), (3916, 4), (3996, 1), (4049, 9), (4143, 4), (4207, 1), (4246, 2), (4352, 1), (4386, 4), (4430, 1), (4479, 1), (4666, 1), (4752, 1), (4769, 2), (4879, 3), (4912, 1), (5035, 6), (5174, 2), (5224, 1), (5341, 2), (5352, 1), (5353, 1), (5364, 2), (5449, 4), (5512, 3), (5541, 6), (5569, 8), (5592, 1), (5856, 5), (5945, 12), (5975, 4), (6041, 2), (6120, 2), (6138, 1), (6205, 2), (6209, 1), (6248, 2), (6263, 5), (6422, 2), (6485, 2), (6513, 2), (6541, 3), (6645, 4), (6650, 2), (6651, 1), (6939, 29), (6940, 4), (6967, 3), (7166, 1), (7183, 1), (7205, 12), (7342, 3), (7395, 1), (7455, 2), (7504, 2), (7526, 6), (7586, 3), (7766, 1), (7780, 2), (8199, 12), (8236, 8), (8444, 2), (8478, 2), (8546, 14), (8719, 8), (8758, 5), (8805, 3), (8882, 3), (8883, 2), (9060, 3), (9196, 1), (9285, 1), (9296, 2), (9306, 1), (9415, 1), (9444, 2), (9469, 2), (9473, 2), (9521, 4), (9580, 2), (9609, 2), (9636, 6), (9641, 2), (9660, 1), (9719, 1), (9786, 18), (9803, 3), (9819, 2), (9872, 2), (9974, 1)
vuelva (DF: 1): (9474, 1)
vuelvet (DF: 1): (1953, 2)
vuelvo (DF: 1): (4465, 2)
vuev (DF: 2): (7780, 1), (9872, 1)
vui (DF: 1): (1631, 1)
vuitton (DF: 19): (444, 1), (480, 3), (1414, 2), (3571, 1), (3681, 2), (3838, 1), (3923, 1), (4031, 1), (4467, 20), (4558, 4), (4752, 1), (5577, 1), (5782, 4), (7016, 5), (7171, 1), (7392, 4), (7854, 1), (7889, 1), (8383, 1)
vulcan (DF: 1): (2567, 1)
vulcão (DF: 1): (3467, 1)
vulgar (DF: 1): (4670, 2)
vulgary (DF: 1): (6872, 1)
vulner (DF: 10): (854, 1), (1091, 1), (2096, 1), (2408, 11), (4173, 1), (4243, 1), (6255, 2), (7462, 2), (8431, 1), (9028, 1)
vultur (DF: 19): (924, 1), (1473, 1), (1567, 1), (1885, 2), (2032, 2), (2345, 1), (3374, 1), (4522, 1), (4641, 1), (4740, 1), (5468, 1), (5953, 22), (6969, 1), (7073, 1), (7470, 2), (8156, 1), (8201, 1), (9219, 1), (9917, 1)
vuo (DF: 19): (1010, 1), (1800, 1), (1850, 1), (2059, 6), (2518, 1), (2567, 4), (3210, 5), (3491, 2), (4587, 1), (5116, 6), (5321, 2), (5663, 1), (5825, 3), (6798, 1), (7000, 1), (7694, 3), (7726, 1), (8264, 1), (9596, 1)
vuol (DF: 8): (524, 1), (2567, 2), (3210, 1), (3972, 1), (5187, 2), (5821, 1), (6961, 1), (7466, 2)
vuot (DF: 8): (3491, 1), (4086, 2), (5825, 1), (6395, 1), (7837, 1), (8671, 1), (8777, 1), (9671, 1)
vv (DF: 5): (3293, 1), (3427, 2), (4814, 1), (6644, 8), (7953, 1)
vvs (DF: 19): (405, 2), (643, 2), (812, 1), (966, 1), (1550, 16), (2563, 1), (3064, 1), (3293, 1), (3527, 1), (4561, 1), (5584, 2), (6441, 25), (8103, 1), (8181, 1), (8235, 1), (8860, 2), (8938, 1), (9043, 1), (9335, 1)
vvsnike (DF: 1): (6441, 2)
vw (DF: 1): (2790, 1)
vwè (DF: 1): (8210, 2)
vybz (DF: 2): (6452, 3), (9980, 1)
vylw (DF: 2): (3391, 1), (7416, 1)
vyn (DF: 2): (6126, 2), (9049, 4)
vá (DF: 1): (9087, 1)
vámono (DF: 2): (2843, 2), (4661, 1)
vária (DF: 5): (1183, 1), (2242, 1), (8113, 1), (8938, 1), (9355, 1)
vário (DF: 4): (3215, 1), (3467, 1), (6804, 1), (9087, 1)
vão (DF: 5): (7211, 1), (7563, 1), (8052, 1), (8989, 6), (9637, 1)
vän (DF: 1): (7603, 1)
vänt (DF: 1): (7603, 3)
värre (DF: 1): (2152, 1)
väska (DF: 1): (7603, 1)
växt (DF: 1): (7603, 1)
væk (DF: 8): (2018, 2), (3591, 1), (4295, 1), (4714, 3), (4991, 9), (6292, 3), (7077, 5), (7397, 1)
vælter (DF: 2): (1465, 1), (4425, 9)
vær (DF: 2): (6292, 4), (7077, 3)
være (DF: 2): (3527, 1), (6292, 1)
været (DF: 3): (3527, 1), (7077, 1), (7200, 1)
vécu (DF: 1): (4197, 1)
véhicul (DF: 1): (4197, 1)
vérit (DF: 1): (540, 8)
vérité (DF: 1): (3660, 1)
vê (DF: 6): (1183, 2), (1415, 1), (2680, 2), (5118, 2), (8858, 4), (9494, 1)
vêt (DF: 1): (6425, 1)
vívelo (DF: 1): (9095, 1)
w (DF: 125): (44, 4), (246, 3), (250, 28), (257, 1), (284, 2), (338, 2), (449, 1), (577, 5), (661, 26), (681, 1), (755, 1), (774, 1), (908, 10), (1151, 3), (1187, 1), (1197, 5), (1405, 1), (1644, 1), (1655, 5), (1705, 1), (1795, 2), (1825, 20), (1835, 2), (1918, 21), (1964, 2), (2057, 1), (2256, 4), (2286, 1), (2322, 1), (2585, 4), (2758, 2), (2814, 6), (2951, 10), (3047, 2), (3090, 2), (3112, 1), (3358, 2), (3364, 1), (3480, 2), (3609, 4), (3660, 8), (3744, 10), (4148, 1), (4311, 18), (4358, 10), (4389, 4), (4405, 5), (4475, 2), (4582, 13), (4656, 1), (4664, 1), (4669, 1), (4761, 9), (4790, 2), (4859, 1), (4863, 1), (4914, 14), (5130, 1), (5331, 1), (5341, 4), (5569, 4), (5708, 1), (5998, 1), (5999, 1), (6007, 8), (6131, 1), (6345, 1), (6441, 2), (6457, 9), (6527, 8), (6678, 9), (6681, 1), (6713, 2), (6721, 1), (6722, 1), (6754, 1), (6889, 1), (7071, 17), (7183, 6), (7220, 1), (7255, 2), (7313, 7), (7344, 21), (7356, 4), (7526, 2), (7587, 3), (7639, 2), (7677, 1), (7772, 2), (7780, 1), (7836, 2), (7868, 1), (7873, 3), (7916, 4), (7958, 2), (8132, 1), (8210, 1), (8452, 43), (8478, 6), (8482, 1), (8509, 11), (8545, 2), (8551, 2), (8604, 7), (8629, 1), (8655, 1), (8866, 1), (8900, 1), (8998, 6), (9032, 3), (9085, 8), (9162, 9), (9536, 5), (9647, 4), (9666, 6), (9669, 1), (9695, 6), (9719, 2), (9781, 6), (9812, 1), (9860, 1), (9872, 1), (9883, 1), (9974, 2), (9995, 1)
