mejor (DF: 81): (6152, 1), (6179, 2), (6190, 3), (6205, 10), (6207, 2), (6263, 2), (6346, 1), (6414, 1), (6450, 1), (6514, 2), (6588, 12), (6706, 2), (6871, 9), (6884, 1), (6889, 1), (6928, 2), (6967, 3), (6974, 1), (7003, 1), (7042, 1), (7056, 5), (7082, 1), (7239, 2), (7288, 2), (7309, 1), (7354, 1), (7380, 2), (7455, 1), (7495, 1), (7504, 1), (7508, 3), (7604, 1), (7632, 1), (7641, 1), (7646, 1), (7734, 1), (7749, 4), (7773, 3), (7780, 2), (7820, 1), (7863, 2), (8066, 1), (8116, 1), (8128, 1), (8131, 1), (8255, 1), (8278, 2), (8318, 1), (8329, 1), (8353, 1), (8406, 2), (8518, 2), (8606, 12), (8744, 2), (8805, 3), (8870, 1), (8902, 1), (9079, 1), (9108, 2), (9179, 1), (9204, 1), (9246, 1), (9285, 2), (9302, 1), (9475, 1), (9524, 1), (9532, 3), (9534, 4), (9580, 2), (9606, 1), (9660, 1), (9690, 8), (9719, 3), (9872, 2), (9938, 1), (9960, 4), (9963, 2), (5852, 1), (5856, 1), (9383, 1), (9384, 2)
mek (DF: 13): (746, 3), (1203, 5), (1583, 1), (1924, 3), (3957, 1), (3992, 13), (4476, 6), (5565, 2), (6197, 1), (6206, 1), (6452, 1), (9452, 26), (9980, 5)
mekhi (DF: 1): (1032, 1)
mekka (DF: 1): (1177, 2)
meksyka (DF: 1): (1655, 1)
mel (DF: 7): (1243, 2), (1805, 1), (5007, 3), (5019, 3), (6527, 1), (8406, 2), (9795, 2)
mela (DF: 2): (2805, 1), (6706, 2)
melachi (DF: 1): (6367, 2)
melan (DF: 4): (6007, 1), (6678, 1), (7313, 2), (7356, 1)
melancholi (DF: 7): (603, 2), (1586, 3), (2486, 1), (3246, 1), (4524, 3), (4999, 1), (8716, 2)
melancholy (DF: 1): (112, 2)
melancol (DF: 2): (4908, 2), (8205, 1)
melancoli (DF: 1): (87, 1)
melancoliay (DF: 1): (9492, 2)
melani (DF: 3): (1611, 1), (2871, 1), (9088, 1)
melanin (DF: 4): (1251, 6), (5458, 1), (5934, 1), (9019, 2)
melaton (DF: 1): (1836, 1)
melatonin (DF: 3): (1299, 3), (3415, 2), (8182, 1)
melaz (DF: 1): (353, 6)
melbourn (DF: 25): (105, 1), (111, 1), (634, 1), (652, 1), (961, 1), (1195, 1), (1637, 1), (1917, 1), (2149, 1), (2722, 1), (3411, 1), (3481, 1), (3819, 1), (3899, 1), (5632, 1), (6066, 1), (6113, 1), (6717, 1), (8129, 1), (8649, 1), (8867, 1), (9147, 1), (9611, 1), (9776, 1), (9843, 1)
meld (DF: 2): (493, 1), (979, 2)
mele (DF: 2): (5979, 2), (8456, 2)
mele7 (DF: 3): (2574, 1), (8260, 1), (8829, 1)
melen (DF: 1): (9074, 3)
melendez (DF: 2): (8863, 1), (9024, 1)
melendi (DF: 1): (6263, 1)
melhor (DF: 18): (1415, 1), (2242, 1), (2680, 1), (2839, 1), (5007, 1), (5118, 2), (5606, 4), (5859, 1), (5959, 1), (6234, 1), (6289, 3), (6397, 1), (6804, 1), (7563, 1), (8989, 1), (9494, 2), (9525, 1), (9860, 2)
melhorar (DF: 3): (5859, 1), (6397, 1), (8941, 1)
melii (DF: 2): (1669, 1), (9622, 2)
melin (DF: 1): (8699, 1)
melisa (DF: 1): (8829, 1)
melissa (DF: 1): (7086, 2)
mell (DF: 2): (1243, 2), (5019, 3)
mellemfingamuzik (DF: 1): (1465, 2)
mellencamp (DF: 2): (9089, 2), (9557, 1)
melli (DF: 4): (966, 2), (1669, 1), (3440, 2), (3660, 4)
mello (DF: 5): (1736, 4), (6042, 1), (6837, 1), (7217, 4), (8666, 1)
mellon (DF: 1): (9284, 1)
mellosmooth (DF: 1): (6042, 1)
mellow (DF: 35): (2, 1), (237, 1), (276, 1), (622, 1), (1001, 1), (1070, 1), (1529, 4), (1705, 1), (2075, 1), (2680, 1), (2939, 1), (3002, 1), (3088, 2), (3351, 1), (3675, 1), (4852, 1), (4878, 1), (5176, 1), (5419, 1), (5426, 1), (5436, 2), (5716, 1), (5811, 1), (6126, 1), (6997, 1), (7017, 1), (7291, 1), (7537, 1), (8597, 2), (9049, 2), (9153, 7), (9351, 1), (9669, 1), (9708, 1), (9777, 1)
melo (DF: 1): (9451, 1)
melocoton (DF: 2): (3090, 1), (7526, 1)
melod (DF: 26): (580, 2), (594, 1), (628, 1), (2183, 1), (2785, 1), (2938, 1), (3623, 1), (4049, 1), (4189, 1), (4423, 1), (4659, 2), (4692, 1), (4908, 2), (4949, 1), (5388, 2), (5480, 2), (6160, 2), (6466, 1), (6659, 1), (6682, 2), (7172, 4), (8329, 1), (8817, 1), (8994, 1), (9090, 2), (9912, 1)
melodi (DF: 66): (29, 2), (74, 16), (542, 3), (639, 1), (651, 2), (687, 1), (753, 1), (817, 1), (930, 1), (1098, 1), (1220, 2), (1240, 1), (1329, 1), (1379, 1), (1504, 2), (1626, 8), (1820, 1), (1841, 1), (1906, 1), (1927, 1), (2105, 1), (2118, 8), (2312, 1), (2375, 1), (2591, 14), (2725, 1), (2865, 1), (2926, 1), (2963, 15), (2993, 1), (3456, 1), (3504, 1), (3691, 34), (3783, 1), (4189, 1), (4304, 1), (4546, 6), (4743, 1), (4762, 1), (4798, 1), (4844, 1), (4883, 2), (5037, 2), (5044, 6), (5062, 1), (5096, 1), (5232, 1), (5388, 1), (5490, 1), (5504, 1), (5546, 1), (5656, 15), (5781, 1), (5892, 6), (5934, 1), (6246, 3), (6321, 1), (6365, 1), (6594, 4), (6636, 1), (7186, 1), (7640, 2), (7792, 1), (7882, 3), (7977, 1), (7985, 2)
