cheshir (DF: 1): (6445, 1)
chess (DF: 10): (210, 1), (528, 1), (1319, 1), (2334, 1), (3304, 1), (4019, 1), (4458, 14), (5947, 1), (9576, 2), (9742, 1)
chest (DF: 206): (2, 1), (15, 1), (85, 1), (236, 3), (237, 1), (258, 1), (264, 1), (324, 1), (407, 2), (433, 2), (446, 1), (514, 8), (554, 1), (562, 1), (622, 1), (681, 1), (737, 1), (830, 2), (909, 1), (913, 1), (978, 2), (988, 1), (1057, 1), (1087, 1), (1124, 1), (1130, 2), (1169, 1), (1178, 1), (1196, 1), (1206, 2), (1253, 2), (1323, 1), (1330, 1), (1448, 1), (1469, 1), (1503, 1), (1588, 1), (1649, 1), (1704, 1), (1705, 1), (1755, 1), (1829, 1), (1882, 1), (1887, 2), (2086, 1), (2104, 1), (2207, 2), (2252, 2), (2272, 3), (2329, 1), (2333, 1), (2347, 1), (2472, 1), (2524, 1), (2570, 3), (2596, 2), (2616, 1), (2618, 1), (2667, 1), (2676, 1), (2701, 1), (2767, 1), (2776, 1), (2854, 2), (2931, 1), (2936, 1), (3064, 1), (3079, 2), (3325, 2), (3546, 1), (3561, 1), (3581, 1), (3601, 2), (3714, 1), (3729, 1), (3745, 1), (3783, 6), (3813, 1), (3827, 2), (3938, 1), (3983, 12), (4020, 1), (4035, 1), (4041, 1), (4051, 1), (4127, 2), (4210, 2), (4244, 6), (4272, 2), (4346, 1), (4377, 1), (4519, 1), (4575, 1), (4596, 1), (4602, 1), (4607, 1), (4616, 1), (4676, 1), (4720, 1), (4806, 1), (4878, 1), (4887, 1), (4907, 1), (4933, 1), (4965, 1), (4971, 1), (5010, 1), (5085, 1), (5151, 1), (5152, 1), (5212, 1), (5253, 1), (5345, 1), (5395, 4), (5419, 1), (5478, 1), (5495, 1), (5499, 1), (5513, 2), (5582, 1), (5590, 16), (5598, 2), (5663, 1), (5937, 1), (5947, 1), (5957, 1), (5974, 1), (5979, 2), (6017, 1), (6064, 2), (6157, 1), (6214, 1), (6327, 1), (6392, 1), (6467, 3), (6472, 1), (6576, 1), (6693, 12), (6723, 1), (6732, 1), (6799, 1), (6805, 1), (6812, 1), (6936, 1), (6961, 2), (7009, 1), (7230, 1), (7237, 1), (7295, 3), (7432, 2), (7544, 1), (7591, 2), (7593, 1), (7651, 1), (7672, 1), (7759, 4), (7767, 5), (7849, 1), (7895, 1), (7901, 1), (7946, 1), (7969, 1), (7991, 1), (7992, 1), (8009, 6), (8079, 1), (8319, 2), (8456, 2), (8493, 1), (8513, 1), (8551, 1), (8708, 1), (8756, 1), (8760, 1), (8776, 4), (8884, 1), (8917, 1), (8968, 1), (8995, 3), (9010, 1), (9030, 1), (9035, 1), (9073, 1), (9077, 1), (9088, 3), (9134, 1), (9138, 1), (9140, 1), (9274, 1), (9275, 6), (9283, 2), (9292, 4), (9319, 8), (9322, 1), (9356, 2), (9382, 1), (9442, 6), (9517, 1), (9666, 1), (9800, 2), (9830, 3), (9920, 3), (9952, 2), (9965, 1), (9993, 1), (2251, 1)
chester (DF: 1): (1706, 1)
chestnut (DF: 4): (6323, 1), (7310, 1), (7350, 1), (8274, 1)
cheti (DF: 1): (2268, 2)
cheum (DF: 1): (540, 1)
cheval (DF: 1): (3195, 1)
chevapchichi (DF: 1): (1825, 8)
chevell (DF: 3): (802, 1), (2314, 4), (3280, 1)
cheveux (DF: 1): (598, 1)
chevi (DF: 49): (81, 1), (197, 1), (490, 1), (1197, 1), (1454, 1), (2045, 3), (2177, 2), (2230, 3), (2278, 1), (2377, 1), (2397, 1), (2411, 1), (2746, 1), (2887, 1), (3164, 7), (3626, 1), (4226, 2), (4905, 1), (5078, 1), (5463, 1), (5974, 1), (6225, 6), (6273, 1), (6374, 5), (6375, 2), (6472, 1), (6573, 2), (7145, 6), (7159, 8), (7369, 1), (7540, 1), (7622, 1), (7977, 1), (8055, 2), (8369, 2), (8397, 1), (8470, 2), (8536, 1), (8571, 3), (8853, 1), (8860, 2), (8976, 1), (9061, 4), (9102, 1), (9331, 1), (9419, 1), (9730, 1), (978, 6), (980, 1)
chevro (DF: 1): (4381, 1)
chevrolet (DF: 8): (2220, 3), (2399, 1), (3052, 5), (3148, 1), (3937, 2), (4134, 1), (5930, 1), (9501, 1)
chevron (DF: 1): (9348, 1)
chevy (DF: 2): (681, 4), (6450, 1)
chew (DF: 20): (405, 1), (563, 1), (981, 1), (1571, 1), (1783, 2), (1928, 6), (2356, 1), (3559, 3), (3869, 1), (4278, 1), (5456, 1), (6269, 1), (6417, 1), (6751, 1), (7252, 4), (8665, 1), (8694, 1), (9341, 1), (546, 1), (547, 1)
chewbacca (DF: 2): (2026, 1), (4490, 1)
chewbecc (DF: 1): (63, 1)
chewin (DF: 4): (2220, 1), (5453, 1), (5953, 1), (6244, 1)
chex (DF: 1): (4874, 1)
cheyenn (DF: 1): (8936, 7)
chez (DF: 8): (14, 5), (889, 3), (4088, 3), (4197, 1), (4614, 1), (6438, 3), (6886, 2), (7533, 1)
chhad (DF: 2): (4985, 1), (9519, 1)
chhadiyan (DF: 1): (5830, 1)
chhadna (DF: 1): (4421, 1)
chhalli (DF: 1): (4985, 1)
chhati (DF: 1): (1834, 1)
chheh (DF: 1): (9519, 1)
chhota (DF: 1): (149, 1)
chhoti (DF: 1): (149, 2)
chhutkara (DF: 1): (149, 1)
chi (DF: 24): (34, 1), (69, 1), (365, 1), (2865, 1), (2898, 50), (3112, 1), (3179, 1), (4284, 2), (4373, 2), (4919, 2), (5367, 3), (5462, 8), (5645, 2), (5949, 2), (6529, 4), (6613, 1), (6728, 1), (6974, 1), (7186, 1), (7292, 2), (8172, 1), (8210, 1), (8452, 2), (8701, 1)
