dionn (DF: 3): (2945, 1), (4821, 1), (6897, 1)
dior (DF: 19): (524, 1), (2064, 1), (2116, 3), (2242, 1), (2256, 1), (2316, 1), (2872, 3), (3078, 1), (3232, 1), (5576, 1), (5584, 2), (6057, 1), (7204, 1), (7302, 1), (7504, 1), (7916, 1), (8101, 1), (8489, 1), (9627, 2)
dios (DF: 95): (12, 8), (84, 1), (276, 1), (417, 2), (444, 2), (480, 3), (489, 1), (539, 2), (667, 2), (707, 1), (762, 1), (813, 2), (1215, 1), (1284, 1), (1307, 1), (1309, 12), (1411, 1), (1582, 5), (1631, 1), (1686, 1), (1687, 1), (1788, 1), (2021, 1), (2092, 1), (2309, 3), (2316, 1), (2743, 1), (3070, 2), (3226, 2), (3308, 1), (3351, 1), (3399, 4), (3586, 2), (3723, 6), (3903, 3), (3981, 1), (4032, 6), (4236, 2), (4484, 2), (4704, 1), (4711, 1), (4948, 4), (5035, 3), (5040, 1), (5198, 3), (5276, 1), (5352, 1), (5358, 1), (5363, 1), (5373, 6), (5436, 1), (5592, 2), (5613, 6), (5674, 4), (5768, 1), (5852, 1), (5883, 2), (6179, 2), (6207, 1), (6239, 1), (6248, 3), (6393, 4), (6534, 1), (6553, 2), (6706, 3), (6808, 2), (6810, 1), (7380, 2), (7504, 1), (7513, 2), (7539, 7), (7646, 3), (7653, 2), (7773, 6), (7953, 1), (8131, 1), (8420, 1), (8478, 12), (8482, 1), (8699, 1), (8751, 1), (8785, 1), (8928, 1), (9074, 1), (9179, 1), (9246, 1), (9252, 5), (9259, 1), (9285, 1), (9400, 1), (9410, 2), (9412, 1), (9470, 1), (9524, 1), (9762, 1)
diosa (DF: 1): (2277, 1)
dip (DF: 94): (222, 1), (247, 4), (322, 1), (337, 1), (352, 2), (541, 3), (737, 1), (1029, 2), (1269, 1), (1430, 1), (1559, 2), (1561, 1), (1636, 1), (1748, 1), (1900, 4), (1924, 1), (1975, 1), (2145, 1), (2205, 1), (2223, 5), (2278, 1), (2565, 2), (2607, 1), (2747, 1), (2865, 1), (2887, 1), (2895, 1), (3016, 4), (3018, 1), (3052, 2), (3144, 6), (3442, 5), (3447, 2), (3633, 1), (3803, 1), (3854, 2), (3963, 1), (4182, 1), (4185, 1), (4245, 3), (4381, 1), (4435, 1), (4527, 1), (4533, 1), (4572, 1), (4680, 1), (4903, 1), (5133, 2), (5277, 1), (5365, 1), (5416, 2), (5591, 2), (5766, 2), (5814, 1), (5907, 1), (6040, 1), (6114, 1), (6296, 1), (7075, 1), (7076, 2), (7092, 3), (7154, 1), (7186, 1), (7304, 1), (7430, 1), (7516, 2), (7589, 1), (7745, 3), (7914, 1), (8011, 1), (8017, 15), (8132, 1), (8170, 1), (8248, 1), (8376, 2), (8388, 1), (8457, 1), (8492, 2), (8561, 1), (8563, 1), (8633, 1), (8662, 1), (8780, 1), (8803, 4), (9096, 1), (9105, 2), (9140, 1), (9211, 1), (9231, 1), (9365, 1), (9590, 2), (9622, 2), (9708, 1), (9995, 1)
dipint (DF: 1): (1818, 2)
diplo (DF: 13): (511, 1), (1106, 1), (1684, 1), (2501, 2), (3072, 1), (3395, 1), (4754, 1), (5477, 1), (6419, 2), (6579, 1), (7673, 2), (8251, 2), (8633, 1)
diplom (DF: 2): (2585, 2), (6321, 2)
diploma (DF: 5): (1875, 1), (1994, 1), (2839, 1), (5055, 1), (8829, 1)
diplomaci (DF: 1): (7078, 1)
diplomat (DF: 5): (4962, 1), (6305, 1), (7439, 2), (7498, 2), (9080, 2)
diplôm (DF: 1): (4308, 1)
dipper (DF: 2): (47, 1), (2747, 1)
dippin (DF: 22): (337, 1), (352, 1), (1143, 1), (1712, 1), (2278, 2), (2887, 1), (3300, 1), (4381, 1), (4620, 1), (4731, 1), (4784, 3), (5264, 1), (5489, 1), (5869, 6), (5957, 1), (6189, 4), (6472, 1), (7977, 1), (8176, 1), (8830, 1), (9863, 1), (9983, 1)
diquenza (DF: 1): (3864, 1)
dir (DF: 43): (276, 1), (412, 2), (417, 1), (481, 1), (1000, 1), (1333, 2), (1481, 2), (1687, 2), (1800, 1), (1850, 4), (2059, 1), (2309, 1), (2518, 3), (2549, 3), (2601, 2), (3351, 1), (3459, 2), (3588, 2), (3903, 2), (3954, 1), (4300, 3), (4594, 3), (4879, 1), (4939, 1), (5022, 1), (5166, 1), (5187, 1), (5198, 3), (5439, 1), (5475, 2), (5856, 1), (6422, 1), (6650, 4), (7205, 1), (7251, 1), (7466, 1), (7607, 4), (7922, 1), (8994, 1), (9428, 1), (9596, 2), (9737, 1), (9738, 3)
diran (DF: 5): (1652, 4), (4162, 8), (4846, 4), (4939, 1), (9384, 1)
diras (DF: 3): (4496, 3), (8318, 2), (9248, 1)
dirc (DF: 1): (1000, 1)
dire (DF: 8): (223, 1), (1567, 1), (4490, 1), (4890, 2), (5321, 2), (5538, 1), (8359, 2), (8983, 1)
direccion (DF: 8): (1633, 4), (4908, 2), (5592, 1), (7068, 1), (7412, 1), (7935, 1), (9652, 2), (9803, 2)
dirección (DF: 1): (8597, 1)
direceto (DF: 1): (2735, 1)
direct (DF: 104): (29, 2), (172, 1), (201, 1), (394, 1), (395, 1), (563, 1), (668, 1), (836, 2), (1009, 1), (1022, 1), (1028, 1), (1033, 1), (1169, 1), (1211, 1), (1533, 3), (1582, 1), (1656, 1), (1677, 1), (1709, 1), (1887, 1), (1924, 6), (1964, 1), (2025, 3), (2087, 2), (2178, 1), (2304, 2), (2401, 1), (2566, 1), (3097, 1), (3238, 1), (3271, 1), (3408, 1), (3559, 1), (3574, 3), (3619, 1), (3625, 2), (3727, 1), (3781, 1), (3968, 1), (3996, 1), (4011, 4), (4172, 1), (4219, 1), (4434, 1), (4506, 1), (4551, 2), (4559, 2), (4560, 1), (4669, 1), (4724, 2), (4830, 1), (4852, 2), (4907, 1), (5106, 1), (5162, 3), (5211, 1), (5279, 1), (5280, 1), (5328, 2), (5363, 1), (5410, 2), (5422, 1), (5609, 2), (5651, 1), (5716, 2), (5796, 1), (5898, 1), (5902, 1), (5950, 1), (6086, 1), (6146, 1), (6390, 1), (6456, 1), (6707, 5), (6828, 1), (6931, 1), (7010, 1), (7387, 1), (7408, 1), (7432, 1), (7498, 6), (7526, 1), (8011, 1), (8097, 1), (8137, 3), (8182, 1), (8429, 1), (8448, 3), (8453, 4), (8629, 1), (8775, 1), (8840, 1), (8845, 1), (8957, 1), (8970, 1), (9092, 1), (9161, 2), (9196, 1), (9258, 1), (9304, 1), (9433, 2), (9470, 1), (9905, 1), (9922, 1)
directionless (DF: 1): (1009, 1)
directo (DF: 1): (2843, 1)
director (DF: 2): (5735, 1), (9993, 1)
directric (DF: 1): (4197, 1)
direito (DF: 2): (1659, 1), (9494, 1)
direkt (DF: 10): (246, 3), (493, 1), (3381, 1), (4743, 2), (5577, 1), (5775, 1), (7463, 1), (7479, 1), (8247, 1), (8678, 1)
diretso (DF: 1): (5932, 1)
dirett (DF: 2): (1010, 1), (8054, 1)
direçã (DF: 1): (1095, 1)
dirg (DF: 2): (3164, 1), (6295, 1)
diri (DF: 1): (5696, 2)
diria (DF: 1): (9355, 1)
dirig (DF: 1): (4591, 2)
dirigindo (DF: 1): (6397, 1)
dirij (DF: 2): (312, 1), (8128, 1)
dirili (DF: 1): (4692, 2)
diringgin (DF: 1): (4910, 1)
dirl (DF: 1): (8264, 4)
dirm (DF: 3): (438, 1), (1850, 1), (9420, 1)
dirott (DF: 1): (2498, 2)
dirs (DF: 1): (1000, 1)
dirt (DF: 127): (9, 1), (231, 2), (369, 1), (455, 1), (488, 1), (517, 1), (601, 1), (634, 1), (669, 1), (815, 1), (823, 1), (1068, 3), (1124, 1), (1135, 1), (1196, 1), (1344, 1), (1456, 1), (1579, 1), (1587, 2), (1697, 2), (1713, 4), (1804, 1), (1929, 2), (2076, 1), (2116, 1), (2211, 1), (2332, 1), (2361, 1), (2399, 2), (2523, 4), (2540, 48), (2584, 3), (2594, 1), (2629, 1), (2636, 1), (2701, 2), (2767, 1), (3019, 1), (3148, 1), (3161, 1), (3322, 4), (3432, 1), (3463, 1), (3474, 1), (3485, 1), (3502, 1), (3545, 14), (3581, 1), (3726, 1), (3753, 1), (3802, 2), (3822, 6), (3861, 1), (3923, 1), (3946, 3), (3952, 4), (3991, 1), (4241, 2), (4255, 1), (4303, 1), (4533, 1), (4634, 1), (4880, 1), (4885, 1), (4887, 3), (4971, 3), (5030, 1), (5050, 2), (5148, 1), (5152, 1), (5157, 3), (5252, 1), (5260, 1), (5266, 1), (5318, 1), (5374, 40), (5378, 11), (5391, 1), (5506, 2), (5581, 1), (5794, 1), (5828, 1), (5837, 1), (5851, 2), (5907, 1), (5974, 1), (6011, 2), (6141, 1), (6371, 1), (6385, 8), (6388, 2), (6472, 1), (6612, 3), (6824, 1), (6960, 1), (7022, 1), (7060, 1), (7145, 1), (7173, 24), (7192, 1), (7231, 1), (7302, 10), (7369, 1), (7542, 1), (7691, 1), (7732, 1), (7805, 3), (7806, 2), (7995, 1), (8180, 1), (8248, 1), (8319, 1), (8325, 1), (8357, 1), (8358, 1), (8369, 1), (8557, 4), (8568, 8), (8666, 3), (9084, 2), (9345, 1), (9368, 2), (9402, 1), (9509, 1), (9658, 1), (9820, 2), (9964, 1)
dirtbag (DF: 1): (4959, 10)
dirti (DF: 241): (30, 1), (57, 9), (68, 1), (72, 1), (92, 1), (145, 2), (202, 1), (253, 1), (282, 2), (288, 1), (313, 2), (365, 2), (405, 1), (409, 2), (542, 1), (558, 1), (571, 1), (595, 1), (625, 6), (646, 1), (746, 2), (810, 2), (862, 1), (905, 1), (1001, 3), (1011, 1), (1031, 1), (1131, 9), (1157, 3), (1214, 9), (1253, 3), (1266, 2), (1285, 2), (1336, 1), (1383, 1), (1399, 7), (1464, 1), (1513, 1), (1515, 1), (1529, 12), (1543, 2), (1594, 1), (1646, 1), (1648, 2), (1657, 1), (1661, 3), (1672, 1), (1674, 1), (1773, 1), (1829, 4), (1866, 1), (1940, 1), (2001, 1), (2198, 2), (2215, 2), (2230, 2), (2251, 1), (2254, 3), (2291, 1), (2401, 1), (2457, 1), (2458, 1), (2511, 2), (2545, 1), (2561, 1), (2592, 1), (2626, 1), (2644, 1), (2652, 1), (2679, 1), (2701, 1), (2790, 8), (2793, 4), (2797, 2), (2802, 1), (2832, 1), (2850, 1), (2887, 1), (2899, 7), (2906, 1), (2989, 3), (3023, 1), (3030, 1), (3045, 2), (3133, 3), (3143, 2), (3185, 1), (3241, 1), (3268, 1), (3273, 8), (3329, 1), (3337, 9), (3420, 1), (3528, 6), (3731, 2), (3772, 1), (3781, 1), (3938, 3), (4023, 1), (4038, 1), (4042, 1), (4045, 1), (4066, 1), (4127, 1), (4148, 1), (4272, 1), (4279, 1), (4319, 1), (4374, 1), (4497, 6), (4503, 1), (4530, 1), (4557, 1), (4625, 1), (4723, 1), (4766, 2), (4819, 2), (4837, 1), (4851, 9), (4853, 1), (4971, 2), (5021, 12), (5043, 1), (5063, 4), (5068, 13), (5073, 3), (5158, 7), (5190, 21), (5207, 1), (5238, 1), (5241, 1), (5250, 4), (5296, 6), (5309, 1), (5344, 4), (5345, 9), (5370, 1), (5374, 40), (5394, 1), (5413, 1), (5538, 1), (5571, 6), (5587, 16), (5591, 4), (5596, 1), (5633, 1), (5671, 1), (5734, 1), (5769, 1), (5773, 1), (5865, 2), (5876, 2), (5907, 2), (5958, 1), (5983, 1), (6007, 1), (6039, 1), (6168, 1), (6220, 3), (6225, 2), (6310, 1), (6322, 1), (6380, 1), (6385, 1), (6426, 1), (6509, 1), (6543, 1), (6704, 2), (6819, 1), (6828, 1), (6955, 2), (7020, 2), (7027, 6), (7041, 1), (7089, 24), (7136, 1), (7138, 1), (7177, 1), (7220, 2), (7269, 2), (7291, 1), (7325, 2), (7375, 8), (7409, 4), (7465, 3), (7480, 3), (7540, 2), (7550, 1), (7650, 1), (7687, 2), (7702, 2), (7721, 1), (7761, 1), (7860, 1), (7968, 1), (8176, 1), (8216, 2), (8232, 2), (8235, 2), (8238, 1), (8299, 31), (8334, 2), (8358, 1), (8457, 1), (8532, 1), (8536, 1), (8571, 2), (8583, 1), (8592, 1), (8687, 1), (8693, 1), (8705, 1), (8725, 4), (8736, 1), (8745, 1), (8787, 1), (8818, 1), (8819, 1), (8844, 1), (8852, 1), (8862, 1), (8896, 5), (9009, 1), (9071, 1), (9102, 1), (9111, 3), (9126, 2), (9144, 2), (9149, 1), (9226, 1), (9372, 1), (9403, 1), (9419, 1), (9576, 1), (9715, 9), (9833, 1), (9861, 2), (9870, 1), (9886, 1), (9935, 6), (9983, 1)
dirtiest (DF: 4): (558, 1), (4218, 1), (4241, 2), (8078, 1)
dirty (DF: 4): (14, 1), (3403, 3), (5563, 1), (8883, 1)
dirá (DF: 1): (8590, 8)
diré (DF: 1): (9474, 2)
dirì (DF: 1): (1411, 1)
dis (DF: 40): (34, 1), (349, 6), (540, 4), (637, 2), (649, 2), (689, 6), (859, 1), (1216, 2), (1414, 1), (1924, 1), (2116, 3), (2425, 2), (2562, 1), (3045, 4), (3213, 1), (3251, 2), (3480, 1), (3565, 3), (3909, 2), (4319, 1), (4614, 2), (4743, 1), (4762, 1), (4829, 1), (5024, 2), (5091, 1), (5801, 1), (5893, 1), (6197, 2), (6206, 2), (7207, 1), (7454, 2), (8198, 1), (8519, 1), (8528, 1), (8592, 2), (8852, 2), (9036, 2), (9808, 1), (9873, 1)
disabl (DF: 2): (183, 1), (2840, 1)
disadvantag (DF: 1): (5581, 1)
disaffect (DF: 1): (9604, 1)
disag (DF: 1): (2567, 1)
disagre (DF: 23): (155, 3), (1037, 3), (1231, 2), (1622, 2), (2198, 1), (2615, 6), (2812, 1), (4280, 32), (4578, 2), (4841, 1), (5285, 1), (5478, 1), (6269, 1), (6556, 3), (6825, 1), (7038, 1), (7578, 1), (7687, 4), (8304, 1), (8721, 1), (9707, 1), (9800, 1), (9922, 1)
disant (DF: 1): (3660, 1)
disappear (DF: 122): (254, 1), (289, 1), (295, 1), (324, 1), (475, 1), (517, 1), (520, 2), (585, 2), (605, 1), (668, 1), (766, 2), (956, 1), (965, 24), (1185, 3), (1332, 1), (1362, 1), (1601, 8), (1656, 1), (1710, 1), (1727, 1), (1807, 1), (1811, 1), (1838, 1), (2003, 6), (2195, 1), (2209, 1), (2229, 1), (2288, 6), (2292, 1), (2389, 1), (2448, 1), (2502, 1), (2559, 1), (2621, 2), (2773, 1), (2975, 16), (3047, 1), (3057, 3), (3228, 2), (3233, 1), (3454, 1), (3485, 1), (3595, 1), (3827, 2), (3836, 1), (3927, 2), (3936, 4), (3937, 2), (4025, 1), (4154, 1), (4174, 1), (4578, 2), (4622, 1), (4638, 1), (4819, 1), (4833, 1), (4840, 2), (4894, 1), (5219, 1), (5305, 1), (5320, 2), (5387, 1), (5430, 1), (5484, 1), (5598, 2), (5715, 1), (5720, 1), (5725, 1), (5767, 2), (5799, 1), (5933, 1), (5972, 1), (6073, 4), (6134, 1), (6199, 2), (6247, 1), (6262, 2), (6267, 1), (6294, 1), (6419, 6), (6479, 2), (6544, 5), (6642, 1), (6819, 4), (6942, 4), (6975, 1), (7008, 1), (7304, 1), (7437, 2), (7523, 1), (7583, 1), (7612, 1), (7675, 9), (7806, 1), (8064, 24), (8118, 1), (8222, 1), (8285, 1), (8405, 1), (8443, 1), (8480, 1), (8584, 1), (8731, 1), (8796, 2), (8918, 2), (9059, 1), (9069, 2), (9102, 1), (9110, 1), (9250, 2), (9434, 1), (9479, 3), (9483, 1), (9577, 1), (9613, 1), (9629, 1), (9632, 1), (9650, 1), (9755, 2), (9758, 1), (9764, 2), (9900, 1)
disappoint (DF: 18): (330, 1), (729, 2), (2233, 14), (3807, 2), (4122, 1), (4334, 1), (5179, 2), (6063, 1), (6133, 2), (7110, 1), (7235, 1), (7757, 1), (7938, 2), (8024, 1), (8755, 1), (8881, 2), (8958, 1), (9646, 1)
disappointin (DF: 1): (9646, 2)
disapprov (DF: 6): (5, 1), (404, 2), (2318, 1), (2960, 1), (7776, 1), (8917, 1)
disarm (DF: 7): (764, 1), (3172, 2), (3565, 1), (6805, 1), (7981, 2), (8930, 1), (9250, 14)
disarray (DF: 2): (2590, 1), (6816, 2)
disast (DF: 26): (90, 2), (310, 1), (428, 1), (1049, 1), (1134, 1), (1210, 2), (1344, 1), (1607, 4), (1700, 1), (1773, 1), (2472, 1), (3156, 1), (3781, 1), (3790, 1), (4541, 2), (4715, 1), (6121, 5), (6236, 1), (6816, 1), (7032, 1), (7135, 4), (7241, 2), (7514, 2), (8152, 2), (9000, 1), (9245, 1)
disasterpiec (DF: 1): (3931, 1)
disastro (DF: 1): (3985, 1)
disavow (DF: 1): (6383, 1)
disbelief (DF: 3): (5093, 6), (6790, 1), (7841, 2)
disc (DF: 78): (276, 1), (371, 2), (417, 2), (567, 3), (982, 4), (1004, 8), (1295, 1), (1519, 4), (1563, 1), (1751, 1), (1752, 1), (1803, 5), (1932, 1), (2021, 6), (2034, 6), (2567, 1), (2604, 1), (2898, 15), (3062, 1), (3090, 1), (3269, 1), (3278, 2), (3351, 1), (3358, 1), (3580, 6), (3609, 2), (3916, 6), (4032, 1), (4282, 1), (4361, 1), (4419, 2), (4434, 9), (4691, 1), (4729, 7), (4790, 7), (4799, 3), (4909, 8), (4961, 1), (5306, 2), (5363, 2), (5547, 1), (5745, 2), (5751, 1), (5773, 1), (5990, 1), (5991, 1), (6326, 2), (6399, 3), (6423, 2), (6561, 13), (6689, 1), (6974, 1), (7016, 2), (7068, 8), (7082, 8), (7251, 2), (7490, 1), (7526, 1), (7734, 7), (7749, 4), (7851, 1), (7953, 1), (8036, 8), (8039, 1), (8149, 1), (8188, 3), (8218, 5), (8264, 2), (8407, 1), (8416, 1), (8454, 5), (8632, 1), (8719, 8), (9039, 3), (9315, 1), (9318, 8), (9740, 2), (9819, 16)
discard (DF: 2): (1590, 1), (3772, 1)
