think (DF: 23): (7949, 1), (7950, 12), (7951, 1), (8226, 1), (8227, 4), (8228, 1), (9002, 2), (9004, 2), (9005, 1), (9683, 3), (9684, 1), (9685, 1), (9726, 2), (9727, 5), (9728, 1), (2973, 78), (2974, 2), (2975, 1), (2976, 2), (8287, 122), (8288, 1), (8289, 4), (8290, 1)
thinker (DF: 5): (3731, 1), (4027, 1), (6411, 1), (7304, 1), (8471, 1)
thinkin (DF: 193): (27, 1), (89, 8), (103, 1), (212, 4), (215, 1), (274, 4), (352, 2), (372, 1), (388, 1), (429, 1), (441, 1), (486, 1), (548, 1), (617, 1), (751, 2), (800, 1), (841, 1), (853, 1), (859, 1), (1092, 1), (1111, 1), (1124, 1), (1152, 1), (1208, 1), (1212, 2), (1217, 2), (1226, 1), (1313, 1), (1343, 1), (1399, 2), (1410, 1), (1513, 1), (1679, 1), (1693, 3), (1809, 1), (1831, 3), (1867, 2), (1889, 2), (1921, 1), (1990, 2), (2000, 2), (2091, 2), (2099, 1), (2332, 2), (2367, 1), (2399, 1), (2588, 1), (2607, 1), (2632, 1), (2636, 4), (2745, 2), (2746, 1), (2895, 1), (2930, 2), (2946, 1), (3109, 2), (3202, 2), (3278, 4), (3439, 2), (3448, 10), (3483, 1), (3486, 1), (3557, 1), (3581, 1), (3619, 1), (3670, 3), (3680, 2), (3735, 1), (3781, 1), (3837, 7), (3872, 1), (3945, 3), (4017, 2), (4279, 1), (4294, 3), (4456, 1), (4460, 1), (4468, 1), (4629, 2), (4634, 1), (4663, 2), (4731, 1), (4784, 3), (4788, 4), (4793, 1), (4831, 1), (4858, 1), (5009, 3), (5063, 1), (5117, 1), (5251, 1), (5291, 1), (5311, 1), (5314, 1), (5333, 2), (5344, 1), (5455, 1), (5489, 1), (5618, 2), (5636, 1), (5667, 2), (5707, 1), (5828, 3), (5862, 1), (5902, 1), (5921, 8), (5967, 1), (5971, 2), (6012, 1), (6032, 1), (6061, 1), (6086, 2), (6254, 1), (6266, 1), (6315, 3), (6345, 5), (6350, 1), (6380, 1), (6382, 1), (6390, 2), (6472, 1), (6475, 2), (6497, 1), (6527, 4), (6558, 1), (6610, 1), (6638, 1), (6704, 6), (6712, 3), (6822, 2), (6891, 1), (6908, 1), (6913, 4), (7001, 1), (7004, 1), (7021, 72), (7027, 2), (7029, 8), (7070, 1), (7090, 1), (7123, 1), (7143, 1), (7177, 1), (7216, 1), (7360, 1), (7369, 1), (7391, 1), (7409, 1), (7498, 2), (7588, 6), (7687, 2), (7887, 1), (7945, 1), (7994, 1), (8008, 3), (8053, 2), (8058, 1), (8156, 1), (8183, 1), (8244, 1), (8268, 6), (8299, 1), (8326, 1), (8358, 4), (8387, 1), (8570, 6), (8573, 2), (8578, 2), (8641, 2), (8665, 2), (8687, 1), (8692, 5), (8832, 3), (8939, 2), (9042, 2), (9084, 2), (9149, 1), (9271, 1), (9315, 2), (9341, 1), (9347, 1), (9538, 1), (9624, 16), (9646, 1), (9696, 1), (9729, 1), (9758, 2), (9778, 3), (9831, 2), (9853, 1), (9888, 1), (9966, 16), (8265, 1)
thinner (DF: 4): (2825, 1), (6904, 2), (7517, 1), (8774, 1)
third (DF: 46): (235, 4), (270, 1), (337, 1), (669, 1), (722, 1), (740, 1), (789, 1), (823, 1), (872, 1), (1026, 1), (1548, 2), (1647, 1), (1696, 1), (1739, 1), (2174, 1), (2923, 1), (3343, 2), (3444, 1), (3474, 1), (3597, 1), (3855, 4), (4100, 1), (4522, 2), (4569, 3), (4634, 1), (4647, 1), (4739, 1), (5345, 9), (5864, 1), (5894, 1), (5957, 1), (6360, 1), (6695, 1), (6926, 1), (7051, 1), (7138, 1), (7297, 1), (7700, 1), (8238, 1), (8475, 1), (8953, 2), (9038, 2), (9376, 2), (9826, 1), (9961, 2), (9980, 1)
thirst (DF: 12): (1217, 10), (1535, 4), (1909, 1), (2504, 2), (3137, 1), (4522, 1), (4764, 1), (5201, 4), (5589, 1), (5704, 2), (7387, 1), (9922, 1)
thirsti (DF: 28): (292, 1), (298, 1), (546, 1), (1334, 2), (1613, 1), (2056, 1), (3037, 3), (3170, 3), (3268, 2), (3479, 1), (3811, 1), (4497, 18), (4641, 1), (5158, 3), (5186, 3), (6170, 1), (6648, 2), (6980, 1), (7075, 1), (7227, 1), (7231, 1), (7296, 1), (7623, 2), (7829, 1), (8677, 1), (8767, 2), (9019, 1), (9863, 1)
thirteen (DF: 12): (1202, 1), (3286, 1), (3641, 3), (4918, 1), (5779, 1), (6948, 4), (7227, 1), (7900, 1), (8595, 1), (8952, 2), (9658, 1), (9986, 1)
thirteenth (DF: 1): (6503, 1)
thirti (DF: 61): (197, 1), (292, 1), (350, 1), (462, 1), (966, 4), (1108, 1), (1243, 1), (1252, 1), (1304, 2), (1342, 2), (1552, 1), (1648, 1), (1707, 1), (1896, 1), (2014, 6), (2060, 1), (2116, 3), (2528, 2), (2849, 1), (3075, 1), (3598, 9), (3624, 2), (3821, 1), (3822, 2), (4533, 1), (4647, 1), (4770, 1), (4968, 1), (5091, 1), (5308, 1), (5370, 1), (5375, 1), (5589, 1), (5667, 2), (5707, 1), (5718, 1), (5865, 1), (6165, 3), (6342, 2), (6606, 1), (6771, 1), (7004, 1), (7105, 1), (7290, 2), (7464, 1), (7474, 1), (7908, 2), (8009, 1), (8073, 1), (8216, 1), (8373, 3), (8387, 1), (8536, 1), (8736, 1), (8784, 4), (8960, 2), (9115, 1), (9212, 1), (9409, 2), (8474, 2), (8475, 3)
this (DF: 16): (46, 1), (127, 1), (276, 1), (355, 1), (364, 1), (371, 1), (450, 1), (476, 1), (512, 1), (724, 1), (836, 1), (858, 1), (875, 1), (890, 1), (910, 1), (1008, 1)
