swiss (DF: 5): (2255, 1), (2636, 1), (2747, 1), (5121, 1), (7540, 1)
switch (DF: 182): (33, 2), (119, 12), (169, 9), (183, 1), (244, 1), (270, 1), (281, 2), (339, 1), (350, 1), (365, 1), (418, 1), (420, 1), (446, 1), (471, 1), (586, 1), (647, 1), (675, 2), (684, 1), (740, 1), (772, 4), (788, 1), (808, 1), (862, 1), (921, 2), (946, 2), (951, 1), (1029, 1), (1057, 2), (1196, 1), (1205, 1), (1387, 6), (1402, 2), (1531, 2), (1549, 1), (1555, 1), (1560, 1), (1575, 2), (1760, 2), (1812, 2), (1820, 1), (1880, 1), (2004, 1), (2014, 3), (2056, 1), (2064, 1), (2238, 1), (2278, 5), (2317, 1), (2356, 1), (2359, 2), (2408, 1), (2442, 1), (2507, 2), (2562, 1), (2572, 1), (2612, 1), (2644, 1), (2685, 1), (2706, 1), (2794, 1), (2801, 2), (2887, 1), (3057, 1), (3152, 1), (3163, 6), (3179, 2), (3188, 2), (3248, 9), (3298, 1), (3341, 1), (3408, 1), (3424, 1), (3427, 1), (3510, 1), (3525, 1), (3676, 2), (3789, 1), (3792, 6), (3917, 1), (3930, 1), (3963, 1), (3971, 1), (4027, 1), (4037, 1), (4045, 1), (4095, 1), (4122, 1), (4157, 1), (4244, 1), (4452, 4), (4566, 3), (4601, 1), (4641, 1), (4664, 1), (4773, 3), (4834, 1), (4982, 1), (5041, 1), (5042, 2), (5088, 1), (5133, 2), (5168, 1), (5200, 1), (5251, 1), (5309, 1), (5313, 1), (5433, 1), (5452, 3), (5484, 1), (5516, 2), (5575, 1), (5608, 1), (5682, 1), (5725, 1), (5795, 1), (5810, 12), (5879, 1), (5888, 2), (6086, 1), (6095, 1), (6104, 1), (6189, 2), (6256, 2), (6313, 1), (6390, 1), (6403, 1), (6440, 1), (6513, 1), (6560, 2), (6569, 2), (6572, 1), (6613, 1), (6649, 2), (6721, 1), (6780, 1), (6799, 1), (6913, 1), (6953, 2), (7075, 1), (7114, 7), (7229, 1), (7235, 1), (7291, 1), (7298, 2), (7341, 1), (7349, 1), (7436, 1), (7611, 3), (7690, 1), (7707, 2), (7828, 1), (7874, 6), (7952, 1), (7960, 1), (8061, 1), (8063, 1), (8108, 4), (8135, 1), (8235, 1), (8669, 1), (8754, 1), (8784, 2), (8814, 4), (8860, 2), (8879, 1), (8953, 2), (8959, 1), (9013, 1), (9043, 4), (9066, 1), (9129, 2), (9301, 1), (9348, 1), (9357, 2), (9560, 1), (9605, 1), (9800, 3), (9866, 1), (3565, 1), (3566, 1), (7550, 1), (7551, 2)
switchback (DF: 1): (223, 1)
switchblad (DF: 6): (1606, 1), (2038, 1), (2464, 2), (3330, 2), (4129, 3), (4885, 1)
switchin (DF: 24): (753, 1), (808, 1), (1038, 1), (1217, 4), (1990, 2), (2154, 1), (2390, 3), (2467, 2), (2541, 2), (2880, 1), (3427, 1), (4121, 3), (4672, 1), (5342, 1), (5510, 1), (5946, 2), (6272, 1), (6363, 1), (6636, 1), (8237, 2), (8354, 1), (8641, 2), (8666, 1), (8740, 1)
swivel (DF: 2): (1692, 1), (4543, 1)
swiz (DF: 1): (2333, 1)
swizz (DF: 7): (2472, 1), (2708, 1), (2767, 4), (4585, 1), (5152, 4), (6137, 2), (6144, 1)
swoich (DF: 2): (1655, 1), (2951, 1)
swoim (DF: 4): (4311, 1), (4358, 2), (4914, 4), (6457, 2)
swoj (DF: 1): (6007, 2)
swoje (DF: 5): (1918, 2), (4859, 1), (6007, 1), (8509, 8), (9647, 1)
swole (DF: 14): (155, 3), (168, 1), (646, 1), (1144, 1), (2563, 1), (2583, 1), (3594, 1), (4226, 1), (5015, 2), (5031, 8), (6573, 1), (8338, 2), (8812, 1), (9710, 8)
swoll (DF: 7): (2294, 1), (3045, 1), (5879, 1), (7090, 1), (7369, 1), (8470, 1), (9347, 1)
swolla (DF: 1): (9866, 1)
swollen (DF: 11): (952, 2), (1059, 1), (1674, 1), (3938, 1), (4098, 2), (4866, 1), (5417, 1), (6296, 1), (7018, 1), (7369, 1), (7553, 2)
swoon (DF: 3): (5043, 1), (5918, 1), (9480, 1)
swoop (DF: 13): (409, 2), (586, 1), (1214, 6), (2442, 1), (2895, 1), (4148, 1), (5249, 2), (6095, 1), (7220, 2), (7280, 1), (8470, 1), (8578, 2), (9751, 1)
swoosh (DF: 2): (3248, 1), (4410, 1)
sword (DF: 36): (59, 2), (408, 1), (449, 1), (475, 1), (1196, 1), (1205, 1), (1507, 1), (1697, 2), (1856, 1), (1956, 1), (2322, 1), (3127, 1), (3298, 1), (3721, 9), (4407, 2), (4641, 1), (4648, 3), (5082, 1), (5244, 1), (5717, 2), (5943, 1), (6385, 7), (6445, 1), (6454, 2), (6766, 1), (7252, 2), (7952, 1), (8102, 2), (8570, 1), (8796, 2), (8822, 1), (8921, 1), (8969, 1), (9171, 4), (9349, 2), (9794, 1)
swore (DF: 23): (174, 2), (523, 10), (820, 1), (847, 4), (1507, 1), (1645, 2), (2227, 1), (2569, 1), (3132, 1), (3288, 1), (4111, 1), (4420, 1), (4521, 1), (4974, 3), (5479, 1), (6051, 1), (6106, 1), (6290, 4), (6589, 1), (7375, 1), (7873, 2), (8355, 1), (8664, 1)
sworn (DF: 8): (3047, 1), (3298, 1), (3347, 2), (5680, 1), (6427, 1), (6873, 1), (9548, 4), (9937, 1)
swoup (DF: 1): (6256, 2)
swung (DF: 5): (6778, 4), (7758, 1), (7860, 1), (8473, 2), (9848, 1)
swv (DF: 16): (2191, 1), (2465, 1), (3022, 2), (3271, 2), (3450, 1), (3733, 1), (3739, 2), (3860, 1), (3892, 1), (4008, 1), (4050, 2), (4436, 1), (5223, 1), (5298, 3), (8982, 2), (9366, 1)
swój (DF: 2): (7344, 3), (9695, 2)
sy (DF: 5): (4283, 2), (5296, 1), (6126, 1), (7650, 1), (9049, 2)
