prove (DF: 85): (2366, 1), (2412, 1), (2490, 4), (2541, 2), (2639, 1), (2641, 2), (2794, 1), (2835, 1), (2865, 1), (3169, 4), (3278, 2), (3539, 1), (3562, 1), (3658, 1), (3688, 2), (3770, 3), (3828, 1), (3912, 1), (4229, 2), (4234, 2), (4303, 1), (4520, 1), (4553, 1), (4727, 1), (4837, 1), (4875, 1), (4907, 1), (5032, 1), (5209, 1), (5300, 1), (5423, 1), (5454, 1), (5517, 2), (5553, 3), (5635, 1), (5658, 1), (5929, 2), (5953, 1), (6036, 1), (6044, 2), (6180, 2), (6525, 4), (6644, 10), (6662, 3), (7182, 1), (7186, 1), (7214, 1), (7222, 3), (7252, 1), (7345, 3), (7390, 1), (7530, 1), (7584, 1), (7707, 1), (7713, 1), (7732, 1), (7793, 4), (7862, 2), (8252, 1), (8286, 1), (8473, 1), (8487, 1), (8539, 3), (8547, 1), (8676, 1), (8695, 3), (8714, 1), (8845, 1), (8850, 1), (9015, 1), (9062, 1), (9117, 3), (9192, 1), (9265, 1), (9349, 2), (9361, 1), (9372, 1), (9393, 1), (9394, 1), (9535, 2), (9569, 1), (9729, 1), (9771, 1), (9835, 1), (6045, 2)
provech (DF: 3): (227, 4), (7031, 1), (9641, 8)
provei (DF: 1): (1659, 1)
proven (DF: 3): (6524, 1), (6726, 1), (6992, 1)
proveng (DF: 1): (8128, 1)
provid (DF: 27): (384, 4), (510, 1), (2305, 1), (2344, 1), (2465, 1), (2505, 4), (3177, 1), (4473, 4), (4877, 1), (4945, 1), (5061, 1), (5073, 2), (5133, 2), (5389, 1), (6064, 2), (6403, 1), (6992, 1), (7007, 1), (7387, 1), (7862, 1), (8159, 2), (8231, 1), (8500, 1), (8619, 1), (8775, 1), (8885, 2), (9479, 3)
providência (DF: 1): (7270, 1)
provin (DF: 3): (1313, 1), (5225, 1), (8235, 1)
provinci (DF: 2): (1411, 1), (9963, 4)
provincian (DF: 1): (9652, 1)
provis (DF: 3): (2333, 1), (4262, 1), (6163, 2)
provision (DF: 1): (7820, 1)
provisori (DF: 1): (4361, 1)
provoc (DF: 26): (44, 4), (127, 1), (227, 1), (284, 2), (364, 4), (885, 1), (1079, 1), (1766, 1), (2429, 1), (2488, 1), (3062, 1), (3897, 1), (4238, 1), (4484, 2), (5341, 4), (7104, 2), (7255, 1), (7426, 1), (7646, 3), (8506, 3), (8699, 8), (8805, 3), (9206, 1), (9641, 2), (9887, 3), (9916, 6)
provoca (DF: 2): (552, 2), (7342, 3)
provocandot (DF: 3): (1193, 4), (2021, 1), (4709, 4)
provocar (DF: 1): (8946, 5)
provocateur (DF: 1): (3512, 1)
provocou (DF: 1): (9396, 2)
provok (DF: 4): (1820, 1), (2143, 1), (4102, 1), (4407, 1)
provokin (DF: 1): (9826, 1)
provolon (DF: 1): (5461, 1)
provoqu (DF: 4): (1022, 1), (7886, 2), (8091, 2), (8882, 3)
prowadz (DF: 1): (4405, 1)
prowadzi (DF: 2): (2951, 1), (7344, 3)
prowl (DF: 11): (2186, 1), (2658, 2), (2760, 1), (2798, 1), (3042, 1), (3282, 2), (3852, 8), (5081, 2), (5753, 1), (6214, 1), (9965, 1)
proxi (DF: 1): (954, 2)
proxim (DF: 6): (2967, 6), (5224, 1), (5655, 1), (5735, 1), (6251, 1), (8945, 4)
proyect (DF: 6): (5017, 2), (5621, 2), (7508, 1), (7587, 1), (8518, 1), (8733, 1)
prozac (DF: 1): (3846, 1)
prozent (DF: 7): (778, 1), (3462, 1), (4743, 1), (5559, 1), (8260, 1), (8932, 3), (9788, 2)
prozentual (DF: 1): (5382, 1)
prr (DF: 43): (444, 8), (1112, 2), (1215, 3), (1668, 12), (1920, 5), (2309, 8), (2739, 1), (3590, 3), (4016, 1), (4109, 1), (4256, 1), (4515, 6), (5035, 15), (5224, 1), (5399, 1), (5959, 1), (6289, 5), (6408, 1), (6438, 6), (6457, 4), (6588, 12), (6650, 4), (6657, 2), (6818, 6), (6889, 7), (7028, 2), (7258, 2), (7367, 4), (7392, 8), (7942, 2), (8036, 2), (8052, 1), (8132, 2), (8278, 1), (8353, 1), (8733, 3), (8938, 2), (9185, 1), (9425, 1), (9474, 2), (9797, 4), (9818, 1), (9882, 3)
prra (DF: 5): (1582, 6), (2183, 1), (4289, 6), (7508, 2), (9185, 2)
prraat (DF: 1): (7892, 2)
prrr (DF: 13): (1474, 4), (1810, 2), (2309, 4), (3996, 1), (4361, 1), (5035, 3), (6438, 2), (6889, 1), (8036, 1), (8052, 1), (8353, 1), (8919, 2), (9929, 3)
prrra (DF: 2): (1074, 1), (4729, 2)
prrrra (DF: 1): (4289, 2)
prrrrr (DF: 1): (8052, 1)
prrrstic (DF: 1): (178, 3)
prrrum (DF: 3): (1004, 44), (4909, 44), (7082, 44)
prrt (DF: 1): (3755, 1)
prru (DF: 1): (1668, 6)
prruh (DF: 1): (9818, 1)
pru (DF: 1): (2567, 1)
prude (DF: 3): (274, 2), (641, 1), (1212, 1)
prueb (DF: 19): (875, 1), (996, 1), (1098, 1), (1215, 1), (1305, 1), (2814, 1), (2877, 1), (3722, 1), (4386, 12), (5040, 1), (5246, 2), (7455, 2), (7586, 3), (7646, 2), (8066, 1), (8199, 1), (8518, 1), (9204, 1), (9887, 1)
pruebam (DF: 2): (2948, 8), (3344, 1)
pruitt (DF: 1): (4487, 1)
prum (DF: 3): (3692, 1), (6397, 1), (7175, 1)
prune (DF: 1): (6124, 1)
prydz (DF: 1): (747, 1)
pryor (DF: 2): (4420, 1), (7123, 1)
prywatni (DF: 2): (3744, 2), (9647, 1)
prze (DF: 1): (908, 1)
