take (DF: 31): (9312, 17), (9313, 2), (9314, 1), (9328, 1), (9329, 4), (9330, 2), (9611, 2), (9612, 1), (9613, 1), (9731, 1), (9732, 1), (9734, 2), (9849, 1), (9850, 2), (9851, 2), (2246, 2), (2247, 2), (2248, 5), (2249, 1), (5255, 8), (5256, 1), (5257, 2), (5258, 1), (7839, 2), (7840, 3), (7841, 6), (7842, 1), (8222, 5), (8223, 1), (8224, 3), (8226, 1)
take40 (DF: 1): (2177, 1)
takeaway (DF: 3): (2290, 1), (4232, 1), (4834, 1)
taken (DF: 114): (171, 1), (189, 9), (341, 2), (453, 1), (482, 1), (530, 2), (581, 1), (623, 1), (716, 6), (769, 4), (970, 2), (1175, 1), (1368, 1), (1390, 1), (1463, 4), (1512, 1), (1802, 1), (2198, 1), (2222, 1), (2224, 1), (2352, 1), (2360, 1), (2500, 1), (2528, 1), (2661, 1), (2872, 1), (2919, 1), (2940, 1), (3055, 2), (3069, 1), (3121, 2), (3148, 2), (3203, 1), (3540, 1), (3646, 2), (3719, 1), (3833, 2), (4141, 1), (4340, 11), (4363, 5), (4377, 1), (4438, 1), (4459, 1), (4490, 1), (4557, 1), (4627, 1), (4748, 1), (4786, 1), (4822, 8), (4856, 1), (4881, 2), (4900, 3), (5012, 3), (5045, 2), (5147, 2), (5242, 3), (5257, 1), (5262, 1), (5270, 1), (5289, 1), (5317, 1), (5509, 1), (5536, 4), (5648, 1), (5739, 2), (5761, 1), (5812, 2), (6037, 1), (6065, 1), (6105, 1), (6134, 1), (6228, 2), (6643, 1), (6653, 1), (6765, 1), (6829, 1), (6846, 4), (6857, 2), (6870, 2), (6989, 11), (7039, 1), (7054, 1), (7118, 1), (7149, 1), (7269, 1), (7286, 6), (7352, 9), (7444, 1), (7476, 2), (7575, 1), (7631, 1), (7821, 2), (8048, 3), (8083, 1), (8203, 5), (8300, 9), (8485, 2), (8494, 1), (8890, 1), (8969, 1), (9047, 5), (9621, 1), (9676, 1), (9685, 2), (9712, 1), (9763, 1), (9869, 2), (9905, 1), (9920, 1), (967, 6), (2536, 1), (2537, 1), (8835, 4), (8836, 1)
takenot (DF: 1): (3580, 2)
takeoff (DF: 4): (2084, 1), (3884, 2), (6695, 1), (7339, 2)
takeout (DF: 2): (846, 2), (4133, 1)
takeov (DF: 2): (3363, 1), (3917, 1)
taker (DF: 6): (2669, 1), (2772, 4), (3606, 1), (3845, 5), (4531, 2), (8430, 2)
taki (DF: 6): (3744, 4), (6007, 1), (7356, 4), (7916, 1), (8452, 1), (8604, 1)
takich (DF: 2): (4859, 1), (9695, 1)
takiej (DF: 1): (9695, 1)
takin (DF: 151): (2, 1), (26, 3), (104, 1), (139, 3), (159, 1), (237, 1), (339, 6), (362, 1), (388, 1), (548, 2), (622, 1), (751, 4), (753, 1), (804, 1), (841, 1), (920, 1), (922, 2), (944, 1), (962, 2), (983, 2), (1058, 1), (1080, 1), (1110, 1), (1136, 1), (1143, 1), (1331, 1), (1404, 3), (1532, 2), (1575, 2), (1705, 1), (1760, 2), (1766, 1), (1806, 1), (1849, 2), (1924, 1), (2026, 1), (2048, 3), (2084, 1), (2091, 2), (2104, 1), (2142, 1), (2147, 2), (2235, 1), (2281, 2), (2317, 1), (2333, 1), (2370, 1), (2422, 1), (2486, 2), (2500, 1), (2588, 1), (2636, 2), (2691, 1), (2730, 1), (2826, 1), (3083, 2), (3095, 2), (3133, 2), (3427, 1), (3486, 1), (3510, 1), (3707, 4), (3726, 1), (3741, 9), (3900, 1), (3902, 1), (4019, 1), (4044, 1), (4055, 2), (4059, 1), (4111, 1), (4278, 2), (4279, 1), (4364, 1), (4404, 2), (4489, 2), (4784, 3), (4878, 1), (4905, 1), (4907, 1), (4947, 2), (5140, 1), (5251, 1), (5309, 1), (5386, 3), (5419, 1), (5425, 1), (5455, 4), (5489, 1), (5511, 24), (5515, 1), (5567, 1), (5693, 1), (5758, 1), (5812, 2), (5865, 1), (5967, 1), (5992, 2), (6050, 2), (6051, 2), (6104, 3), (6146, 1), (6218, 1), (6272, 8), (6342, 1), (6392, 1), (6464, 2), (6472, 1), (6618, 2), (6636, 1), (6660, 1), (6771, 1), (6817, 1), (6867, 1), (6890, 1), (6914, 1), (6926, 1), (7021, 44), (7121, 1), (7206, 1), (7297, 1), (7304, 1), (7550, 1), (7862, 1), (7895, 1), (7977, 1), (8120, 1), (8228, 1), (8373, 3), (8553, 2), (8692, 1), (8736, 2), (8862, 1), (8883, 1), (8939, 2), (8975, 1), (9099, 1), (9102, 2), (9104, 1), (9166, 1), (9226, 2), (9347, 1), (9379, 1), (9429, 2), (9499, 12), (9633, 3), (9826, 1), (9905, 2), (9996, 1), (119, 8), (121, 1)
takingoutthetrash (DF: 1): (8987, 1)
takk (DF: 2): (4421, 3), (5582, 1)
takken (DF: 1): (7421, 1)
takki (DF: 1): (7519, 1)
taknemmelig (DF: 1): (3527, 1)
taknig (DF: 1): (9050, 1)
takot (DF: 1): (8768, 1)
taksówkarz (DF: 1): (908, 1)
takt (DF: 1): (9457, 1)
takumi (DF: 1): (4864, 1)
tal (DF: 35): (19, 1), (86, 1), (117, 1), (417, 1), (628, 1), (725, 1), (813, 1), (918, 1), (1116, 2), (1183, 1), (1366, 1), (1443, 1), (1584, 2), (1652, 2), (1665, 1), (1788, 1), (1842, 1), (2079, 2), (2473, 2), (2487, 1), (2530, 1), (2564, 6), (2625, 16), (2648, 1), (2814, 1), (2843, 1), (3290, 2), (3401, 1), (3419, 1), (3527, 1), (3870, 1), (3903, 1), (3908, 1), (4162, 4), (4207, 1)
