drama (DF: 107): (4, 2), (51, 1), (490, 1), (574, 1), (634, 1), (841, 1), (975, 1), (1032, 1), (1136, 1), (1152, 1), (1253, 1), (1315, 1), (1319, 1), (1358, 1), (1359, 1), (1575, 1), (1704, 1), (1748, 1), (1760, 1), (1772, 3), (1926, 1), (1949, 1), (1964, 1), (2061, 1), (2110, 3), (2208, 2), (2494, 9), (2711, 1), (2778, 1), (2822, 1), (2985, 1), (3013, 8), (3067, 1), (3091, 4), (3140, 1), (3180, 2), (3186, 1), (3209, 1), (3432, 1), (3468, 2), (3498, 1), (3538, 4), (3624, 1), (3781, 1), (3967, 2), (4019, 1), (4115, 1), (4208, 1), (4267, 1), (4425, 1), (4745, 2), (4764, 1), (4866, 1), (4874, 1), (4897, 1), (4995, 1), (5122, 2), (5200, 1), (5217, 1), (5495, 2), (5596, 1), (5624, 2), (5633, 1), (5692, 1), (5695, 1), (5751, 1), (5838, 2), (5858, 14), (6234, 1), (6465, 1), (6548, 17), (6554, 1), (6801, 2), (6819, 1), (6829, 4), (6846, 1), (6858, 1), (6969, 1), (7020, 1), (7137, 1), (7143, 1), (7204, 6), (7226, 1), (7231, 1), (7241, 1), (7297, 1), (7373, 1), (7443, 2), (7519, 1), (7534, 3), (7549, 1), (7791, 5), (8113, 1), (8121, 1), (8304, 1), (8319, 1), (8701, 2), (8774, 1), (8797, 1), (9046, 1), (9091, 1), (9263, 1), (9356, 1), (9569, 1), (9608, 1), (9625, 1), (9767, 1)
dramat (DF: 6): (2050, 1), (3152, 2), (4983, 1), (6970, 1), (7461, 2), (7732, 3)
drami (DF: 1): (8509, 1)
dramm (DF: 1): (5392, 1)
dran (DF: 3): (2328, 3), (3466, 2), (3932, 1)
drang (DF: 1): (5149, 1)
drank (DF: 64): (89, 4), (92, 1), (202, 1), (558, 1), (665, 2), (932, 1), (1002, 2), (1282, 3), (1325, 1), (1349, 1), (1891, 4), (1984, 3), (2014, 6), (3037, 13), (3170, 13), (3223, 1), (3846, 1), (4020, 1), (4027, 1), (4037, 5), (4072, 2), (4297, 1), (4393, 1), (4918, 21), (4938, 2), (5033, 4), (5078, 1), (5083, 1), (5168, 5), (5345, 3), (6015, 2), (6060, 1), (6134, 1), (6648, 2), (7302, 1), (7441, 3), (7464, 7), (7497, 1), (7540, 1), (7547, 2), (7768, 2), (7810, 9), (7967, 1), (8101, 1), (8159, 1), (8206, 4), (8234, 1), (8235, 1), (8299, 1), (8373, 3), (8381, 8), (8408, 3), (8470, 1), (8641, 2), (8700, 5), (8784, 4), (8929, 1), (9065, 6), (9340, 1), (9363, 1), (9435, 1), (9742, 5), (9881, 6), (9993, 1)
drankin (DF: 5): (675, 2), (2636, 1), (3930, 1), (4731, 1), (7540, 1)
drano (DF: 2): (581, 1), (1002, 2)
drape (DF: 11): (1135, 1), (2939, 1), (3435, 1), (3843, 2), (5090, 1), (6363, 1), (6935, 3), (7441, 1), (7537, 1), (8204, 1), (8381, 1)
drapeau (DF: 1): (637, 1)
draper (DF: 2): (1515, 1), (1856, 1)
drastic (DF: 14): (204, 1), (1737, 3), (2146, 6), (3817, 1), (4165, 1), (5074, 6), (7169, 3), (7369, 1), (7387, 1), (7700, 4), (7973, 1), (8592, 1), (8774, 1), (9143, 1)
drat (DF: 1): (8026, 2)
drauf (DF: 20): (151, 2), (198, 1), (246, 1), (483, 1), (1484, 6), (1654, 1), (1845, 2), (2100, 1), (2328, 1), (2463, 1), (3480, 1), (3849, 1), (5149, 1), (5429, 1), (5459, 1), (5890, 1), (6748, 2), (7463, 1), (8651, 1), (9199, 1)
draufgeh (DF: 1): (1583, 1)
draus (DF: 1): (5049, 2)
drauss (DF: 5): (681, 1), (3932, 1), (3984, 1), (4816, 1), (5429, 1)
draw (DF: 62): (287, 2), (337, 1), (522, 1), (525, 2), (722, 1), (820, 2), (905, 3), (1833, 1), (1922, 1), (1959, 1), (2076, 1), (2151, 1), (2352, 1), (2362, 1), (2573, 4), (2669, 1), (2671, 4), (3161, 1), (3262, 1), (3877, 2), (3913, 1), (4069, 1), (4154, 1), (4645, 1), (4674, 1), (4762, 1), (4833, 1), (5014, 1), (5091, 1), (5312, 1), (5383, 1), (5446, 1), (5533, 1), (5931, 1), (6186, 2), (6269, 1), (6331, 1), (6404, 6), (6589, 2), (6761, 2), (6805, 1), (7060, 1), (7105, 1), (7136, 1), (7486, 2), (7991, 1), (8024, 1), (8261, 2), (8494, 1), (8640, 4), (8667, 6), (8702, 1), (8773, 1), (9033, 2), (9119, 1), (9134, 1), (9247, 2), (9324, 1), (9501, 3), (9666, 1), (9772, 4), (9889, 1)
drawer (DF: 26): (1329, 1), (1423, 1), (1516, 8), (1799, 1), (1805, 1), (1984, 1), (2053, 1), (2223, 1), (2399, 1), (2563, 1), (2609, 1), (2832, 1), (2899, 1), (2923, 1), (3133, 1), (5401, 1), (5828, 1), (6256, 1), (6350, 1), (6610, 1), (6643, 1), (7576, 2), (7924, 1), (8316, 1), (8779, 1), (9119, 1)
drawin (DF: 3): (3794, 3), (8967, 5), (9152, 1)
drawl (DF: 3): (1520, 1), (3220, 1), (7611, 1)
drawn (DF: 18): (40, 1), (210, 1), (1836, 1), (1927, 1), (2310, 2), (2806, 1), (3419, 1), (4096, 3), (4149, 1), (4199, 1), (4505, 2), (5653, 1), (5888, 2), (6700, 2), (7591, 2), (8158, 2), (9392, 1), (9483, 1)
drawstr (DF: 1): (8756, 1)
drax (DF: 1): (8700, 1)
drazi (DF: 1): (8026, 1)
dre (DF: 62): (245, 1), (324, 2), (339, 1), (586, 2), (684, 1), (759, 1), (782, 1), (925, 6), (1132, 1), (1219, 1), (1249, 1), (1880, 1), (2028, 1), (2110, 6), (2225, 2), (2305, 8), (2442, 2), (2634, 1), (2666, 1), (2804, 4), (2895, 3), (3018, 1), (3428, 1), (3437, 1), (3789, 2), (4190, 3), (4315, 1), (4669, 3), (4784, 7), (5088, 1), (5489, 3), (5513, 4), (5608, 1), (5682, 4), (5692, 2), (6095, 2), (6226, 2), (6327, 2), (6527, 1), (6610, 1), (6613, 1), (6734, 1), (6780, 1), (7237, 5), (7534, 2), (7559, 1), (7945, 3), (8079, 2), (8172, 1), (8380, 1), (8416, 1), (8551, 2), (8561, 1), (8570, 1), (9301, 2), (9348, 3), (9608, 2), (9752, 1), (9759, 1), (9784, 1), (9823, 1), (9866, 1)
dre3 (DF: 1): (7441, 2)
dread (DF: 26): (129, 4), (145, 2), (616, 1), (964, 1), (1603, 1), (1648, 1), (1849, 1), (2206, 1), (3234, 2), (3668, 1), (4239, 1), (4251, 1), (4446, 1), (5596, 1), (5603, 2), (5846, 1), (6464, 1), (6953, 1), (7650, 2), (7829, 1), (8056, 2), (8114, 2), (8438, 1), (8547, 2), (8579, 1), (9451, 1)
dreadhead (DF: 1): (2000, 2)
dreadin (DF: 1): (4365, 1)
dreadlock (DF: 5): (1661, 1), (4855, 1), (6784, 2), (7292, 1), (9552, 2)
dream (DF: 1101): (68, 1), (70, 1), (74, 2), (98, 3), (116, 2), (121, 1), (123, 4), (140, 4), (144, 2), (158, 1), (161, 1), (162, 39), (172, 4), (189, 2), (194, 7), (196, 4), (200, 1), (203, 2), (208, 3), (211, 1), (218, 1), (222, 1), (236, 1), (239, 3), (240, 12), (263, 1), (267, 35), (290, 13), (294, 1), (295, 1), (301, 2), (334, 1), (336, 2), (348, 1), (351, 3), (360, 1), (367, 1), (370, 1), (375, 2), (382, 1), (401, 5), (406, 1), (454, 1), (472, 2), (487, 2), (496, 1), (501, 1), (515, 26), (521, 1), (526, 4), (541, 2), (543, 8), (548, 1), (550, 3), (561, 2), (564, 4), (571, 1), (582, 2), (588, 1), (603, 2), (604, 4), (668, 2), (672, 3), (686, 2), (694, 4), (699, 1), (701, 1), (733, 1), (736, 1), (740, 1), (756, 1), (770, 7), (771, 3), (785, 1), (790, 2), (802, 1), (807, 1), (814, 4), (820, 3), (823, 2), (844, 1), (845, 6), (846, 1), (853, 1), (857, 1), (865, 1), (867, 12), (903, 2), (922, 1), (932, 1), (955, 1), (966, 4), (968, 1), (969, 3), (975, 2), (990, 1), (1025, 4), (1035, 3), (1041, 1), (1048, 2), (1053, 1), (1057, 1), (1093, 1), (1097, 1), (1114, 1), (1123, 3), (1129, 2), (1138, 1), (1164, 1), (1165, 2), (1169, 3), (1172, 1), (1174, 3), (1182, 1), (1186, 2), (1187, 1), (1189, 1), (1199, 1), (1206, 2), (1209, 2), (1220, 2), (1223, 1), (1224, 1), (1239, 1), (1246, 1), (1262, 7), (1280, 4), (1283, 8), (1297, 1), (1306, 20), (1314, 1), (1335, 4), (1336, 1), (1339, 42), (1351, 2), (1357, 4), (1361, 1), (1371, 1), (1401, 1), (1406, 2), (1408, 3), (1418, 1), (1419, 1), (1428, 1), (1431, 1), (1446, 1), (1452, 1), (1455, 1), (1458, 4), (1466, 2), (1487, 1), (1493, 2), (1495, 3), (1508, 1), (1509, 2), (1511, 1), (1513, 1), (1528, 4), (1535, 10), (1538, 3), (1546, 12), (1553, 3), (1557, 1), (1561, 2), (1573, 4), (1586, 2), (1612, 1), (1614, 1), (1620, 4), (1621, 2), (1622, 6), (1639, 3), (1656, 2), (1670, 1), (1683, 2), (1685, 2), (1689, 1), (1690, 1), (1697, 2), (1708, 1), (1710, 6), (1711, 1), (1729, 6), (1732, 36), (1737, 2), (1743, 9), (1744, 4), (1746, 2), (1748, 1), (1751, 3), (1775, 1), (1776, 1), (1785, 2), (1791, 1), (1792, 2), (1796, 1), (1797, 2), (1805, 1), (1819, 1), (1820, 1), (1823, 1), (1843, 2), (1846, 11), (1861, 2), (1862, 1), (1865, 3), (1871, 1), (1874, 1), (1889, 2), (1891, 1), (1892, 2), (1910, 1), (1922, 1), (1934, 2), (1946, 3), (1950, 1), (1959, 3), (1972, 2), (2001, 6), (2049, 1), (2056, 1), (2057, 17), (2081, 1), (2103, 1), (2143, 1), (2146, 3), (2157, 8), (2159, 2), (2161, 2), (2178, 4), (2199, 1), (2201, 2), (2220, 1), (2222, 1), (2223, 1), (2227, 1), (2232, 1), (2236, 1), (2237, 1), (2247, 1), (2256, 1), (2263, 1), (2270, 2), (2271, 1), (2272, 1), (2273, 2), (2274, 1), (2284, 1), (2285, 2), (2310, 1), (2323, 1), (2340, 1), (2341, 1), (2344, 3), (2350, 3), (2359, 2), (2363, 3), (2377, 1), (2378, 1), (2388, 2), (2393, 1), (2395, 1), (2398, 7), (2400, 2), (2401, 1), (2409, 2), (2413, 6), (2416, 17), (2419, 1), (2432, 6), (2436, 5), (2441, 1), (2449, 2), (2455, 4), (2457, 1), (2458, 1), (2462, 1), (2475, 1), (2477, 1), (2500, 1), (2503, 4), (2520, 2), (2528, 2), (2534, 3), (2540, 2), (2546, 31), (2561, 1), (2566, 4), (2578, 1), (2605, 1), (2610, 2), (2634, 1), (2635, 1), (2653, 2), (2657, 1), (2664, 1), (2691, 1), (2696, 2), (2697, 1), (2698, 2), (2699, 1), (2700, 1), (2710, 2), (2730, 2), (2753, 1), (2769, 1), (2774, 84), (2775, 3), (2806, 2), (2807, 1), (2816, 1), (2821, 1), (2837, 1), (2846, 1), (2862, 1), (2871, 1), (2874, 4), (2879, 2), (2890, 1), (2897, 2), (2906, 1), (2912, 1), (2914, 2), (2919, 2), (2922, 1), (2942, 1), (2974, 1), (2978, 1), (2999, 1), (3012, 2), (3013, 4), (3032, 6), (3035, 1), (3041, 1), (3044, 1), (3053, 1), (3057, 3), (3063, 2), (3076, 1), (3086, 1), (3095, 4), (3100, 1), (3101, 1), (3107, 1), (3113, 1), (3131, 6), (3134, 1), (3137, 1), (3148, 21), (3156, 1), (3164, 1), (3166, 1), (3167, 1), (3171, 2), (3181, 2), (3184, 1), (3190, 1), (3200, 1), (3206, 1), (3217, 3), (3218, 1), (3228, 2), (3241, 1), (3262, 2), (3271, 1), (3276, 1), (3283, 1), (3288, 1), (3311, 4), (3321, 1), (3324, 3), (3327, 6), (3329, 6), (3335, 3), (3361, 2), (3365, 4), (3377, 1), (3379, 1), (3386, 8), (3406, 2), (3414, 1), (3417, 1), (3420, 3), (3430, 7), (3447, 2), (3456, 1), (3468, 4), (3498, 2), (3511, 1), (3514, 3), (3519, 4), (3525, 1), (3530, 1), (3535, 4), (3549, 2), (3556, 1), (3559, 1), (3561, 1), (3565, 1), (3567, 1), (3589, 1), (3592, 2), (3608, 2), (3615, 1), (3625, 20), (3648, 1), (3658, 1), (3659, 2), (3662, 1), (3690, 4), (3693, 1), (3704, 2), (3709, 2), (3713, 3), (3742, 3), (3753, 1), (3758, 1), (3762, 3), (3764, 1), (3767, 1), (3774, 1), (3776, 7), (3779, 1), (3783, 1), (3786, 1), (3791, 1), (3802, 1), (3812, 4), (3834, 3), (3869, 1), (3885, 1), (3903, 1), (3919, 1), (3949, 3), (3952, 1), (3953, 1), (3965, 1), (3966, 4), (3967, 4), (3974, 1), (3979, 1), (3980, 1), (3992, 2), (4006, 3), (4010, 1), (4019, 1), (4030, 1), (4050, 1), (4054, 2), (4058, 1), (4061, 20), (4068, 1), (4091, 1), (4093, 4), (4107, 3), (4110, 2), (4122, 1), (4126, 2), (4142, 1), (4145, 1), (4157, 1), (4166, 7), (4171, 3), (4183, 1), (4184, 2), (4199, 3), (4223, 4), (4225, 1), (4230, 3), (4233, 16), (4235, 1), (4249, 4), (4270, 1), (4272, 2), (4280, 34), (4290, 2), (4298, 1), (4301, 2), (4305, 8), (4309, 4), (4316, 1), (4317, 4), (4324, 4), (4330, 1), (4335, 1), (4368, 1), (4376, 1), (4381, 1), (4385, 2), (4388, 1), (4394, 6), (4396, 3), (4401, 1), (4434, 1), (4443, 7), (4447, 1), (4459, 1), (4460, 1), (4485, 3), (4488, 3), (4490, 1), (4497, 3), (4509, 1), (4538, 2), (4552, 2), (4569, 1), (4570, 5), (4586, 3), (4608, 6), (4622, 1), (4634, 1), (4638, 1), (4639, 1), (4642, 2), (4646, 8), (4661, 1), (4683, 1), (4685, 1), (4687, 1), (4691, 13), (4701, 12), (4708, 1), (4717, 1), (4723, 2), (4727, 1), (4732, 5), (4737, 1), (4740, 1), (4741, 1), (4762, 1), (4788, 2), (4794, 2), (4806, 1), (4822, 10), (4838, 13), (4841, 1), (4845, 2), (4855, 1), (4856, 3), (4863, 1), (4874, 4), (4877, 2), (4882, 9), (4885, 6), (4925, 7), (4927, 3), (4934, 4), (4938, 2), (4953, 1), (4959, 1), (4960, 1), (4969, 1), (4977, 4), (5003, 10), (5019, 2), (5061, 1), (5074, 3), (5075, 1), (5083, 1), (5088, 1), (5089, 1), (5092, 1), (5093, 2), (5097, 1), (5112, 1), (5127, 8), (5136, 1), (5175, 1), (5189, 7), (5195, 1), (5208, 13), (5210, 1), (5248, 2), (5261, 1), (5277, 1), (5278, 3), (5280, 2), (5307, 1), (5339, 1), (5357, 1), (5366, 1), (5367, 2), (5386, 1), (5389, 1), (5390, 1), (5405, 1), (5412, 9), (5416, 6), (5421, 4), (5427, 1), (5433, 2), (5504, 4), (5538, 4), (5542, 3), (5549, 2), (5556, 1), (5560, 1), (5571, 3), (5581, 2), (5582, 1), (5598, 2), (5631, 1), (5635, 1), (5662, 2), (5685, 2), (5688, 1), (5693, 1), (5699, 2), (5715, 1), (5727, 3), (5738, 4), (5759, 1), (5764, 2), (5805, 7), (5806, 2), (5808, 1), (5809, 4), (5814, 2), (5818, 1), (5819, 4), (5830, 1), (5832, 2), (5833, 1), (5837, 1), (5847, 1), (5848, 1), (5851, 2), (5855, 2), (5862, 1), (5865, 1), (5869, 4), (5902, 1), (5905, 1), (5913, 2), (5922, 1), (5955, 4), (5956, 1), (5983, 1), (5984, 1), (5993, 1), (5995, 1), (5999, 2), (6000, 1), (6003, 1), (6004, 1), (6010, 4), (6013, 4), (6018, 1), (6034, 1), (6039, 1), (6045, 1), (6052, 4), (6055, 2), (6066, 3), (6078, 4), (6086, 1), (6106, 5), (6114, 1), (6115, 1), (6119, 1), (6122, 4), (6134, 2), (6163, 4), (6168, 2), (6192, 1), (6200, 2), (6202, 1), (6204, 2), (6210, 1), (6212, 3), (6215, 1), (6231, 2), (6246, 1), (6247, 1), (6255, 2), (6278, 1), (6282, 2), (6286, 1), (6287, 1), (6301, 1), (6317, 2), (6320, 1), (6323, 1), (6334, 3), (6352, 1), (6356, 2), (6364, 1), (6372, 1), (6373, 1), (6374, 1), (6375, 1), (6413, 1), (6418, 3), (6431, 1), (6440, 6), (6453, 2), (6461, 2), (6468, 2), (6483, 1), (6484, 1), (6495, 1), (6508, 1), (6510, 1), (6535, 24), (6536, 1), (6540, 2), (6547, 1), (6550, 2), (6554, 1), (6557, 1), (6558, 1), (6568, 1), (6575, 2), (6578, 2), (6589, 3), (6593, 2), (6596, 1), (6611, 1), (6614, 21), (6625, 1), (6633, 2), (6634, 4), (6635, 2), (6639, 18), (6643, 1), (6677, 1), (6680, 1), (6687, 2), (6688, 1), (6690, 1), (6697, 2), (6700, 4), (6701, 8), (6704, 2), (6707, 1), (6710, 7), (6731, 1), (6732, 5), (6735, 12), (6737, 7), (6746, 1), (6763, 3), (6772, 1), (6775, 6), (6783, 1), (6787, 1), (6814, 3), (6834, 1), (6841, 4), (6846, 1), (6852, 14), (6870, 6), (6879, 1), (6898, 2), (6921, 2), (6922, 1), (6943, 4), (6966, 3), (6970, 3), (6972, 1), (6975, 1), (6979, 1), (6984, 1), (7002, 1), (7010, 1), (7023, 1), (7037, 1), (7038, 2), (7050, 1), (7059, 4), (7076, 2), (7078, 5), (7101, 3), (7103, 2), (7118, 4), (7132, 1), (7136, 1), (7145, 1), (7146, 24), (7148, 1), (7149, 2), (7168, 1), (7169, 3), (7170, 8), (7173, 1), (7177, 1), (7181, 1), (7184, 2), (7198, 2), (7206, 1), (7222, 2), (7224, 1), (7228, 1), (7234, 4), (7235, 1), (7243, 1), (7255, 4), (7267, 1), (7298, 2), (7303, 2), (7304, 12), (7317, 2), (7322, 3), (7335, 8), (7339, 4), (7340, 2), (7343, 2), (7347, 3), (7350, 1), (7352, 2), (7368, 1), (7369, 2), (7378, 1), (7389, 1), (7391, 1), (7397, 2), (7402, 7), (7408, 1), (7414, 6), (7425, 1), (7434, 6), (7447, 1), (7448, 1), (7452, 2), (7461, 6), (7464, 1), (7485, 2), (7492, 6), (7511, 1), (7522, 2), (7552, 1), (7566, 1), (7580, 1), (7594, 1), (7605, 2), (7618, 2), (7621, 1), (7630, 3), (7643, 2), (7654, 1), (7656, 2), (7665, 1), (7668, 1), (7670, 2), (7681, 15), (7692, 1), (7718, 1), (7722, 4), (7727, 1), (7741, 1), (7757, 1), (7761, 1), (7775, 4), (7784, 1), (7789, 1), (7797, 4), (7800, 1), (7816, 2), (7825, 4), (7838, 2), (7848, 5), (7855, 1), (7862, 1), (7867, 4), (7884, 1), (7888, 10), (7897, 1), (7906, 1), (7917, 1), (7921, 1), (7929, 1), (7952, 6), (7974, 1), (7985, 1), (8006, 4), (8013, 1), (8018, 2), (8023, 4), (8024, 1), (8025, 1), (8031, 1), (8042, 4), (8046, 1), (8048, 10), (8066, 1), (8099, 1), (8105, 1), (8106, 4), (8109, 1), (8115, 3), (8125, 1), (8134, 1), (8135, 1), (8152, 1), (8160, 6), (8174, 11), (8182, 2), (8192, 2), (8194, 3), (8203, 2), (8207, 4), (8217, 1), (8218, 1), (8224, 15), (8228, 1), (8230, 1), (8231, 2), (8233, 1), (8248, 1), (8262, 3), (8275, 6), (8276, 1), (8279, 1), (8289, 2), (8295, 2), (8300, 2), (8307, 2), (8322, 2), (8336, 1), (8337, 2), (8344, 1), (8346, 1), (8372, 1), (8386, 1), (8393, 1), (8395, 1), (8400, 1), (8408, 6), (8461, 1), (8467, 1), (8480, 7), (8483, 4), (8486, 9), (8488, 1), (8507, 1), (8548, 1), (8549, 2), (8559, 1), (8561, 3), (8573, 2), (8577, 1), (8582, 10), (8590, 4), (8595, 1), (8602, 2), (8611, 12), (8615, 1), (8627, 3), (8629, 4), (8633, 1), (8635, 1), (8637, 4), (8643, 1), (8647, 1), (8668, 4), (8669, 1), (8672, 3), (8675, 1), (8692, 1), (8697, 1), (8702, 2), (8715, 2), (8720, 5), (8721, 1), (8740, 4), (8742, 1), (8750, 1), (8753, 4), (8755, 1), (8761, 1), (8767, 1), (8769, 1), (8772, 2), (8782, 2), (8793, 1), (8834, 1), (8836, 1), (8847, 1), (8857, 1), (8863, 1), (8878, 1), (8895, 3), (8896, 1), (8900, 1), (8907, 1), (8911, 2), (8918, 2), (8929, 2), (8958, 1), (8965, 1), (8973, 2), (8974, 2), (8980, 1), (8993, 1), (8995, 1), (9016, 2), (9024, 1), (9036, 1), (9045, 2), (9056, 1), (9057, 1), (9058, 1), (9064, 2), (9066, 2), (9073, 1), (9076, 4), (9081, 1), (9092, 2), (9099, 2), (9105, 2), (9110, 1), (9130, 1), (9131, 1), (9134, 2), (9155, 1), (9158, 1), (9173, 6), (9190, 1), (9197, 1), (9198, 2), (9201, 4), (9204, 1), (9213, 4), (9215, 26), (9218, 1), (9220, 1), (9233, 1), (9240, 1), (9262, 1), (9274, 1), (9314, 2), (9317, 2), (9339, 2), (9369, 24), (9385, 1), (9393, 1), (9440, 4), (9452, 4), (9459, 8), (9462, 7), (9468, 2), (9472, 3), (9479, 3), (9482, 4), (9487, 1), (9501, 1), (9507, 5), (9511, 10), (9517, 1), (9543, 13), (9546, 1), (9547, 2), (9567, 1), (9574, 2), (9578, 8), (9584, 1), (9585, 1), (9601, 3), (9602, 3), (9604, 2), (9614, 4), (9616, 6), (9621, 1), (9624, 3), (9626, 1), (9628, 1), (9632, 1), (9633, 1), (9653, 22), (9657, 3), (9664, 1), (9665, 1), (9683, 1), (9714, 2), (9727, 5), (9732, 2), (9747, 1), (9761, 1), (9763, 1), (9782, 2), (9787, 28), (9799, 4), (9800, 1), (9827, 2), (9839, 1), (9840, 1), (9847, 1), (9858, 1), (9871, 2), (9875, 1), (9890, 1), (9895, 1), (9904, 1), (9905, 1), (9932, 2), (9942, 2), (9961, 2), (9978, 2), (9982, 1), (9986, 1), (9987, 8)
dreamcatch (DF: 1): (32, 1)
dreamchas (DF: 1): (6728, 1)
dreameat (DF: 1): (2096, 1)
dreamer (DF: 35): (134, 1), (183, 1), (442, 3), (464, 1), (672, 1), (1482, 2), (1675, 1), (1892, 7), (2298, 1), (2556, 1), (2978, 1), (3129, 1), (4234, 4), (4307, 2), (4309, 4), (4441, 1), (4491, 1), (4509, 1), (4893, 1), (4946, 2), (5517, 2), (5518, 1), (5634, 1), (6180, 2), (6236, 1), (6246, 1), (6255, 2), (6411, 1), (6535, 5), (6911, 2), (7107, 10), (7447, 1), (8617, 3), (9200, 1), (9815, 1)
dreami (DF: 1): (1186, 2)
dreamin (DF: 60): (2, 1), (121, 1), (162, 1), (212, 4), (237, 1), (291, 1), (622, 1), (941, 3), (993, 2), (1055, 1), (1257, 1), (1681, 1), (1705, 1), (1748, 1), (1840, 1), (1867, 1), (2028, 1), (2030, 4), (2256, 1), (2493, 1), (2719, 1), (3008, 10), (3054, 1), (3168, 6), (3735, 1), (4050, 4), (4250, 1), (4488, 1), (4878, 1), (4968, 3), (5085, 1), (5419, 1), (5511, 7), (5513, 2), (5533, 1), (5680, 2), (5727, 2), (5736, 1), (6066, 2), (6327, 1), (6440, 8), (6707, 1), (6732, 13), (6757, 2), (6775, 11), (7009, 1), (7043, 1), (7076, 16), (7661, 5), (7994, 1), (8079, 1), (8327, 1), (8590, 16), (8692, 1), (9042, 2), (9197, 1), (9440, 1), (9454, 24), (9764, 8), (9920, 3)
dreamt (DF: 6): (2748, 1), (3154, 4), (7408, 2), (7919, 1), (8995, 1), (9449, 2)
dreamteam (DF: 1): (8406, 2)
dreamvill (DF: 2): (4723, 4), (6352, 1)
dreamwork (DF: 1): (4500, 1)
dreamworld (DF: 1): (4443, 11)
dreck (DF: 3): (2194, 1), (4816, 1), (8498, 1)
dreckig (DF: 3): (1715, 1), (3932, 1), (9457, 6)
dreckrap (DF: 2): (483, 1), (1654, 1)
drecksdealersound (DF: 1): (5493, 2)
dreckshayat (DF: 1): (2050, 1)
drecksjob (DF: 1): (6600, 1)
dreco (DF: 2): (2278, 1), (2887, 1)
dredlock (DF: 1): (337, 1)
dreem (DF: 1): (4570, 1)
dreezi (DF: 3): (4931, 1), (6352, 2), (9627, 1)
drefquil (DF: 3): (4544, 1), (7504, 1), (7749, 2)
dreg (DF: 1): (6269, 1)
dreh (DF: 18): (484, 1), (778, 1), (2376, 1), (2637, 2), (2881, 1), (3123, 1), (3570, 2), (3962, 3), (5493, 2), (5559, 1), (5691, 1), (6600, 6), (6620, 1), (6748, 1), (8098, 4), (8670, 1), (8829, 2), (9941, 3)
drehkick (DF: 1): (7411, 1)
drehn (DF: 1): (6748, 1)
dreht (DF: 8): (681, 1), (1238, 1), (2574, 1), (3932, 2), (8098, 2), (8340, 1), (9457, 1), (9795, 1)
drei (DF: 14): (484, 1), (493, 1), (2078, 1), (2574, 1), (3962, 1), (4743, 1), (5493, 1), (5691, 1), (6620, 1), (7283, 2), (8019, 1), (8932, 1), (9236, 1), (9788, 1)
dreieinhalb (DF: 1): (778, 1)
dreier (DF: 3): (681, 1), (3067, 1), (7373, 1)
dreihundert (DF: 4): (246, 1), (3462, 1), (7463, 1), (8670, 1)
dreimal (DF: 2): (4318, 1), (7521, 3)
dreissig (DF: 5): (3409, 1), (3462, 1), (6835, 1), (7720, 1), (9788, 2)
dreiundzwanz (DF: 1): (1244, 1)
dreizehn (DF: 1): (3048, 1)
drench (DF: 7): (368, 1), (868, 4), (2177, 1), (2989, 5), (5847, 1), (7606, 1), (9375, 2)
drenchil (DF: 3): (2725, 1), (3687, 1), (9453, 1)
drenchin (DF: 1): (1909, 1)
dreng (DF: 2): (4295, 5), (8564, 3)
dres (DF: 1): (1825, 2)
dresa (DF: 1): (250, 1)
