zdobi (DF: 1): (4582, 2)
zdobywaj (DF: 1): (4405, 1)
zdrowi (DF: 2): (908, 1), (4311, 2)
zdycha (DF: 1): (6678, 1)
zdziwi (DF: 1): (9647, 2)
ze (DF: 29): (175, 2), (852, 2), (1077, 25), (1432, 6), (1619, 15), (2260, 4), (2638, 1), (3453, 3), (3744, 4), (3748, 2), (3864, 15), (4849, 15), (6007, 2), (6008, 4), (6015, 2), (6184, 2), (6303, 2), (6457, 1), (6641, 4), (7344, 4), (7421, 3), (7519, 2), (7547, 3), (8418, 10), (8604, 3), (8831, 2), (9162, 8), (9425, 1), (9695, 2)
zealot (DF: 1): (2506, 1)
zealous (DF: 1): (6372, 1)
zeamson (DF: 1): (9647, 1)
zeb (DF: 1): (8210, 2)
zebra (DF: 6): (2144, 1), (2284, 1), (2939, 1), (4320, 1), (7356, 1), (7537, 1)
zebrastreif (DF: 1): (2637, 1)
zed (DF: 1): (532, 1)
zedd (DF: 21): (329, 1), (611, 1), (901, 1), (2015, 1), (2265, 2), (2684, 1), (2727, 1), (2807, 1), (3013, 1), (3301, 1), (3454, 1), (3473, 1), (3595, 1), (3877, 1), (4683, 2), (4819, 1), (5799, 1), (6404, 1), (6625, 1), (7997, 1), (9247, 1)
zee (DF: 3): (1157, 1), (6464, 1), (8609, 1)
zeen (DF: 1): (9751, 1)
zeg (DF: 10): (43, 3), (852, 2), (1619, 6), (2260, 2), (2638, 2), (3453, 1), (6184, 4), (6303, 1), (6641, 2), (8418, 1)
zegarek (DF: 1): (250, 1)
zegari (DF: 1): (4914, 2)
zegarki (DF: 2): (3744, 2), (9162, 1)
zeggen (DF: 5): (175, 1), (2260, 1), (3864, 1), (6303, 1), (7519, 1)
zegt (DF: 7): (1432, 5), (1619, 1), (3453, 1), (3748, 1), (6184, 1), (6303, 3), (8831, 1)
zegti (DF: 1): (6184, 1)
zeh (DF: 1): (5053, 1)
zehar (DF: 1): (4985, 1)
zeher (DF: 1): (8220, 2)
zehn (DF: 14): (246, 1), (1845, 1), (2574, 1), (3123, 1), (3462, 1), (4124, 1), (4998, 1), (5214, 1), (5955, 1), (6430, 1), (6600, 3), (7463, 1), (8670, 1), (8932, 3)
zehnerpack (DF: 1): (246, 1)
zei (DF: 2): (4297, 1), (6008, 1)
zeich (DF: 3): (2078, 1), (4192, 1), (8260, 1)
zeichen (DF: 1): (3599, 1)
zeichn (DF: 1): (1758, 1)
zeig (DF: 20): (778, 1), (1715, 2), (1771, 1), (2170, 1), (2327, 1), (2637, 2), (3048, 1), (3932, 29), (4743, 1), (5149, 3), (5382, 1), (5459, 1), (5577, 2), (6139, 3), (7278, 1), (7521, 3), (7983, 1), (8311, 1), (8670, 1), (9788, 1)
zeigt (DF: 2): (1616, 1), (3462, 1)
zeil (DF: 2): (1244, 1), (4876, 1)
zeinchen (DF: 1): (3599, 1)
zeit (DF: 27): (484, 3), (493, 1), (1177, 2), (1218, 1), (1244, 1), (1583, 1), (1845, 2), (2078, 2), (2535, 2), (2637, 2), (3123, 2), (3599, 1), (3932, 5), (3962, 1), (4124, 2), (4318, 1), (4816, 1), (5149, 1), (5206, 3), (5890, 4), (6026, 1), (6748, 3), (7306, 2), (7463, 1), (8098, 7), (9236, 1), (9999, 2)
zeitung (DF: 4): (483, 1), (1244, 1), (1654, 1), (2328, 1)
zejd (DF: 1): (7916, 1)
zeker (DF: 1): (175, 1)
zeko (DF: 1): (4318, 1)
zel (DF: 2): (696, 1), (7518, 1)
zelf (DF: 2): (3864, 4), (8418, 1)
zell (DF: 5): (3849, 1), (3932, 1), (5493, 1), (6238, 1), (9236, 4)
zella (DF: 2): (3661, 1), (7067, 1)
zelleneinschluss (DF: 1): (4124, 1)
zemdl (DF: 1): (1918, 1)
zement (DF: 1): (3962, 3)
zen (DF: 5): (4614, 1), (5020, 1), (8277, 1), (8902, 1), (8931, 2)
zendaya (DF: 1): (5123, 1)
zeng (DF: 1): (905, 1)
zenit (DF: 1): (1655, 4)
zensur (DF: 1): (2535, 1)
zentimet (DF: 1): (7463, 1)
zentral (DF: 1): (2328, 1)
zenzei (DF: 1): (117, 1)
zep (DF: 1): (5229, 1)
zephyr (DF: 1): (8146, 2)
zeppelin (DF: 11): (389, 2), (912, 2), (1002, 2), (1197, 1), (1419, 2), (1645, 2), (4359, 1), (6163, 1), (8408, 2), (8715, 2), (9133, 2)
zepsutych (DF: 1): (4358, 2)
zer (DF: 2): (187, 1), (5622, 8)
zera (DF: 1): (6007, 1)
zerberst (DF: 1): (5049, 1)
zerbrich (DF: 1): (4318, 1)
zerbricht (DF: 1): (5049, 1)
zerem (DF: 1): (6678, 1)
zerfetz (DF: 2): (483, 1), (1654, 1)
zerfetzt (DF: 1): (8247, 1)
zerfick (DF: 2): (493, 1), (2376, 1)
zerfickt (DF: 2): (5049, 1), (6835, 1)
zerhamm (DF: 1): (2194, 1)
zerleg (DF: 2): (5051, 2), (5149, 1)
zero (DF: 53): (59, 3), (195, 2), (250, 1), (292, 1), (357, 2), (952, 2), (1111, 1), (1224, 3), (1304, 1), (1814, 2), (1821, 1), (1844, 2), (2000, 1), (2391, 2), (2506, 5), (2539, 2), (2646, 1), (2778, 1), (3335, 1), (3507, 1), (3993, 6), (4100, 1), (4112, 1), (4165, 2), (4229, 2), (4620, 1), (4714, 1), (5065, 2), (5312, 2), (5559, 1), (5587, 2), (5680, 10), (5890, 2), (5959, 1), (6036, 1), (6044, 2), (6459, 1), (6761, 2), (6950, 1), (7390, 1), (7505, 1), (7954, 1), (7977, 1), (8028, 1), (8087, 1), (8248, 1), (8333, 1), (8593, 1), (8670, 1), (9120, 1), (9341, 1), (9514, 7), (9529, 1)
zerpfluckt (DF: 1): (5049, 1)
zerquetsch (DF: 1): (8311, 1)
zerreiss (DF: 1): (2194, 1)
zerreisst (DF: 2): (778, 1), (7306, 1)
zersag (DF: 2): (2194, 1), (5890, 4)
zersagt (DF: 1): (4004, 1)
zerschlag (DF: 1): (6835, 1)
zerschmett (DF: 2): (483, 1), (1654, 1)
zerstor (DF: 3): (1845, 1), (6835, 1), (8098, 3)
zerstort (DF: 1): (198, 1)
zerva (DF: 3): (1174, 1), (4736, 1), (6794, 1)
zespó (DF: 1): (4358, 2)
zestresowa (DF: 1): (4311, 1)
zeszmaci (DF: 1): (4914, 2)
zet (DF: 14): (812, 4), (982, 2), (1077, 1), (2260, 1), (2638, 6), (2656, 2), (4256, 1), (4356, 4), (4849, 7), (7421, 1), (7836, 1), (7925, 1), (8733, 1), (9595, 1)
zettai (DF: 1): (8000, 1)
zetten (DF: 2): (3748, 9), (4607, 1)
zeug (DF: 7): (880, 1), (2050, 1), (2574, 1), (3462, 1), (6238, 1), (9236, 1), (9457, 1)
zeurt (DF: 1): (6184, 4)
zeus (DF: 2): (1249, 1), (1555, 1)
zeventig (DF: 1): (4607, 1)
zevon (DF: 1): (6135, 2)
zeze (DF: 2): (469, 2), (825, 1)
zgarniam (DF: 1): (4358, 1)
zgubi (DF: 1): (8452, 1)
zhané (DF: 2): (2790, 1), (9883, 1)
zhavia (DF: 1): (8152, 1)
