die (DF: 227): (8886, 1), (8890, 1), (8907, 2), (8909, 6), (8960, 1), (8966, 1), (8974, 2), (8991, 2), (8998, 3), (9006, 16), (9026, 1), (9027, 2), (9032, 1), (9037, 1), (9048, 5), (9052, 1), (9057, 1), (9059, 2), (9073, 1), (9082, 2), (9102, 1), (9104, 1), (9106, 3), (9117, 3), (9143, 3), (9152, 1), (9171, 1), (9189, 3), (9201, 1), (9210, 1), (9212, 4), (9221, 2), (9226, 1), (9231, 1), (9241, 1), (9251, 6), (9269, 2), (9324, 2), (9331, 1), (9339, 2), (9347, 1), (9354, 1), (9357, 1), (9361, 11), (9364, 1), (9370, 2), (9398, 2), (9403, 1), (9425, 15), (9435, 1), (9442, 12), (9459, 10), (9468, 8), (9472, 1), (9478, 1), (9479, 1), (9486, 1), (9504, 2), (9509, 1), (9524, 1), (9554, 1), (9573, 1), (9590, 2), (9594, 1), (9595, 4), (9604, 2), (9618, 1), (9625, 4), (9632, 1), (9633, 1), (9640, 40), (9651, 4), (9658, 1), (9681, 1), (9685, 2), (9694, 2), (9711, 1), (9721, 2), (9728, 1), (9731, 1), (9799, 2), (9815, 1), (9820, 7), (9830, 1), (9844, 1), (9871, 1), (9875, 1), (9889, 1), (9904, 3), (9925, 1), (9952, 1), (9955, 1), (9959, 3), (9976, 1), (9977, 1), (9995, 1), (130, 1), (131, 6), (361, 3), (363, 1), (419, 1), (420, 3), (1354, 1), (1355, 1), (1381, 2), (1383, 1), (1470, 1), (1471, 1), (1638, 3), (1639, 1), (1674, 2), (1675, 1), (1712, 1), (1713, 1), (2022, 1), (2023, 7), (2117, 1), (2120, 6), (2137, 1), (2138, 1), (2147, 1), (2148, 2), (2272, 10), (2274, 1), (2420, 1), (2421, 2), (2468, 6), (2469, 7), (2500, 1), (2502, 1), (2769, 4), (2770, 2), (2859, 3), (2861, 1), (2871, 1), (2872, 2), (3299, 3), (3300, 1), (3333, 1), (3334, 3), (3455, 2), (3456, 1), (3573, 5), (3574, 1), (3626, 1), (3628, 1), (3677, 1), (3679, 1), (3778, 1), (3779, 1), (3976, 2), (3977, 1), (4174, 4), (4177, 1), (4309, 8), (4310, 1), (4351, 7), (4353, 1), (4509, 1), (4512, 1), (4562, 1), (4564, 3), (4773, 1), (4775, 7), (4841, 2), (4842, 1), (5262, 1), (5264, 2), (5332, 2), (5333, 16), (5495, 1), (5496, 1), (5610, 5), (5612, 1), (5671, 1), (5672, 2), (5717, 2), (5718, 5), (5871, 1), (5872, 1), (5920, 3), (5921, 1), (6258, 2), (6259, 1), (6474, 1), (6475, 2), (6604, 2), (6605, 1), (6711, 2), (6713, 1), (6865, 1), (6866, 1), (7510, 2), (7512, 1), (7740, 1), (7741, 4), (7912, 3), (7913, 1), (8082, 2), (8083, 1), (8426, 1), (8428, 1), (8529, 2), (8530, 3), (8584, 3), (8585, 3), (8592, 1), (8593, 1), (8993, 1), (9043, 9), (9044, 3), (9046, 1), (9218, 1), (9341, 1), (9454, 40), (9456, 1), (9614, 2), (9616, 2), (9659, 1), (9661, 9), (9708, 2), (9709, 7), (9746, 1), (9749, 1), (6317, 3), (6318, 1), (6320, 7)
dieb (DF: 4): (2376, 33), (5051, 1), (5577, 1), (6139, 12)
diec (DF: 1): (63, 1)
diecinuev (DF: 1): (7879, 1)
diecioch (DF: 1): (8036, 1)
diecis (DF: 3): (53, 1), (5363, 1), (8036, 1)
diecisei (DF: 1): (7953, 1)
diecisiet (DF: 1): (1967, 2)
diefrom (DF: 2): (5045, 1), (6846, 1)
dieg (DF: 1): (5735, 1)
diego (DF: 8): (2084, 8), (5049, 2), (5513, 2), (5801, 1), (6327, 1), (6397, 1), (6757, 1), (8079, 1)
diem (DF: 1): (7123, 1)
dient (DF: 11): (12, 2), (3890, 1), (4210, 2), (4347, 1), (4671, 2), (4752, 1), (5224, 1), (7879, 1), (7948, 1), (8733, 1), (9034, 1)
dienton (DF: 1): (8728, 1)
dier (DF: 11): (1461, 1), (1803, 1), (2585, 2), (4362, 2), (4560, 1), (6336, 1), (6346, 3), (6532, 1), (7003, 1), (8143, 2), (9974, 4)
dieron (DF: 7): (1379, 3), (2601, 2), (2948, 2), (3269, 1), (3504, 3), (9252, 1), (9309, 1)
dies (DF: 2): (2027, 1), (7725, 1)
diesel (DF: 15): (223, 1), (778, 1), (2034, 6), (2156, 2), (2962, 2), (4326, 1), (4614, 1), (5797, 6), (6496, 1), (7517, 2), (7973, 1), (9019, 1), (9252, 1), (9944, 1), (9972, 1)
diestr (DF: 1): (5547, 2)
diet (DF: 10): (1210, 1), (2676, 1), (2845, 1), (3248, 1), (3949, 3), (4764, 1), (5228, 1), (5821, 1), (7090, 1), (7607, 1)
dieta (DF: 1): (8452, 1)
dietr (DF: 7): (1010, 1), (1485, 1), (3210, 1), (3295, 1), (7251, 1), (7466, 1), (8198, 1)
dieu (DF: 2): (598, 2), (9737, 4)
diez (DF: 20): (178, 1), (557, 1), (3239, 1), (3572, 1), (3816, 42), (4219, 1), (4246, 1), (4912, 1), (5792, 1), (6027, 1), (6438, 4), (6541, 1), (7342, 3), (7415, 1), (7454, 1), (8255, 1), (8882, 3), (8883, 1), (9185, 1), (9575, 2)
difam (DF: 2): (1582, 1), (9864, 1)
difend (DF: 1): (1848, 1)
diferenci (DF: 2): (2792, 1), (9430, 1)
diferent (DF: 21): (14, 1), (891, 1), (1095, 1), (1215, 1), (1481, 2), (1826, 1), (1939, 1), (2088, 1), (2242, 1), (2530, 1), (2662, 1), (3071, 3), (3305, 2), (3340, 2), (3580, 4), (4556, 1), (4752, 1), (5013, 4), (5118, 2), (5198, 1), (5541, 2)
