gladd (DF: 1): (7421, 1)
glade (DF: 3): (516, 1), (7140, 1), (9667, 1)
gladi (DF: 5): (2865, 1), (7186, 1), (9209, 1), (9875, 1), (9886, 1)
gladiat (DF: 3): (958, 2), (6018, 5), (9993, 1)
glair (DF: 1): (7671, 1)
glamor (DF: 5): (102, 1), (5735, 1), (6665, 1), (7030, 1), (8793, 1)
glamour (DF: 5): (444, 1), (1053, 1), (7671, 1), (8445, 1), (9087, 1)
glanc (DF: 27): (80, 1), (318, 3), (633, 2), (753, 1), (1092, 1), (1267, 1), (1285, 1), (3238, 1), (3858, 3), (4260, 3), (4526, 1), (5604, 1), (5739, 1), (6012, 1), (6063, 1), (6068, 2), (6124, 1), (6418, 1), (6490, 1), (6636, 1), (7745, 2), (7747, 1), (8774, 1), (8775, 1), (9035, 1), (9057, 1), (9063, 1)
glancin (DF: 2): (2093, 2), (2991, 6)
gland (DF: 3): (6886, 1), (7099, 1), (7758, 1)
glanz (DF: 4): (1616, 1), (1758, 1), (3048, 1), (5577, 1)
glanzend (DF: 1): (2376, 1)
glanzt (DF: 2): (3048, 1), (9457, 1)
glare (DF: 11): (1555, 1), (1674, 1), (2019, 1), (2286, 1), (3207, 1), (4982, 1), (5887, 1), (6426, 1), (7748, 3), (7960, 1), (8368, 1)
glas (DF: 8): (1465, 1), (2376, 1), (3048, 1), (3466, 2), (5214, 1), (7720, 1), (8247, 1), (8340, 1)
glasgow (DF: 2): (6619, 2), (9500, 1)
glasper (DF: 1): (3592, 1)
glass (DF: 174): (257, 1), (324, 1), (359, 3), (369, 1), (378, 5), (434, 1), (550, 3), (760, 1), (802, 1), (922, 1), (948, 2), (951, 1), (952, 2), (1050, 1), (1059, 1), (1152, 1), (1196, 1), (1226, 1), (1236, 3), (1325, 1), (1355, 1), (1381, 1), (1448, 1), (1503, 9), (1581, 1), (1588, 1), (1623, 1), (1624, 1), (1639, 1), (1650, 1), (1664, 4), (1700, 1), (1711, 1), (1718, 1), (1863, 2), (1891, 1), (1915, 2), (1948, 1), (1951, 1), (2008, 1), (2015, 2), (2031, 2), (2112, 1), (2131, 1), (2210, 1), (2269, 2), (2296, 1), (2322, 1), (2359, 2), (2365, 1), (2378, 1), (2399, 5), (2439, 1), (2489, 1), (2494, 1), (2684, 1), (2687, 1), (2907, 22), (2936, 1), (2994, 2), (3079, 2), (3136, 2), (3273, 32), (3317, 7), (3332, 3), (3379, 1), (3458, 1), (3524, 1), (3604, 1), (3626, 1), (3635, 1), (3639, 1), (3642, 1), (3852, 4), (4023, 2), (4110, 5), (4147, 1), (4165, 3), (4316, 1), (4349, 2), (4421, 3), (4490, 1), (4533, 1), (4598, 1), (4669, 1), (4673, 24), (4749, 3), (4810, 2), (4922, 2), (4931, 1), (4936, 2), (4967, 1), (4980, 2), (5080, 1), (5221, 16), (5327, 11), (5345, 1), (5654, 1), (5751, 3), (5895, 1), (5902, 5), (5907, 1), (5942, 1), (5974, 1), (5983, 1), (6134, 2), (6165, 1), (6222, 3), (6231, 1), (6286, 1), (6312, 1), (6338, 1), (6447, 1), (6492, 4), (6609, 8), (6839, 2), (6875, 1), (6943, 2), (6947, 1), (6948, 4), (7015, 1), (7070, 1), (7075, 1), (7194, 1), (7319, 1), (7323, 1), (7360, 1), (7410, 2), (7453, 1), (7469, 1), (7497, 1), (7597, 1), (7707, 1), (7711, 4), (7721, 1), (7743, 1), (7830, 2), (7839, 1), (7860, 1), (7872, 1), (7907, 6), (8020, 1), (8062, 6), (8132, 2), (8150, 1), (8156, 1), (8172, 1), (8192, 1), (8228, 1), (8326, 1), (8356, 1), (8448, 1), (8570, 2), (8653, 1), (8774, 1), (8807, 1), (8862, 1), (8890, 1), (8895, 12), (8909, 2), (8952, 2), (9126, 1), (9262, 1), (9273, 2), (9323, 4), (9624, 1), (9676, 1), (9683, 1), (9717, 1), (9730, 1), (9745, 1), (9900, 3), (9902, 2), (9969, 1)
glassa (DF: 1): (9542, 1)
glassi (DF: 4): (4785, 1), (5041, 1), (9054, 1), (9902, 1)
glastisch (DF: 1): (9457, 1)
glastonburi (DF: 1): (9143, 2)
glatt (DF: 1): (397, 1)
glaub (DF: 15): (151, 3), (198, 1), (484, 1), (1736, 2), (2637, 2), (3123, 2), (3466, 1), (4318, 5), (4998, 6), (6208, 4), (6748, 1), (7306, 3), (8260, 4), (8678, 2), (8999, 1)
glaubt (DF: 3): (3381, 1), (6026, 1), (6139, 1)
glauchen (DF: 1): (5177, 1)
glaze (DF: 8): (800, 1), (1381, 1), (2230, 1), (6225, 2), (6985, 1), (7328, 1), (8571, 1), (8803, 4)
glazen (DF: 1): (3748, 1)
glaçon (DF: 1): (5801, 1)
gle (DF: 10): (908, 2), (1655, 2), (4311, 8), (4358, 4), (4405, 1), (4582, 2), (7356, 1), (8452, 3), (8509, 6), (9647, 1)
gleam (DF: 17): (405, 2), (1023, 2), (2312, 2), (2340, 1), (2523, 1), (2572, 1), (4121, 2), (4262, 1), (4575, 1), (4953, 1), (7020, 1), (8209, 1), (8299, 1), (8568, 2), (8609, 1), (8974, 2), (9016, 2)
gleamin (DF: 4): (1925, 1), (2522, 4), (4121, 1), (8779, 2)
gleaming20 (DF: 1): (6296, 1)
gleba (DF: 1): (6678, 1)
glee (DF: 5): (536, 3), (650, 1), (4625, 1), (6300, 1), (8531, 1)
gleich (DF: 7): (2637, 1), (3123, 1), (6026, 3), (6430, 1), (6835, 1), (7306, 1), (8932, 2)
gleit (DF: 1): (8651, 3)
glemm (DF: 1): (7200, 1)
glemmer (DF: 1): (7200, 1)
glen (DF: 3): (4917, 1), (7006, 2), (9989, 2)
glenn (DF: 1): (7234, 2)
glenwood (DF: 2): (2198, 1), (9576, 1)
gless (DF: 1): (7583, 1)
glet (DF: 1): (8850, 1)
glick (DF: 1): (350, 1)
glide (DF: 25): (753, 1), (802, 1), (1247, 1), (1556, 1), (2278, 1), (2399, 1), (2887, 1), (2942, 1), (3261, 1), (3726, 1), (3963, 1), (4526, 2), (5088, 1), (5159, 1), (6636, 1), (6716, 2), (7033, 1), (7133, 1), (7589, 3), (7627, 1), (8139, 1), (8523, 1), (8745, 1), (8885, 2), (9215, 3)
glidin (DF: 2): (2283, 1), (4942, 1)
glieben (DF: 1): (5177, 1)
glied (DF: 3): (2637, 1), (3984, 1), (5577, 1)
gliel (DF: 2): (7251, 1), (7466, 1)
glimmer (DF: 5): (1720, 1), (1844, 1), (2579, 1), (4463, 2), (8438, 2)
glimps (DF: 18): (295, 2), (1131, 1), (1260, 1), (2184, 1), (2213, 1), (2278, 1), (3662, 1), (5081, 1), (5136, 1), (6550, 2), (6763, 1), (7620, 1), (7664, 1), (7870, 2), (7943, 1), (8038, 1), (8483, 1), (9081, 1)
glimt (DF: 1): (4849, 1)
glint (DF: 2): (3745, 1), (7888, 5)
gliss (DF: 4): (2865, 1), (5622, 1), (6886, 1), (7186, 1)
glist (DF: 5): (221, 1), (3991, 1), (6585, 1), (7960, 1), (9035, 1)
glisten (DF: 8): (789, 1), (2356, 1), (4223, 2), (5645, 4), (5893, 1), (6296, 1), (7243, 2), (8857, 1)
glistenin (DF: 5): (4833, 1), (5842, 1), (7024, 1), (8148, 1), (9758, 1)
glitch (DF: 4): (1856, 1), (2507, 2), (8467, 1), (9776, 1)
glitchless (DF: 2): (4603, 1), (8141, 1)
glitt (DF: 1): (5786, 2)
glitter (DF: 24): (134, 2), (389, 1), (1272, 1), (1636, 6), (1987, 1), (2179, 4), (2720, 1), (2737, 2), (4814, 1), (4906, 15), (5571, 1), (5575, 1), (5869, 2), (5957, 1), (6839, 4), (7020, 1), (7644, 10), (7797, 1), (8209, 1), (8361, 2), (8445, 1), (8634, 1), (9224, 1), (9230, 2)
gliut (DF: 1): (6961, 1)
glizzi (DF: 6): (181, 1), (1147, 1), (2561, 1), (3568, 1), (7691, 1), (8467, 1)
glo (DF: 3): (51, 1), (1731, 2), (4295, 1)
glob (DF: 1): (9410, 1)
global (DF: 66): (340, 1), (430, 1), (479, 1), (596, 1), (627, 1), (661, 1), (905, 1), (1170, 1), (1179, 1), (1192, 1), (1203, 1), (1627, 1), (1839, 1), (2361, 1), (2754, 1), (3001, 1), (3011, 1), (3067, 1), (3068, 1), (3156, 1), (3305, 1), (3371, 1), (3384, 1), (3510, 2), (3660, 1), (3943, 1), (3972, 2), (4152, 2), (4188, 1), (4232, 1), (4257, 10), (4294, 1), (4299, 1), (4479, 1), (4673, 1), (4833, 1), (5101, 1), (5250, 1), (5271, 1), (5801, 1), (5884, 1), (5934, 1), (6196, 1), (6394, 1), (6524, 1), (7475, 1), (7603, 1), (7652, 1), (7699, 1), (7707, 1), (7767, 1), (7859, 1), (7888, 1), (8014, 1), (8415, 4), (8424, 1), (8632, 1), (8742, 1), (8803, 4), (8822, 1), (8932, 1), (9125, 1), (9156, 1), (9737, 1), (9797, 1), (9946, 1)
globalni (DF: 1): (7916, 1)
globe (DF: 19): (740, 1), (1661, 1), (2032, 1), (2591, 2), (3021, 1), (3201, 1), (3428, 1), (4243, 3), (4360, 3), (4611, 1), (5299, 1), (5961, 1), (6146, 1), (6524, 1), (6999, 1), (7154, 1), (8316, 1), (8755, 1), (8960, 1)
globen (DF: 1): (5177, 1)
globetrodda (DF: 1): (574, 4)
globetrott (DF: 1): (2841, 5)
globoscopi (DF: 1): (489, 1)
gloc (DF: 1): (5085, 1)
glock (DF: 108): (92, 1), (204, 1), (306, 1), (350, 5), (535, 2), (558, 1), (711, 1), (731, 1), (782, 1), (829, 1), (966, 1), (1124, 1), (1136, 2), (1157, 1), (1211, 2), (1343, 1), (1354, 1), (1393, 1), (1833, 1), (1881, 1), (1979, 6), (2116, 2), (2251, 1), (2256, 1), (2294, 2), (2527, 1), (2552, 1), (2562, 2), (2612, 1), (2624, 10), (2636, 1), (2676, 1), (2680, 1), (2746, 1), (2840, 1), (2899, 1), (3253, 1), (3300, 1), (3310, 2), (3374, 1), (3439, 1), (3485, 2), (3502, 2), (3538, 1), (3568, 1), (3571, 3), (3581, 1), (3594, 1), (3598, 19), (3681, 6), (3723, 2), (3999, 1), (4059, 2), (4128, 3), (4295, 1), (4407, 1), (4558, 12), (4603, 1), (4743, 1), (4947, 2), (5050, 2), (5349, 1), (5570, 2), (5667, 4), (5766, 2), (5779, 1), (5786, 1), (5801, 1), (5838, 2), (5974, 1), (6189, 1), (6220, 1), (6667, 2), (6741, 1), (6819, 1), (6846, 1), (6853, 1), (6937, 1), (7070, 1), (7106, 1), (7226, 2), (7276, 1), (7369, 1), (7454, 1), (7465, 1), (7611, 4), (7691, 1), (7771, 1), (7926, 2), (8004, 1), (8135, 1), (8141, 1), (8170, 1), (8467, 1), (8470, 1), (8489, 1), (8551, 1), (8555, 1), (8756, 1), (8774, 2), (9032, 1), (9251, 1), (9256, 1), (9394, 1), (9442, 2), (9576, 4), (9590, 1), (9633, 1)
