learn (DF: 178): (5204, 1), (5207, 1), (5212, 1), (5227, 2), (5261, 2), (5299, 1), (5308, 19), (5314, 1), (5414, 1), (5468, 1), (5488, 12), (5542, 1), (5587, 2), (5614, 1), (5630, 6), (5657, 1), (5701, 1), (5706, 1), (5725, 1), (5729, 2), (5746, 2), (5759, 1), (5771, 1), (5808, 2), (5814, 1), (5828, 1), (5897, 4), (5933, 1), (5937, 3), (5943, 1), (5961, 3), (5974, 1), (6052, 31), (6082, 1), (6096, 1), (6125, 5), (6130, 1), (6156, 2), (6172, 1), (6204, 1), (6228, 4), (6416, 1), (6465, 1), (6492, 1), (6560, 1), (6569, 1), (6614, 24), (6625, 1), (6639, 1), (6697, 1), (6742, 3), (6759, 2), (6763, 2), (6771, 1), (6786, 5), (6807, 4), (6867, 1), (6873, 4), (6907, 1), (6921, 3), (6930, 1), (6963, 1), (7069, 3), (7091, 1), (7125, 1), (7133, 1), (7173, 21), (7202, 1), (7218, 1), (7224, 1), (7268, 3), (7314, 1), (7329, 1), (7383, 2), (7422, 1), (7443, 1), (7460, 1), (7470, 2), (7482, 1), (7542, 1), (7554, 1), (7580, 1), (7605, 4), (7608, 1), (7628, 1), (7629, 6), (7673, 2), (7687, 2), (7695, 2), (7700, 2), (7711, 1), (7748, 1), (7754, 2), (7791, 5), (7816, 1), (7864, 1), (7877, 2), (7906, 2), (7988, 1), (8002, 1), (8062, 3), (8081, 2), (8164, 2), (8176, 1), (8228, 1), (8269, 4), (8270, 1), (8312, 1), (8332, 1), (8357, 1), (8397, 1), (8414, 1), (8427, 2), (8492, 1), (8531, 1), (8537, 1), (8544, 1), (8559, 1), (8579, 1), (8584, 1), (8595, 1), (8608, 1), (8611, 1), (8630, 1), (8656, 1), (8672, 1), (8675, 1), (8685, 3), (8708, 1), (8743, 1), (8773, 1), (8807, 1), (8838, 2), (8881, 1), (8890, 2), (8896, 2), (8966, 1), (8974, 2), (8998, 3), (9019, 1), (9035, 1), (9113, 1), (9128, 1), (9143, 1), (9183, 2), (9210, 4), (9228, 1), (9254, 1), (9298, 2), (9304, 2), (9321, 7), (9324, 1), (9329, 1), (9369, 16), (9385, 1), (9394, 8), (9424, 2), (9455, 2), (9502, 1), (9526, 2), (9554, 3), (9642, 1), (9684, 1), (9702, 1), (9889, 1), (9927, 1), (9942, 1), (9983, 1), (377, 1), (378, 3), (3136, 2), (3137, 1), (3633, 2), (3634, 4), (3635, 1), (3933, 1), (3934, 2), (3935, 1)
learnin (DF: 8): (168, 1), (440, 1), (912, 4), (2500, 4), (2588, 1), (5605, 2), (5783, 1), (7137, 2)
learnt (DF: 11): (36, 1), (122, 1), (490, 1), (590, 2), (963, 1), (2714, 3), (5937, 1), (6431, 1), (7408, 1), (7900, 1), (8341, 1)
leas (DF: 17): (1026, 1), (1313, 1), (2145, 1), (2982, 1), (2995, 5), (3248, 1), (3269, 1), (5810, 2), (6157, 1), (6755, 1), (7018, 1), (7302, 1), (7304, 2), (7969, 1), (8231, 1), (8564, 1), (9628, 1)
leash (DF: 10): (1276, 1), (1856, 1), (3201, 1), (3507, 1), (5207, 1), (5412, 6), (7282, 1), (7302, 1), (7602, 2), (9763, 1)
leasson (DF: 1): (5024, 2)
least (DF: 132): (3, 2), (669, 1), (909, 1), (920, 1), (1020, 1), (1058, 2), (1065, 2), (1101, 1), (1103, 1), (1164, 1), (1261, 1), (1325, 4), (1354, 1), (1516, 4), (1527, 2), (1604, 1), (1640, 1), (1962, 1), (1981, 1), (1993, 6), (2105, 1), (2214, 6), (2269, 1), (2283, 2), (2624, 1), (2687, 1), (2726, 1), (2788, 1), (2793, 1), (2856, 1), (2866, 2), (2872, 1), (2888, 1), (3021, 1), (3054, 1), (3058, 3), (3127, 1), (3218, 1), (3298, 1), (3343, 2), (3412, 2), (3485, 1), (3526, 1), (3538, 1), (3579, 1), (3801, 1), (3883, 1), (4013, 1), (4148, 1), (4185, 1), (4250, 1), (4291, 1), (4294, 3), (4383, 2), (4451, 10), (4482, 1), (4535, 1), (4548, 1), (4634, 1), (4865, 3), (4870, 9), (4907, 1), (4960, 1), (5029, 1), (5124, 1), (5160, 1), (5179, 1), (5315, 1), (5367, 1), (5420, 4), (5492, 10), (5630, 1), (5757, 2), (5774, 1), (5809, 1), (5840, 1), (5862, 2), (5993, 1), (6003, 2), (6216, 3), (6245, 1), (6380, 1), (6398, 1), (6465, 1), (6538, 1), (6552, 2), (6660, 1), (6715, 1), (6721, 2), (6757, 2), (6834, 1), (6985, 1), (7057, 1), (7132, 1), (7139, 1), (7143, 1), (7264, 1), (7266, 1), (7334, 1), (7387, 1), (7439, 1), (7511, 3), (7634, 1), (7661, 5), (7717, 2), (7771, 1), (7791, 5), (7841, 1), (7855, 1), (7884, 1), (7971, 2), (8100, 2), (8154, 1), (8227, 1), (8241, 5), (8253, 3), (8259, 1), (8383, 1), (8502, 2), (8557, 1), (8668, 2), (8681, 1), (8766, 1), (9080, 1), (9332, 1), (9357, 1), (9382, 1), (9687, 1), (9787, 2), (9794, 1), (9847, 3), (9977, 1)
leather (DF: 50): (16, 3), (102, 1), (474, 2), (1012, 1), (1243, 1), (1358, 1), (1674, 1), (1772, 3), (2286, 1), (2357, 1), (2489, 1), (2855, 1), (2939, 1), (2985, 1), (3204, 1), (3216, 2), (3238, 1), (3374, 1), (3521, 1), (3729, 2), (3902, 1), (4003, 3), (4121, 1), (4326, 1), (4359, 1), (4615, 1), (4831, 1), (4905, 2), (5267, 1), (5294, 4), (5431, 17), (5509, 1), (5594, 1), (5627, 2), (5688, 1), (6156, 1), (6552, 1), (7065, 2), (7302, 1), (7537, 1), (7540, 1), (7944, 1), (8209, 1), (8745, 2), (8778, 1), (8789, 3), (9321, 7), (9409, 2), (9730, 1), (9971, 1)
leatherfac (DF: 2): (2147, 1), (4165, 1)
leav (DF: 1): (27, 1)
