ole (DF: 1): (9074, 1)
oleand (DF: 2): (6606, 1), (9377, 1)
olek (DF: 1): (6441, 2)
olert (DF: 1): (9034, 1)
olex (DF: 2): (606, 2), (6748, 1)
olexesh (DF: 10): (681, 2), (1176, 1), (3437, 2), (3570, 1), (3962, 2), (4004, 4), (5890, 1), (6600, 1), (6748, 2), (7411, 1)
olga (DF: 1): (3399, 2)
olha (DF: 14): (1415, 1), (2242, 1), (2631, 10), (2711, 1), (3215, 1), (3838, 1), (5859, 1), (5959, 18), (6983, 8), (8938, 10), (8989, 1), (9087, 1), (9120, 2), (9812, 1)
olham (DF: 1): (2833, 1)
olhando (DF: 4): (5719, 1), (6289, 5), (6397, 1), (9860, 1)
olhar (DF: 7): (3364, 1), (3692, 2), (5606, 1), (7649, 1), (9279, 4), (9637, 1), (9860, 6)
olhei (DF: 4): (2651, 14), (3215, 1), (9087, 1), (9838, 1)
olho (DF: 8): (2242, 1), (3215, 2), (4167, 1), (5118, 2), (9087, 1), (9120, 1), (9525, 1), (9876, 1)
olhou (DF: 2): (4357, 1), (5859, 1)
oli (DF: 3): (2170, 1), (6777, 1), (6929, 2)
oliend (DF: 1): (9575, 1)
olimpi (DF: 1): (6889, 1)
oliv (DF: 9): (1062, 1), (1283, 1), (1410, 1), (1755, 2), (3066, 1), (3699, 1), (4122, 1), (7235, 1), (9076, 1)
olivia (DF: 9): (228, 2), (1572, 1), (3675, 1), (3700, 1), (3734, 1), (6670, 1), (8586, 2), (8706, 2), (9149, 1)
olivv (DF: 1): (3788, 1)
oll (DF: 3): (778, 1), (1018, 1), (8759, 1)
olla (DF: 1): (4210, 1)
ollar (DF: 2): (6631, 2), (7000, 2)
olli (DF: 9): (253, 2), (935, 1), (1190, 1), (1880, 1), (2384, 1), (4530, 2), (5911, 1), (6780, 1), (8448, 1)
ollo (DF: 2): (3864, 3), (7519, 2)
olmo (DF: 1): (1686, 1)
olocaust (DF: 1): (5785, 1)
olor (DF: 18): (355, 4), (1022, 1), (2564, 1), (3697, 1), (4189, 1), (4659, 1), (4846, 1), (5022, 1), (5480, 1), (5512, 3), (6041, 1), (6871, 1), (7172, 2), (8482, 2), (9090, 1), (9469, 1), (9786, 10), (353, 1)
olorcit (DF: 1): (1967, 2)
olsen (DF: 2): (1036, 1), (1739, 1)
oluwaburna (DF: 2): (278, 2), (7912, 2)
olvid (DF: 152): (14, 1), (86, 8), (117, 1), (178, 1), (252, 4), (269, 2), (284, 2), (312, 1), (395, 2), (557, 1), (577, 8), (594, 1), (762, 9), (791, 3), (885, 1), (889, 2), (910, 6), (1141, 1), (1159, 1), (1215, 1), (1300, 2), (1441, 6), (1461, 1), (1677, 1), (1932, 3), (1939, 1), (1966, 3), (2090, 3), (2098, 2), (2473, 2), (2487, 1), (2564, 3), (2681, 3), (2782, 3), (2814, 1), (2828, 2), (2972, 42), (3080, 1), (3093, 12), (3106, 1), (3226, 2), (3269, 1), (3399, 1), (3401, 1), (3403, 4), (3419, 3), (3492, 1), (3495, 2), (3588, 2), (3666, 3), (3697, 1), (3851, 1), (3897, 4), (3902, 1), (3908, 1), (4011, 8), (4032, 1), (4180, 3), (4186, 10), (4344, 4), (4382, 1), (4416, 1), (4560, 1), (4605, 1), (4666, 5), (4711, 4), (4948, 1), (5126, 1), (5156, 1), (5174, 2), (5198, 2), (5224, 1), (5381, 4), (5471, 3), (5547, 1), (5754, 3), (5790, 7), (5975, 3), (6016, 1), (6041, 1), (6120, 2), (6152, 2), (6175, 1), (6179, 2), (6248, 2), (6279, 2), (6339, 1), (6351, 1), (6422, 2), (6438, 1), (6534, 1), (6651, 1), (6659, 5), (6884, 1), (6928, 2), (6932, 2), (6939, 2), (6967, 2), (7151, 12), (7288, 2), (7501, 2), (7513, 4), (7539, 1), (7604, 1), (7646, 2), (7766, 1), (7935, 5), (7961, 1), (8036, 2), (8066, 1), (8097, 2), (8112, 2), (8128, 2), (8429, 4), (8569, 3), (8580, 2), (8624, 2), (8691, 6), (8763, 1), (8785, 9), (8805, 6), (8882, 6), (8961, 3), (8997, 1), (9108, 1), (9204, 1), (9225, 4), (9252, 1), (9414, 6), (9437, 3), (9444, 4), (9470, 1), (9473, 1), (9475, 3), (9492, 2), (9496, 1), (9521, 8), (9534, 5), (9536, 8), (9568, 4), (9575, 3), (9580, 8), (9609, 12), (9690, 4), (9697, 6), (9762, 2), (9786, 12), (9864, 1), (9887, 3), (9903, 3), (9960, 24), (3898, 1)
olvida (DF: 1): (2205, 1)
olvidam (DF: 3): (3665, 9), (6422, 6), (9034, 1)
olvidar (DF: 1): (2606, 2)
olvidarn (DF: 1): (2782, 2)
olvidars (DF: 1): (439, 1)
olvidart (DF: 27): (19, 1), (86, 2), (284, 2), (632, 1), (1810, 4), (2645, 1), (2648, 1), (2972, 2), (3239, 2), (3666, 1), (3890, 1), (4049, 2), (4362, 1), (4567, 2), (4763, 1), (5105, 9), (5174, 2), (6321, 1), (6939, 2), (7151, 4), (7632, 1), (8482, 1), (8882, 6), (8961, 1), (9475, 1), (9516, 1), (9660, 2)
olvidat (DF: 8): (1254, 2), (1878, 1), (2668, 3), (2828, 1), (4470, 3), (6974, 1), (9225, 1), (9939, 3)
olvidem (DF: 2): (6205, 2), (6422, 1)
olvidemon (DF: 1): (6422, 1)
olvides (DF: 2): (4081, 1), (8466, 1)
olwik (DF: 1): (1129, 2)
olymp (DF: 4): (969, 1), (1757, 1), (6527, 1), (7479, 1)
olympia (DF: 1): (4107, 1)
