llev (DF: 196): (885, 1), (891, 7), (897, 1), (918, 1), (1005, 1), (1022, 1), (1241, 1), (1264, 3), (1307, 1), (1411, 1), (1441, 2), (1524, 1), (1582, 1), (1584, 2), (1682, 1), (1752, 3), (1778, 1), (1803, 3), (1826, 7), (2021, 2), (2027, 1), (2090, 1), (2092, 2), (2150, 3), (2180, 3), (2342, 1), (2351, 2), (2383, 6), (2529, 2), (2604, 1), (2606, 2), (2668, 2), (2785, 4), (2792, 1), (2805, 1), (2877, 1), (3062, 2), (3070, 2), (3078, 1), (3080, 2), (3351, 3), (3489, 1), (3492, 1), (3572, 2), (3580, 2), (3588, 4), (3614, 2), (3656, 2), (3853, 1), (3890, 1), (3908, 2), (3969, 2), (4011, 12), (4034, 1), (4081, 5), (4180, 5), (4189, 1), (4207, 1), (4246, 2), (4285, 1), (4288, 1), (4289, 1), (4347, 2), (4416, 3), (4469, 2), (4544, 1), (4556, 1), (4560, 2), (4567, 2), (4651, 1), (4659, 1), (4666, 1), (4702, 2), (4704, 1), (4763, 1), (4780, 1), (4797, 1), (4852, 1), (4886, 2), (4951, 3), (4961, 1), (5017, 5), (5040, 1), (5156, 1), (5174, 1), (5283, 7), (5352, 2), (5353, 1), (5376, 2), (5381, 2), (5388, 1), (5480, 1), (5502, 1), (5512, 1), (5621, 5), (5716, 1), (5740, 4), (5754, 1), (5768, 3), (5790, 1), (5852, 1), (5990, 1), (6001, 1), (6025, 1), (6041, 1), (6057, 1), (6079, 4), (6131, 1), (6138, 1), (6179, 2), (6209, 1), (6251, 1), (6346, 3), (6422, 1), (6432, 1), (6532, 2), (6562, 1), (6656, 1), (6681, 1), (6682, 1), (6689, 1), (6851, 2), (6862, 2), (6872, 1), (6928, 4), (6939, 1), (7016, 1), (7171, 5), (7172, 2), (7255, 1), (7274, 4), (7301, 5), (7367, 32), (7395, 2), (7426, 1), (7501, 1), (7504, 1), (7587, 1), (7632, 4), (7646, 12), (7843, 1), (7854, 5), (7876, 1), (7925, 1), (7956, 4), (7961, 3), (7993, 1), (8047, 1), (8097, 3), (8143, 8), (8149, 1), (8242, 2), (8255, 1), (8278, 1), (8353, 1), (8415, 4), (8420, 1), (8429, 1), (8454, 6), (8466, 5), (8479, 1), (8516, 3), (8624, 1), (8699, 8), (8820, 4), (8866, 1), (8892, 1), (8928, 1), (9040, 4), (9074, 1), (9090, 1), (9196, 1), (9248, 1), (9285, 2), (9306, 1), (9410, 2), (9415, 3), (9428, 1), (9430, 1), (9444, 1), (9492, 2), (9516, 3), (9524, 1), (9532, 2), (9545, 2), (9641, 2), (9652, 3), (9719, 4), (9740, 2), (9806, 2), (9819, 2), (9887, 2), (9963, 4), (3071, 2), (6883, 1), (6884, 1)
lleva (DF: 1): (299, 1)
llevam (DF: 8): (891, 7), (1501, 4), (1826, 7), (3614, 4), (5353, 1), (5502, 4), (9916, 2), (9938, 1)
llevandot (DF: 2): (2021, 1), (6016, 8)
llevar (DF: 4): (2210, 2), (5381, 2), (6947, 2), (8909, 4)
llevarn (DF: 1): (2877, 1)
llevart (DF: 21): (216, 1), (724, 1), (1099, 1), (1112, 5), (2107, 3), (2111, 1), (3421, 1), (3631, 2), (4954, 1), (5013, 2), (5156, 2), (5388, 1), (6682, 1), (6909, 3), (7108, 1), (7989, 3), (8140, 1), (8143, 3), (8243, 6), (8542, 3), (8914, 1)
llevat (DF: 3): (1022, 4), (3656, 1), (9938, 1)
llevatel (DF: 1): (6974, 1)
llevo (DF: 1): (7876, 6)
llevò (DF: 1): (1411, 1)
llewellyn (DF: 1): (5784, 1)
llif3 (DF: 1): (5496, 2)
llo (DF: 1): (6205, 2)
llor (DF: 85): (19, 1), (84, 1), (87, 12), (269, 5), (333, 4), (354, 3), (395, 1), (417, 2), (791, 1), (918, 1), (934, 6), (1022, 1), (1228, 28), (1241, 2), (1296, 1), (1379, 1), (1395, 6), (1631, 2), (1752, 1), (1788, 1), (1939, 1), (1974, 1), (2088, 2), (2090, 3), (2183, 1), (2354, 1), (2473, 1), (2530, 1), (2564, 1), (2681, 2), (3214, 1), (3239, 1), (3459, 4), (3495, 2), (3504, 1), (3550, 22), (3588, 4), (3853, 4), (3903, 1), (3981, 1), (4180, 14), (4238, 3), (4540, 2), (4769, 2), (4916, 4), (5016, 22), (5035, 3), (5198, 2), (5218, 1), (5852, 1), (5975, 1), (6120, 2), (6251, 1), (6263, 1), (6279, 14), (6339, 2), (6553, 1), (6705, 2), (6940, 2), (7183, 2), (7205, 2), (7572, 31), (7604, 1), (7935, 1), (7993, 9), (8047, 9), (8482, 2), (8518, 1), (8580, 2), (8691, 6), (8744, 2), (8751, 1), (8763, 2), (8817, 1), (8902, 1), (8997, 1), (9034, 1), (9074, 1), (9108, 8), (9196, 3), (9334, 1), (9400, 19), (9492, 1), (6514, 2), (6515, 4)
llorando (DF: 2): (3513, 1), (4188, 2)
llorandot (DF: 1): (6939, 1)
llorar (DF: 1): (9851, 2)
llorarebail (DF: 1): (269, 1)
llorart (DF: 1): (632, 1)
lloren (DF: 1): (299, 2)
lloriqu (DF: 1): (178, 1)
llov (DF: 10): (918, 1), (1109, 1), (1284, 2), (1939, 1), (4300, 3), (4448, 2), (4594, 3), (5793, 1), (7255, 6), (8187, 1)
llow (DF: 1): (6443, 2)
lloyd (DF: 10): (1438, 1), (3186, 1), (4326, 1), (4982, 1), (5139, 1), (6394, 1), (6396, 1), (6538, 1), (8917, 1), (9127, 1)
lluev (DF: 14): (667, 1), (1803, 3), (2243, 1), (2604, 1), (2814, 1), (4049, 3), (6239, 1), (6808, 1), (6862, 1), (7546, 3), (8242, 1), (9410, 1), (9575, 3), (9919, 4)
llueven (DF: 1): (2843, 1)
