hoe (DF: 316): (812, 2), (825, 3), (852, 7), (909, 1), (952, 4), (993, 1), (1002, 2), (1031, 1), (1058, 1), (1059, 2), (1060, 2), (1124, 1), (1136, 1), (1216, 1), (1219, 1), (1248, 8), (1253, 6), (1282, 1), (1304, 1), (1391, 6), (1424, 1), (1430, 2), (1469, 1), (1473, 1), (1490, 1), (1498, 6), (1566, 1), (1594, 2), (1613, 1), (1619, 6), (1657, 3), (1704, 7), (1705, 1), (1712, 1), (1717, 12), (1730, 3), (1773, 2), (1812, 1), (1833, 1), (1849, 1), (1891, 2), (1979, 2), (2000, 1), (2004, 2), (2045, 1), (2053, 2), (2110, 9), (2143, 1), (2147, 1), (2160, 1), (2225, 1), (2230, 2), (2251, 2), (2254, 2), (2278, 3), (2286, 2), (2359, 2), (2563, 2), (2638, 3), (2644, 16), (2666, 1), (2767, 1), (2801, 1), (2832, 2), (2843, 2), (2850, 3), (2879, 1), (2887, 1), (2895, 3), (2899, 6), (2964, 2), (3018, 4), (3033, 1), (3045, 9), (3083, 5), (3117, 17), (3127, 3), (3133, 1), (3139, 1), (3152, 1), (3216, 1), (3248, 6), (3272, 1), (3278, 6), (3310, 5), (3355, 1), (3356, 1), (3420, 1), (3424, 1), (3525, 3), (3568, 3), (3581, 1), (3594, 2), (3612, 1), (3727, 2), (3753, 1), (3781, 1), (3803, 4), (3813, 2), (3843, 2), (3867, 1), (3913, 1), (3930, 3), (3963, 1), (3993, 3), (4045, 2), (4072, 1), (4091, 2), (4122, 1), (4127, 1), (4148, 1), (4150, 3), (4185, 1), (4211, 1), (4226, 2), (4262, 1), (4341, 1), (4361, 1), (4364, 2), (4381, 1), (4410, 1), (4460, 1), (4481, 1), (4493, 2), (4533, 1), (4559, 6), (4585, 1), (4607, 3), (4619, 7), (4661, 1), (4665, 1), (4669, 2), (4723, 1), (4731, 2), (4766, 4), (4811, 7), (4818, 1), (4831, 1), (4849, 1), (4878, 1), (4884, 4), (4912, 1), (4918, 2), (4941, 1), (4942, 3), (4956, 2), (4972, 1), (4995, 6), (5008, 1), (5065, 1), (5068, 2), (5076, 4), (5085, 1), (5106, 2), (5133, 2), (5152, 1), (5228, 2), (5253, 1), (5267, 3), (5296, 2), (5300, 2), (5357, 3), (5370, 2), (5419, 1), (5425, 3), (5456, 4), (5494, 1), (5495, 1), (5506, 1), (5578, 2), (5583, 4), (5596, 6), (5608, 13), (5628, 1), (5674, 4), (5692, 3), (5728, 1), (5743, 1), (5773, 1), (5824, 1), (5837, 1), (5863, 2), (5942, 3), (5954, 1), (5961, 1), (5968, 7), (5974, 1), (6006, 2), (6008, 2), (6032, 2), (6096, 1), (6104, 1), (6114, 1), (6146, 1), (6184, 1), (6225, 4), (6256, 1), (6266, 3), (6272, 9), (6296, 3), (6322, 4), (6342, 3), (6350, 2), (6441, 2), (6508, 1), (6573, 2), (6600, 3), (6613, 4), (6636, 1), (6649, 2), (6667, 5), (6695, 1), (6728, 2), (6751, 4), (6755, 2), (6876, 1), (6885, 1), (6903, 1), (6914, 3), (6923, 2), (6970, 1), (6999, 2), (7046, 16), (7138, 1), (7159, 4), (7178, 3), (7217, 4), (7235, 1), (7290, 2), (7321, 1), (7323, 2), (7348, 3), (7421, 1), (7430, 1), (7441, 1), (7443, 1), (7448, 1), (7459, 2), (7461, 2), (7464, 3), (7520, 1), (7540, 4), (7550, 1), (7597, 6), (7611, 1), (7707, 1), (7721, 1), (7751, 1), (7901, 1), (7924, 1), (8004, 2), (8055, 2), (8103, 18), (8132, 1), (8209, 6), (8316, 26), (8358, 1), (8387, 1), (8394, 1), (8397, 1), (8418, 2), (8433, 2), (8459, 1), (8470, 1), (8493, 1), (8536, 1), (8561, 1), (8570, 1), (8571, 2), (8592, 1), (8687, 1), (8722, 14), (8736, 7), (8755, 1), (8778, 3), (8780, 8), (8811, 1), (8813, 1), (8838, 2), (8870, 1), (8916, 1), (8976, 1), (9016, 1), (9032, 1), (9033, 2), (9043, 1), (9093, 2), (9117, 1), (9135, 1), (9273, 4), (9290, 1), (9348, 2), (9379, 6), (9394, 1), (9419, 1), (9457, 25), (9493, 1), (9579, 2), (9590, 3), (9595, 1), (9608, 3), (9622, 4), (9632, 1), (9668, 1), (9713, 5), (9730, 5), (9754, 6), (9760, 4), (9831, 2), (9866, 2), (9936, 1), (9946, 1), (7071, 1), (7073, 1), (7465, 3), (8779, 4)
hoe24 (DF: 1): (6600, 1)
hoecak (DF: 1): (6296, 1)
hoedown (DF: 1): (9751, 1)
hoef (DF: 2): (4849, 1), (6184, 1)
hoeft (DF: 1): (1077, 1)
hoein (DF: 1): (1304, 1)
hoeish (DF: 1): (3843, 1)
hoes (DF: 5): (2648, 1), (3570, 1), (3962, 1), (5126, 4), (7415, 1)
hoeveel (DF: 1): (4256, 1)
hof (DF: 2): (3962, 1), (6748, 1)
hoff (DF: 5): (2463, 1), (4004, 1), (4998, 2), (6026, 1), (9999, 1)
hoffent (DF: 1): (5890, 1)
hoffnung (DF: 3): (1758, 1), (3599, 2), (3849, 1)
hofnar (DF: 1): (976, 1)
hog (DF: 10): (1650, 1), (3419, 1), (4226, 2), (4629, 1), (4641, 1), (4936, 2), (5358, 1), (5587, 2), (6086, 1), (6304, 1)
