strzelam (DF: 1): (4914, 4)
strzykawc (DF: 1): (1825, 2)
stu (DF: 8): (168, 1), (928, 1), (1870, 2), (4820, 2), (6289, 1), (6961, 1), (8938, 1), (8995, 1)
stub (DF: 2): (1566, 1), (4240, 1)
stubborn (DF: 11): (482, 1), (511, 6), (1839, 3), (4754, 2), (5222, 1), (5707, 1), (7320, 1), (7384, 2), (8965, 1), (9394, 1), (9576, 2)
stuck (DF: 258): (26, 3), (40, 1), (69, 1), (112, 1), (121, 1), (124, 1), (133, 1), (159, 1), (161, 1), (241, 1), (392, 2), (493, 1), (530, 1), (532, 1), (538, 1), (581, 1), (650, 1), (658, 1), (753, 1), (772, 2), (782, 1), (786, 5), (899, 1), (978, 2), (1016, 1), (1067, 1), (1147, 1), (1157, 1), (1201, 6), (1211, 2), (1224, 1), (1396, 2), (1547, 1), (1552, 1), (1579, 1), (1587, 2), (1612, 1), (1626, 4), (1643, 1), (1651, 1), (1669, 1), (1672, 1), (1693, 12), (1704, 1), (1711, 1), (1732, 1), (1765, 2), (1805, 1), (1812, 1), (1856, 1), (1938, 10), (2005, 12), (2031, 1), (2064, 2), (2123, 1), (2165, 3), (2208, 1), (2220, 1), (2299, 3), (2333, 1), (2372, 1), (2389, 1), (2399, 1), (2477, 1), (2506, 1), (2538, 2), (2540, 2), (2542, 2), (2562, 1), (2563, 1), (2576, 1), (2591, 10), (2607, 1), (2613, 1), (2634, 1), (2641, 12), (2650, 1), (2709, 1), (2740, 4), (2745, 8), (2761, 3), (2794, 1), (2827, 17), (2894, 1), (2908, 2), (2939, 1), (2979, 4), (2996, 1), (3137, 1), (3182, 1), (3191, 2), (3225, 1), (3258, 2), (3274, 1), (3296, 1), (3307, 1), (3315, 1), (3359, 1), (3380, 2), (3400, 2), (3405, 1), (3565, 1), (3601, 2), (3661, 1), (3676, 4), (3726, 1), (3769, 1), (3770, 18), (3790, 1), (3937, 2), (3979, 1), (4019, 1), (4051, 1), (4156, 2), (4159, 1), (4218, 1), (4221, 2), (4272, 3), (4279, 1), (4319, 1), (4367, 1), (4420, 1), (4536, 5), (4566, 6), (4573, 3), (4603, 1), (4680, 1), (4684, 1), (4700, 1), (4720, 1), (4739, 1), (4745, 1), (4830, 1), (4889, 1), (4900, 1), (4967, 1), (4971, 2), (5053, 1), (5064, 1), (5068, 1), (5075, 1), (5088, 1), (5092, 1), (5232, 1), (5255, 4), (5312, 1), (5334, 1), (5391, 6), (5438, 1), (5516, 1), (5519, 2), (5530, 2), (5535, 1), (5546, 1), (5586, 2), (5641, 1), (5649, 2), (5653, 1), (5766, 2), (5800, 1), (5842, 1), (5876, 2), (6054, 1), (6063, 1), (6143, 1), (6154, 4), (6168, 1), (6196, 3), (6266, 1), (6281, 2), (6317, 1), (6325, 1), (6536, 2), (6636, 1), (6638, 2), (6649, 1), (6655, 1), (6698, 2), (6701, 2), (6761, 1), (6763, 1), (6867, 1), (6959, 1), (6988, 1), (7001, 1), (7009, 2), (7024, 1), (7067, 1), (7091, 1), (7173, 1), (7181, 1), (7187, 3), (7213, 3), (7227, 1), (7241, 7), (7332, 4), (7355, 1), (7374, 1), (7453, 1), (7537, 1), (7544, 1), (7689, 5), (7724, 2), (7748, 1), (7784, 1), (7806, 1), (7893, 1), (7919, 1), (7974, 1), (7980, 1), (7991, 1), (8009, 1), (8010, 1), (8089, 3), (8141, 1), (8148, 1), (8170, 1), (8176, 1), (8248, 1), (8266, 2), (8268, 24), (8303, 4), (8327, 1), (8447, 9), (8467, 1), (8529, 1), (8531, 1), (8559, 1), (8581, 1), (8622, 3), (8708, 1), (8718, 1), (8818, 1), (8860, 2), (9036, 1), (9139, 1), (9167, 1), (9190, 1), (9230, 2), (9263, 1), (9348, 1), (9402, 3), (9436, 10), (9439, 1), (9489, 2), (9538, 1), (9582, 1), (9590, 1), (9594, 1), (9601, 1), (9717, 1), (9763, 1), (9816, 1), (9873, 1), (9909, 3), (9955, 1), (9983, 1), (9995, 1)
stud (DF: 15): (221, 1), (405, 1), (1094, 1), (1358, 1), (1575, 1), (1760, 1), (1772, 3), (2985, 1), (3598, 1), (4440, 1), (5583, 1), (5821, 1), (7219, 1), (7466, 6), (7960, 1)
studdard (DF: 1): (4658, 1)
studebak (DF: 1): (7697, 1)
student (DF: 16): (471, 1), (719, 2), (1675, 1), (2322, 1), (3137, 1), (3206, 1), (3398, 1), (3697, 1), (3985, 1), (4427, 1), (4684, 1), (6375, 1), (7681, 5), (7888, 15), (8492, 1), (9676, 1)
studi (DF: 23): (2004, 1), (2110, 6), (3313, 2), (3562, 1), (3623, 1), (3669, 1), (4310, 1), (4887, 1), (5425, 1), (5543, 1), (5589, 1), (5692, 2), (5876, 1), (6914, 1), (7218, 1), (7532, 1), (8149, 1), (8524, 2), (8593, 1), (9019, 1), (9470, 1), (9567, 1), (9659, 1)
studiert (DF: 1): (6026, 1)
studio (DF: 58): (102, 1), (365, 1), (676, 2), (738, 1), (975, 1), (1216, 1), (1276, 1), (1354, 1), (1427, 1), (1436, 1), (1539, 1), (1564, 1), (1837, 1), (2305, 1), (2823, 1), (2880, 1), (3213, 5), (3347, 1), (3753, 1), (3802, 1), (4023, 1), (4267, 1), (4355, 1), (4533, 1), (4534, 1), (4788, 2), (4864, 1), (5120, 12), (5312, 1), (5407, 1), (5409, 1), (5484, 1), (5782, 4), (5837, 1), (5865, 1), (6006, 1), (6203, 1), (6497, 1), (6572, 2), (6761, 1), (6771, 1), (7276, 1), (7554, 1), (7574, 1), (7754, 1), (7771, 1), (8210, 1), (8354, 1), (8592, 1), (8634, 1), (8812, 1), (8903, 1), (8995, 1), (9322, 1), (9324, 1), (9633, 2), (9666, 1), (9850, 1)
studiu (DF: 1): (6678, 1)
studium (DF: 1): (9788, 1)
stuf (DF: 20): (658, 1), (829, 2), (1187, 1), (1319, 1), (1344, 1), (1555, 1), (1891, 1), (2241, 1), (2799, 1), (2809, 1), (5107, 1), (5596, 1), (6876, 1), (6899, 1), (7768, 1), (8167, 6), (8230, 1), (8593, 1), (9211, 1), (9212, 1)
stuff (DF: 111): (183, 1), (235, 2), (455, 1), (702, 1), (781, 5), (935, 2), (1342, 15), (1629, 1), (1647, 1), (1783, 2), (1792, 1), (1926, 1), (1952, 2), (1975, 1), (1999, 15), (2000, 1), (2055, 1), (2075, 2), (2093, 2), (2112, 1), (2333, 1), (2361, 1), (2382, 1), (2392, 2), (2397, 4), (2399, 2), (2409, 8), (2412, 1), (2484, 12), (2511, 2), (2936, 1), (3117, 1), (3138, 1), (3207, 1), (3237, 2), (3394, 3), (3529, 1), (3558, 1), (3633, 2), (3745, 1), (3902, 1), (4008, 1), (4042, 1), (4128, 1), (4155, 5), (4522, 1), (4664, 1), (4693, 1), (4913, 1), (4918, 1), (4931, 5), (4947, 1), (4987, 2), (5031, 4), (5037, 2), (5075, 9), (5139, 1), (5309, 8), (5482, 6), (5536, 2), (5607, 1), (5651, 2), (5694, 1), (5725, 1), (5734, 1), (6098, 1), (6198, 1), (6199, 3), (6416, 1), (6443, 1), (6512, 1), (6560, 1), (6571, 1), (6749, 2), (6759, 2), (6847, 1), (6937, 1), (6959, 1), (6988, 1), (7149, 1), (7213, 3), (7591, 20), (7607, 1), (7635, 1), (7779, 2), (8028, 1), (8074, 1), (8209, 7), (8235, 1), (8485, 1), (8578, 8), (8778, 1), (8795, 1), (8860, 2), (8908, 1), (9142, 1), (9211, 1), (9226, 2), (9264, 1), (9278, 2), (9348, 1), (9422, 1), (9435, 1), (9451, 1), (9485, 2), (9670, 2), (9691, 1), (9710, 4), (9772, 1), (9850, 1), (9961, 11)
stuffin (DF: 1): (2562, 1)
stuk (DF: 1): (1432, 1)
stumbl (DF: 38): (5, 1), (553, 1), (1240, 1), (1490, 1), (1539, 1), (1819, 1), (2024, 2), (2126, 1), (2456, 1), (2851, 1), (2893, 12), (3043, 1), (3810, 1), (4543, 1), (4746, 1), (5361, 1), (5426, 1), (5578, 2), (5601, 2), (5921, 4), (6182, 1), (6306, 1), (6472, 1), (6607, 1), (6746, 1), (6807, 4), (7101, 1), (7557, 2), (7558, 1), (7585, 2), (8638, 1), (9037, 1), (9046, 1), (9057, 1), (9233, 1), (9345, 1), (9398, 1), (9784, 1)
stumblin (DF: 2): (1829, 1), (4871, 6)
stumm (DF: 3): (1616, 1), (2535, 1), (3462, 1)
stump (DF: 4): (2031, 1), (3826, 2), (4221, 2), (7743, 1)
stun (DF: 10): (74, 2), (689, 1), (1178, 1), (1186, 2), (1661, 1), (1820, 1), (3167, 1), (4407, 1), (7084, 2), (8017, 1)
stund (DF: 6): (484, 2), (1758, 1), (3962, 1), (6600, 2), (7479, 1), (7720, 1)
stundenlohn (DF: 1): (1715, 1)
stung (DF: 3): (1857, 2), (5573, 1), (7453, 1)
stunk (DF: 2): (5915, 1), (6407, 2)
stunna (DF: 10): (350, 1), (672, 1), (2177, 1), (4107, 1), (7650, 1), (8248, 4), (8745, 2), (8778, 2), (9590, 1), (9730, 6)
stunner (DF: 4): (82, 1), (1282, 1), (2366, 1), (5267, 1)
stunnin (DF: 5): (672, 1), (1230, 1), (2101, 2), (4103, 1), (7218, 1)
stunt (DF: 43): (124, 1), (200, 1), (579, 1), (842, 1), (1029, 1), (1059, 1), (1282, 1), (1995, 1), (2181, 1), (2619, 1), (2939, 1), (3161, 1), (3487, 1), (3571, 1), (3681, 2), (4045, 1), (4558, 4), (5313, 1), (5370, 2), (5641, 1), (5863, 1), (6046, 1), (6342, 2), (7090, 1), (7130, 1), (7181, 1), (7537, 1), (7544, 1), (7547, 1), (7574, 1), (7696, 1), (7991, 1), (8551, 1), (8570, 6), (8921, 19), (8987, 2), (9016, 11), (9061, 1), (9135, 1), (9442, 6), (9479, 3), (9728, 4), (9930, 3)
stuntin (DF: 31): (197, 1), (248, 1), (536, 3), (616, 2), (841, 1), (1016, 1), (1029, 1), (1122, 1), (2440, 1), (2467, 1), (2561, 1), (2939, 1), (3272, 1), (3408, 2), (3568, 1), (3676, 2), (3773, 2), (4150, 1), (4566, 3), (5734, 1), (5946, 1), (6342, 2), (6755, 1), (7105, 1), (7537, 1), (8204, 2), (8238, 1), (8259, 1), (8536, 1), (8778, 8), (9116, 1)
stup (DF: 1): (1000, 4)
stupend (DF: 1): (1995, 1)
stupid (DF: 153): (4, 6), (39, 1), (80, 1), (147, 2), (209, 1), (261, 1), (332, 2), (534, 1), (586, 1), (705, 1), (722, 1), (1038, 1), (1374, 2), (1407, 1), (1469, 1), (1512, 2), (1552, 1), (1587, 2), (1588, 1), (1603, 1), (1657, 1), (1666, 2), (1671, 1), (1711, 1), (1744, 2), (1775, 3), (1937, 1), (1987, 1), (2058, 2), (2158, 1), (2187, 1), (2372, 1), (2392, 1), (2442, 1), (2462, 1), (2495, 1), (2541, 2), (2578, 1), (2592, 1), (2767, 1), (2835, 2), (2870, 1), (3052, 1), (3143, 6), (3169, 1), (3206, 2), (3207, 1), (3248, 2), (3268, 2), (3310, 1), (3440, 12), (3801, 9), (3852, 4), (3935, 1), (3974, 4), (3977, 1), (4030, 1), (4135, 1), (4411, 1), (4422, 1), (4595, 1), (4667, 2), (4684, 1), (4689, 4), (4715, 1), (4745, 1), (4866, 1), (4947, 1), (5001, 1), (5018, 1), (5087, 4), (5094, 2), (5152, 1), (5296, 1), (5456, 1), (5481, 1), (5504, 3), (5589, 1), (5596, 1), (5634, 1), (5667, 2), (5709, 1), (5800, 1), (5958, 1), (6039, 1), (6092, 1), (6095, 1), (6105, 1), (6123, 1), (6154, 1), (6269, 1), (6287, 1), (6342, 1), (6350, 2), (6395, 1), (6442, 2), (6508, 1), (6560, 1), (6594, 1), (6604, 1), (6662, 2), (6704, 2), (6849, 1), (6864, 2), (6938, 2), (7096, 1), (7143, 1), (7149, 4), (7198, 1), (7204, 1), (7343, 1), (7579, 1), (7786, 1), (7873, 2), (7902, 12), (8016, 6), (8089, 4), (8193, 1), (8207, 2), (8294, 1), (8298, 1), (8310, 6), (8473, 1), (8505, 1), (8529, 1), (8538, 1), (8602, 1), (8656, 1), (8749, 2), (8761, 6), (8996, 1), (9036, 1), (9084, 1), (9088, 3), (9102, 1), (9135, 1), (9212, 1), (9255, 1), (9263, 1), (9290, 3), (9337, 1), (9368, 2), (9459, 2), (9567, 1), (9574, 1), (9650, 2), (9663, 1), (9668, 1), (9789, 1), (9823, 1), (9922, 1), (9970, 1), (9992, 1)
stupida (DF: 1): (9435, 1)
stupéfi (DF: 2): (637, 9), (6886, 1)
sturm (DF: 12): (493, 1), (1484, 1), (3067, 1), (3108, 1), (3172, 1), (5049, 1), (5149, 1), (5577, 1), (7278, 1), (7373, 1), (7521, 1), (9236, 1)
sturmisch (DF: 1): (4318, 1)
sturmmask (DF: 1): (1238, 6)
sturr (DF: 1): (1214, 21)
stussi (DF: 1): (8026, 1)
stutter (DF: 11): (993, 1), (1226, 1), (1820, 1), (1870, 1), (2252, 2), (2667, 11), (5293, 3), (5800, 1), (7096, 1), (7862, 1), (9828, 1)
stutterin (DF: 4): (1202, 1), (1829, 1), (2390, 3), (5342, 1)
stuy (DF: 4): (490, 1), (1167, 2), (6475, 1), (9936, 1)
stvw (DF: 1): (854, 2)
stwo (DF: 1): (7344, 1)
styl (DF: 13): (483, 1), (540, 1), (1176, 2), (1654, 1), (2881, 1), (3123, 1), (3480, 1), (3962, 1), (4124, 1), (5206, 1), (6007, 1), (7607, 5), (7916, 7)
style (DF: 238): (15, 1), (17, 3), (65, 1), (82, 1), (121, 2), (247, 2), (282, 8), (331, 1), (337, 3), (339, 2), (351, 1), (357, 2), (409, 2), (558, 1), (603, 2), (665, 1), (673, 1), (749, 1), (808, 4), (872, 1), (905, 1), (922, 1), (1011, 2), (1038, 1), (1078, 4), (1157, 1), (1211, 1), (1251, 1), (1405, 1), (1456, 1), (1477, 2), (1505, 2), (1544, 1), (1579, 1), (1580, 1), (1672, 1), (1766, 1), (1779, 1), (1783, 2), (1790, 1), (1820, 3), (1829, 1), (1847, 1), (1900, 2), (1902, 1), (1952, 2), (2093, 3), (2099, 1), (2104, 2), (2241, 2), (2286, 1), (2350, 3), (2375, 1), (2389, 1), (2453, 8), (2455, 3), (2475, 1), (2541, 2), (2618, 1), (2644, 1), (2696, 2), (2735, 2), (2809, 2), (2857, 1), (2916, 1), (2936, 1), (2939, 2), (2978, 1), (3019, 1), (3055, 2), (3074, 1), (3161, 3), (3179, 2), (3180, 2), (3248, 1), (3251, 1), (3265, 2), (3288, 1), (3456, 1), (3483, 3), (3486, 1), (3677, 3), (3703, 1), (3731, 1), (3911, 1), (3949, 3), (3957, 1), (3993, 6), (4023, 1), (4068, 1), (4090, 1), (4101, 1), (4112, 1), (4123, 1), (4139, 6), (4165, 1), (4243, 1), (4256, 1), (4359, 1), (4366, 2), (4407, 6), (4427, 1), (4454, 1), (4468, 1), (4506, 2), (4522, 1), (4533, 2), (4621, 6), (4669, 3), (4690, 1), (4692, 2), (4719, 6), (4726, 1), (4742, 1), (4771, 2), (4858, 1), (4874, 5), (4889, 2), (5018, 1), (5032, 1), (5065, 2), (5075, 1), (5263, 1), (5312, 1), (5316, 1), (5434, 1), (5440, 3), (5474, 1), (5483, 1), (5495, 1), (5509, 1), (5576, 1), (5587, 2), (5687, 1), (5730, 2), (5783, 1), (5810, 6), (5876, 1), (5907, 1), (5974, 1), (6027, 1), (6064, 2), (6132, 9), (6141, 1), (6199, 6), (6222, 3), (6260, 1), (6265, 3), (6274, 1), (6287, 1), (6293, 1), (6296, 1), (6324, 3), (6397, 1), (6474, 1), (6565, 2), (6571, 1), (6609, 8), (6613, 1), (6746, 1), (6759, 1), (6761, 1), (6925, 4), (6988, 1), (6990, 2), (7045, 1), (7057, 1), (7063, 1), (7096, 1), (7130, 1), (7149, 1), (7182, 1), (7202, 5), (7226, 1), (7264, 1), (7342, 3), (7349, 1), (7447, 1), (7480, 1), (7537, 2), (7580, 1), (7645, 1), (7650, 1), (7690, 2), (7707, 1), (7721, 2), (7729, 2), (7745, 1), (7774, 2), (7789, 1), (7814, 1), (7857, 1), (7862, 1), (7889, 1), (7946, 1), (7992, 1), (8151, 1), (8178, 1), (8183, 1), (8310, 2), (8325, 1), (8381, 1), (8407, 1), (8470, 1), (8524, 2), (8528, 1), (8529, 2), (8561, 1), (8583, 1), (8775, 1), (8780, 1), (8837, 4), (8844, 1), (8924, 1), (8959, 1), (9000, 6), (9009, 1), (9033, 1), (9035, 1), (9125, 1), (9267, 1), (9283, 2), (9290, 1), (9308, 1), (9315, 1), (9348, 1), (9408, 1), (9451, 1), (9479, 3), (9482, 4), (9485, 12), (9510, 6), (9689, 1), (9728, 1), (9783, 1), (9794, 3), (9891, 1), (9975, 2)
styler (DF: 1): (1161, 2)
styli (DF: 1): (4849, 1)
stylin (DF: 6): (2057, 1), (4982, 1), (5934, 1), (7176, 2), (8433, 1), (9627, 3)
stylish (DF: 6): (47, 1), (449, 1), (3083, 1), (3763, 4), (6217, 1), (7960, 1)
stylist (DF: 5): (155, 86), (2004, 1), (4506, 2), (8561, 1), (9290, 1)
stylu (DF: 1): (908, 1)
stylówa (DF: 1): (8604, 1)
stylówcena (DF: 1): (7916, 1)
styr (DF: 1): (2018, 1)
styrk (DF: 1): (8341, 1)
styrofoam (DF: 7): (4552, 1), (5158, 2), (5338, 1), (5345, 1), (7464, 1), (8046, 11), (9493, 3)
styx (DF: 5): (1557, 1), (2395, 1), (2954, 1), (3192, 1), (4012, 1)
stået (DF: 1): (7077, 1)
stålet (DF: 1): (8564, 1)
står (DF: 3): (229, 1), (4991, 1), (8564, 1)
su (DF: 18): (32, 7), (175, 1), (540, 1), (649, 1), (1018, 1), (1250, 2), (2422, 1), (2476, 8), (2817, 1), (3513, 2), (4188, 4), (4575, 1), (6151, 1), (7876, 1), (7941, 1), (8167, 15), (9376, 6), (9631, 1)
