tomorrow (DF: 90): (6481, 1), (6484, 3), (6492, 2), (6498, 1), (6639, 4), (6773, 6), (6867, 1), (6890, 1), (6916, 1), (6975, 2), (7014, 1), (7020, 1), (7084, 1), (7150, 3), (7244, 1), (7259, 1), (7304, 1), (7305, 2), (7348, 1), (7443, 1), (7536, 1), (7674, 5), (7700, 1), (7711, 2), (7735, 3), (7785, 1), (7871, 2), (7906, 1), (7959, 3), (7971, 2), (8050, 2), (8164, 6), (8192, 2), (8195, 1), (8245, 1), (8253, 3), (8307, 3), (8317, 3), (8412, 2), (8457, 6), (8481, 1), (8502, 1), (8529, 1), (8545, 2), (8565, 1), (8582, 5), (8600, 2), (8681, 12), (8687, 1), (8713, 1), (8788, 1), (8834, 1), (8878, 1), (8942, 2), (8955, 1), (8975, 5), (8985, 1), (9061, 1), (9095, 10), (9106, 3), (9169, 2), (9212, 8), (9357, 1), (9427, 1), (9435, 1), (9479, 3), (9535, 4), (9552, 2), (9625, 1), (9632, 1), (9649, 1), (9658, 7), (9672, 2), (9687, 1), (9694, 5), (9744, 6), (9784, 1), (9801, 1), (9844, 1), (9921, 5), (9922, 1), (9932, 1), (9949, 1), (9959, 3), (1344, 1), (1346, 1), (7375, 2), (7376, 1), (8594, 2), (8595, 6)
tomorrowland (DF: 21): (294, 1), (697, 1), (777, 1), (1357, 1), (1795, 1), (1993, 1), (2065, 1), (3309, 1), (4475, 1), (4819, 1), (5616, 1), (6356, 1), (6566, 1), (7709, 1), (8030, 1), (8073, 1), (8622, 1), (9106, 1), (9416, 1), (9570, 1), (9923, 1)
tomou (DF: 2): (9223, 2), (9494, 1)
tomó (DF: 1): (7049, 2)
ton (DF: 36): (175, 6), (217, 1), (417, 1), (880, 1), (1136, 1), (1358, 2), (1451, 2), (1677, 1), (1772, 6), (2985, 2), (3320, 1), (3437, 1), (3571, 1), (3660, 2), (3681, 2), (4222, 1), (4479, 2), (4558, 4), (4912, 1), (4985, 2), (5373, 129), (5495, 1), (5646, 1), (5659, 1), (5745, 4), (5830, 1), (6886, 1), (7045, 1), (7063, 1), (7645, 1), (7818, 2), (8418, 1), (8532, 1), (9519, 1), (9783, 1), (9944, 1)
tona (DF: 1): (2839, 1)
tonc (DF: 3): (4852, 1), (5716, 1), (7863, 1)
tone (DF: 60): (16, 1), (202, 1), (563, 1), (606, 1), (1083, 1), (1297, 1), (1329, 1), (1455, 1), (1471, 1), (1710, 1), (1989, 2), (2026, 1), (2028, 1), (2300, 1), (2422, 1), (2522, 2), (2636, 1), (2667, 1), (3052, 1), (3128, 4), (3300, 1), (3807, 2), (3931, 1), (4065, 1), (4082, 1), (4139, 1), (4313, 1), (4533, 1), (5115, 4), (5176, 1), (5343, 1), (5387, 1), (5650, 1), (5776, 1), (5809, 1), (6214, 1), (6556, 1), (6612, 3), (6615, 1), (6722, 1), (6741, 2), (6799, 1), (6925, 1), (7138, 2), (7192, 1), (7376, 4), (7754, 1), (8083, 1), (8304, 1), (8541, 1), (8601, 1), (8631, 4), (8755, 1), (9125, 1), (9278, 1), (9343, 1), (9510, 1), (9538, 1), (9853, 1), (9965, 1)
tong (DF: 3): (1668, 2), (8001, 1), (8831, 1)
tonga (DF: 2): (2208, 1), (9245, 1)
tongu (DF: 174): (17, 2), (40, 1), (171, 1), (338, 1), (343, 3), (377, 1), (442, 3), (490, 1), (523, 1), (536, 1), (582, 2), (740, 2), (757, 1), (783, 3), (866, 19), (924, 2), (985, 1), (1050, 1), (1135, 1), (1316, 2), (1388, 1), (1414, 1), (1450, 2), (1463, 1), (1566, 1), (1618, 1), (1662, 3), (1911, 2), (1928, 6), (1949, 1), (2030, 1), (2038, 1), (2060, 1), (2102, 1), (2116, 2), (2133, 2), (2210, 1), (2252, 24), (2303, 1), (2322, 1), (2340, 1), (2378, 1), (2399, 1), (2415, 1), (2563, 1), (2602, 1), (2655, 2), (2730, 1), (2746, 1), (2866, 1), (2870, 1), (2899, 1), (2950, 2), (3040, 1), (3053, 1), (3083, 1), (3095, 2), (3136, 2), (3151, 1), (3287, 1), (3458, 1), (3534, 1), (3745, 1), (3826, 48), (3840, 1), (3873, 3), (3877, 1), (4099, 1), (4240, 1), (4251, 2), (4339, 1), (4407, 1), (4508, 1), (4575, 1), (4684, 1), (4717, 1), (4770, 1), (4773, 20), (4798, 1), (4901, 1), (5042, 2), (5075, 1), (5082, 1), (5088, 2), (5120, 1), (5402, 1), (5414, 1), (5425, 1), (5452, 1), (5455, 1), (5653, 1), (5728, 1), (5868, 1), (5939, 1), (5979, 2), (6018, 1), (6059, 2), (6092, 1), (6157, 1), (6163, 2), (6246, 1), (6381, 1), (6387, 2), (6404, 3), (6471, 2), (6556, 1), (6616, 1), (6746, 1), (6758, 1), (6805, 1), (6858, 1), (6891, 4), (6904, 1), (6914, 1), (6947, 1), (7091, 1), (7129, 1), (7430, 1), (7553, 2), (7685, 1), (7696, 1), (7732, 1), (7743, 1), (7755, 1), (7831, 1), (7855, 1), (7856, 1), (7871, 1), (7889, 1), (7897, 1), (7926, 1), (7945, 1), (7969, 1), (8063, 1), (8172, 1), (8183, 1), (8184, 1), (8216, 1), (8270, 1), (8303, 1), (8328, 1), (8370, 1), (8456, 2), (8605, 1), (8650, 1), (8683, 1), (8807, 1), (8827, 1), (8870, 1), (8909, 2), (8953, 2), (8956, 2), (9022, 1), (9051, 1), (9099, 1), (9102, 1), (9119, 1), (9218, 1), (9247, 1), (9354, 1), (9368, 2), (9479, 3), (9582, 1), (9617, 1), (9823, 2), (9871, 4), (9897, 3), (9977, 1), (588, 2), (589, 1), (4113, 8), (4115, 1), (7451, 1), (7453, 1)
toni (DF: 25): (327, 1), (661, 1), (782, 2), (956, 2), (1070, 4), (1171, 1), (1790, 1), (1904, 1), (2220, 1), (2644, 1), (2765, 1), (2988, 2), (3002, 4), (3052, 6), (3451, 3), (3486, 1), (3636, 2), (3688, 1), (3847, 2), (3902, 1), (4564, 2), (4889, 1), (4907, 1), (4950, 4), (5032, 1)
