urban (DF: 50): (9785, 1), (9792, 1), (9814, 2), (9833, 1), (9881, 1), (9884, 2), (9888, 2), (9894, 1), (9902, 2), (9914, 1), (9922, 2), (9936, 2), (9978, 1), (9983, 2), (494, 1), (496, 1), (732, 1), (733, 1), (1261, 2), (1262, 2), (2419, 1), (2421, 2), (2484, 1), (2486, 2), (2627, 2), (2628, 2), (3257, 1), (3258, 1), (4831, 1), (4832, 2), (5900, 2), (5901, 1), (6503, 1), (6505, 2), (6545, 1), (6547, 2), (6920, 2), (6921, 1), (6989, 2), (6990, 2), (7615, 1), (7616, 1), (7629, 2), (7630, 2), (8040, 1), (8041, 2), (8693, 1), (8694, 1), (8729, 1), (8730, 2)
urbandub (DF: 2): (432, 1), (3725, 1)
urcher (DF: 1): (2208, 1)
urchin (DF: 4): (737, 2), (5245, 1), (6275, 1), (9287, 3)
ure (DF: 1): (8316, 1)
urg (DF: 17): (239, 1), (859, 1), (1069, 1), (2058, 3), (2949, 1), (3335, 1), (4485, 1), (5263, 2), (5452, 1), (6418, 1), (6474, 1), (6767, 1), (6805, 1), (7220, 6), (7487, 1), (8441, 4), (8903, 1)
urgenc (DF: 3): (6006, 1), (6785, 1), (9284, 1)
urgenci (DF: 1): (7843, 1)
urgent (DF: 3): (305, 20), (2181, 1), (4503, 1)
urgh (DF: 1): (5959, 2)
urgin (DF: 1): (7220, 12)
uri (DF: 3): (32, 2), (1374, 1), (7941, 2)
uria (DF: 1): (1787, 1)
uriah (DF: 3): (2458, 1), (5083, 1), (6642, 1)
urin (DF: 1): (5495, 1)
url (DF: 1): (4681, 1)
urlav (DF: 1): (5392, 1)
urn (DF: 1): (2594, 1)
urnali (DF: 1): (6007, 1)
urodzini (DF: 1): (9647, 1)
urodzinow (DF: 1): (6457, 1)
ursh (DF: 1): (2186, 1)
ursher (DF: 1): (2186, 1)
uruguay (DF: 2): (1476, 2), (8116, 1)
urus (DF: 4): (494, 1), (2256, 4), (4608, 1), (7953, 1)
us (DF: 280): (5, 5), (7, 1), (13, 2), (22, 5), (51, 1), (58, 1), (62, 1), (65, 1), (68, 1), (69, 1), (74, 4), (78, 1), (80, 24), (101, 1), (102, 1), (110, 2), (114, 2), (131, 1), (134, 1), (139, 2), (146, 2), (161, 1), (167, 9), (172, 2), (176, 6), (183, 5), (192, 6), (200, 2), (204, 1), (208, 2), (220, 1), (225, 1), (235, 8), (240, 1), (263, 2), (264, 1), (272, 1), (324, 1), (330, 1), (375, 1), (378, 4), (381, 2), (387, 1), (389, 1), (393, 1), (422, 1), (428, 1), (432, 3), (435, 2), (443, 1), (455, 1), (457, 1), (464, 1), (470, 1), (479, 103), (488, 1), (494, 4), (501, 1), (507, 1), (510, 2), (514, 2), (531, 1), (561, 6), (574, 2), (591, 1), (603, 2), (608, 4), (612, 1), (616, 2), (619, 2), (639, 4), (642, 6), (660, 2), (662, 2), (677, 1), (698, 20), (699, 1), (716, 1), (727, 1), (731, 8), (737, 1), (746, 5), (766, 2), (774, 2), (775, 2), (787, 1), (811, 3), (817, 4), (820, 1), (823, 1), (831, 2), (841, 1), (859, 1), (868, 1), (886, 2), (895, 1), (902, 20), (913, 2), (915, 1), (922, 2), (925, 1), (944, 1), (948, 8), (950, 1), (953, 4), (966, 1), (967, 1), (979, 1), (990, 1), (994, 5), (1001, 2), (1002, 2), (1007, 5), (1012, 2), (1021, 1), (1026, 8), (1038, 1), (1044, 1), (1067, 1), (1069, 1), (1071, 12), (1075, 2), (1093, 3), (1097, 19), (1117, 1), (1122, 1), (1152, 1), (1156, 8), (1178, 2), (1186, 2), (1219, 2), (1229, 1), (1237, 1), (1239, 1), (1245, 2), (1250, 1), (1260, 1), (1263, 2), (1270, 3), (1280, 12), (1282, 1), (1298, 3), (1308, 1), (1319, 1), (1330, 1), (1334, 2), (1336, 1), (1341, 30), (1349, 1), (1354, 2), (1359, 1), (1362, 7), (1374, 2), (1389, 2), (1393, 2), (1404, 2), (1413, 1), (1420, 1), (1437, 1), (1448, 1), (1452, 1), (1469, 1), (1480, 3), (1483, 1), (1513, 1), (1520, 2), (1525, 4), (1529, 8), (1533, 3), (1549, 7), (1555, 1), (1573, 2), (1589, 1), (1601, 2), (1604, 5), (1607, 25), (1613, 1), (1617, 6), (1621, 2), (1625, 1), (1641, 1), (1643, 2), (1649, 2), (1660, 1), (1667, 3), (1690, 3), (1704, 1), (1707, 1), (1709, 1), (1712, 1), (1714, 6), (1726, 6), (1742, 3), (1750, 2), (1766, 1), (1777, 2), (1783, 2), (1785, 2), (1789, 3), (1805, 5), (1811, 3), (1823, 1), (1829, 2), (1836, 3), (1840, 1), (1849, 1), (1854, 1), (1856, 1), (1870, 5), (1872, 1), (1894, 5), (1898, 1), (1908, 1), (1910, 4), (1923, 1), (1925, 1), (1937, 1), (1940, 2), (1945, 2), (1956, 1), (1964, 7), (1977, 1), (1994, 1), (2002, 2), (2005, 2), (2011, 1), (2015, 2), (2022, 6), (2026, 1), (2030, 3), (2041, 12), (2054, 1), (2057, 1), (2064, 1), (2067, 1), (2085, 1), (2104, 4), (2109, 3), (2115, 1), (2140, 1), (2147, 1), (2151, 10), (2157, 8), (2168, 2), (2177, 7), (2178, 2), (2201, 1), (2218, 2), (2220, 1), (2227, 1), (2231, 1), (2234, 2), (2248, 1), (2254, 3), (2263, 3), (2276, 1), (2288, 21), (2294, 4), (2317, 2), (2321, 1), (2333, 2), (2334, 21), (2356, 1), (2362, 1), (2367, 7), (2375, 1), (2381, 1), (2394, 1), (2402, 3), (2405, 1), (2423, 1), (2427, 1), (2430, 5), (2433, 1), (2452, 2), (2469, 4), (2472, 1), (2489, 1), (2515, 1), (2521, 4)
