saturday (DF: 19): (6563, 8), (6609, 8), (6898, 1), (7176, 6), (7216, 6), (7303, 1), (7336, 2), (7350, 1), (7582, 1), (7882, 2), (8267, 6), (8273, 1), (8277, 1), (8310, 6), (8317, 3), (9207, 2), (9460, 1), (9761, 1), (9801, 6)
saturn (DF: 11): (2063, 1), (3146, 1), (4081, 1), (5775, 1), (6149, 1), (6748, 1), (6867, 1), (8466, 1), (8560, 1), (8896, 4), (9995, 1)
sau (DF: 4): (1218, 16), (1834, 1), (3437, 1), (5149, 1)
saub (DF: 1): (1616, 1)
saubill (DF: 1): (1845, 1)
sauc (DF: 36): (183, 1), (541, 1), (658, 1), (772, 2), (823, 1), (859, 1), (862, 1), (966, 1), (1187, 1), (1391, 6), (1648, 1), (1799, 2), (1812, 1), (1972, 1), (2315, 1), (2527, 3), (2624, 1), (2899, 1), (3498, 1), (4326, 2), (4731, 3), (4938, 1), (5329, 1), (5370, 2), (5822, 1), (5943, 1), (6092, 1), (6296, 1), (6837, 1), (7292, 1), (7788, 1), (8755, 1), (8938, 1), (9231, 1), (9754, 1), (9838, 9)
saucer (DF: 1): (4982, 1)
sauci (DF: 4): (579, 1), (928, 1), (6352, 1), (8181, 1)
saucin (DF: 3): (5409, 1), (6096, 10), (6649, 1)
saudad (DF: 7): (1278, 4), (6270, 4), (6983, 1), (7795, 2), (8941, 4), (9637, 1), (9981, 2)
saudi (DF: 4): (1218, 67), (4107, 1), (4303, 1), (6244, 1)
sauf (DF: 2): (1845, 1), (3984, 1)
saul (DF: 3): (5091, 1), (5989, 1), (8786, 1)
saumon (DF: 1): (7607, 3)
sauna (DF: 10): (2084, 1), (3498, 1), (4341, 1), (4435, 1), (4690, 1), (5633, 1), (7374, 1), (7479, 1), (7752, 1), (9625, 1)
saunaclub (DF: 1): (8247, 1)
saunder (DF: 2): (4779, 1), (6795, 1)
saur (DF: 1): (349, 1)
saurabh (DF: 1): (1834, 1)
sauron (DF: 2): (5691, 1), (6620, 1)
saus (DF: 1): (3864, 1)
saut (DF: 1): (540, 1)
sauv (DF: 1): (8198, 1)
sauvag (DF: 1): (4986, 4)
sauwan (DF: 1): (5535, 1)
sav (DF: 4): (1141, 3), (2256, 2), (2596, 2), (9324, 1)
savag (DF: 74): (51, 1), (213, 1), (429, 1), (434, 7), (469, 1), (510, 1), (675, 3), (825, 2), (920, 1), (1336, 1), (1367, 1), (1672, 1), (1727, 1), (1775, 1), (2084, 1), (2102, 1), (2269, 1), (2493, 1), (2522, 2), (2561, 1), (2596, 2), (2746, 1), (2801, 1), (3244, 1), (3251, 1), (3293, 3), (3310, 1), (3356, 1), (3361, 1), (3598, 1), (3917, 1), (3930, 1), (4128, 1), (4129, 1), (4314, 4), (4581, 4), (4681, 1), (4716, 1), (5370, 1), (5570, 1), (5581, 5), (5645, 1), (5728, 1), (5862, 1), (5876, 1), (5912, 2), (6217, 3), (6572, 1), (6970, 1), (7184, 1), (7214, 10), (7420, 11), (7461, 2), (7516, 2), (7596, 1), (7754, 1), (7764, 2), (7806, 1), (7880, 1), (7934, 1), (8103, 2), (8202, 1), (8231, 1), (8249, 2), (8668, 4), (8795, 1), (8964, 8), (9008, 1), (9316, 2), (9408, 1), (9576, 1), (9685, 1), (9737, 1), (9933, 2)
savan (DF: 2): (2567, 1), (8210, 1)
savannah (DF: 1): (6568, 1)
save (DF: 167): (64, 4), (72, 1), (98, 2), (107, 12), (174, 1), (176, 3), (200, 1), (244, 8), (273, 4), (275, 1), (281, 1), (368, 4), (433, 2), (441, 1), (445, 1), (486, 1), (520, 2), (542, 2), (573, 12), (591, 1), (596, 6), (620, 6), (673, 4), (684, 2), (723, 13), (766, 1), (769, 3), (775, 2), (788, 2), (815, 2), (832, 2), (868, 1), (877, 1), (944, 1), (947, 3), (981, 2), (987, 9), (1076, 1), (1082, 26), (1094, 1), (1152, 1), (1167, 1), (1178, 1), (1220, 2), (1229, 1), (1269, 1), (1281, 1), (1310, 2), (1345, 2), (1412, 2), (1437, 1), (1473, 1), (1477, 1), (1494, 5), (1554, 1), (1590, 1), (1608, 6), (1623, 10), (1636, 2), (1643, 1), (1690, 1), (1720, 11), (1726, 3), (1729, 2), (1731, 7), (1742, 3), (1820, 1), (1839, 33), (1904, 4), (1934, 5), (1936, 2), (1971, 1), (1983, 10), (2038, 2), (2056, 1), (2148, 1), (2198, 1), (2214, 2), (2219, 7), (2220, 1), (2250, 1), (2254, 6), (2288, 6), (2291, 1), (2347, 1), (2372, 4), (2381, 1), (2394, 1), (2398, 2), (2410, 6), (2419, 1), (2439, 1), (2454, 1), (2467, 2), (2469, 1), (2524, 2), (2584, 1), (2592, 2), (2666, 1), (2682, 1), (2695, 1), (2737, 1), (2751, 2), (2763, 6), (2791, 1), (2797, 3), (2804, 2), (2831, 4), (2902, 1), (2912, 1), (2916, 1), (2920, 1), (2939, 1), (2961, 4), (2984, 8), (2992, 1), (3073, 1), (3103, 1), (3131, 2), (3153, 1), (3164, 1), (3234, 2), (3247, 6), (3266, 1), (3274, 1), (3292, 30), (3300, 1), (3302, 2), (3371, 1), (3463, 27), (3490, 1), (3511, 1), (3526, 2), (3540, 1), (3542, 1), (3573, 6), (3608, 1), (3628, 1), (3642, 1), (3655, 1), (3696, 17), (3735, 9), (3741, 4), (3767, 2), (3787, 1), (3792, 48), (3807, 2), (3811, 1), (3858, 62), (3862, 2), (3880, 3), (3912, 2), (3948, 3), (3950, 2), (3976, 20), (3979, 2), (3982, 3), (4012, 1), (4024, 1), (4028, 1), (4043, 4), (4047, 1), (4065, 14), (4170, 1), (4222, 1), (4229, 2), (4232, 1)
