man2 (DF: 1): (26, 3)
man7 (DF: 1): (8316, 1)
mana (DF: 1): (4783, 1)
manag (DF: 47): (40, 1), (52, 1), (1009, 1), (1164, 1), (1223, 1), (1626, 2), (2075, 1), (2241, 1), (2268, 1), (2333, 1), (2636, 1), (2809, 1), (2824, 1), (3068, 1), (3206, 1), (3540, 1), (4027, 1), (4229, 2), (4281, 1), (4788, 2), (5044, 2), (5048, 1), (5363, 1), (5890, 1), (6026, 1), (6036, 1), (6044, 2), (6265, 1), (6306, 2), (6536, 1), (6558, 2), (6613, 1), (6649, 1), (7156, 1), (7390, 1), (7439, 2), (7628, 3), (7754, 1), (7882, 1), (8209, 1), (8493, 1), (8500, 1), (8520, 1), (9080, 2), (9387, 1), (9711, 1), (9946, 1)
managin (DF: 2): (8176, 1), (9983, 1)
manalig (DF: 1): (6224, 2)
mananatili (DF: 1): (871, 1)
manantial (DF: 1): (460, 1)
manao (DF: 1): (9688, 1)
manate (DF: 1): (1586, 1)
manb (DF: 2): (10, 1), (7301, 1)
manc (DF: 11): (438, 2), (1010, 1), (1800, 3), (2549, 1), (3316, 4), (3981, 1), (5187, 1), (5439, 1), (6691, 2), (6961, 2), (8936, 3)
mancanz (DF: 1): (6395, 1)
manch (DF: 9): (312, 1), (444, 1), (711, 2), (2316, 1), (2938, 1), (3590, 1), (5990, 2), (6534, 1), (6818, 1)
manchest (DF: 1): (9125, 1)
manchmal (DF: 6): (1484, 1), (2535, 1), (3480, 1), (5955, 2), (6748, 1), (7720, 2)
manchos (DF: 1): (1022, 1)
manchu (DF: 1): (8838, 1)
mancuso (DF: 1): (2119, 1)
mand (DF: 59): (276, 1), (284, 2), (347, 4), (412, 2), (567, 6), (577, 1), (1046, 2), (1095, 1), (1112, 1), (1116, 2), (1277, 8), (1441, 1), (1810, 2), (2018, 1), (2033, 5), (2306, 1), (2461, 1), (2498, 1), (2530, 4), (2967, 1), (3351, 1), (3591, 1), (3816, 9), (3881, 1), (4209, 2), (4210, 2), (4236, 4), (4352, 1), (4507, 1), (4550, 1), (4560, 1), (4939, 1), (4991, 2), (5352, 8), (5475, 2), (5770, 3), (5991, 1), (6175, 1), (6179, 2), (6243, 1), (6961, 1), (7863, 3), (7935, 1), (7942, 1), (7954, 1), (8066, 1), (8112, 1), (8210, 1), (8518, 1), (8671, 2), (9060, 18), (9204, 1), (9222, 2), (9309, 5), (9318, 2), (9428, 1), (9536, 1), (9671, 1), (9762, 3)
manda (DF: 10): (1659, 2), (2651, 2), (2711, 1), (6397, 1), (7211, 1), (7563, 1), (8113, 1), (8363, 2), (8989, 1), (9838, 1)
mandal (DF: 5): (46, 2), (3313, 1), (5990, 1), (6691, 1), (9762, 1)
mandam (DF: 5): (1478, 3), (3972, 1), (4470, 1), (4479, 1), (8883, 2)
mandando (DF: 1): (9812, 1)
mandar (DF: 2): (1659, 2), (7175, 1)
mandaram (DF: 1): (6028, 1)
mandarin (DF: 1): (5049, 1)
mandart (DF: 2): (3603, 1), (6808, 1)
mandatori (DF: 3): (1849, 1), (6923, 1), (9347, 1)
mandei (DF: 1): (1278, 1)
mandela (DF: 2): (1196, 1), (7270, 1)
mandem (DF: 8): (47, 3), (1263, 2), (1688, 4), (3234, 2), (4834, 1), (4837, 2), (4995, 1), (6483, 5)
mandibl (DF: 1): (1144, 1)
mandil (DF: 1): (417, 1)
mandingo (DF: 1): (5453, 1)
mandol (DF: 1): (28, 1)
mandolin (DF: 1): (5729, 1)
mandona (DF: 1): (1659, 5)
mandou (DF: 3): (3497, 3), (4357, 1), (7563, 1)
mandril (DF: 1): (417, 1)
mandrill (DF: 1): (198, 1)
mandy (DF: 1): (6651, 1)
mane (DF: 43): (197, 1), (486, 12), (643, 1), (660, 1), (808, 1), (938, 2), (1031, 3), (1391, 3), (1575, 1), (1760, 1), (1891, 1), (2397, 4), (2594, 1), (2728, 2), (3356, 1), (3507, 2), (3804, 4), (4091, 1), (4764, 4), (4972, 3), (5076, 1), (5463, 1), (5596, 1), (5879, 1), (6230, 2), (6322, 1), (6563, 1), (6760, 1), (6799, 1), (6876, 1), (7090, 2), (7154, 2), (7441, 1), (7464, 2), (7685, 2), (7721, 1), (7763, 1), (8536, 1), (8705, 1), (9117, 1), (9308, 1), (9754, 2), (9991, 1)
manec (DF: 3): (5696, 2), (6909, 1), (7989, 1)
maneirinho (DF: 1): (8363, 2)
manej (DF: 7): (539, 2), (1277, 3), (1474, 1), (3603, 1), (6251, 4), (7003, 2), (8187, 1)
maner (DF: 43): (891, 3), (1046, 2), (1079, 6), (1677, 1), (1752, 1), (1826, 3), (2021, 1), (2108, 1), (2316, 1), (2487, 8), (2529, 2), (2814, 6), (3342, 4), (3881, 6), (4049, 2), (4382, 10), (4430, 1), (4448, 6), (4507, 3), (4671, 2), (4948, 1), (5013, 1), (5198, 2), (5246, 1), (5762, 1), (5881, 2), (6190, 1), (6466, 1), (6768, 1), (6818, 2), (7104, 36), (7380, 2), (7742, 2), (8243, 3), (8516, 1), (8922, 3), (9246, 1), (9470, 1), (9558, 6), (9568, 1), (9762, 2), (9803, 1), (9903, 1)
maneuv (DF: 7): (490, 1), (1498, 3), (2013, 1), (2723, 1), (4724, 1), (6560, 1), (6728, 1)
manevol (DF: 1): (6527, 1)
maney (DF: 1): (3075, 1)
manfr (DF: 2): (7439, 1), (9080, 1)
mang (DF: 28): (63, 2), (229, 1), (858, 1), (1033, 1), (1869, 3), (2567, 1), (2785, 1), (3210, 1), (3527, 2), (4614, 1), (4890, 1), (4910, 1), (4991, 1), (5696, 2), (5881, 2), (6292, 2), (6798, 1), (7020, 1), (7077, 1), (7200, 1), (7223, 1), (7382, 1), (7910, 1), (8564, 1), (8671, 3), (9819, 6), (9906, 2), (9939, 1)
mangarap (DF: 1): (0, 1)
mangdi (DF: 1): (5830, 1)
mangelwar (DF: 1): (1845, 1)
manger (DF: 3): (1287, 2), (3940, 1), (6568, 1)
mangl (DF: 1): (9829, 2)
mangler (DF: 1): (2018, 1)
mango (DF: 7): (203, 1), (437, 1), (3188, 2), (4543, 1), (4570, 1), (5809, 1), (8406, 2)
mangueira (DF: 1): (7270, 1)
manguer (DF: 1): (8994, 1)
manguinha (DF: 1): (7270, 1)
mangwi (DF: 1): (5830, 1)
manhandl (DF: 1): (6746, 1)
manhattan (DF: 9): (1156, 4), (3601, 2), (3618, 1), (4051, 1), (4720, 1), (5316, 1), (6350, 1), (7635, 1), (8708, 1)
manheun (DF: 1): (32, 2)
manhid (DF: 1): (4910, 3)
manhood (DF: 2): (2701, 1), (4023, 1)
manhã (DF: 3): (213, 1), (9223, 1), (9396, 2)
mani (DF: 477): (11, 6), (15, 2), (138, 1), (148, 1), (171, 1), (221, 1), (299, 3), (300, 2), (324, 1), (343, 1), (402, 1), (406, 1), (440, 1), (462, 1), (478, 2), (522, 1), (529, 6), (547, 1), (554, 3), (560, 3), (561, 2), (576, 6), (579, 27), (597, 1), (616, 1), (643, 1), (650, 1), (672, 1), (800, 1), (803, 1), (805, 6), (819, 1), (834, 2), (882, 1), (886, 1), (920, 1), (929, 1), (932, 1), (950, 1), (963, 1), (976, 1), (1003, 1), (1025, 1), (1031, 1), (1089, 2), (1093, 1), (1127, 1), (1137, 1), (1143, 1), (1157, 1), (1180, 4), (1216, 1), (1248, 1), (1298, 1), (1323, 1), (1325, 1), (1328, 1), (1354, 2), (1361, 1), (1431, 1), (1460, 4), (1472, 2), (1513, 2), (1515, 4), (1558, 1), (1564, 1), (1575, 1), (1608, 1), (1611, 1), (1643, 1), (1726, 1), (1760, 1), (1763, 1), (1766, 1), (1789, 1), (1816, 2), (1840, 4), (1858, 3), (1956, 2), (1975, 1), (1977, 1), (2001, 1), (2061, 10), (2087, 2), (2103, 1), (2109, 1), (2112, 1), (2118, 20), (2128, 2), (2145, 1), (2147, 1), (2151, 1), (2166, 1), (2171, 1), (2177, 3), (2199, 1), (2200, 1), (2210, 1), (2231, 2), (2255, 1), (2286, 1), (2294, 3), (2307, 23), (2338, 2), (2339, 1), (2348, 1), (2352, 5), (2388, 1), (2423, 1), (2427, 1), (2433, 1), (2435, 2), (2466, 2), (2472, 1), (2495, 2), (2514, 1), (2523, 4), (2540, 2), (2563, 1), (2565, 2), (2573, 2), (2649, 1), (2669, 1), (2671, 1), (2723, 1), (2736, 2), (2750, 1), (2751, 48), (2753, 1), (2762, 8), (2788, 1), (2811, 2), (2823, 4), (2824, 1), (2849, 1), (2857, 6), (2884, 1), (2893, 3), (2897, 1), (2922, 7), (2942, 4), (3010, 3), (3018, 2), (3037, 1), (3059, 1), (3103, 3), (3125, 2), (3131, 2), (3147, 2), (3170, 1), (3230, 1), (3232, 1), (3276, 1), (3368, 1), (3370, 1), (3440, 6), (3456, 3), (3465, 1), (3479, 1), (3482, 1), (3487, 1), (3540, 2), (3557, 2), (3607, 2), (3611, 1), (3628, 1), (3664, 1), (3689, 1), (3697, 2), (3726, 1), (3741, 1), (3758, 1), (3776, 10), (3794, 3), (3813, 1), (3828, 2), (3831, 1), (3844, 1), (3854, 2), (3865, 1), (3879, 2), (3902, 1), (3933, 1), (3937, 46), (3979, 1), (3982, 3), (3983, 3), (4061, 5), (4092, 3), (4145, 1), (4190, 1), (4205, 4), (4224, 1), (4254, 1), (4267, 1), (4296, 1), (4335, 7), (4348, 9), (4355, 2), (4389, 1), (4413, 1), (4417, 2), (4436, 1), (4468, 1), (4509, 6), (4517, 4), (4523, 5), (4525, 2), (4547, 1), (4548, 1), (4615, 1), (4619, 2), (4625, 1), (4627, 1), (4641, 4), (4646, 1), (4660, 1), (4675, 1), (4684, 1), (4690, 1), (4695, 1), (4713, 1), (4724, 1), (4726, 1), (4762, 1), (4770, 1), (4808, 2), (4834, 1), (4864, 1), (4897, 1), (4931, 1), (4972, 1), (4975, 7), (5045, 2), (5052, 3), (5070, 2), (5097, 1), (5133, 2), (5182, 2), (5207, 5), (5228, 2), (5259, 1), (5277, 1), (5286, 2), (5289, 1), (5311, 2), (5368, 1), (5395, 1), (5401, 1), (5428, 1), (5450, 1), (5453, 1), (5463, 1), (5467, 1), (5488, 8), (5506, 1), (5511, 1), (5519, 1), (5551, 3), (5565, 1), (5576, 2), (5601, 1), (5605, 2), (5686, 1), (5699, 2), (5715, 1), (5748, 1), (5751, 1), (5784, 4), (5787, 1), (5794, 1), (5800, 1), (5809, 2), (5844, 1), (5857, 2), (5873, 2), (5876, 1), (5902, 3), (5913, 2), (5925, 1), (5937, 1), (5957, 1), (5967, 1), (5974, 1), (5979, 2), (5993, 1), (6035, 1), (6039, 1), (6048, 1), (6065, 2), (6082, 1), (6090, 8), (6091, 1), (6092, 4), (6117, 2), (6118, 1), (6144, 1), (6151, 1), (6182, 1), (6200, 2), (6214, 1), (6242, 2), (6267, 1), (6273, 1), (6305, 1), (6350, 1), (6367, 1), (6437, 1), (6440, 1), (6449, 1), (6464, 1), (6471, 1), (6474, 1), (6477, 1), (6545, 1), (6558, 1), (6572, 28), (6578, 1), (6585, 3), (6590, 1), (6655, 1), (6669, 1), (6698, 2), (6746, 1), (6755, 1), (6799, 1), (6819, 1), (6824, 1), (6826, 1), (6834, 1), (6838, 1), (6846, 5), (6865, 1), (6923, 1), (6947, 1), (6952, 1), (6971, 1), (6999, 1), (7006, 1), (7015, 2), (7021, 8), (7025, 2), (7029, 1), (7090, 1), (7103, 1), (7130, 4), (7149, 1), (7168, 1), (7170, 2), (7173, 1), (7177, 2), (7178, 1), (7202, 1), (7253, 2), (7256, 1), (7273, 2), (7310, 2), (7339, 1), (7369, 1), (7387, 1), (7436, 3), (7456, 1), (7464, 1), (7467, 1), (7485, 1), (7486, 1), (7520, 1), (7542, 2), (7577, 1), (7594, 1), (7599, 1), (7641, 1), (7662, 4), (7669, 1), (7695, 2), (7704, 2), (7705, 4), (7732, 1), (7755, 1), (7771, 2), (7777, 1), (7785, 1), (7813, 1), (7814, 3), (7848, 2), (7859, 4), (7880, 1), (7943, 2), (7947, 1), (7960, 1), (8004, 1), (8009, 1), (8053, 2), (8094, 1), (8139, 1), (8193, 1), (8240, 2), (8245, 1), (8274, 4), (8336, 1), (8346, 1), (8359, 2), (8375, 1), (8405, 3), (8422, 2), (8434, 1), (8456, 2), (8487, 1), (8519, 1), (8530, 1), (8531, 1), (8559, 1), (8561, 4), (8568, 8), (8588, 1), (8592, 1), (8593, 2), (8631, 1), (8655, 1), (8661, 21), (8663, 1), (8683, 1), (8685, 2), (8705, 1), (8722, 4), (8743, 3), (8776, 1), (8791, 1), (8812, 2), (8850, 1), (8860, 2), (8862, 1), (8879, 2), (8909, 2), (8947, 2), (8953, 2), (8967, 5), (8985, 6), (9026, 1), (9045, 2), (9047, 6), (9100, 1), (9113, 1), (9117, 1), (9143, 1), (9190, 1), (9197, 1), (9205, 2), (9211, 1), (9262, 1), (9277, 2), (9315, 1), (9327, 1), (9348, 1), (9368, 2), (9379, 1), (9397, 2), (9461, 3), (9526, 1), (9535, 2), (9582, 1), (9619, 7), (9620, 1), (9711, 1), (9763, 1), (9794, 1), (9820, 1), (9835, 3), (9846, 2), (9850, 1), (9857, 1), (9895, 1), (9899, 4), (9962, 2), (9965, 1), (9977, 1), (9989, 1)
mania (DF: 2): (819, 1), (9934, 1)
maniac (DF: 16): (803, 1), (1412, 1), (2422, 1), (4279, 1), (4887, 1), (5722, 1), (5777, 1), (6061, 2), (6164, 1), (6182, 1), (6243, 1), (6582, 1), (6959, 1), (7073, 1), (7237, 1), (8187, 1)
maniat (DF: 3): (1668, 2), (2183, 2), (4246, 1)
manic (DF: 7): (1224, 1), (1940, 1), (2474, 2), (5091, 1), (6052, 1), (6756, 1), (7337, 4)
manicur (DF: 6): (2005, 2), (2641, 2), (3770, 3), (3941, 1), (7233, 1), (7302, 1)
manidhanaai (DF: 1): (3471, 3)
manidharaai (DF: 1): (3471, 1)
manier (DF: 1): (812, 2)
manifast (DF: 1): (892, 1)
manifest (DF: 15): (490, 1), (813, 1), (1135, 1), (1885, 2), (2764, 1), (3014, 1), (3181, 2), (3726, 1), (4171, 3), (5405, 1), (5468, 1), (5851, 1), (5947, 1), (6582, 1), (7470, 2)
manifiest (DF: 1): (5436, 1)
manil (DF: 5): (4081, 1), (7380, 4), (8466, 1), (9185, 1), (9246, 2)
manila (DF: 4): (321, 1), (6664, 1), (8316, 1), (8773, 1)
