phone (DF: 105): (7804, 2), (7834, 3), (7874, 9), (7913, 1), (7932, 1), (7950, 12), (8035, 1), (8074, 1), (8083, 1), (8121, 1), (8156, 2), (8157, 1), (8162, 6), (8167, 3), (8172, 1), (8183, 1), (8235, 8), (8287, 5), (8299, 1), (8316, 2), (8354, 1), (8356, 1), (8368, 2), (8373, 6), (8381, 2), (8403, 2), (8461, 1), (8467, 1), (8481, 1), (8491, 1), (8501, 1), (8530, 1), (8536, 1), (8562, 1), (8570, 1), (8592, 1), (8597, 1), (8601, 3), (8611, 1), (8638, 1), (8685, 3), (8701, 3), (8722, 8), (8795, 1), (8797, 1), (8811, 1), (8870, 1), (8871, 1), (8969, 1), (9010, 1), (9056, 1), (9057, 1), (9091, 1), (9105, 1), (9119, 1), (9135, 1), (9158, 1), (9176, 1), (9183, 1), (9270, 1), (9288, 1), (9351, 1), (9379, 2), (9380, 2), (9403, 1), (9453, 1), (9566, 3), (9594, 1), (9628, 1), (9646, 1), (9717, 1), (9730, 1), (9747, 1), (9749, 1), (9774, 1), (9777, 1), (9801, 1), (9828, 1), (9841, 2), (9846, 1), (9905, 3), (9910, 20), (9925, 1), (401, 1), (402, 1), (955, 1), (956, 1), (1754, 16), (1755, 1), (2724, 1), (2725, 1), (3175, 3), (3176, 3), (3604, 1), (3605, 1), (4716, 2), (4717, 1), (4811, 1), (4812, 1), (5484, 1), (5488, 1), (6794, 1), (6795, 1), (9726, 1), (9727, 1)
phoney (DF: 2): (3298, 1), (3991, 1)
phoni (DF: 22): (121, 1), (920, 1), (1904, 1), (2147, 1), (3565, 1), (3739, 1), (4355, 1), (4503, 1), (5298, 1), (5409, 1), (6560, 1), (6597, 1), (6755, 1), (6867, 1), (7348, 5), (7635, 1), (8006, 1), (8252, 1), (8407, 1), (8982, 1), (9308, 1), (9922, 1)
phonic (DF: 1): (7908, 1)
phonik (DF: 2): (4044, 1), (8559, 1)
phoria (DF: 1): (3415, 1)
phosphorus (DF: 1): (4459, 1)
photo (DF: 31): (102, 1), (440, 1), (664, 1), (1647, 1), (1688, 1), (1913, 1), (2137, 1), (2254, 1), (2299, 1), (2330, 2), (3056, 1), (3909, 1), (3990, 2), (4269, 1), (4459, 1), (4874, 1), (4950, 4), (5334, 1), (5605, 2), (5711, 2), (5725, 1), (6375, 1), (6613, 1), (6704, 2), (7142, 1), (7328, 1), (8021, 6), (8614, 1), (9138, 1), (9426, 1), (9823, 3)
photobomb (DF: 1): (5086, 1)
photobooth (DF: 1): (2947, 2)
photograph (DF: 24): (123, 1), (636, 1), (932, 1), (1075, 3), (2696, 11), (2907, 4), (3259, 1), (3334, 7), (3366, 5), (5293, 1), (5327, 2), (5809, 1), (6643, 2), (6876, 1), (7221, 1), (7328, 1), (7642, 1), (7855, 1), (7864, 2), (7913, 3), (7932, 1), (7940, 1), (8021, 3), (9925, 4)
photomaton (DF: 1): (7903, 1)
photos (DF: 2): (540, 1), (6886, 3)
photosensit (DF: 1): (2042, 1)
photoshoot (DF: 1): (9008, 1)
photoshop (DF: 2): (7123, 1), (9781, 2)
photosynthesi (DF: 1): (7748, 1)
phrase (DF: 14): (563, 1), (1699, 1), (1784, 1), (2820, 1), (4199, 1), (5253, 1), (5815, 1), (7249, 1), (7282, 2), (7310, 1), (7634, 2), (8269, 1), (8274, 2), (8904, 1)
phresh (DF: 1): (9866, 1)
phull (DF: 1): (5582, 1)
phum (DF: 1): (6439, 1)
phunk (DF: 2): (5804, 1), (5951, 2)
phutur (DF: 1): (9241, 2)
phys (DF: 1): (6114, 1)
physco (DF: 1): (909, 1)
physic (DF: 33): (490, 1), (1206, 2), (1343, 1), (1388, 1), (1928, 1), (2458, 1), (2856, 1), (3011, 15), (3075, 1), (3440, 6), (3472, 2), (3561, 1), (3633, 1), (3776, 3), (5019, 4), (5329, 1), (5349, 1), (5773, 1), (5789, 3), (5897, 4), (6163, 1), (6392, 1), (6860, 18), (6913, 1), (7103, 1), (7744, 1), (8154, 1), (8159, 1), (9135, 1), (9265, 1), (9274, 1), (9495, 1), (9708, 1)
physiqu (DF: 4): (1799, 2), (2355, 3), (6876, 2), (9794, 1)
phénomen (DF: 1): (4198, 2)
pi (DF: 25): (250, 1), (661, 1), (908, 2), (1825, 34), (4016, 1), (4311, 1), (4855, 1), (5075, 1), (5436, 1), (6007, 1), (6441, 1), (6503, 3), (6754, 1), (6819, 1), (6865, 1), (7071, 6), (7344, 1), (7607, 1), (7916, 6), (8452, 2), (8498, 1), (8717, 1), (9085, 16), (9162, 1), (9387, 11)
pia (DF: 1): (6641, 11)
piac (DF: 9): (1010, 1), (1818, 1), (1850, 1), (5116, 2), (6961, 2), (7466, 3), (7694, 3), (8777, 2), (9664, 1)
piacc (DF: 1): (3295, 4)
pian (DF: 5): (1022, 1), (6395, 5), (6626, 1), (7466, 4), (9906, 1)
piana (DF: 1): (8418, 1)
pianet (DF: 1): (8198, 6)
piang (DF: 8): (438, 1), (524, 1), (1800, 1), (2567, 1), (6691, 1), (7837, 3), (9222, 1), (9420, 1)
pianista (DF: 1): (4167, 2)
piano (DF: 20): (1671, 2), (2514, 1), (2622, 1), (2886, 1), (3268, 1), (3850, 1), (4727, 1), (4866, 5), (5044, 10), (6415, 1), (6481, 1), (6630, 1), (6741, 1), (7647, 1), (7662, 1), (7882, 5), (8044, 1), (8155, 2), (8216, 1), (8330, 1)
piasek (DF: 1): (9162, 1)
piatt (DF: 1): (3972, 1)
piaypy (DF: 1): (8188, 1)
piazz (DF: 1): (7910, 1)
pib (DF: 6): (417, 1), (1424, 1), (4347, 1), (5674, 1), (5978, 1), (6249, 4)
