valet (DF: 9): (4608, 1), (4789, 1), (7732, 1), (8060, 1), (8087, 1), (8536, 1), (8929, 1), (9628, 1), (9993, 1)
valg (DF: 9): (1277, 9), (3569, 2), (3590, 1), (3851, 2), (3916, 2), (4032, 1), (6175, 1), (7056, 6), (7196, 1)
valgo (DF: 1): (8132, 2)
valgt (DF: 1): (6674, 1)
vali (DF: 2): (2604, 1), (9296, 1)
valid (DF: 15): (40, 1), (386, 1), (562, 1), (676, 6), (1922, 1), (3453, 1), (4505, 1), (6098, 1), (6946, 1), (7580, 1), (7856, 1), (8380, 1), (8944, 3), (9657, 1), (9977, 1)
valient (DF: 4): (6263, 1), (6339, 1), (8792, 1), (8919, 2)
valig (DF: 1): (6961, 1)
valis (DF: 1): (637, 1)
valium (DF: 6): (688, 1), (925, 1), (1587, 2), (3789, 1), (8842, 1), (9301, 1)
vall (DF: 7): (43, 1), (1563, 1), (4780, 2), (6279, 2), (6303, 1), (7490, 2), (9172, 1)
valla (DF: 3): (505, 1), (1310, 1), (4422, 1)
vallen (DF: 1): (3864, 1)
vallenat (DF: 6): (891, 3), (1042, 15), (1826, 3), (6689, 1), (7274, 14), (9963, 4)
valley (DF: 45): (164, 1), (268, 1), (482, 2), (1430, 1), (1696, 1), (1849, 1), (1919, 1), (1971, 1), (1984, 1), (2435, 1), (2524, 1), (2550, 1), (2710, 1), (2859, 4), (2884, 1), (3012, 1), (3177, 2), (3238, 1), (4062, 1), (4452, 2), (4917, 1), (4974, 1), (5494, 1), (6556, 1), (6560, 1), (6750, 1), (6986, 4), (7054, 3), (7289, 2), (7332, 4), (7523, 1), (7727, 1), (7821, 1), (7927, 1), (8132, 1), (8251, 2), (8623, 3), (8648, 1), (8739, 1), (8974, 2), (9260, 2), (9357, 1), (9957, 1), (80, 1), (81, 1)
valli (DF: 1): (452, 1)
vallier (DF: 1): (6849, 1)
valor (DF: 24): (728, 1), (791, 3), (1441, 6), (1443, 1), (1582, 1), (1907, 5), (2136, 1), (3211, 1), (3666, 1), (3955, 3), (4361, 3), (4544, 2), (4886, 4), (5856, 1), (5917, 1), (6205, 18), (6289, 1), (6553, 1), (7151, 4), (7604, 6), (8128, 1), (9225, 1), (9410, 4), (9864, 1)
valoriz (DF: 2): (3550, 4), (5016, 4)
valorizava (DF: 1): (60, 5)
valott (DF: 1): (8739, 2)
valova (DF: 1): (2843, 1)
vals (DF: 2): (5376, 13), (8646, 1)
valsbezig (DF: 1): (7421, 1)
valu (DF: 16): (1964, 1), (2119, 2), (2186, 1), (2326, 1), (2675, 1), (2704, 1), (3160, 2), (4427, 1), (4731, 1), (5121, 1), (5258, 1), (7184, 1), (8070, 1), (8776, 1), (9538, 2), (9794, 1)
valuabl (DF: 3): (2508, 1), (3299, 3), (4555, 3)
valv (DF: 2): (40, 1), (6707, 1)
valvule (DF: 1): (9185, 1)
vam (DF: 188): (12, 10), (24, 4), (28, 1), (227, 2), (252, 1), (276, 1), (347, 4), (353, 1), (399, 1), (412, 6), (460, 1), (476, 1), (480, 1), (628, 3), (889, 1), (890, 3), (897, 3), (996, 1), (1005, 10), (1033, 1), (1061, 2), (1079, 12), (1109, 1), (1112, 1), (1193, 1), (1255, 2), (1300, 13), (1307, 1), (1422, 5), (1441, 1), (1476, 4), (1524, 1), (1563, 5), (1631, 1), (1652, 12), (1653, 2), (1665, 2), (1686, 5), (1740, 36), (1778, 3), (1788, 2), (1878, 1), (1932, 1), (2027, 3), (2033, 10), (2108, 6), (2306, 2), (2342, 3), (2354, 1), (2369, 4), (2604, 6), (2617, 4), (2648, 5), (2656, 1), (2659, 4), (2739, 4), (2743, 8), (2792, 1), (2877, 2), (3080, 1), (3090, 1), (3219, 32), (3308, 8), (3342, 2), (3351, 1), (3358, 1), (3536, 2), (3580, 14), (3609, 2), (3669, 1), (3697, 2), (3724, 1), (3816, 3), (3853, 2), (3876, 1), (3903, 1), (3916, 5), (3996, 1), (4009, 4), (4011, 8), (4081, 1), (4162, 24), (4210, 1), (4356, 6), (4423, 1), (4434, 3), (4532, 1), (4567, 8), (4709, 1), (4752, 5), (4763, 4), (4799, 4), (4862, 1), (5013, 1), (5022, 2), (5040, 2), (5306, 6), (5352, 9), (5475, 4), (5547, 2), (5696, 8), (5745, 2), (5754, 2), (5770, 45), (5881, 2), (5945, 5), (5991, 11), (6025, 1), (6079, 2), (6160, 1), (6207, 4), (6243, 1), (6251, 4), (6326, 1), (6339, 1), (6384, 2), (6399, 4), (6423, 3), (6432, 3), (6438, 3), (6450, 1), (6561, 1), (6562, 1), (6651, 6), (6659, 5), (6871, 2), (6884, 1), (6974, 1), (7031, 1), (7166, 5), (7255, 6), (7309, 1), (7426, 2), (7435, 4), (7495, 1), (7504, 1), (7526, 1), (7646, 4), (7742, 8), (7925, 1), (7961, 1), (8036, 1), (8097, 2), (8116, 2), (8143, 6), (8188, 2), (8243, 3), (8323, 5), (8415, 8), (8466, 1), (8478, 2), (8506, 3), (8526, 1), (8569, 1), (8606, 8), (8632, 3), (8699, 8), (8758, 5), (8817, 1), (8883, 1), (8902, 1), (8919, 2), (8923, 10), (8945, 1), (9067, 4), (9179, 1), (9302, 6), (9428, 3), (9430, 1), (9444, 5), (9470, 1), (9540, 1), (9641, 4), (9652, 3), (9697, 3), (9719, 2), (9818, 2), (9887, 5), (9916, 2), (9939, 3), (9963, 2), (9974, 2), (2020, 7), (2021, 1), (4469, 2), (4470, 1), (5353, 1), (9819, 4)
vambora (DF: 2): (3305, 10), (9525, 1)
vamo (DF: 1): (1171, 1)
