import (DF: 122): (3070, 5), (3158, 7), (3159, 2), (3197, 6), (3210, 2), (3211, 2), (3216, 1), (3403, 2), (3537, 1), (3588, 2), (3590, 1), (3597, 1), (3697, 1), (3717, 1), (3859, 2), (3876, 1), (3908, 1), (3971, 1), (3981, 5), (4009, 1), (4143, 1), (4162, 16), (4193, 12), (4347, 1), (4356, 2), (4448, 1), (4504, 2), (4556, 1), (4575, 1), (4633, 2), (4780, 1), (4797, 2), (4908, 2), (4963, 2), (4984, 2), (5020, 1), (5116, 2), (5126, 1), (5218, 2), (5224, 1), (5236, 1), (5276, 1), (5436, 1), (5446, 1), (5473, 5), (5478, 1), (5495, 1), (5580, 4), (5745, 2), (5777, 1), (5821, 3), (5975, 1), (5997, 1), (6111, 1), (6350, 1), (6368, 1), (6516, 1), (6558, 1), (6615, 2), (6659, 1), (6808, 1), (6886, 1), (6932, 2), (6970, 1), (6974, 1), (6988, 1), (7051, 1), (7098, 1), (7104, 8), (7108, 2), (7171, 4), (7223, 1), (7281, 2), (7284, 1), (7296, 1), (7367, 4), (7461, 2), (7546, 3), (7653, 2), (7726, 1), (7749, 6), (7854, 4), (7904, 2), (7922, 2), (7952, 1), (7965, 2), (8036, 1), (8128, 2), (8140, 2), (8149, 2), (8349, 2), (8352, 1), (8383, 1), (8420, 1), (8492, 1), (8606, 2), (8728, 2), (8751, 1), (8817, 1), (8819, 1), (8923, 1), (8928, 1), (9001, 2), (9018, 4), (9026, 1), (9034, 1), (9222, 1), (9248, 2), (9252, 1), (9285, 1), (9334, 2), (9384, 1), (9414, 1), (9428, 2), (9509, 1), (9532, 3), (9664, 1), (9719, 1), (9792, 6), (9830, 1), (9912, 1), (9916, 1)
importa (DF: 5): (4434, 1), (6234, 4), (6804, 1), (7049, 2), (9396, 2)
importam (DF: 1): (8941, 8)
important (DF: 5): (2539, 2), (2839, 1), (3838, 1), (4167, 1), (9901, 1)
importar (DF: 3): (2210, 2), (6947, 2), (8909, 4)
importat (DF: 1): (6336, 1)
importin (DF: 1): (7448, 1)
importwar (DF: 1): (2574, 1)
impos (DF: 25): (403, 1), (684, 1), (727, 1), (791, 1), (982, 2), (1963, 2), (2090, 2), (2425, 2), (3417, 1), (3777, 1), (4427, 1), (4790, 1), (4912, 1), (5105, 9), (5110, 1), (5388, 1), (5608, 1), (5961, 1), (6682, 1), (7028, 2), (7513, 20), (7632, 4), (7782, 1), (8646, 1), (9901, 1)
imposs (DF: 28): (40, 4), (514, 2), (1867, 2), (1971, 1), (3753, 1), (4142, 1), (4237, 1), (4490, 1), (5366, 4), (5662, 1), (5837, 1), (6416, 1), (6642, 1), (6767, 1), (7023, 1), (7103, 2), (7655, 1), (7734, 1), (7919, 3), (8567, 1), (8750, 1), (8777, 1), (8907, 1), (9092, 1), (9209, 3), (9698, 1), (9886, 3), (9978, 1)
impossível (DF: 1): (2651, 2)
impost (DF: 1): (6464, 1)
imposto (DF: 1): (7270, 1)
impostor (DF: 2): (7474, 1), (9354, 1)
impotent (DF: 1): (8902, 1)
impoverish (DF: 2): (134, 1), (9848, 1)
impract (DF: 2): (3451, 3), (3729, 1)
impregn (DF: 1): (3596, 1)
impregnabl (DF: 1): (4124, 1)
impres (DF: 1): (8054, 1)
impresion (DF: 3): (5174, 2), (6818, 1), (8518, 1)
impresionar (DF: 1): (7049, 4)
impresionart (DF: 1): (724, 1)
impress (DF: 65): (121, 1), (334, 2), (352, 1), (540, 1), (541, 1), (550, 3), (645, 1), (787, 1), (870, 1), (1058, 1), (1205, 1), (1381, 1), (1463, 1), (1669, 1), (1904, 1), (2025, 1), (2058, 1), (2208, 1), (2406, 2), (2764, 1), (2902, 1), (2992, 1), (3312, 1), (3857, 5), (4069, 1), (4082, 1), (4316, 1), (4360, 3), (4427, 1), (4724, 1), (4875, 1), (4907, 1), (4981, 1), (5316, 1), (5584, 2), (5682, 1), (5751, 1), (5809, 1), (5947, 1), (6214, 1), (6229, 2), (6445, 1), (6536, 1), (6751, 1), (6832, 4), (6950, 3), (7051, 1), (7114, 1), (7492, 1), (7517, 1), (7744, 1), (7767, 5), (7991, 1), (8088, 3), (8660, 1), (8680, 2), (8793, 1), (9115, 1), (9140, 1), (9409, 2), (9801, 1), (9875, 1), (9928, 1), (9965, 1), (9970, 1)
impressin (DF: 3): (1097, 1), (3180, 2), (4404, 1)
impression (DF: 1): (8161, 2)
impresám (DF: 1): (9595, 1)
impreza (DF: 1): (7356, 8)
imprezowicza (DF: 1): (3744, 4)
imprim (DF: 1): (9306, 1)
imprison (DF: 4): (3107, 1), (3120, 1), (3402, 1), (6104, 1)
improb (DF: 1): (4986, 2)
impromptu (DF: 1): (1110, 1)
impront (DF: 1): (9222, 2)
improv (DF: 13): (446, 1), (2235, 1), (2241, 1), (2809, 1), (3391, 2), (3912, 1), (4023, 1), (4240, 1), (4310, 1), (4355, 1), (4708, 1), (7371, 2), (7671, 1)
improvis (DF: 4): (2677, 1), (4427, 1), (4799, 1), (8183, 1)
improvisada (DF: 1): (4167, 1)
imprudent (DF: 1): (2805, 3)
impuest (DF: 1): (9252, 1)
impuls (DF: 8): (468, 2), (972, 9), (5241, 1), (6085, 2), (7323, 1), (7843, 17), (8070, 1), (8817, 1)
impératric (DF: 1): (9813, 1)
império (DF: 1): (2839, 1)
imri (DF: 1): (3535, 1)
imus (DF: 1): (6846, 1)
in (DF: 10): (53, 2), (252, 13), (480, 12), (711, 1), (724, 1), (858, 2), (1008, 4), (1461, 2), (2309, 2), (2473, 1)
