much (DF: 307): (8743, 1), (8774, 3), (8794, 1), (8802, 1), (8803, 1), (8813, 1), (8825, 1), (8836, 2), (8843, 3), (8848, 2), (8850, 1), (8864, 4), (8884, 5), (8896, 2), (8913, 1), (8916, 1), (8950, 1), (8954, 2), (8960, 1), (8974, 2), (9008, 1), (9010, 1), (9033, 1), (9041, 4), (9048, 1), (9057, 1), (9066, 1), (9081, 1), (9105, 1), (9113, 2), (9124, 96), (9128, 7), (9153, 3), (9216, 2), (9225, 1), (9253, 2), (9256, 1), (9262, 1), (9266, 1), (9288, 1), (9293, 1), (9298, 1), (9305, 1), (9315, 1), (9332, 1), (9340, 1), (9353, 3), (9360, 2), (9365, 1), (9378, 3), (9381, 2), (9385, 2), (9404, 2), (9412, 1), (9453, 1), (9467, 1), (9470, 2), (9485, 2), (9500, 1), (9535, 2), (9536, 1), (9538, 1), (9541, 1), (9565, 6), (9574, 1), (9576, 2), (9581, 1), (9584, 10), (9590, 1), (9594, 2), (9597, 3), (9608, 1), (9612, 1), (9629, 1), (9646, 3), (9650, 2), (9659, 1), (9667, 3), (9670, 2), (9677, 2), (9696, 1), (9704, 1), (9722, 15), (9729, 3), (9740, 1), (9744, 1), (9746, 1), (9770, 6), (9780, 1), (9784, 1), (9789, 6), (9794, 1), (9796, 1), (9807, 2), (9823, 1), (9825, 1), (9829, 1), (9834, 2), (9847, 1), (9872, 1), (9874, 1), (9881, 1), (9882, 1), (9895, 6), (9905, 2), (9920, 3), (9945, 2), (9946, 1), (9967, 1), (9968, 1), (9978, 1), (9980, 3), (9984, 1), (9991, 1), (207, 46), (209, 1), (357, 2), (359, 3), (414, 1), (415, 5), (432, 1), (434, 1), (455, 1), (457, 1), (469, 1), (470, 6), (516, 2), (518, 2), (691, 1), (692, 1), (732, 1), (733, 10), (930, 2), (931, 1), (1043, 1), (1045, 2), (1173, 3), (1175, 2), (1421, 7), (1423, 1), (1860, 1), (1863, 1), (1875, 1), (1876, 3), (1992, 9), (1994, 1), (2062, 1), (2063, 1), (2067, 1), (2068, 4), (2201, 2), (2202, 1), (2218, 1), (2219, 2), (2223, 2), (2224, 1), (2256, 1), (2259, 1), (2453, 3), (2454, 3), (2587, 1), (2588, 2), (2903, 1), (2906, 1), (2979, 2), (2980, 1), (3307, 2), (3309, 2), (3310, 1), (3393, 1), (3394, 6), (3431, 1), (3432, 1), (3498, 1), (3500, 1), (3726, 2), (3727, 1), (3860, 1), (3862, 2), (3920, 1), (3921, 1), (4039, 2), (4041, 1), (4063, 2), (4065, 2), (4302, 2), (4303, 1), (4382, 2), (4383, 3), (4515, 1), (4516, 1), (4546, 3), (4547, 1), (4600, 1), (4601, 1), (4698, 1), (4699, 1), (4747, 13), (4748, 1), (4755, 3), (4757, 2), (4808, 1), (4809, 1), (4841, 2), (4842, 1), (5001, 1), (5002, 1), (5062, 1), (5064, 2), (5105, 1), (5106, 1), (5123, 45), (5124, 3), (5182, 1), (5184, 3), (5446, 6), (5448, 2), (5834, 1), (5835, 1), (5861, 2), (5862, 1), (5870, 2), (5872, 3), (5885, 1), (5886, 4), (5929, 2), (5931, 1), (6117, 2), (6118, 1), (6127, 2), (6128, 4), (6354, 2), (6357, 4), (6560, 1), (6561, 1), (6773, 1), (6776, 1), (6845, 1), (6846, 1), (7020, 1), (7021, 1), (7482, 1), (7483, 4), (7485, 1), (7577, 5), (7579, 2), (7661, 5), (7662, 1), (7739, 1), (7740, 1), (7790, 1), (7791, 10), (7880, 18), (7881, 1), (7954, 1), (7955, 3), (7956, 4), (7957, 1), (8064, 12), (8065, 1), (8154, 1), (8155, 1), (8228, 1), (8229, 3), (8268, 12), (8269, 1), (8305, 9), (8307, 1), (8383, 2), (8384, 1), (8403, 2), (8404, 1), (8606, 2), (8608, 1), (8700, 1), (8702, 1), (8750, 1), (8751, 1), (8886, 3), (8933, 3), (8934, 2), (9135, 1), (9136, 2), (9176, 3), (9178, 20), (9180, 1), (9312, 1), (9313, 2), (9447, 2), (9448, 1), (9561, 2), (9563, 1), (9652, 2), (9653, 1), (9708, 1), (9709, 1), (9774, 1), (9775, 1), (9804, 1), (9987, 1), (9988, 1), (1397, 2), (1399, 1), (1400, 1), (1851, 1), (1852, 2), (1853, 12)
mucha (DF: 2): (2843, 1), (8597, 1)
muchach (DF: 23): (1193, 1), (1677, 1), (1786, 6), (1978, 1), (2814, 1), (3399, 1), (4246, 1), (4709, 1), (4951, 1), (5026, 4), (5373, 3), (5396, 4), (5473, 6), (7380, 2), (7426, 1), (7653, 1), (8415, 4), (8728, 3), (8923, 1), (9246, 1), (9383, 1), (9431, 1), (9521, 1)
muchacha (DF: 1): (3800, 1)
muchachit (DF: 1): (7773, 15)
muchachito (DF: 1): (7583, 1)
muchacho (DF: 3): (88, 1), (4849, 1), (7583, 2)
muchachot (DF: 1): (7773, 12)
muchador (DF: 1): (6457, 1)
muchhan (DF: 1): (8534, 1)
muchi (DF: 1): (4421, 1)
mucho (DF: 10): (194, 2), (359, 1), (1087, 1), (1171, 2), (1520, 1), (1583, 1), (1931, 4), (2205, 2), (6137, 1), (8597, 1)
muck (DF: 13): (483, 1), (1238, 1), (1654, 1), (1715, 1), (2208, 8), (2328, 3), (3962, 1), (3984, 5), (5075, 1), (5206, 1), (5493, 2), (5691, 1), (6620, 1)
mud (DF: 21): (899, 1), (1046, 2), (1375, 8), (2650, 2), (2767, 1), (3067, 1), (3719, 1), (4062, 1), (4218, 1), (4339, 1), (4700, 2), (4790, 1), (4887, 3), (4971, 1), (5030, 1), (5152, 1), (5207, 1), (5252, 1), (5583, 1), (6019, 1), (6040, 1)
