ba (DF: 37): (5505, 56), (5578, 16), (5645, 4), (5754, 3), (5872, 1), (6072, 4), (6138, 1), (6292, 96), (6382, 8), (6764, 24), (6865, 27), (6953, 15), (7061, 24), (7137, 5), (7198, 4), (7370, 45), (7435, 48), (7465, 1), (7603, 1), (8001, 4), (8068, 3), (8156, 1), (8209, 8), (8561, 2), (8602, 4), (8621, 12), (8719, 4), (8807, 6), (9336, 1), (9468, 108), (9574, 4), (9672, 13), (9695, 2), (9742, 4), (9781, 1), (9929, 17), (5579, 13)
baa (DF: 2): (6008, 1), (6184, 4)
baaaaaa (DF: 1): (5448, 1)
baaaaaaaaddd (DF: 1): (4941, 1)
baaabi (DF: 1): (7588, 1)
baabi (DF: 1): (7588, 1)
baag (DF: 1): (9138, 1)
baah (DF: 1): (2231, 1)
baahan (DF: 1): (9138, 3)
baahar (DF: 1): (5582, 3)
baaki (DF: 1): (8510, 1)
baal (DF: 1): (6008, 2)
baandhu (DF: 1): (1834, 1)
baanh (DF: 1): (9138, 1)
baani (DF: 1): (9519, 1)
baap (DF: 2): (149, 2), (9138, 1)
baapu (DF: 2): (9138, 1), (9519, 2)
baari (DF: 1): (9688, 1)
baarvi (DF: 1): (9688, 1)
baat (DF: 4): (1834, 1), (7547, 1), (8534, 1), (9688, 2)
baatein (DF: 1): (149, 2)
baato (DF: 2): (1834, 1), (4686, 1)
baauer (DF: 1): (61, 1)
baaz (DF: 1): (4985, 2)
bab (DF: 18): (143, 1), (598, 1), (707, 1), (986, 1), (1453, 1), (2203, 2), (3269, 7), (3570, 3), (3586, 2), (4288, 2), (4470, 1), (5174, 2), (8919, 2), (8999, 2), (9252, 2), (9431, 1), (9719, 1), (9884, 2)
baba (DF: 16): (483, 1), (493, 2), (1654, 1), (1845, 7), (2194, 1), (2268, 1), (2463, 1), (3962, 1), (4743, 1), (5206, 1), (5214, 1), (5929, 1), (7603, 20), (7983, 1), (8670, 1), (8695, 1)
babada (DF: 1): (8209, 4)
babag (DF: 1): (4657, 1)
babahoum (DF: 1): (246, 1)
babalied (DF: 1): (1715, 1)
babalikan (DF: 1): (5932, 1)
babaloo (DF: 1): (8026, 1)
babas (DF: 4): (1583, 1), (1715, 1), (4743, 19), (5775, 1)
babb (DF: 1): (6961, 1)
babbl (DF: 1): (2729, 1)
babe (DF: 243): (31, 1), (49, 2), (62, 2), (104, 6), (113, 2), (128, 1), (157, 2), (215, 3), (230, 1), (264, 2), (272, 2), (301, 5), (361, 1), (414, 1), (431, 3), (515, 2), (610, 12), (688, 5), (774, 1), (786, 1), (809, 5), (826, 1), (832, 1), (850, 1), (942, 1), (951, 1), (959, 1), (983, 3), (990, 1), (998, 1), (1100, 2), (1106, 3), (1122, 1), (1126, 4), (1145, 1), (1153, 6), (1173, 3), (1186, 2), (1203, 10), (1246, 1), (1269, 1), (1287, 3), (1302, 2), (1326, 1), (1374, 6), (1378, 2), (1385, 2), (1389, 4), (1402, 20), (1405, 15), (1438, 1), (1454, 1), (1457, 6), (1528, 4), (1551, 2), (1690, 1), (1720, 1), (1749, 6), (1751, 1), (1817, 8), (1889, 1), (1913, 1), (1997, 1), (2102, 1), (2159, 1), (2162, 9), (2171, 1), (2240, 1), (2367, 1), (2374, 2), (2384, 4), (2418, 4), (2471, 2), (2523, 1), (2532, 1), (2540, 2), (2553, 1), (2587, 1), (2664, 1), (2667, 1), (2693, 1), (2714, 1), (2816, 1), (2837, 1), (2854, 2), (2871, 1), (2884, 1), (2929, 1), (2965, 2), (3015, 7), (3021, 1), (3051, 4), (3055, 2), (3059, 7), (3083, 1), (3094, 1), (3099, 1), (3124, 1), (3147, 1), (3168, 2), (3207, 3), (3241, 1), (3246, 2), (3271, 1), (3274, 1), (3338, 2), (3355, 1), (3359, 1), (3382, 1), (3410, 1), (3448, 2), (3533, 1), (3617, 2), (3689, 1), (3702, 3), (3713, 1), (3744, 4), (3752, 4), (3814, 3), (3837, 11), (3862, 2), (3882, 6), (3907, 2), (3944, 2), (3953, 1), (4008, 2), (4022, 3), (4052, 1), (4055, 12), (4076, 2), (4083, 3), (4136, 8), (4156, 2), (4233, 2), (4270, 1), (4293, 1), (4325, 1), (4402, 3), (4433, 2), (4489, 12), (4498, 3), (4511, 16), (4577, 2), (4583, 2), (4585, 1), (4612, 2), (4648, 4), (4791, 7), (4825, 2), (4831, 1), (4838, 1), (4849, 5), (4976, 3), (4993, 2), (5111, 1), (5123, 13), (5154, 3), (5161, 2), (5216, 2), (5234, 2), (5259, 1), (5284, 14), (5292, 8), (5333, 3), (5383, 2), (5408, 1), (5413, 1), (5452, 2), (5457, 1), (5462, 8), (5509, 2), (5526, 8), (5538, 3), (5701, 1), (5711, 6), (5803, 3), (5815, 1), (5822, 1), (5853, 1), (5905, 3), (5926, 2), (5952, 2), (5971, 3), (5998, 1), (6032, 1), (6050, 3), (6064, 40), (6105, 6), (6115, 3), (6143, 1), (6166, 4), (6196, 8), (6216, 2), (6241, 2), (6252, 2), (6264, 2), (6278, 4), (6299, 1), (6323, 1), (6329, 1), (6369, 1), (6382, 2), (6402, 8), (6405, 2), (6490, 1), (6538, 1), (6556, 2), (6570, 1), (6581, 1), (6586, 3), (6587, 2), (6618, 3), (6672, 2), (6686, 1), (6783, 1), (6827, 4), (6920, 1), (6975, 1), (7010, 1), (7022, 1), (7054, 3), (7078, 1), (7084, 1), (7142, 1), (7161, 1), (7173, 1), (7248, 2), (7303, 5), (7350, 1), (7383, 3), (7424, 12), (7471, 4), (7483, 3), (7486, 4), (7488, 10), (7498, 2), (7553, 8), (7576, 2), (7614, 7), (7622, 1), (7669, 1), (7680, 2), (7687, 4)
