capricorni (DF: 1): (4469, 1)
capsiz (DF: 4): (2630, 1), (3165, 5), (6906, 10), (6988, 1)
capsul (DF: 1): (6071, 1)
capsule (DF: 1): (667, 16)
capt (DF: 3): (1963, 1), (3996, 1), (9737, 1)
captain (DF: 40): (65, 1), (350, 2), (388, 1), (542, 4), (603, 4), (684, 1), (1110, 1), (1211, 1), (1557, 1), (2000, 2), (2002, 1), (2143, 1), (2367, 1), (2395, 1), (2437, 1), (2611, 1), (2956, 1), (3531, 7), (3708, 26), (4111, 2), (4345, 2), (4459, 1), (4629, 2), (4895, 1), (4962, 1), (5245, 1), (5314, 1), (5316, 1), (5608, 1), (5827, 2), (5879, 1), (6275, 1), (6445, 1), (8674, 1), (8694, 1), (9287, 3), (9356, 1), (9379, 5), (9458, 4), (9828, 1)
caption (DF: 6): (2472, 1), (3485, 1), (4404, 1), (6847, 1), (6895, 1), (9946, 1)
captions (DF: 1): (6205, 2)
captiv (DF: 24): (183, 1), (368, 1), (405, 1), (597, 1), (694, 1), (1167, 1), (1417, 1), (2110, 3), (2246, 1), (2783, 1), (3383, 6), (3479, 1), (3506, 1), (4249, 1), (4508, 2), (4724, 1), (5421, 1), (5692, 1), (5794, 1), (7162, 24), (7477, 1), (8643, 1), (9235, 1), (9608, 1)
captur (DF: 22): (1032, 1), (1690, 1), (1856, 1), (2042, 1), (3469, 1), (3726, 1), (4027, 6), (4404, 1), (4521, 3), (4710, 1), (4727, 1), (5393, 2), (5923, 2), (5984, 2), (6229, 2), (6258, 1), (7105, 1), (8322, 1), (8355, 3), (8837, 4), (9073, 1), (9180, 1)
captura (DF: 1): (5606, 1)
capuch (DF: 1): (6025, 1)
capuchon (DF: 1): (417, 1)
capulet (DF: 1): (7761, 1)
capull (DF: 2): (3358, 1), (3609, 2)
capullit (DF: 1): (5659, 2)
car (DF: 633): (26, 6), (34, 1), (38, 1), (69, 1), (80, 2), (82, 1), (109, 1), (117, 1), (123, 5), (143, 2), (153, 2), (169, 2), (179, 1), (186, 1), (197, 2), (200, 1), (223, 1), (226, 3), (247, 1), (248, 1), (256, 2), (274, 4), (283, 2), (295, 1), (306, 1), (312, 1), (339, 1), (348, 1), (361, 1), (365, 2), (369, 1), (417, 1), (434, 8), (456, 1), (477, 3), (518, 1), (574, 1), (579, 4), (616, 1), (643, 1), (660, 1), (668, 1), (675, 10), (698, 10), (711, 5), (753, 3), (802, 3), (808, 1), (814, 4), (841, 1), (909, 1), (915, 1), (920, 1), (924, 2), (925, 1), (932, 1), (988, 1), (1063, 1), (1073, 4), (1122, 2), (1125, 1), (1191, 1), (1207, 1), (1212, 2), (1215, 2), (1226, 2), (1250, 1), (1263, 1), (1282, 2), (1284, 1), (1285, 1), (1323, 2), (1342, 1), (1366, 1), (1377, 2), (1419, 1), (1425, 4), (1429, 1), (1434, 1), (1436, 1), (1449, 2), (1471, 1), (1481, 6), (1490, 1), (1512, 1), (1520, 1), (1547, 1), (1559, 8), (1561, 1), (1594, 1), (1603, 1), (1624, 2), (1625, 1), (1631, 1), (1642, 1), (1650, 1), (1656, 1), (1661, 1), (1665, 2), (1674, 1), (1704, 1), (1713, 1), (1727, 1), (1728, 2), (1748, 1), (1832, 1), (1839, 3), (1868, 1), (1872, 1), (1887, 1), (1896, 3), (1907, 1), (1952, 2), (1971, 1), (1972, 4), (2004, 1), (2005, 2), (2010, 1), (2041, 2), (2048, 1), (2061, 3), (2092, 1), (2120, 3), (2135, 1), (2136, 1), (2143, 1), (2145, 1), (2167, 1), (2177, 1), (2187, 1), (2189, 1), (2216, 2), (2217, 2), (2218, 1), (2230, 2), (2236, 1), (2259, 1), (2261, 2), (2278, 1), (2298, 1), (2302, 1), (2314, 12), (2315, 1), (2316, 2), (2322, 2), (2354, 1), (2377, 2), (2378, 1), (2387, 2), (2413, 3), (2436, 1), (2467, 2), (2475, 1), (2500, 1), (2511, 2), (2519, 1), (2520, 2), (2529, 2), (2550, 1), (2556, 1), (2563, 2), (2568, 1), (2585, 2), (2636, 1), (2641, 2), (2646, 1), (2649, 1), (2653, 1), (2655, 2), (2658, 2), (2666, 1), (2668, 1), (2679, 1), (2688, 12), (2692, 1), (2706, 2), (2707, 5), (2708, 1), (2788, 1), (2797, 5), (2799, 1), (2822, 2), (2850, 1), (2890, 2), (2899, 5), (2923, 1), (2927, 4), (2932, 3), (2935, 1), (2936, 4), (2943, 1), (2964, 1), (2965, 2), (2972, 2), (3000, 1), (3031, 1), (3052, 1), (3070, 4), (3104, 8), (3117, 1), (3121, 4), (3134, 21), (3154, 2), (3188, 2), (3197, 6), (3204, 1), (3206, 1), (3213, 1), (3216, 1), (3293, 3), (3356, 2), (3374, 1), (3393, 1), (3403, 12), (3424, 1), (3427, 1), (3432, 1), (3486, 1), (3487, 1), (3500, 1), (3510, 2), (3556, 1), (3579, 3), (3580, 2), (3584, 2), (3589, 1), (3590, 2), (3598, 1), (3603, 1), (3612, 1), (3624, 1), (3669, 1), (3676, 2), (3684, 1), (3723, 1), (3725, 5), (3749, 1), (3753, 1), (3756, 2), (3766, 1), (3770, 3), (3811, 1), (3813, 1), (3822, 2), (3827, 2), (3845, 3), (3871, 1), (3875, 1), (3880, 1), (3886, 1), (3909, 1), (3913, 1), (3916, 1), (3930, 5), (3937, 2), (3975, 1), (3986, 1), (4017, 2), (4028, 1), (4031, 1), (4032, 1), (4045, 1), (4056, 1), (4091, 2), (4107, 2), (4113, 2), (4146, 1), (4150, 1), (4182, 4), (4183, 2), (4189, 1), (4197, 1), (4208, 8), (4222, 4), (4229, 15), (4238, 1), (4242, 1), (4245, 2), (4250, 1), (4259, 1), (4267, 1), (4279, 1), (4299, 5), (4302, 1), (4303, 1), (4338, 2), (4347, 10), (4352, 2), (4355, 2), (4364, 1), (4381, 3), (4396, 1), (4432, 1), (4441, 1), (4443, 1), (4479, 1), (4491, 1), (4503, 1), (4507, 1), (4537, 1), (4544, 2), (4566, 3), (4572, 4), (4608, 1), (4612, 1), (4617, 1), (4638, 1), (4649, 1), (4651, 1), (4663, 4), (4767, 1), (4774, 1), (4793, 2), (4795, 1), (4799, 1), (4803, 1), (4818, 2), (4823, 4), (4846, 1), (4848, 1), (4871, 6), (4874, 1), (4922, 1), (4927, 1), (4936, 2), (4953, 7), (4963, 1), (4971, 1), (5005, 1), (5018, 1), (5056, 1), (5076, 1), (5080, 2), (5085, 1), (5110, 2), (5117, 1), (5122, 1), (5170, 2), (5172, 1), (5185, 1), (5190, 1), (5198, 1), (5199, 1), (5200, 1), (5212, 1), (5224, 3), (5246, 1), (5258, 6), (5283, 1), (5294, 2), (5304, 1), (5363, 1), (5367, 1), (5370, 2), (5401, 1), (5416, 1), (5424, 1), (5434, 1), (5492, 1), (5496, 3), (5502, 1), (5560, 1), (5570, 2), (5578, 2), (5581, 1), (5588, 1), (5595, 3), (5601, 1), (5627, 2), (5688, 1), (5749, 1), (5751, 3), (5768, 1), (5777, 1), (5786, 3), (5796, 1), (5810, 2), (5817, 1), (5823, 3), (5829, 2), (5837, 1), (5848, 1), (5879, 1), (5885, 2), (5922, 2), (5946, 2), (5983, 1), (5990, 3), (6002, 2), (6006, 1), (6032, 6), (6036, 11), (6044, 16), (6064, 2), (6092, 1), (6111, 1), (6114, 1), (6124, 1), (6144, 1), (6175, 3), (6203, 1), (6225, 4), (6226, 1), (6228, 7), (6253, 1), (6254, 1), (6260, 1), (6261, 2), (6266, 2), (6271, 33), (6272, 4), (6297, 1), (6322, 1), (6325, 1), (6350, 1), (6365, 1), (6380, 2), (6382, 1), (6384, 2), (6392, 1), (6406, 1), (6431, 2), (6442, 3), (6444, 2), (6484, 1), (6485, 3), (6489, 1), (6513, 2), (6530, 2), (6554, 1), (6595, 1), (6598, 2), (6636, 3), (6649, 1), (6693, 18), (6709, 2), (6722, 1), (6744, 1), (6755, 2), (6757, 1), (6763, 1), (6768, 1), (6798, 2), (6808, 3), (6878, 1), (6895, 1), (6936, 1), (6941, 1), (6950, 1), (6977, 2), (6999, 1), (7020, 1), (7037, 2), (7046, 4), (7121, 1), (7136, 2), (7194, 1), (7207, 3), (7209, 2), (7212, 3), (7233, 1), (7249, 1), (7250, 1), (7251, 1), (7258, 1), (7290, 1), (7292, 1), (7302, 1), (7304, 3), (7312, 1), (7322, 1), (7326, 1), (7348, 1), (7385, 1), (7390, 9), (7395, 2), (7406, 1), (7415, 1), (7418, 2), (7432, 1), (7441, 1), (7445, 1), (7464, 1), (7515, 2), (7516, 1), (7520, 1), (7541, 2), (7553, 2), (7554, 1), (7587, 2), (7588, 1), (7595, 2), (7611, 1), (7635, 1), (7648, 1), (7650, 1), (7660, 9), (7685, 1), (7707, 1), (7721, 1), (7732, 2), (7738, 1), (7768, 1), (7798, 1), (7799, 7), (7810, 9), (7813, 3), (7820, 2), (7826, 1), (7851, 4), (7863, 1), (7879, 1), (7889, 2), (7903, 3), (7908, 2), (7932, 1), (7967, 1), (7991, 1), (8025, 1), (8055, 4), (8061, 1), (8071, 2), (8077, 2), (8088, 1), (8155, 1), (8171, 2), (8204, 1), (8248, 1), (8255, 1), (8279, 2), (8336, 4), (8347, 2), (8353, 1), (8361, 1), (8369, 4), (8413, 1), (8487, 1), (8518, 1), (8536, 2), (8571, 2), (8587, 1), (8596, 1), (8632, 2), (8637, 4), (8665, 1), (8715, 2), (8718, 1), (8728, 1), (8745, 2), (8755, 2), (8809, 1), (8816, 1), (8825, 5), (8830, 1), (8844, 1), (8850, 1), (8859, 3), (8896, 4), (8914, 3), (8939, 2), (8940, 2), (8968, 1), (8970, 1), (8976, 2), (9011, 4), (9016, 1), (9020, 1), (9033, 2), (9039, 12), (9046, 2), (9057, 1), (9061, 1), (9073, 1), (9082, 2), (9089, 1), (9129, 6), (9167, 2), (9188, 2), (9212, 1), (9231, 1), (9267, 1), (9283, 4), (9290, 2), (9293, 1), (9308, 1), (9313, 2), (9315, 2), (9321, 7), (9323, 2), (9324, 1), (9335, 1), (9364, 1), (9379, 1), (9400, 1), (9401, 1), (9402, 3), (9403, 4), (9419, 2), (9426, 5), (9441, 1), (9442, 2), (9469, 1), (9538, 1), (9539, 1), (9540, 1), (9557, 1), (9566, 2), (9576, 1), (9590, 1), (9627, 1), (9628, 4), (9633, 1), (9668, 1), (9673, 1), (9719, 2), (9730, 4), (9740, 1), (9778, 1), (9794, 1), (9805, 1), (9819, 2), (9842, 1), (9854, 1), (9865, 2), (9870, 1), (9873, 4), (9875, 1), (9919, 5), (9922, 2), (9939, 1), (9970, 1), (9990, 3), (9992, 1)
cara (DF: 33): (611, 1), (1553, 1), (1659, 2), (2236, 1), (2268, 1), (2680, 1), (3215, 1), (3364, 1), (3547, 2), (3902, 1), (4016, 1), (4167, 1), (4357, 1), (4442, 1), (4788, 2), (5011, 1), (5271, 2), (5830, 1), (5848, 1), (5917, 1), (5959, 3), (6197, 1), (6206, 1), (6289, 1), (6983, 4), (7080, 1), (7175, 3), (7211, 2), (7282, 1), (7563, 1), (8113, 3), (9546, 1), (9860, 2)
carac (DF: 1): (5762, 1)
caracol (DF: 1): (9342, 1)
caract (DF: 2): (1022, 1), (7426, 1)
caracteric (DF: 1): (8128, 1)
caraff (DF: 1): (9596, 3)
carai (DF: 1): (8574, 1)
caraio (DF: 1): (1072, 1)
caraj (DF: 24): (256, 1), (910, 1), (1441, 1), (1652, 4), (1668, 2), (1878, 1), (2309, 1), (2877, 1), (2972, 2), (3214, 1), (3219, 8), (3981, 1), (4143, 2), (4162, 8), (4246, 1), (4504, 1), (4799, 1), (5035, 3), (5399, 3), (6205, 10), (8728, 2), (9060, 18), (9762, 3), (9974, 1)
caralho (DF: 1): (4016, 1)
caramba (DF: 1): (8009, 1)
caramel (DF: 21): (1736, 2), (2730, 1), (3090, 1), (3095, 2), (3358, 1), (3609, 2), (4525, 4), (4711, 1), (5786, 1), (5796, 2), (6251, 1), (6872, 1), (7121, 1), (7256, 2), (7526, 1), (8383, 1), (8406, 2), (8956, 2), (9099, 1), (9342, 4), (9383, 1)
caramelait (DF: 1): (9652, 1)
caramelo (DF: 1): (34, 1)
caran (DF: 2): (5582, 1), (5830, 1)
carat (DF: 9): (405, 1), (507, 1), (2228, 1), (2356, 1), (2634, 1), (4046, 1), (7690, 1), (7977, 1), (9594, 1)
caravan (DF: 12): (1196, 1), (1495, 2), (3203, 1), (3312, 1), (3888, 1), (5258, 1), (5505, 1), (5734, 1), (8226, 1), (8269, 1), (8778, 1), (8838, 2)
caravel (DF: 1): (4986, 1)
caray (DF: 1): (6279, 2)
carb (DF: 1): (5228, 1)
carbin (DF: 2): (181, 2), (6272, 1)
carbohidrat (DF: 1): (5224, 1)
carbon (DF: 13): (2230, 1), (2336, 4), (4009, 1), (4246, 1), (6225, 2), (6243, 1), (6623, 1), (7070, 1), (7104, 4), (7550, 1), (8571, 1), (9123, 1), (9262, 1)
carburetor (DF: 1): (4953, 1)
carburettor (DF: 1): (9500, 1)
carcaj (DF: 1): (4238, 1)
carcass (DF: 1): (1844, 1)
carcel (DF: 2): (1810, 10), (4210, 1)
card (DF: 136): (183, 1), (352, 1), (440, 1), (537, 1), (541, 1), (591, 1), (628, 1), (658, 1), (669, 1), (676, 1), (744, 1), (946, 2), (1011, 1), (1103, 1), (1164, 1), (1189, 1), (1230, 1), (1297, 1), (1448, 1), (1455, 1), (1610, 2), (1700, 1), (1732, 1), (1836, 2), (1913, 4), (2045, 1), (2063, 1), (2091, 2), (2101, 2), (2172, 2), (2223, 1), (2505, 2), (2522, 4), (2609, 2), (2709, 1), (2932, 1), (3019, 1), (3054, 1), (3067, 3), (3079, 2), (3142, 1), (3179, 1), (3398, 1), (3500, 1), (3511, 1), (3642, 1), (3680, 1), (3778, 1), (3786, 2), (3794, 3), (3814, 3), (3923, 2), (3938, 3), (4044, 1), (4103, 1), (4127, 1), (4223, 2), (4279, 1), (4360, 3), (4468, 1), (4473, 2), (4490, 1), (4612, 1), (4649, 1), (4789, 1), (4798, 1), (4848, 1), (4926, 1), (5025, 2), (5031, 12), (5122, 1), (5149, 2), (5281, 1), (5345, 1), (5418, 1), (5479, 2), (5584, 1), (5595, 3), (5597, 1), (5605, 2), (5751, 3), (5771, 1), (5794, 1), (5797, 12), (5950, 1), (6192, 1), (6215, 3), (6497, 1), (6507, 1), (6646, 1), (6731, 1), (6759, 1), (6763, 1), (6764, 2), (6813, 2), (6895, 1), (6926, 1), (6931, 1), (6933, 1), (6941, 1), (6994, 1), (7083, 1), (7142, 4), (7373, 3), (7407, 1), (7542, 1), (7569, 1), (7661, 5), (7945, 1), (8002, 2), (8132, 1), (8139, 1), (8325, 1), (8337, 2), (8513, 1), (8532, 2), (8544, 2), (8587, 1), (8657, 1), (8713, 1), (8770, 2), (8825, 5), (8839, 2), (8967, 5), (9218, 1), (9262, 1), (9278, 1), (9304, 1), (9335, 1), (9379, 1), (9426, 5), (9710, 12), (9731, 1), (9766, 2), (9805, 1), (9948, 1)
cardan (DF: 1): (9275, 1)
cardboard (DF: 4): (2061, 1), (4290, 1), (6445, 1), (9882, 1)
cardi (DF: 13): (693, 1), (1215, 2), (1532, 3), (2730, 2), (3095, 2), (3310, 15), (4561, 1), (5425, 1), (5627, 9), (6914, 1), (9094, 2), (9099, 2), (9861, 1)
cardiac (DF: 6): (248, 1), (3980, 1), (7068, 1), (7129, 10), (7586, 1), (9308, 1)
cardigan (DF: 3): (1937, 1), (3114, 1), (8169, 1)
cardinal (DF: 2): (1474, 1), (8128, 1)
cardio (DF: 21): (212, 1), (239, 1), (511, 1), (876, 1), (1071, 1), (1100, 1), (2093, 2), (2524, 1), (2533, 1), (2730, 1), (3181, 1), (3412, 1), (3553, 1), (5649, 1), (6298, 1), (6832, 1), (7853, 1), (8095, 1), (8207, 1), (8411, 1), (8832, 1)
care (DF: 808): (1, 1), (13, 1), (48, 6), (51, 1), (64, 2), (89, 24), (132, 1), (138, 1), (144, 4), (159, 1), (185, 1), (205, 1), (206, 1), (215, 3), (228, 1), (243, 3), (264, 2), (270, 1), (286, 2), (317, 1), (358, 1), (369, 1), (380, 1), (421, 1), (422, 3), (440, 1), (443, 1), (479, 3), (482, 1), (499, 2), (507, 1), (513, 2), (520, 4), (521, 2), (527, 1), (546, 4), (593, 1), (603, 2), (616, 1), (641, 1), (653, 1), (654, 1), (658, 1), (705, 1), (759, 2), (763, 12), (781, 1), (785, 1), (788, 3), (819, 2), (823, 1), (840, 2), (863, 1), (870, 1), (888, 1), (899, 1), (939, 1), (948, 2), (950, 1), (963, 1), (965, 49), (970, 1), (988, 1), (991, 1), (997, 1), (1019, 1), (1028, 1), (1048, 1), (1070, 2), (1074, 1), (1092, 1), (1101, 1), (1120, 1), (1138, 3), (1155, 2), (1170, 2), (1223, 4), (1248, 4), (1263, 2), (1269, 1), (1270, 1), (1313, 1), (1319, 1), (1340, 2), (1353, 2), (1372, 1), (1374, 10), (1381, 1), (1396, 1), (1403, 1), (1407, 1), (1438, 1), (1458, 1), (1479, 4), (1487, 1), (1504, 1), (1507, 3), (1512, 1), (1516, 4), (1534, 27), (1581, 3), (1600, 1), (1608, 3), (1623, 1), (1640, 1), (1642, 1), (1643, 1), (1645, 8), (1650, 1), (1683, 4), (1714, 8), (1725, 2), (1735, 4), (1741, 1), (1744, 2), (1749, 1), (1761, 1), (1776, 5), (1797, 1), (1802, 1), (1828, 1), (1832, 5), (1835, 1), (1837, 1), (1846, 2), (1852, 1), (1870, 1), (1875, 1), (1890, 12), (1897, 3), (1904, 2), (1913, 1), (1920, 5), (1922, 1), (1926, 2), (1929, 1), (1954, 1), (1958, 1), (1959, 1), (1964, 1), (1983, 2), (1994, 1), (1996, 1), (1997, 3), (1999, 3), (2035, 2), (2037, 3), (2045, 2), (2046, 1), (2049, 1), (2052, 1), (2061, 10), (2063, 4), (2087, 2), (2102, 2), (2109, 1), (2113, 1), (2120, 6), (2123, 1), (2138, 4), (2153, 1), (2177, 1), (2182, 1), (2192, 1), (2206, 1), (2229, 1), (2236, 1), (2237, 2), (2260, 1), (2269, 1), (2278, 1), (2286, 6), (2310, 1), (2318, 1), (2333, 2), (2349, 2), (2356, 1), (2358, 8), (2392, 1), (2403, 1), (2419, 10), (2423, 1), (2427, 1), (2447, 2), (2448, 1), (2460, 1), (2476, 2), (2499, 7), (2504, 2), (2513, 6), (2519, 1), (2542, 1), (2550, 1), (2553, 1), (2578, 1), (2589, 2), (2596, 6), (2599, 1), (2608, 1), (2614, 1), (2627, 3), (2647, 1), (2649, 1), (2664, 1), (2667, 1), (2686, 15), (2728, 1), (2737, 2), (2756, 1), (2760, 1), (2765, 2), (2794, 2), (2803, 2), (2808, 1), (2812, 13), (2818, 1), (2821, 1), (2822, 1), (2826, 3), (2866, 1), (2883, 6), (2887, 1), (2891, 1), (2892, 2), (2893, 2), (2901, 1), (2906, 3), (2915, 1), (2943, 1), (2955, 1), (2956, 2), (2964, 15), (2980, 1), (2981, 1), (3002, 2), (3015, 2), (3019, 1), (3049, 1), (3083, 2), (3085, 2), (3086, 1), (3089, 2), (3105, 1), (3114, 5), (3162, 3), (3171, 4), (3178, 2), (3182, 1), (3201, 1), (3204, 2), (3206, 8), (3242, 1), (3247, 2), (3248, 1), (3260, 3), (3263, 1), (3282, 2), (3299, 3), (3303, 1), (3322, 1), (3339, 5), (3374, 1), (3386, 1), (3398, 1), (3408, 1), (3438, 1), (3465, 2), (3476, 2), (3482, 1), (3499, 1), (3515, 1), (3521, 1), (3540, 1), (3548, 1), (3567, 2), (3594, 25), (3605, 1), (3627, 1), (3638, 2), (3670, 1), (3676, 2), (3682, 14), (3683, 1), (3694, 1), (3702, 3), (3711, 5), (3738, 1), (3739, 1), (3752, 10), (3797, 1), (3806, 10), (3827, 8), (3847, 2), (3852, 8), (3860, 1), (3867, 1), (3886, 1), (3889, 3), (3904, 1), (3913, 1), (3934, 1), (3939, 1), (3945, 1), (3948, 1), (3963, 1), (3965, 1), (3976, 1), (3991, 6), (4001, 1), (4019, 1), (4044, 1), (4047, 4), (4054, 2), (4060, 1), (4070, 1), (4098, 2), (4105, 1), (4107, 1), (4109, 1), (4135, 1), (4149, 3), (4154, 2), (4155, 1), (4161, 2), (4164, 2), (4200, 2), (4227, 6), (4229, 2), (4239, 1), (4243, 3), (4250, 2), (4262, 1), (4328, 2), (4329, 1), (4332, 1), (4380, 6), (4383, 5), (4393, 1), (4408, 1), (4422, 2), (4435, 1), (4436, 1), (4447, 1), (4449, 1), (4456, 1), (4464, 4), (4481, 3), (4490, 1), (4508, 1), (4513, 2), (4523, 1), (4528, 2), (4535, 2), (4539, 1), (4547, 1), (4555, 3), (4564, 1), (4566, 3), (4581, 1), (4593, 1), (4595, 3), (4598, 1), (4601, 3), (4602, 2), (4625, 1), (4626, 1), (4645, 1), (4648, 1), (4658, 1), (4689, 3), (4717, 1), (4724, 2), (4726, 1), (4731, 3), (4759, 1), (4772, 2), (4781, 1), (4784, 3), (4823, 10), (4829, 1), (4874, 1), (4905, 1), (4913, 1), (4926, 24), (4932, 2), (4936, 2), (4960, 2), (4970, 10), (4987, 10), (4995, 1), (4999, 1), (5012, 1), (5023, 1), (5027, 2), (5036, 1), (5066, 1), (5073, 1), (5088, 1), (5150, 2), (5160, 1), (5164, 1), (5169, 1), (5172, 1), (5176, 2), (5177, 1), (5179, 1), (5186, 1), (5188, 3), (5193, 2), (5195, 1), (5217, 1), (5230, 4), (5256, 1), (5293, 4), (5298, 1), (5307, 3), (5360, 1), (5367, 1), (5383, 1), (5394, 2), (5412, 15), (5423, 1), (5430, 3), (5445, 1), (5489, 1), (5494, 1), (5495, 1), (5496, 9), (5500, 2), (5509, 1), (5551, 1), (5570, 4), (5579, 2), (5602, 2), (5603, 12), (5605, 2), (5616, 2), (5633, 1), (5634, 3), (5641, 1), (5642, 1), (5645, 1), (5679, 2), (5680, 1), (5694, 1), (5709, 1), (5720, 1), (5727, 2), (5733, 4), (5738, 2), (5753, 1), (5774, 1), (5783, 1), (5800, 1), (5803, 6), (5823, 1), (5829, 1), (5846, 1), (5848, 1), (5861, 2), (5870, 1), (5904, 2), (5905, 1), (5927, 6), (5937, 1), (5942, 1), (5954, 1), (5961, 2), (5967, 1), (5987, 6), (5993, 2), (6002, 2), (6004, 1), (6012, 1), (6021, 2), (6032, 1), (6036, 1), (6038, 1), (6044, 2), (6066, 2), (6092, 2), (6097, 3), (6099, 2), (6104, 1), (6106, 5), (6123, 1), (6142, 1), (6157, 1), (6164, 1), (6199, 12), (6200, 1), (6204, 2), (6215, 1), (6216, 7), (6227, 1), (6253, 1), (6345, 2), (6357, 2), (6361, 1), (6376, 1), (6386, 3), (6408, 1), (6429, 2), (6431, 1), (6437, 1), (6444, 10), (6446, 1), (6448, 6), (6449, 1), (6462, 1), (6471, 1), (6472, 1), (6478, 1), (6487, 1), (6527, 1), (6535, 4), (6538, 1), (6578, 4), (6598, 2), (6602, 2), (6646, 1), (6657, 2), (6660, 2), (6662, 1), (6671, 2), (6677, 2), (6684, 1), (6700, 2), (6709, 6), (6712, 1), (6726, 2), (6730, 1), (6734, 2), (6735, 2), (6741, 6), (6753, 4), (6760, 5), (6763, 1), (6765, 3), (6776, 1), (6779, 4), (6782, 1), (6791, 1), (6796, 1), (6799, 9), (6801, 1), (6802, 4), (6817, 3), (6821, 2), (6848, 4), (6853, 1), (6857, 2), (6860, 1), (6867, 4), (6875, 1), (6876, 2), (6881, 1), (6890, 1), (6900, 6), (6908, 2), (6926, 1), (6944, 6), (6945, 2), (6950, 1), (6952, 1), (6962, 1), (6966, 1), (6981, 3), (6982, 7), (6987, 16), (6999, 3), (7001, 1), (7005, 1), (7012, 1), (7036, 1), (7080, 2), (7090, 1), (7110, 1), (7111, 2), (7114, 1), (7118, 4), (7125, 2), (7131, 2), (7142, 1), (7143, 1), (7147, 1), (7148, 1), (7161, 3), (7178, 1), (7184, 1), (7192, 2), (7198, 1), (7217, 4), (7247, 1), (7248, 2), (7249, 2), (7266, 1), (7279, 1), (7282, 1), (7316, 2), (7320, 1), (7328, 1), (7345, 3), (7364, 1), (7375, 2), (7390, 1), (7403, 1), (7453, 1), (7465, 1), (7471, 1), (7482, 2), (7485, 1), (7487, 4), (7529, 2), (7551, 1), (7564, 1), (7576, 2), (7608, 3), (7621, 4), (7628, 1), (7650, 1), (7668, 1), (7671, 1), (7673, 1), (7681, 25), (7685, 2), (7692, 1), (7695, 2), (7713, 1), (7740, 1), (7745, 2), (7753, 1), (7755, 1), (7761, 2), (7777, 1), (7842, 1), (7844, 2), (7853, 10), (7857, 1), (7861, 1), (7865, 1), (7896, 1), (7901, 1), (7914, 1), (7921, 2), (7938, 2), (7944, 1), (7945, 1), (7965, 1), (7969, 1), (7988, 2), (7991, 1), (8005, 2), (8033, 1), (8049, 1), (8064, 50), (8074, 1), (8092, 2), (8094, 1), (8100, 5), (8114, 2), (8150, 1), (8163, 1), (8180, 1), (8202, 1), (8227, 2), (8228, 1), (8233, 1), (8235, 1), (8241, 7), (8272, 2), (8286, 1), (8289, 2), (8302, 2), (8325, 1), (8343, 1), (8344, 1), (8345, 5), (8346, 6), (8351, 2), (8383, 3), (8386, 2), (8388, 1), (8395, 1), (8427, 3), (8457, 1), (8515, 1), (8517, 2), (8522, 1), (8554, 1), (8562, 4), (8567, 1), (8590, 16), (8597, 1), (8602, 1), (8630, 1), (8666, 2), (8681, 3), (8697, 1), (8716, 2), (8721, 1), (8730, 2), (8732, 3), (8734, 1), (8737, 6), (8761, 1), (8775, 2), (8779, 1), (8795, 1), (8832, 1), (8835, 4), (8855, 2), (8859, 6), (8864, 6), (8869, 3), (8887, 1), (8893, 3), (8913, 1), (8925, 1), (8953, 6), (8960, 1), (8964, 2), (8982, 1), (8987, 1), (8990, 1), (9005, 6), (9007, 1), (9008, 1), (9015, 6), (9035, 1), (9036, 1), (9038, 2), (9041, 4), (9043, 1), (9045, 1), (9058, 3), (9086, 2), (9088, 3), (9096, 1), (9129, 13), (9131, 1), (9180, 1), (9183, 1), (9188, 2), (9190, 1), (9192, 1), (9193, 1), (9265, 1), (9266, 1), (9284, 3), (9288, 1), (9322, 1), (9365, 1), (9369, 32), (9371, 1), (9372, 4), (9374, 2), (9378, 8), (9379, 2), (9381, 1), (9385, 2), (9404, 1), (9411, 10), (9426, 1), (9448, 1), (9484, 1), (9520, 4), (9522, 2), (9554, 1), (9571, 2), (9574, 1), (9611, 2), (9615, 1), (9619, 3), (9625, 1), (9649, 1), (9668, 1), (9669, 1), (9670, 2), (9672, 2), (9673, 10), (9707, 2), (9721, 2), (9746, 1), (9755, 2), (9763, 6), (9801, 1), (9810, 1), (9815, 4), (9830, 3), (9849, 2), (9851, 1), (9861, 3), (9863, 1), (9877, 1), (9885, 3), (9889, 1), (9915, 2), (9931, 1), (9936, 1), (9942, 2), (9955, 3), (9970, 1), (9973, 1), (9976, 1), (9984, 1), (9990, 1), (9996, 1)
carec (DF: 1): (8036, 1)
carecrow (DF: 3): (407, 1), (8493, 1), (8822, 2)
career (DF: 21): (925, 1), (1622, 1), (1834, 1), (2198, 1), (2804, 1), (3075, 1), (3521, 1), (4478, 1), (4872, 1), (5014, 1), (5066, 1), (5261, 1), (5425, 1), (6350, 1), (6452, 1), (6603, 1), (6613, 1), (6914, 1), (7751, 1), (8547, 1), (9785, 1)
carefre (DF: 3): (808, 1), (3374, 1), (7729, 2)
careful (DF: 1): (4347, 2)
careless (DF: 11): (1359, 3), (2049, 1), (4664, 1), (4818, 1), (5507, 1), (5947, 1), (6151, 1), (7001, 1), (8421, 4), (8803, 4), (9078, 1)
carem (DF: 1): (7239, 2)
caren (DF: 1): (9409, 2)
carenci (DF: 1): (8902, 1)
carer (DF: 1): (9143, 1)
caress (DF: 29): (926, 2), (1326, 2), (1703, 9), (1916, 2), (2239, 1), (2310, 1), (3081, 1), (3149, 2), (4085, 2), (4123, 2), (4266, 1), (4841, 1), (4863, 1), (5249, 1), (5383, 2), (5529, 2), (6134, 1), (6163, 2), (6425, 1), (6861, 1), (7553, 2), (7783, 1), (7868, 2), (8037, 2), (9036, 1), (9220, 1), (9242, 2), (9432, 2), (9467, 2)
caressin (DF: 1): (2356, 1)
caret (DF: 1): (4238, 3)
caretak (DF: 1): (8658, 3)
carey (DF: 6): (513, 1), (543, 1), (2271, 1), (5154, 1), (5602, 1), (8088, 1)
carez (DF: 1): (134, 2)
carg (DF: 15): (178, 1), (1803, 1), (2604, 1), (3603, 3), (4009, 1), (4544, 1), (4852, 1), (5716, 1), (6251, 1), (6326, 1), (6862, 1), (7820, 1), (8187, 1), (8242, 1), (8255, 1)
carga (DF: 1): (3215, 1)
cargam (DF: 1): (1259, 1)
cargament (DF: 2): (5040, 1), (9819, 2)
cargo (DF: 7): (531, 1), (1738, 2), (2685, 1), (3248, 1), (8754, 1), (9478, 1), (9873, 1)
