wilson (DF: 4): (4045, 1), (5307, 4), (9228, 1), (9784, 1)
wilt (DF: 10): (175, 1), (852, 3), (1077, 3), (1144, 1), (1318, 1), (1948, 1), (3864, 1), (5463, 3), (5729, 1), (7688, 1)
wimbledon (DF: 1): (1896, 1)
wimp (DF: 2): (1758, 1), (5345, 1)
win (DF: 246): (110, 1), (114, 1), (137, 1), (147, 2), (150, 3), (169, 3), (189, 5), (267, 2), (289, 1), (377, 1), (408, 4), (556, 1), (680, 2), (695, 1), (731, 1), (746, 26), (781, 1), (789, 1), (857, 1), (883, 3), (901, 6), (920, 1), (946, 2), (958, 2), (981, 1), (1071, 5), (1122, 1), (1256, 1), (1274, 1), (1361, 1), (1461, 1), (1559, 2), (1566, 2), (1674, 1), (1678, 2), (1682, 1), (1692, 16), (1790, 1), (1796, 12), (1851, 2), (1876, 6), (1922, 1), (1930, 2), (1968, 1), (1988, 10), (1999, 3), (2019, 1), (2104, 1), (2162, 6), (2177, 1), (2199, 1), (2254, 18), (2264, 6), (2355, 6), (2392, 6), (2460, 1), (2482, 1), (2509, 1), (2511, 2), (2523, 1), (2544, 1), (2598, 1), (2669, 1), (2723, 3), (2749, 4), (2820, 1), (2906, 2), (2936, 1), (3037, 1), (3136, 2), (3144, 1), (3170, 1), (3225, 1), (3311, 10), (3374, 1), (3444, 1), (3446, 1), (3458, 1), (3463, 1), (3483, 1), (3510, 1), (3757, 2), (3760, 1), (3778, 1), (3789, 1), (3790, 2), (3802, 1), (3840, 1), (3850, 1), (3886, 1), (3902, 1), (3927, 1), (4007, 2), (4019, 2), (4027, 1), (4083, 2), (4155, 1), (4182, 1), (4224, 1), (4273, 2), (4281, 2), (4340, 1), (4557, 1), (4572, 1), (4617, 3), (4674, 2), (4723, 1), (4767, 1), (4789, 2), (4827, 1), (4845, 3), (4887, 2), (4897, 1), (4907, 1), (4926, 1), (5036, 2), (5047, 5), (5081, 1), (5202, 4), (5225, 1), (5303, 2), (5361, 1), (5446, 3), (5521, 1), (5599, 1), (5636, 2), (5651, 1), (5673, 1), (5758, 1), (5763, 11), (5862, 2), (5893, 1), (5902, 1), (5905, 2), (5943, 1), (5948, 3), (5950, 1), (6020, 1), (6118, 1), (6151, 1), (6181, 1), (6185, 1), (6214, 1), (6230, 1), (6331, 1), (6378, 3), (6380, 2), (6417, 1), (6459, 1), (6474, 1), (6586, 2), (6639, 1), (6642, 1), (6649, 3), (6667, 1), (6695, 1), (6763, 1), (6778, 4), (6863, 1), (6903, 2), (6926, 1), (6956, 2), (6970, 1), (6989, 1), (6990, 1), (6995, 1), (7020, 1), (7029, 2), (7098, 2), (7206, 1), (7294, 1), (7352, 5), (7355, 1), (7443, 1), (7461, 2), (7462, 3), (7492, 1), (7552, 1), (7568, 1), (7605, 2), (7683, 1), (7695, 2), (7721, 1), (7735, 1), (7781, 3), (7885, 4), (7950, 12), (7968, 1), (7977, 1), (7987, 4), (8002, 1), (8020, 6), (8044, 1), (8057, 2), (8163, 1), (8164, 1), (8204, 1), (8217, 8), (8267, 1), (8269, 4), (8300, 5), (8364, 1), (8461, 1), (8489, 3), (8525, 1), (8544, 1), (8568, 2), (8575, 2), (8612, 1), (8770, 2), (8779, 2), (8782, 1), (8791, 1), (8807, 1), (8822, 1), (8825, 1), (8959, 1), (9014, 4), (9033, 2), (9071, 1), (9116, 1), (9171, 1), (9301, 1), (9312, 2), (9361, 1), (9394, 1), (9398, 3), (9417, 1), (9548, 4), (9607, 12), (9681, 1), (9700, 6), (9731, 1), (9754, 1), (9785, 1), (9815, 1), (9874, 2), (9889, 1), (9893, 2), (9922, 1), (9926, 3), (9936, 1), (9946, 4), (9965, 1), (3345, 1), (3347, 2)
wina (DF: 3): (1655, 1), (4358, 1), (4761, 1)
winan (DF: 2): (4856, 1), (6992, 1)
winc (DF: 1): (8288, 1)
winchel (DF: 1): (7697, 1)
wind (DF: 139): (1, 1), (152, 6), (189, 3), (202, 1), (275, 1), (278, 2), (295, 1), (299, 1), (360, 1), (389, 3), (397, 1), (435, 2), (488, 3), (522, 1), (533, 8), (611, 2), (640, 2), (716, 1), (749, 1), (761, 2), (844, 1), (854, 1), (864, 1), (886, 1), (931, 1), (955, 2), (1006, 1), (1014, 1), (1062, 1), (1125, 2), (1149, 3), (1172, 1), (1189, 1), (1202, 10), (1239, 1), (1261, 1), (1371, 12), (1384, 2), (1401, 4), (1483, 1), (1504, 1), (1533, 1), (1606, 1), (1616, 1), (1629, 1), (1685, 1), (1696, 1), (1780, 1), (1808, 2), (1811, 1), (1833, 1), (1851, 2), (1859, 1), (1925, 1), (1936, 1), (2129, 1), (2144, 1), (2146, 2), (2151, 1), (2222, 2), (2234, 4), (2285, 1), (2311, 1), (2328, 1), (2339, 1), (2403, 2), (2460, 2), (2464, 2), (2485, 2), (2544, 2), (2569, 1), (2577, 1), (2593, 1), (2691, 1), (2699, 1), (2724, 4), (2770, 3), (2808, 2), (2865, 1), (2935, 1), (2942, 1), (3057, 1), (3251, 1), (3289, 3), (3320, 1), (3330, 2), (3426, 2), (3457, 6), (3601, 2), (3662, 1), (3699, 1), (3706, 1), (3721, 3), (3784, 1), (3786, 2), (3831, 11), (3866, 2), (3919, 2), (3927, 12), (4021, 3), (4027, 1), (4051, 1), (4060, 2), (4282, 1), (4377, 1), (4401, 1), (4459, 1), (4495, 2), (4543, 1), (4618, 4), (4634, 1), (4720, 1), (4740, 1), (4768, 1), (4774, 6), (4836, 1), (4922, 1), (4931, 1), (4955, 1), (5058, 6), (5070, 1), (5074, 2), (5182, 2), (5338, 1), (5413, 1), (5420, 4), (5422, 1), (5430, 1), (5572, 1), (5612, 2), (5631, 1), (5646, 1), (5685, 2), (5705, 2), (5706, 11), (5891, 1), (5900, 2), (5902, 1), (6003, 2)
