vocabulari (DF: 2): (8561, 2), (9196, 2)
vocal (DF: 76): (91, 1), (174, 1), (258, 1), (323, 1), (385, 1), (560, 1), (581, 1), (741, 1), (924, 1), (942, 1), (1103, 1), (1129, 1), (1343, 1), (1404, 1), (1459, 1), (1614, 1), (1779, 1), (1856, 1), (1946, 1), (1973, 1), (2174, 1), (2197, 1), (2691, 1), (2970, 1), (2987, 1), (3017, 1), (3019, 1), (3068, 1), (3086, 1), (3156, 1), (3269, 3), (3306, 1), (3829, 1), (4147, 2), (4202, 1), (4389, 1), (4441, 1), (4585, 1), (4877, 1), (5282, 2), (5349, 1), (5517, 1), (5539, 1), (5603, 1), (5858, 1), (6017, 1), (6027, 1), (6076, 1), (6180, 1), (6183, 1), (6775, 1), (6836, 1), (7302, 1), (7347, 1), (7349, 1), (7353, 1), (8003, 1), (8060, 1), (8080, 1), (8125, 1), (8262, 1), (8325, 1), (8477, 1), (8561, 2), (8723, 1), (8738, 1), (9139, 1), (9247, 1), (9352, 1), (9438, 2), (9491, 1), (9623, 1), (9666, 1), (9758, 1), (9891, 1), (9942, 1)
vocalen (DF: 1): (6184, 1)
vocalist (DF: 1): (5133, 2)
vocat (DF: 4): (3347, 1), (4176, 1), (9107, 1), (9548, 2)
você (DF: 52): (60, 11), (199, 1), (1278, 4), (1415, 6), (1659, 1), (1881, 2), (1979, 1), (2242, 3), (2631, 10), (2680, 6), (2711, 1), (2839, 1), (2986, 22), (3215, 10), (3364, 2), (3467, 11), (3497, 11), (3692, 4), (3838, 3), (3870, 10), (4016, 1), (5007, 5), (5118, 6), (5606, 1), (5719, 5), (5917, 2), (5959, 3), (6270, 2), (6397, 1), (6500, 1), (7175, 3), (7211, 13), (7563, 2), (7795, 38), (7869, 2), (8363, 10), (8938, 1), (8941, 1), (8946, 1), (9087, 7), (9120, 10), (9223, 7), (9279, 11), (9391, 9), (9396, 2), (9494, 2), (9525, 3), (9637, 7), (9812, 1), (9860, 7), (9876, 4), (9981, 4)
vod (DF: 1): (9781, 1)
voddi (DF: 1): (3480, 1)
vodk (DF: 7): (6798, 1), (6886, 1), (7726, 1), (8208, 1), (8420, 1), (8928, 1), (9906, 2)
vodka (DF: 26): (552, 1), (759, 1), (925, 1), (1454, 1), (2026, 1), (3451, 1), (3734, 2), (3852, 4), (4727, 1), (4989, 1), (5369, 2), (5617, 1), (5890, 1), (6269, 1), (6464, 1), (6585, 1), (6734, 1), (7430, 2), (7622, 1), (7758, 1), (7831, 1), (7880, 1), (8016, 2), (8383, 1), (8853, 1), (9509, 1)
voei (DF: 1): (213, 1)
voel (DF: 7): (3864, 1), (4849, 1), (6008, 1), (6015, 2), (7421, 1), (7547, 1), (9425, 1)
voelen (DF: 2): (3748, 1), (6008, 1)
voelt (DF: 2): (2638, 1), (6303, 1)
voertuig (DF: 1): (9425, 1)
voet (DF: 1): (4297, 1)
voeten (DF: 3): (2260, 1), (3748, 1), (3864, 3)
voge (DF: 1): (8621, 1)
vogel (DF: 3): (484, 1), (2194, 1), (8340, 1)
vogelfrei (DF: 1): (2170, 1)
vogeln (DF: 1): (5149, 1)
vogl (DF: 27): (187, 2), (524, 3), (1000, 5), (1010, 1), (1800, 3), (1850, 2), (1987, 1), (2059, 1), (2518, 1), (2567, 1), (3210, 3), (3972, 1), (4587, 1), (4992, 2), (5187, 1), (5321, 2), (5392, 4), (5439, 2), (5821, 3), (6368, 2), (6691, 13), (7726, 1), (7910, 1), (8198, 2), (9596, 1), (9664, 1), (9912, 3)
vognmand (DF: 1): (8564, 1)
vogu (DF: 24): (1226, 3), (1896, 1), (2733, 1), (2847, 2), (3525, 9), (3594, 1), (4226, 1), (4319, 1), (4381, 2), (4731, 1), (5166, 1), (5345, 1), (5506, 1), (6084, 1), (6296, 2), (6573, 1), (6742, 1), (8929, 1), (9180, 2), (9379, 1), (9404, 1), (9493, 1), (9549, 1), (9751, 1)
voi (DF: 3): (4440, 1), (7533, 1), (8210, 1)
voic (DF: 124): (20, 1), (104, 1), (121, 1), (133, 1), (142, 1), (149, 2), (209, 1), (225, 2), (298, 1), (379, 1), (389, 1), (453, 1), (527, 1), (563, 1), (573, 1), (636, 1), (659, 1), (672, 1), (702, 1), (783, 1), (794, 1), (803, 1), (841, 1), (1130, 13), (1145, 1), (1158, 1), (1188, 1), (1205, 1), (1210, 1), (1236, 3), (1275, 1), (1281, 2), (1345, 2), (1356, 1), (1412, 4), (1469, 1), (1477, 1), (1507, 1), (1549, 1), (1637, 2), (1761, 1), (1801, 1), (1827, 2), (1863, 2), (1872, 1), (1913, 1), (1922, 1), (1989, 2), (2003, 1), (2075, 1), (2096, 6), (2167, 1), (2174, 1), (2181, 3), (2186, 1), (2197, 1), (2234, 1), (2244, 6), (2246, 1), (2326, 1), (2337, 14), (2375, 1), (2380, 1), (2415, 1), (2431, 2), (2568, 1), (2576, 4), (2579, 8), (2590, 1), (2636, 2), (2678, 1), (2699, 1), (2765, 1), (2859, 4), (2890, 1), (2897, 1), (2904, 1), (2919, 1), (2935, 1), (2975, 1), (3081, 1), (3100, 1), (3164, 1), (3371, 1), (3384, 1), (3443, 2), (3446, 3), (3505, 2), (3566, 1), (3612, 1), (3662, 2), (3749, 1), (3754, 3), (3775, 2), (3878, 2), (3902, 1), (3951, 6), (3968, 1), (3978, 4), (4015, 1), (4025, 3), (4055, 2), (4062, 1), (4067, 1), (4153, 1), (4169, 2), (4183, 1), (4291, 1), (4355, 1), (4391, 1), (4427, 1), (4460, 1), (4474, 2), (4489, 2), (4520, 1), (4523, 1), (4586, 1), (4681, 1), (4691, 13), (4716, 1), (4730, 1), (4786, 1), (4830, 1), (4872, 2)
