prepar (DF: 21): (7134, 1), (7257, 1), (7261, 1), (7355, 1), (7551, 1), (7678, 1), (7707, 1), (7946, 1), (7989, 2), (8218, 1), (8378, 2), (8561, 1), (8994, 1), (9035, 1), (9075, 1), (9137, 2), (9428, 1), (9513, 1), (9889, 1), (2121, 1), (2123, 1)
prepara (DF: 2): (2308, 4), (6289, 1)
preparado (DF: 1): (5011, 1)
preparando (DF: 1): (3955, 1)
preparar (DF: 1): (8113, 1)
preparat (DF: 7): (3111, 4), (3875, 1), (6025, 7), (6884, 1), (7742, 4), (8236, 4), (8919, 2)
preposter (DF: 1): (6558, 1)
preppi (DF: 1): (4654, 1)
prequel (DF: 2): (8367, 1), (9783, 1)
prerog (DF: 6): (148, 1), (781, 18), (1999, 52), (4155, 18), (7106, 1), (9130, 1)
pres (DF: 30): (364, 2), (649, 1), (711, 6), (1010, 1), (1284, 1), (1424, 1), (1810, 10), (1848, 1), (2309, 1), (2681, 1), (2889, 1), (3875, 1), (4009, 2), (4560, 1), (4678, 2), (5109, 1), (5735, 1), (6243, 1), (6250, 4), (6961, 1), (7925, 1), (8353, 6), (8902, 1), (9179, 1), (9196, 1), (9252, 1), (9285, 1), (9568, 1), (9596, 1), (9719, 1)
prescott (DF: 2): (759, 1), (6734, 1)
prescrib (DF: 3): (2251, 1), (2291, 1), (8581, 1)
prescript (DF: 59): (25, 1), (140, 1), (303, 1), (535, 1), (581, 1), (978, 1), (1002, 1), (1035, 1), (1528, 1), (1546, 1), (1737, 1), (1955, 1), (2014, 3), (2146, 2), (2162, 1), (2610, 1), (2658, 1), (2679, 1), (2991, 1), (3039, 1), (3119, 1), (3157, 1), (3271, 1), (3331, 1), (3721, 1), (3784, 1), (3936, 1), (4061, 1), (4183, 1), (4701, 1), (4853, 1), (5048, 1), (5074, 2), (5121, 1), (5255, 1), (5802, 1), (5979, 1), (6934, 1), (7021, 1), (7169, 1), (7262, 3), (7277, 1), (7686, 1), (7882, 1), (8295, 1), (8299, 1), (8784, 2), (8895, 1), (9268, 1), (9277, 1), (9397, 1), (9418, 1), (9552, 1), (9563, 1), (9694, 1), (9704, 1), (9815, 1), (9885, 1), (9945, 1)
presela (DF: 2): (6197, 1), (6206, 1)
presenc (DF: 32): (278, 2), (592, 2), (635, 2), (1290, 1), (1470, 2), (1477, 1), (1696, 11), (2075, 1), (2248, 1), (2676, 2), (2747, 1), (3707, 2), (4461, 1), (4617, 1), (4746, 1), (4984, 1), (5867, 1), (6352, 1), (6474, 1), (6607, 1), (6746, 1), (7304, 1), (7692, 1), (8132, 1), (8399, 1), (8419, 1), (8643, 1), (8969, 1), (9170, 1), (9394, 1), (9657, 1), (9736, 1)
presenci (DF: 9): (813, 4), (1687, 1), (2828, 1), (4560, 1), (5246, 3), (7843, 1), (8255, 3), (8902, 1), (9285, 1)
present (DF: 225): (65, 1), (182, 1), (210, 1), (245, 1), (276, 1), (280, 1), (299, 1), (306, 1), (351, 1), (353, 6), (403, 3), (417, 1), (421, 1), (513, 2), (514, 1), (594, 1), (607, 1), (662, 1), (686, 1), (715, 1), (839, 1), (858, 1), (975, 1), (1013, 1), (1052, 1), (1098, 1), (1194, 1), (1268, 1), (1305, 1), (1316, 1), (1324, 1), (1340, 1), (1351, 1), (1355, 1), (1379, 1), (1392, 1), (1535, 1), (1628, 1), (1665, 8), (1747, 2), (1783, 2), (1842, 3), (1876, 3), (1912, 1), (2015, 1), (2039, 1), (2042, 1), (2061, 1), (2072, 1), (2124, 1), (2284, 1), (2316, 1), (2416, 1), (2422, 1), (2435, 1), (2470, 1), (2497, 1), (2607, 1), (2634, 1), (2640, 1), (2656, 2), (2676, 2), (2677, 1), (2691, 1), (2715, 1), (2749, 2), (2792, 1), (2888, 1), (2933, 1), (2936, 1), (3004, 1), (3057, 1), (3070, 6), (3105, 1), (3128, 1), (3134, 1), (3281, 1), (3351, 2), (3361, 1), (3502, 2), (3504, 1), (3540, 1), (3549, 1), (3569, 1), (3605, 1), (3633, 2), (3650, 1), (3669, 1), (3676, 1), (3677, 1), (3796, 1), (3855, 1), (3860, 1), (4037, 1), (4080, 1), (4270, 1), (4273, 1), (4344, 1), (4345, 1), (4347, 1), (4591, 2), (4696, 1), (4852, 1), (4884, 2), (4916, 1), (5040, 1), (5115, 1), (5242, 3), (5341, 1), (5358, 1), (5412, 1), (5436, 1), (5483, 1), (5512, 1), (5547, 1), (5562, 2), (5563, 1), (5572, 1), (5602, 2), (5791, 1), (5811, 1), (5836, 1), (5852, 1), (5867, 1), (5887, 1), (5934, 1), (6150, 1), (6207, 1), (6228, 1), (6276, 1), (6279, 2), (6324, 1), (6372, 1), (6384, 8), (6407, 1), (6492, 1), (6515, 1), (6564, 1), (6595, 1), (6632, 1), (6652, 2), (6740, 1), (6756, 1), (6792, 1), (6817, 1), (6827, 1), (6862, 8), (6952, 1), (7068, 1), (7079, 1), (7127, 1), (7162, 1), (7197, 1), (7203, 1), (7217, 1), (7330, 1), (7357, 1), (7395, 1), (7407, 1), (7410, 1), (7423, 1), (7501, 1), (7507, 1), (7523, 1), (7559, 1), (7566, 1), (7602, 1), (7683, 1), (7705, 1), (7773, 3), (7780, 1), (7823, 1), (7851, 1), (7862, 1), (7935, 1), (8021, 1), (8029, 1), (8057, 1), (8128, 1), (8146, 1), (8187, 1), (8189, 1), (8242, 10), (8310, 1), (8360, 1), (8458, 1), (8516, 1), (8520, 1), (8559, 2), (8560, 1), (8590, 1), (8597, 1), (8610, 1), (8653, 1), (8681, 1), (8728, 1), (8749, 1), (8755, 1), (8764, 1), (8765, 1), (8805, 3), (8817, 1), (8824, 1), (8862, 1), (8885, 1), (8887, 1), (8923, 1), (9001, 3), (9039, 3), (9079, 1), (9118, 1), (9166, 1), (9190, 1), (9252, 1), (9255, 1), (9312, 1), (9385, 1), (9430, 1), (9450, 1), (9469, 1), (9473, 2), (9506, 1), (9525, 1), (9692, 1), (9717, 1)
