so単ador (DF: 2): (5276, 1), (6209, 3)
so単andot (DF: 1): (1309, 3)
so単ar (DF: 1): (9609, 3)
so単art (DF: 2): (8143, 3), (8763, 1)
sp (DF: 5): (4816, 1), (5830, 1), (7342, 3), (8604, 1), (9085, 2)
sp12 (DF: 1): (7451, 1)
spa (DF: 6): (2498, 1), (3748, 1), (6800, 2), (7071, 7), (7356, 1), (9162, 1)
spaac (DF: 2): (31, 1), (6920, 1)
spac (DF: 1): (7183, 1)
spacc (DF: 2): (5187, 1), (7466, 1)
space (DF: 259): (105, 2), (183, 1), (202, 1), (208, 1), (239, 4), (253, 1), (356, 2), (455, 1), (528, 1), (570, 1), (612, 3), (654, 1), (745, 1), (774, 2), (807, 1), (820, 5), (845, 1), (899, 1), (922, 1), (927, 1), (1012, 4), (1019, 4), (1114, 2), (1122, 1), (1164, 1), (1165, 2), (1189, 1), (1202, 7), (1227, 3), (1237, 3), (1322, 1), (1349, 1), (1363, 1), (1434, 1), (1437, 1), (1448, 2), (1613, 1), (1617, 2), (1623, 1), (1710, 2), (1748, 1), (1749, 2), (1798, 1), (1811, 1), (1897, 3), (1915, 1), (1925, 1), (1964, 1), (2017, 1), (2062, 1), (2087, 8), (2140, 1), (2168, 4), (2281, 2), (2290, 1), (2304, 1), (2320, 1), (2361, 1), (2374, 2), (2419, 1), (2446, 1), (2544, 1), (2615, 3), (2638, 1), (2650, 7), (2676, 1), (2712, 4), (2717, 1), (2780, 1), (2832, 2), (2854, 8), (2868, 2), (2904, 3), (3004, 4), (3039, 2), (3079, 4), (3087, 1), (3141, 6), (3146, 1), (3164, 1), (3258, 2), (3293, 3), (3319, 1), (3343, 2), (3350, 1), (3374, 1), (3427, 2), (3431, 1), (3435, 1), (3565, 1), (3713, 1), (3761, 1), (3786, 2), (3837, 1), (4024, 1), (4044, 1), (4165, 1), (4205, 1), (4217, 1), (4243, 1), (4337, 7), (4350, 1), (4384, 24), (4422, 2), (4456, 1), (4485, 4), (4530, 1), (4543, 2), (4569, 3), (4603, 1), (4654, 1), (4679, 2), (4700, 7), (4703, 5), (4760, 1), (4770, 1), (4791, 5), (4827, 1), (4836, 1), (4976, 5), (4980, 2), (4997, 1), (5009, 3), (5038, 1), (5062, 2), (5067, 1), (5144, 6), (5207, 2), (5219, 1), (5270, 1), (5286, 1), (5289, 1), (5326, 2), (5417, 1), (5534, 1), (5549, 1), (5579, 1), (5598, 2), (5629, 4), (5728, 1), (5847, 1), (5853, 1), (5887, 3), (5903, 1), (5939, 1), (6039, 1), (6074, 1), (6149, 1), (6163, 2), (6218, 1), (6221, 1), (6237, 1), (6244, 1), (6363, 1), (6374, 1), (6445, 1), (6507, 1), (6547, 1), (6581, 1), (6589, 5), (6597, 1), (6602, 1), (6629, 1), (6673, 1), (6690, 1), (6759, 3), (6775, 1), (6832, 2), (6845, 1), (6973, 1), (6991, 5), (7006, 1), (7080, 4), (7101, 8), (7110, 1), (7204, 2), (7296, 1), (7333, 2), (7365, 2), (7389, 2), (7464, 1), (7511, 1), (7565, 2), (7578, 1), (7617, 1), (7634, 1), (7671, 1), (7681, 15), (7743, 3), (7792, 2), (7875, 1), (7921, 1), (7929, 1), (7954, 1), (7979, 1), (7984, 4), (8059, 1), (8120, 1), (8127, 1), (8138, 1), (8141, 1), (8150, 1), (8152, 1), (8158, 1), (8180, 3), (8261, 2), (8273, 1), (8291, 1), (8324, 2), (8339, 3), (8394, 1), (8457, 1), (8550, 1), (8560, 1), (8641, 2), (8650, 1), (8656, 1), (8663, 1), (8668, 2), (8683, 1), (8707, 1), (8724, 3), (8791, 1), (8808, 1), (8854, 3), (8894, 1), (8918, 2), (8934, 1), (9056, 1), (9083, 1), (9124, 6), (9129, 2), (9178, 1), (9211, 2), (9215, 3), (9217, 1), (9235, 3), (9237, 4), (9275, 6), (9289, 2), (9338, 2), (9370, 3), (9398, 1), (9404, 1), (9468, 2), (9478, 1), (9497, 1), (9507, 1), (9587, 4), (9630, 6), (9644, 2), (9659, 1), (9709, 1), (9721, 1), (9736, 1), (9787, 2), (9855, 2), (9857, 1), (9881, 1)
spaceboy (DF: 1): (8652, 4)
spacecraft (DF: 1): (8180, 1)
spacekat (DF: 1): (337, 1)
spaceman (DF: 2): (2905, 2), (4378, 30)
spacen (DF: 1): (6184, 3)
spaceship (DF: 13): (673, 2), (1067, 1), (1621, 1), (2524, 1), (2650, 1), (4378, 4), (4700, 1), (5180, 18), (7408, 1), (8529, 1), (8855, 1), (8996, 7), (9398, 1)
spacesuit (DF: 1): (2879, 1)
spacey (DF: 1): (8108, 2)
spaci (DF: 1): (2667, 1)
spad (DF: 2): (1197, 1), (8604, 1)
spada (DF: 1): (8604, 1)
spadam (DF: 1): (8509, 1)
spadami (DF: 1): (250, 1)
spade (DF: 14): (1108, 1), (1230, 1), (2101, 2), (2223, 1), (2820, 1), (3248, 1), (3778, 4), (4103, 1), (5140, 2), (7569, 1), (7815, 1), (8666, 1), (8770, 13), (9731, 8)
spaghetti (DF: 18): (772, 2), (1017, 1), (1410, 1), (1469, 1), (1812, 1), (2198, 1), (2315, 1), (3589, 1), (3606, 1), (4731, 2), (5431, 1), (5564, 1), (7453, 1), (7977, 1), (8283, 1), (8397, 1), (8697, 1), (9147, 1)
spahn (DF: 1): (9228, 1)
spain (DF: 7): (1935, 2), (2422, 1), (2748, 1), (2886, 3), (5909, 1), (6193, 1), (8005, 6)
spald (DF: 3): (5356, 1), (6028, 1), (7488, 1)
spall (DF: 3): (1848, 2), (3717, 2), (4587, 1)
spaloni (DF: 1): (4582, 1)
spam (DF: 2): (72, 1), (3949, 3)
span (DF: 6): (980, 1), (1647, 1), (3244, 1), (4345, 2), (5195, 3), (6788, 1)
spandau (DF: 3): (582, 1), (6873, 2), (7821, 1)
spandex (DF: 2): (2596, 1), (8135, 1)
spangl (DF: 7): (251, 1), (1166, 1), (4262, 2), (5819, 1), (9305, 1), (9804, 1), (9945, 2)
spanglish (DF: 1): (7279, 1)
spania (DF: 1): (1655, 1)
spanish (DF: 36): (223, 2), (890, 2), (1276, 1), (1539, 1), (1648, 1), (2561, 1), (3217, 1), (3408, 1), (3419, 1), (3451, 1), (3569, 1), (4852, 1), (5040, 1), (5436, 1), (5565, 1), (5716, 1), (5967, 1), (6006, 1), (6244, 1), (6330, 1), (6365, 1), (6751, 1), (7172, 1), (7583, 1), (7891, 2), (8187, 1), (8597, 1), (8669, 1), (9234, 3), (9376, 6), (9538, 1), (9711, 1), (9734, 1), (9823, 1), (9833, 1), (9875, 1)
spank (DF: 9): (634, 1), (1949, 1), (3121, 2), (4575, 1), (5453, 1), (7096, 1), (7226, 2), (8433, 1), (9022, 1)
spanker (DF: 1): (1318, 1)
spar (DF: 11): (1850, 1), (3188, 2), (3717, 1), (4931, 5), (5051, 1), (5321, 1), (6748, 1), (8264, 1), (8670, 1), (9203, 9), (9222, 1)
sparbuch (DF: 1): (9199, 1)
spare (DF: 26): (1012, 1), (1113, 1), (1646, 1), (1674, 1), (2649, 1), (2770, 1), (3065, 1), (3370, 1), (4021, 1), (4513, 2), (5564, 1), (5612, 1), (5734, 1), (6177, 2), (6375, 1), (6895, 1), (7279, 1), (7406, 1), (7639, 3), (7644, 2), (7685, 1), (7973, 1), (8201, 1), (8336, 1), (8540, 4), (8778, 1)
spark (DF: 105): (11, 1), (40, 1), (69, 1), (153, 2), (177, 1), (232, 1), (261, 1), (367, 1), (442, 3), (475, 1), (588, 1), (756, 1), (771, 2), (829, 1), (882, 1), (901, 3), (964, 18), (1014, 1), (1023, 2), (1181, 2), (1189, 1), (1514, 1), (1557, 1), (1790, 1), (1819, 2), (1820, 1), (1859, 1), (2024, 2), (2036, 1), (2039, 1), (2112, 1), (2285, 1), (2321, 3), (2395, 1), (2481, 3), (2511, 2), (2895, 1), (2916, 5), (2927, 1), (3034, 2), (3043, 1), (3085, 1), (3392, 4), (3423, 1), (3668, 1), (3713, 1), (3726, 1), (3786, 2), (4023, 1), (4153, 2), (4185, 1), (4350, 1), (4407, 2), (4454, 5), (4468, 1), (4615, 1), (4631, 1), (4687, 1), (4931, 1), (4971, 1), (5078, 1), (5091, 2), (5314, 1), (5386, 13), (5571, 2), (5789, 2), (5896, 1), (5979, 2), (6070, 2), (6157, 1), (6182, 1), (6231, 1), (6317, 3), (6403, 1), (6435, 1), (6616, 1), (6702, 2), (6767, 1), (6811, 1), (6865, 1), (7065, 2), (7114, 2), (7299, 4), (7419, 2), (7707, 1), (7969, 1), (7995, 2), (7999, 18), (8026, 1), (8035, 2), (8403, 2), (8427, 4), (8456, 2), (8500, 1), (8532, 2), (8609, 1), (8796, 2), (9233, 2), (9347, 1), (9348, 1), (9515, 1), (9648, 2), (9842, 1), (9843, 1), (9993, 1)
sparkin (DF: 2): (181, 1), (7857, 1)
sparkl (DF: 21): (393, 1), (575, 2), (806, 1), (1549, 1), (3566, 1), (3869, 1), (3877, 2), (4927, 1), (5236, 2), (5349, 1), (5394, 2), (5450, 3), (5938, 1), (5997, 2), (6404, 6), (6652, 1), (7343, 1), (7758, 1), (7796, 4), (8349, 4), (9247, 2)
sparkler (DF: 2): (4432, 1), (9670, 2)
sparklin (DF: 2): (4906, 2), (5533, 1)
sparkz (DF: 1): (9729, 1)
sparrow (DF: 7): (689, 1), (4405, 1), (6323, 2), (7128, 1), (7350, 2), (7934, 1), (8399, 3)
spart (DF: 1): (5206, 1)
sparta (DF: 1): (5559, 1)
spartacus (DF: 1): (1845, 1)
sparxxx (DF: 1): (9758, 1)
spasm (DF: 2): (4490, 1), (9902, 1)
spass (DF: 8): (1715, 1), (1771, 1), (3048, 1), (3984, 1), (4318, 1), (5459, 6), (7521, 5), (8247, 3)
spast (DF: 2): (493, 1), (1845, 1)
spasti (DF: 2): (3048, 1), (8311, 1)
spastigesicht (DF: 1): (3123, 1)
spat (DF: 9): (493, 1), (880, 1), (3212, 1), (3962, 2), (5075, 1), (5214, 1), (6162, 1), (6430, 1), (6443, 2)
spatial (DF: 1): (3584, 2)
spatula (DF: 1): (5506, 1)
spawn (DF: 4): (2194, 1), (4199, 1), (7569, 1), (9784, 1)
spaz (DF: 6): (1818, 1), (3186, 1), (3295, 4), (6144, 1), (7296, 1), (8130, 1)
spazz (DF: 4): (285, 4), (1555, 1), (4820, 1), (5158, 2)
spazzin (DF: 5): (1038, 2), (2541, 4), (6217, 1), (6391, 8), (7250, 1)
speak (DF: 309): (51, 1), (93, 1), (104, 2), (114, 1), (130, 1), (159, 1), (188, 1), (235, 1), (239, 1), (263, 1), (266, 1), (289, 1), (310, 1), (324, 1), (404, 2), (452, 1), (495, 2), (499, 2), (541, 1), (564, 2), (589, 1), (671, 2), (672, 1), (702, 2), (704, 4), (736, 1), (794, 9), (803, 1), (842, 3), (914, 3), (959, 2), (1076, 1), (1143, 1), (1205, 1), (1208, 1), (1297, 1), (1327, 3), (1330, 1), (1385, 2), (1405, 1), (1410, 1), (1455, 1), (1468, 1), (1469, 1), (1496, 2), (1548, 1), (1587, 2), (1609, 1), (1618, 1), (1636, 1), (1640, 9), (1643, 1), (1647, 1), (1750, 5), (1785, 1), (1799, 4), (1820, 1), (1823, 1), (1869, 1), (1877, 1), (1894, 1), (1938, 1), (1949, 1), (1956, 1), (2015, 2), (2075, 2), (2110, 3), (2188, 1), (2191, 4), (2255, 1), (2328, 1), (2333, 1), (2356, 1), (2370, 1), (2385, 1), (2421, 2), (2482, 1), (2497, 1), (2576, 1), (2589, 2), (2636, 1), (2639, 3), (2684, 1), (2735, 1), (2737, 1), (2744, 1), (2746, 1), (2798, 1), (2826, 1), (2868, 2), (2960, 1), (2989, 5), (3012, 1), (3040, 1), (3044, 1), (3238, 1), (3284, 2), (3306, 1), (3375, 1), (3406, 1), (3538, 1), (3589, 1), (3612, 1), (3670, 1), (3749, 1), (3754, 3), (3775, 1), (3799, 1), (3807, 2), (3812, 2), (3850, 1), (3855, 2), (3884, 1), (3915, 1), (3939, 1), (3945, 1), (3999, 1), (4055, 4), (4075, 5), (4096, 3), (4130, 4), (4159, 1), (4176, 1), (4214, 3), (4240, 1), (4255, 1), (4355, 1), (4367, 1), (4369, 1), (4393, 1), (4485, 1), (4489, 4), (4519, 1), (4553, 1), (4581, 4), (4632, 6), (4694, 3), (4724, 1), (4731, 1), (4764, 2), (4877, 1), (4926, 1), (4945, 1), (4968, 1), (4977, 4), (5055, 1), (5135, 6), (5148, 1), (5162, 6), (5195, 1), (5242, 1), (5260, 1), (5261, 1), (5349, 1), (5372, 1), (5428, 1), (5491, 2), (5553, 2), (5594, 1), (5634, 1), (5645, 1), (5652, 1), (5692, 1), (5759, 1), (5868, 1), (5903, 1), (5937, 4), (5944, 1), (5979, 2), (5993, 1), (6065, 1), (6080, 1), (6098, 1), (6102, 3), (6116, 1), (6123, 1), (6146, 1), (6147, 4), (6169, 3), (6200, 1), (6214, 1), (6265, 1), (6269, 1), (6297, 2), (6325, 1), (6386, 7), (6443, 1), (6497, 1), (6535, 1), (6556, 1), (6608, 1), (6677, 22), (6712, 1), (6741, 1), (6767, 1), (6840, 1), (6877, 1), (6913, 1), (6980, 8), (6999, 2), (7038, 2), (7051, 2), (7073, 1), (7113, 1), (7123, 1), (7189, 1), (7204, 3), (7227, 1), (7229, 1), (7237, 2), (7279, 1), (7333, 2), (7337, 1), (7339, 1), (7341, 1), (7422, 1), (7448, 1), (7472, 3), (7474, 1), (7510, 1), (7536, 1), (7569, 2), (7623, 1), (7664, 1), (7754, 1), (7770, 1), (7772, 2), (7776, 1), (7841, 2), (7884, 1), (7888, 5), (7901, 1), (7968, 2), (8010, 1), (8132, 1), (8135, 1), (8179, 1), (8273, 1), (8358, 1), (8383, 1), (8431, 3), (8445, 1), (8446, 1), (8456, 2), (8473, 1), (8519, 1), (8547, 1), (8553, 2), (8554, 1), (8603, 1), (8605, 1), (8620, 1), (8669, 1), (8683, 2), (8698, 1), (8705, 1), (8734, 2), (8773, 1), (8791, 3), (8832, 1), (8905, 1), (8935, 1), (8964, 8), (8968, 2), (8992, 1), (9028, 2), (9036, 1), (9045, 1), (9054, 1), (9057, 1), (9059, 2), (9100, 1), (9102, 1), (9107, 1), (9140, 1), (9163, 1), (9165, 6), (9212, 1), (9237, 1), (9263, 1), (9290, 1), (9315, 1), (9353, 2), (9356, 1), (9368, 2), (9376, 6), (9394, 1), (9405, 2), (9412, 1), (9441, 1), (9442, 2), (9483, 3), (9499, 3), (9538, 3), (9539, 1), (9552, 2), (9579, 2), (9583, 1), (9608, 1), (9633, 1), (9704, 1), (9707, 1), (9794, 3), (9871, 1), (9875, 2), (9908, 1), (9927, 1), (9965, 1), (9977, 4)
speakeasi (DF: 1): (2981, 1)
speaker (DF: 48): (275, 1), (302, 1), (434, 7), (525, 1), (562, 1), (581, 1), (948, 12), (1297, 1), (1455, 1), (1547, 4), (2440, 1), (2691, 2), (2991, 1), (3119, 1), (3557, 1), (3773, 2), (3956, 1), (4017, 2), (4652, 1), (5241, 1), (5256, 4), (5532, 13), (5583, 1), (5774, 1), (6256, 1), (6304, 1), (6318, 13), (6490, 1), (6497, 2), (6535, 1), (6652, 1), (7070, 1), (7213, 3), (7752, 1), (7794, 1), (7862, 1), (8034, 2), (8299, 1), (8561, 2), (8563, 1), (8925, 4), (9063, 1), (9115, 1), (9267, 1), (9315, 1), (9343, 1), (9347, 1), (9922, 2)
speakerboxxx (DF: 3): (3718, 1), (6308, 1), (6442, 1)
speakers (DF: 1): (3697, 1)
speakin (DF: 27): (181, 3), (352, 1), (975, 1), (1211, 1), (1216, 1), (1490, 1), (1849, 1), (2493, 2), (2747, 1), (3185, 1), (3408, 1), (3419, 1), (3979, 2), (4127, 1), (5434, 2), (5594, 5), (6388, 1), (6563, 1), (6644, 1), (7084, 1), (7500, 1), (7856, 1), (8286, 2), (8592, 1), (9468, 2), (9831, 2), (9953, 1)
spear (DF: 8): (553, 1), (3789, 1), (6197, 1), (6206, 1), (7634, 1), (8402, 1), (9140, 1), (9301, 1)
