igual (DF: 60): (4518, 1), (4540, 6), (4544, 1), (4804, 4), (4846, 2), (4862, 3), (4879, 4), (5022, 7), (5218, 2), (5224, 1), (5246, 1), (5306, 2), (5352, 2), (5358, 1), (5512, 6), (5606, 1), (5754, 1), (5778, 2), (6160, 1), (6179, 2), (6197, 2), (6205, 2), (6206, 2), (6279, 12), (6393, 1), (6397, 1), (6408, 3), (6414, 1), (6656, 1), (6657, 6), (6705, 6), (6823, 1), (7016, 5), (7426, 1), (7501, 1), (7563, 1), (7604, 2), (7646, 2), (7782, 2), (7935, 1), (8128, 1), (8143, 2), (8323, 3), (8546, 1), (8919, 2), (8946, 1), (9087, 1), (9223, 3), (9334, 2), (9362, 1), (9384, 2), (9430, 1), (9469, 1), (9494, 2), (9606, 1), (9609, 3), (9636, 2), (9719, 1), (6513, 1), (6514, 3)
iguald (DF: 1): (2316, 1)
igualit (DF: 1): (8817, 1)
iguan (DF: 1): (2136, 1)
ih (DF: 1): (213, 4)
ihaeha (DF: 1): (7941, 1)
ihe (DF: 1): (5978, 1)
ihhh (DF: 1): (12, 4)
ihjel (DF: 1): (4425, 1)
ihoney (DF: 1): (2452, 1)
ihypnot (DF: 1): (5886, 2)
ii (DF: 112): (134, 1), (148, 1), (164, 1), (172, 22), (248, 1), (332, 2), (343, 1), (606, 1), (669, 1), (699, 1), (712, 1), (872, 1), (878, 1), (887, 1), (909, 1), (912, 1), (986, 1), (1084, 1), (1120, 1), (1219, 1), (1309, 1), (1326, 1), (1331, 1), (1347, 1), (1430, 1), (1626, 1), (1641, 1), (1662, 1), (1816, 1), (1845, 1), (1877, 1), (1882, 1), (1912, 1), (2028, 1), (2084, 1), (2094, 1), (2153, 1), (2178, 22), (2300, 1), (2377, 1), (2399, 1), (2429, 1), (2566, 22), (2669, 1), (2824, 1), (2882, 1), (2901, 2), (3002, 1), (3017, 1), (3100, 1), (3268, 1), (3275, 1), (3325, 2), (3421, 1), (3432, 1), (3437, 4), (3486, 1), (4035, 1), (4053, 1), (4094, 1), (4350, 1), (4385, 1), (4443, 1), (4569, 1), (4880, 1), (4887, 1), (5193, 1), (5310, 1), (5372, 1), (5529, 1), (5602, 1), (5744, 1), (5768, 1), (5991, 1), (6096, 1), (6203, 1), (6442, 1), (6504, 1), (6695, 1), (6772, 1), (6912, 1), (7070, 1), (7073, 1), (7227, 1), (7339, 1), (7448, 3), (7786, 1), (7789, 1), (7868, 1), (8034, 1), (8038, 1), (8133, 1), (8201, 1), (8218, 1), (8302, 1), (8408, 1), (8539, 1), (8544, 1), (8629, 22), (8664, 5), (8812, 1), (8841, 1), (8874, 1), (9030, 1), (9093, 1), (9164, 1), (9242, 1), (9432, 1), (9530, 1), (9538, 1), (9670, 2), (9796, 1)
iibigin (DF: 1): (4910, 1)
iight (DF: 1): (8060, 1)
iii (DF: 25): (446, 1), (698, 1), (1134, 1), (2198, 1), (3085, 1), (3323, 1), (3348, 1), (4028, 2), (4468, 1), (5691, 1), (6530, 1), (6620, 1), (6784, 1), (6867, 1), (7091, 1), (7138, 1), (7547, 1), (7664, 1), (8555, 1), (8579, 1), (8676, 1), (8834, 1), (9796, 1), (5815, 1), (5816, 1)
iiii (DF: 1): (2198, 1)
iiiiiii (DF: 2): (2377, 1), (4222, 3)
iin (DF: 1): (9730, 1)
iingatan (DF: 2): (6826, 2), (8335, 3)
iiola (DF: 1): (5520, 1)
iisa (DF: 1): (1489, 1)
iisip (DF: 2): (4910, 1), (6826, 1)
iit (DF: 2): (291, 1), (6741, 1)
iiyak (DF: 1): (1489, 12)
ij (DF: 1): (6961, 1)
ije (DF: 2): (3690, 5), (7941, 2)
ijeneun (DF: 1): (3690, 1)
ijo (DF: 2): (3603, 1), (9781, 2)
ik (DF: 34): (43, 13), (175, 44), (812, 4), (852, 17), (1077, 7), (1432, 15), (1619, 35), (2260, 10), (2638, 19), (3355, 19), (3453, 2), (3748, 30), (3864, 21), (4256, 23), (4295, 5), (4297, 12), (4607, 17), (4665, 37), (4849, 14), (5917, 16), (6008, 54), (6015, 14), (6184, 20), (6303, 10), (6641, 15), (7382, 11), (7421, 8), (7519, 6), (7547, 19), (8418, 20), (8831, 8), (9138, 2), (9425, 14), (9595, 12)
ika (DF: 5): (0, 1), (5932, 2), (6224, 1), (6826, 1), (8335, 2)
ikaw (DF: 8): (0, 1), (3150, 3), (4910, 4), (5932, 1), (6826, 1), (8001, 2), (9703, 4), (9901, 1)
ike (DF: 5): (1058, 1), (2607, 1), (5251, 2), (7106, 1), (7716, 2)
ikea (DF: 2): (2000, 1), (8247, 1)
ikeb (DF: 1): (6542, 3)
ikeep (DF: 1): (6182, 1)
ikim (DF: 2): (6126, 4), (9049, 8)
ikitsuku (DF: 1): (8000, 1)
ikk (DF: 17): (175, 1), (229, 7), (1465, 4), (2018, 4), (2759, 8), (3527, 19), (3591, 10), (4295, 1), (4425, 1), (4714, 5), (4985, 1), (6292, 1), (6674, 2), (7077, 13), (7200, 5), (8564, 13), (9648, 14)
ikkj (DF: 1): (9498, 3)
iknow (DF: 1): (5301, 1)
ikon (DF: 3): (4203, 1), (5046, 1), (9975, 1)
il (DF: 6): (292, 1), (358, 2), (2260, 1), (3195, 2), (3453, 1), (7454, 2)
ilalim (DF: 1): (3150, 4)
ilang (DF: 3): (4563, 1), (8109, 2), (8490, 1)
ilden (DF: 1): (3527, 1)
ile (DF: 5): (4859, 1), (6678, 2), (7356, 1), (7916, 1), (8604, 2)
ilegal (DF: 5): (1022, 1), (2150, 2), (4556, 1), (4780, 5), (8036, 4)
