race (DF: 165): (13, 1), (88, 1), (222, 1), (223, 1), (261, 1), (289, 1), (443, 1), (618, 1), (766, 1), (810, 2), (904, 1), (1023, 2), (1087, 1), (1154, 1), (1165, 1), (1209, 1), (1345, 2), (1364, 1), (1487, 1), (1533, 1), (1613, 1), (1635, 3), (1639, 1), (1674, 1), (1823, 1), (1964, 1), (1977, 1), (2000, 1), (2042, 1), (2112, 2), (2158, 1), (2168, 4), (2177, 1), (2191, 1), (2227, 2), (2360, 1), (2361, 1), (2397, 1), (2423, 1), (2438, 1), (2494, 2), (2523, 1), (2550, 2), (2555, 1), (2638, 1), (2672, 1), (2676, 2), (2847, 1), (2912, 2), (3019, 1), (3033, 1), (3075, 1), (3184, 1), (3218, 1), (3293, 3), (3383, 1), (3456, 1), (3488, 1), (3510, 1), (3646, 2), (3760, 1), (3783, 1), (3886, 13), (3904, 1), (3928, 1), (3937, 2), (4059, 2), (4148, 1), (4364, 1), (4539, 1), (4570, 1), (4573, 1), (4604, 1), (4617, 1), (4640, 1), (4695, 1), (4707, 1), (4745, 1), (4764, 1), (4826, 1), (4882, 2), (4905, 2), (4906, 1), (4931, 1), (5181, 1), (5185, 1), (5208, 3), (5308, 1), (5360, 1), (5496, 3), (5567, 2), (5573, 1), (5599, 1), (5629, 4), (5641, 1), (5763, 6), (5789, 3), (5903, 1), (5931, 1), (5961, 1), (6006, 2), (6065, 1), (6163, 2), (6194, 6), (6228, 8), (6283, 3), (6331, 1), (6392, 1), (6455, 2), (6568, 1), (6649, 2), (6653, 1), (6654, 1), (6742, 1), (6846, 1), (6919, 4), (6991, 3), (6993, 1), (7020, 1), (7026, 1), (7050, 1), (7094, 3), (7220, 2), (7292, 1), (7393, 1), (7492, 1), (7565, 2), (7671, 1), (8006, 4), (8167, 3), (8192, 1), (8235, 1), (8325, 1), (8339, 1), (8344, 1), (8383, 1), (8467, 1), (8483, 1), (8568, 2), (8622, 1), (8659, 1), (8666, 1), (8841, 1), (8907, 1), (8920, 2), (8960, 1), (9011, 2), (9131, 1), (9140, 1), (9149, 1), (9152, 4), (9183, 1), (9209, 1), (9314, 1), (9341, 1), (9370, 1), (9377, 2), (9455, 1), (9493, 1), (9591, 2), (9732, 1), (9832, 1), (9841, 1), (9886, 1), (9958, 1)
racer (DF: 2): (4953, 1), (7497, 1)
rach (DF: 4): (1686, 1), (7463, 1), (8498, 1), (9457, 1)
rachael (DF: 1): (2904, 1)
rachel (DF: 2): (7345, 1), (8284, 1)
rachet (DF: 1): (4197, 1)
rachunków (DF: 1): (1825, 2)
racial (DF: 2): (311, 1), (8299, 1)
racin (DF: 13): (340, 4), (349, 1), (1425, 2), (2406, 1), (2467, 1), (2691, 1), (3224, 1), (4986, 4), (5315, 1), (5946, 1), (7492, 1), (9576, 1), (9752, 1)
racing (DF: 1): (1079, 1)
racist (DF: 15): (13, 1), (646, 1), (1473, 1), (2002, 1), (2181, 1), (2397, 1), (2669, 1), (3371, 1), (3727, 1), (3904, 1), (4664, 1), (5106, 1), (5364, 1), (7944, 1), (9183, 1)
rack (DF: 81): (213, 1), (350, 6), (675, 4), (924, 1), (952, 1), (1157, 1), (1391, 6), (1414, 1), (1625, 1), (2052, 1), (2116, 3), (2166, 1), (2231, 2), (2254, 1), (2303, 1), (2522, 2), (2544, 1), (2619, 1), (2650, 4), (2660, 2), (2797, 1), (2840, 1), (2923, 1), (3248, 2), (3507, 9), (3510, 1), (3930, 2), (4122, 2), (4150, 1), (4211, 1), (4410, 1), (4700, 4), (4723, 2), (4818, 85), (4854, 1), (4905, 1), (4920, 1), (5066, 1), (5251, 1), (5294, 1), (5312, 1), (5314, 1), (5496, 3), (5583, 1), (5797, 12), (5810, 6), (6273, 1), (6761, 1), (7004, 1), (7106, 1), (7190, 1), (7192, 1), (7213, 6), (7235, 2), (7319, 1), (7441, 1), (7465, 1), (7554, 2), (7758, 4), (7768, 2), (7869, 2), (7900, 2), (7945, 3), (7973, 1), (8165, 1), (8167, 9), (8234, 2), (8481, 2), (8553, 2), (8577, 8), (8725, 36), (9166, 1), (9288, 1), (9290, 1), (9490, 14), (9493, 1), (9576, 2), (9590, 10), (9593, 8), (9933, 5), (9944, 4)
rackad (DF: 2): (1391, 6), (9152, 3)
racket (DF: 5): (587, 1), (749, 1), (2031, 1), (7591, 2), (8551, 1)
rackin (DF: 3): (343, 1), (1140, 3), (4911, 1)
racl (DF: 1): (7607, 1)
racol (DF: 1): (34, 1)
racont (DF: 2): (7607, 2), (9757, 1)
raczej (DF: 2): (3744, 4), (7356, 1)
raczi (DF: 1): (1655, 1)
rad (DF: 6): (5040, 1), (5785, 1), (6600, 1), (7521, 1), (8264, 1), (9738, 2)
radar (DF: 11): (1246, 1), (1528, 4), (2816, 1), (2837, 1), (3138, 1), (4341, 1), (4421, 1), (5829, 10), (6783, 1), (6819, 1), (9068, 1)
radi (DF: 11): (1141, 3), (2785, 1), (3308, 1), (3572, 2), (4219, 12), (4916, 2), (5035, 3), (7003, 1), (7426, 1), (9079, 1), (9516, 1)
radial (DF: 1): (4953, 1)
radiant (DF: 1): (3320, 1)
radiat (DF: 6): (1643, 1), (1844, 1), (3998, 1), (6046, 1), (7550, 1), (9151, 1)
radic (DF: 9): (1412, 1), (1818, 1), (2418, 2), (2978, 1), (5479, 1), (6688, 1), (7593, 1), (8822, 1), (9794, 1)
radical (DF: 1): (3875, 1)
radio (DF: 413): (17, 1), (21, 1), (29, 1), (41, 1), (65, 1), (80, 1), (102, 1), (105, 1), (192, 1), (214, 1), (222, 1), (225, 6), (245, 1), (260, 1), (287, 2), (294, 1), (301, 2), (305, 1), (313, 2), (346, 1), (352, 1), (393, 1), (428, 1), (471, 1), (521, 1), (555, 1), (572, 2), (597, 1), (634, 1), (652, 1), (675, 1), (697, 1), (704, 1), (706, 2), (726, 3), (745, 1), (747, 1), (767, 2), (819, 5), (823, 1), (843, 1), (911, 1), (931, 1), (935, 6), (973, 1), (1011, 1), (1012, 1), (1015, 1), (1020, 3), (1036, 1), (1056, 1), (1135, 1), (1151, 1), (1169, 3), (1181, 1), (1239, 1), (1240, 2), (1392, 2), (1402, 4), (1430, 1), (1440, 1), (1454, 1), (1471, 1), (1512, 1), (1513, 3), (1518, 1), (1549, 1), (1612, 1), (1626, 8), (1635, 2), (1676, 2), (1699, 1), (1743, 2), (1775, 1), (1785, 1), (1802, 1), (1844, 1), (1902, 1), (1935, 1), (1973, 1), (1982, 1), (1985, 1), (2002, 2), (2052, 1), (2062, 1), (2115, 1), (2163, 1), (2176, 1), (2190, 1), (2191, 1), (2216, 2), (2222, 1), (2226, 1), (2234, 1), (2314, 1), (2372, 1), (2389, 1), (2418, 1), (2425, 2), (2427, 1), (2456, 1), (2467, 1), (2477, 1), (2509, 1), (2524, 1), (2575, 1), (2593, 1), (2610, 2), (2621, 2), (2622, 1), (2660, 1), (2669, 1), (2689, 1), (2692, 1), (2726, 1), (2738, 1), (2746, 1), (2751, 1), (2769, 1), (2777, 1), (2838, 1), (2844, 1), (2849, 1), (2872, 1), (2900, 1), (2909, 2), (2936, 1), (2966, 1), (3034, 1), (3057, 1), (3114, 1), (3127, 1), (3153, 2), (3229, 2), (3240, 1), (3252, 1), (3265, 1), (3268, 2), (3273, 2), (3279, 1), (3298, 1), (3336, 1), (3338, 1), (3354, 1), (3398, 1), (3405, 1), (3442, 2), (3457, 2), (3468, 1), (3481, 2), (3502, 1), (3533, 1), (3543, 1), (3566, 1), (3567, 1), (3592, 1), (3677, 5), (3683, 33), (3725, 2), (3739, 1), (3743, 1), (3783, 1), (3794, 2), (3802, 1), (3809, 2), (3848, 1), (3880, 2), (3892, 1), (3896, 1), (3904, 1), (3922, 2), (3928, 1), (3941, 1), (3956, 1), (3957, 1), (3973, 1), (3987, 1), (4002, 1), (4008, 2), (4017, 3), (4062, 1), (4070, 1), (4072, 1), (4074, 2), (4085, 1), (4090, 1), (4108, 1), (4175, 1), (4212, 1), (4226, 1), (4265, 1), (4282, 1), (4283, 1), (4327, 1), (4353, 1), (4377, 1), (4378, 1), (4410, 1), (4418, 1), (4427, 2), (4447, 1), (4476, 2), (4522, 10), (4529, 1), (4546, 12), (4559, 1), (4573, 1), (4630, 1), (4638, 1), (4675, 1), (4708, 1), (4744, 2), (4775, 1), (4776, 1), (4889, 1), (4919, 1), (4969, 2), (4985, 1), (5003, 1), (5014, 1), (5039, 1), (5060, 10), (5078, 3), (5129, 1), (5141, 1), (5178, 1), (5185, 1), (5188, 1), (5220, 1), (5233, 1), (5265, 1), (5288, 1), (5298, 1), (5324, 2), (5340, 1), (5365, 1), (5375, 1), (5383, 1), (5494, 1), (5500, 1), (5534, 1), (5562, 2), (5567, 1), (5575, 4), (5638, 1), (5666, 1), (5715, 1), (5722, 1), (5763, 1), (5772, 1), (5780, 1), (5829, 3), (5841, 2), (5864, 2), (5873, 2), (5885, 2), (5919, 1), (5949, 1), (5970, 1), (5980, 1), (6000, 1), (6002, 1), (6012, 1), (6046, 1), (6072, 1), (6076, 1), (6100, 1), (6128, 2), (6147, 1), (6153, 1), (6162, 1), (6204, 2), (6215, 1), (6259, 1), (6261, 2), (6318, 1), (6324, 5), (6330, 1), (6344, 1), (6383, 1), (6433, 1), (6440, 1), (6456, 1), (6470, 1), (6473, 3), (6535, 2), (6569, 1), (6573, 1), (6578, 1), (6580, 1), (6598, 1), (6607, 1), (6714, 1), (6715, 1), (6717, 1), (6734, 1), (6777, 1), (6809, 1), (6875, 1), (6887, 1), (6934, 2), (6985, 3), (7061, 1), (7085, 1), (7091, 1), (7097, 1), (7114, 2), (7177, 3), (7199, 2), (7228, 2), (7232, 1), (7282, 1), (7303, 2), (7327, 1), (7336, 2), (7419, 1), (7425, 1), (7518, 1), (7522, 1), (7540, 1), (7562, 1), (7583, 1), (7588, 1), (7595, 1), (7610, 1), (7623, 1), (7627, 1), (7688, 4), (7697, 1), (7772, 1), (7818, 2), (7824, 1), (7833, 1), (7855, 1), (7914, 1), (7955, 1), (7959, 1), (7969, 1), (7980, 2), (7981, 1), (8003, 1), (8021, 1), (8080, 1), (8086, 2), (8138, 1), (8141, 1), (8267, 6), (8336, 1), (8348, 1), (8388, 1), (8396, 1), (8397, 1), (8430, 1), (8445, 3), (8486, 1), (8507, 2), (8529, 1), (8563, 1), (8634, 1), (8665, 1), (8708, 1), (8849, 1), (8856, 1), (8888, 1), (8901, 1), (8932, 1), (8960, 1), (8985, 1), (9008, 8), (9025, 1), (9068, 1), (9069, 2), (9114, 2), (9115, 11), (9139, 2), (9155, 2), (9197, 1), (9234, 1), (9293, 1), (9333, 3), (9353, 1), (9368, 1), (9370, 1), (9380, 1), (9416, 2), (9434, 1), (9438, 2), (9456, 1), (9478, 1), (9504, 2), (9514, 1), (9549, 1), (9555, 9), (9565, 3), (9566, 3), (9615, 1), (9639, 1), (9654, 1), (9658, 1), (9717, 1), (9752, 1), (9753, 1), (9772, 2), (9793, 1), (9798, 2), (9827, 2), (9891, 1), (9904, 1), (9908, 1), (9921, 1), (9942, 1), (9946, 1), (9968, 1)
radiocalyps (DF: 1): (6054, 1)
radiohead (DF: 11): (137, 1), (1658, 1), (1968, 1), (2503, 6), (2559, 1), (4067, 1), (5774, 1), (6129, 1), (7723, 1), (8033, 1), (8856, 1)
radish (DF: 1): (8360, 2)
radiu (DF: 1): (4582, 2)
radium (DF: 1): (723, 1)
radius (DF: 1): (5947, 1)
radlina (DF: 1): (7836, 1)
radric (DF: 2): (938, 1), (2397, 1)
rae (DF: 14): (1832, 1), (3218, 1), (3731, 2), (4211, 1), (4218, 1), (4610, 1), (4774, 1), (4831, 2), (4866, 1), (4920, 2), (5742, 1), (6122, 2), (7464, 2), (8968, 1)
raei (DF: 1): (2906, 1)
raekwon (DF: 8): (406, 1), (3374, 1), (3726, 1), (3731, 1), (4069, 2), (5773, 1), (7349, 1), (7707, 1)
raemon (DF: 1): (72, 1)
raf (DF: 8): (525, 1), (3897, 2), (4358, 1), (4833, 1), (6104, 1), (6804, 1), (7479, 2), (9231, 1)
rafael (DF: 1): (9070, 1)
rafag (DF: 1): (5449, 1)
rafal (DF: 2): (5622, 1), (6886, 3)
rafel (DF: 1): (8231, 1)
raffa (DF: 1): (213, 1)
rafferti (DF: 1): (6879, 1)
raffoul (DF: 1): (5757, 1)
rafi (DF: 1): (7302, 1)
rafiki (DF: 1): (673, 1)
raft (DF: 2): (3183, 1), (9188, 2)
rag (DF: 37): (68, 1), (441, 1), (993, 1), (2278, 2), (2650, 2), (2735, 1), (2887, 1), (3466, 1), (3772, 1), (3909, 1), (3963, 2), (4100, 1), (4197, 1), (4250, 2), (4604, 1), (4700, 2), (4818, 1), (5245, 1), (5251, 1), (5340, 1), (6146, 1), (6271, 1), (6275, 1), (6585, 1), (7153, 1), (7328, 1), (7498, 2), (8547, 1), (8756, 1), (9035, 1), (9249, 1), (9267, 1), (9287, 3), (9493, 2), (9526, 3), (9531, 1), (9676, 1)
raga (DF: 1): (9688, 7)
ragazz (DF: 6): (3295, 1), (3954, 3), (4992, 2), (7726, 1), (9203, 2), (9671, 3)
ragazzi (DF: 2): (2951, 8), (6656, 1)
ragazzin (DF: 3): (1850, 3), (4587, 3), (5020, 1)
rage (DF: 77): (40, 1), (121, 1), (264, 1), (336, 1), (453, 1), (581, 1), (650, 1), (683, 1), (838, 1), (882, 2), (1196, 1), (1541, 1), (1600, 3), (1727, 1), (1779, 1), (1909, 1), (2032, 1), (2184, 1), (2404, 1), (2428, 2), (2569, 1), (2808, 3), (2873, 1), (3132, 15), (3164, 1), (3293, 1), (3490, 1), (3562, 1), (3565, 1), (3751, 1), (3759, 1), (3779, 1), (3871, 2), (3899, 40), (3992, 2), (4097, 2), (4261, 1), (4459, 1), (4490, 1), (4522, 1), (4615, 1), (4684, 1), (4786, 1), (4897, 1), (5075, 21), (5262, 1), (5274, 1), (5304, 1), (5378, 1), (5732, 2), (6027, 1), (6031, 1), (6069, 1), (6320, 1), (6374, 1), (6688, 1), (6698, 2), (6724, 1), (6743, 27), (6765, 1), (7014, 1), (7039, 1), (7141, 3), (7885, 2), (7918, 2), (8153, 1), (8531, 1), (8577, 1), (8816, 1), (8842, 1), (9036, 1), (9341, 1), (9452, 4), (9468, 2), (9478, 2), (9666, 6), (9931, 4)
ragg (DF: 2): (4890, 1), (7251, 2)
raggaeton (DF: 19): (438, 1), (640, 1), (746, 1), (762, 1), (1255, 1), (1924, 1), (2814, 1), (3311, 1), (4386, 1), (5024, 1), (6111, 1), (6160, 1), (6341, 1), (7726, 1), (8632, 1), (9428, 1), (9622, 1), (9740, 1), (9882, 1)
raggamuffin (DF: 1): (5783, 1)
ragged (DF: 1): (2757, 1)
raggedi (DF: 2): (2039, 1), (8347, 1)
raggi (DF: 2): (971, 1), (7662, 1)
raggiung (DF: 1): (9222, 1)
ragin (DF: 5): (408, 1), (2592, 1), (3234, 2), (6732, 2), (9826, 1)
ragion (DF: 4): (1848, 3), (2518, 1), (2549, 1), (9671, 1)
ragtim (DF: 1): (1381, 1)
ragtop (DF: 1): (306, 1)
ragú (DF: 1): (3498, 1)
rah (DF: 16): (673, 6), (696, 2), (737, 1), (4995, 6), (5570, 2), (5592, 1), (5683, 4), (5865, 1), (6146, 4), (6641, 2), (6909, 1), (7516, 2), (7518, 2), (7989, 1), (8932, 1), (9196, 2)
raha (DF: 1): (1834, 5)
raheem (DF: 5): (930, 1), (1675, 1), (2105, 1), (2686, 1), (3420, 7)
rahm (DF: 1): (6748, 1)
rahman (DF: 1): (430, 1)
rahmeen (DF: 1): (3867, 1)
raho (DF: 1): (9688, 1)
rahsaan (DF: 5): (1679, 2), (2536, 2), (5263, 1), (5533, 1), (7161, 1)
rai (DF: 2): (3539, 1), (7922, 1)
