screenshot (DF: 1): (9103, 1)
screw (DF: 49): (40, 1), (240, 4), (1187, 1), (1226, 1), (2940, 1), (3112, 1), (3117, 2), (3553, 6), (3789, 1), (3804, 1), (4057, 3), (4080, 1), (4104, 1), (4211, 1), (4547, 1), (4830, 1), (5079, 2), (5300, 1), (5317, 1), (5345, 19), (5589, 2), (5840, 1), (5842, 1), (6059, 1), (6104, 1), (6527, 1), (6698, 1), (6945, 8), (7001, 2), (7020, 4), (7024, 1), (7154, 1), (7180, 1), (8060, 1), (8235, 2), (8299, 1), (8470, 1), (8625, 2), (8774, 1), (8787, 1), (9035, 1), (9301, 1), (9363, 2), (9394, 1), (9594, 1), (9676, 1), (9808, 1), (8511, 3), (8513, 1)
screwbal (DF: 1): (1451, 2)
screwi (DF: 1): (4654, 1)
screwin (DF: 4): (2240, 1), (2333, 1), (2884, 1), (7138, 1)
screwston (DF: 1): (2329, 1)
scribbl (DF: 7): (4345, 2), (4739, 1), (5934, 1), (6527, 1), (8920, 2), (9010, 1), (9729, 2)
scrill (DF: 3): (418, 1), (510, 1), (3999, 1)
scrilla (DF: 8): (2225, 1), (3180, 2), (3781, 1), (6319, 1), (8135, 1), (8593, 1), (8929, 1), (9993, 2)
scrimmag (DF: 3): (388, 2), (6667, 1), (9231, 1)
script (DF: 24): (407, 1), (428, 1), (868, 1), (963, 1), (1029, 1), (1299, 1), (1625, 1), (2117, 1), (3180, 2), (3612, 1), (3720, 1), (4045, 1), (4328, 1), (5299, 1), (5313, 1), (5729, 1), (5983, 1), (8407, 1), (8427, 1), (8822, 1), (9000, 1), (9560, 2), (9702, 3), (9794, 1)
scriptur (DF: 7): (490, 1), (2075, 1), (3298, 1), (4027, 1), (7690, 1), (7798, 1), (8570, 1)
scritt (DF: 5): (9, 2), (1850, 1), (2498, 3), (8054, 1), (9222, 1)
scritti (DF: 1): (9169, 1)
scrittur (DF: 1): (3491, 1)
scriv (DF: 5): (438, 1), (1010, 1), (3717, 1), (5785, 1), (9222, 1)
scrivim (DF: 2): (4587, 1), (8208, 1)
scroll (DF: 8): (1021, 1), (1728, 2), (3001, 1), (3237, 4), (3753, 1), (5729, 1), (5837, 1), (7726, 1)
scrollin (DF: 2): (4404, 1), (9579, 2)
scrotum (DF: 2): (7073, 1), (7492, 1)
scroung (DF: 1): (7498, 2)
scrrr (DF: 1): (6800, 1)
scrub (DF: 12): (755, 2), (1957, 2), (2599, 1), (3245, 18), (3584, 53), (4218, 1), (4654, 1), (6212, 1), (6361, 1), (7075, 1), (8980, 1), (9403, 1)
scrubber (DF: 1): (7639, 2)
scrubi (DF: 1): (1700, 1)
scruff (DF: 2): (2845, 1), (7491, 1)
scruffi (DF: 1): (3745, 2)
scrunch (DF: 1): (9729, 1)
scuba (DF: 1): (6040, 1)
scuff (DF: 3): (6730, 2), (9341, 1), (9742, 1)
scuffin (DF: 1): (6464, 1)
scuffl (DF: 1): (5627, 2)
scufflin (DF: 1): (8662, 1)
scull (DF: 1): (9594, 1)
sculpt (DF: 2): (1553, 3), (9546, 1)
sculptor (DF: 2): (1553, 3), (9546, 1)
sculptur (DF: 3): (924, 1), (5589, 1), (9794, 1)
scultur (DF: 1): (7251, 1)
scum (DF: 8): (1636, 3), (2053, 2), (2527, 1), (3695, 1), (5445, 1), (6462, 1), (6472, 1), (7973, 1)
scumbag (DF: 3): (7083, 2), (8071, 1), (9332, 1)
scummi (DF: 1): (7083, 2)
scump (DF: 1): (5116, 2)
scunthorp (DF: 1): (5751, 1)
scuol (DF: 6): (63, 6), (3954, 1), (5020, 1), (6961, 1), (8264, 1), (9203, 1)
scur (DF: 2): (5663, 1), (5862, 1)
scurri (DF: 5): (3, 1), (462, 1), (2849, 1), (6741, 1), (8502, 1)
scus (DF: 8): (9, 2), (1000, 3), (1800, 1), (1818, 1), (1848, 3), (2059, 3), (3210, 1), (8130, 2)
scusam (DF: 3): (1850, 1), (9222, 1), (9596, 1)
scuse (DF: 2): (1936, 1), (7685, 2)
scussion (DF: 1): (7004, 1)
sdon (DF: 2): (5267, 1), (5943, 1)
sdrawkcab (DF: 1): (8156, 1)
se (DF: 104): (14, 1), (19, 5), (53, 1), (60, 4), (86, 2), (109, 2), (117, 2), (149, 14), (173, 2), (178, 2), (213, 3), (217, 1), (229, 4), (247, 2), (256, 1), (284, 6), (299, 3), (312, 2), (328, 1), (333, 10), (353, 1), (364, 2), (395, 1), (399, 2), (417, 1), (477, 5), (481, 4), (552, 4), (577, 2), (580, 1), (594, 1), (648, 3), (661, 1), (707, 2), (724, 2), (728, 10), (836, 7), (858, 1), (875, 1), (910, 1), (918, 1), (995, 1), (996, 7), (1004, 1), (1005, 3), (1008, 14), (1042, 33), (1061, 9), (1116, 2), (1151, 1), (1183, 1), (1213, 2), (1215, 5), (1221, 12), (1254, 3), (1255, 1), (1284, 3), (1296, 1), (1307, 1), (1333, 8), (1370, 13), (1398, 4), (1411, 2), (1415, 2), (1424, 1), (1441, 2), (1453, 1), (1478, 2), (1501, 3), (1631, 1), (1652, 5), (1659, 2), (1665, 2), (1668, 2), (1677, 1), (1682, 1), (1728, 2), (1740, 9), (1752, 1), (1810, 4), (1834, 8), (1842, 2), (1878, 1), (1895, 1), (1900, 2), (1907, 5), (1966, 6), (1974, 3), (2020, 6), (2033, 2), (2070, 13), (2079, 4), (2088, 4), (2107, 1), (2114, 6), (2127, 3), (2152, 1), (2242, 3), (2354, 12), (2429, 2), (2480, 7), (2487, 1), (2540, 2), (2601, 4)
