pushin (DF: 26): (3900, 1), (4615, 1), (4889, 1), (4911, 2), (5367, 1), (5488, 4), (5635, 1), (5672, 2), (5865, 2), (5972, 2), (6187, 1), (6380, 1), (6990, 1), (7448, 25), (7497, 4), (7538, 1), (7767, 5), (7900, 2), (8559, 1), (8685, 1), (8779, 2), (8877, 1), (8901, 2), (9046, 1), (9131, 4), (9936, 1)
pushup (DF: 1): (1011, 1)
pushwar (DF: 1): (3462, 1)
pusim (DF: 1): (7749, 2)
puso (DF: 6): (4563, 1), (4657, 4), (4815, 4), (5932, 2), (8001, 2), (9528, 1)
puss (DF: 9): (2767, 2), (2899, 1), (4045, 16), (4506, 2), (4830, 3), (4897, 1), (5152, 2), (6490, 1), (9063, 1)
pussad (DF: 1): (7603, 1)
pussi (DF: 260): (72, 1), (113, 1), (179, 1), (183, 2), (213, 1), (222, 2), (248, 2), (362, 13), (388, 1), (418, 4), (434, 1), (494, 3), (536, 1), (616, 1), (660, 1), (684, 3), (689, 10), (693, 1), (696, 1), (737, 3), (740, 6), (789, 3), (804, 1), (808, 1), (829, 1), (862, 1), (915, 1), (922, 1), (928, 1), (946, 4), (949, 1), (952, 2), (966, 2), (1021, 1), (1031, 1), (1059, 1), (1080, 8), (1122, 2), (1131, 4), (1143, 2), (1147, 1), (1253, 2), (1276, 1), (1319, 2), (1334, 2), (1391, 3), (1410, 1), (1498, 3), (1532, 6), (1558, 1), (1625, 1), (1643, 1), (1648, 4), (1657, 2), (1672, 2), (1704, 1), (1739, 12), (1801, 2), (1815, 1), (1849, 1), (1891, 2), (2000, 1), (2004, 1), (2045, 1), (2052, 1), (2064, 1), (2083, 2), (2192, 3), (2218, 1), (2231, 1), (2254, 2), (2256, 10), (2269, 1), (2278, 2), (2359, 2), (2477, 1), (2561, 1), (2650, 2), (2666, 1), (2840, 1), (2943, 1), (3037, 1), (3064, 1), (3075, 3), (3076, 1), (3170, 1), (3237, 4), (3248, 1), (3278, 2), (3293, 1), (3310, 3), (3451, 2), (3529, 3), (3538, 1), (3593, 1), (3727, 1), (3813, 1), (3826, 2), (3884, 13), (3913, 1), (3923, 1), (4042, 3), (4045, 1), (4062, 1), (4092, 10), (4107, 1), (4122, 2), (4127, 1), (4128, 1), (4170, 2), (4295, 1), (4327, 1), (4364, 1), (4533, 1), (4669, 3), (4684, 1), (4693, 2), (4700, 2), (4707, 6), (4814, 2), (4884, 4), (4895, 1), (4920, 1), (4972, 1), (4995, 2), (5011, 1), (5024, 1), (5052, 10), (5066, 1), (5076, 1), (5106, 1), (5120, 4), (5172, 1), (5273, 1), (5409, 1), (5425, 1), (5445, 3), (5463, 1), (5467, 1), (5560, 1), (5596, 1), (5608, 3), (5682, 2), (5734, 1), (5794, 3), (5832, 1), (5840, 1), (5842, 1), (5907, 1), (5909, 9), (5957, 1), (5981, 1), (6040, 1), (6092, 12), (6124, 1), (6149, 6), (6151, 2), (6322, 1), (6462, 3), (6610, 6), (6738, 5), (6799, 1), (6824, 1), (6895, 1), (6903, 1), (6910, 6), (6914, 1), (6936, 2), (6999, 1), (7004, 6), (7024, 1), (7060, 1), (7105, 1), (7121, 1), (7123, 1), (7134, 1), (7182, 1), (7235, 2), (7279, 1), (7348, 4), (7371, 2), (7454, 1), (7465, 7), (7480, 2), (7492, 3), (7550, 1), (7554, 1), (7654, 2), (7685, 8), (7690, 1), (7696, 1), (7700, 1), (7707, 1), (7844, 2), (7901, 2), (7924, 1), (7926, 3), (7977, 1), (8061, 4), (8148, 1), (8156, 1), (8162, 1), (8183, 1), (8204, 3), (8237, 10), (8259, 1), (8338, 2), (8387, 6), (8489, 4), (8538, 1), (8601, 6), (8604, 1), (8641, 2), (8666, 2), (8676, 1), (8701, 1), (8725, 4), (8755, 2), (8778, 1), (8787, 3), (8802, 38), (8811, 1), (8862, 1), (8870, 1), (8910, 12), (9102, 1), (9119, 1), (9140, 3), (9147, 5), (9251, 1), (9322, 1), (9324, 4), (9379, 1), (9394, 1), (9442, 8), (9576, 1), (9590, 1), (9593, 2), (9622, 2), (9628, 2), (9640, 1), (9713, 3), (9742, 2), (9823, 1), (9831, 2), (9833, 1), (9944, 2), (9953, 1), (9980, 1), (9996, 1), (3790, 1), (3791, 1), (7291, 1), (7292, 1), (7518, 1), (7519, 1), (8779, 1), (8780, 1), (8986, 1), (8987, 1)
pussio (DF: 1): (9143, 3)
pussy (DF: 8): (2328, 1), (2662, 3), (5049, 1), (5429, 1), (5786, 2), (7463, 1), (8260, 1), (8733, 2)
pussycat (DF: 7): (2060, 1), (2760, 3), (3282, 3), (4823, 1), (5753, 2), (9702, 1), (9728, 1)
pussyhol (DF: 2): (4027, 1), (7829, 1)
pussys (DF: 2): (7278, 1), (9788, 3)
pust (DF: 2): (681, 1), (4192, 1)
pusta (DF: 1): (9085, 2)
pusti (DF: 1): (1825, 2)
put (DF: 48): (3, 1), (25, 1), (26, 2), (27, 1), (31, 2), (34, 2), (40, 5), (47, 1), (51, 1), (72, 1), (77, 2), (80, 2), (89, 32), (99, 19), (110, 1), (134, 1), (138, 1), (143, 1), (148, 2), (149, 3), (151, 1), (159, 1), (174, 2), (179, 1), (183, 1), (197, 1), (202, 1), (215, 1), (223, 1), (228, 5), (244, 7), (248, 1), (253, 1), (259, 1), (268, 4), (276, 2), (278, 12), (287, 10), (289, 1), (292, 1), (295, 1), (299, 1), (306, 2), (324, 1), (337, 1), (339, 1), (347, 5), (350, 2)
