standing (DF: 1): (6748, 1)
standoff (DF: 1): (6164, 1)
standort (DF: 3): (4192, 1), (5429, 1), (8932, 14)
standot (DF: 1): (1848, 1)
standpunkt (DF: 2): (493, 2), (5775, 1)
stang (DF: 2): (3570, 4), (6184, 1)
stanger (DF: 1): (5706, 1)
stani (DF: 2): (3962, 1), (8604, 1)
stank (DF: 22): (418, 1), (650, 1), (802, 1), (1122, 2), (1547, 3), (1566, 1), (2682, 1), (2899, 1), (3718, 6), (3802, 1), (4185, 1), (4746, 1), (5085, 1), (5728, 1), (6442, 12), (8156, 1), (8235, 1), (8531, 1), (8551, 1), (8825, 1), (9140, 1), (9379, 1)
stanki (DF: 2): (2397, 4), (8860, 2)
stankin (DF: 4): (2636, 1), (4493, 1), (4731, 1), (5068, 1)
stankonia (DF: 2): (975, 1), (4731, 1)
stanley (DF: 7): (242, 1), (292, 1), (386, 1), (1796, 1), (3850, 3), (5092, 1), (8819, 1)
stann (DF: 1): (6961, 1)
stanni (DF: 3): (2194, 1), (2729, 1), (5577, 2)
stanott (DF: 4): (2059, 1), (6341, 1), (9664, 1), (9912, 3)
stanz (DF: 6): (187, 1), (1800, 1), (4086, 2), (4890, 3), (5825, 1), (9906, 1)
stanza (DF: 1): (1697, 2)
stap (DF: 4): (852, 2), (2638, 1), (3355, 6), (6008, 1)
stapel (DF: 3): (2194, 1), (2574, 1), (7411, 1)
stapeln (DF: 3): (1238, 1), (5955, 1), (7720, 1)
stapl (DF: 8): (1613, 1), (3350, 1), (4261, 1), (4452, 2), (4641, 1), (5382, 1), (5862, 1), (9502, 2)
stapleton (DF: 3): (3332, 1), (6416, 1), (7907, 1)
stapp (DF: 2): (7251, 3), (9895, 1)
stappen (DF: 1): (175, 1)
star (DF: 609): (8, 2), (16, 4), (25, 20), (75, 2), (81, 1), (83, 1), (93, 1), (121, 1), (144, 1), (174, 1), (197, 1), (203, 4), (251, 1), (261, 1), (263, 6), (273, 4), (301, 2), (324, 1), (343, 1), (348, 1), (363, 1), (370, 1), (434, 1), (441, 1), (483, 1), (488, 4), (496, 4), (518, 1), (528, 1), (531, 1), (538, 1), (544, 1), (550, 3), (564, 1), (585, 2), (608, 2), (662, 4), (673, 1), (675, 12), (687, 1), (704, 2), (739, 3), (746, 2), (761, 1), (763, 19), (764, 1), (770, 3), (774, 2), (777, 1), (778, 1), (823, 1), (840, 3), (841, 1), (842, 1), (896, 7), (950, 1), (955, 5), (968, 2), (969, 1), (998, 9), (1007, 1), (1010, 1), (1038, 1), (1041, 1), (1053, 1), (1146, 2), (1166, 1), (1172, 1), (1191, 1), (1202, 1), (1214, 3), (1219, 1), (1222, 1), (1226, 1), (1244, 1), (1245, 2), (1281, 1), (1311, 1), (1322, 2), (1323, 2), (1330, 1), (1342, 2), (1352, 1), (1416, 5), (1419, 1), (1472, 4), (1480, 4), (1490, 1), (1495, 4), (1514, 1), (1533, 3), (1539, 3), (1553, 21), (1555, 1), (1567, 3), (1569, 1), (1575, 1), (1607, 1), (1642, 1), (1654, 1), (1663, 1), (1683, 1), (1685, 10), (1695, 7), (1709, 7), (1711, 2), (1712, 1), (1727, 1), (1728, 2), (1760, 1), (1779, 1), (1783, 2), (1802, 1), (1804, 1), (1805, 1), (1818, 6), (1848, 1), (1850, 3), (1853, 8), (1868, 2), (1874, 2), (1875, 1), (1877, 1), (1896, 3), (1904, 1), (1908, 1), (1913, 4), (1922, 1), (1946, 1), (1948, 1), (1949, 1), (1950, 1), (1952, 2), (1994, 1), (2003, 1), (2005, 2), (2010, 1), (2025, 1), (2036, 1), (2049, 1), (2112, 1), (2138, 8), (2168, 2), (2177, 1), (2218, 2), (2219, 2), (2223, 2), (2235, 1), (2237, 2), (2288, 6), (2317, 1), (2344, 1), (2357, 1), (2363, 1), (2375, 1), (2386, 2), (2401, 1), (2409, 2), (2435, 2), (2438, 2), (2462, 1), (2465, 2), (2476, 1), (2491, 5), (2500, 1), (2520, 2), (2523, 1), (2524, 1), (2527, 1), (2541, 2), (2555, 1), (2567, 2), (2587, 9), (2605, 1), (2609, 1), (2618, 2), (2621, 4), (2641, 2), (2662, 1), (2758, 4), (2786, 1), (2798, 3), (2803, 1), (2824, 2), (2831, 1), (2851, 2), (2852, 1), (2855, 1), (2874, 2), (2886, 2), (2888, 1), (2895, 1), (2897, 1), (2899, 1), (2910, 2), (2942, 3), (2947, 2), (2976, 3), (3012, 3), (3035, 1), (3038, 2), (3061, 1), (3081, 1), (3088, 2), (3135, 1), (3171, 1), (3181, 8), (3188, 2), (3191, 2), (3218, 1), (3221, 1), (3229, 4), (3258, 2), (3262, 4), (3295, 1), (3321, 1), (3335, 1), (3386, 1), (3388, 1), (3391, 1), (3443, 1), (3449, 2), (3455, 1), (3466, 1), (3468, 4), (3477, 1), (3487, 1), (3514, 1), (3538, 1), (3589, 1), (3633, 4), (3650, 3), (3679, 2), (3680, 2), (3683, 2), (3690, 4), (3742, 9), (3746, 2), (3751, 2), (3770, 3), (3799, 2), (3812, 1), (3817, 3), (3822, 2), (3827, 2), (3841, 1), (3914, 1), (3930, 6), (3941, 1), (3956, 1), (3958, 1), (3959, 4), (3967, 4), (3972, 1), (3998, 2), (4004, 1), (4006, 1), (4020, 1), (4028, 2), (4039, 1), (4076, 1), (4113, 2), (4116, 2), (4130, 4), (4156, 4), (4158, 1), (4171, 12), (4173, 1), (4221, 2), (4222, 1), (4228, 6), (4243, 1), (4259, 1), (4261, 1), (4262, 2), (4293, 1), (4316, 1), (4320, 1), (4350, 1), (4376, 1), (4378, 4), (4394, 3), (4399, 20), (4426, 1), (4441, 2), (4492, 1), (4502, 1), (4569, 3), (4612, 1), (4617, 1), (4641, 1), (4649, 1), (4654, 2), (4661, 1), (4697, 2), (4701, 3), (4710, 1), (4715, 2), (4716, 2), (4723, 2), (4748, 1), (4762, 2), (4779, 16), (4803, 1), (4818, 2), (4823, 4), (4837, 1), (4848, 1), (4864, 1), (4877, 1), (4883, 2), (4893, 4), (4921, 2), (4922, 5), (4930, 1), (4974, 1), (4990, 1), (4992, 2), (4995, 1), (5038, 1), (5044, 2), (5070, 1), (5078, 1), (5083, 1), (5096, 1), (5145, 3), (5169, 1), (5170, 2), (5185, 1), (5206, 1), (5212, 1), (5214, 12), (5231, 2), (5300, 1), (5305, 1), (5315, 1), (5332, 2), (5336, 3), (5345, 1), (5386, 6), (5392, 3), (5405, 4), (5413, 1), (5423, 1), (5430, 1), (5439, 3), (5460, 2), (5472, 3), (5501, 2), (5512, 1), (5514, 2), (5538, 3), (5549, 1), (5562, 6), (5571, 1), (5629, 2), (5705, 4), (5751, 5), (5809, 1), (5810, 2), (5827, 1), (5831, 4), (5847, 3), (5855, 1), (5878, 2), (5892, 1), (5961, 1), (5963, 1), (6027, 1), (6030, 1), (6032, 4), (6045, 1), (6076, 1), (6078, 1), (6082, 1), (6123, 1), (6134, 2), (6138, 1), (6147, 2), (6163, 2), (6167, 2), (6181, 1), (6184, 1), (6185, 1), (6229, 1), (6246, 1), (6250, 4), (6254, 1), (6255, 4), (6271, 2), (6273, 1), (6286, 9), (6302, 1), (6328, 1), (6342, 1), (6357, 4), (6367, 2), (6380, 1), (6395, 1), (6411, 1), (6443, 3), (6447, 1), (6461, 2), (6463, 6), (6475, 1), (6484, 1), (6497, 1), (6498, 3), (6499, 1), (6503, 1), (6515, 1), (6599, 2), (6602, 1), (6611, 2), (6613, 1), (6614, 25), (6634, 1), (6649, 2), (6687, 1), (6691, 1), (6702, 2), (6755, 1), (6781, 1), (6789, 2), (6795, 4), (6827, 2), (6830, 3), (6848, 7), (6854, 3), (6867, 1), (6879, 1), (6907, 1), (6915, 5), (6931, 1), (6941, 1), (7026, 4), (7030, 1), (7033, 1), (7051, 1), (7135, 1), (7140, 1), (7142, 4), (7155, 1), (7156, 1), (7195, 7), (7201, 1), (7218, 1), (7219, 3), (7236, 6), (7251, 1), (7279, 1), (7303, 2), (7322, 1), (7340, 1), (7347, 4), (7358, 1), (7389, 2), (7394, 2), (7404, 1), (7408, 2), (7420, 1), (7437, 2), (7494, 4), (7502, 4), (7511, 1), (7515, 2), (7520, 1), (7538, 1), (7541, 1), (7565, 1), (7585, 3), (7633, 1), (7638, 2), (7644, 27), (7689, 1), (7721, 1), (7748, 1), (7752, 2), (7762, 2), (7766, 3), (7777, 1), (7789, 1), (7792, 4), (7819, 1), (7837, 1), (7842, 1), (7881, 1), (7882, 1), (7889, 1), (7908, 1), (7917, 1), (7952, 19), (7955, 1), (7979, 1), (7991, 1), (7997, 4), (8014, 9), (8019, 1), (8028, 1), (8063, 1), (8071, 2), (8081, 1), (8084, 4), (8101, 5), (8135, 1), (8151, 6), (8158, 1), (8167, 6), (8207, 6), (8211, 3), (8235, 2), (8263, 1), (8264, 1), (8307, 1), (8417, 1), (8426, 1), (8431, 1), (8457, 2), (8461, 1), (8491, 1), (8492, 1), (8503, 2), (8512, 27), (8534, 1), (8536, 1), (8548, 2), (8550, 1), (8568, 2), (8575, 2), (8584, 1), (8659, 1), (8661, 2), (8681, 1), (8702, 2), (8715, 2), (8718, 1), (8757, 1), (8767, 2), (8793, 1), (8809, 2), (8850, 1), (8860, 2), (8869, 1), (8888, 1), (8889, 1), (8891, 2), (8921, 1), (8965, 1), (8993, 2), (8996, 1), (9011, 7), (9068, 9), (9069, 6), (9075, 2), (9089, 1), (9135, 1), (9138, 1), (9158, 1), (9186, 2), (9215, 3), (9234, 3), (9257, 1), (9272, 1), (9297, 1), (9303, 2), (9305, 1), (9315, 2), (9321, 7), (9323, 10), (9330, 4), (9344, 2), (9349, 2), (9361, 1), (9364, 1), (9375, 2), (9379, 1), (9385, 1), (9405, 2), (9426, 1), (9441, 1), (9442, 2), (9486, 1), (9502, 3), (9503, 2), (9532, 1), (9546, 7), (9555, 1), (9557, 1), (9563, 1), (9570, 2), (9578, 1), (9587, 2), (9596, 1), (9605, 1), (9610, 5), (9616, 2), (9654, 4), (9658, 1), (9693, 1), (9748, 1), (9770, 2), (9778, 2), (9787, 2), (9804, 1), (9805, 1), (9827, 2), (9945, 2), (9964, 3), (9998, 2)
stara (DF: 1): (6678, 1)
starang (DF: 2): (7829, 1), (8009, 2)
starboy (DF: 9): (18, 1), (812, 1), (1727, 1), (3907, 1), (5333, 1), (5810, 18), (5971, 1), (7737, 1), (9336, 1)
starbreak (DF: 1): (7033, 10)
starbuck (DF: 3): (1219, 1), (4864, 1), (8797, 1)
starbucks (DF: 1): (2498, 1)
starc (DF: 1): (4890, 1)
starch (DF: 2): (5941, 1), (8929, 1)
starci (DF: 1): (2951, 1)
stard (DF: 1): (7607, 1)
stardom (DF: 3): (3311, 1), (3402, 1), (3563, 1)
stardust (DF: 6): (1549, 1), (3053, 1), (8625, 1), (9241, 1), (9351, 1), (9777, 1)
stare (DF: 230): (80, 1), (132, 1), (171, 1), (221, 1), (295, 1), (324, 2), (331, 1), (346, 1), (360, 1), (365, 1), (385, 2), (386, 1), (433, 1), (452, 1), (459, 2), (462, 1), (472, 1), (559, 1), (596, 3), (597, 1), (795, 1), (808, 1), (876, 8), (908, 1), (932, 1), (1057, 1), (1076, 1), (1155, 2), (1186, 2), (1372, 1), (1469, 1), (1539, 6), (1552, 1), (1555, 1), (1648, 1), (1649, 1), (1674, 1), (1820, 1), (1823, 1), (1831, 1), (1904, 1), (1929, 1), (1971, 1), (1984, 2), (2019, 4), (2031, 2), (2046, 1), (2216, 1), (2220, 1), (2248, 1), (2249, 1), (2286, 1), (2482, 1), (2542, 2), (2581, 1), (2586, 1), (2630, 4), (2669, 1), (2723, 1), (2735, 1), (2794, 1), (2840, 1), (2849, 1), (2858, 1), (2890, 1), (2907, 10), (2956, 1), (2989, 3), (3052, 1), (3056, 1), (3128, 1), (3329, 1), (3450, 1), (3454, 1), (3573, 4), (3577, 1), (3595, 1), (3608, 1), (3636, 3), (3641, 3), (3694, 1), (3712, 1), (3713, 1), (3820, 2), (3988, 1), (3998, 1), (4099, 1), (4154, 1), (4183, 1), (4199, 1), (4239, 1), (4260, 1), (4333, 1), (4354, 1), (4360, 3), (4370, 1), (4380, 2), (4490, 1), (4513, 2), (4520, 1), (4547, 2), (4551, 1), (4632, 2), (4637, 4), (4645, 1), (4648, 1), (4774, 6), (4818, 1), (4819, 1), (4823, 1), (4836, 2), (4930, 3), (5025, 4), (5048, 4), (5066, 1), (5069, 2), (5085, 1), (5131, 1), (5215, 1), (5327, 5), (5368, 1), (5398, 1), (5410, 1), (5428, 1), (5494, 1), (5642, 1), (5653, 1), (5721, 1), (5722, 1), (5758, 5), (5764, 1), (5799, 1), (5831, 2), (5846, 1), (5885, 1), (5887, 10), (5988, 2), (5989, 1), (6007, 1), (6018, 1), (6151, 1), (6261, 1), (6274, 1), (6297, 2), (6328, 1), (6350, 1), (6392, 1), (6445, 3), (6446, 2), (6454, 2), (6482, 2), (6493, 1), (6608, 1), (6619, 1), (6655, 1), (6663, 1), (6678, 2), (6685, 22), (6736, 1), (6817, 1), (6834, 1), (6853, 1), (6877, 1), (6943, 4), (6972, 2), (6982, 2), (7002, 1), (7083, 1), (7088, 4), (7144, 2), (7174, 1), (7181, 1), (7189, 1), (7279, 1), (7376, 1), (7424, 1), (7498, 2), (7551, 1), (7553, 4), (7621, 2), (7703, 1), (7722, 2), (7727, 1), (7743, 1), (7758, 1), (7759, 2), (7797, 1), (7812, 1), (7842, 1), (7844, 2), (7874, 1), (7906, 1), (7960, 1), (8017, 1), (8084, 2), (8114, 2), (8150, 1), (8201, 1), (8212, 1), (8326, 1), (8397, 1), (8414, 3), (8436, 2), (8447, 1), (8527, 1), (8579, 2), (8674, 1), (8714, 1), (8782, 1), (8786, 1), (8791, 1), (8793, 1), (8821, 2), (8933, 2), (9036, 1), (9077, 1), (9105, 2), (9161, 1), (9262, 1), (9298, 1), (9317, 1), (9347, 1), (9385, 1), (9409, 2), (9748, 3), (9768, 2), (9863, 1), (9931, 2), (9955, 1), (9998, 1)
starfish (DF: 4): (2892, 1), (2963, 1), (4131, 1), (5656, 1)
starfoullah (DF: 1): (5801, 1)
stargat (DF: 3): (681, 1), (4164, 1), (9716, 1)
stargaz (DF: 5): (854, 1), (2288, 14), (2942, 1), (5914, 1), (9877, 1)
stargesicht (DF: 1): (7411, 1)
stargirl (DF: 1): (8165, 1)
starin (DF: 28): (210, 1), (831, 1), (1092, 2), (1152, 1), (1556, 1), (1648, 2), (1669, 1), (1840, 1), (1949, 1), (2299, 3), (3272, 1), (3557, 1), (4129, 1), (4196, 5), (4404, 2), (4629, 1), (4837, 1), (4960, 1), (5107, 1), (5254, 2), (5557, 1), (6012, 2), (8038, 1), (8705, 1), (8803, 16), (9046, 1), (9479, 3), (9758, 1)
stark (DF: 9): (1835, 1), (3381, 1), (3451, 3), (5559, 1), (5691, 1), (5791, 6), (6607, 1), (6620, 1), (8340, 1)
starless (DF: 3): (189, 1), (7352, 1), (8300, 1)
starlet (DF: 2): (134, 1), (7642, 1)
starley (DF: 2): (5960, 1), (8741, 1)
starlight (DF: 29): (3, 1), (521, 1), (1015, 1), (2163, 1), (2418, 1), (2502, 1), (2838, 1), (2900, 1), (3324, 1), (4283, 1), (4514, 1), (4775, 1), (4776, 1), (4979, 1), (5375, 1), (5383, 1), (5534, 1), (5763, 1), (6383, 1), (6890, 1), (7573, 1), (8348, 1), (8502, 1), (8665, 1), (8835, 5), (8907, 1), (9456, 1), (9753, 1), (9904, 18)
starlit (DF: 3): (2547, 1), (2884, 1), (7271, 1)
starman (DF: 2): (1549, 7), (3566, 7)
starr (DF: 10): (1830, 1), (2327, 1), (3019, 2), (3366, 1), (4645, 1), (4927, 1), (6167, 1), (6392, 1), (6617, 1), (8325, 1)
starri (DF: 7): (564, 1), (3051, 4), (3746, 2), (3812, 1), (3989, 11), (4245, 6), (5644, 2)
starset (DF: 1): (9219, 1)
starship (DF: 12): (819, 1), (1557, 1), (1946, 2), (2363, 2), (2395, 1), (2610, 1), (3514, 2), (3914, 7), (5460, 13), (6459, 1), (6735, 1), (9616, 4)
starstruck (DF: 8): (123, 17), (1041, 1), (1950, 1), (3956, 1), (7800, 1), (7917, 1), (8654, 1), (9487, 1)
start (DF: 1110): (2, 2), (3, 1), (7, 2), (13, 2), (20, 1), (25, 2), (27, 1), (30, 2), (59, 2), (74, 2), (82, 18), (85, 1), (96, 5), (110, 1), (130, 1), (138, 3), (142, 7), (158, 1), (172, 5), (176, 3), (182, 1), (183, 1), (204, 1), (212, 2), (232, 1), (233, 1), (237, 2), (246, 1), (268, 3), (289, 1), (298, 1), (308, 1), (309, 1), (337, 1), (365, 2), (369, 1), (372, 1), (373, 1), (385, 2), (387, 1), (402, 1), (405, 1), (407, 2), (409, 2), (426, 1), (434, 1), (455, 2), (457, 1), (458, 2), (462, 1), (464, 16), (469, 1), (471, 1), (499, 6), (500, 3), (511, 3), (514, 4), (521, 1), (527, 1), (546, 1), (548, 3), (581, 1), (585, 2), (586, 1), (604, 20), (616, 2), (617, 1), (618, 1), (621, 3), (622, 2), (647, 2), (658, 5), (670, 52), (678, 15), (680, 2), (686, 3), (689, 1), (693, 2), (696, 1), (698, 2), (706, 1), (716, 2), (726, 1), (731, 6), (740, 1), (753, 1), (756, 2), (758, 2), (767, 4), (770, 7), (774, 1), (778, 1), (782, 1), (803, 1), (804, 1), (809, 2), (815, 1), (823, 1), (825, 2), (834, 2), (841, 2), (843, 1), (845, 1), (856, 1), (870, 1), (877, 1), (883, 3), (909, 1), (914, 1), (920, 1), (925, 2), (928, 1), (935, 8), (944, 3), (946, 4), (947, 1), (948, 2), (955, 6), (964, 1), (975, 1), (980, 2), (992, 10), (994, 1), (1021, 2), (1023, 2), (1026, 1), (1044, 1), (1047, 1), (1048, 5), (1050, 4), (1059, 2), (1082, 2), (1088, 1), (1092, 1), (1111, 1), (1143, 1), (1164, 1), (1165, 3), (1167, 6), (1175, 1), (1181, 6), (1186, 6), (1189, 1), (1211, 1), (1217, 4), (1223, 1), (1230, 1), (1248, 1), (1249, 1), (1253, 1), (1293, 1), (1294, 3), (1297, 1), (1302, 2), (1325, 2), (1344, 1), (1347, 2), (1364, 2), (1368, 1), (1381, 2), (1385, 1), (1389, 6), (1401, 12), (1402, 1), (1406, 1), (1407, 2), (1419, 1), (1421, 2), (1431, 2), (1439, 1), (1455, 1), (1466, 1), (1491, 2), (1504, 1), (1510, 3), (1512, 1), (1513, 1), (1515, 1), (1545, 3), (1552, 1), (1556, 1), (1558, 1), (1568, 3), (1573, 2), (1581, 2), (1607, 1), (1610, 1), (1612, 1), (1617, 2), (1625, 1), (1649, 1), (1661, 2), (1675, 1), (1678, 5), (1681, 6), (1684, 3), (1694, 1), (1705, 2), (1708, 1), (1720, 1), (1730, 2), (1741, 7), (1742, 1), (1756, 4), (1757, 1), (1759, 16), (1761, 2), (1773, 1), (1779, 1), (1793, 4), (1809, 1), (1816, 1), (1820, 2), (1859, 1), (1866, 1), (1870, 3), (1880, 2), (1891, 1), (1897, 1), (1921, 2), (1949, 1), (1952, 2), (1958, 5), (1972, 1), (1981, 2), (1988, 4), (1995, 2), (2002, 1), (2006, 6), (2018, 1), (2028, 2), (2036, 3), (2049, 1), (2050, 1), (2054, 1), (2060, 1), (2068, 4), (2071, 1), (2073, 7), (2085, 2), (2091, 2), (2094, 1), (2101, 2), (2131, 1), (2134, 1), (2145, 2), (2162, 3), (2168, 2), (2173, 1), (2177, 1), (2178, 5), (2191, 3), (2192, 1), (2196, 1), (2202, 1), (2216, 1), (2232, 1), (2240, 1), (2241, 2), (2251, 1), (2252, 2), (2278, 1), (2339, 4), (2353, 1), (2364, 1), (2367, 1), (2381, 1), (2388, 1), (2398, 1), (2404, 1), (2405, 1), (2416, 4), (2428, 2), (2435, 1), (2442, 1), (2465, 2), (2472, 1), (2474, 1), (2484, 2), (2489, 2), (2491, 1), (2494, 1), (2502, 3), (2507, 2), (2509, 1), (2510, 2), (2520, 6), (2523, 8), (2524, 1), (2531, 2), (2532, 1), (2536, 1), (2562, 1), (2566, 5), (2586, 1), (2592, 1), (2598, 1), (2600, 2), (2608, 1), (2609, 1), (2613, 2), (2624, 1), (2627, 1), (2634, 2), (2636, 6), (2652, 3), (2672, 1), (2676, 2), (2687, 2), (2688, 2), (2692, 1), (2704, 1), (2706, 1), (2708, 2), (2723, 1), (2724, 1), (2726, 5), (2729, 1), (2735, 1), (2754, 3), (2776, 3), (2787, 4), (2806, 1), (2809, 2), (2821, 1), (2827, 4), (2829, 1), (2830, 2), (2832, 1), (2834, 4), (2840, 1), (2843, 1), (2849, 1), (2856, 1), (2872, 1), (2873, 1), (2883, 9), (2888, 2), (2893, 2), (2895, 1), (2896, 1), (2900, 1), (2914, 4), (2919, 1), (2926, 1), (2930, 2), (2940, 1), (2947, 3), (2951, 1), (2984, 3), (3034, 6), (3035, 2), (3041, 1), (3043, 1), (3056, 1), (3059, 2), (3066, 1), (3081, 1), (3107, 2), (3109, 2), (3146, 11), (3151, 1), (3156, 2), (3164, 3), (3165, 3), (3172, 1), (3185, 1), (3186, 2), (3198, 2), (3202, 2), (3206, 2), (3251, 1), (3256, 2), (3259, 1), (3272, 1), (3277, 1), (3285, 9), (3291, 1), (3293, 2), (3311, 1), (3319, 1), (3322, 1), (3368, 1), (3369, 1), (3379, 2), (3387, 1), (3428, 1), (3432, 1), (3439, 1), (3463, 1), (3470, 2), (3485, 1), (3486, 1), (3488, 1), (3539, 1), (3548, 2), (3562, 2), (3571, 1), (3589, 1), (3594, 1), (3597, 2), (3612, 1), (3624, 1), (3648, 1), (3654, 2), (3663, 2), (3668, 2), (3674, 8), (3676, 2), (3681, 2), (3704, 1), (3718, 1), (3726, 1), (3731, 1), (3738, 2), (3741, 1), (3742, 3), (3747, 2), (3761, 1), (3777, 1), (3786, 2), (3789, 1), (3790, 1), (3802, 1), (3804, 1), (3809, 4), (3811, 2), (3814, 3), (3820, 3), (3821, 1), (3834, 6), (3837, 4), (3843, 1), (3861, 1), (3863, 1), (3867, 1), (3880, 3), (3901, 8), (3902, 1), (3904, 2), (3917, 1), (3934, 2), (3941, 1), (3964, 1), (3968, 1), (3976, 2), (3979, 2), (3986, 1), (3990, 1), (3998, 1), (3999, 2), (4002, 1), (4017, 2), (4018, 1), (4019, 1), (4023, 1), (4038, 19), (4044, 1), (4045, 1), (4061, 5), (4064, 1), (4083, 1), (4096, 3), (4100, 1), (4103, 1), (4107, 1), (4116, 1), (4121, 1), (4127, 1), (4130, 4), (4157, 1), (4199, 1), (4206, 1), (4211, 1), (4212, 2), (4217, 1), (4229, 2), (4232, 4), (4250, 3), (4251, 1), (4269, 3), (4283, 1), (4298, 1), (4334, 3), (4349, 2), (4354, 3), (4372, 1), (4381, 1), (4390, 1), (4395, 2), (4401, 1), (4403, 1), (4409, 3), (4429, 1), (4432, 2), (4446, 1), (4461, 1), (4465, 5), (4468, 1), (4471, 2), (4486, 1), (4495, 1), (4511, 1), (4521, 3), (4522, 2), (4527, 2), (4542, 1), (4551, 1), (4558, 4), (4566, 3), (4576, 2), (4579, 2), (4584, 6), (4585, 2), (4586, 1), (4598, 2), (4604, 1), (4610, 1), (4613, 1), (4615, 1), (4617, 2), (4620, 2), (4636, 3), (4637, 4), (4641, 1), (4655, 1), (4664, 2), (4679, 1), (4684, 1), (4690, 1), (4693, 1), (4698, 2), (4731, 2), (4745, 2), (4754, 1), (4766, 1), (4767, 3), (4779, 24), (4788, 2), (4801, 3), (4811, 1), (4822, 1), (4828, 1), (4833, 1), (4837, 2), (4841, 1), (4854, 1), (4878, 2), (4881, 4), (4889, 1), (4918, 2), (4933, 1), (4934, 4), (4941, 2), (4959, 1), (4971, 10), (4980, 2), (4982, 1), (4983, 2), (4987, 4), (5018, 1), (5023, 1), (5027, 2), (5032, 1), (5042, 4), (5078, 1), (5085, 2), (5087, 36), (5091, 2), (5112, 1), (5115, 4), (5129, 1), (5144, 3), (5150, 3), (5160, 1), (5170, 2), (5177, 1), (5189, 1), (5194, 1), (5204, 1), (5207, 2), (5228, 1), (5231, 2), (5235, 1), (5239, 1), (5245, 1), (5255, 8), (5259, 2), (5265, 4), (5270, 1), (5295, 1), (5297, 1), (5299, 4), (5307, 1), (5310, 2), (5317, 1), (5329, 1), (5330, 4), (5343, 2), (5346, 1), (5374, 2), (5379, 1), (5382, 1), (5401, 1), (5410, 1), (5419, 2), (5425, 1), (5426, 1), (5431, 1), (5441, 1), (5450, 1), (5452, 1), (5455, 3), (5456, 2), (5463, 2), (5485, 1), (5493, 1), (5495, 1), (5506, 1), (5508, 1), (5519, 1), (5520, 1), (5524, 2), (5526, 2), (5538, 1), (5552, 1), (5554, 10), (5560, 1), (5561, 1), (5576, 1), (5581, 1), (5589, 2), (5596, 3), (5604, 2), (5614, 1), (5618, 2), (5624, 2), (5629, 2), (5633, 1), (5636, 1), (5637, 2), (5640, 6), (5644, 3), (5685, 2), (5693, 1), (5701, 1), (5707, 1), (5711, 2), (5722, 1), (5724, 2), (5751, 1), (5765, 2), (5779, 1), (5780, 1), (5795, 1), (5811, 1), (5814, 1), (5835, 1), (5840, 1), (5849, 1), (5850, 1), (5863, 1), (5885, 1), (5888, 2), (5914, 1), (5931, 3), (5937, 1), (5947, 1), (5966, 7), (6002, 2), (6003, 1), (6012, 1), (6019, 1), (6020, 1), (6027, 1), (6032, 4), (6036, 1), (6039, 1), (6040, 2), (6044, 2), (6045, 1), (6048, 2), (6060, 1), (6061, 2), (6095, 1), (6096, 3), (6105, 3), (6116, 1), (6123, 2), (6124, 1), (6128, 4), (6140, 1), (6142, 1), (6153, 2), (6165, 1), (6186, 1), (6189, 1), (6193, 1), (6194, 2), (6203, 1), (6210, 1), (6212, 3), (6228, 6), (6241, 2), (6261, 1), (6266, 2), (6269, 1), (6275, 1), (6278, 4), (6285, 1), (6313, 1), (6334, 1), (6350, 5), (6355, 1), (6364, 1), (6374, 2), (6376, 3), (6380, 1), (6381, 2), (6391, 8), (6421, 4), (6429, 2), (6440, 1), (6452, 1), (6467, 1), (6478, 1), (6483, 1), (6486, 1), (6490, 1), (6491, 1), (6496, 1), (6518, 1), (6521, 3), (6538, 4), (6576, 1), (6582, 1), (6586, 1), (6587, 2), (6598, 2), (6610, 2), (6636, 1), (6638, 2), (6641, 8), (6654, 1), (6655, 1), (6671, 1), (6693, 18), (6722, 3), (6741, 1), (6746, 2), (6752, 1), (6753, 2), (6758, 1), (6770, 1), (6776, 1), (6777, 1), (6778, 4), (6779, 2), (6780, 2), (6795, 6), (6801, 2), (6811, 1), (6816, 2), (6828, 1), (6829, 1), (6837, 1), (6843, 1), (6852, 1), (6863, 1), (6875, 2), (6876, 1), (6877, 2), (6895, 2), (6904, 3), (6906, 9), (6910, 3), (6914, 1), (6916, 1), (6926, 1), (6929, 2), (6933, 1), (6937, 1), (6943, 10), (6951, 1), (6982, 1), (6998, 4), (7006, 3), (7027, 1), (7030, 1), (7038, 1), (7046, 8), (7051, 2), (7070, 1), (7075, 1), (7076, 12), (7083, 1), (7090, 1), (7094, 1), (7103, 1), (7130, 2), (7131, 1), (7132, 3), (7133, 1), (7135, 1), (7136, 1), (7141, 1), (7156, 1), (7170, 2), (7177, 1), (7182, 1), (7202, 5), (7207, 6), (7216, 1), (7217, 2), (7219, 1), (7230, 1), (7262, 8), (7264, 1), (7267, 4), (7268, 1), (7277, 24), (7279, 1), (7282, 1), (7293, 1), (7304, 1), (7307, 1), (7313, 1), (7335, 2), (7340, 3), (7342, 3), (7345, 3), (7358, 1), (7364, 2), (7369, 1), (7381, 2), (7383, 1), (7390, 1), (7394, 3), (7396, 1), (7403, 1), (7419, 6), (7440, 5), (7443, 2), (7445, 1), (7448, 1), (7451, 33), (7468, 1), (7473, 2), (7482, 1), (7486, 1), (7492, 1), (7493, 3), (7496, 1), (7506, 2), (7514, 1), (7518, 1), (7525, 3), (7534, 1), (7540, 17), (7557, 2), (7561, 15), (7565, 1), (7574, 1), (7578, 1), (7581, 1), (7583, 3), (7592, 2), (7597, 3), (7624, 1), (7635, 1), (7640, 4), (7644, 4), (7660, 1), (7666, 1), (7667, 2), (7669, 1), (7697, 10), (7707, 1), (7712, 1), (7721, 9), (7724, 1), (7730, 1), (7740, 1), (7752, 3), (7765, 8), (7768, 1), (7785, 2), (7789, 1), (7800, 2), (7802, 3), (7815, 1), (7825, 3), (7829, 1), (7833, 2), (7834, 1), (7844, 2), (7849, 1), (7857, 1), (7867, 2), (7884, 1), (7895, 4), (7900, 4), (7906, 1), (7908, 1), (7930, 7), (7943, 3), (7949, 1), (7976, 16), (7983, 2), (7985, 2), (7994, 1), (7999, 1), (8011, 1), (8018, 4), (8023, 1), (8049, 1), (8058, 1), (8060, 1), (8063, 1), (8071, 2), (8099, 1), (8107, 3), (8124, 1), (8135, 1), (8139, 1), (8147, 1), (8150, 4), (8154, 1), (8163, 1), (8173, 1), (8203, 1), (8217, 1), (8233, 5), (8261, 2), (8273, 4), (8276, 3), (8288, 1), (8297, 1), (8303, 2), (8322, 1), (8327, 1), (8347, 1), (8355, 3), (8360, 2), (8369, 1), (8373, 6), (8380, 2), (8404, 1), (8409, 18), (8416, 2), (8431, 1), (8433, 1), (8461, 1), (8465, 3), (8473, 1), (8477, 2), (8481, 1), (8483, 1), (8492, 2), (8500, 1), (8502, 1), (8514, 1), (8517, 4), (8520, 3), (8540, 1), (8543, 2), (8545, 2), (8560, 11), (8568, 16), (8573, 2), (8577, 1), (8584, 1), (8587, 1), (8629, 5), (8635, 3), (8658, 6), (8690, 4), (8694, 1), (8702, 1), (8705, 2), (8709, 3), (8714, 1), (8715, 2), (8718, 2), (8745, 1), (8755, 2), (8760, 1), (8769, 1), (8772, 4), (8774, 1), (8788, 1), (8791, 1), (8800, 1), (8806, 1), (8809, 3), (8821, 2), (8822, 1), (8829, 1), (8839, 1), (8878, 1), (8913, 1), (8916, 2), (8917, 1), (8920, 2), (8957, 1), (8968, 1), (8985, 1), (8987, 1), (8996, 4), (9005, 9), (9007, 1), (9023, 1), (9025, 1), (9033, 1), (9035, 1), (9042, 1), (9043, 2), (9063, 1), (9066, 1), (9073, 1), (9075, 1), (9113, 1), (9130, 2), (9132, 1), (9137, 2), (9143, 1), (9161, 1), (9183, 2), (9201, 1), (9216, 1), (9217, 1), (9224, 2), (9226, 1), (9237, 4), (9241, 2), (9255, 1), (9258, 1), (9262, 2), (9263, 4), (9287, 3), (9290, 3), (9293, 1), (9301, 1), (9315, 3), (9324, 1), (9345, 3), (9353, 2), (9356, 1), (9373, 9), (9376, 10), (9379, 1), (9394, 4), (9398, 1), (9405, 2), (9408, 1), (9436, 2), (9438, 2), (9440, 3), (9442, 2), (9449, 2), (9455, 2), (9486, 1), (9501, 1), (9520, 6), (9544, 1), (9547, 2), (9550, 2), (9556, 2), (9577, 1), (9579, 4), (9582, 1), (9587, 2), (9594, 1), (9605, 1), (9623, 2), (9625, 1), (9638, 1), (9646, 1), (9656, 2), (9691, 1), (9696, 1), (9700, 3), (9720, 1), (9730, 1), (9741, 3), (9743, 4), (9750, 10), (9751, 1), (9759, 1), (9773, 1), (9796, 12), (9801, 1), (9807, 2), (9815, 3), (9820, 1), (9824, 5), (9825, 1), (9832, 1), (9846, 1), (9873, 3), (9888, 3), (9893, 4), (9905, 1), (9914, 1), (9922, 1), (9924, 1), (9928, 1), (9933, 1), (9948, 1), (9969, 1)
starta (DF: 1): (8778, 1)
startar (DF: 1): (6500, 1)
starten (DF: 1): (4256, 1)
starter (DF: 7): (669, 1), (868, 4), (3267, 2), (3521, 1), (7218, 1), (8564, 1), (9628, 1)
startin (DF: 22): (243, 7), (291, 1), (471, 1), (675, 2), (823, 1), (2068, 1), (2304, 1), (2634, 1), (2804, 1), (2831, 2), (2927, 1), (3930, 1), (4031, 1), (4059, 1), (4250, 1), (5050, 1), (5291, 1), (6150, 2), (6380, 1), (7751, 1), (7991, 1), (9262, 1)
startl (DF: 1): (1995, 1)
starts (DF: 1): (1461, 1)
startuj (DF: 1): (6754, 1)
starv (DF: 38): (69, 3), (306, 1), (404, 2), (658, 1), (841, 1), (1181, 1), (1553, 3), (1573, 6), (1792, 1), (1985, 1), (2244, 1), (2590, 2), (2660, 1), (2863, 1), (2960, 1), (3030, 1), (3034, 1), (4411, 1), (5483, 1), (5584, 1), (6380, 1), (6503, 1), (6512, 1), (6946, 1), (7032, 9), (7134, 1), (7419, 1), (7443, 2), (7776, 1), (7811, 1), (7901, 1), (8006, 1), (8088, 1), (8397, 1), (9035, 1), (9057, 1), (9546, 1), (9745, 1)
starvertrag (DF: 1): (5429, 1)
starvin (DF: 8): (134, 1), (1498, 3), (1805, 1), (3811, 1), (7696, 1), (9046, 1), (9646, 2), (9993, 1)
starzej (DF: 1): (6678, 1)
staser (DF: 2): (3316, 7), (7726, 1)
stash (DF: 48): (159, 1), (182, 1), (541, 1), (842, 1), (1354, 1), (1375, 8), (1704, 1), (1949, 1), (2010, 1), (2053, 1), (2084, 4), (2259, 1), (2278, 1), (2500, 1), (2619, 6), (2676, 1), (2795, 1), (2840, 20), (3084, 3), (3356, 1), (3486, 1), (3963, 1), (4259, 1), (4459, 1), (4523, 1), (4603, 1), (4762, 1), (4820, 2), (4905, 2), (4931, 1), (4956, 1), (6189, 1), (6990, 1), (7154, 1), (7515, 2), (7597, 1), (7690, 1), (7771, 1), (7945, 1), (7977, 1), (8060, 1), (8141, 1), (8172, 2), (8553, 2), (8756, 1), (8774, 1), (9134, 1), (9905, 1)
