favorit (DF: 95): (4299, 45), (4396, 3), (4404, 1), (4516, 1), (4595, 3), (4638, 1), (4712, 2), (4779, 12), (4788, 2), (4833, 1), (4834, 1), (4941, 1), (5068, 1), (5159, 1), (5207, 1), (5268, 1), (5323, 1), (5326, 2), (5523, 3), (5541, 1), (5575, 2), (5624, 2), (5701, 2), (5755, 1), (5772, 1), (5837, 1), (6060, 1), (6079, 2), (6082, 1), (6122, 4), (6222, 3), (6385, 1), (6420, 1), (6553, 1), (6571, 1), (6609, 8), (6659, 1), (6795, 3), (6917, 1), (7070, 1), (7248, 2), (7298, 2), (7312, 1), (7360, 1), (7441, 1), (7528, 4), (7638, 1), (7668, 1), (7752, 1), (7799, 13), (7815, 2), (7820, 1), (7863, 1), (7923, 1), (7940, 1), (7956, 2), (8135, 1), (8168, 1), (8199, 1), (8383, 1), (8439, 1), (8547, 1), (8570, 1), (8754, 1), (8830, 1), (8854, 1), (8896, 1), (8897, 6), (8917, 1), (8929, 1), (8948, 1), (9018, 1), (9019, 1), (9112, 6), (9175, 3), (9218, 3), (9228, 1), (9395, 1), (9447, 2), (9453, 1), (9476, 3), (9561, 2), (9565, 3), (9568, 1), (9676, 8), (9680, 2), (9719, 1), (9726, 4), (9792, 1), (9861, 1), (9887, 9), (9946, 1), (9992, 1), (7233, 1), (7234, 2)
favorita (DF: 1): (7049, 2)
favorito (DF: 1): (9981, 2)
favorzinho (DF: 1): (8363, 1)
favour (DF: 6): (928, 2), (4355, 1), (7884, 1), (8245, 2), (8834, 1), (9382, 4)
favourit (DF: 28): (759, 1), (1217, 1), (1378, 2), (1391, 1), (1597, 3), (1871, 1), (1937, 8), (2116, 1), (2223, 1), (2520, 1), (2559, 1), (2846, 1), (3077, 2), (3119, 3), (3232, 1), (3971, 1), (5409, 1), (5876, 1), (6097, 3), (6149, 1), (6780, 1), (6899, 1), (7046, 1), (7113, 1), (8666, 1), (8813, 1), (8962, 1), (8991, 1)
favr (DF: 1): (7222, 1)
faw (DF: 1): (1979, 3)
fawk (DF: 1): (2083, 1)
fax (DF: 3): (2498, 1), (5049, 2), (7983, 1)
fay (DF: 3): (270, 1), (686, 1), (2871, 1)
faybo (DF: 1): (5170, 2)
fayde (DF: 1): (6461, 1)
faygo (DF: 1): (1491, 3)
faz (DF: 31): (213, 1), (1072, 2), (1183, 1), (1659, 3), (1895, 1), (1979, 2), (2242, 1), (2631, 1), (2651, 6), (2680, 1), (2839, 2), (3692, 1), (3955, 1), (4167, 1), (5859, 1), (6234, 4), (6397, 1), (7211, 4), (7563, 2), (7649, 1), (7795, 3), (8113, 1), (8363, 1), (8938, 1), (8946, 1), (9087, 1), (9355, 2), (9494, 2), (9525, 2), (9876, 2), (9981, 2)
faze (DF: 3): (3562, 1), (8917, 6), (9617, 2)
fazem (DF: 2): (5859, 1), (6397, 2)
fazendo (DF: 13): (213, 2), (1183, 1), (2308, 9), (3007, 3), (3215, 1), (4167, 1), (5859, 5), (6804, 4), (8027, 10), (8052, 2), (8363, 3), (8938, 1), (8989, 5)
fazer (DF: 17): (60, 2), (1183, 1), (2631, 1), (2839, 1), (3007, 2), (3870, 2), (5859, 1), (7211, 2), (7563, 1), (7869, 1), (8113, 3), (8363, 6), (8989, 1), (9087, 8), (9120, 1), (9494, 1), (9860, 1)
fazi (DF: 2): (1655, 1), (8452, 2)
fazia (DF: 1): (7211, 1)
faça (DF: 2): (5606, 4), (9087, 3)
façad (DF: 1): (6104, 1)
faço (DF: 18): (1072, 1), (1183, 1), (1278, 1), (1659, 2), (2242, 1), (2651, 2), (3305, 2), (4016, 2), (5959, 1), (6234, 2), (6983, 1), (7211, 2), (7563, 1), (7795, 2), (8938, 2), (9120, 1), (9494, 3), (9981, 4)
façon (DF: 1): (4308, 1)
faëri (DF: 1): (7511, 1)
fb (DF: 2): (1913, 1), (7142, 1)
fbc (DF: 1): (3467, 1)
fbgm (DF: 1): (5567, 1)
fbi (DF: 2): (5494, 1), (6098, 1)
fbo (DF: 1): (1919, 1)
fcil (DF: 1): (439, 1)
fda (DF: 1): (2978, 1)
fdp (DF: 5): (438, 1), (1244, 1), (6341, 1), (7726, 1), (8198, 1)
fdvm (DF: 1): (9827, 1)
fe (DF: 25): (217, 3), (430, 6), (890, 1), (1022, 1), (1141, 1), (1411, 1), (1582, 1), (2878, 2), (3399, 2), (4404, 5), (4445, 1), (4560, 1), (5276, 1), (5801, 1), (5826, 1), (5883, 2), (6515, 3), (6883, 2), (7415, 1), (7646, 1), (7653, 2), (8026, 1), (8131, 1), (9384, 1), (9532, 1)
fea (DF: 3): (2936, 1), (4846, 1), (7354, 1)
feak (DF: 1): (8687, 1)
feald (DF: 1): (2354, 2)
fear (DF: 72): (26, 12), (72, 1), (147, 6), (183, 1), (196, 8), (205, 1), (222, 4), (289, 1), (310, 1), (359, 2), (407, 1), (425, 1), (455, 1), (475, 1), (560, 1), (585, 2), (591, 1), (597, 1), (616, 1), (643, 2), (661, 1), (671, 2), (699, 1), (701, 1), (729, 1), (732, 1), (745, 2), (864, 1), (876, 8), (903, 20), (947, 1), (955, 6), (959, 2), (979, 2), (1001, 3), (1009, 1), (1012, 1), (1130, 2), (1137, 1), (1202, 1), (1240, 2), (1372, 1), (1384, 1), (1401, 1), (1529, 12), (1593, 1), (1600, 1), (1638, 3), (1639, 1), (1710, 1), (1713, 1), (1716, 1), (1784, 1), (1877, 1), (1885, 6), (1915, 2), (1931, 1), (1961, 1), (1973, 2), (2002, 1), (2003, 1), (2015, 2), (2046, 1), (2060, 1), (2063, 1), (2097, 1), (2115, 1), (2120, 1), (2151, 1), (2154, 2), (2209, 1), (2222, 2)
