dumpti (DF: 1): (8528, 1)
dumudula (DF: 1): (4815, 1)
dun (DF: 10): (430, 3), (3444, 1), (5170, 8), (5949, 37), (6197, 1), (6206, 1), (8026, 7), (9905, 1), (4918, 1), (4919, 37)
dunc (DF: 1): (3444, 1)
dund (DF: 2): (4919, 1), (5949, 1)
dunde (DF: 1): (7339, 1)
dunduhduh (DF: 1): (7480, 3)
dundun (DF: 2): (4919, 5), (5949, 5)
dundundun (DF: 2): (4919, 1), (5949, 1)
dunduuuuuh (DF: 1): (7480, 3)
dune (DF: 2): (2266, 2), (9445, 1)
dung (DF: 2): (4985, 1), (9980, 2)
dunga (DF: 1): (149, 1)
dungare (DF: 3): (1896, 1), (1972, 1), (8009, 1)
dungeon (DF: 14): (407, 1), (469, 1), (825, 1), (1135, 1), (1196, 1), (1471, 1), (1766, 1), (2746, 1), (4069, 1), (5428, 1), (6296, 1), (6741, 1), (6819, 4), (7323, 1)
duni (DF: 1): (59, 1)
dunk (DF: 12): (121, 1), (1952, 2), (2359, 2), (5075, 1), (5463, 1), (5490, 1), (5570, 2), (6151, 1), (6375, 1), (7096, 1), (8331, 1), (8407, 1)
dunkel (DF: 5): (778, 1), (1616, 1), (2327, 1), (5429, 1), (6139, 2)
dunkelbunt (DF: 1): (4675, 1)
dunkelheit (DF: 1): (3599, 1)
dunkin (DF: 6): (2230, 1), (4150, 3), (6225, 2), (7591, 2), (8571, 1), (8959, 1)
dunkl (DF: 2): (1583, 4), (2496, 1)
dunlap (DF: 1): (4033, 1)
dunn (DF: 5): (1432, 1), (1616, 1), (5077, 1), (6835, 1), (7848, 1)
dunno (DF: 7): (2378, 1), (2692, 1), (4340, 2), (5319, 1), (6989, 2), (7889, 1), (8117, 6)
dunt (DF: 1): (5170, 4)
duo (DF: 23): (44, 2), (707, 1), (1519, 2), (1783, 2), (2235, 1), (2585, 6), (3358, 3), (3586, 2), (3609, 6), (3745, 1), (3903, 2), (3916, 1), (4404, 1), (5341, 2), (5745, 2), (6131, 2), (6681, 3), (6974, 1), (7183, 1), (7587, 1), (7904, 6), (8510, 12), (8866, 2)
duos (DF: 1): (2095, 4)
dup (DF: 5): (1918, 1), (4914, 36), (5214, 4), (7071, 1), (7356, 1)
dupa (DF: 3): (1825, 2), (4358, 1), (7356, 1)
duper (DF: 5): (952, 1), (2784, 1), (6162, 1), (7747, 3), (8995, 1)
dupi (DF: 6): (908, 1), (1825, 2), (1918, 1), (7071, 2), (7356, 1), (7916, 6)
duplic (DF: 4): (1922, 1), (3104, 8), (6594, 1), (7010, 1)
duplico (DF: 1): (2711, 1)
dupliqu (DF: 1): (8052, 2)
duppi (DF: 2): (4170, 1), (5947, 1)
dupre (DF: 1): (9000, 1)
dupri (DF: 2): (2733, 1), (8132, 2)
dupsko (DF: 2): (4914, 26), (7356, 1)
dur (DF: 145): (9, 1), (10, 2), (14, 18), (187, 2), (229, 1), (284, 2), (345, 2), (353, 1), (364, 6), (476, 1), (540, 1), (667, 1), (707, 2), (728, 1), (897, 1), (996, 2), (1004, 1), (1039, 3), (1300, 1), (1476, 2), (1519, 22), (1563, 95), (1668, 12), (1778, 1), (1786, 9), (1878, 1), (1907, 1), (1932, 1), (2014, 3), (2027, 1), (2043, 2), (2309, 1), (2342, 1), (2351, 2), (2530, 1), (2585, 6), (2604, 1), (2785, 1), (2814, 3), (2877, 1), (2972, 4), (3080, 1), (3090, 2), (3358, 1), (3586, 4), (3609, 2), (3669, 1), (3853, 2), (3875, 3), (3909, 1), (3916, 2), (3981, 1), (4011, 24), (4081, 6), (4193, 4), (4356, 2), (4434, 1), (4540, 2), (4560, 1), (4790, 1), (4909, 1), (4951, 1), (5017, 8), (5174, 2), (5352, 1), (5358, 1), (5473, 9), (5502, 2), (5547, 2), (5621, 8), (5745, 2), (5785, 3), (5883, 16), (5962, 1), (5990, 16), (6079, 16), (6131, 2), (6243, 1), (6279, 2), (6326, 1), (6399, 4), (6432, 1), (6514, 1), (6645, 2), (6651, 1), (6681, 2), (6705, 2), (6851, 2), (6872, 3), (6884, 4), (6909, 8), (6939, 1), (7016, 1), (7068, 2), (7082, 1), (7274, 2), (7281, 1), (7301, 2), (7508, 1), (7526, 2), (7586, 3), (7587, 1), (7646, 4), (7780, 1), (7837, 1), (7851, 1), (7904, 2), (7925, 2), (7989, 8), (8097, 6), (8116, 1), (8205, 1), (8218, 1), (8255, 1), (8278, 12), (8415, 8), (8466, 6), (8478, 16), (8580, 2), (8632, 1), (8728, 1), (8784, 2), (8866, 2), (8902, 1), (8945, 1), (8961, 2), (9039, 3), (9060, 3), (9070, 1), (9108, 2), (9196, 1), (9383, 1), (9568, 1), (9607, 1), (9688, 1), (9719, 3), (9762, 1), (9792, 2), (9819, 2), (9872, 1), (9906, 1), (9939, 1), (9974, 6), (2020, 1), (2021, 2)
dura (DF: 2): (5369, 2), (5569, 16)
duracel (DF: 1): (5316, 1)
durader (DF: 1): (6336, 1)
durag (DF: 2): (1552, 1), (4920, 1)
duran (DF: 6): (2115, 4), (2222, 4), (4293, 2), (4898, 2), (7433, 2), (9563, 2)
durand (DF: 1): (4656, 1)
durant (DF: 6): (5321, 1), (7441, 1), (7789, 1), (8819, 1), (9379, 1), (9875, 1)
durar (DF: 2): (3497, 1), (7649, 1)
durat (DF: 1): (4283, 1)
durch (DF: 1): (4318, 9)
durchatm (DF: 1): (1583, 1)
durchbrett (DF: 1): (7463, 1)
durchfickt (DF: 1): (397, 1)
durchgetrainiert (DF: 1): (1845, 1)
durchgewuhlt (DF: 1): (9999, 1)
durchloch (DF: 1): (8260, 1)
durchmess (DF: 1): (7463, 1)
durchzieh (DF: 1): (6748, 1)
