rammin (DF: 2): (5091, 1), (6870, 3)
rammstein (DF: 2): (1218, 1), (7693, 1)
ramo (DF: 1): (7944, 1)
ramon (DF: 2): (1677, 1), (6457, 2)
ramona (DF: 1): (3350, 1)
ramosstil (DF: 1): (3234, 2)
ramp (DF: 9): (195, 2), (2391, 2), (3116, 1), (3402, 3), (3909, 1), (5224, 1), (7084, 1), (9529, 1), (9576, 1)
rampag (DF: 2): (4684, 1), (8819, 1)
rampenlicht (DF: 1): (6748, 1)
ramsay (DF: 1): (7086, 2)
ramzi (DF: 1): (1347, 1)
ran (DF: 141): (26, 3), (321, 1), (427, 1), (483, 1), (525, 2), (544, 1), (551, 4), (673, 1), (682, 3), (737, 1), (841, 1), (862, 1), (898, 1), (983, 1), (1049, 1), (1120, 1), (1384, 1), (1538, 1), (1654, 1), (1697, 2), (1700, 1), (1720, 2), (1741, 1), (1824, 1), (1880, 1), (1899, 1), (1934, 1), (2060, 1), (2153, 1), (2177, 1), (2274, 1), (2472, 1), (2650, 5), (2672, 1), (2901, 1), (2978, 1), (3033, 1), (3284, 2), (3374, 1), (3383, 1), (3412, 2), (3440, 6), (3523, 6), (3540, 1), (3545, 2), (3744, 4), (3756, 1), (3790, 1), (4009, 1), (4032, 1), (4201, 3), (4319, 1), (4321, 1), (4503, 1), (4536, 2), (4573, 1), (4603, 1), (4629, 1), (4655, 2), (4679, 1), (4700, 5), (4718, 2), (4726, 1), (4743, 20), (4830, 1), (4833, 1), (4842, 3), (4877, 1), (4941, 1), (5044, 2), (5144, 3), (5287, 1), (5332, 2), (5340, 1), (5420, 4), (5459, 1), (5483, 1), (5524, 4), (5604, 1), (5666, 6), (5955, 1), (6050, 1), (6086, 1), (6135, 1), (6178, 1), (6262, 16), (6266, 1), (6274, 1), (6352, 1), (6390, 1), (6402, 2), (6479, 16), (6567, 4), (6599, 2), (6618, 1), (6683, 1), (6693, 6), (6723, 2), (6765, 1), (6780, 1), (6843, 2), (7094, 1), (7139, 1), (7156, 1), (7207, 2), (7247, 1), (7320, 3), (7360, 1), (7447, 1), (7448, 1), (7462, 1), (7488, 1), (7633, 1), (7696, 1), (7721, 8), (7844, 2), (7882, 1), (8040, 1), (8141, 1), (8155, 2), (8302, 2), (8320, 6), (8338, 2), (8370, 1), (8575, 1), (8597, 1), (8622, 1), (8650, 1), (8819, 1), (9057, 1), (9082, 1), (9269, 1), (9486, 1), (9493, 3), (9590, 1), (9627, 1), (9742, 5), (9761, 1), (9766, 4), (9866, 2), (9888, 1)
rana (DF: 3): (1825, 8), (4761, 1), (8509, 1)
ranch (DF: 7): (1556, 6), (2031, 7), (3603, 1), (6503, 1), (7464, 1), (7863, 1), (9228, 1)
rancher (DF: 3): (2972, 6), (3152, 1), (5170, 2)
rancho (DF: 1): (792, 1)
randal (DF: 2): (2211, 1), (2256, 2)
randalesi (DF: 1): (2328, 1)
randalph (DF: 1): (6302, 1)
randi (DF: 7): (3247, 2), (3948, 1), (4421, 4), (6813, 2), (7696, 1), (8167, 3), (9576, 1)
randki (DF: 1): (8509, 1)
random (DF: 53): (363, 1), (442, 1), (589, 1), (1432, 1), (1507, 1), (1605, 1), (1774, 1), (1861, 1), (3218, 1), (3561, 1), (3563, 1), (3565, 1), (3765, 1), (3938, 1), (3951, 1), (4237, 1), (4249, 1), (4622, 1), (4687, 1), (4885, 1), (4971, 1), (5277, 1), (5332, 1), (5507, 1), (5723, 1), (5947, 1), (6236, 1), (6268, 1), (6812, 1), (6908, 1), (7115, 1), (7120, 1), (7132, 1), (7465, 1), (7811, 1), (8016, 1), (8062, 1), (8069, 1), (8174, 1), (8215, 1), (8284, 1), (8475, 1), (8674, 1), (8768, 1), (8950, 1), (9077, 1), (9129, 1), (9143, 1), (9249, 1), (9312, 1), (9354, 1), (9468, 2), (9985, 1)
randy (DF: 10): (354, 2), (412, 6), (1061, 2), (1476, 2), (3916, 3), (6651, 2), (7166, 1), (8116, 1), (8454, 2), (9428, 3)
randyth (DF: 2): (5031, 8), (9710, 8)
ranem (DF: 1): (250, 2)
ranfl (DF: 2): (276, 1), (3351, 1)
rang (DF: 79): (69, 3), (221, 1), (265, 2), (324, 1), (369, 1), (490, 1), (672, 1), (792, 2), (1029, 1), (1203, 6), (1457, 3), (1550, 4), (1741, 3), (1780, 1), (1904, 1), (1952, 2), (2014, 3), (2084, 1), (2143, 3), (2607, 1), (2638, 1), (2692, 1), (2706, 1), (2831, 1), (2847, 1), (3026, 1), (3251, 1), (3293, 3), (3565, 1), (3796, 1), (3811, 1), (3813, 1), (4046, 2), (4059, 1), (4136, 4), (4421, 4), (4651, 1), (4686, 1), (4743, 1), (4767, 1), (4859, 1), (4947, 1), (4974, 1), (5199, 1), (5445, 1), (5450, 1), (5582, 1), (5909, 1), (5968, 1), (6032, 1), (6092, 2), (6164, 1), (6197, 2), (6206, 2), (6226, 1), (6266, 1), (6457, 2), (6462, 1), (6613, 1), (6742, 1), (7134, 3), (7448, 1), (7671, 1), (7960, 1), (7977, 1), (8235, 1), (8434, 2), (8470, 2), (8551, 1), (8653, 1), (8784, 2), (9125, 1), (9154, 1), (9251, 1), (9267, 1), (9408, 1), (9567, 1), (9633, 1), (9998, 1)
rangeand (DF: 1): (3427, 1)
rangedtp (DF: 1): (2899, 1)
ranger (DF: 4): (2116, 1), (3712, 1), (4218, 1), (5340, 1)
rangewatch (DF: 1): (7960, 1)
rangin (DF: 3): (1559, 2), (4182, 1), (4572, 1)
rani (DF: 7): (1197, 1), (1598, 1), (1655, 1), (3660, 5), (6007, 2), (7318, 2), (8423, 2)
rank (DF: 20): (408, 1), (650, 1), (723, 4), (2561, 4), (4148, 1), (4522, 1), (5310, 2), (5379, 1), (6265, 1), (6569, 1), (7226, 1), (7339, 1), (7690, 1), (7900, 1), (8231, 1), (8493, 1), (8531, 1), (8825, 1), (9579, 2), (9923, 1)
rankia (DF: 2): (44, 1), (5341, 1)
rankomm (DF: 1): (3466, 1)
ranks (DF: 1): (1563, 1)
rano (DF: 2): (1655, 4), (6678, 2)
ransack (DF: 1): (2326, 1)
ransom (DF: 14): (2001, 1), (3571, 5), (3681, 7), (4558, 14), (4646, 1), (4727, 1), (4897, 1), (6244, 1), (7132, 2), (7464, 1), (7908, 2), (8102, 4), (8103, 7), (8532, 1)
rant (DF: 3): (1205, 1), (3774, 2), (6698, 2)
ranx (DF: 1): (1924, 1)
rap (DF: 2141): (13, 3), (21, 4), (22, 1), (23, 1), (24, 1), (26, 3), (27, 1), (40, 4), (47, 3), (49, 1), (51, 3), (53, 1), (55, 1), (61, 1), (63, 1), (68, 2), (70, 1), (72, 1), (74, 2), (79, 1), (80, 1), (81, 1), (87, 1), (92, 1), (104, 1), (109, 1), (110, 1), (118, 1), (121, 3), (124, 1), (125, 1), (143, 1), (149, 2), (151, 5), (153, 1), (154, 2), (155, 1), (159, 3), (163, 2), (168, 1), (172, 1), (178, 9), (179, 3), (181, 1), (182, 3), (183, 1), (187, 1), (197, 1), (198, 4), (200, 3), (202, 1), (204, 1), (213, 1), (217, 1), (220, 1), (221, 1), (222, 4), (229, 2), (235, 1), (245, 1), (246, 5), (248, 1), (250, 1), (253, 1), (262, 1), (268, 1), (270, 2), (275, 1), (276, 3), (278, 1), (282, 1), (283, 2), (284, 1), (285, 1), (303, 4), (306, 1), (307, 1), (317, 1), (322, 1), (324, 3), (331, 1), (332, 1), (337, 1), (339, 4), (347, 1), (349, 1), (350, 2), (353, 1), (357, 1), (365, 2), (366, 1), (369, 1), (388, 1), (397, 5), (400, 1), (405, 1), (407, 2), (409, 1), (417, 6), (434, 3), (437, 1), (440, 1), (441, 1), (444, 1), (446, 1), (452, 1), (455, 3), (465, 1), (471, 4), (477, 1), (480, 1), (483, 4), (484, 3), (486, 2), (488, 1), (490, 2), (493, 5), (524, 1), (525, 1), (528, 1), (540, 1), (548, 1), (558, 4), (562, 3), (563, 2), (564, 1), (574, 1), (579, 4), (581, 4), (586, 3), (595, 2), (598, 2), (599, 1), (606, 2), (609, 1), (624, 2), (631, 1), (637, 1), (642, 2), (643, 1), (646, 1), (658, 2), (660, 1), (661, 1), (667, 1), (672, 2), (675, 2), (676, 3), (681, 3), (684, 1), (689, 2), (691, 1), (692, 1), (693, 2), (696, 1), (698, 1), (702, 3), (711, 1), (731, 1), (732, 1), (737, 1), (740, 3), (751, 1), (753, 3), (759, 1), (775, 1), (778, 1), (782, 3), (794, 1), (800, 2), (801, 2), (802, 1), (804, 1), (808, 1), (815, 1), (822, 1), (823, 4), (824, 1), (829, 3), (841, 4), (842, 5), (846, 1), (858, 2), (862, 5), (874, 1), (875, 1), (878, 1), (880, 3), (884, 1), (892, 1), (904, 1), (908, 1), (909, 1), (910, 1), (913, 1), (915, 3), (920, 1), (922, 1), (924, 2), (925, 5), (928, 1), (938, 1), (946, 1), (949, 1), (952, 3), (963, 1), (964, 1), (966, 4), (975, 1), (980, 1), (988, 1), (993, 1), (994, 1), (996, 1), (1008, 1), (1011, 2), (1013, 1), (1016, 1), (1021, 3), (1022, 4), (1029, 1), (1031, 2), (1032, 3), (1034, 1), (1036, 4), (1038, 1), (1045, 1), (1046, 1), (1050, 1), (1058, 1), (1059, 1), (1060, 1), (1064, 1), (1072, 1), (1084, 1), (1090, 1), (1091, 2), (1092, 1), (1094, 1), (1098, 1), (1114, 2), (1122, 1), (1124, 3), (1132, 3), (1135, 5), (1136, 2), (1139, 1), (1143, 2), (1144, 2), (1147, 1), (1152, 1), (1157, 3), (1164, 4), (1174, 1), (1176, 3), (1177, 3), (1178, 2), (1183, 1), (1196, 3), (1197, 1), (1200, 1), (1211, 1), (1213, 1), (1214, 1), (1215, 1), (1216, 1), (1217, 11), (1218, 3), (1219, 1), (1221, 1), (1223, 1), (1226, 1), (1233, 4), (1238, 3), (1243, 1), (1244, 3), (1249, 2), (1253, 2), (1263, 2), (1275, 1), (1276, 1), (1282, 1), (1293, 1), (1296, 1), (1304, 2), (1313, 1), (1315, 1), (1319, 3), (1328, 3), (1336, 3), (1343, 1), (1344, 3), (1351, 2), (1354, 3), (1358, 1), (1367, 3), (1369, 1), (1374, 11), (1375, 1), (1391, 1), (1409, 1), (1410, 6), (1412, 1), (1414, 1), (1424, 2), (1425, 1), (1430, 4), (1431, 1), (1436, 1), (1439, 1), (1441, 1), (1453, 1), (1456, 1), (1465, 2), (1469, 1), (1471, 4), (1474, 1), (1477, 4), (1484, 3), (1485, 1), (1490, 1), (1491, 3), (1497, 1), (1498, 2), (1501, 1), (1504, 1), (1512, 4), (1513, 1), (1515, 2), (1521, 1), (1531, 1), (1536, 3), (1545, 1), (1547, 1), (1550, 1), (1552, 3), (1554, 1), (1555, 1), (1558, 2), (1560, 1), (1564, 1), (1565, 1), (1574, 2), (1575, 3), (1579, 1), (1582, 2), (1583, 3), (1588, 1), (1594, 1), (1622, 3), (1625, 1), (1631, 1), (1643, 2), (1648, 1), (1649, 1), (1653, 1), (1654, 4), (1655, 1), (1657, 1), (1661, 1), (1671, 3), (1674, 3), (1677, 1), (1682, 1), (1685, 1), (1686, 1), (1692, 2), (1697, 1), (1699, 4), (1700, 1), (1704, 1), (1706, 3), (1708, 1), (1710, 1), (1712, 3), (1715, 4), (1716, 1), (1717, 2), (1718, 3), (1730, 1), (1731, 1), (1736, 1), (1757, 2), (1760, 2), (1766, 1), (1773, 4), (1775, 4), (1778, 1), (1783, 5), (1790, 1), (1801, 1), (1805, 2), (1820, 1), (1825, 1), (1829, 2), (1833, 1), (1834, 4), (1835, 1), (1837, 1), (1844, 4), (1845, 11), (1847, 3), (1849, 2), (1850, 1), (1856, 1), (1870, 1), (1880, 1), (1881, 1), (1891, 1), (1895, 1), (1900, 1), (1902, 7), (1918, 1), (1919, 3), (1922, 1), (1926, 1), (1935, 1), (1941, 3), (1952, 1), (1954, 1), (1956, 3), (1975, 1), (1977, 3), (1979, 1), (1984, 1), (1987, 1), (1990, 4), (1995, 1), (1999, 1), (2000, 1), (2002, 1), (2004, 1), (2006, 1), (2018, 2), (2026, 1), (2028, 3), (2031, 1), (2032, 1), (2033, 1), (2039, 2), (2045, 1), (2050, 3), (2051, 1), (2052, 4), (2053, 3), (2056, 1), (2057, 1), (2058, 2), (2069, 1), (2070, 1), (2075, 5), (2076, 3), (2078, 3), (2081, 1), (2083, 1), (2084, 4), (2086, 2), (2091, 1), (2096, 1), (2100, 1), (2104, 4), (2110, 1), (2112, 1), (2116, 1), (2125, 1), (2133, 2), (2143, 1), (2145, 1), (2146, 1), (2147, 2), (2154, 1), (2160, 1), (2164, 3), (2170, 4), (2176, 4), (2177, 2), (2178, 1), (2194, 7), (2198, 4), (2208, 1), (2211, 1), (2220, 1), (2221, 1), (2223, 1), (2228, 3), (2230, 2), (2231, 1), (2235, 1), (2242, 1), (2251, 2), (2254, 2), (2255, 1), (2259, 1), (2260, 1), (2268, 1), (2269, 1), (2276, 3), (2278, 1), (2280, 1), (2294, 3), (2299, 1), (2305, 3), (2315, 1), (2316, 2), (2320, 1), (2322, 2), (2328, 3), (2329, 1), (2332, 1), (2333, 1), (2336, 1), (2339, 1), (2343, 1), (2347, 1), (2354, 1), (2356, 1), (2357, 3), (2359, 1), (2369, 1), (2376, 1), (2377, 1), (2383, 1), (2397, 1), (2403, 1), (2405, 1), (2411, 3), (2422, 1), (2423, 1), (2425, 1), (2439, 1), (2440, 3), (2442, 3), (2448, 1), (2461, 1), (2462, 1), (2463, 3), (2466, 1), (2467, 2), (2472, 3), (2477, 4), (2482, 1), (2483, 1), (2484, 1), (2487, 5), (2489, 3), (2493, 1), (2494, 1), (2500, 3), (2520, 1), (2527, 3), (2529, 1), (2530, 3), (2531, 14), (2540, 1), (2541, 1), (2545, 1), (2552, 3), (2561, 1), (2562, 1), (2563, 1), (2566, 1), (2567, 1), (2573, 3), (2574, 3), (2584, 1), (2592, 2), (2594, 2), (2607, 3), (2612, 3), (2616, 1), (2619, 1), (2624, 3), (2628, 4), (2631, 1), (2634, 1), (2636, 1), (2637, 5), (2644, 1), (2646, 2), (2648, 1), (2649, 1), (2650, 3), (2651, 1), (2656, 1), (2660, 4), (2662, 1), (2669, 1), (2671, 1), (2676, 3), (2677, 1), (2680, 1), (2687, 1), (2691, 1), (2692, 1), (2706, 1), (2711, 1), (2723, 1), (2729, 4), (2732, 1), (2733, 1), (2735, 2), (2739, 1), (2746, 4), (2747, 1), (2759, 2), (2760, 1), (2762, 1), (2765, 3), (2767, 4), (2771, 3), (2776, 4), (2778, 1), (2782, 1), (2792, 3), (2797, 1), (2801, 3), (2804, 1), (2813, 1), (2820, 1), (2821, 2), (2822, 3), (2826, 1), (2828, 1), (2829, 1), (2832, 2), (2833, 1), (2840, 4), (2842, 1), (2843, 1), (2847, 1), (2850, 1), (2855, 1), (2865, 1), (2872, 4), (2880, 2), (2881, 3), (2884, 1), (2887, 2), (2895, 3), (2896, 2), (2899, 2), (2906, 1), (2908, 1), (2910, 1), (2913, 1), (2923, 3), (2936, 1), (2951, 1), (2952, 2), (2957, 3), (2964, 1), (2967, 3), (3005, 1), (3007, 1), (3009, 3), (3018, 3), (3019, 3), (3033, 1), (3045, 2), (3048, 3), (3054, 1), (3063, 1), (3064, 2), (3068, 2), (3075, 3), (3076, 1), (3080, 3), (3082, 1), (3083, 1), (3084, 1), (3091, 2), (3100, 2), (3101, 3), (3104, 1), (3108, 3), (3110, 3), (3112, 1), (3117, 1), (3123, 7), (3127, 4), (3133, 2), (3137, 1), (3147, 1), (3152, 1), (3161, 1), (3163, 1), (3169, 4), (3174, 3), (3179, 1), (3180, 1), (3183, 1), (3184, 2), (3186, 5), (3199, 1), (3201, 1), (3205, 1), (3206, 1), (3211, 1), (3213, 1), (3214, 1), (3215, 1), (3216, 3), (3219, 1), (3232, 1), (3234, 1), (3238, 1), (3248, 1), (3249, 1), (3251, 2), (3253, 3), (3257, 1), (3268, 1), (3269, 3), (3272, 5), (3288, 1), (3293, 1), (3298, 4), (3300, 2), (3310, 1), (3350, 1), (3351, 1), (3353, 1), (3356, 2), (3364, 2), (3374, 1), (3381, 3), (3383, 3), (3395, 1), (3408, 1), (3409, 1), (3420, 2), (3422, 2), (3424, 2), (3428, 3), (3432, 1), (3437, 3), (3439, 4), (3440, 1), (3444, 1), (3445, 1), (3460, 2), (3462, 3), (3466, 3), (3467, 1), (3471, 2), (3474, 1), (3479, 1), (3480, 3), (3483, 2), (3484, 1), (3485, 3), (3487, 1), (3489, 1), (3498, 1), (3502, 4), (3507, 1), (3510, 3), (3513, 2), (3519, 1), (3521, 3), (3522, 1), (3525, 1), (3527, 2), (3529, 1), (3538, 1), (3543, 4), (3545, 3), (3555, 1), (3557, 1), (3562, 1), (3565, 2), (3568, 1), (3569, 1), (3570, 3), (3571, 1), (3581, 3), (3582, 3), (3589, 3), (3590, 1), (3591, 2), (3594, 2), (3597, 4), (3598, 3), (3601, 1), (3602, 1), (3603, 1), (3612, 1), (3619, 1), (3624, 1), (3628, 2), (3631, 1), (3652, 3), (3665, 1), (3680, 1), (3686, 1), (3708, 6), (3722, 1), (3726, 5), (3731, 1), (3732, 1), (3739, 1), (3741, 2), (3744, 1), (3745, 1), (3755, 1), (3759, 1), (3768, 1), (3773, 1), (3774, 1), (3776, 2), (3781, 2), (3783, 4), (3789, 4), (3790, 2), (3800, 3), (3802, 4), (3803, 3), (3804, 3), (3811, 1), (3813, 2), (3821, 1), (3822, 1), (3826, 1), (3830, 1), (3835, 2), (3838, 1), (3839, 1), (3849, 3), (3850, 1), (3867, 2), (3875, 1), (3879, 1), (3880, 1), (3881, 1), (3892, 1), (3902, 3), (3904, 2), (3909, 1), (3910, 1), (3913, 1), (3915, 1), (3923, 2), (3924, 3), (3930, 1), (3932, 3), (3941, 3), (3949, 1), (3962, 3), (3963, 1), (3979, 2), (3984, 3), (3988, 1), (3993, 3), (3996, 1), (3999, 1), (4004, 3), (4009, 4), (4011, 8), (4016, 1), (4019, 1), (4026, 1), (4027, 2), (4028, 1), (4030, 1), (4032, 8), (4042, 2), (4044, 1), (4045, 2), (4054, 1), (4059, 1), (4062, 4), (4069, 1), (4070, 4), (4072, 4), (4091, 1), (4100, 3), (4106, 1), (4121, 4), (4124, 3), (4125, 2), (4127, 1), (4128, 3), (4143, 1), (4148, 2), (4150, 4), (4152, 1), (4163, 1), (4165, 1), (4167, 1), (4170, 4), (4185, 1), (4188, 2), (4190, 3), (4192, 1), (4196, 1), (4197, 1), (4210, 3), (4211, 1), (4213, 1), (4218, 4), (4222, 4), (4226, 3), (4244, 1), (4246, 1), (4250, 1), (4261, 2), (4267, 1), (4274, 1), (4279, 1), (4282, 2), (4287, 1), (4288, 4), (4289, 1), (4295, 2), (4297, 1), (4298, 1), (4300, 1), (4303, 1), (4308, 1), (4311, 1), (4315, 1), (4318, 3), (4319, 1), (4326, 1), (4327, 4), (4339, 2), (4341, 2), (4345, 2), (4347, 1), (4355, 2), (4356, 1), (4357, 1), (4358, 1), (4360, 1), (4361, 2), (4364, 1), (4365, 1), (4374, 2), (4376, 1), (4377, 4), (4381, 1), (4387, 3), (4405, 1), (4407, 1), (4410, 4), (4411, 4), (4421, 1), (4425, 1), (4433, 1), (4437, 1), (4440, 1), (4444, 1), (4452, 3), (4460, 1), (4468, 1), (4469, 1), (4479, 2), (4490, 2), (4493, 1), (4494, 1), (4497, 3), (4501, 1), (4503, 3), (4504, 1), (4515, 1), (4518, 1), (4525, 1), (4532, 1), (4533, 1), (4543, 1), (4544, 1), (4547, 1), (4552, 3), (4556, 3), (4558, 1), (4560, 3), (4561, 1), (4569, 1), (4575, 1), (4576, 1), (4582, 1), (4585, 1), (4587, 1), (4597, 1), (4603, 4), (4604, 1), (4609, 1), (4612, 3), (4614, 1), (4620, 1), (4627, 2), (4628, 1), (4629, 1), (4641, 3), (4645, 3), (4651, 1), (4661, 1), (4664, 1), (4669, 3), (4671, 3), (4680, 1), (4681, 1), (4684, 1), (4686, 2), (4690, 3), (4693, 1), (4704, 1), (4705, 1), (4706, 1), (4714, 2), (4731, 1), (4734, 3), (4739, 1), (4743, 4), (4745, 1), (4746, 3), (4752, 1), (4761, 1), (4766, 3), (4767, 3), (4770, 1), (4777, 1), (4784, 1), (4788, 1), (4792, 1), (4793, 1), (4794, 1), (4803, 1), (4807, 1), (4811, 1), (4814, 3), (4816, 3), (4818, 1), (4820, 1), (4827, 1), (4831, 1), (4833, 1), (4844, 1), (4851, 1), (4852, 2), (4859, 1), (4864, 1), (4866, 5), (4874, 1), (4876, 1), (4877, 4), (4880, 1), (4887, 3), (4889, 1), (4895, 1), (4903, 3), (4907, 3), (4912, 1), (4914, 1), (4916, 1), (4918, 4), (4933, 1), (4938, 1), (4941, 3), (4942, 1), (4944, 1), (4947, 2), (4956, 1), (4963, 1), (4967, 1), (4971, 3), (4972, 1), (4982, 1), (4985, 1), (4991, 1), (4992, 1), (4995, 2), (4998, 1), (5008, 1), (5011, 1), (5014, 3), (5018, 1), (5030, 1), (5031, 1), (5032, 1), (5035, 1), (5037, 3), (5040, 1), (5041, 1), (5045, 3), (5049, 6), (5050, 1), (5051, 4), (5055, 1), (5056, 2), (5065, 1), (5066, 1), (5068, 2), (5072, 1), (5075, 5), (5076, 1), (5078, 1), (5082, 1), (5085, 1), (5088, 3), (5091, 1), (5092, 1), (5107, 5), (5109, 1), (5110, 1), (5116, 1), (5120, 1), (5126, 1), (5133, 3), (5137, 1), (5149, 4), (5152, 4), (5156, 1), (5158, 1), (5168, 1), (5170, 1), (5173, 1), (5190, 1), (5199, 1), (5206, 4), (5209, 1), (5212, 1), (5214, 1), (5217, 1), (5218, 1), (5225, 3), (5228, 2), (5232, 1), (5249, 1), (5251, 2), (5252, 1), (5253, 2), (5258, 1), (5260, 1), (5261, 2), (5267, 1), (5275, 2), (5286, 3), (5296, 1), (5298, 1), (5299, 1), (5309, 3), (5312, 4), (5313, 3), (5314, 3), (5334, 1), (5340, 1), (5345, 1), (5347, 1), (5349, 4), (5350, 1), (5352, 1), (5358, 2), (5362, 1), (5363, 4), (5367, 1), (5370, 2), (5382, 4), (5392, 1), (5396, 1), (5401, 3), (5409, 1), (5426, 4), (5429, 3), (5434, 3), (5436, 1), (5438, 2), (5456, 1), (5457, 1), (5459, 1), (5460, 1), (5463, 1), (5467, 1), (5478, 4), (5483, 4), (5484, 3), (5493, 3), (5494, 2), (5495, 1), (5496, 1), (5506, 3), (5512, 1), (5513, 5), (5516, 4), (5525, 1), (5535, 3), (5555, 1), (5559, 4), (5567, 4), (5570, 1), (5576, 1), (5577, 3), (5581, 3), (5582, 1), (5583, 2), (5584, 1), (5587, 1), (5588, 1), (5592, 1), (5596, 3), (5605, 2), (5606, 1), (5608, 1), (5610, 3), (5622, 1), (5623, 2), (5628, 2), (5633, 1), (5641, 3), (5645, 1), (5647, 1), (5663, 1), (5667, 1), (5674, 1), (5682, 3), (5691, 4), (5692, 3), (5697, 1), (5702, 1), (5715, 4), (5716, 4), (5719, 1), (5725, 3), (5728, 1), (5729, 3), (5734, 2), (5735, 1), (5743, 2), (5766, 3), (5773, 3), (5774, 2), (5775, 3), (5779, 3), (5780, 4), (5782, 1), (5786, 1), (5792, 4), (5794, 3), (5806, 2), (5811, 1), (5813, 1), (5818, 1), (5820, 1), (5824, 1), (5828, 1), (5830, 1), (5838, 1), (5840, 1), (5842, 4), (5851, 1), (5859, 1), (5861, 1), (5862, 3), (5865, 3), (5872, 4), (5876, 1), (5879, 3), (5890, 3), (5907, 2), (5909, 3), (5918, 1), (5937, 1), (5941, 3), (5943, 1), (5946, 1), (5954, 1), (5955, 2), (5957, 1), (5959, 1), (5961, 3), (5967, 1), (5968, 5), (5974, 3), (5979, 2), (5981, 1), (5983, 1), (5991, 3), (5992, 1), (5994, 1), (6000, 1), (6007, 1), (6008, 1), (6011, 1), (6012, 1), (6019, 1), (6024, 1), (6026, 2), (6032, 3), (6033, 1), (6040, 1), (6043, 3), (6046, 4), (6061, 2), (6064, 1), (6071, 2), (6077, 1), (6086, 3), (6087, 1), (6092, 1), (6095, 3), (6096, 1), (6109, 1), (6118, 4), (6138, 1), (6139, 3), (6141, 1), (6142, 1), (6144, 3), (6146, 1), (6149, 1), (6151, 1), (6154, 1), (6157, 3), (6164, 1), (6165, 1), (6168, 1), (6185, 1), (6189, 3), (6203, 1), (6214, 2), (6217, 1), (6219, 1), (6220, 1), (6225, 1), (6226, 1), (6234, 1), (6238, 3), (6243, 1), (6248, 1), (6249, 2), (6251, 3), (6252, 1), (6253, 1), (6258, 1), (6259, 1), (6265, 3), (6266, 1), (6269, 2), (6271, 1), (6272, 1), (6273, 1), (6279, 3), (6280, 1), (6287, 2), (6289, 1), (6292, 2), (6296, 1), (6304, 1), (6314, 1), (6319, 1), (6322, 2), (6327, 2), (6342, 1), (6350, 3), (6367, 1), (6375, 1), (6377, 1), (6380, 3), (6388, 1), (6390, 1), (6392, 3), (6397, 1), (6403, 1), (6414, 1), (6422, 1), (6430, 1), (6441, 1), (6442, 1), (6443, 2), (6450, 2), (6452, 1), (6457, 1), (6458, 1), (6461, 1), (6464, 1), (6472, 3), (6475, 1), (6478, 1), (6485, 1), (6500, 1), (6508, 2), (6513, 1), (6524, 1), (6527, 1), (6531, 1), (6542, 1), (6543, 2), (6558, 1), (6560, 2), (6563, 3), (6568, 1), (6569, 4), (6571, 1), (6572, 1), (6573, 1), (6578, 4), (6583, 1), (6585, 4), (6600, 3), (6602, 1), (6607, 4), (6610, 3), (6613, 1), (6620, 4), (6623, 2), (6627, 3), (6631, 1), (6636, 1), (6638, 2), (6641, 1), (6644, 2), (6649, 1), (6651, 1), (6667, 5), (6674, 2), (6678, 1), (6691, 1), (6699, 1), (6721, 1), (6723, 3), (6727, 2), (6728, 1), (6732, 1), (6734, 2), (6738, 1), (6741, 1), (6742, 1), (6746, 1), (6748, 6), (6751, 3), (6754, 1), (6755, 1), (6757, 1), (6761, 2), (6763, 1), (6767, 1), (6768, 1), (6771, 2), (6774, 1), (6777, 2), (6780, 2), (6784, 3), (6788, 3), (6799, 1), (6800, 1), (6804, 1), (6809, 4), (6810, 1), (6813, 1), (6817, 3), (6818, 1), (6819, 1), (6829, 1), (6835, 6), (6837, 1), (6840, 1), (6844, 1), (6846, 1), (6847, 1), (6853, 1), (6859, 1), (6862, 3), (6867, 1), (6871, 1), (6872, 1), (6876, 1), (6883, 1), (6887, 1), (6889, 1), (6895, 1), (6899, 1), (6902, 2), (6909, 1), (6910, 1), (6913, 1), (6914, 3), (6923, 1), (6926, 1), (6929, 1), (6937, 1), (6948, 1), (6953, 3), (6961, 1), (6967, 3), (6970, 1), (6971, 1), (6983, 1), (6999, 2), (7000, 1), (7001, 1), (7004, 1), (7006, 2), (7009, 3), (7017, 1), (7019, 1), (7020, 2), (7024, 1), (7028, 1), (7043, 1), (7046, 1), (7047, 3), (7051, 3), (7054, 1), (7060, 4), (7070, 1), (7071, 1), (7073, 4), (7074, 1), (7077, 2), (7090, 1), (7096, 5), (7098, 1), (7102, 1), (7103, 1), (7104, 2), (7105, 2), (7106, 3), (7113, 1), (7121, 1), (7123, 2), (7130, 3), (7133, 1), (7134, 4), (7136, 2), (7151, 1), (7154, 3), (7159, 5), (7163, 1), (7173, 1), (7177, 1), (7178, 1), (7181, 1), (7182, 3), (7189, 1), (7191, 1), (7192, 2), (7197, 1), (7198, 1), (7200, 2), (7204, 1), (7207, 3), (7209, 1), (7211, 1), (7213, 1), (7218, 3), (7226, 3), (7227, 1), (7231, 1), (7235, 1), (7237, 3), (7247, 2), (7249, 1), (7250, 1), (7256, 1), (7258, 1), (7266, 2), (7270, 1), (7272, 3), (7278, 3), (7279, 1), (7288, 1), (7290, 1), (7292, 1), (7297, 1), (7298, 1), (7302, 1), (7304, 1), (7306, 1), (7313, 1), (7316, 1), (7319, 1), (7320, 1), (7334, 1), (7337, 1), (7339, 1), (7344, 1), (7348, 3), (7349, 4), (7351, 1), (7356, 1), (7360, 1), (7367, 1), (7369, 3), (7373, 1), (7387, 3), (7392, 1), (7397, 2), (7411, 3), (7415, 1), (7436, 1), (7441, 1), (7442, 1), (7443, 3), (7448, 3), (7451, 2), (7454, 3), (7459, 1), (7463, 4), (7464, 3), (7466, 1), (7469, 3), (7473, 1), (7474, 1), (7479, 3), (7480, 1), (7485, 1), (7492, 1), (7495, 1), (7504, 1), (7516, 3), (7517, 1), (7518, 2), (7520, 1), (7528, 1), (7538, 3), (7540, 2), (7544, 2), (7550, 5), (7554, 3), (7559, 1), (7563, 1), (7570, 1), (7574, 1), (7584, 1), (7586, 16), (7591, 1), (7593, 2), (7601, 1), (7607, 2), (7634, 3), (7635, 1), (7646, 5), (7649, 2), (7650, 1), (7661, 1), (7662, 1), (7671, 2), (7673, 1), (7677, 1), (7678, 1), (7684, 1), (7685, 1), (7690, 5), (7691, 3), (7694, 1), (7696, 3), (7700, 4), (7707, 1), (7720, 3), (7721, 2), (7745, 3), (7748, 1), (7749, 1), (7751, 3), (7752, 1), (7754, 1), (7758, 1), (7771, 3), (7772, 1), (7778, 2), (7787, 3), (7788, 1), (7789, 2), (7800, 4), (7806, 3), (7808, 1), (7820, 1), (7829, 1), (7836, 1), (7844, 1), (7847, 1), (7851, 1), (7857, 1), (7860, 2), (7862, 1), (7863, 4), (7869, 1), (7884, 1), (7889, 4), (7891, 1), (7892, 1), (7901, 1), (7908, 3), (7916, 1), (7922, 4), (7924, 1), (7935, 1), (7943, 1), (7944, 3), (7945, 3), (7948, 1), (7953, 1), (7960, 1), (7969, 3), (7973, 1), (7977, 3), (7983, 4), (7989, 1), (7991, 1), (7996, 1), (7999, 1), (8002, 1), (8004, 1), (8009, 1), (8019, 3), (8026, 1), (8027, 1), (8036, 1), (8039, 1), (8040, 2), (8046, 1), (8052, 1), (8055, 1), (8060, 2), (8063, 3), (8065, 1), (8071, 4), (8079, 2), (8087, 1), (8091, 1), (8097, 2), (8103, 3), (8107, 1), (8113, 2), (8116, 1), (8122, 1), (8124, 1), (8128, 1), (8131, 1), (8132, 1), (8133, 1), (8135, 1), (8141, 3), (8142, 1), (8148, 4), (8156, 1), (8167, 1), (8168, 1), (8170, 4), (8172, 3), (8181, 1), (8183, 3), (8186, 1), (8187, 1), (8190, 2), (8198, 1), (8199, 1), (8204, 1), (8205, 3), (8209, 1), (8210, 1), (8219, 1), (8220, 2), (8225, 1), (8228, 1), (8229, 1), (8231, 2), (8233, 1), (8234, 3), (8235, 2), (8237, 1), (8238, 2), (8240, 1), (8242, 3), (8244, 1), (8247, 3), (8248, 2), (8249, 1), (8254, 1), (8255, 3), (8256, 1), (8259, 2), (8260, 3), (8264, 3), (8269, 2), (8278, 1), (8311, 4), (8316, 1), (8319, 3), (8325, 1), (8336, 3), (8338, 1), (8340, 1), (8343, 2), (8347, 1), (8352, 1), (8358, 2), (8363, 3), (8367, 1), (8369, 1), (8373, 1), (8381, 1), (8383, 2), (8387, 4), (8394, 1), (8397, 2), (8407, 2), (8410, 1), (8416, 3), (8419, 2), (8433, 3), (8434, 1), (8438, 1), (8440, 4), (8445, 4), (8452, 1), (8455, 1), (8456, 2), (8467, 3), (8468, 1), (8470, 1), (8471, 1), (8472, 1), (8473, 1), (8489, 1), (8493, 2), (8496, 3), (8498, 4), (8509, 1), (8510, 3), (8518, 4), (8524, 1), (8532, 8), (8534, 1), (8536, 2), (8547, 1), (8548, 1), (8551, 3), (8554, 2), (8555, 1), (8559, 1), (8561, 1), (8563, 1), (8564, 2), (8566, 1), (8569, 1), (8570, 4), (8571, 2), (8574, 1), (8575, 1), (8577, 3), (8579, 4), (8580, 1), (8592, 2), (8593, 3), (8596, 3), (8597, 1), (8601, 3), (8603, 2), (8604, 6), (8609, 1), (8611, 1), (8613, 1), (8614, 4), (8615, 1), (8629, 1), (8641, 1), (8642, 1), (8662, 1), (8666, 1), (8668, 3), (8669, 4), (8670, 3), (8676, 1), (8678, 3), (8693, 1), (8694, 1), (8705, 2), (8710, 1), (8717, 1), (8722, 1), (8725, 1), (8726, 3), (8728, 1), (8733, 1), (8736, 1), (8740, 1), (8745, 2), (8751, 1), (8752, 1), (8755, 3), (8756, 2), (8768, 1), (8774, 3), (8777, 1), (8778, 1), (8779, 1), (8780, 1), (8784, 1), (8785, 1), (8787, 2), (8803, 1), (8805, 1), (8811, 1), (8812, 1), (8813, 1), (8817, 1), (8818, 3), (8822, 2), (8825, 3), (8830, 2), (8842, 2), (8850, 2), (8852, 2), (8854, 1), (8862, 1), (8882, 1), (8883, 1), (8884, 1), (8902, 1), (8903, 3), (8915, 1), (8916, 1), (8919, 1), (8921, 3), (8923, 1), (8929, 1), (8938, 1), (8941, 1), (8945, 1), (8959, 1), (8960, 1), (8974, 3), (8976, 3), (8982, 1), (8987, 3), (8989, 1), (8995, 4), (8999, 1), (9000, 1), (9007, 1), (9010, 3), (9016, 3), (9032, 4), (9033, 1), (9036, 2), (9041, 1), (9043, 1), (9046, 3), (9049, 1), (9054, 1), (9057, 4), (9059, 1), (9060, 1), (9061, 3), (9070, 1), (9073, 1), (9079, 1), (9085, 1), (9093, 1), (9100, 1), (9102, 2), (9108, 1), (9115, 1), (9116, 3), (9119, 1), (9124, 1), (9132, 1), (9134, 1), (9138, 1), (9140, 2), (9143, 1), (9147, 1), (9152, 3), (9160, 1), (9162, 1), (9166, 1), (9173, 1), (9183, 3), (9185, 1), (9191, 1), (9194, 5), (9199, 3), (9209, 1), (9211, 1), (9212, 1), (9217, 1), (9226, 2), (9228, 1), (9231, 1), (9236, 3), (9240, 1), (9245, 1), (9251, 1), (9252, 1), (9256, 2), (9257, 1), (9262, 7), (9263, 1), (9273, 1), (9278, 3), (9283, 1), (9290, 1), (9301, 4), (9302, 1), (9309, 1), (9315, 3), (9318, 1), (9322, 4), (9324, 1), (9325, 1), (9326, 1), (9331, 3), (9332, 5), (9333, 1), (9334, 1), (9343, 1), (9347, 1), (9348, 1), (9355, 1), (9356, 1), (9357, 1), (9361, 1), (9368, 2), (9377, 1), (9379, 1), (9387, 1), (9393, 1), (9396, 1), (9410, 1), (9419, 2), (9422, 1), (9430, 3), (9431, 4), (9435, 1), (9442, 3), (9446, 1), (9451, 1), (9457, 3), (9469, 1), (9479, 4), (9493, 1), (9494, 1), (9498, 2), (9509, 2), (9515, 1), (9519, 1), (9521, 1), (9523, 1), (9527, 3), (9532, 1), (9538, 1), (9540, 1), (9548, 1), (9567, 1), (9569, 1), (9572, 1), (9576, 1), (9579, 1), (9580, 1), (9590, 1), (9593, 3), (9606, 1), (9625, 1), (9627, 1), (9628, 1), (9633, 1), (9634, 1), (9637, 1), (9640, 1), (9646, 1), (9647, 1), (9648, 2), (9649, 1), (9651, 1), (9657, 1), (9660, 1), (9666, 1), (9668, 1), (9676, 1), (9685, 1), (9688, 14), (9692, 1), (9695, 1), (9697, 4), (9701, 1), (9709, 1), (9713, 1), (9725, 1), (9728, 3), (9729, 1), (9730, 1), (9742, 1), (9751, 1), (9752, 3), (9758, 1), (9759, 1), (9760, 2), (9763, 3), (9767, 1), (9781, 1), (9785, 1), (9788, 3), (9794, 1), (9795, 1), (9796, 1), (9797, 2), (9812, 1), (9816, 1), (9818, 1), (9820, 3), (9823, 1), (9830, 1), (9833, 1), (9837, 1), (9838, 1), (9845, 1), (9846, 1), (9850, 1), (9853, 1), (9860, 1), (9861, 1), (9864, 1), (9866, 1), (9870, 3), (9871, 2), (9873, 1), (9875, 1), (9876, 1), (9879, 1), (9884, 1), (9886, 2), (9894, 1), (9905, 1), (9919, 1), (9929, 1), (9933, 1), (9936, 1), (9944, 2), (9946, 4), (9951, 1), (9953, 1), (9959, 1), (9960, 1), (9965, 2), (9966, 1), (9974, 1), (9982, 1), (9993, 3), (9995, 1), (9996, 1)
rapad (DF: 1): (4985, 1)
rapand (DF: 2): (4784, 3), (5489, 1)
rapapaboy (DF: 1): (6438, 1)
rapat (DF: 1): (1834, 1)
rapcaviar (DF: 26): (168, 1), (181, 1), (268, 1), (350, 1), (696, 1), (824, 1), (1038, 1), (1375, 1), (3440, 1), (3557, 1), (3680, 1), (5583, 1), (6644, 1), (6910, 1), (7004, 1), (7235, 1), (7290, 1), (7292, 1), (7298, 1), (8004, 1), (8167, 1), (8740, 1), (8803, 1), (9124, 1), (9290, 1), (9933, 1)
rapclips (DF: 1): (7411, 1)
rape (DF: 15): (642, 1), (1856, 1), (2076, 2), (2174, 1), (2316, 1), (2836, 3), (3050, 6), (3335, 1), (4151, 3), (5518, 1), (5857, 2), (5862, 1), (7060, 2), (7130, 1), (7182, 1)
raper (DF: 21): (371, 1), (417, 1), (1296, 1), (1424, 1), (2316, 1), (2739, 1), (4288, 2), (4405, 1), (4780, 1), (4914, 4), (5358, 1), (5436, 2), (5495, 1), (5786, 1), (7415, 1), (7508, 1), (7863, 1), (8255, 1), (9079, 1), (9196, 2), (9252, 1)
rapera (DF: 1): (7356, 1)
raperów (DF: 1): (6754, 1)
rapflow (DF: 2): (5691, 1), (6620, 1)
rapflows (DF: 1): (4004, 1)
rapgenius (DF: 1): (8768, 1)
raph (DF: 1): (5851, 1)
raphael (DF: 3): (4899, 1), (7156, 1), (7257, 1)
raphaella (DF: 1): (8266, 2)
raphaël (DF: 1): (9070, 1)
rapid (DF: 6): (490, 1), (2669, 1), (3457, 3), (4104, 1), (7721, 1), (8264, 1)
rapidin (DF: 1): (3364, 1)
rapidito (DF: 1): (4465, 2)
rapier (DF: 1): (4111, 1)
rapin (DF: 2): (2636, 1), (6631, 2)
rapist (DF: 2): (3759, 2), (5961, 1)
rapot (DF: 1): (8210, 1)
rapp (DF: 43): (151, 1), (246, 2), (283, 1), (347, 1), (484, 1), (493, 1), (1218, 1), (1238, 1), (1244, 1), (1484, 1), (1715, 7), (1845, 1), (2463, 2), (2656, 1), (2881, 1), (3048, 2), (3108, 2), (3123, 1), (4124, 2), (4515, 2), (4816, 1), (4992, 1), (5049, 3), (5149, 1), (5459, 1), (5493, 1), (5559, 1), (5577, 5), (5775, 1), (5786, 2), (5955, 1), (6026, 4), (6139, 3), (6748, 1), (6835, 1), (7278, 4), (7720, 1), (7863, 1), (7922, 2), (7983, 1), (8498, 1), (9540, 1), (9788, 2)
rappa (DF: 1): (751, 1)
rappel (DF: 2): (34, 1), (3213, 1)
rapper (DF: 129): (121, 2), (154, 1), (183, 1), (248, 26), (282, 2), (357, 1), (446, 2), (563, 1), (574, 2), (616, 1), (691, 1), (808, 1), (829, 1), (924, 1), (925, 1), (1021, 1), (1028, 1), (1036, 1), (1060, 3), (1196, 1), (1216, 1), (1374, 1), (1564, 1), (1648, 1), (1710, 1), (1712, 2), (1790, 3), (1834, 3), (1972, 2), (1995, 1), (2000, 1), (2045, 1), (2223, 1), (2357, 1), (2607, 1), (2669, 1), (2832, 1), (3019, 1), (3156, 1), (3180, 2), (3184, 2), (3268, 3), (3310, 2), (3487, 1), (3513, 1), (3521, 1), (3527, 1), (3549, 1), (3594, 1), (3597, 1), (3628, 1), (3753, 1), (3789, 1), (3843, 1), (3993, 3), (4028, 1), (4107, 1), (4122, 1), (4165, 1), (4188, 2), (4222, 5), (4244, 1), (4295, 1), (4327, 1), (4341, 1), (4420, 2), (4652, 1), (4669, 1), (4690, 1), (4739, 2), (4837, 2), (4864, 1), (4874, 1), (5032, 1), (5065, 1), (5199, 1), (5334, 1), (5370, 1), (5478, 3), (5567, 1), (5774, 1), (5837, 1), (6032, 1), (6403, 1), (6447, 1), (6641, 1), (6755, 1), (6766, 1), (6913, 1), (7070, 1), (7096, 2), (7214, 1), (7218, 1), (7220, 2), (7235, 1), (7451, 1), (7550, 1), (7574, 1), (7650, 2), (7654, 1), (7751, 1), (7775, 1), (7806, 1), (7812, 2), (8009, 1), (8235, 2), (8325, 1), (8347, 1), (8358, 1), (8418, 1), (8528, 1), (8551, 1), (8554, 5), (8579, 1), (8592, 1), (8676, 3), (8725, 4), (8811, 1), (8825, 1), (8960, 1), (9000, 1), (9032, 3), (9301, 1), (9315, 1), (9576, 1), (9688, 2), (9816, 1), (9905, 1), (9946, 2)
rapperaan (DF: 1): (8510, 1)
rappermull (DF: 2): (5691, 1), (6620, 1)
rappeur (DF: 3): (540, 1), (598, 1), (7922, 1)
rappid (DF: 1): (5085, 1)
rappin (DF: 41): (324, 2), (343, 3), (1147, 1), (1196, 2), (1216, 1), (1319, 1), (1336, 1), (1436, 2), (1995, 2), (2039, 1), (2104, 4), (2241, 1), (2563, 2), (2607, 1), (2809, 1), (3156, 1), (3428, 1), (3485, 1), (4044, 1), (4327, 1), (4420, 1), (4533, 1), (4681, 1), (4837, 1), (5357, 1), (5463, 1), (5581, 1), (5893, 1), (5968, 1), (5981, 1), (6363, 1), (6447, 2), (6475, 1), (7028, 6), (7474, 1), (7751, 1), (8354, 1), (8592, 1), (9000, 1), (9646, 1), (9946, 1)
rapping (DF: 1): (7028, 8)
rapport (DF: 2): (1021, 1), (6008, 1)
rappst (DF: 2): (3123, 2), (8247, 1)
rappt (DF: 3): (1244, 1), (1715, 1), (4816, 1)
rapresent (DF: 1): (4004, 1)
rapsodi (DF: 3): (2482, 1), (6704, 1), (6763, 1)
