kolorowi (DF: 1): (7344, 1)
kolors (DF: 2): (2059, 1), (7837, 1)
kolorujesz (DF: 1): (9085, 12)
kolumbian (DF: 1): (9457, 1)
kolumbijski (DF: 1): (1918, 2)
kolè (DF: 1): (8210, 1)
kom (DF: 23): (43, 9), (175, 4), (812, 12), (852, 1), (1432, 1), (2260, 1), (3591, 1), (3748, 1), (3864, 1), (4256, 2), (4607, 2), (4665, 9), (5917, 2), (6008, 1), (6126, 4), (6641, 2), (7077, 4), (7397, 1), (7519, 1), (8564, 6), (9049, 8), (9425, 3), (9648, 3)
koma (DF: 3): (484, 1), (1928, 1), (5382, 1)
komando (DF: 1): (4318, 1)
kombat (DF: 2): (3010, 1), (6655, 1)
kombi (DF: 4): (6748, 1), (7411, 4), (7770, 1), (9704, 1)
komen (DF: 5): (812, 1), (6008, 1), (6184, 1), (7421, 1), (8831, 1)
komfort (DF: 1): (7603, 2)
kominiarc (DF: 1): (9162, 1)
komm (DF: 66): (246, 3), (483, 1), (484, 1), (493, 1), (681, 2), (778, 3), (1218, 2), (1238, 1), (1484, 2), (1654, 1), (1771, 3), (2050, 1), (2100, 2), (2170, 4), (2194, 1), (2463, 1), (2574, 1), (2637, 1), (2729, 1), (3048, 6), (3067, 1), (3409, 1), (3437, 1), (3462, 4), (3466, 4), (3570, 2), (3849, 1), (3932, 1), (3962, 2), (4192, 1), (4387, 2), (4743, 2), (4816, 1), (4989, 2), (4998, 1), (5049, 1), (5051, 1), (5149, 1), (5206, 1), (5214, 1), (5382, 4), (5429, 3), (5559, 1), (5577, 1), (5775, 1), (5890, 5), (6139, 2), (6238, 7), (6430, 1), (6600, 3), (6748, 1), (7278, 9), (7373, 1), (7463, 9), (7720, 4), (7983, 3), (8260, 2), (8311, 2), (8498, 4), (8670, 1), (8678, 2), (8932, 1), (8999, 2), (9199, 1), (9236, 3), (9788, 4)
komma (DF: 1): (7428, 2)
kommandant (DF: 1): (4743, 1)
kommando (DF: 1): (5775, 1)
kommer (DF: 5): (2018, 1), (2152, 6), (4714, 1), (7077, 8), (9498, 1)
kommt (DF: 27): (484, 1), (493, 1), (778, 2), (1244, 1), (1715, 1), (1845, 1), (2078, 4), (2327, 1), (2328, 1), (2574, 1), (2637, 2), (2729, 1), (3381, 1), (3437, 1), (3466, 1), (3849, 1), (4318, 1), (4816, 1), (5051, 1), (5493, 4), (5559, 1), (5890, 1), (6026, 2), (6139, 1), (8340, 1), (9199, 1), (9795, 4)
kommunismus (DF: 1): (9941, 4)
komodo (DF: 1): (4490, 1)
komplett (DF: 4): (681, 1), (2729, 1), (3932, 1), (6600, 1)
komplex (DF: 2): (7463, 2), (9236, 2)
kompliziert (DF: 1): (7479, 1)
komponierst (DF: 1): (1218, 1)
kompran (DF: 1): (8210, 1)
kompressor (DF: 1): (5751, 1)
kompromiss (DF: 1): (484, 1)
komt (DF: 6): (2729, 1), (3748, 1), (4665, 15), (6008, 2), (6184, 8), (8418, 1)
komu (DF: 1): (6678, 1)
kon (DF: 4): (175, 1), (8210, 2), (8716, 1), (9336, 7)
konami (DF: 1): (4651, 1)
konan (DF: 2): (2192, 1), (5370, 1)
koncerci (DF: 2): (908, 2), (7836, 1)
koncerti (DF: 1): (7916, 1)
konci (DF: 1): (6007, 1)
kondru (DF: 1): (3471, 1)
kondzilla (DF: 1): (8363, 1)
konet (DF: 1): (8210, 2)
konflikti (DF: 1): (1825, 2)
kong (DF: 23): (0, 1), (155, 3), (871, 1), (1414, 1), (1454, 1), (1489, 1), (2476, 1), (2604, 1), (3108, 1), (4043, 1), (4563, 1), (4681, 1), (5674, 1), (5779, 1), (6224, 1), (7130, 1), (7622, 1), (7747, 1), (8001, 2), (8316, 1), (8335, 2), (8373, 3), (8853, 1)
kongekron (DF: 1): (7397, 1)
koni (DF: 1): (4359, 1)
koniec (DF: 4): (4761, 1), (7313, 1), (7356, 1), (7836, 1)
konig (DF: 3): (2194, 1), (6835, 1), (7521, 1)
konigsaura (DF: 1): (6835, 2)
konigskett (DF: 2): (3480, 1), (9788, 1)
konjo (DF: 1): (5711, 4)
konk (DF: 1): (4043, 2)
konkurrent (DF: 1): (493, 1)
konkurrenz (DF: 2): (1715, 1), (6835, 2)
konn (DF: 4): (1244, 1), (3108, 1), (5429, 1), (6238, 9)
konnichiwa (DF: 2): (5055, 8), (8343, 1)
konnt (DF: 5): (1758, 2), (4743, 1), (6026, 4), (6600, 1), (8498, 1)
konsequent (DF: 2): (1715, 1), (6835, 1)
konsistenz (DF: 1): (6835, 1)
konstant (DF: 1): (3466, 1)
konsti (DF: 2): (1176, 4), (6600, 1)
konsumi (DF: 2): (1238, 3), (2881, 1)
kont (DF: 1): (9595, 1)
konta (DF: 2): (4358, 1), (6457, 1)
kontakt (DF: 2): (2574, 1), (6238, 1)
kontakten (DF: 1): (7200, 1)
kontant (DF: 1): (8564, 1)
kontinental (DF: 1): (6835, 1)
konto (DF: 3): (7344, 3), (9199, 1), (9336, 1)
kontos (DF: 1): (1238, 1)
kontostand (DF: 1): (8247, 1)
kontroll (DF: 2): (3462, 5), (4816, 1)
kontrolli (DF: 1): (2574, 1)
kontrolliert (DF: 1): (2535, 1)
kontrowersji (DF: 1): (8509, 1)
konvict (DF: 6): (1805, 1), (3059, 1), (4037, 1), (5168, 1), (7785, 1), (8338, 2)
konzentriert (DF: 1): (5890, 1)
konzert (DF: 1): (8247, 3)
koo (DF: 1): (5087, 12)
koochi (DF: 1): (8026, 1)
koof (DF: 2): (6157, 1), (7969, 1)
kook (DF: 4): (971, 1), (5819, 1), (7733, 1), (8068, 1)
kooki (DF: 1): (9784, 1)
kookt (DF: 1): (1619, 1)
kool (DF: 25): (121, 1), (642, 1), (1243, 2), (1249, 1), (2132, 1), (2223, 1), (2399, 2), (2781, 1), (4830, 2), (4889, 13), (5299, 1), (6296, 1), (6490, 1), (6560, 1), (6696, 1), (6791, 2), (6964, 1), (7123, 1), (8219, 1), (8293, 2), (8380, 1), (8825, 1), (9063, 1), (9486, 1), (9784, 1)
koon (DF: 1): (4319, 1)
koop (DF: 1): (852, 1)
koosnaampj (DF: 1): (1077, 2)
kop (DF: 4): (1432, 1), (7077, 3), (7421, 1), (9425, 1)
kopf (DF: 28): (151, 1), (246, 4), (483, 1), (484, 1), (1654, 1), (1845, 5), (2050, 2), (2078, 1), (2463, 1), (2637, 3), (2881, 1), (3466, 1), (3849, 2), (3962, 12), (3984, 3), (4318, 4), (5051, 1), (5214, 1), (5429, 2), (5493, 1), (6430, 12), (7278, 7), (7287, 17), (7983, 1), (8340, 5), (8829, 1), (8999, 3), (9999, 1)
kopfch (DF: 1): (1715, 1)
kopffick (DF: 3): (2050, 1), (5429, 1), (9236, 1)
kopfgeldjag (DF: 1): (4004, 1)
kopfnuss (DF: 1): (3123, 1)
kopfschuss (DF: 1): (4743, 1)
kopi (DF: 3): (1218, 1), (1583, 1), (1845, 1)
kopierst (DF: 1): (3123, 1)
kopiert (DF: 1): (8498, 1)
koppen (DF: 1): (8418, 4)
koppijn (DF: 1): (9425, 1)
koprolali (DF: 1): (2496, 10)
kora (DF: 1): (8510, 1)
korb (DF: 2): (4387, 1), (4859, 4)
kordon (DF: 1): (1825, 2)
korea (DF: 2): (4298, 1), (7697, 2)
