mine (DF: 97): (292, 2), (293, 1), (369, 1), (370, 15), (387, 1), (388, 1), (607, 1), (611, 6), (969, 2), (970, 1), (1673, 1), (1674, 2), (1718, 1), (1719, 1), (1725, 2), (1726, 1), (2128, 2), (2132, 1), (2416, 4), (2419, 2), (2421, 20), (2506, 1), (2508, 1), (2547, 2), (2548, 2), (3020, 1), (3022, 3), (3279, 1), (3281, 2), (3323, 2), (3325, 2), (3425, 1), (3426, 1), (3871, 1), (3872, 1), (3934, 1), (3935, 1), (4130, 10), (4132, 1), (4137, 2), (4139, 3), (4232, 70), (4233, 1), (4254, 4), (4255, 1), (4303, 1), (4304, 6), (4485, 1), (4486, 5), (4714, 1), (4715, 2), (5001, 2), (5003, 1), (5536, 2), (5537, 1), (5711, 4), (5712, 2), (6172, 2), (6173, 2), (6344, 2), (6345, 1), (6696, 1), (6697, 1), (6727, 1), (6728, 1), (6988, 1), (6989, 1), (7271, 2), (7275, 2), (7369, 1), (7370, 1), (7662, 1), (7663, 1), (7882, 1), (7884, 1), (8291, 1), (8293, 2), (8408, 2), (8410, 1), (8640, 2), (8641, 4), (8721, 3), (8723, 1), (8933, 4), (8934, 1), (9030, 1), (9031, 3), (9228, 1), (9229, 3), (9276, 4), (9277, 1), (9393, 2), (9394, 2), (9984, 1), (9985, 11), (9991, 1), (9992, 1)
mineira (DF: 1): (9279, 1)
miner (DF: 4): (4036, 2), (4508, 1), (6746, 1), (6934, 2)
minesweep (DF: 2): (5691, 1), (6620, 1)
mineur (DF: 1): (4197, 1)
miney (DF: 1): (3927, 19)
ming (DF: 2): (5463, 1), (8278, 2)
mingl (DF: 7): (1294, 1), (4690, 1), (5482, 2), (5529, 1), (8620, 1), (9432, 1), (9512, 1)
minha (DF: 46): (60, 3), (213, 4), (1183, 4), (1415, 18), (1659, 2), (1787, 8), (1895, 2), (1979, 9), (2242, 1), (2539, 4), (2680, 4), (2711, 8), (2833, 2), (2839, 4), (3215, 6), (3305, 2), (3364, 4), (3692, 2), (3838, 5), (4016, 5), (5007, 1), (5011, 1), (5606, 1), (5719, 2), (5959, 8), (6234, 4), (6289, 5), (6397, 3), (6804, 4), (7211, 4), (7563, 2), (7649, 3), (7869, 2), (8027, 16), (8052, 9), (8574, 1), (8938, 3), (9087, 6), (9396, 8), (9494, 2), (9525, 1), (9637, 1), (9812, 2), (9876, 1), (5859, 2), (5860, 1)
mini (DF: 34): (250, 1), (357, 1), (398, 1), (485, 1), (988, 1), (1074, 1), (2048, 1), (2201, 1), (2500, 1), (2923, 1), (3360, 1), (3993, 3), (4285, 2), (4551, 1), (4629, 1), (4770, 4), (4914, 4), (5065, 1), (5410, 1), (5445, 2), (6445, 1), (6462, 2), (6751, 1), (6832, 4), (7166, 2), (7266, 1), (7370, 1), (7953, 2), (8994, 3), (9161, 1), (9358, 1), (9408, 1), (9589, 1), (9825, 1)
minibar (DF: 2): (9135, 1), (9788, 3)
miniclip (DF: 1): (8231, 1)
minifald (DF: 1): (6917, 1)
minigolf (DF: 1): (9788, 1)
minim (DF: 13): (1485, 1), (3439, 1), (4261, 1), (5082, 1), (5099, 18), (5388, 1), (5756, 1), (6682, 1), (6874, 1), (7490, 1), (9283, 2), (9359, 1), (9638, 1)
minimal (DF: 2): (5206, 1), (5493, 1)
minimi (DF: 1): (2739, 1)
minimum (DF: 13): (264, 1), (478, 2), (4669, 1), (4679, 1), (5144, 3), (5199, 1), (7134, 1), (7574, 1), (7748, 1), (8670, 2), (9217, 1), (9290, 3), (9870, 1)
minin (DF: 1): (3865, 1)
minion (DF: 1): (1739, 1)
minirock (DF: 1): (9788, 1)
miniskirt (DF: 1): (9751, 1)
minist (DF: 2): (650, 1), (8531, 1)
minitruckin (DF: 38): (27, 1), (441, 1), (924, 1), (1783, 1), (1820, 1), (1995, 1), (1999, 1), (2002, 1), (2039, 1), (2332, 1), (2687, 1), (3238, 1), (3251, 1), (3601, 1), (3988, 1), (4279, 1), (4664, 1), (4788, 1), (4889, 1), (4933, 1), (5037, 1), (5309, 1), (6024, 1), (6168, 1), (6761, 1), (6853, 1), (6923, 1), (7017, 1), (7451, 1), (7635, 1), (7751, 1), (8561, 1), (8780, 1), (9379, 1), (9751, 1), (9794, 1), (9873, 1), (9965, 1)
minivan (DF: 1): (1336, 1)
mink (DF: 29): (772, 2), (1801, 1), (1812, 1), (2026, 1), (2177, 1), (2565, 1), (2939, 1), (3037, 1), (3100, 1), (3170, 1), (3507, 1), (3598, 1), (3854, 1), (3991, 1), (4956, 1), (5354, 1), (5516, 3), (5879, 1), (5909, 1), (6728, 1), (7537, 1), (7654, 1), (7991, 1), (8132, 1), (8248, 1), (8745, 2), (8830, 1), (9784, 1), (9933, 2)
minnesota (DF: 4): (2366, 1), (3594, 1), (4535, 1), (7977, 1)
minni (DF: 4): (397, 1), (2865, 3), (4989, 1), (7186, 3)
mino (DF: 1): (6802, 1)
minolta (DF: 1): (8319, 1)
minor (DF: 12): (1175, 1), (1922, 1), (2957, 1), (3444, 1), (3597, 1), (4015, 1), (5983, 3), (7217, 2), (7227, 1), (8003, 1), (8630, 1), (8903, 1)
minsan (DF: 2): (0, 1), (4910, 3)
mint (DF: 22): (420, 1), (2719, 1), (3288, 1), (3715, 2), (4011, 4), (4207, 1), (4236, 1), (4267, 1), (4282, 1), (4797, 2), (5006, 1), (5224, 1), (6414, 1), (6529, 1), (6928, 2), (7260, 2), (8097, 1), (8182, 4), (8931, 1), (9128, 1), (9606, 1), (9633, 1)
minti (DF: 1): (4527, 1)
mintiendot (DF: 1): (7258, 1)
