assist (DF: 13): (1995, 1), (2256, 1), (3025, 1), (3879, 1), (3991, 1), (4339, 1), (4880, 1), (7051, 1), (7232, 1), (8203, 1), (9007, 1), (9290, 1), (9356, 1)
assistir (DF: 1): (6234, 1)
associ (DF: 7): (591, 1), (4165, 1), (5345, 1), (6098, 7), (6558, 1), (7323, 1), (7685, 1)
assort (DF: 2): (5924, 1), (8229, 1)
assum (DF: 23): (563, 1), (647, 1), (804, 1), (1833, 1), (2028, 1), (2039, 1), (2117, 1), (2677, 4), (3146, 1), (3161, 1), (3238, 1), (3278, 2), (3429, 1), (3655, 1), (3971, 1), (4360, 3), (4446, 1), (5658, 3), (5947, 1), (7530, 1), (8560, 1), (8655, 1), (9922, 1)
assument (DF: 1): (676, 1)
assumin (DF: 2): (5225, 1), (9875, 1)
assumir (DF: 3): (1072, 1), (8941, 1), (9355, 1)
assumo (DF: 1): (8941, 4)
assunto (DF: 2): (9087, 1), (9355, 2)
assur (DF: 17): (990, 2), (1381, 1), (1394, 1), (1856, 1), (2374, 1), (2462, 1), (2856, 1), (3097, 1), (3143, 2), (3147, 2), (4634, 1), (5483, 1), (5903, 1), (6559, 3), (6642, 1), (8154, 1), (9284, 1)
asså (DF: 1): (2152, 1)
ast (DF: 2): (3355, 3), (8670, 1)
astaghfirullah (DF: 1): (2729, 1)
astair (DF: 1): (9526, 6)
astem (DF: 1): (4992, 1)
asteroid (DF: 1): (9018, 1)
asthet (DF: 1): (5149, 1)
asthma (DF: 8): (1547, 1), (2231, 2), (2676, 1), (3156, 1), (4575, 1), (5570, 2), (7266, 1), (8360, 2)
asti (DF: 2): (6214, 1), (9965, 1)
astig (DF: 1): (4563, 1)
aston (DF: 11): (2760, 1), (3282, 2), (3603, 1), (5463, 1), (5753, 1), (6032, 1), (6146, 1), (7479, 1), (7983, 1), (8172, 1), (8666, 3)
astonish (DF: 2): (510, 1), (6613, 1)
astoria (DF: 1): (7598, 1)
astound (DF: 3): (1569, 1), (1995, 1), (7247, 1)
astr (DF: 1): (6501, 1)
astral (DF: 4): (5606, 1), (6234, 2), (6397, 1), (7836, 2)
astray (DF: 20): (621, 1), (1125, 1), (1613, 1), (1910, 1), (2811, 2), (2954, 6), (3192, 3), (3477, 1), (4538, 3), (4741, 2), (5673, 3), (5680, 1), (5720, 1), (6337, 1), (7809, 1), (8024, 1), (8075, 1), (8425, 1), (8947, 2), (9272, 2)
astrein (DF: 1): (9236, 1)
astrid (DF: 7): (576, 1), (722, 1), (833, 1), (2504, 1), (3425, 1), (3738, 1), (6518, 1)
astro (DF: 7): (1045, 1), (1919, 1), (2737, 1), (6234, 1), (6289, 1), (6903, 2), (7644, 1)
astrolog (DF: 1): (6915, 1)
astronaut (DF: 5): (1045, 6), (1414, 1), (1845, 1), (4044, 1), (6182, 1)
astroworld (DF: 1): (6903, 1)
astuci (DF: 2): (813, 1), (6450, 1)
astut (DF: 2): (2585, 2), (6917, 2)
asuk (DF: 1): (9901, 1)
asum (DF: 2): (7773, 6), (9919, 1)
asumal (DF: 1): (9919, 1)
asund (DF: 2): (8647, 1), (9541, 1)
asunt (DF: 4): (371, 1), (4189, 3), (4729, 1), (9470, 1)
asust (DF: 13): (180, 1), (1631, 2), (4210, 1), (4285, 2), (4633, 2), (5990, 1), (6466, 1), (6541, 1), (6650, 4), (8218, 1), (8518, 1), (9040, 2), (9762, 1)
asusta (DF: 2): (5990, 1), (9474, 2)
asylant (DF: 1): (4004, 1)
asylbewerb (DF: 1): (484, 2)
asyltricks (DF: 1): (1244, 1)
asylum (DF: 7): (3479, 1), (5483, 1), (6608, 1), (7591, 2), (8481, 1), (8947, 1), (9269, 1)
asymmetr (DF: 1): (2170, 1)
asì (DF: 1): (1447, 10)
así (DF: 14): (1454, 8), (2205, 2), (3146, 1), (3513, 1), (4188, 2), (5859, 1), (7622, 8), (8444, 2), (8560, 1), (8765, 8), (8853, 8), (9376, 6), (9450, 8), (9851, 2)
at (DF: 14): (724, 1), (1284, 1), (3284, 2), (3623, 1), (3631, 2), (4440, 1), (5525, 4), (5588, 1), (5663, 1), (5796, 2), (5955, 1), (6399, 1), (6872, 1), (9882, 1)
ata (DF: 1): (8043, 10)
atac (DF: 7): (648, 1), (3875, 1), (6243, 1), (6399, 4), (7068, 1), (7879, 1), (9318, 2)
ataca (DF: 1): (7583, 2)
atacabrò (DF: 1): (7583, 1)
atacada (DF: 1): (7583, 1)
atack (DF: 2): (149, 1), (7583, 4)
atad (DF: 2): (580, 4), (632, 3)
atadur (DF: 2): (3342, 2), (5991, 1)
ataj (DF: 3): (3080, 1), (4912, 1), (7028, 2)
atak (DF: 1): (5461, 1)
ataqu (DF: 8): (4189, 1), (6515, 1), (6889, 8), (7586, 1), (7876, 1), (8187, 1), (8255, 1), (8256, 2)
ataraxi (DF: 1): (1821, 1)
atardec (DF: 6): (1013, 10), (2180, 3), (2938, 1), (3070, 2), (8815, 1), (9306, 2)
atardecer (DF: 1): (7799, 1)
atari (DF: 5): (1033, 1), (3232, 2), (4651, 1), (6872, 1), (9292, 1)
atart (DF: 1): (9362, 1)
ataud (DF: 1): (7495, 3)
atauld (DF: 2): (4852, 1), (5716, 1)
atcha (DF: 1): (1253, 2)
atchya (DF: 1): (8135, 1)
ate (DF: 25): (684, 1), (846, 3), (1178, 1), (2033, 2), (2254, 1), (2344, 1), (2692, 1), (2771, 1), (4127, 1), (4345, 2), (4629, 2), (4815, 4), (5261, 1), (5352, 2), (5608, 1), (6543, 1), (6808, 1), (7134, 1), (7901, 1), (8666, 1), (8778, 1), (9228, 1), (9231, 1), (9703, 1), (9873, 1)
ateez (DF: 1): (8092, 1)
atelier (DF: 1): (1850, 3)
atem (DF: 1): (8098, 4)
atemlos (DF: 1): (2327, 1)
atemzug (DF: 1): (1758, 2)
atencion (DF: 14): (12, 2), (87, 1), (117, 1), (791, 1), (1099, 2), (1141, 1), (3211, 1), (4729, 1), (5522, 2), (6179, 2), (6588, 12), (7586, 1), (8919, 10), (9079, 1)
atend (DF: 3): (2243, 1), (9637, 1), (9757, 1)
atendido (DF: 1): (7649, 2)
atendo (DF: 1): (1659, 1)
atent (DF: 12): (44, 1), (724, 1), (1582, 1), (2309, 1), (4419, 1), (4560, 1), (5341, 1), (5547, 1), (5592, 1), (6175, 1), (7863, 1), (9302, 2)
