spray (DF: 20): (7207, 1), (7298, 2), (7328, 4), (7430, 1), (7520, 1), (7751, 1), (7892, 1), (8135, 1), (8235, 1), (8343, 1), (8493, 1), (8570, 1), (8579, 1), (8592, 1), (8662, 1), (8705, 1), (8852, 2), (9331, 1), (9646, 1), (9759, 1)
sprayer (DF: 1): (5495, 1)
sprayin (DF: 5): (159, 1), (2064, 5), (3624, 1), (7348, 1), (7908, 1)
sprayt (DF: 1): (4743, 1)
spre (DF: 1): (6613, 1)
spread (DF: 103): (121, 1), (153, 2), (200, 1), (286, 2), (499, 2), (581, 1), (720, 1), (781, 1), (802, 1), (803, 1), (879, 1), (944, 1), (1143, 1), (1262, 1), (1310, 4), (1428, 5), (1661, 1), (1906, 1), (1937, 1), (1954, 1), (1999, 3), (2042, 1), (2310, 1), (2322, 1), (2356, 1), (2362, 1), (2398, 2), (2423, 1), (2472, 1), (2677, 2), (2824, 2), (3075, 1), (3118, 1), (3147, 1), (3201, 1), (3430, 1), (3483, 1), (3558, 2), (3601, 4), (3899, 1), (3923, 1), (4030, 1), (4051, 2), (4155, 1), (4239, 1), (4250, 1), (4281, 1), (4468, 1), (4490, 1), (4516, 3), (4625, 2), (4684, 1), (4720, 2), (4741, 1), (4776, 1), (4831, 1), (4864, 1), (4937, 1), (5189, 2), (5239, 3), (5253, 1), (5418, 1), (5755, 3), (5846, 1), (6003, 1), (6019, 4), (6039, 4), (6286, 1), (6300, 2), (6305, 1), (6475, 1), (6559, 3), (6610, 1), (6895, 1), (7095, 1), (7150, 2), (7339, 4), (7499, 10), (7580, 2), (8021, 3), (8093, 2), (8114, 2), (8204, 1), (8338, 2), (8341, 1), (8408, 3), (8445, 1), (8640, 1), (8708, 2), (8780, 1), (8903, 1), (8987, 2), (9143, 3), (9262, 1), (9269, 1), (9447, 6), (9549, 1), (9561, 6), (9604, 1), (9662, 1), (9736, 1), (9844, 1), (9923, 1)
spreader (DF: 1): (6585, 1)
spreadin (DF: 8): (732, 1), (792, 2), (1256, 2), (1964, 2), (2232, 5), (3902, 1), (6638, 1), (7259, 1)
sprec (DF: 4): (1485, 1), (7000, 1), (8161, 2), (9222, 1)
sprech (DF: 4): (1715, 1), (1845, 1), (5775, 1), (6139, 1)
spree (DF: 16): (352, 1), (541, 1), (993, 1), (1156, 4), (1515, 1), (2357, 1), (3179, 1), (3618, 1), (4262, 1), (4947, 1), (5483, 1), (5641, 1), (6613, 1), (7180, 1), (7593, 1), (7991, 1)
spreewel (DF: 1): (179, 1)
spregiudic (DF: 1): (63, 1)
spreng (DF: 1): (6748, 1)
sprengt (DF: 1): (5775, 2)
sprewel (DF: 1): (3624, 1)
spri (DF: 1): (1979, 1)
sprich (DF: 1): (2496, 3)
spricht (DF: 2): (1218, 1), (1244, 1)
spright (DF: 1): (1720, 1)
spring (DF: 54): (145, 1), (317, 1), (389, 1), (642, 1), (756, 1), (1172, 1), (1313, 1), (1332, 1), (1576, 3), (1748, 1), (2220, 1), (2397, 1), (2559, 1), (3054, 1), (3152, 1), (4324, 1), (4328, 2), (4863, 1), (5041, 1), (5299, 1), (5325, 2), (5432, 1), (5526, 1), (5705, 1), (5777, 1), (5815, 1), (6124, 1), (6297, 1), (6375, 1), (6539, 1), (6600, 1), (6643, 2), (6997, 1), (7099, 1), (7118, 3), (7164, 2), (7521, 1), (7661, 5), (7680, 1), (7695, 2), (7825, 1), (7840, 1), (7872, 1), (8196, 1), (8233, 1), (8330, 1), (8993, 1), (9064, 42), (9122, 1), (9220, 1), (9240, 1), (9263, 1), (9375, 1), (9569, 2)
springfield (DF: 3): (1866, 2), (4096, 2), (9037, 2)
springin (DF: 1): (6232, 1)
springsteen (DF: 8): (1181, 2), (5561, 1), (6739, 4), (6951, 1), (7222, 1), (7419, 1), (8648, 1), (9957, 1)
springtim (DF: 2): (2754, 3), (5617, 1)
sprinkl (DF: 4): (153, 4), (4028, 1), (8492, 1), (8570, 1)
sprinkler (DF: 2): (771, 1), (8557, 1)
sprint (DF: 6): (1011, 1), (1583, 1), (2177, 1), (3201, 1), (7846, 1), (9795, 1)
sprinter (DF: 3): (1031, 1), (4972, 1), (5300, 1)
sprit (DF: 4): (6631, 3), (7000, 1), (8019, 1), (8733, 3)
sprite (DF: 16): (138, 1), (183, 1), (846, 1), (1703, 2), (1979, 2), (2018, 1), (2397, 1), (2609, 1), (3432, 1), (3843, 1), (5092, 1), (6092, 1), (6220, 2), (7106, 1), (9071, 1), (9257, 1)
spritz (DF: 3): (2170, 1), (4816, 1), (8670, 2)
spritzt (DF: 1): (3123, 4)
sprofond (DF: 1): (1800, 1)
sprout (DF: 2): (7748, 1), (8360, 2)
sprung (DF: 19): (485, 1), (751, 17), (904, 1), (1334, 22), (1904, 1), (2133, 2), (3322, 1), (4221, 2), (5107, 1), (6858, 1), (7946, 2), (8063, 1), (8172, 2), (8338, 2), (8663, 1), (8893, 1), (9117, 1), (9379, 1), (9751, 1)
sprungbrett (DF: 1): (6835, 1)
sprunger (DF: 1): (1334, 2)
sprzeda (DF: 1): (1918, 1)
spuck (DF: 2): (151, 1), (6748, 1)
spuckt (DF: 1): (5382, 1)
spud (DF: 1): (6375, 2)
spugliat (DF: 1): (6961, 1)
spumant (DF: 2): (6214, 1), (9965, 1)
spun (DF: 9): (335, 1), (1666, 3), (2002, 1), (2148, 1), (3661, 1), (5777, 1), (6269, 1), (7067, 1), (9180, 1)
spunk (DF: 1): (4135, 1)
spunki (DF: 1): (8528, 1)
spunt (DF: 1): (2059, 1)
spur (DF: 10): (1707, 1), (4192, 6), (4318, 1), (4466, 1), (5049, 1), (6238, 1), (7464, 1), (8651, 1), (8682, 1), (9999, 1)
spurhund (DF: 1): (9236, 1)
spurst (DF: 1): (9457, 1)
spurt (DF: 3): (3381, 1), (3570, 1), (7908, 1)
spust (DF: 1): (9162, 1)
