sens (DF: 35): (8222, 2), (8228, 1), (8298, 1), (8336, 1), (8397, 1), (8426, 2), (8433, 1), (8476, 1), (8494, 1), (8502, 1), (8747, 2), (8885, 6), (8930, 1), (8960, 1), (8968, 1), (9057, 1), (9094, 6), (9115, 1), (9149, 1), (9169, 1), (9181, 1), (9262, 1), (9291, 1), (9392, 1), (9420, 1), (9436, 2), (9445, 1), (9629, 1), (9902, 1), (9905, 1), (9912, 1), (62, 1), (63, 1), (9968, 1), (9971, 2)
sensacion (DF: 14): (1109, 1), (3111, 1), (3313, 4), (3996, 1), (4484, 1), (5105, 1), (5502, 1), (5574, 4), (6243, 1), (6466, 1), (6500, 6), (7504, 1), (8236, 1), (8632, 1)
sensat (DF: 27): (1995, 1), (2054, 1), (3446, 1), (3565, 1), (4037, 1), (4116, 2), (4524, 2), (4925, 1), (5168, 1), (5443, 2), (5509, 1), (5662, 20), (5805, 1), (6098, 1), (6613, 1), (6852, 1), (7050, 1), (7402, 1), (7406, 5), (7471, 1), (7551, 1), (7573, 1), (8068, 2), (8802, 2), (9661, 3), (9808, 1), (9928, 2)
sensation (DF: 1): (4948, 2)
sensazion (DF: 1): (9, 1)
sensei (DF: 9): (270, 1), (910, 1), (1556, 1), (3188, 4), (4942, 1), (5990, 1), (7876, 2), (8725, 4), (8945, 1)
senseless (DF: 7): (534, 1), (1732, 1), (5264, 1), (6560, 1), (7136, 1), (8683, 1), (8943, 1)
sensenmann (DF: 1): (3932, 1)
sensibl (DF: 2): (4723, 1), (6893, 1)
sensit (DF: 18): (1055, 1), (1191, 1), (2423, 1), (3865, 1), (4050, 1), (4317, 2), (4365, 1), (4443, 1), (5195, 2), (5200, 1), (5851, 1), (7316, 16), (8123, 1), (8351, 16), (9130, 1), (9217, 1), (9522, 16), (9920, 1)
sensor (DF: 4): (2034, 4), (3031, 1), (6878, 1), (8583, 1)
sensori (DF: 1): (9848, 1)
sensorial (DF: 1): (2967, 1)
sensual (DF: 23): (127, 1), (724, 7), (1627, 4), (1665, 2), (2107, 1), (2241, 1), (2429, 1), (2458, 1), (2710, 1), (2809, 1), (2814, 3), (3031, 1), (3996, 1), (4187, 6), (5762, 1), (5897, 4), (6384, 2), (6878, 1), (7211, 1), (7255, 1), (7426, 1), (7961, 1), (8218, 1)
sent (DF: 250): (9, 2), (12, 2), (13, 1), (52, 1), (127, 3), (166, 1), (173, 3), (180, 1), (187, 1), (217, 1), (220, 1), (262, 2), (284, 2), (312, 1), (371, 1), (404, 2), (430, 1), (466, 3), (524, 3), (548, 1), (558, 1), (586, 1), (651, 3), (707, 2), (757, 1), (805, 1), (808, 1), (934, 1), (975, 1), (1038, 1), (1042, 18), (1049, 1), (1051, 1), (1089, 2), (1132, 1), (1133, 2), (1173, 3), (1199, 1), (1284, 2), (1300, 1), (1326, 1), (1378, 2), (1379, 1), (1395, 1), (1441, 6), (1460, 4), (1501, 1), (1593, 1), (1620, 1), (1635, 1), (1788, 2), (1800, 4), (1807, 4), (1818, 2), (1850, 3), (1856, 1), (1932, 1), (1978, 1), (1979, 1), (2018, 1), (2075, 1), (2092, 10), (2111, 1), (2183, 1), (2229, 1), (2336, 4), (2382, 2), (2442, 1), (2529, 2), (2541, 2), (2592, 1), (2659, 8), (2680, 1), (2720, 1), (2856, 1), (2960, 1), (3031, 2), (3036, 4), (3092, 1), (3111, 1), (3138, 1), (3189, 1), (3219, 12), (3226, 1), (3296, 1), (3316, 2), (3340, 1), (3474, 1), (3486, 1), (3491, 2), (3492, 1), (3504, 1), (3537, 3), (3556, 1), (3586, 4), (3594, 1), (3628, 1), (3669, 2), (3697, 3), (3707, 2), (3789, 1), (3890, 1), (3904, 1), (3908, 1), (3923, 1), (3954, 4), (3969, 2), (3972, 1), (4039, 1), (4086, 4), (4088, 3), (4122, 1), (4143, 1), (4175, 1), (4210, 1), (4294, 3), (4327, 1), (4372, 1), (4423, 12), (4439, 2), (4448, 3), (4469, 2), (4484, 1), (4544, 1), (4567, 2), (4587, 3), (4627, 1), (4634, 1), (4659, 1), (4678, 16), (4707, 1), (4763, 1), (4802, 1), (4831, 1), (4864, 1), (4897, 1), (4912, 1), (4961, 1), (4992, 1), (5017, 1), (5022, 1), (5118, 14), (5183, 5), (5198, 2), (5253, 1), (5340, 1), (5353, 1), (5376, 1), (5392, 2), (5461, 1), (5480, 1), (5570, 2), (5574, 4), (5592, 2), (5613, 4), (5621, 1), (5659, 1), (5695, 4), (5711, 2), (5793, 6), (5797, 12), (5840, 1), (5862, 1), (5919, 2), (6041, 1), (6069, 1), (6079, 2), (6095, 1), (6131, 4), (6137, 1), (6217, 1), (6248, 1), (6263, 1), (6279, 12), (6288, 1), (6333, 1), (6336, 2), (6339, 2), (6363, 1), (6443, 1), (6588, 6), (6617, 1), (6651, 2), (6659, 2), (6681, 4), (6683, 1), (6689, 3), (6768, 1), (6798, 1), (6801, 1), (6878, 2), (6927, 2), (6932, 14), (6983, 1), (7019, 5), (7084, 1), (7172, 2), (7196, 2), (7200, 1), (7235, 1), (7251, 1), (7284, 1), (7367, 16), (7415, 1), (7426, 1), (7435, 4), (7466, 3), (7501, 2), (7513, 4), (7607, 1), (7630, 1), (7649, 2), (7669, 1), (7691, 2), (7694, 3), (7749, 4), (7768, 1), (7776, 1), (7790, 2), (7795, 2), (7834, 1), (7868, 1), (7886, 2), (7910, 3), (7961, 1), (7991, 1), (8048, 1), (8054, 15), (8066, 1), (8091, 2), (8107, 2), (8112, 4), (8121, 4), (8154, 1), (8198, 1), (8236, 1), (8240, 1), (8256, 1), (8323, 3), (8352, 2), (8365, 1), (8367, 1), (8473, 1), (8570, 1), (8578, 2), (8719, 8), (8733, 4), (8767, 4), (8777, 2), (8820, 3)
