surviv (DF: 54): (6258, 1), (6282, 2), (6367, 1), (6490, 1), (6503, 1), (6558, 1), (6591, 1), (6697, 1), (6729, 1), (6764, 2), (6796, 1), (6841, 2), (7013, 2), (7020, 1), (7126, 1), (7148, 1), (7222, 5), (7290, 1), (7340, 3), (7448, 3), (7471, 1), (7545, 1), (7637, 1), (7755, 1), (7805, 2), (7895, 2), (8003, 1), (8024, 1), (8105, 3), (8144, 3), (8286, 1), (8319, 1), (8325, 1), (8336, 1), (8374, 1), (8513, 1), (8756, 1), (8907, 2), (9005, 1), (9026, 1), (9057, 1), (9063, 1), (9183, 1), (9190, 1), (9213, 2), (9229, 3), (9348, 1), (9349, 4), (9461, 47), (9493, 1), (9685, 2), (9714, 2), (9815, 3), (9969, 1)
survivalist (DF: 2): (3183, 1), (6475, 1)
survivin (DF: 5): (999, 2), (2771, 1), (5981, 2), (7988, 1), (8570, 1)
survivor (DF: 22): (40, 1), (561, 8), (931, 2), (981, 1), (1093, 4), (1805, 12), (1946, 1), (2350, 2), (2363, 1), (3514, 1), (3519, 4), (3784, 2), (4284, 2), (5097, 4), (5201, 1), (5572, 2), (5699, 7), (5704, 2), (5913, 7), (6417, 1), (8659, 1), (9616, 2)
survêt (DF: 1): (7607, 1)
sus (DF: 3): (4137, 2), (5957, 1), (8343, 1)
susan (DF: 2): (1101, 1), (2665, 3)
suscrit (DF: 1): (7455, 1)
suse (DF: 1): (210, 1)
sushi (DF: 5): (5121, 1), (5728, 1), (6043, 1), (8278, 2), (9087, 1)
susi (DF: 1): (9031, 17)
susodich (DF: 1): (417, 1)
suspect (DF: 12): (427, 2), (723, 7), (823, 1), (2682, 1), (3121, 2), (3790, 1), (4440, 1), (5666, 1), (5874, 2), (5934, 1), (8003, 1), (8213, 1)
suspend (DF: 7): (136, 1), (204, 1), (1388, 1), (3510, 1), (6790, 1), (6801, 1), (9841, 1)
suspens (DF: 5): (581, 1), (4081, 1), (4359, 1), (4799, 1), (8466, 1)
suspici (DF: 8): (3, 1), (3573, 4), (3944, 6), (6746, 1), (8078, 1), (8502, 1), (9509, 1), (9547, 1)
suspicion (DF: 4): (1926, 1), (2248, 1), (4091, 3), (9859, 2)
suspir (DF: 7): (2488, 1), (2585, 2), (3403, 14), (3572, 1), (4711, 2), (6872, 2), (9492, 3)
suspiro (DF: 1): (194, 1)
suss (DF: 6): (681, 1), (1534, 1), (1736, 2), (3463, 1), (6129, 1), (8656, 1)
sustain (DF: 7): (72, 1), (2379, 1), (3268, 1), (3479, 1), (5108, 1), (6842, 2), (8836, 2)
sustancia (DF: 1): (2843, 1)
sustenta (DF: 1): (9494, 1)
susurr (DF: 2): (417, 1), (5502, 1)
susurram (DF: 1): (890, 3)
sutherland (DF: 1): (3469, 1)
sutil (DF: 4): (1133, 1), (4344, 1), (6466, 1), (6513, 1)
sutra (DF: 2): (471, 1), (8771, 1)
suttin (DF: 2): (3234, 2), (5210, 1)
sutur (DF: 1): (8895, 3)
suu (DF: 1): (5350, 1)
suv (DF: 4): (4165, 1), (6992, 1), (8060, 1), (8932, 1)
suwert (DF: 1): (3887, 1)
suwoo (DF: 1): (966, 1)
suwoop (DF: 1): (8725, 4)
suzann (DF: 1): (9765, 1)
suzett (DF: 1): (4407, 1)
suzi (DF: 7): (3601, 2), (4051, 1), (4720, 1), (7361, 3), (8694, 3), (8708, 1), (8838, 1)
suéltat (DF: 1): (3806, 2)
suít (DF: 1): (9860, 1)
sv (DF: 2): (5810, 2), (8260, 1)
svaba (DF: 1): (397, 2)
svarer (DF: 1): (6292, 2)
svart (DF: 1): (9498, 1)
svegl (DF: 4): (63, 1), (1850, 2), (8671, 2), (9912, 1)
svere (DF: 1): (5535, 1)
svetlana (DF: 1): (4874, 1)
svidaniya (DF: 1): (2366, 2)
svinger (DF: 2): (4425, 9), (8564, 1)
svit (DF: 1): (3295, 1)
svr (DF: 1): (9125, 1)
svuot (DF: 1): (3210, 1)
svär (DF: 1): (7603, 2)
sw (DF: 1): (7071, 1)
swa (DF: 1): (8210, 1)
swaay (DF: 3): (5150, 1), (7374, 1), (9520, 1)
swab (DF: 1): (3188, 2)
swacq (DF: 4): (508, 1), (1798, 1), (2926, 1), (6739, 1)
swaddl (DF: 1): (1287, 1)
swae (DF: 6): (511, 1), (1299, 1), (4053, 1), (4754, 1), (6006, 2), (6542, 1)
swag (DF: 37): (414, 1), (1183, 2), (1361, 1), (1393, 1), (1531, 1), (1588, 2), (1728, 4), (1875, 1), (1994, 1), (2152, 19), (2199, 1), (2235, 1), (2356, 1), (2619, 1), (3498, 1), (4559, 2), (4652, 1), (4833, 1), (4941, 1), (4985, 1), (5120, 1), (5456, 1), (5461, 1), (5496, 6), (6040, 1), (6397, 1), (6535, 1), (7004, 1), (7071, 1), (7214, 5), (7421, 1), (8676, 1), (9093, 1), (9308, 1), (9320, 1), (9728, 3), (9944, 3)
swagger (DF: 10): (248, 6), (948, 2), (1588, 1), (3632, 1), (3637, 2), (7591, 2), (8183, 1), (8529, 2), (8619, 1), (9135, 1)
swaggin (DF: 2): (6096, 10), (7105, 2)
swagonometri (DF: 1): (7213, 3)
swags (DF: 1): (3996, 1)
swalla (DF: 2): (3037, 32), (3170, 32)
swallow (DF: 25): (88, 1), (181, 1), (186, 1), (407, 1), (521, 1), (595, 1), (660, 2), (684, 1), (699, 1), (882, 2), (925, 1), (1137, 1), (1344, 1), (1374, 12), (1475, 1), (1552, 1), (1804, 1), (1913, 1), (2006, 2), (2064, 1), (2161, 2), (2191, 4), (2313, 1), (2630, 1), (2872, 1)
