x4 (DF: 29): (354, 1), (574, 1), (636, 1), (642, 2), (826, 1), (2483, 1), (2792, 1), (3719, 1), (3776, 1), (3989, 1), (4258, 3), (4461, 1), (4617, 1), (4690, 3), (4984, 1), (5299, 1), (5329, 2), (5436, 1), (5446, 1), (5700, 1), (5780, 1), (6784, 3), (6862, 3), (7401, 1), (7596, 1), (8242, 3), (8888, 1), (9086, 1), (9430, 1)
x40 (DF: 1): (3614, 1)
x5 (DF: 4): (108, 1), (6840, 1), (8718, 3), (9923, 1)
x6 (DF: 7): (2792, 1), (3797, 1), (5031, 38), (7076, 2), (7596, 1), (9430, 1), (9710, 38)
x7 (DF: 3): (1253, 1), (2045, 1), (9507, 3)
x8 (DF: 11): (108, 2), (756, 2), (1509, 1), (1746, 1), (2230, 2), (2416, 2), (4147, 3), (4617, 2), (5299, 1), (6225, 4), (8571, 2)
x9 (DF: 2): (4147, 1), (4452, 2)
xabski (DF: 1): (3527, 2)
xamã (DF: 1): (2631, 2)
xan (DF: 16): (1045, 1), (1625, 1), (1919, 1), (2256, 1), (2711, 6), (3427, 6), (4062, 1), (4552, 1), (4811, 1), (4842, 1), (6220, 1), (6799, 1), (7057, 1), (7105, 7), (8615, 2), (9140, 1)
xanax (DF: 11): (823, 1), (2018, 1), (2048, 1), (4504, 1), (5218, 1), (5743, 1), (5990, 1), (7508, 1), (8653, 1), (8987, 1), (9334, 1)
xanna (DF: 1): (7105, 1)
xanni (DF: 16): (434, 7), (536, 1), (908, 1), (1430, 1), (1625, 7), (1727, 1), (3010, 3), (3232, 1), (4552, 1), (5496, 6), (5786, 2), (6007, 1), (6256, 1), (9211, 1), (9627, 1), (9944, 1)
xanny (DF: 1): (6631, 1)
xaphoon (DF: 1): (4874, 2)
xatar (DF: 1): (3962, 4)
xav (DF: 1): (5174, 1)
xavi (DF: 1): (7904, 2)
xay (DF: 1): (1844, 1)
xbox (DF: 1): (9292, 1)
xcalibur (DF: 1): (2607, 1)
xception (DF: 1): (2607, 1)
xcii (DF: 3): (4632, 1), (6612, 2), (7462, 1)
xcite (DF: 1): (2607, 1)
xclamat (DF: 1): (2607, 1)
xcuse (DF: 1): (6360, 1)
xcx (DF: 7): (185, 1), (363, 1), (777, 1), (2501, 2), (6437, 1), (6891, 1), (9129, 1)
xd (DF: 1): (3110, 4)
xeastsid (DF: 1): (1319, 1)
xequ (DF: 1): (3364, 2)
xeryus (DF: 1): (5707, 1)
xficant (DF: 1): (6243, 1)
xfruge (DF: 1): (6377, 1)
xi (DF: 3): (2102, 1), (7395, 4), (9342, 3)
xiii (DF: 2): (1425, 4), (2594, 1)
ximen (DF: 1): (3942, 1)
xin (DF: 1): (3487, 2)
xl (DF: 7): (5484, 1), (5618, 1), (5968, 1), (6508, 2), (7226, 1), (9540, 2), (9759, 1)
xlr (DF: 1): (1471, 1)
xmeet (DF: 2): (3128, 1), (7376, 1)
xo (DF: 12): (138, 1), (714, 2), (1875, 1), (1994, 1), (2607, 1), (3235, 2), (3727, 1), (4887, 1), (5106, 1), (5496, 2), (9711, 1), (9869, 1)
xota (DF: 1): (6500, 4)
xoxo (DF: 1): (9980, 1)
xscape (DF: 4): (2087, 1), (2710, 1), (5331, 9), (7093, 9)
xtaci (DF: 1): (2607, 1)
xtaciss (DF: 1): (8039, 1)
xtravag (DF: 1): (2607, 1)
xtrordinari (DF: 1): (2607, 1)
xuber (DF: 1): (2607, 1)
xuitcasec (DF: 1): (9013, 1)
xx (DF: 7): (136, 1), (509, 2), (1782, 1), (5854, 1), (6533, 2), (6564, 1), (6673, 1)
xxl (DF: 1): (3424, 3)
xxlhop (DF: 1): (7459, 1)
xxplosiv (DF: 2): (684, 4), (5608, 4)
xxv (DF: 1): (443, 1)
xxx (DF: 4): (676, 3), (3091, 1), (5622, 4), (9509, 2)
xxxtarnat (DF: 1): (9140, 2)
xxxtentacion (DF: 4): (1080, 1), (6006, 1), (7808, 1), (9140, 1)
xy (DF: 1): (5775, 1)
xyclon (DF: 1): (1340, 1)
xylophon (DF: 2): (2045, 1), (6612, 3)
xzibit (DF: 6): (339, 1), (369, 2), (2607, 4), (4165, 5), (4669, 3), (9262, 4)
y (DF: 4): (1447, 12), (1800, 3), (8198, 1), (9203, 2)
y2k (DF: 1): (5345, 1)
ya (DF: 105): (27, 2), (51, 1), (52, 2), (55, 2), (62, 1), (64, 2), (66, 7), (72, 1), (80, 2), (89, 48), (110, 12), (113, 2), (121, 19), (123, 3), (128, 3), (153, 4), (156, 1), (169, 2), (182, 3), (197, 11), (200, 1), (207, 11), (215, 4), (221, 1), (232, 15), (247, 10), (255, 1), (257, 4), (275, 1), (278, 24), (282, 10), (293, 15), (298, 1), (313, 7), (334, 2), (337, 9), (357, 3), (370, 1), (374, 1), (380, 1), (402, 1), (405, 47), (409, 2), (440, 11), (441, 1), (449, 15), (455, 1), (485, 5), (508, 3), (525, 2), (536, 1), (544, 1), (552, 2), (574, 1), (581, 2), (583, 1), (591, 3), (616, 2), (660, 1), (669, 7), (684, 1), (692, 6), (698, 22), (708, 24), (718, 20), (735, 1), (753, 1), (772, 2), (789, 2), (804, 1), (818, 3), (841, 1), (842, 1), (859, 2), (869, 6), (905, 3), (924, 1), (946, 4), (966, 20), (968, 1), (983, 1), (988, 1), (993, 1), (1011, 3), (1018, 3), (1031, 1), (1050, 1), (1059, 3), (1075, 1), (1083, 2), (1101, 1), (1111, 6), (1122, 1), (1136, 4), (1164, 4), (1171, 1), (1187, 1), (1191, 3), (1196, 1), (1211, 4), (1214, 3), (1216, 3), (1226, 10), (1245, 2), (1253, 2)
