baxter (DF: 2): (7758, 1), (9261, 1)
bay (DF: 60): (66, 1), (223, 1), (365, 1), (370, 1), (819, 1), (864, 1), (921, 2), (1360, 2), (1431, 1), (1634, 1), (1644, 1), (2281, 4), (2687, 1), (2825, 1), (2933, 2), (3179, 1), (3429, 1), (3501, 2), (3531, 2), (3629, 1), (3826, 4), (3917, 1), (4058, 2), (4104, 1), (4261, 1), (4376, 33), (4411, 1), (4647, 1), (5160, 1), (5303, 1), (5409, 1), (5429, 1), (5513, 4), (5758, 4), (6079, 2), (6218, 2), (6327, 2), (6748, 7), (6753, 1), (6973, 2), (7008, 1), (7297, 1), (7480, 1), (7880, 1), (8079, 2), (8120, 2), (8238, 1), (8664, 1), (8735, 4), (8779, 3), (8814, 4), (8942, 3), (9040, 2), (9140, 4), (9254, 1), (9347, 1), (9408, 1), (9622, 1), (9751, 1), (9866, 1)
bayamon (DF: 1): (4236, 1)
bayi (DF: 1): (528, 1)
bayii (DF: 1): (430, 1)
baynk (DF: 2): (1662, 1), (4510, 1)
bayokay (DF: 1): (9823, 1)
bayou (DF: 6): (446, 1), (3818, 12), (6348, 1), (6850, 1), (8841, 2), (9477, 1)
baypac (DF: 1): (2489, 1)
baysid (DF: 3): (5026, 1), (5396, 1), (8369, 2)
bayu (DF: 2): (3111, 6), (8236, 6)
baywatch (DF: 1): (3048, 1)
baywerd (DF: 1): (6748, 1)
bayèjisk (DF: 1): (8210, 1)
bazaar (DF: 1): (3541, 1)
bazari (DF: 1): (4686, 1)
bazeek (DF: 2): (5529, 1), (9432, 1)
bazi (DF: 1): (8717, 2)
bazillion (DF: 1): (563, 1)
bazook (DF: 2): (53, 2), (7251, 1)
bazooka (DF: 2): (6943, 2), (9187, 2)
bazuc (DF: 2): (4560, 1), (8188, 1)
bazzi (DF: 1): (2270, 1)
bañ (DF: 29): (12, 8), (711, 1), (858, 1), (1079, 1), (1441, 1), (1563, 1), (1978, 1), (2316, 1), (3239, 1), (3290, 1), (4152, 1), (4257, 5), (4356, 2), (5013, 1), (5696, 2), (5745, 2), (6111, 1), (6160, 1), (6251, 1), (6326, 2), (6423, 2), (7641, 2), (7961, 3), (8243, 3), (8255, 1), (8478, 8), (8728, 2), (8902, 1), (9306, 4)
bañador (DF: 2): (216, 5), (3421, 5)
bañat (DF: 2): (7380, 2), (9246, 1)
bañer (DF: 2): (4347, 32), (5796, 1)
bañu (DF: 1): (9437, 2)
bb (DF: 8): (89, 4), (435, 6), (2336, 3), (4246, 1), (5156, 2), (5174, 2), (5828, 1), (5893, 1)
bbbbbbbbbrrrrrrrrrrr (DF: 1): (2422, 2)
bbc (DF: 2): (1897, 1), (7207, 2)
bbd (DF: 5): (669, 1), (1076, 1), (5529, 1), (7189, 1), (9432, 1)
bbno (DF: 1): (3408, 2)
bboom (DF: 1): (7600, 2)
bbq (DF: 18): (282, 1), (1431, 1), (1565, 1), (2339, 1), (3147, 1), (3522, 1), (4326, 1), (4576, 1), (4628, 1), (4793, 1), (5362, 1), (6314, 1), (6948, 1), (7163, 1), (9132, 1), (9191, 1), (9333, 1), (9796, 1)
bc (DF: 2): (2183, 1), (8369, 1)
bcbg (DF: 1): (6613, 1)
bcos (DF: 2): (98, 1), (4872, 1)
bcx (DF: 1): (5188, 1)
bd (DF: 1): (51, 1)
bdina (DF: 1): (3660, 1)
bds (DF: 1): (812, 1)
be (DF: 24): (328, 3), (1241, 1), (1345, 2), (1668, 2), (2757, 1), (3419, 1), (3697, 2), (3823, 1), (4124, 1), (4347, 5), (5067, 1), (5105, 3), (5381, 8), (5785, 2), (5796, 1), (6025, 1), (6650, 2), (6867, 1), (6988, 1), (7255, 2), (8180, 1), (8829, 1), (9309, 1), (9740, 1)
bea (DF: 1): (2700, 2)
beabadoobe (DF: 1): (8180, 1)
beac (DF: 2): (7251, 3), (8054, 1)
beach (DF: 116): (31, 1), (155, 3), (183, 1), (233, 1), (256, 1), (295, 1), (337, 1), (405, 1), (490, 1), (583, 1), (600, 7), (869, 1), (904, 1), (940, 2), (1018, 3), (1058, 1), (1152, 1), (1156, 4), (1250, 1), (1257, 1), (1334, 2), (1479, 1), (1586, 1), (1635, 1), (1831, 2), (1945, 9), (2013, 2), (2030, 3), (2041, 2), (2081, 9), (2280, 1), (2284, 1), (2340, 1), (2431, 2), (2482, 1), (2494, 2), (2511, 2), (2583, 2), (2653, 1), (2888, 1), (2895, 1), (3018, 1), (3233, 1), (3350, 1), (3546, 1), (3618, 1), (3710, 1), (3774, 1), (3788, 1), (3804, 1), (3850, 3), (3914, 1), (4176, 1), (4293, 1), (4401, 1), (4503, 1), (4506, 2), (4574, 2), (4784, 3), (4882, 1), (4947, 1), (5006, 1), (5015, 4), (5117, 1), (5195, 1), (5460, 2), (5489, 1), (5513, 4), (5670, 1), (5685, 2), (5729, 1), (5788, 1), (5890, 1), (6009, 18), (6011, 1), (6040, 1), (6068, 1), (6100, 2), (6124, 1), (6210, 1), (6327, 2), (6381, 1), (6487, 1), (6858, 2), (6890, 1), (6920, 1), (6964, 1), (7079, 1), (7103, 1), (7155, 1), (7207, 1), (7571, 1), (7736, 1), (7783, 2), (7798, 1), (7945, 1), (8039, 5), (8079, 2), (8168, 2), (8319, 1), (8380, 1), (8551, 1), (8573, 2), (8587, 2), (8687, 1), (8885, 2), (9003, 2), (9054, 2), (9096, 1), (9107, 1), (9170, 2), (9202, 1), (9563, 1), (9628, 1), (9821, 22), (9980, 1)
beachfront (DF: 2): (579, 1), (9267, 1)
beachwood (DF: 1): (4726, 1)
beacon (DF: 3): (4463, 2), (6376, 3), (6611, 1)
bead (DF: 5): (6782, 1), (9451, 2), (9507, 2), (9842, 1), (9958, 1)
beadl (DF: 2): (1076, 1), (7189, 1)
beak (DF: 3): (350, 1), (7238, 9), (7754, 2)
beam (DF: 82): (365, 1), (407, 2), (469, 1), (802, 1), (825, 1), (905, 1), (1021, 1), (1038, 1), (1157, 1), (1518, 1), (1547, 1), (2002, 1), (2014, 3), (2116, 1), (2143, 2), (2328, 1), (2477, 4), (2541, 2), (2563, 1), (2644, 1), (2723, 1), (2746, 1), (2899, 1), (2943, 3), (3186, 1), (3247, 4), (3380, 1), (3559, 2), (3565, 1), (3888, 3), (3896, 2), (3948, 2), (3949, 3), (4393, 1), (4603, 1), (4820, 1), (5099, 1), (5172, 3), (5206, 1), (5334, 1), (5354, 1), (5428, 1), (5576, 1), (5729, 1), (6086, 1), (6092, 4), (6114, 1), (6168, 1), (6262, 3), (6296, 1), (6479, 3), (6558, 1), (6846, 1), (7045, 2), (7047, 4), (7063, 2), (7106, 2), (7349, 1), (7369, 1), (7411, 1), (7544, 1), (7645, 2), (7842, 1), (7848, 5), (8004, 1), (8046, 1), (8099, 1), (8141, 1), (8172, 1), (8678, 1), (8784, 2), (8818, 4), (8819, 1), (8888, 5), (8917, 1), (8929, 1), (8987, 1), (9069, 6), (9073, 1), (9393, 1), (9783, 2), (9993, 1)
beamer (DF: 11): (134, 1), (197, 1), (672, 1), (802, 1), (2594, 1), (4820, 2), (4944, 1), (8536, 1), (9331, 1), (9567, 1), (9628, 1)
beamin (DF: 2): (2522, 2), (5782, 4)
beamon (DF: 1): (4327, 1)
beamt (DF: 1): (9795, 1)
bean (DF: 23): (405, 1), (469, 1), (616, 1), (825, 1), (2230, 2), (2459, 1), (3731, 1), (4345, 2), (4452, 2), (4793, 1), (4820, 1), (5033, 4), (5456, 1), (6220, 1), (6225, 4), (7220, 6), (7232, 1), (7273, 1), (7877, 1), (8360, 2), (8530, 1), (8571, 2), (9026, 1)
beangstig (DF: 1): (2050, 1)
beani (DF: 9): (1046, 4), (2236, 1), (4326, 1), (4866, 1), (5312, 1), (5848, 1), (6761, 1), (7178, 1), (7213, 3)
beanstalk (DF: 2): (646, 1), (6403, 1)
beantown (DF: 1): (9130, 1)
bear (DF: 55): (209, 1), (233, 1), (482, 1), (603, 2), (654, 1), (685, 5), (699, 1), (764, 1), (1192, 1), (1552, 1), (2312, 1), (2716, 3), (2756, 1), (2841, 1), (3248, 1), (3263, 1), (3268, 1), (3371, 1), (3589, 1), (3822, 1), (3964, 1), (4141, 1), (4629, 3), (4907, 1), (5147, 2), (5227, 2), (5325, 2), (5570, 2), (5581, 1), (5636, 1), (5700, 1), (5707, 1), (5761, 1), (6130, 1), (6581, 1), (6741, 1), (6842, 2), (6864, 2), (6913, 1), (6963, 1), (7105, 2), (7423, 4), (7538, 1), (7592, 2), (7743, 3), (7930, 1), (8254, 1), (8634, 2), (8730, 2), (8789, 1), (9221, 3), (9385, 1), (9594, 2), (9779, 3), (9924, 1)
bear17 (DF: 1): (9944, 1)
beard (DF: 17): (275, 8), (393, 1), (575, 2), (1211, 1), (1661, 1), (1707, 1), (3521, 3), (4466, 1), (4779, 4), (4941, 1), (5908, 1), (6068, 2), (6795, 1), (7810, 9), (8395, 1), (8682, 1), (8838, 1)
bearer (DF: 4): (3194, 3), (4746, 1), (6607, 1), (9143, 1)
bearson (DF: 2): (2008, 1), (8647, 2)
beartooth (DF: 2): (114, 1), (5920, 1)
beartrap (DF: 3): (3843, 1), (5511, 1), (6396, 1)
beast (DF: 93): (183, 1), (287, 15), (490, 1), (491, 2), (641, 1), (700, 1), (801, 1), (874, 5), (1265, 1), (1319, 1), (1340, 1), (1463, 1), (1498, 3), (1575, 2), (1625, 1), (1674, 1), (1699, 1), (1760, 2), (2042, 2), (2194, 1), (2226, 1), (2250, 2), (2416, 1), (2613, 4), (2705, 2), (3003, 1), (3327, 2), (3406, 1), (3416, 1), (3507, 1), (3511, 1), (3632, 1), (3980, 1), (4059, 2), (4084, 1), (4122, 1), (4199, 6), (4247, 1), (4420, 1), (4488, 1), (4615, 1), (4652, 1), (4770, 2), (4889, 1), (4921, 1), (4957, 1), (5255, 16), (5274, 1), (5309, 1), (5361, 1), (5454, 2), (5626, 2), (5804, 1), (5814, 1), (5857, 1), (5875, 1), (5957, 1), (5974, 1), (6010, 1), (6100, 1), (6192, 1), (6332, 1), (6403, 1), (6572, 1), (6649, 1), (6688, 1), (6771, 1), (6885, 6), (7105, 2), (7148, 1), (7207, 1), (7235, 1), (7589, 1), (7789, 1), (7857, 1), (8009, 1), (8030, 1), (8065, 1), (8168, 1), (8337, 2), (8379, 1), (8397, 2), (8529, 1), (8696, 1), (8825, 1), (8830, 1), (8893, 1), (9102, 1), (9283, 20), (9331, 1), (9458, 4), (9513, 1), (9952, 1)
beast666 (DF: 1): (4199, 1)
beasti (DF: 3): (1560, 1), (5338, 1), (7635, 1)
beastin (DF: 2): (494, 1), (4585, 1)
beastmod (DF: 1): (1625, 1)
beat (DF: 820): (20, 1), (25, 2), (27, 3), (31, 2), (42, 1), (48, 2), (51, 2), (67, 1), (69, 1), (73, 1), (74, 2), (80, 1), (82, 2), (92, 1), (94, 9), (107, 2), (121, 3), (124, 1), (125, 1), (149, 1), (155, 3), (172, 1), (178, 1), (183, 1), (193, 1), (197, 3), (202, 1), (218, 1), (227, 1), (235, 4), (248, 1), (258, 1), (268, 1), (270, 2), (274, 2), (279, 24), (282, 2), (306, 1), (310, 1), (332, 2), (337, 1), (379, 3), (397, 5), (405, 1), (408, 4), (410, 4), (418, 2), (446, 15), (449, 2), (484, 2), (510, 1), (515, 2), (533, 1), (538, 1), (545, 1), (550, 3), (558, 2), (569, 1), (579, 1), (583, 1), (656, 31), (669, 2), (676, 1), (683, 1), (692, 4), (698, 10), (711, 1), (731, 1), (736, 1), (772, 2), (774, 2), (775, 2), (818, 4), (819, 1), (821, 1), (824, 1), (834, 3), (866, 2), (881, 1), (921, 1), (925, 1), (929, 1), (939, 1), (947, 1), (966, 2), (973, 4), (975, 1), (978, 2), (979, 12), (985, 1), (999, 2), (1024, 3), (1050, 1), (1055, 1), (1057, 1), (1058, 2), (1059, 1), (1074, 8), (1076, 1), (1086, 3), (1100, 1), (1136, 1), (1151, 1), (1155, 1), (1169, 1), (1206, 2), (1212, 1), (1236, 1), (1256, 1), (1263, 1), (1276, 1), (1285, 1), (1286, 4), (1297, 1), (1303, 6), (1304, 1), (1319, 4), (1408, 1), (1410, 1), (1415, 1), (1431, 1), (1432, 1), (1453, 1), (1462, 1), (1467, 1), (1469, 1), (1484, 1), (1491, 1), (1499, 1), (1504, 2), (1523, 1), (1542, 1), (1550, 4), (1556, 1), (1573, 2), (1593, 1), (1619, 1), (1626, 8), (1631, 1), (1636, 1), (1645, 2), (1648, 1), (1672, 1), (1683, 1), (1700, 1), (1741, 1), (1743, 1), (1757, 1), (1766, 1), (1783, 2), (1785, 1), (1792, 1), (1806, 1), (1812, 1), (1820, 5), (1844, 1), (1856, 2), (1862, 1), (1863, 1), (1869, 1), (1882, 1), (1896, 1), (1904, 1), (1948, 4), (1988, 2), (1995, 23), (2038, 1), (2045, 1), (2048, 2), (2058, 1), (2060, 1), (2069, 1), (2075, 1), (2076, 2), (2116, 1), (2128, 4), (2142, 1), (2160, 1), (2177, 1), (2178, 1), (2179, 2), (2183, 2), (2186, 3), (2191, 2), (2194, 1), (2196, 2), (2197, 2), (2217, 1), (2220, 1), (2225, 1), (2230, 1), (2244, 2), (2251, 3), (2255, 1), (2274, 1), (2283, 1), (2305, 1), (2311, 1), (2317, 1), (2333, 1), (2334, 1), (2343, 1), (2349, 2), (2359, 2), (2397, 1), (2399, 1), (2465, 4), (2494, 1), (2524, 1), (2539, 2), (2559, 2), (2561, 1), (2566, 1), (2607, 3), (2611, 1), (2612, 8), (2629, 20), (2631, 1), (2652, 1), (2678, 1), (2705, 6), (2708, 1), (2711, 1), (2716, 1), (2750, 3), (2761, 3), (2797, 1), (2800, 1), (2804, 1), (2825, 3), (2840, 1), (2850, 1), (2851, 2), (2854, 2), (2857, 2), (2881, 1), (2892, 1), (2896, 1), (2930, 5), (2944, 1), (2957, 1), (2964, 1), (2976, 3), (2997, 1), (3019, 1), (3059, 1), (3091, 1), (3109, 5), (3132, 1), (3142, 1), (3145, 1), (3174, 3), (3185, 1), (3187, 1), (3217, 1), (3231, 12), (3235, 1), (3237, 2), (3248, 1), (3251, 5), (3300, 1), (3319, 1), (3325, 2), (3329, 1), (3364, 2), (3365, 3), (3391, 1), (3396, 2), (3427, 12), (3437, 1), (3444, 1), (3451, 3), (3456, 1), (3467, 1), (3483, 1), (3498, 2), (3503, 1), (3510, 2), (3513, 1), (3528, 1), (3538, 1), (3539, 1), (3549, 1), (3553, 4), (3561, 1), (3562, 1), (3570, 2), (3613, 1), (3617, 2), (3620, 6), (3624, 1), (3625, 2), (3626, 1), (3628, 1), (3631, 1), (3647, 1), (3654, 1), (3668, 2), (3672, 2), (3693, 61), (3731, 1), (3741, 2), (3764, 1), (3794, 3), (3814, 3), (3817, 3), (3826, 2), (3866, 1), (3884, 9), (3894, 1), (3909, 1), (3911, 1), (3915, 1), (3922, 4), (3923, 3), (3936, 253), (3956, 1), (3966, 17), (3982, 3), (3988, 1), (3998, 1), (4023, 2), (4026, 1), (4045, 1), (4052, 1), (4059, 1), (4076, 1), (4104, 1), (4114, 1), (4115, 1), (4117, 1), (4142, 2), (4150, 1), (4178, 2), (4188, 2), (4201, 6), (4217, 1), (4226, 1), (4228, 6), (4250, 1), (4256, 1), (4273, 1), (4279, 1), (4303, 1), (4304, 1), (4314, 2), (4316, 1), (4346, 3), (4350, 1), (4357, 5), (4380, 2), (4381, 1), (4427, 1), (4429, 1), (4440, 1), (4473, 1), (4476, 8), (4506, 5), (4561, 1), (4585, 1), (4587, 1), (4603, 1), (4614, 1), (4654, 1), (4660, 2), (4661, 1), (4669, 1), (4680, 1), (4682, 1), (4686, 1), (4712, 2), (4717, 5), (4727, 1), (4739, 1), (4740, 1), (4743, 1), (4760, 1), (4764, 1), (4784, 3), (4788, 4), (4818, 1), (4822, 4), (4828, 4), (4830, 1), (4838, 1), (4843, 1), (4864, 3), (4866, 1), (4889, 8), (4901, 8), (4929, 1), (4937, 2), (4956, 1), (4957, 1), (4965, 1), (4983, 2), (4996, 2), (4998, 3), (5003, 1), (5021, 2), (5032, 2), (5033, 8), (5049, 1), (5056, 1), (5060, 20), (5071, 1), (5073, 3), (5078, 3), (5088, 5), (5112, 1), (5119, 2), (5123, 2), (5142, 3), (5225, 1), (5228, 2), (5245, 1), (5248, 2), (5251, 1), (5256, 1), (5278, 1), (5294, 2), (5302, 2), (5309, 1), (5311, 1), (5312, 1), (5316, 3), (5323, 1), (5330, 2), (5331, 8), (5336, 1), (5345, 1), (5349, 2), (5362, 2), (5424, 1), (5434, 1), (5435, 22), (5445, 1), (5474, 1), (5483, 2), (5489, 1), (5490, 1), (5491, 1), (5494, 1), (5506, 3), (5513, 2), (5528, 20), (5533, 1), (5538, 1), (5540, 1), (5548, 1), (5564, 1), (5571, 1), (5578, 2), (5591, 2), (5594, 1), (5618, 5), (5630, 1), (5634, 3), (5640, 9), (5644, 1), (5654, 1), (5667, 2), (5715, 1), (5722, 1), (5730, 1), (5742, 12), (5769, 2), (5789, 2), (5802, 4), (5838, 3), (5859, 1), (5862, 1), (5865, 1), (5892, 2), (5919, 1), (5933, 2), (5955, 2), (5960, 2), (5981, 1), (6061, 1), (6065, 1), (6070, 8), (6085, 2), (6086, 1), (6104, 1), (6107, 6), (6114, 1), (6146, 1), (6151, 2), (6157, 1), (6163, 2), (6189, 1), (6214, 1), (6225, 2), (6244, 1), (6265, 1), (6275, 1), (6285, 3), (6291, 1), (6327, 1), (6350, 1), (6361, 1), (6363, 2), (6370, 1), (6372, 1), (6381, 1), (6392, 2), (6403, 1), (6411, 1), (6436, 9), (6446, 3), (6448, 3), (6462, 1), (6474, 1), (6497, 1), (6500, 3), (6505, 1), (6513, 2), (6520, 5), (6524, 1), (6571, 1), (6572, 1), (6573, 1), (6579, 2), (6582, 2), (6585, 1), (6587, 2), (6595, 1), (6608, 2), (6629, 1), (6644, 4), (6654, 1), (6675, 1), (6727, 1), (6741, 3), (6746, 1), (6747, 1), (6751, 1), (6761, 1), (6763, 1), (6769, 1), (6786, 1), (6799, 1), (6811, 3), (6824, 1), (6830, 1), (6837, 1), (6869, 1), (6884, 1), (6888, 1), (6895, 1), (6899, 4), (6901, 1), (6919, 1), (6920, 2), (6978, 1), (6993, 1), (7014, 1), (7020, 1), (7032, 1), (7035, 2), (7046, 4), (7051, 1), (7060, 2), (7093, 8), (7094, 1), (7096, 1), (7105, 1), (7137, 1), (7159, 8), (7189, 1), (7190, 1), (7193, 2), (7209, 1), (7213, 3), (7214, 1), (7218, 2), (7236, 6), (7250, 2), (7268, 1), (7269, 1), (7270, 2), (7292, 1), (7304, 1), (7311, 4), (7323, 1), (7336, 4), (7351, 1), (7360, 1), (7387, 1), (7392, 4), (7393, 1), (7403, 2), (7423, 1), (7425, 3), (7435, 4), (7442, 1), (7451, 9), (7465, 1), (7466, 1), (7480, 1), (7492, 1), (7514, 2), (7540, 1), (7543, 12), (7580, 1), (7596, 3), (7601, 1), (7616, 3), (7634, 1), (7648, 1), (7666, 1), (7671, 1), (7685, 4), (7688, 1), (7715, 1), (7718, 1), (7721, 1), (7730, 2), (7754, 2), (7767, 5), (7775, 2), (7785, 1), (7786, 2), (7789, 1), (7806, 1), (7814, 1), (7827, 3), (7847, 1), (7856, 4), (7871, 1), (7883, 6), (7903, 1), (7920, 1), (7933, 1), (7939, 1), (7943, 1), (7963, 1), (7969, 1), (7973, 1), (7988, 1), (8004, 2), (8009, 1), (8034, 6), (8079, 1), (8083, 1), (8113, 3), (8119, 1), (8124, 2), (8141, 1), (8156, 1), (8175, 2), (8194, 1), (8201, 3), (8204, 1), (8214, 1), (8215, 1), (8218, 1), (8225, 1), (8232, 1), (8235, 5), (8249, 1), (8267, 6), (8271, 1), (8273, 1), (8284, 1), (8296, 1), (8301, 3), (8304, 1), (8311, 1), (8315, 1), (8325, 1), (8327, 1), (8330, 2), (8331, 2), (8344, 3), (8375, 5), (8380, 1), (8395, 1), (8397, 1), (8417, 2), (8424, 3), (8429, 1), (8449, 1), (8450, 2), (8457, 3), (8477, 2), (8486, 1), (8492, 2), (8498, 1), (8510, 2), (8511, 2), (8528, 1), (8529, 23), (8532, 2), (8536, 3), (8538, 1), (8554, 1), (8563, 1), (8571, 1), (8574, 1), (8615, 1), (8627, 1), (8629, 1), (8667, 1), (8687, 2), (8698, 1), (8701, 3), (8705, 1), (8707, 1), (8723, 1), (8725, 4), (8729, 1), (8737, 6), (8741, 2), (8756, 1), (8776, 4), (8779, 1), (8780, 1), (8797, 13), (8811, 1), (8814, 2), (8825, 1), (8870, 1), (8881, 1), (8902, 1), (8903, 1), (8925, 1), (8960, 1), (8967, 5), (8968, 1), (8974, 2), (8992, 1), (8995, 4), (9007, 1), (9010, 1), (9011, 2), (9014, 1), (9030, 1), (9032, 1), (9062, 3), (9119, 5), (9130, 1), (9135, 1), (9140, 1), (9144, 3), (9152, 12), (9196, 1), (9211, 1), (9214, 2), (9224, 1), (9231, 3), (9238, 1), (9240, 1), (9263, 1), (9274, 1), (9287, 3), (9290, 3), (9297, 1), (9308, 3), (9309, 1), (9315, 1), (9352, 1), (9353, 1), (9354, 20), (9357, 1), (9379, 1), (9394, 1), (9402, 1), (9412, 2), (9425, 1), (9451, 2), (9457, 1), (9468, 6), (9472, 7), (9478, 1), (9486, 3), (9494, 4), (9513, 3), (9523, 1), (9530, 1), (9540, 1), (9593, 2), (9602, 1), (9620, 1), (9627, 1), (9633, 4), (9639, 4), (9641, 2), (9642, 3), (9649, 1), (9658, 1), (9666, 1), (9669, 1), (9699, 3), (9712, 1), (9717, 1), (9749, 1), (9752, 1), (9754, 2), (9759, 1), (9762, 1), (9768, 1), (9794, 4), (9802, 1), (9812, 2), (9813, 2), (9828, 1), (9845, 1), (9846, 1), (9849, 1), (9860, 4), (9868, 5), (9893, 2), (9896, 2), (9909, 4), (9918, 1), (9965, 1), (9982, 1), (9996, 1)
beatbox (DF: 3): (540, 1), (1995, 2), (5032, 3)
beatboxin (DF: 1): (2399, 1)
beatchild (DF: 1): (2465, 1)
beatdown (DF: 3): (4279, 2), (4468, 1), (9486, 1)
beaten (DF: 10): (674, 1), (1251, 1), (2044, 6), (3373, 1), (3848, 1), (5309, 1), (5567, 1), (8223, 1), (9345, 1), (9613, 3)
beater (DF: 3): (446, 1), (2679, 1), (6766, 1)
beatet (DF: 1): (3527, 1)
beatin (DF: 26): (303, 4), (538, 1), (1055, 1), (1143, 1), (1319, 1), (1470, 1), (2467, 2), (2994, 4), (3487, 1), (3529, 1), (4042, 1), (4731, 1), (5946, 2), (6157, 1), (6332, 2), (6629, 1), (7280, 15), (7369, 1), (7497, 4), (7691, 1), (7732, 1), (7946, 1), (7969, 1), (8338, 2), (9102, 2), (9379, 1)
