verkauf (DF: 1): (7720, 1)
verkauft (DF: 6): (246, 1), (2463, 1), (3381, 4), (5206, 1), (7479, 5), (7521, 1)
verkehrt (DF: 1): (3466, 1)
verklopp (DF: 1): (2170, 1)
verkoop (DF: 1): (6184, 1)
verl (DF: 12): (667, 1), (1810, 2), (2530, 8), (4954, 10), (6249, 1), (7284, 1), (7780, 1), (7935, 1), (8994, 8), (9545, 2), (9697, 6), (9872, 1)
verlag (DF: 1): (6238, 1)
verlang (DF: 2): (5053, 1), (9999, 1)
verlangert (DF: 1): (5429, 1)
verlauf (DF: 1): (3381, 1)
verleih (DF: 1): (7521, 1)
verleng (DF: 1): (8418, 1)
verletz (DF: 1): (4318, 1)
verletzt (DF: 1): (9795, 1)
verli (DF: 2): (1238, 1), (9795, 3)
verliebt (DF: 2): (3381, 5), (4989, 1)
verlierst (DF: 1): (4816, 1)
verliert (DF: 1): (8498, 1)
verliess (DF: 1): (3212, 2)
verliezen (DF: 1): (3864, 1)
verlor (DF: 4): (246, 1), (3849, 1), (8340, 1), (8651, 2)
verlorn (DF: 1): (3984, 1)
verm (DF: 15): (480, 1), (813, 1), (1213, 2), (3403, 2), (3954, 1), (4518, 1), (4544, 1), (4729, 6), (5109, 1), (6249, 1), (6541, 1), (7392, 2), (7653, 12), (9034, 1), (9387, 1)
vermehr (DF: 2): (2729, 1), (5049, 1)
vermehrt (DF: 2): (4743, 1), (5382, 1)
vermelho (DF: 1): (3364, 1)
vermin (DF: 2): (2410, 1), (7758, 1)
vermisst (DF: 2): (4876, 2), (8340, 1)
vern (DF: 5): (3588, 2), (6884, 1), (7935, 1), (8352, 1), (9607, 4)
vernacular (DF: 2): (121, 1), (3584, 2)
vernarbt (DF: 1): (1244, 1)
vernarrt (DF: 1): (3212, 1)
vernasch (DF: 2): (3067, 1), (7373, 1)
verneig (DF: 1): (6835, 1)
vernetzt (DF: 1): (2574, 1)
vernicht (DF: 1): (1244, 1)
vernon (DF: 7): (3601, 2), (4051, 1), (4645, 2), (4720, 1), (5309, 1), (8708, 1), (9046, 1)
vernonvill (DF: 2): (4023, 1), (4690, 1)
vernunft (DF: 3): (2376, 1), (3381, 1), (3849, 1)
veronica (DF: 2): (2140, 1), (4126, 2)
verp (DF: 2): (483, 2), (1654, 2)
verpack (DF: 3): (2376, 1), (2463, 1), (9788, 1)
verpackt (DF: 2): (2100, 4), (5382, 1)
verpass (DF: 1): (3123, 1)
verpasst (DF: 2): (484, 1), (5955, 1)
verpest (DF: 1): (2638, 3)
verpestet (DF: 1): (484, 1)
verpfeif (DF: 1): (2637, 1)
verpiss (DF: 1): (2170, 2)
verr (DF: 2): (540, 1), (8198, 1)
verra (DF: 1): (4855, 1)
verrat (DF: 7): (1484, 1), (1583, 1), (3381, 1), (4387, 1), (4743, 1), (5206, 1), (7983, 1)
verrater (DF: 1): (3108, 1)
verreck (DF: 1): (4816, 1)
verricht (DF: 1): (5559, 1)
verriegel (DF: 1): (2637, 1)
verrinnt (DF: 1): (2327, 1)
verruckt (DF: 2): (3466, 1), (9788, 2)
vers (DF: 173): (40, 1), (74, 2), (80, 1), (197, 1), (200, 1), (332, 1), (348, 1), (353, 1), (417, 1), (441, 3), (444, 1), (557, 1), (581, 1), (646, 1), (1028, 1), (1051, 2), (1084, 1), (1088, 1), (1099, 1), (1187, 1), (1190, 4), (1196, 1), (1390, 2), (1396, 2), (1456, 1), (1471, 1), (1611, 3), (1637, 2), (1687, 1), (1692, 2), (1693, 1), (1757, 2), (1929, 1), (1972, 1), (2045, 1), (2056, 2), (2083, 2), (2097, 2), (2145, 1), (2213, 2), (2255, 1), (2347, 1), (2488, 1), (2490, 2), (2565, 1), (2647, 2), (2676, 1), (2692, 1), (2745, 2), (2792, 3), (2824, 2), (2884, 1), (2932, 2), (2943, 1), (3184, 1), (3197, 2), (3221, 2), (3258, 2), (3272, 1), (3420, 3), (3439, 1), (3479, 1), (3490, 2), (3565, 3), (3726, 1), (3741, 1), (3854, 1), (3934, 1), (4013, 1), (4082, 2), (4091, 1), (4244, 1), (4302, 1), (4407, 1), (4426, 2), (4461, 2), (4527, 2), (4579, 1), (4588, 2), (4617, 3), (4809, 3), (4931, 1), (4938, 1), (5018, 1), (5120, 2), (5172, 1), (5228, 2), (5363, 1), (5386, 4), (5463, 2), (5478, 2), (5483, 1), (5529, 4), (5574, 2), (5581, 1), (5628, 1), (5725, 1), (5794, 1), (5814, 3), (5862, 1), (5942, 1), (5957, 1), (5967, 1), (5998, 1), (6040, 1), (6393, 1), (6453, 2), (6480, 2), (6490, 3), (6602, 1), (6667, 1), (6748, 1), (6818, 1), (6831, 2), (6862, 2), (6937, 2), (6960, 3), (7140, 2), (7218, 1), (7252, 3), (7364, 3), (7480, 1), (7569, 1), (7586, 1), (7715, 2), (7726, 1), (7788, 2), (7929, 3), (7935, 1), (7948, 1), (8054, 3), (8061, 1), (8109, 2), (8171, 1), (8231, 1), (8242, 2), (8245, 2), (8248, 1), (8255, 4), (8268, 2), (8322, 2), (8445, 3), (8532, 1), (8536, 1), (8596, 1), (8778, 4), (8787, 3), (8902, 1), (8926, 1), (8955, 2), (9032, 1), (9057, 1), (9063, 3), (9092, 2), (9212, 3), (9420, 4), (9430, 3), (9432, 4), (9442, 6), (9633, 1), (9664, 1), (9698, 1), (9729, 1), (9831, 4), (9866, 2), (9875, 1), (9938, 1), (9950, 1), (9968, 2), (9993, 1), (9995, 1), (6763, 1), (6764, 2)
versa (DF: 4): (726, 1), (1497, 1), (1675, 1), (2592, 18)
