tocc (DF: 6): (4587, 1), (4873, 1), (5821, 1), (6341, 2), (8198, 1), (8264, 2)
toccara (DF: 1): (3248, 1)
toch (DF: 6): (2638, 1), (3864, 1), (5917, 1), (7519, 1), (7547, 1), (8418, 1)
tocht (DF: 2): (8999, 1), (9788, 1)
tock (DF: 19): (257, 4), (502, 9), (948, 12), (1355, 4), (1556, 1), (1748, 1), (2476, 1), (3604, 4), (4218, 1), (4381, 1), (7463, 1), (7505, 1), (7554, 1), (8356, 4), (9549, 3), (9729, 2), (9751, 3), (9863, 1), (9980, 4)
tod (DF: 174): (10, 2), (14, 1), (117, 1), (178, 1), (227, 1), (276, 1), (283, 1), (328, 6), (353, 5), (364, 2), (366, 1), (397, 1), (403, 1), (437, 1), (628, 1), (885, 1), (889, 1), (897, 2), (934, 2), (1022, 1), (1033, 6), (1099, 1), (1296, 1), (1300, 1), (1305, 1), (1395, 2), (1453, 1), (1461, 5), (1481, 10), (1584, 1), (1687, 1), (1778, 2), (1810, 4), (2021, 1), (2027, 2), (2033, 1), (2043, 1), (2088, 1), (2098, 1), (2108, 1), (2180, 1), (2275, 1), (2316, 1), (2328, 1), (2336, 1), (2342, 2), (2377, 1), (2601, 2), (2785, 2), (2938, 3), (3062, 1), (3070, 2), (3080, 1), (3093, 2), (3158, 2), (3269, 1), (3351, 1), (3381, 2), (3399, 2), (3489, 1), (3492, 1), (3580, 4), (3590, 8), (3596, 1), (3603, 2), (3853, 2), (3932, 1), (3981, 2), (3984, 1), (4207, 1), (4236, 1), (4344, 1), (4361, 4), (4445, 1), (4507, 1), (4515, 1), (4560, 1), (4671, 2), (4908, 12), (4912, 1), (4954, 2), (5246, 3), (5352, 2), (5358, 1), (5363, 1), (5364, 1), (5512, 1), (5522, 2), (5563, 1), (5592, 2), (5745, 4), (5826, 1), (5883, 3), (5945, 1), (5991, 2), (6079, 10), (6175, 1), (6248, 1), (6249, 1), (6279, 4), (6399, 2), (6422, 1), (6432, 2), (6438, 1), (6513, 1), (6628, 2), (6650, 10), (6656, 3), (6659, 2), (6808, 1), (6810, 4), (6818, 1), (6974, 1), (7003, 1), (7068, 1), (7171, 1), (7274, 2), (7284, 1), (7301, 2), (7415, 3), (7463, 1), (7501, 1), (7504, 1), (7526, 1), (7546, 1), (7586, 1), (7604, 2), (7693, 5), (7780, 3), (7820, 1), (7854, 1), (7863, 1), (7879, 1), (7925, 1), (7935, 1), (7942, 1), (8036, 1), (8131, 1), (8205, 1), (8278, 1), (8406, 8), (8516, 6), (8542, 3), (8606, 6), (8624, 1), (8733, 1), (8829, 1), (8882, 18), (8902, 2), (8914, 1), (8919, 2), (8940, 2), (8994, 2), (8997, 1), (9040, 4), (9079, 2), (9108, 1), (9302, 2), (9431, 1), (9532, 2), (9575, 1), (9607, 5), (9641, 2), (9697, 3), (9740, 2), (9867, 5), (9872, 3), (9938, 1), (9960, 4), (12, 8), (3090, 1), (3092, 2), (3890, 1), (3891, 2)
toda (DF: 24): (1072, 4), (1278, 5), (1659, 2), (2242, 1), (2308, 4), (2843, 1), (3215, 1), (4016, 2), (5719, 2), (5859, 2), (6234, 4), (6270, 1), (7175, 1), (7197, 1), (7583, 1), (7869, 1), (8113, 1), (8363, 1), (8858, 3), (9087, 1), (9355, 2), (9474, 5), (9812, 1), (9860, 2)
todav (DF: 29): (180, 1), (347, 2), (1042, 3), (1296, 1), (1677, 1), (2782, 1), (3028, 1), (3603, 1), (4189, 1), (4236, 1), (4515, 1), (6336, 1), (6588, 6), (6939, 1), (7003, 6), (7288, 4), (7457, 1), (7676, 1), (7766, 1), (7851, 5), (7935, 4), (8256, 7), (8518, 1), (8997, 1), (9039, 15), (9079, 1), (9185, 1), (9318, 2), (9719, 2)
todavi (DF: 3): (1443, 1), (3106, 3), (4009, 2)
today (DF: 150): (13, 1), (45, 1), (59, 1), (65, 1), (93, 3), (110, 1), (219, 2), (254, 1), (267, 8), (300, 3), (336, 1), (343, 1), (348, 1), (360, 1), (387, 1), (426, 1), (432, 1), (453, 1), (482, 1), (496, 1), (514, 1), (520, 2), (528, 1), (574, 1), (604, 8), (662, 1), (774, 1), (801, 1), (807, 1), (821, 2), (837, 8), (842, 1), (914, 1), (932, 1), (976, 1), (988, 1), (1053, 19), (1059, 1), (1114, 2), (1145, 1), (1152, 1), (1160, 2), (1202, 4), (1214, 3), (1270, 3), (1287, 1), (1311, 1), (1316, 1), (1328, 1), (1344, 5), (1374, 6), (1385, 4), (1392, 1), (1413, 1), (1442, 3), (1466, 1), (1469, 1), (1471, 2), (1473, 12), (1479, 1), (1552, 1), (1581, 1), (1604, 1), (1664, 6), (1700, 3), (1745, 1), (1755, 2), (1837, 1), (1860, 1), (1961, 5), (1973, 1), (1981, 1), (2004, 4), (2010, 1), (2013, 1), (2015, 1), (2057, 1), (2072, 1), (2074, 1), (2080, 1), (2115, 1), (2119, 1), (2177, 1), (2218, 1), (2232, 7), (2333, 1), (2374, 2), (2389, 1), (2407, 4), (2415, 1), (2509, 1), (2569, 1), (2571, 1), (2584, 1), (2670, 1), (2695, 1), (2715, 1), (2836, 3), (2846, 1), (2849, 1), (2861, 3), (2935, 1), (2954, 6), (2980, 8), (2989, 5), (2996, 1), (3001, 13), (3008, 2), (3033, 1), (3050, 6), (3054, 1), (3107, 1), (3128, 9), (3177, 1), (3178, 1), (3192, 3), (3250, 1), (3281, 1), (3289, 1), (3318, 1), (3335, 1), (3369, 2), (3376, 2), (3393, 1), (3456, 1), (3470, 1), (3499, 1), (3526, 1), (3549, 1), (3553, 4), (3575, 2), (3597, 1), (3605, 1), (3612, 1), (3632, 1), (3663, 4), (3676, 1), (3704, 1), (3709, 4), (3714, 2), (3718, 3), (3784, 1), (3807, 2), (3810, 1), (3855, 1), (3884, 1), (3904, 1), (3914, 1), (3952, 3), (3979, 1)
