broad (DF: 39): (3790, 1), (3821, 2), (4315, 1), (4411, 1), (4603, 1), (4679, 1), (4680, 1), (4684, 1), (4762, 1), (4982, 1), (5031, 12), (5144, 3), (5200, 1), (5369, 1), (5560, 1), (5627, 2), (5753, 1), (5797, 12), (5840, 1), (6265, 1), (6342, 1), (6350, 1), (6571, 1), (6602, 1), (6629, 1), (7339, 1), (7611, 1), (7650, 1), (7732, 1), (7800, 1), (8141, 1), (8467, 1), (8661, 1), (8745, 1), (9035, 2), (9251, 5), (9393, 1), (9710, 12), (9751, 2)
broadcast (DF: 2): (1875, 1), (1994, 1)
broadcastin (DF: 2): (2607, 1), (4844, 1)
broaden (DF: 1): (9341, 1)
broadhurst (DF: 1): (4268, 1)
broadway (DF: 12): (896, 3), (1243, 1), (1748, 1), (2139, 2), (4428, 1), (4788, 2), (5243, 1), (5464, 1), (6125, 1), (7195, 3), (7580, 1), (8475, 1)
broccoli (DF: 6): (1648, 6), (2104, 1), (2198, 1), (7250, 1), (7339, 1), (9833, 4)
broch (DF: 1): (345, 2)
brochet (DF: 1): (540, 1)
brock (DF: 1): (4912, 1)
brockbeat (DF: 2): (7920, 1), (7963, 1)
brockhampton (DF: 5): (1473, 1), (2263, 1), (2969, 1), (9268, 1), (9538, 1)
brod (DF: 1): (7466, 1)
broda (DF: 1): (430, 1)
brodi (DF: 1): (3507, 1)
broeder (DF: 26): (43, 1), (812, 1), (852, 1), (1077, 1), (1318, 1), (1432, 1), (1619, 1), (2638, 1), (3355, 1), (3453, 1), (3748, 1), (3864, 1), (4256, 1), (4465, 1), (4607, 1), (4665, 1), (4849, 1), (5917, 1), (6303, 1), (6641, 1), (7421, 1), (7519, 1), (8418, 1), (8831, 1), (9425, 1), (9595, 1)
broederliefd (DF: 26): (43, 1), (812, 1), (852, 1), (1077, 1), (1318, 1), (1432, 1), (1619, 1), (2638, 1), (3355, 1), (3453, 1), (3748, 1), (3864, 1), (4256, 1), (4465, 1), (4607, 1), (4665, 1), (4849, 3), (5917, 1), (6303, 1), (6641, 1), (7421, 1), (7519, 1), (8418, 1), (8831, 1), (9425, 1), (9595, 1)
broer (DF: 2): (3748, 1), (8418, 2)
brohug (DF: 2): (1537, 2), (8875, 1)
broideal (DF: 1): (6600, 1)
broiler (DF: 4): (1408, 1), (2281, 1), (5472, 1), (8120, 2)
brok (DF: 1): (1284, 2)
brokanes (DF: 1): (3884, 2)
broke (DF: 243): (51, 10), (81, 1), (140, 2), (150, 2), (169, 2), (176, 6), (183, 1), (191, 2), (219, 1), (220, 1), (235, 2), (244, 1), (264, 2), (302, 1), (377, 3), (486, 1), (504, 1), (516, 1), (536, 2), (579, 1), (581, 2), (591, 1), (689, 1), (714, 1), (746, 2), (753, 1), (805, 1), (846, 3), (857, 1), (893, 4), (915, 1), (951, 1), (993, 1), (1016, 1), (1068, 3), (1196, 2), (1286, 1), (1304, 1), (1332, 5), (1374, 6), (1448, 1), (1490, 1), (1532, 2), (1548, 2), (1550, 4), (1566, 2), (1573, 6), (1575, 3), (1623, 1), (1625, 1), (1661, 1), (1663, 2), (1694, 2), (1708, 1), (1760, 3), (1797, 1), (1820, 4), (1849, 1), (1894, 1), (1913, 5), (1948, 1), (1956, 1), (2004, 1), (2045, 1), (2058, 1), (2062, 1), (2064, 3), (2076, 1), (2083, 6), (2103, 2), (2104, 1), (2156, 1), (2172, 1), (2176, 2), (2192, 1), (2206, 1), (2217, 2), (2241, 1), (2278, 3), (2322, 1), (2356, 1), (2422, 1), (2580, 6), (2599, 2), (2619, 1), (2634, 2), (2665, 4), (2676, 1), (2767, 1), (2801, 2), (2809, 1), (2821, 1), (2840, 3), (2887, 3), (2907, 2), (2927, 1), (2962, 1), (2991, 1), (3033, 1), (3065, 1), (3075, 1), (3079, 2), (3083, 1), (3086, 1), (3147, 1), (3152, 3), (3179, 1), (3235, 1), (3245, 1), (3248, 1), (3293, 1), (3345, 1), (3350, 1), (3366, 2), (3368, 1), (3394, 3), (3427, 1), (3444, 1), (3557, 2), (3568, 1), (3584, 2), (3624, 1), (3727, 1), (3753, 1), (3769, 1), (3792, 6), (3811, 1), (3815, 6), (3855, 4), (3873, 3), (3879, 1), (3884, 8), (3902, 1), (3933, 1), (3939, 1), (3941, 1), (3963, 3), (4022, 1), (4023, 1), (4069, 1), (4122, 1), (4226, 3), (4232, 8), (4255, 1), (4364, 1), (4400, 2), (4503, 1), (4603, 1), (4604, 1), (4608, 1), (4661, 1), (4689, 2), (4767, 1), (4778, 1), (4789, 13), (4831, 4), (4834, 3), (4837, 1), (4844, 1), (4887, 1), (4888, 2), (4907, 1), (4933, 1), (4968, 1), (4995, 1), (5055, 1), (5085, 1), (5086, 1), (5106, 1), (5111, 2), (5152, 1), (5177, 1), (5199, 2), (5225, 2), (5250, 2), (5260, 1), (5277, 1), (5296, 1), (5308, 1), (5314, 1), (5316, 1), (5327, 1), (5343, 1), (5370, 1), (5401, 1), (5456, 1), (5486, 1), (5499, 1), (5645, 1), (5667, 2), (5682, 1), (5690, 1), (5715, 1), (5759, 1), (5797, 6), (5817, 1), (5837, 1), (5873, 2), (5878, 3), (5950, 2), (6006, 2), (6009, 1), (6043, 1), (6092, 1), (6096, 1), (6102, 1), (6129, 1), (6141, 1), (6144, 3), (6173, 1), (6247, 1), (6272, 1), (6361, 2), (6484, 10), (6488, 3), (6572, 1), (6573, 3), (6636, 1), (6667, 1), (6704, 2), (6709, 2), (6732, 1), (6745, 2), (6796, 1), (6885, 2), (6936, 1), (6948, 4), (6981, 2), (7060, 1), (7076, 2), (7084, 1), (7096, 4), (7102, 1), (7134, 1), (7142, 5), (7149, 1), (7162, 1), (7192, 2), (7209, 2), (7220, 2), (7224, 1), (7235, 1), (7250, 1)
