solver (DF: 4): (337, 1), (3926, 1), (4468, 1), (7237, 1)
solzhenitsyn (DF: 1): (3985, 1)
solána (DF: 1): (1587, 2)
som (DF: 56): (229, 3), (283, 1), (982, 8), (1046, 10), (1278, 2), (1296, 1), (1465, 2), (1659, 3), (2018, 1), (2021, 1), (2152, 7), (2680, 1), (2757, 1), (2952, 1), (3419, 1), (3527, 5), (3591, 1), (3838, 1), (4143, 1), (4297, 2), (4357, 3), (4425, 1), (4504, 1), (4651, 1), (4714, 43), (4991, 4), (5017, 2), (5156, 1), (5606, 1), (5621, 2), (5859, 1), (5962, 1), (5990, 1), (6008, 4), (6513, 1), (7077, 12), (7200, 6), (7211, 1), (7367, 4), (7428, 2), (7603, 5), (8036, 1), (8352, 1), (8406, 2), (8420, 1), (8564, 9), (8632, 1), (8928, 1), (8989, 2), (9070, 1), (9087, 1), (9607, 20), (9648, 2), (9762, 1), (9838, 1), (9876, 1)
soma (DF: 1): (1430, 1)
somali (DF: 1): (9356, 1)
somalia (DF: 2): (2192, 1), (8726, 1)
somalian (DF: 1): (8532, 2)
somar (DF: 1): (6983, 1)
sombariari (DF: 1): (3669, 1)
sombr (DF: 14): (312, 1), (460, 3), (890, 1), (3399, 1), (3434, 2), (4361, 1), (5363, 1), (6651, 1), (6917, 3), (7183, 1), (7953, 1), (8205, 1), (8329, 1), (8646, 1)
sombra (DF: 1): (3870, 1)
sombrer (DF: 5): (342, 1), (1443, 1), (4186, 2), (5110, 1), (9534, 1)
sombrero (DF: 1): (3521, 1)
somebodi (DF: 412): (6, 2), (39, 1), (64, 2), (72, 2), (103, 1), (119, 1), (200, 3), (224, 3), (232, 2), (255, 1), (259, 1), (272, 1), (282, 2), (348, 1), (368, 2), (421, 1), (436, 12), (457, 1), (492, 8), (507, 1), (511, 18), (563, 1), (583, 1), (617, 1), (677, 2), (684, 1), (721, 9), (740, 1), (767, 4), (779, 1), (814, 30), (820, 1), (842, 2), (848, 14), (863, 1), (909, 1), (925, 1), (932, 1), (956, 2), (965, 48), (983, 16), (1009, 1), (1024, 2), (1096, 6), (1100, 3), (1110, 3), (1202, 5), (1205, 1), (1209, 1), (1210, 3), (1227, 2), (1267, 28), (1283, 8), (1293, 8), (1314, 1), (1391, 3), (1454, 3), (1466, 1), (1505, 6), (1539, 1), (1664, 2), (1681, 5), (1714, 6), (1729, 4), (1789, 6), (1793, 2), (1827, 10), (1860, 1), (1869, 1), (1926, 4), (1972, 1), (1977, 3), (2001, 1), (2007, 4), (2061, 2), (2071, 6), (2081, 1), (2143, 1), (2145, 2), (2160, 1), (2169, 6), (2173, 1), (2195, 4), (2214, 4), (2248, 11), (2274, 1), (2305, 1), (2372, 1), (2402, 3), (2403, 8), (2419, 1), (2451, 2), (2472, 1), (2474, 3), (2502, 16), (2569, 1), (2589, 4), (2607, 1), (2660, 1), (2665, 6), (2670, 4), (2685, 1), (2686, 1), (2701, 3), (2713, 7), (2720, 1), (2726, 1), (2731, 1), (2771, 1), (2775, 1), (2820, 2), (2859, 4), (2864, 9), (2865, 1), (2883, 3), (2907, 2), (2936, 1), (2961, 2), (2965, 2), (3029, 18), (3073, 7), (3147, 1), (3153, 7), (3180, 4), (3238, 1), (3263, 1), (3278, 4), (3306, 1), (3343, 8), (3406, 2), (3414, 1), (3424, 1), (3478, 3), (3498, 1), (3528, 1), (3537, 1), (3538, 1), (3549, 1), (3560, 1), (3594, 1), (3597, 1), (3675, 1), (3694, 1), (3769, 1), (3845, 1), (3884, 1), (3901, 2), (3902, 1), (3950, 11), (3976, 1), (4003, 1), (4008, 1), (4047, 1), (4048, 1), (4057, 37), (4060, 8), (4080, 13), (4087, 1), (4104, 24), (4115, 3), (4122, 1), (4173, 10), (4211, 17), (4229, 2), (4242, 1), (4244, 1), (4263, 1), (4312, 4), (4340, 1), (4404, 2), (4412, 4), (4524, 1), (4549, 2), (4670, 1), (4684, 1), (4723, 1), (4750, 1), (4754, 6), (4809, 1), (4831, 1), (4861, 11), (4874, 1), (4880, 1), (4904, 1), (4907, 1), (4947, 5), (5021, 2), (5027, 2), (5081, 1), (5103, 1), (5199, 2), (5208, 1), (5221, 8), (5285, 2), (5292, 1), (5293, 14), (5315, 35), (5327, 1), (5387, 2), (5403, 8), (5424, 1), (5440, 1), (5456, 1), (5481, 1), (5495, 1), (5529, 1), (5560, 1), (5608, 1), (5658, 3), (5714, 4), (5720, 3), (5723, 1), (5759, 1), (5772, 1), (5803, 3), (5877, 2), (5891, 32), (5892, 4), (5936, 1), (5960, 10), (5996, 1), (5998, 17), (6022, 1), (6035, 3), (6036, 1), (6044, 2), (6050, 16), (6073, 3), (6099, 2), (6142, 7), (6189, 1), (6193, 5), (6197, 1), (6200, 1), (6206, 1), (6213, 2), (6286, 1), (6352, 2), (6391, 4), (6431, 3), (6442, 1), (6472, 1), (6508, 2), (6535, 1), (6558, 1), (6563, 1), (6574, 1), (6589, 1), (6599, 2), (6604, 1), (6618, 16), (6624, 32), (6644, 1), (6654, 46), (6688, 2), (6786, 11), (6794, 2), (6796, 1), (6832, 18), (6845, 2), (6863, 1), (6905, 4), (6913, 1), (6945, 4), (6965, 1), (6989, 1), (6992, 1), (7001, 1), (7005, 8), (7035, 2), (7103, 2), (7143, 2), (7147, 1), (7149, 4), (7186, 1), (7207, 1), (7216, 1), (7235, 1), (7289, 2), (7314, 8), (7320, 1), (7325, 1), (7346, 1), (7361, 8), (7369, 1), (7381, 8), (7390, 1), (7414, 4), (7474, 1), (7530, 1), (7534, 1), (7599, 2), (7622, 3), (7624, 1), (7644, 4), (7657, 11), (7666, 46), (7671, 24), (7682, 4), (7695, 2), (7727, 1), (7775, 2), (7788, 1), (7802, 12), (7811, 5), (7815, 3), (7859, 8), (7895, 2), (7905, 13), (7932, 1), (7937, 3), (7939, 1), (7945, 1), (7999, 4), (8021, 1), (8031, 1), (8046, 2), (8064, 48), (8075, 1), (8083, 1), (8176, 2), (8266, 4), (8283, 1), (8290, 1), (8313, 2), (8321, 6), (8326, 3), (8347, 1), (8381, 7), (8411, 4), (8417, 4), (8484, 1), (8500, 1), (8519, 1), (8532, 1), (8578, 2), (8581, 2), (8589, 1), (8603, 1), (8611, 5), (8630, 2), (8637, 30), (8641, 4), (8677, 1), (8681, 3), (8687, 1), (8690, 2), (8692, 1), (8698, 10), (8740, 1), (8741, 10), (8747, 2), (8749, 2), (8754, 1), (8781, 1), (8794, 1), (8799, 8), (8824, 1), (8853, 3), (8871, 1), (8879, 1), (8900, 1), (8935, 1), (8939, 2), (8949, 6), (8960, 1), (8978, 2), (8987, 1), (8992, 9), (8993, 1), (9002, 10), (9005, 3), (9013, 13), (9026, 1), (9045, 1), (9046, 1), (9066, 1), (9076, 4), (9088, 4), (9104, 1), (9126, 1), (9148, 2), (9273, 1), (9320, 3), (9369, 8), (9398, 1), (9408, 1), (9427, 4), (9432, 1), (9486, 1), (9502, 1), (9552, 6), (9565, 3), (9567, 1), (9599, 10), (9621, 1), (9626, 12), (9638, 3), (9646, 1), (9680, 2), (9707, 4), (9749, 1), (9784, 1), (9796, 3), (9809, 1), (9871, 3), (9888, 5), (9908, 1), (9949, 4), (9970, 3), (9977, 1), (9983, 2)
somebody (DF: 2): (1008, 2), (6872, 1)
someday (DF: 104): (25, 6), (190, 2), (301, 1), (410, 1), (420, 3), (423, 1), (682, 1), (785, 1), (935, 4), (1035, 3), (1081, 2), (1205, 8), (1446, 1), (1664, 4), (1678, 2), (1871, 1), (1872, 1), (1915, 1), (1923, 1), (1945, 1), (1980, 1), (2167, 1), (2193, 4), (2297, 1), (2367, 1), (2568, 1), (2591, 2), (2755, 1), (2776, 2), (2787, 1), (2821, 3), (2846, 1), (2910, 1), (2963, 4), (2971, 3), (3218, 1), (3247, 4), (3349, 1), (3776, 1), (3823, 1), (3833, 1), (3948, 2), (4348, 5), (4366, 2), (4388, 1), (4391, 2), (4509, 6), (4588, 1), (4655, 1), (4778, 36), (4843, 3), (4854, 1), (5012, 1), (5059, 1), (5221, 16), (5275, 2), (5441, 2), (5524, 2), (5542, 1), (5595, 1), (5656, 4), (5714, 2), (5749, 3), (5776, 1), (5819, 1), (6101, 1), (6227, 3), (6282, 1), (6285, 1), (6434, 1), (6633, 2), (6654, 1), (6843, 1), (6845, 1), (6898, 1), (6958, 1), (7303, 1), (7359, 1), (7368, 1), (7405, 2), (7478, 1), (7666, 1), (7683, 1), (7756, 2), (7848, 1), (7888, 15), (8021, 1), (8313, 1), (8507, 1), (8512, 2), (8581, 1), (8617, 3), (8672, 1), (8918, 3), (8921, 1), (9020, 2), (9109, 6), (9155, 1), (9198, 2), (9440, 1), (9482, 4), (9714, 1), (9821, 2), (9935, 1)
somehow (DF: 99): (29, 2), (457, 1), (461, 3), (732, 1), (849, 1), (899, 1), (939, 1), (951, 1), (997, 1), (1108, 1), (1111, 1), (1472, 2), (1540, 4), (1557, 1), (1624, 1), (1681, 1), (1906, 1), (2082, 4), (2110, 3), (2115, 3), (2123, 1), (2193, 4), (2359, 6), (2372, 1), (2395, 1), (2481, 2), (2634, 1), (2752, 1), (2773, 1), (2906, 1), (2957, 1), (3020, 3), (3167, 3), (3182, 1), (3260, 1), (3647, 1), (3764, 1), (3831, 1), (3852, 4), (4020, 1), (4023, 1), (4071, 1), (4281, 1), (4332, 1), (4588, 1), (4643, 2), (4661, 8), (4984, 1), (5027, 2), (5036, 1), (5047, 1), (5080, 1), (5098, 2), (5186, 1), (5263, 1), (5482, 1), (5575, 1), (5692, 1), (5772, 1), (5808, 1), (5849, 1), (6084, 3), (6122, 3), (6286, 1), (6412, 2), (6413, 1), (6522, 1), (6685, 2), (6921, 1), (7406, 1), (7436, 5), (7460, 3), (7512, 2), (7668, 1), (7789, 1), (7815, 1), (7926, 1), (7957, 4), (8364, 1), (8367, 1), (8462, 3), (8493, 1), (8572, 2), (8599, 4), (8693, 1), (8773, 1), (8824, 1), (8864, 2), (8947, 10), (9332, 1), (9538, 1), (9565, 3), (9601, 1), (9608, 1), (9629, 1), (9684, 1), (9691, 1), (9827, 1), (9980, 4)
somehwer (DF: 1): (1661, 1)
someif (DF: 1): (7355, 1)
someon (DF: 567): (36, 3), (45, 3), (59, 14), (74, 2), (78, 1), (128, 12), (129, 1), (138, 1), (146, 1), (166, 1), (176, 6), (209, 1), (293, 1), (319, 4), (334, 2), (348, 1), (373, 1), (391, 4), (408, 1), (410, 1), (411, 1), (423, 4), (470, 1), (492, 6), (520, 2), (551, 1), (563, 1), (571, 2), (613, 4), (614, 5), (621, 1), (633, 2), (640, 1), (644, 2), (663, 5), (682, 3), (738, 1), (742, 5), (766, 1), (779, 2), (786, 1), (795, 1), (807, 3), (809, 2), (819, 2), (825, 1), (833, 8), (849, 2), (853, 1), (873, 1), (898, 1), (899, 1), (916, 2), (922, 2), (951, 1), (962, 1), (1021, 2), (1040, 2), (1152, 2), (1175, 6), (1245, 1), (1252, 2), (1269, 5), (1393, 1), (1407, 1), (1421, 1), (1466, 14), (1471, 1), (1472, 6), (1493, 1), (1532, 1), (1539, 3), (1549, 1), (1561, 1), (1569, 8), (1573, 2), (1590, 3), (1597, 3), (1628, 6), (1634, 1), (1651, 1), (1662, 1), (1681, 1), (1693, 3), (1700, 2), (1716, 1), (1720, 7), (1722, 1), (1723, 4), (1751, 3), (1763, 4), (1782, 2), (1824, 1), (1827, 8), (1832, 1), (1835, 1), (1843, 2), (1855, 4), (1869, 1), (1871, 1), (1892, 2), (1910, 2), (1912, 8), (1929, 1), (1958, 3), (1989, 2), (2016, 1), (2048, 1), (2061, 1), (2068, 2), (2080, 1), (2087, 2), (2091, 2), (2131, 4), (2133, 4), (2161, 2), (2162, 3), (2169, 9), (2177, 6), (2237, 2), (2273, 2), (2296, 1), (2307, 2), (2321, 1), (2352, 1), (2370, 1), (2385, 1), (2390, 9), (2393, 1), (2403, 7), (2406, 2), (2409, 2), (2413, 3), (2419, 2), (2427, 2), (2449, 2), (2451, 1), (2502, 30), (2525, 4), (2527, 1), (2550, 2), (2553, 2), (2582, 2), (2584, 1), (2595, 1), (2634, 1), (2635, 1), (2636, 1), (2665, 1), (2713, 8), (2720, 3), (2745, 2), (2761, 3), (2767, 1), (2772, 6), (2794, 1), (2829, 1), (2838, 1), (2846, 1), (2880, 7), (2907, 8), (2910, 1), (2923, 2), (2928, 8), (2937, 2), (2939, 1), (2946, 1), (2957, 1), (2995, 1), (3022, 1), (3042, 1), (3073, 7), (3105, 1), (3107, 2), (3153, 7), (3191, 8), (3200, 1), (3204, 2), (3209, 6), (3276, 1), (3293, 3), (3307, 1), (3365, 3), (3394, 9), (3397, 1), (3412, 2), (3431, 1), (3463, 2), (3464, 1), (3469, 1), (3472, 2), (3532, 1), (3544, 2), (3546, 3), (3551, 1), (3566, 1), (3574, 3), (3597, 1), (3619, 1), (3661, 3), (3670, 6), (3683, 2), (3698, 2), (3715, 2), (3738, 1), (3741, 1), (3762, 1), (3782, 1), (3808, 6), (3834, 3), (3840, 9), (3845, 1), (3892, 1), (3945, 6), (3960, 1), (3964, 9), (3965, 1), (3977, 2), (4006, 1), (4012, 1), (4044, 5), (4047, 1), (4060, 7), (4075, 1), (4083, 1), (4099, 1), (4104, 2), (4105, 2), (4115, 5), (4116, 1), (4132, 1), (4149, 1), (4164, 8), (4178, 1), (4199, 1), (4222, 1), (4229, 8), (4232, 8), (4247, 1), (4255, 1), (4298, 1), (4301, 2), (4303, 1), (4324, 1), (4332, 1), (4334, 2), (4340, 7), (4349, 8), (4367, 1), (4371, 8), (4390, 1), (4392, 2), (4400, 2), (4403, 4), (4404, 1), (4426, 1), (4440, 1), (4450, 5), (4471, 3), (4477, 2), (4497, 1), (4521, 2), (4596, 2), (4602, 8), (4617, 2), (4618, 2), (4624, 3), (4639, 1), (4667, 17), (4688, 15), (4726, 6), (4728, 2), (4740, 1), (4745, 1), (4748, 1), (4756, 1), (4758, 1), (4787, 1), (4853, 3), (4863, 9), (4869, 2), (4888, 2), (4900, 1), (4946, 2), (4955, 1), (4969, 7), (4973, 5), (4995, 1), (5004, 1), (5029, 1), (5036, 2), (5064, 1), (5108, 2), (5141, 1), (5145, 2), (5152, 1), (5160, 1), (5167, 1), (5195, 1), (5199, 2), (5208, 1), (5236, 2), (5249, 1), (5260, 1), (5269, 1), (5289, 1), (5290, 1), (5292, 1), (5327, 4), (5332, 2), (5342, 3), (5351, 1), (5403, 6), (5417, 1), (5420, 4), (5440, 8), (5441, 2), (5447, 1), (5451, 1), (5477, 1), (5504, 1), (5598, 2), (5600, 2), (5601, 2), (5646, 1), (5658, 1), (5723, 4), (5725, 1), (5748, 1), (5761, 2), (5765, 1), (5771, 1), (5776, 1), (5797, 1), (5836, 2), (5854, 2), (5861, 2), (5873, 2), (5898, 2), (5904, 2), (5960, 6), (5966, 1), (5969, 3), (5977, 1), (5997, 2), (6004, 11), (6036, 9), (6037, 3), (6044, 8), (6049, 1), (6068, 2), (6073, 16), (6097, 2), (6107, 1), (6133, 2), (6137, 1), (6173, 5), (6195, 4), (6199, 3), (6202, 7), (6230, 1), (6241, 1), (6259, 1), (6307, 1), (6315, 1), (6350, 4), (6383, 3), (6385, 2), (6465, 1), (6477, 2), (6488, 2), (6564, 4), (6572, 1), (6586, 1), (6654, 1), (6660, 1), (6712, 6), (6777, 1), (6782, 1), (6832, 6), (6845, 7), (6863, 3), (6864, 2), (6867, 1), (6879, 1), (6903, 7), (6913, 1), (6921, 1), (6929, 2), (6949, 4), (6950, 1), (6959, 1), (6970, 1), (6989, 7), (7005, 7), (7037, 1), (7048, 1), (7067, 3), (7089, 1), (7098, 1), (7103, 1), (7109, 1), (7114, 4), (7139, 1), (7143, 2), (7168, 2), (7217, 4), (7221, 3), (7225, 4), (7238, 3), (7275, 4), (7296, 1), (7316, 11), (7359, 1), (7361, 8), (7371, 4), (7383, 1), (7390, 4), (7391, 1), (7458, 1), (7461, 2), (7488, 1), (7506, 1), (7529, 2), (7537, 1), (7556, 1), (7583, 1), (7592, 18), (7595, 2), (7608, 3), (7624, 1), (7657, 10), (7666, 1), (7668, 6), (7682, 8), (7753, 1), (7791, 5), (7807, 1), (7808, 18), (7811, 2), (7813, 1), (7821, 2), (7840, 1), (7914, 5), (7934, 2), (7938, 2), (8008, 1), (8016, 1), (8023, 1), (8050, 1), (8065, 1), (8074, 1), (8118, 4), (8119, 1), (8137, 3), (8179, 1), (8191, 1), (8202, 1), (8214, 1), (8233, 1), (8250, 9), (8268, 6), (8296, 1), (8305, 3), (8309, 1), (8310, 2), (8327, 1), (8332, 1), (8345, 3), (8349, 4), (8350, 4), (8351, 11), (8355, 2), (8362, 1), (8371, 3), (8375, 2), (8388, 5), (8389, 2), (8390, 1), (8427, 5), (8430, 3), (8459, 3), (8475, 1), (8497, 1), (8500, 3), (8538, 1), (8553, 1), (8576, 20), (8599, 1), (8610, 3), (8628, 1), (8638, 8), (8639, 1), (8644, 1), (8648, 1), (8663, 1), (8692, 1), (8698, 8), (8700, 2), (8705, 1), (8716, 1), (8718, 3), (8721, 1), (8732, 1), (8741, 6), (8832, 6), (8900, 12), (8905, 1), (8920, 2), (8921, 1), (8934, 1), (8935, 1), (8959, 1), (8965, 2), (8987, 1), (8992, 8), (9078, 11), (9103, 1), (9104, 1), (9158, 2), (9200, 1), (9220, 9), (9260, 2), (9270, 2), (9281, 2), (9313, 1), (9322, 1), (9329, 1), (9337, 1), (9345, 3), (9365, 5), (9388, 1), (9392, 1), (9417, 6), (9426, 1), (9466, 5), (9479, 3), (9486, 1), (9487, 3), (9495, 1), (9501, 1), (9522, 11), (9527, 1), (9551, 1), (9560, 2), (9587, 4), (9645, 3), (9665, 1), (9670, 2), (9674, 1), (9700, 3), (9707, 2), (9726, 2), (9752, 1), (9796, 1), (9810, 3), (9828, 2), (9836, 1), (9857, 2), (9865, 24), (9871, 3), (9922, 1), (9924, 9), (9957, 1), (9970, 4), (9973, 1), (9978, 1)
someplac (DF: 4): (2914, 3), (5044, 2), (7882, 1), (8772, 3)
somersault (DF: 1): (6860, 1)
somet (DF: 3): (1519, 2), (6553, 2), (9119, 1)
someth (DF: 1074): (2, 1), (5, 1), (31, 1), (33, 2), (36, 2), (49, 4), (52, 2), (64, 2), (65, 1), (66, 1), (68, 1), (74, 2), (80, 2), (101, 2), (112, 1), (135, 1), (138, 1), (144, 2), (181, 1), (191, 1), (192, 3), (201, 1), (206, 1), (209, 1), (211, 1), (219, 2), (223, 1), (226, 3), (237, 1), (261, 16), (277, 1), (279, 2), (318, 1), (325, 2), (330, 1), (337, 2), (341, 1), (346, 1), (370, 1), (377, 1), (381, 1), (388, 1), (404, 4), (405, 1), (407, 1), (408, 1), (414, 1), (418, 1), (427, 5), (459, 4), (474, 4), (523, 1), (531, 20), (533, 1), (541, 1), (549, 9), (554, 1), (562, 3), (573, 1), (581, 1), (583, 1), (590, 1), (592, 1), (599, 1), (600, 1), (606, 1), (612, 1), (613, 1), (619, 1), (622, 1), (636, 2), (641, 4), (656, 1), (663, 2), (672, 1), (702, 1), (716, 2), (749, 1), (754, 6), (767, 12), (770, 1), (774, 2), (780, 1), (781, 1), (799, 2), (809, 1), (822, 4), (854, 1), (859, 3), (864, 6), (870, 1), (876, 2), (884, 2), (898, 1), (903, 4), (922, 1), (923, 3), (930, 1), (955, 1), (959, 6), (970, 1), (983, 1), (986, 9), (992, 34), (1036, 1), (1041, 11), (1057, 7), (1073, 1), (1076, 2), (1084, 2), (1096, 17), (1100, 3), (1117, 2), (1140, 2), (1149, 3), (1181, 1), (1188, 2), (1237, 1), (1250, 1), (1267, 1), (1268, 3), (1269, 2), (1288, 4), (1297, 2), (1299, 2), (1302, 2), (1321, 4), (1322, 1), (1326, 1), (1327, 6), (1328, 1), (1331, 1), (1346, 1), (1357, 1), (1361, 1), (1362, 7), (1368, 2), (1374, 14), (1397, 2), (1400, 2), (1402, 1), (1413, 2), (1416, 2), (1442, 4), (1455, 2), (1468, 2), (1492, 1), (1494, 1), (1509, 1), (1517, 2), (1539, 1), (1544, 6), (1545, 1), (1551, 1), (1562, 2), (1568, 3), (1576, 1), (1587, 2), (1591, 1), (1604, 1), (1618, 1), (1621, 1), (1622, 4), (1624, 1), (1643, 1), (1646, 16), (1650, 1), (1651, 4), (1657, 2), (1662, 2), (1675, 1), (1683, 2), (1701, 2), (1705, 1), (1713, 5), (1728, 4), (1743, 1), (1746, 1), (1761, 1), (1793, 1), (1822, 1), (1824, 2), (1835, 1), (1839, 3), (1844, 1), (1854, 1), (1858, 1), (1866, 1), (1876, 6), (1885, 2), (1899, 1), (1906, 1), (1910, 1), (1915, 1), (1929, 1), (1936, 3), (1938, 1), (1941, 1), (1946, 1), (1950, 11), (1952, 4), (1961, 1), (1964, 3), (1999, 3), (2002, 2), (2003, 1), (2005, 2), (2008, 2), (2011, 1), (2039, 3), (2056, 1), (2063, 4), (2081, 3), (2086, 1), (2105, 1), (2109, 1), (2110, 3), (2129, 1), (2132, 1), (2137, 2), (2154, 1), (2168, 2), (2174, 2), (2175, 2), (2191, 6), (2193, 1), (2195, 2), (2196, 2), (2199, 1), (2210, 1), (2214, 6), (2222, 1), (2224, 2), (2253, 2), (2262, 1), (2267, 6), (2274, 3), (2286, 2), (2291, 1), (2296, 2), (2297, 2), (2337, 3), (2357, 1), (2358, 2), (2363, 1), (2365, 1), (2372, 1), (2378, 1), (2399, 1), (2401, 1), (2402, 3), (2405, 1), (2413, 4), (2415, 2), (2416, 2), (2423, 10), (2427, 1), (2432, 4), (2435, 1), (2438, 3), (2446, 2), (2474, 3), (2478, 1), (2497, 2), (2514, 4), (2526, 2), (2532, 1), (2536, 1), (2540, 8), (2596, 1), (2614, 1), (2634, 1), (2640, 2), (2641, 2), (2672, 1), (2676, 1), (2678, 3), (2685, 1), (2695, 2), (2699, 1), (2704, 1), (2714, 1), (2720, 1), (2724, 3), (2730, 2), (2737, 4), (2749, 4), (2760, 1), (2765, 2), (2775, 1), (2780, 2), (2781, 1), (2793, 2), (2796, 2), (2806, 1), (2812, 1), (2827, 4), (2832, 2), (2841, 1), (2852, 1), (2857, 2), (2866, 2), (2902, 1), (2911, 2), (2914, 4), (2923, 1), (2925, 3), (2935, 1), (2944, 1), (2959, 13), (2960, 2), (2969, 1), (2989, 3), (2996, 6), (3021, 1), (3029, 47), (3034, 1), (3041, 1), (3042, 1), (3047, 1), (3052, 2), (3054, 1), (3063, 4), (3083, 1), (3086, 2), (3095, 4), (3097, 3), (3099, 1), (3119, 2), (3122, 3), (3125, 1), (3129, 2), (3135, 1), (3138, 1), (3164, 1), (3166, 11), (3171, 2), (3172, 3), (3181, 2), (3206, 2), (3207, 1), (3209, 1), (3217, 8), (3223, 2), (3224, 1), (3225, 1), (3229, 6), (3259, 1), (3282, 2), (3285, 1), (3327, 2), (3333, 1), (3349, 6), (3360, 1), (3366, 1), (3367, 1), (3387, 1), (3390, 1), (3397, 4), (3414, 1), (3417, 2), (3420, 1), (3435, 2), (3461, 2), (3464, 1), (3465, 3), (3482, 1), (3490, 1), (3499, 4), (3500, 1), (3510, 1), (3514, 1), (3528, 2), (3529, 2), (3532, 4), (3540, 2), (3551, 1), (3560, 1), (3568, 1), (3574, 3), (3575, 2), (3584, 4), (3617, 4), (3641, 3), (3644, 1), (3654, 1), (3671, 4), (3682, 2), (3698, 2), (3713, 8), (3718, 1), (3728, 1), (3733, 3), (3750, 6), (3752, 10), (3753, 1), (3754, 7), (3761, 2), (3762, 3), (3770, 3), (3774, 1), (3775, 3), (3793, 1), (3811, 1), (3821, 1), (3827, 12), (3833, 3), (3840, 1), (3858, 6), (3863, 4), (3894, 1), (3900, 3), (3912, 1), (3925, 2), (3929, 1), (3933, 1), (3949, 3), (3953, 1), (3965, 2), (3986, 3), (3988, 1), (3997, 1), (3998, 5), (4001, 1), (4023, 2), (4039, 1), (4040, 1), (4041, 8), (4042, 2), (4057, 3), (4073, 1), (4075, 1), (4077, 16), (4080, 1), (4096, 3), (4120, 2), (4123, 2), (4131, 4), (4135, 1), (4149, 2), (4154, 1), (4155, 1), (4156, 12), (4168, 1), (4169, 1), (4171, 3), (4185, 2), (4225, 3), (4229, 2), (4231, 4), (4235, 1), (4237, 1), (4241, 2), (4255, 2), (4266, 1), (4267, 1), (4276, 5), (4280, 32), (4293, 3), (4298, 1), (4315, 3), (4330, 1), (4334, 1), (4368, 1), (4370, 1), (4372, 1), (4377, 1), (4391, 6), (4392, 1), (4397, 2), (4400, 2), (4420, 2), (4443, 1), (4452, 2), (4456, 1), (4477, 1), (4481, 1), (4498, 3), (4500, 2), (4502, 2), (4512, 1), (4514, 2), (4520, 1), (4521, 1), (4539, 1), (4554, 2), (4574, 2), (4592, 1), (4600, 2), (4603, 1), (4610, 1), (4612, 1), (4613, 1), (4616, 3), (4622, 1), (4624, 3), (4634, 1), (4648, 7), (4654, 1), (4658, 1), (4663, 2), (4681, 3), (4705, 1), (4723, 2), (4724, 1), (4733, 3), (4751, 1), (4781, 1), (4792, 2), (4793, 1), (4806, 6), (4813, 15), (4827, 1), (4840, 1), (4843, 1), (4848, 1), (4872, 2), (4878, 1), (4881, 2), (4885, 6), (4897, 1), (4915, 1), (4921, 1), (4925, 1), (4928, 1), (4932, 4), (4934, 1), (4936, 2), (4937, 1), (4942, 1), (4956, 1), (4964, 1), (4967, 1), (4978, 2), (4979, 2), (4981, 3), (4990, 1), (5003, 1), (5019, 1), (5021, 4), (5027, 8), (5032, 1), (5037, 2), (5038, 1), (5039, 2), (5042, 2), (5043, 6), (5071, 1), (5080, 1), (5117, 1), (5124, 1), (5131, 8), (5139, 1), (5148, 2), (5175, 1), (5177, 1), (5186, 4), (5194, 1), (5195, 1), (5202, 1), (5203, 1), (5210, 1), (5227, 2), (5229, 2), (5245, 1), (5250, 16), (5256, 2), (5260, 2), (5264, 1), (5277, 1), (5289, 17), (5312, 1), (5319, 1), (5329, 1), (5330, 2), (5356, 8), (5357, 3), (5370, 2), (5386, 2), (5401, 2), (5405, 1), (5419, 1), (5423, 5), (5426, 1), (5427, 1), (5430, 1), (5440, 1), (5468, 1), (5479, 3), (5499, 1), (5527, 5), (5538, 2), (5551, 1), (5558, 1), (5573, 1), (5614, 3), (5625, 11), (5629, 2), (5637, 2), (5640, 18), (5643, 8), (5646, 1), (5658, 3), (5678, 3), (5679, 1), (5692, 1), (5730, 1), (5743, 1), (5753, 1), (5761, 2), (5772, 2), (5776, 1), (5780, 1), (5803, 3), (5805, 1), (5807, 7), (5808, 1), (5814, 1), (5816, 1), (5823, 2), (5828, 1), (5835, 1), (5837, 1), (5843, 2), (5847, 2), (5868, 2), (5888, 2), (5892, 2), (5894, 2), (5900, 2), (5914, 1), (5926, 1), (5928, 2), (5963, 1), (6014, 1), (6036, 1), (6044, 2), (6050, 1), (6062, 1), (6065, 1), (6083, 4), (6089, 1), (6099, 4), (6101, 2), (6105, 1), (6110, 4), (6119, 2), (6123, 2), (6124, 1), (6129, 1), (6130, 1), (6134, 1), (6173, 1), (6191, 2), (6195, 1), (6199, 1), (6226, 1), (6231, 1), (6235, 2), (6237, 3), (6241, 24), (6242, 1), (6255, 2), (6264, 2), (6275, 1), (6283, 1), (6285, 1), (6286, 18), (6296, 3), (6310, 1), (6316, 3), (6323, 1), (6335, 1), (6342, 1), (6345, 1), (6353, 4), (6362, 3), (6374, 1), (6375, 1), (6401, 1), (6407, 2), (6440, 3), (6451, 1), (6460, 1), (6465, 1), (6472, 1), (6476, 1), (6478, 1), (6484, 1), (6495, 1), (6510, 1), (6523, 1), (6527, 1), (6533, 1), (6547, 6), (6554, 7), (6575, 2), (6580, 2), (6592, 3), (6594, 2), (6596, 1), (6613, 4), (6614, 9), (6618, 1), (6643, 1), (6660, 1), (6666, 3), (6671, 1), (6672, 1), (6688, 1), (6693, 18), (6696, 1), (6700, 7), (6722, 6), (6753, 2), (6761, 1), (6763, 2), (6766, 1), (6769, 1), (6772, 1), (6779, 2), (6781, 2), (6790, 1), (6794, 1), (6796, 1), (6803, 4), (6819, 1), (6824, 1), (6830, 1), (6832, 2), (6850, 5), (6858, 1), (6864, 2), (6866, 4), (6873, 4), (6879, 1), (6894, 4), (6904, 3), (6915, 1), (6920, 1), (6927, 1), (6942, 1), (6947, 1), (6963, 1), (6965, 2), (6966, 3), (6979, 1), (7008, 1), (7010, 1), (7018, 4), (7027, 1), (7032, 3), (7036, 5), (7041, 1), (7064, 1), (7066, 2), (7084, 2), (7085, 3), (7091, 1), (7092, 6), (7101, 1), (7105, 1), (7114, 1), (7125, 1), (7132, 1), (7143, 9), (7153, 1), (7160, 5), (7162, 2), (7173, 4), (7176, 2), (7182, 1), (7189, 2), (7194, 1), (7201, 2), (7215, 1), (7221, 1), (7225, 1), (7233, 10), (7238, 2), (7265, 9), (7273, 3), (7279, 1), (7296, 1), (7304, 1), (7329, 3), (7330, 1), (7335, 4), (7341, 1), (7350, 1), (7363, 3), (7374, 3), (7390, 1), (7394, 2), (7398, 3), (7402, 1), (7410, 2), (7419, 1), (7424, 5), (7425, 1), (7439, 2), (7449, 19), (7453, 1), (7460, 3), (7470, 2), (7471, 1), (7480, 2), (7499, 12), (7502, 4), (7506, 2), (7523, 3), (7527, 1), (7530, 1), (7536, 1), (7540, 1), (7542, 3), (7550, 1), (7552, 1), (7556, 4), (7558, 1), (7565, 1), (7571, 1), (7574, 1), (7588, 9), (7602, 2), (7613, 1), (7618, 1), (7624, 1), (7630, 2), (7658, 1), (7661, 5), (7670, 2), (7673, 2), (7689, 2), (7690, 2), (7698, 1), (7703, 1), (7705, 2), (7715, 4), (7724, 1), (7753, 1), (7765, 1), (7776, 2), (7781, 1), (7791, 5), (7807, 1), (7812, 1), (7834, 1), (7853, 10), (7868, 1), (7881, 2), (7893, 6), (7894, 2), (7898, 1), (7914, 2), (7917, 11), (7960, 4), (7965, 3), (7972, 1), (7977, 1), (7988, 1), (7994, 1), (8002, 1), (8006, 4), (8013, 1), (8031, 1), (8034, 1), (8057, 2), (8059, 2), (8104, 2), (8118, 2), (8124, 3), (8134, 1), (8137, 3), (8141, 1), (8145, 1), (8152, 2), (8158, 3), (8164, 1), (8167, 3), (8191, 1), (8197, 1), (8201, 1), (8209, 1), (8215, 3), (8223, 9), (8228, 1), (8235, 4), (8246, 1), (8250, 6), (8265, 3), (8276, 1), (8280, 10), (8282, 3), (8290, 1), (8293, 2), (8309, 1), (8321, 17), (8322, 5), (8346, 1), (8355, 1), (8368, 1), (8374, 3), (8375, 2), (8376, 4), (8388, 2), (8389, 1), (8393, 3), (8402, 2), (8404, 7), (8417, 2), (8424, 3), (8425, 1), (8431, 1), (8435, 2), (8440, 1), (8445, 2), (8449, 14), (8458, 2), (8459, 2), (8469, 1), (8474, 1), (8477, 4), (8483, 1), (8484, 1), (8486, 1), (8515, 1), (8517, 4), (8520, 1), (8544, 1), (8550, 1), (8553, 2), (8556, 1), (8597, 3), (8600, 28), (8610, 3), (8628, 1), (8635, 1), (8640, 1), (8655, 1), (8659, 1), (8667, 3), (8668, 4), (8669, 2), (8674, 1), (8684, 1), (8687, 1), (8705, 1), (8711, 2), (8714, 1), (8716, 2), (8718, 1), (8723, 2), (8739, 3), (8740, 12), (8743, 1), (8754, 1), (8757, 1), (8766, 5), (8772, 4), (8773, 2), (8793, 1), (8800, 1), (8809, 1), (8811, 1), (8819, 2), (8824, 2), (8848, 1), (8871, 6), (8878, 1), (8879, 1), (8887, 1), (8909, 2), (8917, 1), (8920, 4), (8925, 2), (8927, 1), (8934, 2), (8949, 1), (8950, 3), (8954, 2), (8960, 1), (8965, 2), (8966, 4), (8969, 1), (8979, 2), (8981, 1), (8987, 1), (8995, 3), (9021, 2), (9050, 1), (9056, 2), (9057, 2), (9071, 3), (9080, 2), (9081, 2), (9082, 4), (9099, 2), (9104, 1), (9119, 4), (9127, 1), (9134, 1), (9135, 1), (9136, 2), (9142, 1), (9175, 3), (9200, 1), (9201, 1), (9210, 1), (9214, 2), (9215, 27), (9227, 2), (9242, 1), (9256, 2), (9267, 1), (9275, 2), (9276, 12), (9287, 3), (9304, 4), (9312, 2), (9324, 1), (9332, 2), (9341, 1), (9347, 1), (9361, 1), (9365, 2), (9369, 8), (9377, 1), (9378, 2), (9421, 12), (9429, 2), (9436, 2), (9483, 2), (9515, 1), (9537, 2), (9542, 1), (9555, 2), (9563, 3), (9565, 6), (9566, 2), (9582, 1), (9616, 2), (9621, 1), (9649, 19), (9658, 1), (9674, 1), (9676, 19), (9681, 1), (9694, 1), (9717, 1), (9728, 1), (9729, 1), (9765, 2), (9773, 1), (9778, 1), (9780, 1), (9794, 1), (9796, 2), (9801, 1), (9817, 2), (9834, 2), (9840, 2), (9841, 2), (9850, 2), (9853, 1), (9858, 2), (9874, 2), (9880, 4), (9888, 3), (9914, 2), (9917, 1), (9922, 1), (9928, 2), (9990, 2)
somethin (DF: 252): (27, 1), (62, 1), (110, 1), (153, 2), (212, 2), (215, 1), (235, 2), (289, 1), (409, 2), (414, 1), (418, 1), (428, 3), (556, 14), (583, 16), (616, 1), (753, 1), (772, 2), (853, 1), (916, 2), (925, 1), (993, 5), (1038, 1), (1055, 1), (1135, 1), (1143, 2), (1155, 1), (1217, 2), (1245, 1), (1276, 1), (1280, 8), (1304, 2), (1319, 1), (1343, 1), (1374, 2), (1457, 3), (1552, 2), (1691, 16), (1763, 1), (1812, 1), (1829, 1), (1831, 1), (1880, 1), (1996, 1), (2026, 1), (2081, 7), (2110, 6), (2157, 1), (2235, 1), (2256, 1), (2305, 5), (2333, 2), (2377, 2), (2415, 1), (2507, 2), (2512, 1), (2541, 2), (2545, 3), (2561, 2), (2618, 1), (2636, 1), (2646, 1), (2649, 3), (2666, 1), (2686, 2), (2730, 1), (2737, 1), (2760, 1), (2762, 1), (2829, 1), (2855, 1), (2927, 1), (2991, 1), (3076, 1), (3095, 2), (3180, 2), (3205, 1), (3216, 1), (3268, 4), (3282, 2), (3300, 1), (3485, 7), (3487, 2), (3529, 2), (3562, 1), (3619, 1), (3647, 1), (3654, 1), (3677, 1), (3703, 4), (3731, 2), (3781, 3), (3803, 1), (3804, 1), (3811, 1), (3826, 16), (3879, 3), (4019, 1), (4024, 1), (4042, 2), (4059, 2), (4092, 1), (4136, 4), (4164, 1), (4218, 1), (4220, 1), (4281, 3), (4339, 1), (4384, 2), (4440, 1), (4452, 2), (4468, 1), (4481, 2), (4501, 1), (4503, 1), (4576, 3), (4683, 2), (4693, 1), (4733, 1), (4784, 3), (4793, 1), (4844, 4), (4937, 1), (4941, 1), (4944, 1), (4971, 8), (4993, 1), (5037, 2), (5052, 1), (5085, 1), (5225, 1), (5237, 1), (5295, 3), (5330, 2), (5336, 2), (5409, 1), (5489, 1), (5496, 3), (5508, 3), (5581, 2), (5680, 1), (5692, 2), (5753, 1), (5833, 2), (5876, 6), (5887, 3), (5902, 1), (5974, 1), (5992, 2), (5998, 1), (6033, 1), (6043, 1), (6064, 2), (6118, 1), (6157, 1), (6266, 1), (6312, 1), (6324, 1), (6350, 1), (6382, 7), (6388, 1), (6440, 3), (6475, 1), (6571, 1), (6636, 1), (6638, 1), (6644, 16), (6660, 7), (6728, 1), (6732, 1), (6749, 2), (6755, 2), (6757, 1), (6780, 2), (6781, 4), (6791, 6), (6910, 9), (6923, 1), (6959, 5), (6994, 1), (7121, 1), (7123, 2), (7131, 1), (7226, 1), (7229, 2), (7391, 1), (7464, 2), (7473, 4), (7516, 1), (7544, 2), (7550, 1), (7648, 3), (7696, 1), (7751, 1), (7787, 1), (7856, 1), (7857, 1), (7862, 3), (7901, 1), (7926, 1), (7932, 2), (7969, 1), (7998, 1), (8002, 1), (8077, 2), (8176, 2), (8178, 5), (8183, 1), (8286, 1), (8299, 1), (8463, 4), (8520, 1), (8524, 2), (8544, 1), (8547, 3), (8553, 2), (8706, 3), (8780, 1), (8870, 1), (8896, 1), (8908, 1), (8935, 2), (8939, 2), (8965, 1), (9010, 1), (9026, 2), (9032, 2), (9042, 1), (9046, 1), (9056, 1), (9099, 1), (9115, 1), (9154, 1), (9191, 1), (9244, 2), (9264, 1), (9278, 1), (9295, 1), (9322, 1), (9379, 1), (9442, 6), (9567, 1), (9608, 1), (9646, 2), (9662, 2), (9668, 2), (9713, 1), (9742, 1), (9763, 1), (9784, 1), (9808, 1), (9873, 1), (9983, 2)
sometim (DF: 477): (40, 2), (45, 1), (72, 1), (211, 1), (228, 1), (244, 1), (253, 1), (298, 1), (305, 1), (361, 6), (376, 4), (389, 2), (544, 1), (551, 1), (554, 3), (570, 3), (571, 2), (583, 1), (639, 1), (704, 1), (731, 3), (798, 1), (805, 1), (815, 1), (817, 1), (826, 1), (860, 1), (863, 3), (925, 1), (931, 3), (970, 4), (1056, 6), (1075, 2), (1105, 9), (1117, 1), (1152, 2), (1175, 3), (1185, 2), (1191, 2), (1201, 4), (1202, 8), (1207, 3), (1210, 1), (1223, 1), (1246, 2), (1287, 15), (1314, 1), (1338, 2), (1344, 1), (1356, 3), (1373, 15), (1437, 1), (1440, 1), (1487, 2), (1513, 1), (1528, 8), (1534, 5), (1564, 1), (1569, 1), (1611, 1), (1638, 4), (1644, 1), (1649, 2), (1664, 4), (1710, 1), (1725, 2), (1776, 5), (1836, 1), (1854, 1), (1859, 1), (1879, 8), (1882, 4), (1902, 1), (1912, 6), (1964, 3), (1969, 1), (1975, 1), (1996, 1), (2054, 1), (2075, 3), (2076, 1), (2081, 1), (2161, 2), (2185, 1), (2207, 8), (2218, 1), (2237, 1), (2274, 1), (2286, 1), (2292, 1), (2409, 2), (2412, 3), (2419, 1), (2450, 1), (2455, 1), (2466, 1), (2491, 4), (2497, 1), (2514, 1), (2516, 1), (2523, 1), (2557, 1), (2570, 2), (2595, 3), (2634, 1), (2640, 2), (2647, 1), (2678, 4), (2687, 23), (2713, 3), (2731, 1), (2753, 1), (2762, 1), (2770, 1), (2790, 1), (2816, 2), (2826, 3), (2837, 2), (2891, 1), (2907, 2), (2916, 1), (2931, 4), (2944, 1), (2971, 6), (2989, 1), (2993, 1), (3001, 2), (3025, 1), (3039, 6), (3051, 4), (3054, 1), (3073, 1), (3094, 1), (3098, 1), (3101, 2), (3131, 2), (3137, 1), (3153, 1), (3163, 2), (3169, 1), (3207, 1), (3221, 1), (3225, 7), (3247, 4), (3262, 1), (3274, 1), (3292, 1), (3325, 8), (3334, 6), (3365, 3), (3419, 1), (3425, 4), (3432, 1), (3447, 4), (3472, 2), (3500, 2), (3503, 1), (3522, 1), (3528, 2), (3553, 2), (3556, 1), (3558, 1), (3560, 1), (3562, 2), (3600, 1), (3612, 1), (3615, 2), (3680, 1), (3706, 3), (3756, 1), (3780, 12), (3784, 3), (3789, 1), (3792, 6), (3815, 6), (3820, 2), (3841, 2), (3905, 3), (3929, 1), (3948, 2), (3968, 1), (3977, 1), (3979, 1), (3985, 1), (4021, 1), (4044, 1), (4059, 1), (4065, 4), (4071, 1), (4131, 1), (4161, 2), (4250, 1), (4310, 1), (4313, 1), (4401, 2), (4447, 1), (4452, 2), (4454, 1), (4460, 1), (4468, 1), (4471, 1), (4490, 1), (4517, 1), (4522, 1), (4523, 1), (4530, 1), (4547, 1), (4554, 3), (4613, 3), (4625, 1), (4643, 1), (4655, 2), (4658, 1), (4687, 1), (4731, 1), (4745, 2), (4764, 2), (4793, 1), (4834, 1), (4837, 2), (4844, 2), (4845, 4), (4880, 1), (4893, 1), (4901, 1), (4907, 1), (4911, 10), (4913, 1), (4969, 1), (4983, 1), (5017, 1), (5021, 4), (5036, 4), (5042, 4), (5047, 1), (5071, 1), (5078, 2), (5086, 1), (5098, 1), (5099, 1), (5178, 1), (5190, 1), (5217, 1), (5221, 16), (5290, 6), (5292, 1), (5307, 1), (5308, 1), (5326, 6), (5327, 1), (5338, 1), (5433, 1), (5434, 1), (5466, 1), (5469, 1), (5504, 1), (5507, 3), (5524, 4), (5528, 2), (5530, 1), (5560, 1), (5561, 1), (5572, 3), (5593, 6), (5612, 1), (5621, 1), (5649, 4), (5668, 1), (5683, 6), (5685, 4), (5690, 2), (5724, 1), (5731, 4), (5744, 2), (5771, 1), (5774, 1), (5781, 1), (5795, 10), (5809, 1), (5816, 1), (5828, 1), (5905, 2), (5939, 1), (5979, 12), (5983, 1), (6000, 1), (6029, 1), (6038, 3), (6052, 4), (6100, 1), (6115, 2), (6122, 2), (6147, 1), (6167, 1), (6202, 1), (6210, 2), (6215, 2), (6219, 1), (6226, 1), (6267, 1), (6271, 2), (6273, 1), (6286, 2), (6293, 18), (6300, 1), (6323, 1), (6381, 1), (6449, 1), (6451, 2), (6544, 2), (6545, 1), (6556, 3), (6615, 3), (6621, 1), (6643, 3), (6680, 3), (6687, 3), (6697, 6), (6699, 2), (6701, 4), (6703, 1), (6745, 1), (6777, 2), (6783, 2), (6824, 1), (6843, 2), (6845, 4), (6846, 1), (6885, 1), (6929, 4), (6950, 1), (6951, 1), (6972, 1), (7007, 24), (7009, 1), (7015, 1), (7021, 8), (7058, 2), (7059, 4), (7060, 1), (7097, 1), (7105, 1), (7127, 1), (7146, 2), (7147, 1), (7177, 1), (7208, 6), (7227, 1), (7240, 3), (7249, 1), (7252, 1), (7261, 1), (7295, 2), (7350, 1), (7355, 1), (7388, 2), (7425, 3), (7440, 3), (7509, 1), (7560, 1), (7569, 2), (7570, 2), (7585, 2), (7595, 2), (7608, 2), (7647, 1), (7661, 5), (7680, 2), (7681, 5), (7717, 4), (7772, 2), (7825, 1), (7848, 1), (7888, 10), (7892, 2), (7895, 2), (7913, 2), (7924, 12), (7926, 1), (7957, 4), (7959, 3), (7965, 1), (7994, 1), (8011, 1), (8044, 4), (8095, 2), (8106, 1), (8139, 2), (8153, 2), (8207, 4), (8241, 3), (8284, 1), (8304, 1), (8332, 2), (8345, 1), (8394, 1), (8399, 1), (8408, 3), (8446, 1), (8456, 12), (8492, 2), (8503, 4), (8511, 1), (8559, 1), (8568, 2), (8577, 1), (8581, 1), (8603, 1), (8605, 2), (8615, 1), (8628, 1), (8648, 1), (8653, 1), (8677, 1), (8692, 1), (8716, 1), (8746, 1), (8776, 1), (8781, 1), (8797, 2), (8844, 1), (8848, 1), (8863, 2), (8879, 1), (8895, 3), (8924, 1), (8950, 1), (8975, 5), (8981, 7), (8987, 1), (9004, 1), (9010, 2), (9020, 2), (9024, 2), (9030, 4), (9056, 4), (9057, 1), (9101, 1), (9104, 1), (9131, 2), (9143, 1), (9260, 2), (9262, 1), (9266, 1), (9282, 2), (9295, 1), (9301, 1), (9315, 1), (9329, 2), (9333, 3), (9335, 1), (9337, 1), (9408, 1), (9427, 1), (9440, 1), (9449, 6), (9495, 1), (9575, 1), (9585, 1), (9666, 1), (9686, 3), (9744, 1), (9763, 1), (9766, 8), (9770, 2), (9779, 3), (9784, 1), (9815, 1), (9866, 1), (9922, 1), (9925, 2), (9949, 1), (9957, 1), (9977, 8), (9978, 1), (9984, 1), (9991, 1)
someway (DF: 1): (3713, 1)
somewhat (DF: 7): (352, 1), (541, 1), (2472, 1), (2895, 1), (7855, 1), (8438, 1), (9027, 1)
somewher (DF: 189): (29, 2), (73, 1), (85, 1), (90, 2), (129, 1), (206, 1), (291, 1), (311, 1), (372, 6), (405, 1), (517, 1), (573, 1), (662, 2), (915, 1), (925, 1), (955, 1), (1094, 1), (1114, 2), (1153, 2), (1181, 2), (1191, 1), (1217, 2), (1233, 1), (1368, 1), (1394, 1), (1440, 1), (1544, 1), (1634, 1), (1761, 1), (1794, 6), (1809, 6), (1854, 1), (1897, 1), (1929, 1), (2028, 1), (2071, 1), (2081, 1), (2091, 2), (2123, 1), (2124, 1), (2236, 2), (2261, 17), (2274, 2), (2334, 1), (2435, 1), (2510, 2), (2514, 1), (2571, 1), (2628, 2), (2678, 3), (2728, 1), (2762, 2), (2801, 2), (2813, 4), (2871, 5), (2906, 1), (2908, 1), (2946, 1), (2956, 1), (2975, 1), (2977, 1), (2996, 7), (3034, 2), (3056, 2), (3182, 1), (3189, 1), (3232, 1), (3276, 1), (3365, 1), (3376, 2), (3435, 2), (3672, 1), (3959, 2), (4012, 2), (4047, 6), (4212, 38), (4225, 10), (4229, 2), (4340, 2), (4474, 1), (4517, 1), (4522, 1), (4536, 1), (4541, 2), (4547, 2), (4685, 6), (4889, 1), (4947, 1), (5113, 3), (5117, 1), (5134, 2), (5181, 1), (5204, 5), (5348, 5), (5492, 1), (5537, 4), (5551, 2), (5589, 1), (5809, 2), (5848, 2), (5887, 1), (6019, 1), (6036, 1), (6044, 2), (6056, 3), (6084, 1), (6097, 3), (6122, 3), (6217, 1), (6228, 2), (6311, 6), (6314, 1), (6412, 2), (6415, 2), (6419, 2), (6442, 1), (6446, 1), (6525, 1), (6529, 4), (6637, 1), (6699, 4), (6709, 2), (6721, 1), (6729, 4), (6921, 2), (6957, 1), (6958, 3), (6989, 2), (7168, 1), (7174, 6), (7187, 5), (7326, 1), (7332, 4), (7390, 1), (7419, 2), (7442, 1), (7478, 1), (7494, 2), (7540, 1), (7558, 1), (7580, 1), (7675, 3), (7695, 2), (7748, 1), (7758, 1), (7783, 1), (7830, 2), (7838, 1), (7893, 7), (7951, 1), (7976, 2), (7999, 1), (8058, 6), (8150, 2), (8226, 1), (8271, 1), (8277, 1), (8332, 1), (8364, 1), (8380, 2), (8458, 4), (8525, 2), (8578, 2), (8631, 2), (8700, 2), (8797, 1), (8824, 3), (8843, 1), (8888, 1), (8918, 10), (8947, 6), (8985, 5), (9033, 1), (9088, 3), (9134, 1), (9141, 1), (9174, 2), (9200, 1), (9217, 1), (9250, 2), (9329, 1), (9382, 3), (9537, 2), (9619, 3), (9632, 1), (9877, 1), (9888, 1), (9922, 1), (9926, 6)
somm (DF: 4): (3067, 3), (7373, 3), (8052, 1), (9795, 1)
sommarparti (DF: 1): (7326, 1)
sommeil (DF: 1): (4088, 1)
sommeli (DF: 1): (8052, 13)
sommig (DF: 1): (6008, 1)
sommigen (DF: 1): (5917, 1)
somo (DF: 6): (3318, 1), (3902, 1), (7211, 2), (7270, 2), (8574, 1), (9637, 1)
somth (DF: 2): (202, 1), (809, 1)
somthin (DF: 1): (4024, 4)
son (DF: 281): (12, 2), (15, 1), (134, 1), (135, 1), (178, 1), (187, 1), (200, 5), (251, 7), (270, 1), (355, 4), (371, 1), (409, 2), (416, 3), (574, 1), (585, 4), (595, 1), (644, 4), (657, 1), (658, 1), (675, 2), (679, 1), (740, 1), (868, 1), (924, 1), (925, 1), (956, 3), (958, 2), (988, 1), (993, 2), (1010, 1), (1029, 1), (1033, 1), (1051, 1), (1088, 2), (1092, 1), (1095, 2), (1101, 2), (1166, 7), (1186, 4), (1287, 3), (1300, 2), (1372, 1), (1375, 8), (1398, 1), (1399, 2), (1513, 1), (1515, 1), (1539, 1), (1594, 1), (1649, 1), (1674, 1), (1722, 2), (1766, 1), (1802, 1), (1847, 1), (1894, 3), (1922, 1), (1949, 1), (1952, 2), (2032, 1), (2046, 1), (2076, 1), (2109, 1), (2114, 4), (2143, 1), (2198, 1), (2344, 2), (2357, 1), (2378, 1), (2681, 2), (2771, 2), (2792, 2), (2804, 1), (2856, 1), (2935, 1), (2967, 1), (3019, 1), (3070, 2), (3111, 6), (3164, 1), (3172, 1), (3195, 1), (3238, 2), (3269, 6), (3272, 1), (3277, 3), (3316, 1), (3327, 2), (3371, 1), (3393, 7), (3397, 7), (3474, 4), (3482, 1), (3487, 1), (3521, 1), (3532, 7), (3584, 6), (3606, 28), (3641, 3), (3662, 5), (3690, 1), (3726, 3), (3772, 1), (3779, 1), (3816, 21), (3818, 1), (3840, 1), (3930, 1), (3941, 1), (3949, 3), (3999, 1), (4030, 1), (4088, 1), (4091, 1), (4222, 5), (4279, 1), (4326, 1), (4345, 2), (4419, 9), (4427, 1), (4452, 2), (4486, 1), (4499, 1), (4522, 1), (4534, 1), (4575, 1), (4587, 1), (4632, 2), (4634, 2), (4670, 4), (4722, 2), (4724, 1), (4770, 1), (4842, 1), (4844, 1), (4866, 2), (4916, 1), (4931, 1), (4953, 1), (4974, 1), (5007, 1), (5044, 2), (5160, 1), (5218, 1), (5225, 1), (5253, 1), (5280, 1), (5311, 1), (5363, 1), (5387, 2), (5416, 2), (5417, 1), (5500, 2), (5542, 8), (5564, 1), (5576, 1), (5587, 2), (5588, 1), (5633, 2), (5729, 2), (5733, 4), (5751, 1), (5757, 1), (5758, 1), (5773, 1), (5828, 2), (5842, 1), (5894, 2), (5915, 1), (5961, 1), (6012, 1), (6087, 1), (6141, 1), (6160, 2), (6226, 1), (6233, 4), (6245, 1), (6363, 1), (6367, 1), (6374, 1), (6392, 1), (6395, 1), (6427, 1), (6443, 1), (6474, 1), (6550, 9), (6563, 1), (6585, 3), (6631, 1), (6697, 1), (6728, 1), (6819, 1), (6846, 1), (6867, 1), (6970, 3), (6977, 4), (7024, 1), (7060, 1), (7105, 1), (7110, 1), (7136, 1), (7145, 1), (7177, 1), (7207, 1), (7227, 4), (7229, 1), (7334, 2), (7349, 1), (7354, 1), (7375, 1), (7437, 1), (7441, 1), (7461, 6), (7466, 1), (7516, 4), (7556, 7), (7574, 1), (7596, 1), (7634, 2), (7685, 1), (7706, 1), (7725, 5), (7758, 1), (7837, 1), (7863, 1), (7882, 1), (7888, 15), (7934, 1), (7988, 1), (8094, 1), (8132, 1), (8148, 1), (8154, 1), (8214, 1), (8236, 6), (8252, 2), (8278, 1), (8310, 2), (8325, 1), (8329, 1), (8365, 1), (8416, 1), (8475, 1), (8532, 1), (8584, 2), (8590, 4), (8639, 2), (8672, 8), (8692, 1), (8732, 2), (8765, 1), (8778, 1), (8819, 1), (8833, 1), (8841, 1), (8959, 1), (8995, 1), (9032, 1), (9035, 1), (9046, 1), (9143, 1), (9196, 1), (9203, 2), (9305, 7), (9322, 1), (9334, 1), (9374, 2), (9385, 3), (9430, 2), (9450, 1), (9502, 2), (9558, 3), (9611, 2), (9625, 2), (9638, 2), (9671, 1), (9674, 1), (9725, 2), (9804, 7), (9906, 1), (9945, 13)
sonam (DF: 1): (347, 1)
sonando (DF: 1): (8132, 2)
sonat (DF: 1): (9813, 2)
sonder (DF: 2): (134, 1), (9535, 1)
sonderschulabschluss (DF: 1): (4387, 1)
sondr (DF: 4): (769, 1), (6712, 1), (9030, 2), (9461, 1)
sone (DF: 2): (2604, 1), (5830, 1)
soner (DF: 1): (1411, 1)
soneul (DF: 2): (32, 2), (3690, 1)
song (DF: 743): (35, 1), (74, 4), (80, 1), (104, 1), (118, 1), (136, 2), (150, 3), (205, 1), (228, 1), (245, 1), (252, 1), (263, 2), (275, 2), (318, 1), (322, 4), (365, 2), (379, 2), (411, 2), (425, 1), (451, 3), (454, 2), (456, 1), (464, 1), (487, 1), (488, 6), (503, 1), (561, 1), (563, 1), (564, 2), (574, 1), (582, 1), (602, 2), (617, 1), (639, 13), (647, 1), (660, 1), (664, 2), (693, 2), (745, 2), (760, 10), (766, 2), (771, 2), (788, 1), (811, 1), (817, 13), (857, 1), (866, 1), (888, 1), (916, 1), (975, 1), (978, 16), (981, 4), (1086, 1), (1145, 1), (1162, 1), (1163, 1), (1168, 1), (1170, 4), (1175, 1), (1180, 4), (1181, 1), (1184, 5), (1201, 1), (1220, 47), (1240, 1), (1250, 1), (1273, 4), (1285, 1), (1287, 1), (1288, 1), (1304, 1), (1318, 2), (1320, 2), (1329, 1), (1334, 4), (1338, 6), (1351, 2), (1354, 1), (1371, 1), (1374, 2), (1377, 2), (1392, 2), (1418, 1), (1429, 1), (1494, 3), (1521, 2), (1546, 3), (1557, 1), (1569, 1), (1580, 16), (1585, 15), (1590, 1), (1596, 2), (1607, 1), (1621, 1), (1657, 1), (1663, 1), (1671, 1), (1690, 1), (1703, 2), (1707, 1), (1712, 2), (1748, 1), (1762, 1), (1763, 1), (1767, 1), (1774, 4), (1775, 2), (1784, 1), (1791, 1), (1802, 1), (1805, 1), (1819, 2), (1850, 1), (1871, 3), (1872, 2), (1873, 2), (1876, 6), (1885, 2), (1896, 6), (1898, 2), (1921, 1), (1926, 1), (1927, 1), (1931, 1), (1960, 3), (1961, 2), (1980, 1), (1986, 4), (2001, 1), (2005, 26), (2011, 1), (2016, 2), (2031, 1), (2039, 1), (2048, 2), (2072, 1), (2089, 2), (2116, 2), (2126, 4), (2131, 1), (2137, 1), (2142, 6), (2167, 2), (2182, 1), (2216, 2), (2217, 1), (2312, 2), (2317, 1), (2322, 1), (2324, 2), (2345, 2), (2347, 1), (2356, 1), (2367, 1), (2375, 2), (2379, 1), (2385, 1), (2392, 5), (2394, 1), (2395, 1), (2461, 1), (2484, 1), (2497, 1), (2513, 1), (2524, 3), (2547, 1), (2550, 2), (2559, 1), (2568, 2), (2570, 2), (2571, 1), (2591, 2), (2592, 1), (2614, 1), (2632, 1), (2641, 26), (2663, 1), (2678, 1), (2685, 2), (2695, 1), (2704, 1), (2705, 1), (2707, 3), (2718, 2), (2725, 1), (2726, 1), (2746, 1), (2749, 4), (2768, 1), (2775, 1), (2787, 1), (2797, 12), (2821, 3), (2825, 1), (2842, 1), (2843, 1), (2846, 3), (2847, 1), (2853, 1), (2859, 2), (2860, 2), (2875, 1), (2884, 1), (2906, 1), (2909, 1), (2947, 1), (2960, 1), (2964, 2), (2993, 13), (3014, 1), (3051, 4), (3074, 10), (3081, 1), (3083, 2), (3089, 1), (3128, 1), (3142, 4), (3155, 2), (3167, 1), (3199, 1), (3229, 2), (3238, 1), (3244, 1), (3278, 4), (3289, 1), (3291, 1), (3300, 1), (3310, 1), (3331, 2), (3335, 1), (3339, 1), (3361, 1), (3375, 1), (3376, 1), (3383, 1), (3398, 1), (3404, 1), (3408, 1), (3432, 1), (3438, 1), (3448, 14), (3456, 1), (3469, 1), (3503, 1), (3512, 1), (3523, 1), (3529, 1), (3538, 1), (3541, 1), (3546, 1), (3597, 6), (3605, 1), (3634, 1), (3664, 1), (3668, 1), (3675, 9), (3676, 6), (3683, 1), (3706, 1), (3707, 2), (3725, 10), (3734, 7), (3736, 2), (3739, 1), (3743, 2), (3770, 39), (3782, 1), (3795, 2), (3810, 1), (3811, 1), (3812, 3), (3815, 3), (3839, 4), (3844, 1), (3902, 1), (3927, 2), (3937, 4), (3941, 1), (3956, 1), (3982, 3), (4008, 2), (4020, 1), (4022, 1), (4042, 1), (4055, 2), (4061, 20), (4063, 1), (4078, 1), (4090, 1), (4093, 1), (4096, 3), (4116, 2), (4132, 1), (4254, 4), (4281, 2), (4301, 6), (4302, 4), (4305, 3), (4306, 3), (4393, 1), (4397, 4), (4401, 1), (4404, 1), (4407, 1), (4415, 2), (4426, 1), (4427, 2), (4466, 1), (4481, 1), (4488, 1), (4489, 2), (4497, 6), (4500, 1), (4516, 1), (4523, 2), (4536, 2), (4537, 2), (4546, 21), (4566, 9), (4572, 1), (4576, 2), (4585, 1), (4595, 3), (4601, 1), (4616, 3), (4638, 2), (4691, 1), (4696, 1), (4705, 1), (4726, 1), (4730, 1), (4748, 3), (4762, 1), (4794, 1), (4803, 1), (4821, 1), (4823, 1), (4834, 1), (4844, 1), (4866, 1), (4874, 1), (4877, 1), (4880, 1), (4889, 2), (4892, 4), (4931, 3), (4963, 1), (4969, 1), (5000, 2), (5028, 1), (5030, 2), (5039, 1), (5043, 1), (5044, 12), (5062, 1), (5076, 1), (5078, 1), (5088, 2), (5092, 1), (5096, 1), (5114, 2), (5120, 5), (5123, 1), (5127, 2), (5128, 30), (5134, 1), (5142, 2), (5157, 1), (5181, 1), (5219, 2), (5232, 1), (5242, 9), (5277, 1), (5298, 1), (5299, 2), (5314, 1), (5323, 2), (5337, 1), (5345, 1), (5346, 1), (5349, 1), (5366, 1), (5384, 2), (5389, 2), (5402, 1), (5404, 2), (5412, 6), (5415, 2), (5416, 20), (5417, 8), (5432, 1), (5441, 1), (5444, 1), (5468, 1), (5482, 1), (5483, 1), (5487, 2), (5490, 1), (5499, 1), (5526, 2), (5535, 1), (5538, 6), (5546, 1), (5586, 2), (5590, 8), (5604, 1), (5623, 2), (5630, 1), (5634, 1), (5636, 1), (5648, 1), (5651, 1), (5663, 6), (5671, 1), (5680, 1), (5685, 2), (5687, 16), (5701, 1), (5704, 1), (5710, 1), (5726, 8), (5732, 1), (5734, 1), (5755, 1), (5765, 3), (5766, 2), (5772, 5), (5774, 1), (5781, 12), (5782, 4), (5808, 1), (5809, 2), (5829, 3), (5844, 9), (5850, 1), (5855, 2), (5880, 2), (5885, 2), (5887, 1), (5891, 1), (5892, 3), (5897, 1), (5900, 1), (5909, 1), (5919, 2), (5922, 1), (5924, 1), (5930, 1), (5935, 2), (5954, 6), (5955, 1), (5957, 1), (5961, 1), (5967, 1), (6000, 1), (6019, 16), (6022, 1), (6036, 1), (6037, 1), (6064, 2), (6092, 1), (6107, 1), (6119, 1), (6122, 4), (6124, 1), (6163, 2), (6197, 2), (6206, 2), (6210, 1), (6214, 1), (6222, 3), (6229, 24), (6253, 2), (6257, 2), (6258, 1), (6259, 5), (6261, 2), (6269, 1), (6286, 1), (6322, 1), (6323, 1), (6363, 1), (6406, 4), (6416, 1), (6417, 4), (6420, 1), (6431, 3), (6434, 1), (6465, 3), (6467, 1), (6497, 1), (6504, 1), (6516, 1), (6521, 1), (6527, 1), (6545, 1), (6578, 8), (6602, 2), (6609, 8), (6630, 1), (6669, 9), (6692, 2), (6714, 12), (6735, 1), (6742, 1), (6766, 4), (6794, 1), (6813, 1), (6828, 7), (6845, 4), (6858, 1), (6916, 1), (6927, 1), (6945, 2), (6948, 2), (7025, 3), (7051, 3), (7079, 2), (7084, 1), (7091, 1), (7099, 6), (7138, 1), (7143, 5), (7148, 1), (7170, 8), (7207, 1), (7209, 1), (7214, 1), (7216, 1), (7218, 1), (7234, 2), (7243, 2), (7248, 2), (7253, 10), (7254, 1), (7272, 4), (7276, 1), (7289, 1), (7295, 2), (7298, 2), (7304, 1), (7310, 1), (7311, 2), (7320, 21), (7322, 1), (7325, 1), (7345, 13), (7350, 1), (7360, 1), (7376, 1), (7386, 1), (7396, 1), (7403, 3), (7414, 1), (7439, 1), (7449, 1), (7470, 2), (7478, 1), (7484, 1), (7485, 1), (7502, 2), (7511, 1), (7514, 1), (7559, 1), (7560, 5), (7574, 2), (7580, 1), (7583, 1), (7595, 2), (7613, 1), (7623, 7), (7629, 2), (7650, 1), (7663, 1), (7683, 1), (7689, 1), (7695, 4), (7723, 2), (7747, 1), (7752, 1), (7763, 11), (7771, 1), (7774, 1), (7791, 15), (7800, 2), (7817, 1), (7818, 2), (7840, 3), (7847, 2), (7848, 1), (7862, 2), (7882, 6), (7888, 15), (7928, 5), (7939, 1), (7962, 1), (7967, 1), (7968, 2), (7980, 2), (7997, 4), (8007, 1), (8021, 1), (8044, 1), (8057, 2), (8083, 1), (8089, 1), (8102, 4), (8126, 2), (8138, 2), (8163, 1), (8165, 4), (8170, 1), (8180, 1), (8189, 2), (8195, 1), (8203, 5), (8228, 1), (8229, 1), (8235, 8), (8266, 1), (8274, 2), (8292, 1), (8312, 1), (8345, 1), (8380, 1), (8381, 1), (8397, 1), (8408, 12), (8417, 3), (8424, 3), (8439, 1), (8449, 2), (8460, 1), (8512, 4), (8562, 7), (8563, 9), (8590, 16), (8599, 2), (8612, 2), (8634, 1), (8638, 3), (8641, 2), (8645, 1), (8653, 3), (8670, 1), (8682, 1), (8694, 1), (8736, 1), (8748, 1), (8753, 1), (8754, 2), (8765, 1), (8771, 7), (8778, 2), (8789, 2), (8798, 1), (8811, 1), (8843, 1), (8845, 1), (8857, 1), (8878, 13), (8887, 5), (8897, 6), (8913, 1), (8917, 1), (8918, 1), (8920, 2), (8950, 1), (8952, 1), (8960, 1), (8975, 1), (8982, 1), (8983, 5), (8993, 3), (8995, 1), (9004, 5), (9010, 1), (9035, 2), (9080, 1), (9081, 1), (9098, 4), (9122, 2), (9140, 1), (9161, 1), (9163, 1), (9181, 1), (9192, 1), (9198, 1), (9212, 2), (9213, 1), (9231, 2), (9233, 2), (9243, 2), (9255, 1), (9270, 2), (9312, 2), (9319, 4), (9322, 4), (9347, 1), (9368, 2), (9395, 14), (9402, 1), (9423, 2), (9424, 1), (9447, 2), (9450, 1), (9453, 1), (9461, 6), (9466, 10), (9484, 2), (9544, 1), (9561, 2), (9565, 12), (9566, 10), (9579, 2), (9633, 1), (9644, 2), (9670, 4), (9693, 1), (9699, 2), (9700, 1), (9709, 1), (9718, 2), (9725, 2), (9751, 1), (9752, 1), (9787, 2), (9832, 1), (9836, 2), (9870, 1), (9874, 2), (9889, 1), (9896, 2), (9900, 1), (9905, 1), (9922, 1), (9932, 1), (9947, 2), (9961, 2), (9965, 1), (9977, 2), (9991, 1)
song100 (DF: 1): (5810, 2)
songbird (DF: 1): (389, 1)
songbook (DF: 1): (1808, 1)
songs (DF: 8): (3197, 1), (3908, 1), (4180, 1), (5522, 1), (6659, 1), (8329, 1), (8516, 1), (9867, 1)
songtekst (DF: 27): (43, 1), (175, 1), (812, 1), (852, 1), (1077, 1), (1318, 1), (1432, 1), (1619, 1), (2638, 1), (3453, 1), (3864, 1), (4256, 1), (4297, 1), (4607, 1), (4849, 1), (5752, 1), (5917, 1), (6008, 1), (6184, 1), (6303, 1), (6641, 1), (7519, 1), (7547, 1), (8418, 1), (8831, 1), (9425, 1), (9595, 1)
songwrit (DF: 1): (3304, 1)
songz (DF: 1): (7121, 1)
sonh (DF: 1): (4985, 1)
sonhando (DF: 1): (7211, 1)
sonho (DF: 5): (3305, 2), (3467, 2), (7649, 1), (9087, 1), (9355, 2)
soni (DF: 4): (4820, 3), (4897, 1), (5622, 2), (7302, 1)
sonic (DF: 8): (222, 1), (851, 1), (1501, 1), (3068, 1), (3488, 1), (3704, 1), (4030, 1), (7194, 1)
sonn (DF: 12): (484, 2), (681, 1), (1244, 1), (1758, 2), (1850, 1), (2327, 1), (4387, 1), (4816, 1), (4998, 1), (5149, 1), (7837, 1), (8340, 3)
sonnenbank (DF: 1): (5429, 1)
sonnenbrill (DF: 1): (4124, 1)
sonni (DF: 9): (270, 1), (4979, 1), (6108, 1), (7057, 1), (7439, 2), (7973, 1), (8432, 1), (9080, 2), (9142, 1)
sonnin (DF: 1): (7691, 1)
sonny (DF: 1): (4124, 1)
sono (DF: 1): (213, 1)
sonofabitch (DF: 1): (4684, 1)
sonogram (DF: 1): (3840, 1)
sonoma (DF: 1): (6558, 1)
sonor (DF: 3): (353, 1), (3603, 1), (5363, 2)
sonr (DF: 13): (217, 1), (252, 2), (1677, 1), (1788, 1), (2792, 1), (2938, 2), (4423, 1), (6651, 1), (7426, 1), (7935, 2), (8036, 1), (8516, 1), (9430, 1)
sonreal (DF: 1): (8995, 1)
sonrei (DF: 1): (3340, 1)
