pay (DF: 141): (6443, 1), (6481, 1), (6490, 1), (6497, 1), (6516, 1), (6544, 1), (6554, 3), (6609, 8), (6629, 1), (6633, 2), (6639, 1), (6654, 1), (6663, 1), (6722, 4), (6738, 1), (6741, 1), (6771, 1), (6801, 3), (6813, 1), (6875, 1), (6881, 1), (6899, 1), (6923, 1), (6966, 2), (6993, 1), (7024, 1), (7046, 8), (7060, 1), (7105, 1), (7110, 1), (7113, 1), (7148, 1), (7159, 2), (7189, 1), (7233, 1), (7266, 1), (7279, 1), (7292, 1), (7298, 2), (7304, 2), (7319, 2), (7348, 1), (7368, 1), (7413, 1), (7430, 1), (7515, 2), (7550, 1), (7554, 1), (7574, 1), (7611, 1), (7616, 2), (7620, 5), (7650, 1), (7666, 1), (7771, 1), (7789, 1), (7812, 1), (7829, 1), (7846, 1), (7870, 10), (7873, 1), (7943, 1), (7960, 2), (7992, 1), (8050, 1), (8079, 1), (8083, 1), (8087, 1), (8107, 1), (8111, 4), (8135, 3), (8139, 4), (8148, 1), (8155, 1), (8183, 2), (8191, 1), (8259, 1), (8292, 1), (8367, 1), (8381, 1), (8395, 1), (8428, 1), (8500, 1), (8508, 1), (8520, 1), (8554, 1), (8608, 1), (8639, 1), (8653, 1), (8736, 1), (8745, 5), (8748, 1), (8823, 1), (8904, 1), (8983, 2), (8986, 2), (8991, 1), (9006, 1), (9032, 1), (9063, 1), (9154, 1), (9161, 1), (9166, 1), (9190, 1), (9198, 2), (9212, 1), (9229, 3), (9287, 3), (9335, 3), (9340, 1), (9398, 2), (9426, 5), (9501, 1), (9507, 1), (9590, 1), (9627, 2), (9632, 2), (9684, 1), (9691, 1), (9754, 1), (9787, 4), (9796, 1), (9870, 1), (9933, 2), (9965, 1), (9993, 1), (167, 3), (168, 1), (4103, 1), (4104, 1), (5607, 1), (5608, 2), (5954, 2), (5955, 1), (6095, 1), (6096, 1), (7441, 1), (7442, 1), (9288, 2), (9394, 1), (9395, 1)
payas (DF: 8): (4238, 5), (4671, 2), (5796, 1), (5962, 1), (7953, 1), (8352, 1), (8518, 1), (9302, 1)
payattent (DF: 1): (7140, 1)
payback (DF: 21): (13, 1), (111, 2), (486, 1), (1649, 1), (1731, 3), (2592, 1), (2735, 1), (3904, 1), (3924, 1), (4716, 1), (5506, 2), (5912, 4), (6069, 1), (7764, 4), (8387, 1), (8433, 1), (8611, 1), (9054, 1), (9183, 1), (9675, 2), (9784, 1)
paycat (DF: 1): (26, 3)
paycheck (DF: 13): (134, 1), (924, 1), (1876, 3), (2720, 1), (2749, 2), (7756, 1), (8057, 1), (8087, 1), (8172, 1), (8960, 1), (9312, 1), (9668, 1), (9874, 1)
payday (DF: 8): (66, 1), (1382, 1), (2666, 1), (2850, 1), (3914, 1), (5088, 1), (5460, 2), (7916, 1)
payi (DF: 1): (9519, 2)
payin (DF: 24): (418, 1), (689, 1), (1011, 1), (2440, 1), (2820, 1), (3260, 1), (3277, 1), (3773, 2), (3914, 1), (4310, 1), (5041, 1), (5345, 1), (5460, 2), (6801, 1), (7081, 3), (7297, 1), (7908, 1), (8525, 1), (8778, 1), (8830, 1), (8850, 1), (8864, 2), (9379, 1), (9926, 3)
payman (DF: 1): (1736, 1)
payment (DF: 16): (1497, 1), (2649, 1), (2706, 1), (2708, 1), (3201, 1), (3294, 1), (3483, 1), (5270, 1), (5478, 3), (5539, 1), (5794, 4), (5905, 1), (6146, 1), (7442, 1), (7605, 2), (9742, 1)
payn (DF: 4): (2205, 2), (4608, 1), (6646, 1), (7041, 1)
payo (DF: 1): (2000, 1)
payoff (DF: 2): (2609, 2), (8895, 3)
payout (DF: 2): (7452, 2), (7656, 2)
paypal (DF: 1): (846, 6)
payphon (DF: 6): (1711, 1), (3368, 1), (3676, 13), (4566, 19), (4727, 1), (6685, 4)
payrol (DF: 6): (350, 1), (606, 2), (1136, 1), (1648, 1), (6441, 1), (8856, 1)
paystub (DF: 1): (7123, 1)
payton (DF: 1): (5794, 3)
payy (DF: 1): (8670, 3)
paz (DF: 32): (143, 1), (333, 2), (679, 1), (776, 2), (1022, 1), (1631, 2), (1787, 11), (2972, 2), (3028, 1), (3399, 2), (4143, 1), (4210, 7), (4347, 3), (4846, 1), (5218, 1), (5436, 1), (5512, 2), (5719, 1), (5762, 1), (5856, 1), (6588, 6), (7270, 5), (7869, 1), (7935, 1), (8938, 1), (9034, 1), (9248, 1), (9334, 1), (9355, 1), (9525, 1), (9637, 1), (9652, 2)
pazienz (DF: 1): (3210, 1)
pazz (DF: 5): (4992, 1), (7466, 3), (8054, 1), (8198, 1), (8264, 1)
pañuel (DF: 5): (1878, 1), (1978, 2), (2079, 2), (5363, 1), (5655, 1)
pbrjack (DF: 1): (7222, 1)
pc (DF: 2): (6802, 1), (9058, 1)
pcd (DF: 2): (3282, 1), (5753, 1)
pch (DF: 1): (9920, 2)
pcp (DF: 1): (1135, 1)
pcs (DF: 1): (1648, 1)
pd (DF: 2): (1094, 1), (9637, 1)
pda (DF: 1): (5894, 2)
pe (DF: 19): (149, 1), (250, 2), (430, 2), (1834, 6), (3284, 2), (3590, 2), (3732, 36), (4088, 3), (4614, 1), (4686, 3), (5801, 1), (6126, 1), (6422, 3), (7313, 8), (7916, 7), (8940, 74), (9049, 2), (9533, 36), (9688, 2)
pea (DF: 12): (924, 1), (1058, 1), (1349, 1), (1964, 1), (3777, 1), (5087, 2), (5137, 1), (5578, 2), (6829, 1), (8230, 1), (8360, 1), (8529, 1)
peac (DF: 9): (13, 1), (34, 1), (143, 1), (183, 1), (211, 1), (266, 1), (288, 1), (306, 3), (359, 2)
