naci (DF: 2): (4210, 1), (7392, 4)
nacion (DF: 7): (476, 1), (2316, 1), (3080, 1), (4152, 1), (4257, 5), (9412, 1), (9719, 1)
nacional (DF: 2): (4347, 1), (8128, 1)
naciper (DF: 1): (8128, 1)
nacisn (DF: 2): (6678, 1), (6754, 1)
nack (DF: 10): (1583, 5), (3123, 1), (4743, 1), (5525, 4), (5775, 2), (6238, 1), (7463, 1), (8678, 2), (8999, 1), (9457, 1)
nackenklatsch (DF: 1): (2194, 1)
nackig (DF: 1): (8019, 1)
nackt (DF: 7): (3067, 1), (3212, 1), (3570, 1), (5214, 1), (5559, 1), (7373, 1), (7521, 1)
naco (DF: 1): (3480, 1)
nad (DF: 10): (34, 1), (250, 3), (875, 1), (2972, 4), (3722, 1), (5109, 1), (6179, 2), (8199, 1), (8883, 1), (9070, 1)
nada (DF: 42): (4, 1), (60, 6), (988, 1), (1415, 2), (1454, 1), (1777, 2), (1844, 2), (1881, 2), (2210, 2), (2660, 1), (3001, 1), (3215, 2), (3353, 1), (3838, 1), (3955, 2), (4016, 3), (4214, 1), (5011, 1), (5082, 1), (5606, 4), (5859, 1), (5959, 1), (6270, 1), (6947, 2), (7049, 2), (7211, 1), (7622, 1), (7649, 2), (7869, 4), (8052, 1), (8418, 1), (8574, 3), (8853, 1), (8909, 4), (8989, 1), (9087, 5), (9120, 4), (9304, 1), (9335, 1), (9368, 6), (9494, 1), (9525, 5)
nadal (DF: 4): (6007, 1), (7313, 2), (7356, 2), (9070, 1)
nadarama (DF: 1): (871, 1)
naddi (DF: 1): (9138, 1)
naddiyan (DF: 1): (4421, 3)
nadeau (DF: 1): (5923, 2)
nadeln (DF: 1): (3212, 1)
nadgarstki (DF: 1): (6441, 1)
nadi (DF: 193): (10, 1), (84, 1), (86, 4), (252, 2), (299, 1), (345, 4), (444, 3), (481, 4), (539, 1), (667, 2), (724, 2), (875, 6), (889, 1), (897, 1), (918, 1), (972, 4), (982, 4), (995, 8), (1039, 2), (1042, 3), (1051, 1), (1109, 1), (1116, 1), (1141, 2), (1277, 1), (1284, 1), (1333, 8), (1379, 3), (1476, 2), (1478, 1), (1582, 2), (1686, 9), (1778, 1), (1803, 2), (1878, 1), (1920, 5), (1966, 12), (2027, 1), (2043, 3), (2079, 2), (2111, 1), (2210, 2), (2316, 1), (2342, 1), (2383, 3), (2480, 7), (2487, 1), (2529, 2), (2585, 2), (2601, 4), (2668, 1), (2814, 1), (2898, 20), (3062, 2), (3197, 4), (3239, 1), (3290, 1), (3342, 3), (3399, 1), (3403, 6), (3504, 3), (3569, 1), (3666, 1), (3722, 6), (3853, 3), (3876, 3), (3903, 6), (3942, 4), (3969, 1), (3981, 9), (4034, 2), (4081, 1), (4109, 1), (4143, 1), (4195, 4), (4207, 2), (4209, 1), (4214, 3), (4236, 1), (4246, 2), (4362, 4), (4416, 4), (4439, 2), (4507, 9), (4560, 2), (4605, 1), (4651, 3), (4729, 3), (4797, 3), (4886, 4), (4954, 2), (5022, 1), (5110, 1), (5224, 2), (5381, 8), (5399, 3), (5471, 12), (5525, 24), (5569, 6), (5754, 2), (5770, 3), (5786, 3), (5856, 1), (5975, 2), (6001, 2), (6131, 4), (6207, 3), (6280, 1), (6321, 1), (6336, 3), (6393, 1), (6408, 1), (6423, 2), (6432, 1), (6438, 1), (6553, 3), (6651, 1), (6656, 3), (6657, 2), (6659, 1), (6681, 4), (6768, 14), (6909, 1), (6947, 2), (7031, 2), (7049, 12), (7108, 3), (7151, 4), (7301, 1), (7309, 1), (7380, 2), (7415, 1), (7513, 14), (7555, 1), (7646, 11), (7653, 1), (7780, 5), (7953, 2), (7956, 2), (7989, 1), (7993, 2), (8036, 1), (8047, 2), (8066, 2), (8112, 1), (8116, 1), (8131, 5), (8140, 3), (8171, 2), (8199, 6), (8255, 1), (8323, 3), (8352, 1), (8353, 1), (8454, 1), (8466, 1), (8516, 1), (8518, 1), (8546, 4), (8618, 3), (8751, 1), (8792, 1), (8866, 4), (8909, 4), (8922, 6), (8923, 4), (8945, 1), (8994, 1), (9012, 3), (9204, 2), (9246, 1), (9252, 1), (9309, 1), (9384, 2), (9400, 1), (9412, 2), (9431, 3), (9437, 1), (9470, 1), (9473, 2), (9475, 3), (9516, 1), (9532, 5), (9575, 1), (9652, 2), (9792, 2), (9802, 1), (9819, 2), (9864, 1), (9872, 5), (4193, 4), (6883, 1), (6884, 2)
nadit (DF: 2): (3197, 14), (3590, 2)
nadiyon (DF: 1): (149, 1)
nado (DF: 1): (7941, 1)
nador (DF: 3): (1177, 1), (3480, 1), (4387, 1)
nae (DF: 3): (32, 3), (3690, 5), (4944, 2)
naeg (DF: 2): (3690, 2), (7941, 7)
naega (DF: 3): (32, 1), (2817, 1), (7941, 1)
naekkeo (DF: 1): (3690, 64)
naekkeoya (DF: 1): (3690, 30)
nafe (DF: 3): (1896, 3), (4995, 2), (6363, 2)
nag (DF: 6): (1489, 1), (3887, 4), (5958, 2), (6104, 1), (7254, 1), (8139, 1)
naga (DF: 2): (1825, 8), (6007, 1)
nagal (DF: 2): (1183, 1), (1979, 1)
nagar (DF: 1): (1102, 2)
nagasaki (DF: 1): (7983, 1)
nagasareru (DF: 1): (1102, 2)
nage (DF: 1): (871, 1)
nagel (DF: 3): (5955, 1), (6748, 1), (7283, 1)
nagelneu (DF: 1): (4004, 1)
naggin (DF: 3): (181, 1), (5374, 2), (9873, 1)
naghihintay (DF: 1): (1489, 1)
nagkagusto (DF: 1): (5932, 2)
