atl (DF: 2): (9102, 2), (9166, 1)
atlant (DF: 15): (31, 1), (469, 2), (825, 3), (1343, 1), (3269, 1), (4440, 1), (5853, 1), (5878, 1), (6254, 1), (6336, 2), (6617, 1), (7823, 1), (8055, 4), (8976, 2), (9419, 2)
atlanta (DF: 46): (556, 1), (686, 1), (1253, 1), (1457, 18), (1829, 1), (2230, 1), (2254, 1), (2477, 1), (2692, 1), (2733, 1), (2794, 1), (3112, 1), (3179, 1), (3248, 1), (3594, 2), (3598, 1), (3944, 4), (4046, 1), (4136, 24), (4148, 1), (4481, 1), (4680, 1), (4884, 2), (5031, 10), (5068, 1), (5313, 1), (6225, 2), (6244, 1), (6296, 1), (6304, 3), (6375, 1), (6921, 1), (7178, 1), (7214, 2), (7685, 1), (7860, 1), (7901, 1), (8571, 1), (8573, 2), (8721, 1), (8837, 1), (8844, 1), (9054, 2), (9154, 6), (9257, 1), (9710, 10)
atlanti (DF: 4): (2874, 4), (4394, 6), (5086, 9), (9262, 1)
atlantic (DF: 1): (3403, 4)
atlas (DF: 5): (1383, 1), (2089, 1), (7317, 1), (8803, 4), (8995, 1)
atleast (DF: 1): (2377, 1)
atlet (DF: 2): (7773, 3), (9692, 1)
atlien (DF: 1): (6741, 3)
atltu (DF: 1): (4614, 1)
atm (DF: 11): (888, 1), (1845, 2), (2172, 1), (2327, 6), (2522, 2), (3605, 1), (4816, 1), (6328, 1), (6442, 1), (7441, 1), (8651, 2)
atmosfer (DF: 2): (1000, 1), (9738, 3)
atmosphar (DF: 1): (2050, 1)
atmospher (DF: 24): (340, 8), (729, 1), (757, 5), (1006, 2), (1089, 1), (1408, 1), (1444, 3), (2063, 3), (2438, 1), (2538, 2), (2610, 2), (4037, 1), (4263, 1), (4578, 2), (4617, 1), (5168, 1), (5270, 1), (5705, 2), (6296, 1), (7008, 1), (7372, 2), (7792, 13), (8897, 1), (9952, 1)
ato (DF: 3): (173, 1), (8188, 10), (9234, 3)
atom (DF: 10): (693, 1), (2462, 1), (3745, 1), (4192, 6), (5219, 1), (5785, 1), (6131, 1), (6681, 1), (7973, 1), (8866, 1)
aton (DF: 4): (1144, 1), (6619, 1), (6767, 1), (8270, 1)
atop (DF: 1): (1929, 1)
ator (DF: 2): (4288, 1), (9431, 1)
atorment (DF: 5): (312, 1), (4288, 1), (4879, 1), (6422, 3), (8482, 1)
atra (DF: 9): (1109, 1), (1255, 2), (1284, 1), (1478, 2), (1803, 1), (5754, 2), (8066, 1), (8632, 1), (9204, 1)
atrac (DF: 1): (7508, 1)
atraccion (DF: 2): (4702, 1), (6466, 1)
atract (DF: 2): (4860, 1), (9318, 2)
atraent (DF: 1): (2242, 1)
atragant (DF: 2): (2033, 2), (5352, 2)
atraig (DF: 1): (5592, 1)
atraj (DF: 1): (5522, 6)
atrament (DF: 1): (8452, 1)
atrap (DF: 14): (2948, 14), (3104, 4), (4560, 1), (4591, 1), (5013, 1), (5502, 6), (5522, 8), (5962, 1), (6659, 1), (6768, 1), (7961, 1), (8143, 3), (8243, 3), (9362, 2)
atrapandot (DF: 2): (1193, 4), (4709, 4)
atras (DF: 42): (489, 1), (776, 2), (1213, 2), (1221, 2), (1366, 1), (1422, 5), (1474, 1), (1786, 2), (1974, 1), (2033, 1), (2309, 1), (2530, 1), (2782, 2), (2792, 1), (3028, 1), (3342, 2), (3823, 1), (4081, 1), (4210, 1), (4347, 1), (4711, 1), (4948, 2), (5224, 1), (5352, 1), (5376, 1), (5473, 2), (5881, 2), (6399, 2), (6541, 1), (7843, 1), (8353, 1), (8466, 1), (8518, 1), (8546, 1), (8758, 5), (8945, 1), (9108, 1), (9384, 1), (9430, 1), (9431, 1), (9819, 4), (9882, 4)
atrasa (DF: 1): (9095, 1)
atrasar (DF: 1): (9876, 1)
atrasl (DF: 1): (9492, 1)
atrastant (DF: 1): (333, 2)
atrav (DF: 1): (3092, 3)
atraves (DF: 2): (6160, 1), (6209, 1)
atravessa (DF: 1): (5606, 1)
atravessando (DF: 1): (6804, 2)
atravies (DF: 2): (4258, 1), (9867, 1)
atravé (DF: 1): (9391, 3)
atração (DF: 1): (6983, 1)
atraíram (DF: 1): (5606, 1)
atrev (DF: 25): (117, 1), (1079, 1), (1305, 1), (2020, 7), (2429, 4), (2480, 1), (2814, 1), (3070, 2), (3631, 1), (3697, 1), (4479, 1), (4908, 2), (5547, 1), (5696, 2), (6588, 42), (6651, 1), (6808, 1), (6810, 4), (6871, 1), (7016, 1), (7166, 1), (8699, 1), (8994, 2), (9302, 1), (9939, 1)
atrevet (DF: 2): (5013, 13), (8243, 38)
atribut (DF: 1): (5906, 1)
atropell (DF: 4): (3090, 1), (6810, 1), (7526, 1), (9415, 1)
atrophi (DF: 1): (8105, 1)
atrá (DF: 14): (1659, 1), (2210, 2), (2839, 1), (3146, 1), (3364, 1), (4016, 8), (5859, 1), (6947, 2), (7869, 1), (8560, 1), (8909, 4), (8941, 7), (8946, 1), (9355, 6)
att (DF: 2): (2152, 7), (7428, 1)
attacc (DF: 1): (6631, 1)
attach (DF: 30): (228, 1), (579, 1), (993, 1), (1403, 1), (1727, 1), (1807, 4), (2624, 8), (2926, 2), (3448, 2), (3486, 1), (3522, 1), (3562, 1), (3874, 1), (4918, 1), (5025, 2), (5346, 1), (5516, 1), (6554, 2), (6571, 1), (6986, 4), (7342, 3), (7434, 7), (7900, 1), (8193, 1), (8251, 2), (8326, 1), (8401, 1), (8957, 1), (9157, 1), (9905, 1)
attack (DF: 18): (81, 1), (248, 1), (369, 1), (603, 2), (606, 1), (719, 2), (796, 1), (1091, 3), (1134, 1), (1256, 1), (1269, 1), (1409, 1), (1412, 3), (1463, 1), (1540, 1), (1564, 1), (1581, 1), (1643, 1)
