jolt (DF: 1): (2892, 1)
jom (DF: 3): (6126, 3), (7941, 6), (9049, 6)
jome (DF: 1): (1938, 1)
jon (DF: 31): (24, 1), (284, 9), (431, 1), (667, 4), (786, 2), (1296, 1), (1657, 4), (1661, 3), (1674, 1), (1813, 1), (2183, 2), (2186, 3), (2377, 1), (3076, 1), (3180, 4), (3245, 2), (4214, 1), (4356, 7), (4374, 1), (4386, 1), (4731, 1), (4864, 1), (5212, 1), (6464, 1), (6507, 1), (7220, 4), (7508, 1), (7540, 1), (8852, 1), (9102, 2), (9185, 6)
jona (DF: 30): (627, 1), (1389, 2), (2524, 1), (2968, 1), (2973, 1), (2994, 1), (4229, 1), (4277, 1), (4521, 1), (4581, 1), (4638, 1), (4871, 1), (6044, 1), (6222, 2), (6467, 2), (6736, 1), (6898, 1), (6950, 1), (7008, 1), (7390, 1), (7500, 2), (7657, 2), (7817, 2), (8355, 1), (8412, 1), (8465, 1), (8594, 1), (8964, 1), (9587, 1), (9741, 1)
jonah (DF: 1): (7703, 1)
jonasu (DF: 1): (9571, 1)
jone (DF: 46): (17, 1), (122, 1), (275, 2), (591, 1), (1059, 1), (1180, 1), (1211, 1), (1399, 2), (1515, 1), (1521, 1), (1539, 9), (2291, 1), (2303, 1), (2572, 6), (2691, 4), (3257, 1), (3469, 1), (3525, 2), (3878, 1), (4222, 1), (4603, 1), (4649, 1), (4656, 1), (4766, 1), (4874, 1), (4895, 1), (5055, 1), (5128, 1), (5213, 1), (6019, 5), (6042, 1), (6144, 1), (6897, 2), (6941, 1), (7650, 2), (7712, 1), (7752, 2), (8141, 1), (8327, 1), (8488, 2), (8515, 2), (8631, 1), (8826, 2), (9394, 1), (9559, 1), (9805, 1)
jones (DF: 4): (800, 1), (1368, 2), (1399, 1), (5392, 1)
jonesin (DF: 1): (6861, 1)
jong (DF: 4): (43, 3), (5577, 1), (7071, 2), (8666, 1)
jongen (DF: 4): (175, 2), (1432, 3), (7421, 1), (8418, 1)
jonin (DF: 2): (2240, 1), (8338, 2)
jonna (DF: 6): (68, 1), (852, 2), (1077, 1), (1318, 1), (3864, 1), (4607, 2)
jonni (DF: 1): (9863, 1)
jonniel (DF: 2): (3214, 1), (5224, 1)
jonwayn (DF: 1): (7754, 1)
jonz (DF: 2): (6719, 7), (9278, 1)
joogin (DF: 1): (2801, 1)
joolz (DF: 1): (5958, 1)
joomanji (DF: 1): (4024, 1)
jooo (DF: 1): (1515, 1)
joor (DF: 1): (9336, 1)
joplin (DF: 3): (3124, 1), (5234, 1), (8264, 1)
joppy (DF: 1): (444, 1)
jor (DF: 2): (430, 2), (8131, 1)
jord (DF: 4): (1481, 2), (4434, 1), (4651, 3), (8036, 1)
jordan (DF: 57): (372, 2), (583, 1), (797, 1), (839, 1), (1028, 2), (1253, 1), (1313, 1), (1622, 1), (1798, 1), (1809, 1), (1841, 1), (1859, 2), (2212, 1), (2521, 1), (2730, 1), (2925, 2), (3095, 2), (3597, 1), (3654, 2), (3727, 1), (3837, 1), (3879, 1), (3937, 1), (4122, 2), (4487, 1), (4622, 1), (4668, 1), (4765, 1), (4770, 1), (4895, 1), (5106, 1), (5251, 3), (5367, 1), (5758, 1), (5867, 1), (6096, 1), (6102, 1), (6347, 1), (6558, 1), (6804, 3), (6854, 1), (7235, 2), (7319, 1), (7497, 1), (7517, 1), (7745, 1), (7991, 1), (8058, 1), (8244, 1), (8259, 1), (8400, 1), (9099, 1), (9280, 1), (9291, 1), (9597, 2), (9838, 1), (9993, 1)
jordans (DF: 2): (2383, 3), (7956, 2)
jordanxl (DF: 1): (704, 1)
jordnær (DF: 1): (4991, 1)
jorg (DF: 2): (1273, 1), (4470, 1)
jorgi (DF: 1): (2785, 2)
jorgy (DF: 1): (3996, 1)
jorh (DF: 1): (8510, 1)
jori (DF: 1): (1235, 2)
jorja (DF: 10): (779, 1), (2201, 1), (2772, 1), (3441, 1), (4505, 1), (4759, 1), (5725, 1), (6615, 1), (8334, 1), (8430, 1)
joro (DF: 1): (9336, 62)
jorooo (DF: 1): (9336, 1)
jory (DF: 3): (345, 11), (1370, 2), (6079, 4)
jos (DF: 7): (2309, 1), (3492, 1), (4032, 1), (8733, 2), (9074, 1), (9475, 1), (9636, 1)
jose (DF: 9): (3300, 1), (3723, 1), (4652, 1), (5296, 1), (8055, 2), (8733, 2), (8976, 1), (9315, 2), (9419, 1)
josefina (DF: 1): (1623, 1)
joseito (DF: 1): (8597, 1)
josel (DF: 1): (9540, 1)
joselit (DF: 1): (7392, 2)
josett (DF: 1): (4468, 1)
josh (DF: 7): (59, 1), (242, 1), (292, 1), (386, 1), (7691, 1), (8198, 1), (9854, 1)
josha (DF: 1): (5404, 1)
joshi (DF: 1): (3067, 2)
joshua (DF: 1): (7568, 1)
joshy (DF: 1): (8198, 1)
josi (DF: 2): (915, 1), (7508, 2)
joss (DF: 4): (478, 1), (4242, 1), (7224, 2), (8714, 1)
josu (DF: 1): (2043, 1)
jot (DF: 7): (490, 1), (1552, 1), (4027, 1), (4846, 1), (5576, 1), (6693, 6), (9010, 1)
jotdog (DF: 1): (1159, 2)
jou (DF: 17): (43, 1), (175, 1), (598, 2), (3355, 2), (3768, 8), (4256, 4), (4287, 8), (4607, 6), (5917, 2), (6184, 13), (6886, 1), (7382, 3), (8210, 3), (8831, 1), (9595, 1), (9757, 1), (9884, 1)
joue (DF: 2): (3195, 1), (3660, 1)
jouet (DF: 1): (7192, 1)
jour (DF: 7): (30, 4), (349, 3), (1151, 1), (4440, 1), (4675, 1), (6184, 2), (7607, 1)
jourdan (DF: 1): (3216, 1)
journ (DF: 1): (34, 1)
journal (DF: 1): (490, 1)
journalist (DF: 2): (4059, 1), (5862, 2)
journey (DF: 45): (455, 1), (1488, 1), (1555, 1), (2333, 1), (2423, 1), (2491, 1), (2710, 4), (2824, 2), (3195, 1), (3217, 1), (3601, 1), (3702, 3), (4044, 1), (4051, 1), (4114, 1), (4145, 1), (4427, 1), (4526, 1), (4802, 1), (4847, 1), (4911, 1), (5112, 1), (5442, 2), (5706, 2), (5771, 1), (5892, 1), (6227, 2), (6793, 1), (7237, 1), (7657, 1), (7821, 1), (7943, 1), (8155, 4), (8319, 1), (8417, 1), (8525, 2), (8559, 1), (8735, 2), (9125, 1), (9168, 1), (9346, 2), (9433, 1), (9500, 2), (9729, 1), (9926, 1)
journé (DF: 1): (7454, 1)
jouw (DF: 5): (1432, 4), (3355, 1), (4607, 2), (4665, 1), (5917, 4)
jouët (DF: 1): (5817, 1)
jov (DF: 15): (178, 8), (283, 2), (728, 1), (858, 1), (1215, 1), (1677, 1), (2828, 1), (4518, 1), (5276, 1), (5990, 1), (6884, 1), (8036, 1), (8054, 1), (8112, 4), (9903, 8)
jovanott (DF: 2): (1818, 2), (8054, 1)
jovem (DF: 5): (1979, 1), (2680, 1), (3467, 2), (4016, 3), (6289, 4)
joven (DF: 3): (1087, 1), (5610, 1), (7197, 1)
jovi (DF: 18): (1035, 1), (1446, 2), (2139, 2), (2291, 2), (3767, 2), (4388, 2), (4428, 2), (4727, 1), (4730, 1), (5593, 1), (6125, 2), (6633, 1), (7240, 2), (7368, 1), (8295, 1), (8973, 1), (9198, 2), (9686, 1)
jowell (DF: 7): (354, 1), (412, 6), (1061, 3), (3916, 3), (5696, 2), (7166, 1), (9428, 3)
jowny (DF: 3): (4469, 2), (4704, 1), (7766, 1)
jowo (DF: 1): (430, 4)
joy (DF: 109): (74, 2), (142, 2), (176, 1), (406, 1), (456, 1), (560, 1), (766, 2), (930, 1), (950, 1), (963, 3), (1098, 1), (1145, 1), (1287, 3), (1306, 4), (1403, 1), (1620, 1), (1636, 1), (1745, 1), (1861, 1), (1892, 1), (1953, 25), (1961, 3), (2246, 1), (2290, 1), (2316, 1), (2351, 1), (2371, 1), (2397, 1), (2509, 1), (2741, 6), (2753, 1), (2859, 52), (2940, 1), (3076, 1), (3105, 1), (3266, 1), (3362, 1), (3372, 2), (3434, 1), (3592, 2), (3688, 2), (3715, 2), (3860, 1), (3947, 6), (4031, 1), (4105, 1), (4120, 1), (4232, 1), (4317, 3), (4764, 1), (4842, 1), (4856, 2), (4892, 1), (4968, 1), (5083, 1), (5144, 1), (5145, 1), (5311, 4), (5317, 1), (5648, 2), (5712, 1), (5842, 1), (5843, 1), (6020, 1), (6439, 1), (6584, 50), (6617, 1), (6831, 2), (6851, 1), (6977, 57), (7024, 1), (7060, 1), (7289, 27), (7326, 3), (7372, 2), (7406, 1), (7621, 1), (7777, 1), (7867, 4), (7921, 1), (7955, 1), (8004, 1), (8102, 4), (8148, 1), (8203, 1), (8233, 3), (8245, 4), (8272, 1), (8312, 1), (8322, 1), (8378, 12), (8384, 27), (8492, 3), (8542, 1), (8628, 1), (8694, 1), (9119, 1), (9171, 4), (9217, 1), (9271, 7), (9298, 2), (9327, 17), (9410, 4), (9448, 1), (9502, 1), (9723, 3), (9844, 1), (9849, 1), (9989, 2)
joyc (DF: 1): (3926, 1)
joyer (DF: 1): (7820, 1)
joyner (DF: 3): (7113, 3), (7323, 1), (9000, 1)
joyrich (DF: 1): (800, 1)
joyrid (DF: 1): (2891, 1)
joyryd (DF: 4): (2784, 1), (4262, 1), (4478, 1), (7285, 1)
joytim (DF: 3): (878, 1), (3326, 1), (4406, 1)
