reckless (DF: 23): (5914, 1), (5943, 1), (6092, 1), (6223, 1), (6230, 3), (6437, 1), (6536, 1), (7008, 1), (7053, 1), (7411, 3), (7440, 1), (7665, 4), (7691, 1), (7788, 1), (7798, 2), (8231, 1), (8399, 1), (8752, 1), (8886, 1), (9328, 1), (9409, 2), (9856, 1), (9950, 6)
reckon (DF: 10): (1186, 2), (1579, 1), (2300, 1), (2797, 2), (3136, 2), (3458, 1), (4199, 1), (5343, 1), (7980, 2), (8807, 1)
recl (DF: 1): (1810, 2)
reclaim (DF: 1): (1748, 1)
reclam (DF: 6): (2898, 5), (4356, 2), (4556, 1), (8751, 1), (8923, 1), (9786, 6)
reclama (DF: 4): (5606, 1), (7342, 9), (8113, 1), (8938, 1)
reclamando (DF: 1): (1659, 1)
reclamar (DF: 1): (60, 4)
reclin (DF: 6): (2562, 1), (2687, 1), (5773, 1), (6724, 1), (7007, 1), (8470, 1)
reclinin (DF: 2): (993, 1), (9730, 1)
reclus (DF: 3): (3934, 1), (5604, 1), (7754, 1)
reclut (DF: 2): (2585, 2), (5502, 1)
reco (DF: 1): (9279, 2)
recog (DF: 6): (1582, 3), (2275, 1), (3723, 1), (3981, 1), (3996, 1), (6239, 1)
recogem (DF: 1): (6160, 3)
recoget (DF: 2): (9444, 1), (9974, 1)
recogist (DF: 1): (8597, 1)
recogn (DF: 67): (672, 1), (819, 1), (865, 2), (950, 1), (1136, 1), (1282, 1), (1325, 1), (1535, 6), (1714, 6), (1720, 1), (1952, 4), (1962, 1), (2019, 2), (2115, 1), (2198, 1), (2500, 1), (2540, 2), (2649, 2), (2677, 1), (3391, 1), (3439, 1), (3748, 1), (3781, 1), (3803, 2), (3811, 1), (3917, 1), (4014, 1), (4165, 1), (4261, 1), (4331, 1), (4455, 1), (4903, 1), (5056, 1), (5277, 1), (5302, 1), (5312, 1), (5482, 1), (5513, 2), (5645, 1), (5957, 1), (5968, 3), (6084, 1), (6253, 1), (6327, 1), (6409, 1), (6578, 1), (6761, 1), (6853, 1), (7026, 1), (7096, 1), (7173, 1), (7297, 1), (7304, 1), (7329, 9), (7492, 1), (7748, 3), (7777, 1), (7825, 1), (7829, 1), (7952, 1), (8079, 1), (8289, 2), (8310, 18), (8736, 1), (8793, 1), (9047, 1), (9789, 1)
recognis (DF: 9): (1015, 3), (2019, 1), (2902, 5), (3633, 1), (5504, 1), (5536, 2), (7329, 2), (8485, 1), (8567, 1)
recognit (DF: 5): (386, 1), (3439, 1), (6129, 1), (7227, 1), (9509, 1)
recogniz (DF: 1): (2648, 1)
recognizin (DF: 1): (4222, 1)
recoil (DF: 2): (5664, 1), (8806, 1)
recoj (DF: 7): (53, 1), (4560, 1), (5768, 2), (6025, 1), (6251, 1), (7367, 4), (8171, 1)
recollect (DF: 2): (803, 1), (2411, 2)
recomend (DF: 1): (7183, 1)
recommen (DF: 1): (6962, 1)
recommend (DF: 10): (2204, 4), (2943, 2), (4603, 4), (5172, 2), (5495, 1), (7037, 1), (8141, 4), (8705, 1), (9033, 1), (9826, 1)
recomment (DF: 1): (7254, 1)
recompens (DF: 5): (14, 2), (6514, 1), (6862, 1), (8242, 1), (9415, 3)
recon (DF: 2): (7533, 1), (7922, 1)
reconcil (DF: 4): (1015, 3), (1846, 1), (6766, 1), (8554, 1)
reconcili (DF: 2): (5035, 3), (7523, 1)
reconnect (DF: 2): (6858, 1), (8396, 1)
reconnectin (DF: 1): (4019, 1)
reconoc (DF: 2): (724, 1), (813, 1)
reconocert (DF: 1): (6263, 2)
reconozc (DF: 1): (6450, 1)
reconqu (DF: 1): (8699, 2)
reconsid (DF: 3): (916, 2), (5553, 1), (5653, 1)
reconsiderar (DF: 1): (9223, 1)
reconstruct (DF: 1): (4681, 1)
recopil (DF: 1): (8128, 1)
record (DF: 143): (3, 1), (8, 1), (27, 1), (31, 1), (121, 1), (178, 1), (197, 1), (248, 1), (270, 1), (324, 1), (365, 1), (371, 1), (384, 2), (444, 1), (548, 1), (574, 1), (692, 1), (738, 1), (791, 1), (839, 1), (917, 1), (925, 1), (958, 1), (977, 1), (1070, 2), (1119, 3), (1152, 1), (1164, 1), (1196, 1), (1213, 2), (1220, 2), (1249, 1), (1340, 1), (1379, 1), (1410, 1), (1443, 1), (1469, 1), (1532, 2), (1626, 2), (1648, 2), (1751, 1), (1788, 1), (1820, 1), (1852, 1), (1970, 1), (2038, 1), (2055, 1), (2062, 1), (2090, 1), (2103, 1), (2158, 1), (2228, 3), (2248, 1), (2257, 1), (2276, 1), (2279, 2), (2329, 1), (2336, 2), (2383, 3), (2384, 1), (2429, 5), (2569, 1), (2576, 1), (2583, 2), (2659, 2), (2694, 1), (2721, 2), (2760, 2), (2804, 1), (2823, 1), (2825, 1), (3002, 2), (3004, 1), (3018, 1), (3019, 1), (3059, 4), (3101, 1), (3161, 1), (3244, 1), (3268, 3), (3282, 4), (3383, 1), (3420, 2), (3483, 1), (3487, 1), (3504, 1), (3521, 1), (3549, 3), (3555, 3), (3562, 1), (3612, 1), (3623, 1), (3663, 2), (3692, 1), (3718, 3), (3789, 1), (3888, 1), (3941, 1), (3974, 1), (4057, 6), (4080, 2), (4186, 2), (4304, 4), (4306, 3), (4404, 1), (4525, 2), (4585, 1), (4599, 1), (4666, 3), (4668, 1), (4704, 1), (4724, 1), (4766, 2), (4788, 2), (4800, 1), (4854, 2), (4857, 1), (4864, 2), (4949, 3), (4962, 1), (5014, 1), (5015, 4), (5032, 1), (5058, 18), (5120, 1), (5176, 2), (5289, 1), (5309, 1), (5320, 2), (5323, 1), (5397, 1), (5569, 8), (5582, 2), (5596, 1), (5607, 1), (5618, 1), (5693, 1), (5715, 7), (5753, 2), (5830, 2), (5943, 1), (5957, 1), (5975, 11)
