sent (DF: 56): (8828, 10), (8866, 4), (8879, 1), (8934, 1), (8936, 4), (8938, 2), (8994, 2), (9010, 1), (9046, 1), (9054, 1), (9075, 1), (9090, 1), (9147, 1), (9179, 1), (9183, 1), (9204, 1), (9222, 1), (9240, 1), (9242, 1), (9285, 1), (9288, 1), (9301, 1), (9309, 1), (9368, 2), (9418, 2), (9439, 1), (9444, 2), (9469, 3), (9568, 1), (9582, 1), (9596, 2), (9636, 2), (9660, 2), (9664, 1), (9696, 2), (9706, 1), (9719, 2), (9737, 1), (9903, 6), (9906, 1), (9954, 1), (1398, 1), (1399, 1), (1633, 2), (1635, 1), (2058, 1), (2059, 1), (2336, 6), (2338, 2), (3890, 1), (3891, 1), (6009, 1), (6010, 1), (6248, 1), (6249, 2), (6250, 4)
senta (DF: 11): (1278, 12), (1415, 2), (2242, 3), (2680, 4), (3364, 9), (4357, 7), (6234, 1), (6804, 4), (8052, 1), (8363, 1), (9396, 16)
sentando (DF: 2): (1072, 2), (9494, 1)
sentar (DF: 7): (1278, 6), (2631, 8), (2680, 1), (3838, 1), (4016, 1), (7211, 1), (9494, 1)
sentenc (DF: 27): (548, 1), (1150, 1), (1325, 1), (1922, 1), (2064, 1), (2360, 1), (2682, 1), (3646, 2), (3941, 1), (4279, 1), (4427, 1), (4844, 1), (5509, 1), (5586, 1), (5766, 2), (5851, 1), (5942, 1), (6019, 1), (6104, 1), (6173, 1), (6547, 1), (6653, 1), (7134, 1), (7992, 1), (8170, 1), (8830, 1), (9479, 3)
sentenci (DF: 1): (7863, 1)
sentencin (DF: 1): (4844, 1)
sentent (DF: 1): (34, 1)
senthamizh (DF: 1): (3471, 1)
senthamizhar (DF: 1): (3471, 1)
senti (DF: 8): (1095, 1), (1379, 1), (2606, 2), (3467, 1), (3504, 1), (7412, 4), (7649, 1), (9470, 1)
sentido (DF: 2): (2680, 1), (9087, 1)
sentiment (DF: 15): (261, 3), (281, 1), (305, 1), (1095, 1), (2075, 1), (2133, 1), (2174, 1), (4669, 1), (5195, 1), (6958, 1), (7701, 2), (8712, 1), (9217, 1), (9507, 9), (9723, 10)
sentimental (DF: 1): (8454, 1)
sentimento (DF: 6): (3870, 1), (6234, 1), (7211, 1), (8858, 4), (8941, 1), (9637, 1)
sentimiemt (DF: 1): (7426, 1)
sentimient (DF: 48): (217, 1), (256, 1), (1305, 2), (1379, 1), (1411, 1), (1582, 1), (2090, 1), (2681, 1), (3071, 2), (3504, 1), (3596, 1), (3853, 2), (3942, 1), (3981, 1), (4210, 1), (4356, 2), (4729, 1), (4797, 1), (4879, 1), (4961, 1), (5224, 1), (5283, 2), (5381, 2), (5525, 28), (5655, 3), (5754, 2), (6016, 9), (6175, 2), (6279, 2), (6321, 1), (6414, 3), (6515, 3), (6553, 2), (7042, 1), (7309, 1), (7851, 1), (8751, 1), (8902, 1), (9039, 3), (9079, 1), (9172, 6), (9309, 1), (9415, 1), (9492, 1), (9558, 6), (9606, 3), (8128, 1), (8131, 1)
sentindo (DF: 5): (60, 3), (2539, 2), (4016, 1), (6289, 1), (9494, 1)
sentinos (DF: 1): (5049, 1)
sentir (DF: 15): (1257, 1), (2730, 1), (3095, 2), (3111, 1), (3692, 1), (5007, 1), (6175, 1), (6234, 4), (7049, 4), (7175, 1), (7477, 1), (8236, 1), (8989, 1), (9099, 1), (9391, 1)
sentirt (DF: 8): (580, 1), (679, 1), (2659, 14), (3669, 2), (3903, 2), (6438, 1), (7104, 4), (8719, 6)
sentis (DF: 1): (7019, 2)
sento (DF: 1): (5118, 12)
sentou (DF: 1): (9396, 2)
senymenalni (DF: 1): (6441, 1)
senz (DF: 24): (1000, 3), (1818, 4), (1848, 4), (1850, 1), (2518, 3), (2549, 1), (3295, 2), (3491, 1), (3972, 11), (4587, 4), (5020, 5), (6160, 3), (6250, 1), (6626, 6), (6631, 4), (6798, 1), (6961, 8), (7837, 5), (8130, 1), (8671, 2), (9203, 1), (9222, 5), (9420, 1), (9912, 1)
senzu (DF: 1): (8452, 1)
senão (DF: 1): (5011, 1)
seomyeon (DF: 1): (2817, 1)
seorit (DF: 2): (7780, 1), (9872, 1)
sep (DF: 45): (14, 1), (180, 1), (342, 1), (480, 1), (628, 1), (632, 3), (707, 1), (1221, 10), (1582, 3), (1686, 1), (2306, 1), (2739, 1), (3070, 4), (3093, 8), (3580, 2), (3586, 2), (3897, 1), (4300, 12), (4469, 2), (4544, 6), (4567, 2), (4594, 12), (4666, 7), (4763, 1), (4852, 3), (4886, 4), (5224, 1), (5716, 3), (5906, 6), (6179, 2), (6279, 4), (6553, 2), (7108, 1), (7632, 1), (7904, 2), (8140, 1), (8171, 1), (8278, 1), (8518, 1), (8546, 1), (9012, 6), (9060, 6), (9179, 1), (9756, 2), (9960, 16)
separ (DF: 56): (190, 1), (406, 1), (527, 1), (708, 1), (751, 2), (857, 1), (1362, 7), (1374, 2), (1572, 1), (1689, 1), (1784, 1), (2127, 2), (2244, 1), (2294, 1), (2383, 3), (2473, 1), (2569, 1), (2577, 1), (2782, 1), (2902, 1), (3028, 1), (3040, 1), (3115, 1), (3400, 2), (3499, 1), (3572, 1), (3597, 1), (3728, 2), (3796, 1), (3813, 1), (4391, 2), (4666, 1), (4766, 1), (5223, 1), (5378, 1), (5560, 1), (5593, 2), (5684, 3), (5772, 1), (5776, 1), (6227, 5), (6308, 1), (6401, 1), (6973, 1), (7010, 2), (7240, 1), (7405, 1), (7426, 1), (7642, 4), (7664, 2), (7879, 1), (7956, 2), (7973, 1), (8050, 1), (8183, 1), (8367, 1)
