saw (DF: 328): (2084, 3), (2097, 1), (2099, 1), (2121, 2), (2138, 1), (2184, 1), (2201, 1), (2214, 2), (2361, 1), (2393, 1), (2407, 1), (2421, 2), (2449, 2), (2462, 1), (2466, 1), (2490, 8), (2534, 1), (2547, 3), (2571, 1), (2635, 1), (2657, 1), (2669, 2), (2672, 5), (2675, 2), (2692, 1), (2695, 1), (2730, 2), (2747, 1), (2831, 1), (2832, 1), (2846, 1), (2851, 2), (2878, 4), (2890, 3), (2912, 1), (2968, 2), (3020, 1), (3036, 4), (3095, 4), (3125, 2), (3164, 2), (3195, 1), (3200, 1), (3220, 2), (3237, 2), (3238, 2), (3266, 1), (3307, 1), (3317, 7), (3323, 3), (3419, 1), (3426, 1), (3465, 1), (3472, 2), (3483, 1), (3523, 1), (3676, 2), (3733, 1), (3741, 1), (3817, 4), (3827, 2), (3889, 1), (3902, 1), (3940, 1), (3964, 1), (3995, 1), (3999, 1), (4019, 2), (4058, 1), (4078, 1), (4111, 1), (4128, 1), (4141, 1), (4166, 3), (4183, 3), (4199, 2), (4221, 10), (4251, 1), (4271, 1), (4277, 2), (4279, 3), (4334, 2), (4337, 2), (4383, 1), (4385, 2), (4389, 4), (4392, 3), (4463, 4), (4521, 1), (4542, 1), (4566, 3), (4595, 3), (4608, 2), (4623, 1), (4646, 2), (4684, 1), (4697, 2), (4724, 1), (4778, 1), (4789, 2), (4830, 2), (4836, 1), (4844, 1), (4864, 1), (4885, 1), (4900, 1), (4925, 1), (4971, 1), (5014, 1), (5032, 1), (5039, 1), (5050, 1), (5076, 1), (5085, 1), (5147, 2), (5243, 2), (5249, 1), (5308, 1), (5312, 1), (5323, 1), (5332, 2), (5424, 2), (5463, 1), (5470, 1), (5496, 9), (5526, 1), (5544, 2), (5561, 1), (5633, 1), (5642, 1), (5664, 2), (5681, 4), (5711, 2), (5725, 1), (5797, 12), (5805, 1), (5870, 1), (5908, 1), (5972, 1), (6002, 1), (6060, 10), (6072, 4), (6076, 1), (6086, 2), (6102, 3), (6119, 1), (6135, 4), (6137, 1), (6247, 2), (6256, 1), (6269, 1), (6322, 1), (6352, 1), (6374, 2), (6390, 1), (6409, 1), (6421, 4), (6440, 4), (6453, 1), (6486, 1), (6529, 4), (6533, 1), (6538, 2), (6560, 1), (6585, 2), (6589, 3), (6591, 1), (6598, 1), (6623, 1), (6642, 1), (6671, 2), (6697, 1), (6702, 2), (6709, 2), (6722, 1), (6724, 1), (6750, 2), (6761, 1), (6779, 4), (6811, 1), (6848, 1), (6887, 14), (6891, 1), (6951, 1), (6959, 1), (6968, 1), (6970, 1), (6984, 1), (6992, 1), (7043, 4), (7054, 1), (7065, 2), (7075, 3), (7079, 1), (7097, 1), (7128, 1), (7138, 1), (7142, 1), (7163, 3), (7182, 1), (7207, 8), (7237, 1), (7257, 1), (7271, 3), (7293, 1), (7337, 3), (7384, 2), (7388, 1), (7402, 1), (7424, 1), (7461, 2), (7482, 1), (7532, 1), (7541, 1), (7553, 2), (7571, 1), (7592, 2), (7599, 1), (7609, 2), (7664, 1), (7689, 2), (7745, 2), (7752, 4), (7774, 1), (7777, 20), (7810, 9), (7813, 3), (7840, 1), (7852, 1), (7900, 1), (7906, 1), (7915, 3), (7943, 1), (8008, 1), (8045, 1), (8060, 2), (8083, 2), (8100, 1), (8101, 3), (8209, 1), (8215, 3), (8258, 7), (8262, 2), (8354, 1), (8355, 1), (8380, 2), (8412, 1), (8440, 1), (8459, 1), (8462, 1), (8473, 8), (8480, 1), (8483, 1), (8484, 2), (8520, 2), (8531, 1), (8549, 1), (8556, 2), (8594, 1), (8630, 1), (8631, 2), (8636, 1), (8658, 2), (8692, 1), (8709, 2), (8748, 1), (8775, 3), (8778, 2), (8782, 1), (8839, 1), (8845, 3), (8854, 6), (8878, 1), (8885, 2), (8900, 1), (8916, 2), (8965, 1), (9069, 6), (9099, 2), (9119, 1), (9137, 2), (9144, 1), (9298, 1), (9332, 1), (9333, 3), (9369, 8), (9372, 1), (9376, 2), (9442, 2), (9458, 4), (9488, 1), (9495, 1), (9579, 4), (9581, 1), (9604, 1), (9625, 1), (9627, 2), (9665, 1), (9689, 1), (9724, 8), (9751, 1), (9785, 2), (9790, 3), (9869, 2), (9910, 1), (9917, 2), (9924, 1), (9928, 1), (9937, 1), (9998, 1), (81, 2), (83, 2), (1504, 1), (1505, 2), (1852, 1), (1853, 12), (3038, 1), (3040, 2), (3376, 2), (3377, 1), (4694, 1), (4696, 2), (4857, 1), (4858, 1), (5432, 1), (5433, 1), (6611, 1), (6612, 3)
sawal (DF: 1): (4686, 1)
sawdust (DF: 1): (2672, 1)
saweeti (DF: 1): (9622, 1)
sawi (DF: 1): (5932, 2)
sawn (DF: 1): (2559, 1)
sawt (DF: 1): (7943, 1)
sawyer (DF: 4): (3350, 1), (3420, 1), (8724, 10), (9289, 7)
sax (DF: 4): (5921, 1), (6741, 1), (8604, 3), (9590, 1)
saxophon (DF: 36): (247, 2), (574, 1), (794, 1), (963, 1), (1900, 2), (1954, 1), (2057, 1), (2145, 1), (2423, 1), (2462, 1), (2908, 1), (3083, 1), (3776, 1), (4028, 1), (4044, 1), (4543, 1), (4609, 1), (4864, 1), (5014, 1), (5066, 1), (5092, 1), (5774, 1), (5824, 1), (5897, 1), (6442, 1), (6746, 1), (6867, 1), (7181, 1), (7436, 1), (7748, 1), (7758, 1), (7884, 1), (8554, 1), (8559, 1), (9729, 1), (9953, 1)
say (DF: 25): (3, 4), (13, 1), (15, 1), (22, 1), (26, 9), (30, 2), (32, 2), (40, 4), (49, 1), (51, 1), (52, 2), (62, 15), (66, 11), (70, 77), (72, 2), (74, 4), (78, 1), (81, 1), (82, 1), (88, 1), (110, 1), (119, 2), (121, 4), (122, 1), (129, 2)
