gelos (DF: 2): (5020, 1), (6691, 1)
geloven (DF: 1): (6008, 1)
geluk (DF: 1): (3748, 1)
gelukkig (DF: 1): (6008, 1)
gem (DF: 13): (842, 1), (1634, 1), (2252, 2), (4300, 3), (4594, 3), (7255, 1), (8353, 2), (8459, 1), (8532, 1), (8745, 1), (8790, 1), (9051, 1), (9172, 6)
gemaakt (DF: 2): (852, 1), (5917, 1)
gemacht (DF: 6): (493, 1), (3067, 1), (4743, 1), (6026, 1), (7373, 1), (7720, 1)
gemak (DF: 1): (3355, 3)
gemein (DF: 1): (2376, 1)
gemeint (DF: 1): (3123, 1)
gemel (DF: 1): (5224, 1)
gemeliers (DF: 1): (9575, 2)
gemelkt (DF: 1): (3437, 1)
gemerkt (DF: 2): (2328, 1), (3932, 1)
gemini (DF: 10): (579, 1), (1115, 2), (1154, 1), (2583, 2), (2987, 1), (3126, 1), (5015, 1), (5549, 2), (5780, 2), (9569, 1)
gemischt (DF: 1): (4387, 1)
gemist (DF: 1): (175, 1)
gemitaiz (DF: 2): (8777, 1), (9222, 1)
gemmer (DF: 1): (7397, 6)
gen (DF: 5): (53, 11), (349, 1), (540, 9), (7254, 6), (8264, 1)
gena (DF: 1): (4468, 1)
genagelt (DF: 1): (2194, 1)
genau (DF: 7): (3348, 1), (4318, 1), (4998, 1), (5053, 1), (5775, 1), (7479, 1), (9795, 4)
gencjan (DF: 1): (4405, 2)
gender (DF: 4): (2497, 1), (5322, 1), (6741, 1), (9398, 1)
gene (DF: 13): (1773, 1), (2216, 1), (3940, 1), (4837, 1), (5885, 1), (6261, 1), (6283, 1), (7001, 2), (8239, 1), (8367, 1), (8492, 1), (9907, 1), (9995, 1)
genen (DF: 1): (6641, 1)
gener (DF: 24): (46, 1), (53, 2), (347, 1), (371, 5), (715, 1), (1633, 6), (1752, 1), (2585, 2), (3316, 2), (4567, 2), (4763, 1), (6131, 1), (6251, 1), (6422, 1), (6681, 1), (7395, 1), (7993, 1), (8047, 1), (8171, 1), (8866, 1), (9196, 1), (9225, 1), (9412, 1), (9697, 3)
generacja (DF: 14): (250, 1), (1197, 1), (1825, 1), (2951, 1), (3744, 1), (4311, 1), (4914, 1), (6457, 1), (6678, 1), (6754, 1), (7313, 1), (7356, 1), (8604, 1), (9085, 1)
general (DF: 26): (352, 1), (541, 1), (650, 1), (858, 1), (1354, 1), (2306, 2), (3949, 3), (4897, 1), (5245, 1), (6275, 1), (6452, 4), (6782, 1), (6917, 2), (7154, 1), (7635, 1), (7771, 1), (7895, 1), (8171, 1), (8475, 6), (8531, 1), (8532, 1), (8755, 1), (8795, 1), (8825, 4), (9287, 3), (9707, 1)
generat (DF: 37): (505, 4), (683, 4), (849, 1), (987, 1), (999, 3), (1454, 1), (1784, 1), (1894, 1), (1964, 1), (1970, 1), (2056, 1), (2159, 1), (2291, 1), (2310, 5), (2326, 1), (2451, 2), (2918, 6), (3164, 1), (3439, 1), (3917, 1), (4069, 1), (5032, 1), (5338, 1), (5876, 1), (6177, 1), (6374, 1), (6566, 2), (6946, 1), (7387, 1), (7622, 1), (8158, 3), (8379, 2), (8853, 1), (8960, 2), (9398, 2), (9465, 22), (9661, 137)
generation (DF: 6): (2535, 1), (3981, 2), (5049, 1), (5429, 4), (6645, 1), (9558, 1)
generations (DF: 1): (4356, 2)
generationwhi (DF: 1): (5703, 1)
generic (DF: 1): (1864, 1)
generous (DF: 2): (4897, 1), (8575, 1)
genesi (DF: 8): (471, 4), (2042, 1), (2175, 1), (2843, 1), (4116, 1), (6124, 2), (9310, 1), (9995, 1)
genet (DF: 5): (1575, 1), (1760, 1), (5729, 1), (6043, 1), (6931, 1)
geneva (DF: 3): (2158, 1), (5467, 1), (7015, 1)
geni (DF: 22): (65, 1), (334, 8), (1652, 1), (1721, 1), (1845, 1), (2116, 1), (2256, 1), (2341, 1), (2406, 14), (2730, 1), (3095, 2), (3403, 2), (4028, 2), (4162, 2), (4281, 1), (4560, 1), (6928, 2), (7178, 1), (7604, 1), (7993, 1), (8047, 1), (9099, 1)
genial (DF: 1): (7426, 1)
genialnego (DF: 1): (8452, 1)
genick (DF: 1): (2463, 1)
geniess (DF: 3): (3067, 1), (4004, 1), (7373, 1)
genieten (DF: 1): (7519, 1)
genit (DF: 2): (4490, 1), (5082, 1)
genius (DF: 23): (132, 1), (159, 1), (200, 1), (440, 1), (804, 4), (1383, 1), (1710, 1), (1720, 8), (1995, 1), (2039, 1), (2089, 1), (2411, 1), (3298, 1), (3390, 1), (3731, 2), (4218, 1), (5605, 2), (5979, 2), (6785, 1), (8189, 1), (8456, 2), (8570, 1), (9666, 2)
geniuz (DF: 2): (4246, 1), (8353, 1)
genkend (DF: 1): (3527, 1)
genkidam (DF: 1): (7607, 1)
genna (DF: 1): (1203, 2)
genocid (DF: 2): (699, 1), (7520, 1)
genoeg (DF: 2): (175, 1), (3355, 1)
genomm (DF: 1): (3849, 1)
genoves (DF: 2): (4127, 1), (7973, 1)
genr (DF: 44): (363, 1), (442, 1), (589, 1), (1507, 1), (1605, 1), (1774, 1), (1861, 1), (3218, 1), (3561, 1), (3765, 1), (3938, 1), (3951, 1), (4197, 1), (4249, 1), (4687, 1), (4885, 1), (5507, 1), (5723, 1), (6236, 1), (6268, 1), (6732, 1), (6812, 1), (7115, 1), (7120, 1), (7132, 1), (7561, 3), (7607, 1), (7811, 1), (7818, 1), (8062, 1), (8069, 1), (8174, 1), (8215, 1), (8284, 1), (8475, 1), (8674, 1), (8768, 1), (8950, 1), (9077, 1), (9129, 1), (9249, 1), (9312, 1), (9354, 1), (9985, 1)
gent (DF: 15): (9, 1), (12, 2), (53, 2), (143, 1), (178, 1), (227, 2), (252, 1), (256, 1), (306, 1), (347, 1), (353, 10), (412, 4), (577, 1), (628, 1), (711, 3)
