footer (DF: 2): (2026, 1), (6728, 1)
footlock (DF: 1): (7650, 1)
footprint (DF: 11): (896, 2), (1600, 1), (2808, 1), (5253, 1), (6316, 1), (6507, 2), (7195, 2), (7434, 3), (7816, 1), (9276, 4), (9720, 5)
footstep (DF: 11): (235, 1), (1877, 1), (1986, 1), (2031, 1), (2126, 1), (3834, 9), (4547, 1), (6622, 1), (7307, 1), (7425, 2), (7730, 2)
footwear (DF: 1): (7497, 1)
for (DF: 27): (724, 1), (858, 1), (1461, 1), (2309, 1), (2535, 1), (2681, 1), (2757, 4), (3419, 1), (3903, 1), (3996, 2), (4386, 1), (4440, 2), (4951, 1), (5522, 2), (5525, 12), (5663, 1), (5796, 1), (6131, 2), (6436, 18), (6681, 2), (7820, 1), (8420, 2), (8866, 2), (8883, 1), (8928, 2), (9185, 1), (9248, 1)
fora (DF: 9): (1415, 1), (1659, 6), (3305, 8), (3692, 1), (3838, 1), (6983, 1), (8052, 1), (8941, 1), (9120, 2)
foram (DF: 1): (3215, 1)
forb (DF: 9): (842, 1), (1919, 1), (2872, 1), (5313, 1), (5943, 5), (6503, 1), (6903, 1), (9166, 3), (9567, 1)
forbid (DF: 8): (702, 1), (1341, 1), (2399, 1), (3499, 1), (4575, 1), (5135, 2), (6465, 1), (7791, 5)
forbidden (DF: 15): (855, 1), (1128, 2), (1272, 1), (3772, 1), (4708, 1), (4781, 1), (5066, 1), (5240, 2), (5458, 3), (6982, 1), (7091, 1), (7471, 16), (7985, 4), (8297, 1), (8561, 1)
forblir (DF: 1): (6292, 1)
forbliv (DF: 1): (6292, 1)
forc (DF: 78): (15, 1), (101, 1), (133, 1), (134, 1), (200, 1), (360, 1), (497, 2), (522, 1), (540, 1), (597, 1), (646, 1), (727, 1), (856, 1), (976, 1), (1082, 2), (1594, 1), (1643, 1), (1821, 1), (1936, 1), (1996, 1), (2039, 1), (2075, 1), (2151, 1), (2235, 5), (2500, 1), (2636, 1), (2658, 1), (2677, 1), (2727, 4), (2919, 2), (3036, 2), (3042, 1), (3234, 2), (3240, 4), (3298, 1), (3473, 2), (3650, 1), (3708, 6), (3829, 1), (4199, 1), (4230, 1), (4520, 1), (4625, 1), (4631, 1), (5316, 3), (5562, 2), (5963, 2), (6300, 1), (6337, 1), (6386, 2), (6443, 1), (6460, 1), (6478, 1), (6740, 5), (6766, 1), (6778, 2), (6830, 1), (7103, 2), (7394, 2), (7552, 2), (7575, 1), (7636, 1), (7689, 1), (7918, 8), (7924, 1), (7973, 1), (8046, 1), (8078, 1), (8172, 2), (8176, 1), (8213, 1), (8554, 1), (8601, 1), (8655, 6), (9158, 1), (9742, 1), (9785, 1), (9983, 1)
forcin (DF: 2): (2636, 1), (7213, 3)
ford (DF: 27): (57, 8), (1142, 1), (1152, 1), (1343, 1), (2008, 2), (2211, 1), (2840, 1), (2967, 1), (5121, 1), (5314, 1), (5561, 1), (5828, 1), (6497, 1), (6732, 1), (6951, 1), (7083, 1), (7287, 1), (7450, 1), (7465, 1), (8260, 1), (9116, 1), (9125, 1), (9228, 1), (9322, 2), (9343, 1), (9585, 1), (9715, 8)
fordert (DF: 1): (3932, 1)
fordi (DF: 3): (3527, 1), (4991, 1), (9498, 1)
fordæver (DF: 1): (2018, 1)
fore (DF: 89): (51, 1), (80, 1), (200, 3), (222, 1), (278, 2), (558, 1), (815, 1), (841, 1), (893, 2), (920, 1), (952, 1), (1029, 1), (1073, 8), (1078, 12), (1084, 1), (1147, 1), (1328, 1), (1419, 1), (1431, 1), (1674, 1), (1805, 5), (2160, 1), (2198, 2), (2453, 24), (2676, 1), (2771, 1), (2895, 1), (3310, 1), (3393, 1), (3598, 4), (3821, 1), (3925, 1), (4206, 1), (4267, 1), (4320, 2), (4446, 22), (4533, 1), (4543, 1), (4621, 18), (4719, 18), (4779, 4), (4931, 2), (5203, 2), (5300, 1), (5312, 1), (5542, 1), (5661, 3), (5667, 2), (5711, 2), (5729, 1), (5766, 2), (5902, 1), (5907, 1), (5915, 1), (5961, 2), (6043, 1), (6061, 1), (6144, 1), (6226, 1), (6287, 1), (6613, 1), (6695, 1), (6761, 1), (6795, 1), (6846, 1), (6895, 1), (7064, 2), (7098, 1), (7806, 1), (7828, 1), (7829, 1), (8071, 2), (8170, 1), (8183, 1), (8319, 1), (8547, 1), (8672, 1), (8715, 2), (8755, 1), (8929, 1), (9057, 1), (9143, 3), (9566, 3), (9605, 1), (9638, 1), (9640, 1), (9861, 3), (9866, 1), (9993, 1)
foreal (DF: 2): (2083, 3), (7611, 1)
foreblosur (DF: 1): (966, 1)
forecast (DF: 2): (6455, 2), (6819, 4)
foreclos (DF: 2): (3335, 1), (7348, 1)
foreclosur (DF: 1): (966, 1)
forefront (DF: 1): (8842, 1)
forehead (DF: 7): (1172, 3), (1469, 1), (3790, 1), (6217, 1), (7602, 4), (7644, 2), (8172, 2)
foreign (DF: 94): (25, 1), (47, 1), (51, 1), (305, 1), (436, 2), (661, 8), (810, 1), (928, 1), (1107, 4), (1122, 1), (1226, 2), (1425, 4), (1531, 1), (1647, 1), (1727, 1), (1777, 2), (1849, 1), (1875, 1), (1911, 2), (1994, 1), (2014, 45), (2064, 1), (2081, 3), (2091, 2), (2254, 3), (2315, 2), (2467, 2), (2581, 1), (2630, 1), (2730, 1), (3037, 1), (3095, 2), (3170, 1), (3232, 1), (3350, 1), (3356, 1), (3374, 1), (3408, 1), (3451, 1), (3512, 1), (3541, 1), (3542, 2), (3721, 9), (3822, 1), (4345, 2), (4364, 1), (4468, 1), (4533, 1), (4661, 1), (4672, 1), (4736, 21), (4820, 1), (4969, 1), (5200, 3), (5294, 1), (5334, 1), (5337, 1), (5370, 2), (5510, 1), (5782, 4), (5797, 6), (5946, 2), (5996, 1), (6006, 2), (6040, 1), (6202, 1), (6237, 1), (6265, 1), (6290, 2), (7006, 1), (7296, 1), (7327, 2), (7384, 1), (7500, 1), (7721, 1), (7739, 2), (7768, 1), (8004, 1), (8111, 2), (8132, 1), (8212, 1), (8373, 3), (8470, 1), (8784, 30), (8823, 2), (9099, 1), (9231, 2), (9290, 1), (9324, 1), (9368, 2), (9429, 1), (9736, 1), (9861, 1), (9958, 1)
foreman (DF: 4): (405, 1), (2091, 2), (8088, 2), (8662, 1)
forens (DF: 2): (2624, 8), (7973, 1)
foreplay (DF: 7): (740, 1), (2093, 2), (2840, 2), (5092, 2), (5863, 1), (6457, 1), (6738, 1)
forer (DF: 1): (417, 1)
forese (DF: 4): (2135, 1), (2911, 1), (4146, 1), (8657, 1)
forest (DF: 22): (389, 1), (1375, 8), (1471, 1), (2658, 1), (2730, 1), (2861, 1), (3095, 2), (3295, 1), (3317, 14), (3335, 2), (4658, 1), (4868, 1), (6496, 1), (6516, 1), (7075, 1), (7433, 4), (7885, 2), (7977, 1), (8514, 2), (8559, 1), (9099, 1), (9730, 1)
forestep (DF: 1): (4684, 1)
foretel (DF: 1): (1908, 1)
forev (DF: 548): (6, 1), (31, 3), (35, 4), (50, 4), (58, 1), (106, 1), (140, 4), (177, 1), (182, 1), (194, 5), (202, 1), (219, 6), (230, 1), (233, 1), (253, 3), (258, 1), (323, 1), (343, 1), (409, 2), (425, 2), (432, 1), (471, 7), (475, 5), (482, 1), (486, 6), (515, 6), (517, 1), (525, 2), (544, 1), (562, 1), (603, 12), (609, 8), (611, 4), (621, 6), (674, 3), (699, 1), (708, 1), (774, 4), (786, 1), (845, 1), (862, 1), (895, 1), (910, 1), (921, 1), (952, 1), (969, 1), (975, 11), (1008, 4), (1028, 1), (1040, 2), (1065, 2), (1075, 2), (1085, 1), (1087, 3), (1094, 1), (1120, 4), (1121, 1), (1147, 6), (1150, 1), (1188, 1), (1203, 3), (1223, 1), (1245, 21), (1269, 1), (1276, 1), (1290, 2), (1351, 1), (1371, 1), (1373, 6), (1378, 2), (1400, 1), (1426, 1), (1443, 1), (1445, 8), (1457, 3), (1459, 2), (1466, 1), (1471, 2), (1492, 2), (1497, 2), (1498, 20), (1511, 3), (1522, 2), (1525, 1), (1557, 1), (1568, 3), (1603, 19), (1604, 1), (1641, 2), (1663, 1), (1664, 2), (1696, 1), (1709, 1), (1726, 3), (1732, 1), (1742, 1), (1792, 2), (1798, 3), (1819, 2), (1869, 2), (1887, 1), (1893, 1), (1897, 3), (1922, 2), (1946, 1), (1960, 1), (1965, 1), (1969, 2), (1972, 2), (1977, 1), (1984, 2), (1996, 3), (2023, 2), (2028, 1), (2031, 1), (2062, 1), (2075, 1), (2105, 1), (2128, 2), (2153, 4), (2172, 1), (2214, 8), (2234, 4), (2237, 4), (2245, 4), (2262, 3), (2274, 3), (2299, 9), (2310, 1), (2318, 4), (2333, 2), (2350, 3), (2358, 3), (2363, 1), (2367, 1), (2393, 2), (2395, 1), (2408, 1), (2409, 2), (2431, 2), (2449, 4), (2510, 3), (2520, 2), (2533, 9), (2552, 1), (2613, 1), (2712, 1), (2725, 10), (2734, 1), (2754, 9), (2779, 1), (2790, 2), (2807, 2), (2811, 2), (2843, 2), (2856, 1), (2866, 2), (2867, 2), (2870, 2), (2877, 2), (2888, 1), (2901, 4), (2968, 8), (2976, 1), (2984, 1), (3014, 6), (3052, 1), (3058, 1), (3098, 5), (3112, 1), (3115, 1), (3130, 2), (3131, 6), (3137, 1), (3166, 3), (3177, 1), (3231, 1), (3276, 1), (3278, 6), (3291, 1), (3294, 2), (3296, 1), (3322, 2), (3334, 6), (3335, 1), (3369, 2), (3374, 1), (3389, 1), (3401, 1), (3436, 2), (3453, 1), (3454, 1), (3455, 1), (3456, 24), (3476, 8), (3514, 1), (3544, 1), (3567, 3), (3568, 2), (3583, 10), (3595, 1), (3619, 1), (3678, 1), (3693, 2), (3716, 1), (3725, 1), (3747, 7), (3754, 7), (3778, 1), (3847, 1), (3861, 11), (3879, 3), (3884, 1), (3894, 2), (3929, 4), (3953, 1), (3982, 3), (4003, 3), (4015, 1), (4035, 7), (4076, 12), (4079, 2), (4094, 3), (4100, 1), (4104, 1), (4126, 1), (4135, 1), (4136, 4), (4142, 2), (4185, 1), (4228, 2), (4233, 1), (4237, 1), (4256, 1), (4277, 8), (4281, 1), (4304, 3), (4324, 1), (4337, 6), (4338, 2), (4340, 1), (4350, 2), (4368, 1), (4372, 1), (4385, 3), (4488, 12), (4530, 3), (4639, 1), (4646, 1), (4649, 3), (4660, 1), (4661, 2), (4685, 1), (4698, 1), (4730, 4), (4764, 2), (4808, 3), (4810, 1), (4819, 1), (4827, 1), (4828, 1), (4838, 3), (4853, 1), (4856, 3), (4865, 1), (4870, 3), (4872, 4), (4882, 2), (4899, 1), (4913, 1), (4921, 2), (4968, 3), (4988, 1), (4993, 3), (5023, 1), (5073, 1), (5112, 1), (5124, 1), (5128, 1), (5164, 1), (5207, 1), (5221, 8), (5225, 1), (5242, 3), (5243, 1), (5248, 1), (5255, 4), (5269, 1), (5310, 2), (5333, 1), (5361, 1), (5379, 1), (5386, 1), (5409, 1), (5413, 1), (5435, 2), (5440, 1), (5453, 1), (5498, 8), (5583, 1), (5627, 2), (5628, 1), (5649, 22), (5662, 1), (5712, 10), (5759, 1), (5782, 4), (5794, 1), (5795, 1), (5799, 1), (5805, 1), (5813, 1), (5828, 1), (5878, 1), (5888, 2), (5892, 1), (5921, 12), (5923, 13), (5927, 9), (5943, 1), (5967, 1), (5969, 3), (5971, 1), (5977, 5), (5983, 1), (5993, 1), (6019, 1), (6022, 1), (6065, 1), (6067, 4), (6083, 2), (6106, 1), (6112, 12), (6136, 1), (6181, 1), (6272, 1), (6295, 1), (6304, 1), (6308, 1), (6323, 1), (6333, 1), (6334, 12), (6376, 3), (6403, 1), (6424, 1), (6443, 3), (6448, 6), (6461, 4), (6476, 3), (6482, 2), (6516, 2), (6581, 1), (6601, 1), (6611, 1), (6617, 2), (6625, 2), (6680, 1), (6701, 2), (6711, 1), (6720, 4), (6735, 14), (6743, 1), (6746, 2), (6752, 14), (6838, 2), (6841, 1), (6866, 3), (6898, 4), (6907, 1), (6920, 3), (6932, 2), (6941, 3), (6956, 3), (6962, 1), (6989, 1), (7004, 1), (7013, 1), (7015, 1), (7035, 2), (7058, 1), (7084, 1), (7103, 1), (7109, 1), (7126, 1), (7136, 1), (7144, 4), (7236, 2), (7279, 1), (7314, 2), (7341, 1), (7350, 1), (7386, 2), (7388, 1), (7394, 2), (7400, 1), (7417, 2), (7432, 1), (7436, 3), (7449, 1), (7496, 24), (7536, 3), (7585, 2), (7589, 3), (7608, 1), (7620, 1), (7625, 2), (7627, 2), (7631, 3), (7633, 1), (7662, 4), (7664, 2), (7672, 2), (7690, 1), (7730, 3), (7755, 1), (7758, 1), (7772, 1), (7786, 2), (7811, 1), (7825, 4), (7827, 3), (7913, 2), (7914, 1), (7926, 6), (7932, 1), (7934, 2), (7945, 1), (7955, 3), (7973, 2), (7985, 1), (7995, 2), (8018, 1), (8022, 1), (8045, 1), (8078, 5), (8094, 4), (8154, 1), (8157, 7), (8184, 75), (8227, 1), (8231, 1), (8233, 1), (8240, 1), (8245, 4), (8246, 1), (8302, 8), (8361, 3), (8365, 2), (8383, 1), (8388, 1), (8391, 4), (8393, 3), (8409, 2), (8412, 4), (8417, 1), (8421, 1), (8444, 4), (8457, 1), (8476, 6), (8483, 4), (8529, 1), (8545, 25), (8550, 1), (8552, 4), (8554, 1), (8557, 4), (8582, 1), (8594, 4), (8623, 1), (8640, 6), (8655, 1), (8663, 1), (8674, 12), (8703, 3), (8707, 3), (8732, 1), (8750, 1), (8769, 5), (8770, 2), (8783, 10), (8791, 1), (8793, 6), (8796, 10), (8810, 2), (8814, 2), (8843, 1), (8863, 10), (8869, 1), (8871, 3), (8880, 15), (8889, 12), (8895, 9), (8900, 1), (8975, 6), (9024, 11), (9044, 6), (9056, 1), (9057, 2), (9061, 2), (9094, 1), (9101, 30), (9113, 1), (9142, 13), (9154, 1), (9180, 1), (9186, 2), (9213, 1), (9219, 2), (9233, 2), (9244, 2), (9265, 1), (9266, 1), (9269, 1), (9278, 1), (9295, 1), (9308, 1), (9331, 1), (9365, 1), (9378, 3), (9413, 1), (9439, 1), (9453, 10), (9472, 2), (9478, 2), (9505, 1), (9530, 4), (9571, 6), (9573, 10), (9585, 7), (9616, 2), (9624, 1), (9681, 1), (9699, 4), (9719, 2), (9731, 1), (9747, 1), (9763, 1), (9770, 144), (9805, 3), (9810, 1), (9838, 3), (9844, 13), (9856, 3), (9910, 1), (9925, 2), (9979, 2), (9987, 6), (9991, 1)
forevermor (DF: 13): (2945, 4), (2947, 3), (3296, 1), (3518, 1), (4892, 2), (6936, 1), (7153, 2), (7187, 1), (7686, 1), (8683, 2), (9019, 2), (9439, 1), (9753, 1)
foreword (DF: 1): (6845, 1)
forfeit (DF: 5): (4520, 1), (4676, 1), (6766, 1), (8554, 1), (8960, 2)
forfør (DF: 1): (4991, 1)
forg (DF: 2): (6295, 1), (6766, 1)
forgav (DF: 6): (1192, 1), (1599, 1), (1618, 1), (1710, 1), (4468, 1), (4499, 1)
forget (DF: 510): (2, 1), (48, 6), (65, 1), (69, 1), (79, 3), (85, 1), (88, 1), (106, 1), (121, 2), (145, 2), (160, 3), (170, 1), (192, 7), (232, 1), (237, 1), (255, 3), (263, 1), (265, 4), (278, 2), (303, 4), (319, 4), (338, 1), (340, 4), (343, 1), (373, 1), (384, 1), (409, 2), (429, 1), (457, 1), (516, 4), (545, 1), (548, 1), (556, 4), (563, 1), (587, 1), (614, 2), (619, 1), (621, 1), (622, 1), (641, 1), (647, 1), (686, 1), (710, 1), (722, 1), (793, 1), (814, 1), (833, 1), (856, 1), (951, 5), (990, 1), (1003, 3), (1007, 1), (1016, 1), (1026, 1), (1047, 1), (1063, 1), (1084, 1), (1110, 1), (1117, 1), (1147, 1), (1169, 1), (1188, 1), (1216, 1), (1219, 1), (1243, 2), (1247, 12), (1267, 1), (1294, 1), (1320, 2), (1374, 2), (1445, 2), (1459, 2), (1462, 1), (1469, 1), (1472, 6), (1504, 1), (1511, 3), (1558, 1), (1594, 1), (1624, 1), (1634, 1), (1646, 1), (1680, 2), (1690, 1), (1697, 2), (1699, 1), (1705, 1), (1719, 2), (1737, 5), (1761, 5), (1789, 1), (1830, 1), (1924, 1), (1948, 1), (2015, 2), (2042, 2), (2071, 2), (2081, 1), (2094, 1), (2118, 2), (2128, 4), (2145, 1), (2146, 10), (2158, 1), (2171, 1), (2186, 1), (2217, 1), (2218, 1), (2333, 1), (2340, 1), (2370, 1), (2375, 1), (2380, 1), (2387, 6), (2392, 3), (2393, 1), (2419, 1), (2426, 6), (2432, 1), (2439, 1), (2449, 2), (2450, 7), (2451, 1), (2481, 2), (2494, 1), (2499, 1), (2501, 2), (2523, 2), (2557, 1), (2586, 1), (2598, 3), (2634, 1), (2675, 1), (2684, 1), (2705, 2), (2783, 1), (2818, 4), (2870, 1), (2878, 3), (2884, 2), (2944, 1), (2961, 1), (2978, 4), (3010, 3), (3016, 1), (3026, 1), (3032, 2), (3041, 1), (3054, 1), (3065, 1), (3131, 2), (3138, 1), (3143, 2), (3162, 3), (3168, 2), (3190, 2), (3251, 1), (3262, 4), (3265, 1), (3287, 1), (3300, 1), (3327, 2), (3335, 1), (3349, 1), (3369, 1), (3374, 1), (3397, 2), (3413, 1), (3442, 1), (3448, 4), (3476, 2), (3484, 1), (3518, 1), (3532, 2), (3538, 1), (3546, 1), (3553, 4), (3584, 2), (3653, 1), (3689, 5), (3700, 2), (3704, 2), (3730, 2), (3746, 2), (3758, 2), (3776, 3), (3778, 1), (3820, 2), (3871, 1), (3895, 1), (3917, 13), (3971, 1), (4012, 1), (4020, 1), (4022, 2), (4037, 1), (4039, 1), (4058, 1), (4061, 5), (4072, 1), (4161, 2), (4244, 1), (4294, 1), (4299, 50), (4302, 4), (4313, 1), (4319, 1), (4385, 2), (4391, 6), (4400, 2), (4410, 1), (4431, 4), (4433, 5), (4459, 1), (4474, 1), (4499, 1), (4508, 2), (4514, 2), (4516, 1), (4524, 1), (4573, 1), (4589, 1), (4620, 1), (4634, 1), (4638, 1), (4645, 1), (4646, 1), (4656, 1), (4660, 2), (4688, 15), (4726, 1), (4728, 2), (4738, 2), (4766, 1), (4777, 3), (4793, 2), (4824, 1), (4833, 1), (4878, 1), (4888, 2), (4897, 1), (4913, 1), (4953, 1), (4993, 2), (5010, 1), (5025, 22), (5042, 4), (5044, 2), (5072, 1), (5074, 10), (5080, 1), (5094, 3), (5108, 1), (5113, 1), (5155, 1), (5157, 4), (5168, 1), (5186, 2), (5199, 1), (5205, 1), (5227, 2), (5250, 2), (5277, 1), (5291, 1), (5295, 1), (5332, 2), (5356, 1), (5357, 1), (5360, 1), (5374, 2), (5386, 1), (5400, 2), (5419, 1), (5434, 1), (5450, 1), (5495, 1), (5504, 1), (5507, 1), (5508, 1), (5538, 2), (5578, 18), (5587, 2), (5604, 2), (5630, 2), (5639, 1), (5661, 1), (5664, 1), (5669, 2), (5688, 1), (5714, 2), (5718, 9), (5722, 1), (5724, 1), (5736, 1), (5755, 1), (5808, 1), (5827, 1), (5847, 1), (5894, 1), (5905, 3), (5919, 1), (5933, 1), (5977, 1), (6019, 2), (6031, 2), (6037, 1), (6083, 1), (6089, 1), (6102, 1), (6123, 1), (6130, 1), (6191, 10), (6213, 1), (6226, 1), (6228, 2), (6237, 3), (6246, 3), (6259, 3), (6309, 1), (6330, 11), (6407, 6), (6456, 1), (6502, 2), (6530, 1), (6547, 1), (6565, 1), (6578, 1), (6596, 1), (6638, 1), (6658, 2), (6662, 1), (6672, 1), (6690, 1), (6713, 1), (6746, 1), (6756, 1), (6763, 2), (6770, 4), (6790, 1), (6803, 4), (6806, 1), (6821, 2), (6858, 1), (6880, 2), (6890, 1), (6905, 2), (6927, 1), (6945, 2), (6963, 1), (7006, 1), (7040, 4), (7095, 1), (7103, 1), (7136, 1), (7148, 1), (7154, 1), (7169, 5), (7170, 2), (7180, 2), (7209, 1), (7212, 2), (7215, 1), (7241, 2), (7297, 1), (7302, 1), (7342, 6), (7369, 1), (7386, 1), (7388, 1), (7424, 1), (7439, 1), (7440, 1), (7441, 2), (7447, 4), (7473, 1), (7500, 1), (7509, 1), (7541, 2), (7556, 2), (7585, 3), (7589, 1), (7590, 1), (7631, 1), (7633, 1), (7652, 32), (7661, 5), (7682, 4), (7686, 1), (7687, 2), (7752, 1), (7834, 2), (7872, 1), (7882, 1), (7901, 1), (7924, 1), (7946, 1), (7966, 2), (7988, 1), (8049, 9), (8073, 4), (8139, 1), (8162, 1), (8177, 1), (8179, 3), (8228, 1), (8230, 7), (8238, 1), (8240, 1), (8285, 2), (8305, 3), (8306, 1), (8313, 1), (8326, 1), (8345, 1), (8368, 5), (8374, 1), (8377, 1), (8393, 1), (8457, 1), (8462, 4), (8511, 2), (8565, 1), (8567, 6), (8568, 4), (8576, 20), (8578, 12), (8579, 1), (8592, 1), (8622, 1), (8637, 1), (8663, 1), (8669, 1), (8702, 2), (8714, 1), (8725, 8), (8746, 1), (8748, 1), (8765, 1), (8770, 2), (8787, 1), (8793, 4), (8797, 1), (8811, 1), (8873, 2), (8904, 2), (8911, 1), (8960, 1), (8968, 1), (8975, 1), (8980, 1), (8981, 1), (8990, 1), (9073, 1), (9075, 1), (9080, 1), (9113, 2), (9117, 4), (9157, 1), (9167, 1), (9169, 1), (9171, 1), (9175, 4), (9181, 1), (9190, 1), (9216, 1), (9271, 8), (9311, 1), (9315, 2), (9317, 2), (9321, 7), (9322, 1), (9332, 1), (9345, 1), (9375, 2), (9421, 3), (9426, 1), (9447, 2), (9450, 1), (9451, 1), (9454, 8), (9458, 4), (9486, 1), (9488, 6), (9512, 1), (9550, 1), (9561, 2), (9571, 2), (9572, 1), (9582, 1), (9599, 1), (9605, 1), (9623, 2), (9624, 1), (9667, 4), (9668, 1), (9731, 1), (9753, 1), (9768, 1), (9772, 1), (9791, 1), (9832, 5), (9844, 1), (9849, 1), (9861, 1), (9888, 1), (9897, 3), (9920, 3), (9930, 1), (9978, 1), (9980, 4)
forgett (DF: 4): (1944, 1), (2160, 4), (3096, 1), (4677, 1)
forgettin (DF: 2): (8953, 2), (9300, 1)
forgi (DF: 6): (1354, 1), (2256, 2), (2322, 1), (4339, 1), (7771, 1), (8725, 12)
forgiv (DF: 134): (192, 1), (200, 2), (319, 4), (338, 1), (375, 2), (416, 1), (464, 1), (621, 1), (672, 1), (710, 1), (879, 2), (1105, 1), (1120, 1), (1147, 1), (1170, 1), (1200, 1), (1286, 1), (1344, 1), (1375, 8), (1456, 1), (1558, 1), (1593, 1), (1615, 2), (1618, 1), (1690, 1), (1712, 1), (1805, 1), (1985, 5), (2004, 2), (2103, 1), (2145, 1), (2153, 1), (2159, 1), (2208, 1), (2222, 5), (2255, 1), (2396, 1), (2448, 2), (2450, 2), (2551, 3), (2598, 3), (2723, 1), (2742, 1), (2773, 2), (2783, 1), (2807, 1), (2821, 2), (2847, 1), (2872, 1), (2896, 1), (2901, 1), (3084, 3), (3287, 1), (3329, 1), (3404, 3), (3454, 2), (3549, 1), (3595, 2), (3689, 14), (3700, 2), (3933, 2), (4063, 2), (4123, 1), (4161, 2), (4302, 1), (4315, 1), (4354, 2), (4461, 1), (4602, 2), (4685, 1), (4819, 2), (4888, 2), (4897, 1), (5012, 1), (5155, 1), (5339, 1), (5391, 10), (5393, 1), (5669, 2), (5680, 1), (5763, 1), (5771, 1), (5779, 7), (5799, 2), (5800, 1), (5840, 1), (5937, 1), (6069, 2), (6104, 1), (6216, 1), (6545, 1), (6558, 4), (6625, 1), (6742, 1), (6797, 1), (6971, 3), (7136, 1), (7304, 1), (7369, 1), (7386, 1), (7396, 4), (7423, 4), (7536, 1), (7570, 2), (7594, 1), (7643, 1), (7678, 1), (7775, 2), (7814, 1), (7857, 1), (7938, 2), (7988, 1), (8011, 2), (8146, 2), (8177, 1), (8184, 1), (8261, 1), (8302, 2), (8317, 7), (8384, 1), (8548, 1), (9061, 1), (9113, 1), (9169, 1), (9361, 3), (9572, 1), (9755, 4), (9759, 1), (9830, 3), (9875, 1), (9897, 3), (9967, 1), (9985, 1), (9988, 1)
forgiven (DF: 18): (3177, 1), (3540, 1), (3946, 1), (5121, 2), (5458, 3), (5929, 2), (5957, 1), (6200, 1), (6814, 1), (7615, 6), (7805, 1), (7994, 1), (8520, 1), (8695, 3), (9045, 1), (9054, 1), (9173, 2), (9842, 3)
forgivin (DF: 2): (759, 2), (6734, 2)
forgot (DF: 97): (240, 1), (553, 1), (616, 1), (684, 1), (693, 1), (695, 2), (1226, 1), (1229, 1), (1274, 2), (1425, 8), (1460, 4), (1513, 1), (1533, 1), (1574, 1), (1763, 1), (1774, 1), (1789, 7), (2005, 2), (2115, 1), (2161, 2), (2171, 1), (2186, 3), (2227, 1), (2259, 1), (2305, 6), (2338, 2), (2523, 3), (2621, 6), (2641, 2), (2679, 1), (2776, 1), (2788, 1), (2799, 1), (2991, 1), (3026, 1), (3051, 4), (3456, 1), (3483, 1), (3521, 1), (3598, 1), (3676, 2), (3707, 2), (3770, 3), (3771, 5), (4339, 7), (4468, 1), (4566, 3), (4639, 1), (4668, 1), (4731, 1), (4854, 1), (4901, 1), (5032, 1), (5055, 1), (5086, 1), (5167, 1), (5303, 1), (5591, 6), (5608, 1), (5806, 1), (5993, 1), (6118, 1), (6226, 1), (6443, 2), (6507, 9), (6563, 1), (6619, 7), (6970, 3), (6994, 1), (7120, 1), (7177, 1), (7291, 1), (7369, 1), (7381, 2), (7387, 1), (7461, 6), (7577, 2), (7608, 2), (7717, 2), (7757, 3), (7802, 3), (7884, 1), (7974, 1), (8050, 4), (8087, 1), (8202, 1), (8568, 6), (8589, 1), (8958, 3), (9502, 3), (9582, 9), (9593, 8), (9597, 1), (9644, 2), (9670, 2), (9880, 2), (9995, 1)
forgotten (DF: 32): (200, 1), (275, 1), (516, 3), (546, 1), (718, 1), (963, 3), (1062, 2), (1136, 1), (1621, 2), (1913, 3), (3032, 2), (3426, 1), (3699, 2), (3968, 1), (4115, 1), (4883, 2), (5088, 1), (5096, 1), (5829, 2), (6119, 4), (6331, 1), (6335, 1), (7142, 3), (7168, 2), (7222, 4), (7294, 1), (7523, 2), (8228, 1), (8556, 1), (9284, 2), (9667, 3), (9847, 1)
forgotton (DF: 1): (6019, 1)
forj (DF: 1): (1022, 1)
fork (DF: 8): (72, 1), (1552, 1), (1613, 1), (1896, 2), (7292, 1), (8035, 1), (8373, 3), (9150, 1)
forlorn (DF: 1): (2871, 1)
form (DF: 100): (86, 6), (173, 2), (217, 1), (355, 1), (366, 1), (490, 1), (577, 6), (594, 2), (705, 1), (725, 3), (836, 3), (996, 1), (1027, 4), (1042, 3), (1079, 1), (1099, 1), (1443, 1), (1476, 10), (1519, 4), (1584, 2), (1708, 1), (1820, 1), (2075, 1), (2154, 2), (2461, 1), (2588, 1), (2672, 1), (2804, 1), (2938, 2), (3092, 1), (3146, 1), (3211, 1), (3239, 2), (3399, 2), (3489, 1), (3562, 1), (3731, 1), (3886, 1), (3971, 1), (3981, 1), (4009, 1), (4276, 2), (4470, 1), (4523, 1), (4797, 1), (4855, 2), (4860, 1), (5110, 13), (5198, 1), (5475, 2), (5483, 1), (5519, 2), (5529, 1), (5793, 1), (6111, 1), (6246, 2), (6249, 1), (6392, 1), (6492, 1), (6562, 1), (6588, 6), (6645, 8), (6768, 1), (7217, 2), (7291, 1), (7349, 1), (7426, 1), (7437, 1), (7552, 11), (7607, 1), (7772, 2), (7780, 1), (7886, 11), (7904, 2), (7950, 2), (7973, 1), (8116, 5), (8255, 1), (8425, 1), (8470, 1), (8478, 2), (8482, 1), (8492, 1), (8518, 7), (8554, 1), (8560, 1), (8606, 2), (8609, 1), (9267, 1), (9338, 8), (9384, 1), (9418, 2), (9432, 1), (9469, 1), (9536, 6), (9558, 6), (9568, 1), (9729, 1), (9794, 1), (9872, 1)
forma (DF: 2): (6006, 2), (6234, 1)
formal (DF: 6): (4032, 1), (5037, 2), (6876, 4), (6903, 1), (8286, 1), (9669, 1)
formaldehyd (DF: 1): (9435, 1)
format (DF: 9): (490, 5), (1976, 9), (2317, 1), (2588, 1), (2642, 2), (3667, 1), (4585, 2), (4901, 1), (5713, 1)
