pitch (DF: 5): (8381, 1), (8547, 1), (8551, 3), (8561, 1), (8825, 1)
pitchback (DF: 1): (326, 1)
pitche (DF: 2): (851, 2), (8506, 1)
pitcher (DF: 5): (4824, 1), (5979, 2), (6763, 1), (8135, 1), (8456, 2)
pitchin (DF: 3): (8055, 2), (8976, 1), (9419, 1)
piteous (DF: 1): (2233, 1)
pitfal (DF: 2): (834, 1), (2061, 1)
pith (DF: 1): (9138, 1)
piti (DF: 32): (27, 1), (343, 1), (680, 2), (802, 1), (883, 3), (1676, 4), (1808, 1), (2399, 1), (3010, 1), (3194, 1), (3500, 2), (3633, 1), (4318, 1), (4548, 1), (4634, 1), (4907, 1), (5590, 8), (6122, 2), (6197, 1), (6206, 1), (6455, 2), (6765, 1), (7182, 1), (7406, 1), (7517, 1), (7605, 2), (7685, 1), (7747, 1), (8424, 3), (9292, 2), (9319, 4), (9361, 6)
pitiless (DF: 1): (1324, 1)
pitonis (DF: 1): (2585, 2)
pitstop (DF: 1): (8369, 1)
pitt (DF: 4): (2223, 1), (5810, 2), (6631, 2), (8914, 3)
pitti (DF: 1): (8175, 8)
pittric (DF: 1): (5785, 1)
pittsburgh (DF: 2): (1891, 1), (5465, 2)
pitut (DF: 1): (8036, 1)
piuttost (DF: 2): (1485, 1), (7910, 1)
piv (DF: 2): (417, 1), (8564, 5)
pivot (DF: 3): (4764, 1), (6475, 1), (7252, 1)
pixel (DF: 4): (881, 1), (5988, 2), (7335, 4), (7726, 1)
pixi (DF: 6): (665, 1), (1029, 1), (3209, 1), (3657, 1), (5191, 1), (7931, 1)
pixx (DF: 10): (426, 1), (3414, 1), (4624, 1), (5391, 1), (5448, 1), (7371, 1), (7596, 1), (8025, 1), (8253, 1), (9338, 1)
pizazz (DF: 1): (4569, 1)
pizc (DF: 1): (7504, 1)
pizd (DF: 2): (1825, 8), (7071, 1)
pizound (DF: 1): (2850, 1)
pizz (DF: 1): (3295, 2)
pizza (DF: 6): (2061, 6), (3272, 1), (5641, 1), (6008, 1), (6950, 1), (9944, 1)
pizzahut (DF: 1): (6184, 1)
pizzark (DF: 1): (669, 1)
pizzi (DF: 1): (6457, 1)
pizzl (DF: 1): (6114, 1)
piç (DF: 1): (6139, 1)
piétin (DF: 1): (4614, 1)
piñ (DF: 3): (1008, 2), (3401, 2), (3603, 1)
piña (DF: 1): (988, 1)
piñata (DF: 1): (418, 1)
pj (DF: 15): (145, 1), (179, 1), (668, 1), (1076, 1), (2534, 1), (2573, 1), (2932, 1), (3923, 1), (6157, 1), (6407, 1), (7189, 1), (7969, 1), (9092, 2), (9166, 1), (9775, 1)
pjanoo (DF: 1): (747, 2)
pk (DF: 4): (1278, 4), (2631, 2), (3364, 1), (6837, 1)
pks (DF: 2): (252, 1), (9324, 1)
pl (DF: 1): (6903, 5)
pla (DF: 7): (1926, 1), (3590, 1), (4790, 1), (5109, 18), (9162, 1), (9196, 2), (9695, 3)
plaat (DF: 1): (2260, 2)
plac (DF: 35): (178, 1), (353, 1), (417, 1), (439, 4), (1305, 1), (1686, 1), (1974, 1), (2659, 8), (2757, 1), (3006, 4), (3071, 1), (3580, 2), (4011, 4), (4484, 3), (4518, 1), (4961, 4), (5224, 1), (5388, 3), (6248, 1), (6251, 2), (6438, 1), (6466, 1), (6682, 3), (6932, 2), (7258, 1), (8097, 1), (8342, 2), (8719, 2), (8902, 1), (9079, 1), (9172, 1), (9225, 2), (9248, 1), (9521, 4), (9652, 2)
placard (DF: 1): (4088, 3)
placat (DF: 1): (796, 1)
place (DF: 172): (7, 1), (13, 1), (30, 6), (35, 1), (65, 1), (68, 1), (71, 1), (76, 1), (100, 1), (121, 1), (134, 1), (148, 2), (170, 1), (188, 1), (194, 3), (197, 1), (257, 1), (278, 2), (289, 1), (356, 4), (360, 1), (375, 1), (385, 2), (391, 4), (414, 7), (418, 1), (424, 6), (451, 1), (455, 2), (457, 1), (462, 1), (482, 2), (486, 2), (514, 2), (528, 2), (560, 3), (568, 1), (578, 1), (592, 1), (604, 8), (616, 1), (627, 5), (639, 1), (646, 2), (663, 1), (672, 1), (688, 2), (714, 3), (722, 1), (735, 1), (754, 5), (761, 3), (767, 2), (774, 2), (795, 1), (817, 1), (819, 1), (838, 2), (843, 1), (857, 1), (896, 1), (899, 3), (921, 17), (927, 2), (955, 1), (966, 1), (983, 7), (1001, 9), (1009, 1), (1012, 4), (1043, 3), (1063, 1), (1117, 1), (1136, 1), (1167, 3), (1181, 1), (1188, 1), (1216, 1), (1223, 1), (1245, 1), (1253, 1), (1261, 3), (1281, 1), (1289, 2), (1314, 2), (1324, 2), (1341, 2), (1355, 1), (1361, 1), (1368, 1), (1372, 1), (1387, 1), (1401, 1), (1405, 1), (1416, 1), (1438, 2), (1466, 6), (1473, 1), (1479, 1), (1487, 1), (1516, 4), (1522, 1), (1529, 36), (1536, 1), (1545, 1), (1560, 1), (1562, 6), (1571, 1), (1573, 2), (1593, 2), (1597, 3), (1608, 1), (1612, 1), (1623, 1), (1634, 1), (1635, 2), (1639, 1), (1661, 1), (1674, 1), (1693, 6), (1710, 2), (1713, 3), (1738, 1), (1745, 3), (1757, 1), (1763, 1), (1782, 7), (1784, 1), (1789, 1), (1811, 2), (1822, 1), (1832, 1), (1840, 1), (1853, 4), (1875, 1), (1896, 1), (1920, 5), (1929, 1), (1952, 2), (1958, 4), (1962, 1), (1972, 1), (1977, 1), (1981, 2), (1994, 1), (2012, 2), (2035, 2), (2046, 1), (2061, 1), (2064, 2), (2071, 3), (2087, 2), (2104, 1), (2116, 1), (2131, 1), (2158, 4), (2162, 3), (2166, 1), (2174, 2), (2177, 2), (2199, 1), (2201, 3), (2204, 10), (2220, 3), (2221, 1), (2232, 1), (2241, 1), (2244, 1), (2249, 2), (2274, 3), (2281, 2), (2293, 2)
