action (DF: 83): (3494, 1), (3565, 1), (3594, 1), (3775, 1), (3884, 1), (3932, 1), (3956, 4), (3984, 1), (3999, 1), (4014, 18), (4027, 6), (4159, 1), (4165, 1), (4211, 1), (4313, 1), (4404, 1), (4503, 1), (4553, 1), (4649, 1), (4717, 1), (4814, 1), (4866, 1), (4876, 1), (4935, 3), (5023, 1), (5088, 1), (5206, 3), (5316, 1), (5336, 1), (5448, 1), (5570, 4), (5759, 1), (5868, 1), (6429, 2), (6748, 8), (6847, 1), (6866, 1), (6935, 6), (6941, 1), (7054, 1), (7186, 1), (7206, 1), (7266, 1), (7276, 1), (7335, 2), (7419, 1), (7509, 1), (7569, 1), (7707, 1), (7740, 1), (7924, 1), (7983, 1), (8009, 1), (8092, 1), (8204, 1), (8269, 1), (8473, 1), (8519, 1), (8536, 1), (8550, 1), (8678, 1), (8746, 1), (8884, 1), (8935, 1), (8983, 3), (9036, 1), (9102, 1), (9125, 13), (9152, 4), (9194, 1), (9262, 1), (9263, 1), (9509, 1), (9683, 1), (9734, 1), (9789, 1), (9805, 1), (9908, 1), (9927, 1), (9992, 1), (4934, 1), (5171, 2), (5172, 1)
actionstar (DF: 1): (3437, 1)
actitu (DF: 1): (5563, 1)
actitud (DF: 20): (10, 1), (889, 1), (1653, 12), (2604, 1), (3093, 2), (3111, 6), (4246, 1), (4846, 2), (5793, 1), (6450, 1), (6553, 2), (6645, 2), (6810, 1), (7301, 1), (7961, 2), (8236, 6), (8751, 1), (9412, 1), (9431, 1), (9960, 4)
activ (DF: 46): (173, 2), (364, 2), (567, 6), (1141, 1), (1524, 3), (1694, 3), (1794, 2), (2408, 1), (3084, 3), (3090, 1), (3117, 1), (3179, 1), (3383, 6), (3916, 2), (4014, 1), (4034, 8), (4434, 3), (4633, 2), (4879, 1), (5110, 1), (5475, 4), (5794, 1), (5842, 1), (5909, 1), (6001, 8), (6043, 1), (6243, 1), (6251, 1), (6475, 1), (6553, 2), (6751, 1), (6909, 2), (7024, 1), (7104, 2), (7239, 2), (7339, 1), (7526, 1), (7989, 2), (8148, 1), (8204, 1), (8454, 1), (8883, 2), (9252, 5), (9309, 1), (9318, 10), (9410, 1)
activa (DF: 3): (2351, 2), (6851, 2), (8606, 2)
activat (DF: 1): (5547, 2)
activo (DF: 3): (3513, 1), (4188, 2), (6006, 1)
acto (DF: 3): (173, 6), (2092, 2), (9367, 1)
actor (DF: 15): (2432, 1), (2521, 1), (2543, 2), (2767, 1), (3180, 2), (3224, 1), (4133, 1), (4310, 1), (5152, 1), (8347, 1), (8491, 1), (8554, 1), (8666, 1), (9262, 1), (9729, 1)
actos (DF: 1): (1788, 1)
actress (DF: 7): (428, 1), (3468, 4), (3967, 4), (5047, 1), (5961, 1), (6350, 1), (6447, 1)
actriz (DF: 1): (6243, 1)
actu (DF: 5): (4210, 1), (6862, 1), (8242, 1), (9074, 1), (9108, 1)
actual (DF: 34): (14, 1), (74, 2), (269, 1), (802, 1), (1287, 2), (1740, 1), (1748, 1), (2356, 1), (2456, 1), (2642, 1), (2686, 2), (3226, 1), (3588, 1), (3816, 1), (4072, 2), (4594, 1), (4620, 1), (4886, 1), (5184, 2), (5373, 1), (5563, 1), (5598, 4), (5841, 2), (7462, 1), (7688, 1), (8243, 1), (8397, 3), (8559, 1), (8825, 1), (8922, 1), (9784, 1), (9920, 1), (5470, 1), (5471, 1)
acu (DF: 2): (890, 1), (7836, 1)
acualqu (DF: 1): (4550, 1)
acuarel (DF: 1): (890, 1)
acuari (DF: 1): (910, 1)
acuerd (DF: 36): (269, 1), (1215, 4), (1284, 4), (1424, 3), (1687, 1), (2111, 1), (2336, 3), (2351, 1), (2606, 2), (2972, 6), (3090, 2), (3569, 1), (3631, 1), (3897, 1), (4207, 6), (4246, 6), (5110, 1), (5793, 1), (5990, 1), (6346, 4), (6851, 1), (7526, 2), (7851, 1), (7904, 2), (8415, 4), (8518, 1), (8902, 1), (8945, 4), (9039, 3), (9060, 3), (9302, 1), (9762, 2), (9818, 10), (9887, 2), (86, 4), (87, 8)
acuerdat (DF: 2): (44, 1), (5341, 1)
acuerdens (DF: 1): (4633, 2)
acuerdes (DF: 3): (6131, 1), (6681, 1), (8866, 1)
acuest (DF: 3): (2183, 1), (8091, 1), (9384, 1)
acuesta (DF: 1): (299, 1)
acum (DF: 1): (335, 1)
acumul (DF: 4): (791, 3), (4344, 1), (7019, 3), (9070, 2)
acur (DF: 1): (1215, 1)
acura (DF: 1): (3311, 1)
acus (DF: 3): (1213, 4), (6263, 1), (6534, 1)
acz (DF: 2): (250, 1), (7916, 2)
aczem (DF: 1): (4582, 1)
aczu (DF: 1): (4582, 2)
acá (DF: 4): (2730, 1), (3001, 1), (3095, 2), (9099, 1)
acústico (DF: 1): (1659, 2)
ad (DF: 38): (188, 1), (250, 7), (285, 1), (669, 1), (677, 2), (693, 1), (952, 2), (1124, 1), (1287, 1), (1504, 1), (1926, 1), (2018, 1), (2304, 1), (2598, 1), (2824, 1), (3208, 4), (3527, 1), (3545, 2), (3581, 1), (3718, 1), (4427, 1), (4553, 1), (4563, 1), (5779, 1), (6019, 1), (6155, 1), (6342, 1), (6540, 1), (6719, 1), (7465, 1), (7473, 2), (7635, 2), (8269, 1), (9032, 3), (9127, 1), (9403, 1), (9662, 1), (9933, 4)
ada (DF: 2): (4985, 1), (8452, 1)
adagio (DF: 1): (4179, 2)
adair (DF: 5): (193, 1), (2103, 1), (2976, 2), (7594, 1), (8828, 1)
adam (DF: 11): (64, 1), (229, 1), (490, 1), (571, 1), (661, 1), (693, 1), (815, 1), (853, 1), (1029, 1), (1626, 1), (2220, 1)
