baseado (DF: 1): (9812, 1)
basebal (DF: 9): (583, 1), (692, 2), (1217, 6), (2679, 1), (5561, 1), (5828, 1), (6951, 1), (8009, 1), (8369, 1)
basehead (DF: 1): (8960, 1)
basel (DF: 1): (4319, 1)
baselin (DF: 3): (6226, 1), (6650, 4), (9474, 2)
basement (DF: 33): (57, 8), (153, 2), (168, 6), (393, 1), (1364, 1), (1658, 1), (1718, 1), (1750, 8), (2045, 2), (2322, 1), (2672, 1), (2845, 1), (3184, 1), (3704, 1), (3789, 1), (3791, 2), (4127, 1), (4652, 1), (4684, 1), (5251, 1), (5478, 3), (7194, 1), (7232, 1), (7591, 2), (8087, 1), (8395, 1), (8611, 1), (8614, 2), (8740, 1), (8879, 1), (9301, 1), (9715, 8), (9787, 2)
basen (DF: 2): (9085, 2), (9162, 1)
basepra (DF: 2): (1580, 1), (5687, 1)
basey (DF: 3): (1484, 1), (5577, 1), (6139, 1)
bash (DF: 7): (16, 1), (3464, 1), (3745, 1), (5494, 1), (5707, 1), (5722, 1), (7752, 1)
bashin (DF: 1): (486, 1)
basi (DF: 6): (3821, 1), (6061, 1), (6253, 1), (7339, 1), (8593, 1), (9426, 1)
basic (DF: 40): (418, 1), (696, 1), (1856, 1), (2088, 2), (2231, 2), (2466, 1), (2669, 1), (3221, 1), (3727, 1), (3731, 1), (3837, 1), (4165, 1), (4651, 1), (4701, 3), (5086, 1), (5106, 1), (5136, 1), (5286, 1), (5363, 1), (5961, 1), (5993, 1), (6085, 2), (6253, 1), (6508, 2), (6610, 1), (6673, 1), (6794, 1), (7183, 1), (7518, 1), (8176, 2), (8570, 1), (8636, 2), (8908, 1), (9008, 1), (9169, 1), (9264, 1), (9622, 2), (9894, 1), (9905, 1), (9983, 2)
basiert (DF: 1): (3462, 1)
basil (DF: 2): (4434, 14), (8188, 1)
basin (DF: 3): (6126, 2), (9049, 4), (9130, 1)
bask (DF: 4): (1841, 1), (4044, 1), (7481, 3), (7754, 1)
basket (DF: 7): (98, 1), (5402, 2), (6151, 1), (6273, 1), (7732, 1), (8319, 1), (8575, 4)
basketbal (DF: 17): (80, 1), (2927, 1), (4250, 1), (4281, 2), (4408, 1), (4603, 1), (6086, 2), (6375, 1), (6390, 1), (6403, 1), (6721, 1), (6728, 1), (6885, 2), (7605, 2), (8141, 1), (8336, 1), (8687, 1)
baskin (DF: 1): (181, 1)
basquiat (DF: 1): (4319, 1)
bass (DF: 167): (74, 2), (96, 1), (169, 1), (198, 1), (234, 1), (250, 4), (344, 1), (364, 2), (420, 1), (447, 4), (484, 1), (486, 1), (531, 1), (563, 1), (581, 1), (610, 1), (720, 1), (753, 2), (802, 1), (902, 1), (926, 6), (973, 1), (1024, 27), (1188, 4), (1206, 2), (1337, 1), (1365, 1), (1384, 1), (1412, 1), (1454, 1), (1483, 1), (1485, 1), (1592, 1), (1648, 1), (1773, 1), (1827, 1), (1880, 13), (1916, 6), (2002, 1), (2075, 1), (2152, 1), (2176, 2), (2205, 1), (2215, 3), (2438, 3), (2474, 1), (2583, 1), (2608, 1), (2679, 1), (2740, 1), (2924, 1), (2927, 1), (2995, 1), (3127, 1), (3138, 1), (3149, 6), (3236, 4), (3251, 1), (3357, 3), (3411, 3), (3420, 1), (3423, 1), (3432, 5), (3561, 1), (3616, 1), (3654, 1), (3745, 1), (3874, 1), (3911, 1), (3922, 1), (3956, 1), (3961, 1), (4085, 6), (4106, 1), (4142, 1), (4164, 1), (4179, 1), (4215, 1), (4243, 1), (4393, 1), (4652, 1), (4690, 1), (4703, 11), (4725, 1), (4772, 1), (4788, 2), (4816, 1), (4835, 1), (4907, 1), (4942, 1), (4978, 1), (5075, 1), (5087, 1), (5300, 1), (5305, 1), (5349, 1), (5476, 1), (5571, 2), (5609, 1), (5611, 1), (5722, 1), (5853, 1), (6185, 1), (6265, 1), (6482, 1), (6497, 1), (6527, 1), (6594, 1), (6636, 2), (6638, 1), (6672, 1), (6780, 13), (6881, 1), (6955, 1), (7007, 1), (7607, 1), (7622, 1), (7626, 1), (7634, 1), (7747, 3), (7909, 1), (8015, 3), (8034, 1), (8037, 6), (8054, 1), (8158, 1), (8185, 1), (8200, 1), (8233, 4), (8235, 1), (8269, 1), (8292, 3), (8401, 1), (8484, 1), (8529, 1), (8558, 1), (8563, 1), (8586, 1), (8790, 1), (8853, 1), (8876, 1), (8906, 1), (8963, 1), (9048, 1), (9104, 1), (9135, 1), (9232, 1), (9267, 2), (9274, 1), (9294, 1), (9316, 1), (9320, 1), (9371, 1), (9406, 8), (9467, 6), (9511, 1), (9564, 1), (9681, 1), (9716, 1), (9791, 1), (9794, 1), (927, 1), (3445, 13), (3446, 1), (5100, 1), (5101, 1), (9465, 1)
bassboost (DF: 14): (247, 1), (1207, 1), (2189, 1), (2302, 1), (3684, 1), (4056, 1), (4795, 1), (5005, 1), (6489, 1), (6744, 1), (7322, 1), (7385, 1), (7588, 1), (7738, 1)
bassdrum (DF: 1): (6230, 1)
basser (DF: 1): (9633, 1)
bassi (DF: 3): (1634, 1), (6396, 1), (9117, 1)
bassin (DF: 2): (3420, 1), (9633, 1)
bassjack (DF: 6): (2226, 1), (2257, 1), (4109, 2), (4529, 1), (4635, 1), (9630, 1)
basslin (DF: 4): (74, 4), (683, 2), (2205, 1), (8825, 1)
bassment (DF: 1): (5299, 1)
bassoon (DF: 1): (5043, 1)
bassott (DF: 1): (1987, 7)
bast (DF: 25): (9, 1), (63, 1), (187, 2), (252, 1), (438, 1), (489, 4), (889, 1), (1682, 6), (1850, 1), (2814, 3), (3295, 3), (3491, 4), (3972, 2), (4009, 1), (4186, 6), (4804, 4), (4873, 2), (4992, 1), (5321, 2), (5663, 1), (5675, 1), (6395, 1), (6631, 2), (7694, 1), (8054, 1)
