live (DF: 90): (7844, 2), (7845, 6), (7873, 1), (7875, 1), (8002, 1), (8003, 1), (8004, 1), (8005, 2), (8009, 1), (8010, 1), (8078, 1), (8079, 1), (8180, 1), (8182, 1), (8273, 7), (8275, 9), (8276, 1), (8277, 3), (8305, 3), (8307, 1), (8346, 1), (8347, 1), (8383, 2), (8384, 1), (8389, 1), (8390, 1), (8492, 2), (8493, 1), (8561, 4), (8562, 2), (8592, 1), (8593, 1), (8629, 1), (8630, 1), (8633, 1), (8635, 1), (8731, 2), (8732, 1), (8756, 2), (8757, 1), (8770, 2), (8772, 1), (8885, 6), (8886, 3), (9051, 5), (9052, 8), (9122, 1), (9123, 1), (9264, 1), (9265, 4), (9277, 3), (9278, 1), (9286, 7), (9287, 1), (9377, 8), (9378, 2), (9458, 4), (9459, 2), (9461, 12), (9512, 2), (9514, 1), (9517, 1), (9518, 2), (9530, 1), (9531, 2), (9704, 3), (9707, 1), (9744, 1), (9745, 1), (9862, 8), (9863, 1), (9932, 1), (9933, 2), (9977, 1), (9978, 1), (595, 1), (596, 3), (597, 1), (968, 1), (969, 1), (970, 1), (4239, 1), (4240, 2), (4241, 2), (6724, 1), (6725, 1), (6726, 1), (8211, 1), (8213, 2), (8214, 1)
livee (DF: 1): (4592, 1)
liver (DF: 14): (407, 1), (689, 1), (823, 1), (1790, 1), (2322, 1), (2628, 2), (4533, 1), (4814, 4), (4905, 1), (7654, 1), (7754, 2), (8419, 1), (8530, 6), (9468, 2)
liverpool (DF: 2): (673, 1), (9500, 1)
livest (DF: 3): (2500, 1), (5947, 1), (9046, 1)
livestock (DF: 1): (5253, 1)
livet (DF: 3): (1465, 2), (2759, 2), (7603, 8)
liveuberwach (DF: 1): (8670, 1)
livewir (DF: 1): (9842, 1)
livian (DF: 2): (6438, 3), (8479, 1)
livianit (DF: 1): (9652, 2)
livid (DF: 4): (3954, 1), (4794, 2), (7992, 1), (9560, 1)
livin (DF: 263): (13, 1), (118, 1), (138, 1), (148, 1), (156, 2), (202, 1), (210, 9), (289, 1), (337, 1), (436, 2), (455, 1), (456, 6), (479, 3), (502, 1), (520, 12), (532, 1), (619, 4), (669, 1), (672, 1), (673, 2), (675, 6), (731, 2), (744, 4), (774, 1), (802, 1), (823, 1), (913, 1), (922, 1), (944, 1), (1033, 3), (1035, 34), (1143, 1), (1147, 1), (1174, 2), (1246, 1), (1276, 1), (1344, 1), (1354, 1), (1442, 1), (1446, 12), (1528, 4), (1575, 1), (1613, 1), (1671, 1), (1676, 4), (1760, 1), (1767, 12), (1805, 2), (1837, 1), (1902, 1), (1964, 3), (1972, 1), (1977, 4), (1990, 5), (2002, 1), (2014, 3), (2028, 2), (2110, 3), (2235, 1), (2294, 1), (2392, 3), (2467, 2), (2489, 1), (2563, 1), (2582, 2), (2588, 6), (2616, 1), (2636, 1), (2649, 1), (2662, 1), (2691, 4), (2754, 6), (2816, 1), (2820, 1), (2825, 1), (2837, 1), (2844, 2), (2855, 1), (2880, 2), (2957, 1), (3033, 2), (3112, 1), (3117, 1), (3223, 1), (3260, 1), (3356, 1), (3428, 1), (3498, 1), (3602, 1), (3612, 1), (3713, 1), (3727, 3), (3735, 1), (3789, 1), (3837, 2), (3845, 1), (3904, 1), (3930, 3), (4030, 4), (4069, 1), (4165, 1), (4279, 1), (4310, 1), (4361, 1), (4388, 12), (4452, 2), (4482, 1), (4516, 1), (4569, 1), (4592, 2), (4608, 1), (4620, 1), (4642, 1), (4654, 7), (4661, 1), (4731, 1), (4784, 3), (4793, 1), (4831, 4), (4866, 1), (4907, 1), (4967, 1), (5047, 1), (5106, 3), (5150, 2), (5232, 1), (5251, 1), (5305, 5), (5336, 1), (5367, 1), (5409, 1), (5434, 1), (5463, 1), (5489, 1), (5529, 1), (5546, 1), (5581, 2), (5645, 1), (5692, 1), (5693, 5), (5725, 1), (5748, 1), (5755, 1), (5758, 1), (5797, 6), (5851, 1), (5872, 1), (5899, 1), (5902, 1), (5941, 1), (5946, 2), (5974, 1), (5992, 1), (6052, 2), (6061, 1), (6064, 2), (6114, 1), (6149, 1), (6189, 1), (6284, 2), (6348, 3), (6353, 1), (6367, 1), (6402, 20), (6411, 2), (6472, 1), (6475, 1), (6506, 3), (6547, 3), (6558, 1), (6585, 1), (6597, 1), (6633, 23), (6660, 1), (6695, 1), (6707, 1), (6728, 1), (6732, 2), (6783, 1), (6846, 1), (6894, 1), (6913, 1), (6923, 1), (6964, 1), (7043, 2), (7113, 1), (7176, 2), (7204, 1), (7213, 9), (7217, 4), (7227, 1), (7276, 1), (7320, 1), (7323, 1), (7368, 12), (7369, 1), (7436, 2), (7443, 4), (7492, 2), (7596, 1), (7654, 1), (7662, 1), (7691, 2), (7708, 4), (7752, 8), (7771, 1), (7789, 2), (7811, 2), (7857, 4), (7932, 1), (7971, 2), (7977, 1), (8007, 1), (8071, 2), (8144, 1), (8165, 3), (8253, 3), (8336, 2), (8358, 1), (8369, 1), (8373, 3), (8525, 3), (8527, 1), (8547, 1), (8573, 2), (8617, 2), (8655, 1), (8662, 1), (8668, 4), (8692, 2), (8784, 2), (8864, 2), (8951, 1), (8974, 26), (9007, 1), (9089, 6), (9095, 4), (9109, 2), (9143, 1), (9183, 1), (9198, 23), (9278, 1), (9301, 1), (9338, 2), (9408, 1), (9432, 1), (9447, 2), (9477, 3), (9493, 1), (9520, 4), (9557, 6), (9561, 2), (9608, 1), (9679, 1), (9681, 1), (9687, 1), (9699, 1), (9879, 1), (9926, 9), (573, 1), (574, 1), (1110, 1), (1111, 1)
living (DF: 1): (4361, 1)
livonia (DF: 1): (8921, 1)
