past (DF: 75): (8457, 1), (8493, 1), (8527, 1), (8545, 2), (8559, 1), (8582, 1), (8663, 1), (8678, 1), (8695, 3), (8731, 1), (8736, 1), (8788, 1), (8798, 1), (8854, 1), (8862, 1), (8882, 3), (8884, 1), (8895, 3), (8942, 1), (8952, 2), (8995, 1), (9003, 2), (9013, 1), (9075, 1), (9103, 1), (9107, 1), (9152, 3), (9175, 1), (9185, 1), (9188, 2), (9250, 1), (9291, 1), (9310, 3), (9327, 1), (9348, 1), (9381, 1), (9418, 4), (9424, 1), (9478, 1), (9483, 1), (9493, 1), (9512, 1), (9516, 1), (9538, 1), (9553, 1), (9571, 2), (9583, 3), (9624, 1), (9630, 2), (9702, 1), (9771, 2), (9801, 1), (9830, 1), (9831, 2), (9835, 1), (9844, 1), (9870, 1), (9871, 1), (9888, 1), (9952, 2), (9974, 1), (9988, 1), (210, 2), (211, 1), (1257, 1), (1258, 1), (1931, 2), (1932, 3), (2198, 2), (2199, 3), (9053, 1), (9054, 1), (9569, 1), (9634, 1), (9635, 1)
pasta (DF: 7): (181, 2), (1635, 1), (1849, 1), (6913, 1), (7430, 1), (8209, 1), (9509, 1)
pastel (DF: 6): (12, 2), (2967, 1), (6138, 1), (8429, 2), (8542, 1), (9410, 2)
pastellorang (DF: 1): (5955, 1)
pasti (DF: 4): (5674, 2), (7591, 2), (9540, 2), (9607, 1)
pastill (DF: 12): (53, 1), (143, 2), (2564, 1), (4081, 3), (4515, 1), (5674, 1), (6808, 1), (7415, 2), (8342, 1), (8420, 2), (8466, 3), (8928, 2)
pastilla (DF: 1): (8870, 1)
pastillit (DF: 5): (2033, 2), (5352, 1), (7851, 1), (9039, 3), (9387, 1)
pastim (DF: 4): (581, 1), (1794, 2), (3061, 1), (8127, 1)
pasto (DF: 1): (1171, 2)
pastor (DF: 15): (909, 1), (1253, 5), (1829, 1), (2377, 1), (2592, 2), (2967, 1), (3781, 1), (4091, 4), (4905, 1), (5276, 1), (5576, 1), (6304, 3), (8156, 1), (8559, 1), (9633, 5)
pastur (DF: 2): (5991, 1), (6918, 1)
pasé (DF: 2): (8132, 2), (9638, 1)
pat (DF: 34): (930, 1), (1004, 1), (1218, 1), (1504, 1), (1631, 1), (1820, 1), (2022, 2), (2026, 2), (2035, 1), (2251, 1), (2898, 15), (4185, 1), (4347, 1), (4560, 1), (4723, 1), (4909, 1), (5197, 10), (5467, 1), (5727, 1), (6066, 1), (6151, 1), (6441, 1), (6808, 3), (6835, 1), (7082, 1), (7084, 1), (8175, 4), (8929, 3), (9209, 1), (9286, 1), (9363, 1), (9676, 1), (9870, 2), (9886, 1)
pata (DF: 3): (5582, 2), (7912, 1), (9519, 2)
patack (DF: 1): (149, 1)
patalim (DF: 1): (4563, 1)
patang (DF: 1): (5881, 2)
patat (DF: 1): (175, 1)
patay (DF: 1): (4815, 1)
patch (DF: 20): (455, 1), (1172, 1), (1663, 1), (2075, 1), (2305, 1), (3225, 1), (4025, 1), (4030, 8), (4345, 2), (4962, 1), (5617, 3), (6110, 2), (6921, 3), (7023, 1), (7304, 1), (7540, 1), (8668, 4), (9132, 1), (9725, 2), (9971, 1)
pate (DF: 3): (149, 1), (1967, 2), (6791, 1)
patek (DF: 35): (268, 1), (469, 2), (673, 1), (825, 2), (1375, 8), (1850, 1), (2084, 1), (2177, 1), (2192, 3), (2256, 2), (2467, 2), (2680, 2), (3104, 8), (3232, 1), (3591, 1), (4506, 1), (5425, 1), (5525, 53), (5583, 1), (5946, 2), (5959, 18), (6695, 2), (6804, 2), (6914, 1), (7516, 1), (8019, 1), (8132, 1), (8387, 1), (8938, 1), (9147, 2), (9166, 1), (9273, 2), (9576, 1), (9648, 1), (9933, 1)
patent (DF: 2): (3494, 2), (4905, 2)
patet (DF: 1): (6626, 1)
path (DF: 88): (164, 2), (253, 1), (337, 1), (389, 1), (496, 1), (574, 1), (763, 3), (1196, 1), (1364, 2), (1374, 2), (1401, 1), (1690, 1), (1804, 1), (1959, 1), (2038, 3), (2058, 1), (2103, 3), (2138, 1), (2221, 1), (2241, 1), (2432, 1), (2594, 1), (2809, 1), (3350, 1), (3479, 1), (3543, 8), (3574, 3), (3848, 2), (4241, 1), (4363, 5), (4530, 1), (4538, 3), (4547, 1), (4658, 2), (4745, 1), (4806, 2), (4822, 1), (4844, 1), (4845, 1), (5030, 2), (5162, 1), (5171, 1), (5400, 4), (5808, 1), (5888, 2), (5974, 1), (6088, 4), (6124, 1), (6137, 8), (6147, 1), (6163, 2), (6445, 5), (6613, 1), (6643, 1), (6764, 2), (6824, 1), (6848, 1), (6931, 3), (6957, 2), (7013, 1), (7101, 1), (7132, 1), (7153, 1), (7218, 1), (7231, 1), (7594, 3), (7906, 1), (7981, 1), (8137, 3), (8252, 4), (8270, 1), (8460, 1), (8561, 1), (8657, 1), (8774, 1), (8887, 1), (8903, 1), (8955, 2), (9073, 1), (9201, 1), (9249, 1), (9262, 1), (9433, 2), (9531, 1), (9657, 1), (9871, 1), (704, 1), (705, 1)
pathet (DF: 9): (563, 1), (1150, 1), (1205, 1), (1575, 1), (1720, 5), (1760, 2), (1765, 1), (5001, 1), (8397, 1)
pathey (DF: 1): (3135, 1)
pathfind (DF: 1): (5773, 1)
pathway (DF: 3): (2824, 1), (4225, 1), (7140, 1)
pati (DF: 5): (2192, 1), (3669, 1), (4043, 1), (5796, 1), (8335, 1)
patienc (DF: 20): (153, 2), (482, 1), (510, 2), (714, 2), (1143, 1), (1170, 3), (1510, 3), (1675, 1), (1700, 1), (1875, 1), (1920, 5), (1994, 1), (2087, 2), (2102, 2), (2165, 1), (2402, 6), (2540, 2), (2723, 1), (2871, 1), (3235, 2)
