blami (DF: 1): (493, 1)
blamiert (DF: 1): (6139, 1)
blamin (DF: 2): (5333, 1), (5971, 1)
blanc (DF: 35): (417, 1), (577, 1), (649, 1), (1099, 2), (1259, 1), (1296, 1), (1474, 1), (1978, 1), (2090, 3), (2938, 1), (3269, 1), (3590, 7), (3723, 1), (3890, 1), (3964, 1), (3981, 1), (4258, 1), (4434, 1), (4560, 1), (4711, 1), (6209, 1), (6436, 8), (6818, 1), (7457, 4), (7592, 1), (7910, 1), (8278, 1), (8792, 1), (8815, 2), (9384, 1), (9444, 1), (9473, 1), (9536, 1), (9682, 1), (9938, 4)
blanca (DF: 3): (289, 2), (5369, 1), (6015, 2)
blanch (DF: 7): (670, 1), (676, 1), (4465, 1), (4614, 1), (8689, 1), (8851, 1), (9884, 1)
blanco (DF: 10): (604, 1), (1273, 1), (1920, 5), (3607, 1), (4109, 1), (5251, 1), (5429, 1), (6408, 1), (6657, 2), (8007, 1)
bland (DF: 1): (2152, 1)
blank (DF: 25): (346, 1), (609, 1), (1429, 1), (1457, 3), (1547, 3), (1712, 4), (2078, 1), (2084, 1), (2989, 3), (3256, 1), (3278, 2), (4136, 4), (4199, 1), (4337, 7), (4490, 1), (5533, 1), (6482, 2), (7114, 1), (7339, 1), (7972, 1), (8791, 1), (8918, 1), (9154, 1), (9251, 1), (9831, 2)
blanka (DF: 1): (7690, 1)
blanket (DF: 13): (384, 2), (1628, 1), (2939, 1), (4432, 1), (4557, 1), (6034, 1), (6371, 1), (6510, 1), (7537, 1), (7815, 1), (8589, 1), (8657, 3), (9995, 1)
blanquit (DF: 5): (3062, 1), (4143, 1), (6025, 1), (6207, 1), (8919, 2)
blanti (DF: 1): (6754, 1)
blaow (DF: 16): (70, 1), (436, 4), (1485, 3), (1881, 4), (3310, 2), (3383, 2), (3731, 3), (4339, 3), (5312, 1), (5587, 2), (6761, 2), (6837, 2), (7207, 24), (7696, 2), (8921, 4), (9838, 1)
blaqnmil (DF: 2): (440, 1), (5605, 2)
blaqu (DF: 1): (4008, 3)
blar (DF: 1): (5126, 1)
blas (DF: 10): (1244, 1), (1484, 1), (2637, 1), (3108, 1), (3849, 1), (4743, 1), (5577, 1), (6835, 1), (7278, 1), (8498, 1)
blasfem (DF: 1): (8255, 1)
blasian (DF: 1): (1896, 1)
blasiert (DF: 1): (9999, 2)
blasphemi (DF: 5): (1690, 1), (1845, 1), (4669, 1), (8554, 1), (9871, 1)
blass (DF: 7): (1004, 1), (1061, 2), (4909, 1), (5316, 1), (5373, 3), (7082, 1), (8149, 1)
blassr (DF: 1): (5373, 3)
blast (DF: 108): (13, 1), (69, 1), (80, 1), (195, 2), (200, 1), (204, 1), (337, 1), (528, 2), (678, 1), (946, 2), (1058, 1), (1136, 1), (1184, 1), (1226, 1), (1319, 1), (1336, 1), (1343, 1), (1361, 3), (1374, 2), (1469, 1), (1540, 1), (1600, 1), (1649, 1), (1661, 1), (1690, 1), (1718, 1), (1833, 1), (2032, 5), (2082, 1), (2199, 3), (2322, 2), (2377, 1), (2391, 2), (2628, 2), (2685, 1), (2735, 1), (2787, 1), (2808, 1), (2895, 1), (2927, 1), (3019, 1), (3064, 1), (3562, 1), (3781, 1), (3789, 1), (3790, 1), (3904, 1), (3999, 1), (4279, 1), (4326, 1), (4407, 1), (4516, 1), (4527, 1), (4645, 1), (4731, 1), (4931, 1), (4933, 1), (5137, 1), (5345, 1), (5494, 2), (5691, 1), (5722, 2), (5755, 1), (6086, 1), (6189, 1), (6256, 1), (6296, 1), (6390, 1), (6472, 1), (6478, 2), (6560, 1), (6585, 1), (6620, 1), (6749, 2), (7020, 1), (7040, 4), (7237, 1), (7319, 1), (7387, 1), (7752, 1), (7829, 2), (7892, 1), (7943, 1), (7970, 1), (8158, 1), (8247, 3), (8325, 1), (8492, 1), (8613, 1), (8662, 1), (8669, 1), (8754, 1), (8774, 2), (8850, 1), (9032, 1), (9046, 1), (9152, 3), (9166, 1), (9183, 1), (9226, 1), (9301, 1), (9447, 2), (9500, 1), (9529, 1), (9561, 2), (9871, 1), (9961, 1), (9995, 1)
blaster (DF: 1): (8774, 1)
blasterjaxx (DF: 15): (8, 1), (105, 1), (107, 2), (1464, 1), (2694, 1), (3191, 1), (3643, 2), (3868, 1), (4353, 1), (4800, 1), (7759, 1), (7769, 1), (8030, 1), (9416, 1), (9769, 1)
blastin (DF: 8): (434, 1), (2467, 1), (5872, 1), (5946, 1), (7070, 1), (7276, 1), (8974, 2), (9826, 1)
blastmast (DF: 1): (1790, 1)
blastmik (DF: 1): (3525, 1)
blasé (DF: 2): (3917, 4), (5238, 2)
blat (DF: 2): (5296, 1), (8235, 1)
blatant (DF: 1): (5225, 1)
blatt (DF: 8): (397, 1), (966, 1), (3212, 1), (3466, 1), (4339, 5), (5051, 1), (5909, 6), (9944, 1)
blattch (DF: 2): (2376, 1), (7983, 1)
blau (DF: 6): (246, 1), (483, 1), (493, 1), (1654, 1), (3409, 4), (8340, 2)
blaulicht (DF: 1): (8340, 2)
blaxican (DF: 1): (7862, 1)
blaxicano (DF: 1): (3902, 1)
blaz (DF: 1): (5206, 1)
blaze (DF: 60): (182, 1), (351, 1), (363, 1), (420, 3), (550, 3), (559, 1), (737, 1), (777, 1), (1186, 2), (1514, 5), (1699, 1), (1891, 2), (2220, 1), (2288, 6), (2472, 2), (2474, 3), (2871, 2), (2890, 1), (2975, 1), (3009, 1), (3018, 1), (3562, 1), (3594, 1), (3598, 1), (3677, 3), (3776, 1), (3836, 1), (4165, 1), (4183, 1), (4199, 1), (4222, 1), (4316, 1), (4381, 1), (4784, 12), (4942, 1), (4955, 1), (5050, 1), (5120, 5), (5325, 2), (5489, 4), (5715, 6), (5939, 1), (6189, 1), (6324, 3), (6424, 8), (6478, 1), (6560, 1), (6778, 4), (6792, 1), (7084, 1), (7140, 1), (7153, 1), (7207, 2), (7407, 3), (7769, 2), (7862, 1), (7991, 1), (8684, 1), (9226, 1), (9250, 1)
blazer (DF: 1): (242, 2)
blazin (DF: 8): (1024, 1), (2771, 1), (3811, 1), (5120, 5), (5533, 1), (6495, 1), (6979, 1), (9800, 3)
blazzin (DF: 1): (4251, 1)
blck (DF: 1): (3931, 1)
ble (DF: 1): (6457, 1)
bleach (DF: 8): (925, 1), (4309, 19), (4625, 1), (5757, 1), (6300, 1), (6503, 1), (8868, 1), (8886, 1)
bleacher (DF: 9): (719, 2), (2655, 1), (2803, 2), (2890, 1), (3206, 1), (3303, 2), (3824, 1), (4183, 1), (8336, 1)
bleak (DF: 6): (404, 2), (1344, 1), (2960, 1), (7335, 2), (7776, 1), (9341, 1)
bleari (DF: 1): (553, 1)
bleblebl (DF: 1): (9179, 1)
blech (DF: 1): (4088, 1)
bled (DF: 17): (1713, 1), (1929, 1), (2562, 1), (2775, 1), (3098, 1), (4014, 1), (4626, 4), (5483, 1), (5908, 1), (6711, 1), (6922, 1), (7089, 2), (7606, 1), (7642, 1), (8198, 1), (8577, 1), (9339, 2)
bleed (DF: 177): (88, 1), (133, 3), (158, 4), (236, 1), (314, 3), (451, 4), (503, 12), (609, 4), (640, 2), (690, 3), (801, 1), (868, 4), (909, 3), (920, 1), (991, 1), (1067, 2), (1075, 2), (1085, 1), (1091, 1), (1130, 2), (1134, 1), (1336, 1), (1356, 1), (1383, 1), (1471, 1), (1502, 6), (1693, 1), (1720, 1), (1730, 1), (1804, 6), (1839, 1), (1929, 18), (1948, 5), (1962, 1), (2006, 2), (2058, 1), (2072, 1), (2272, 1), (2291, 2), (2315, 1), (2372, 1), (2445, 1), (2506, 4), (2590, 5), (2594, 1), (2669, 1), (2717, 1), (2727, 14), (2775, 1), (2840, 1), (2842, 1), (2853, 1), (2918, 6), (2942, 2), (2950, 2), (2979, 2), (2984, 1), (3027, 3), (3050, 1), (3059, 1), (3073, 4), (3077, 1), (3153, 4), (3264, 1), (3334, 6), (3440, 12), (3473, 7), (3484, 1), (3485, 17), (3518, 4), (3538, 1), (3594, 17), (3634, 1), (3653, 4), (3670, 3), (3713, 1), (3716, 1), (3741, 1), (3915, 1), (3938, 3), (3940, 1), (3945, 3), (3982, 3), (4151, 1), (4220, 1), (4255, 4), (4309, 1), (4547, 1), (4640, 2), (4675, 1), (4759, 2), (4798, 5), (4813, 1), (4966, 1), (5093, 3), (5238, 1), (5249, 1), (5260, 4), (5261, 1), (5274, 1), (5447, 1), (5596, 1), (5604, 1), (5626, 1), (5672, 1), (5684, 1), (5780, 1), (5806, 2), (5967, 1), (6018, 1), (6078, 2), (6176, 3), (6256, 1), (6712, 3), (6715, 2), (6734, 1), (6856, 3), (6960, 1), (7023, 1), (7051, 1), (7089, 2), (7105, 1), (7107, 1), (7113, 2), (7231, 1), (7317, 4), (7502, 4), (7578, 1), (7595, 2), (7658, 1), (7686, 4), (7785, 1), (7797, 1), (7824, 1), (7901, 1), (7913, 2), (7987, 1), (8040, 1), (8083, 1), (8155, 2), (8232, 3), (8261, 1), (8334, 4), (8390, 1), (8414, 1), (8515, 1), (8540, 1), (8579, 2), (8709, 1), (8732, 1), (8750, 1), (8788, 1), (8832, 3), (8833, 1), (8841, 2), (8843, 4), (8850, 1), (8854, 1), (8881, 1), (8904, 1), (9010, 1), (9011, 2), (9044, 1), (9073, 1), (9134, 1), (9254, 3), (9392, 3), (9398, 1), (9659, 1), (9733, 4), (9753, 4), (9771, 1), (9858, 1), (9865, 16), (9900, 1), (9925, 2), (9954, 1)
bleeder (DF: 4): (6671, 1), (6779, 2), (7131, 1), (8470, 1)
bleedin (DF: 18): (324, 1), (830, 2), (2072, 1), (2516, 1), (2754, 3), (2757, 1), (3487, 1), (4497, 3), (4629, 1), (4652, 1), (4974, 3), (6660, 1), (7105, 1), (7213, 3), (7250, 1), (7648, 1), (8819, 1), (9115, 1)
bleek (DF: 1): (9944, 1)
bleep (DF: 1): (5918, 1)
bleepti (DF: 1): (5918, 1)
blei (DF: 1): (2050, 1)
bleib (DF: 35): (437, 9), (493, 1), (778, 2), (1238, 11), (1715, 1), (2194, 1), (2376, 1), (2463, 1), (2637, 1), (3067, 4), (3123, 4), (3466, 4), (3570, 3), (3932, 1), (3962, 1), (4318, 2), (4743, 34), (5049, 1), (5051, 1), (5559, 1), (5577, 1), (5890, 1), (6139, 1), (6238, 1), (6430, 2), (7373, 4), (7411, 4), (7463, 1), (7720, 6), (7983, 1), (8260, 1), (8311, 18), (8340, 2), (8999, 2), (9199, 1)
bleibt (DF: 15): (778, 1), (1616, 1), (1736, 1), (2327, 1), (2535, 1), (3466, 2), (3570, 1), (4124, 1), (5429, 1), (6026, 3), (7479, 1), (7983, 1), (8340, 2), (8999, 2), (9999, 2)
bleichgesicht (DF: 1): (5429, 1)
bleifuss (DF: 1): (5890, 1)
bleitrag (DF: 1): (246, 1)
bleitreff (DF: 1): (246, 1)
blemish (DF: 1): (9936, 1)
blend (DF: 17): (202, 1), (993, 1), (1211, 1), (1870, 1), (2628, 2), (2856, 1), (3108, 1), (3495, 1), (4019, 1), (6026, 1), (6139, 1), (6931, 1), (7192, 1), (7387, 1), (8154, 1), (8498, 1), (9228, 1)
blender (DF: 2): (6092, 1), (7944, 1)
blendet (DF: 2): (5691, 1), (6620, 1)
