tuli (DF: 1): (5358, 1)
tulip (DF: 3): (823, 1), (1418, 3), (2220, 1)
tull (DF: 1): (1350, 1)
tuloy (DF: 1): (8768, 1)
tuluyan (DF: 1): (6224, 1)
tum (DF: 7): (10, 3), (38, 2), (1310, 6), (1834, 1), (7301, 3), (7418, 4), (7508, 2)
tuma (DF: 1): (6015, 1)
tumahri (DF: 1): (149, 1)
tumalon (DF: 1): (3887, 1)
tumawag (DF: 1): (5932, 1)
tumawid (DF: 1): (9901, 1)
tumb (DF: 29): (178, 8), (342, 1), (1022, 1), (1116, 2), (1501, 26), (1582, 1), (1631, 2), (2021, 1), (2530, 1), (3080, 2), (3104, 8), (4532, 3), (4651, 1), (5792, 1), (5990, 1), (6041, 2), (6131, 1), (6681, 1), (7309, 1), (7380, 2), (7948, 1), (8128, 1), (8187, 2), (8406, 2), (8506, 1), (8866, 1), (8945, 3), (9246, 1), (9252, 5)
tumba (DF: 4): (44, 1), (2604, 1), (5341, 1), (6706, 38)
tumbam (DF: 2): (5768, 8), (6079, 4)
tumbarmel (DF: 2): (2033, 2), (5352, 2)
tumbay (DF: 1): (8143, 21)
tumbens (DF: 1): (4532, 2)
tumbl (DF: 26): (145, 3), (373, 1), (425, 1), (710, 5), (1168, 1), (1732, 1), (2603, 1), (2900, 1), (3356, 2), (3494, 1), (3601, 2), (3772, 4), (4051, 1), (4645, 1), (4720, 1), (4960, 1), (5540, 2), (5925, 3), (6431, 1), (6606, 1), (7707, 1), (7947, 3), (8202, 1), (8286, 1), (8495, 1), (8708, 1)
tumbler (DF: 1): (2603, 1)
tumblewe (DF: 1): (7964, 1)
tumblin (DF: 3): (4172, 1), (6051, 1), (6315, 1)
tumhari (DF: 1): (4686, 1)
tumindig (DF: 1): (9703, 4)
tummi (DF: 6): (2084, 1), (3152, 1), (3589, 1), (6197, 1), (6206, 1), (9295, 2)
tumour (DF: 1): (4868, 1)
tums (DF: 1): (1834, 1)
tumulak (DF: 1): (8490, 1)
tumultuar (DF: 1): (7211, 1)
tun (DF: 45): (364, 2), (430, 2), (476, 2), (577, 2), (1193, 6), (1563, 1), (2021, 2), (2100, 1), (2306, 8), (2668, 1), (3108, 1), (3381, 1), (3669, 3), (3932, 1), (4034, 2), (4318, 1), (4709, 6), (4816, 5), (4879, 1), (5049, 1), (5053, 2), (5149, 1), (5745, 8), (5945, 1), (6001, 2), (6131, 3), (6339, 2), (6561, 1), (6681, 3), (7104, 2), (7395, 2), (7607, 1), (7961, 1), (8454, 1), (8498, 6), (8506, 2), (8846, 4), (8866, 3), (8932, 1), (9342, 1), (9536, 2), (9568, 1), (9719, 3), (9788, 1), (9819, 36)
tuna (DF: 2): (899, 1), (2622, 1)
tunay (DF: 1): (4815, 4)
tund (DF: 3): (6131, 1), (6681, 1), (8866, 1)
tune (DF: 177): (32, 1), (112, 1), (191, 1), (363, 1), (379, 1), (389, 2), (442, 1), (473, 2), (498, 1), (542, 3), (589, 1), (687, 1), (713, 1), (1011, 2), (1062, 1), (1074, 1), (1110, 1), (1283, 1), (1292, 1), (1303, 1), (1377, 8), (1418, 1), (1431, 1), (1507, 1), (1552, 1), (1605, 1), (1626, 4), (1649, 1), (1749, 1), (1774, 1), (1820, 1), (1861, 1), (2129, 1), (2210, 1), (2222, 1), (2287, 1), (2331, 1), (2390, 1), (2398, 1), (2399, 1), (2558, 1), (2582, 1), (2622, 1), (2683, 1), (2817, 1), (2872, 1), (2927, 1), (2936, 1), (2977, 1), (3161, 1), (3164, 1), (3218, 1), (3244, 1), (3341, 1), (3360, 1), (3456, 1), (3521, 1), (3561, 1), (3699, 1), (3703, 1), (3765, 1), (3792, 1), (3801, 1), (3857, 1), (3938, 1), (3951, 1), (4030, 4), (4249, 1), (4296, 1), (4302, 1), (4536, 1), (4578, 1), (4687, 1), (4707, 5), (4766, 1), (4773, 1), (4885, 1), (4950, 1), (5091, 1), (5125, 1), (5140, 1), (5142, 1), (5144, 1), (5159, 1), (5189, 1), (5309, 1), (5338, 1), (5370, 1), (5371, 1), (5386, 1), (5402, 7), (5495, 2), (5507, 1), (5513, 2), (5523, 2), (5529, 1), (5562, 1), (5686, 1), (5723, 1), (5779, 1), (5838, 2), (6049, 1), (6107, 1), (6124, 1), (6236, 1), (6268, 1), (6327, 1), (6374, 1), (6408, 1), (6420, 1), (6460, 1), (6578, 1), (6630, 1), (6741, 2), (6812, 1), (6996, 1), (7091, 1), (7096, 1), (7120, 2), (7132, 1), (7218, 1), (7234, 2), (7761, 1), (7811, 1), (7846, 1), (7865, 1), (7897, 1), (7941, 1), (7985, 1), (7991, 1), (8007, 1), (8015, 20), (8062, 1), (8069, 1), (8070, 1), (8079, 1), (8151, 1), (8174, 1), (8215, 1), (8266, 1), (8284, 1), (8369, 1), (8475, 1), (8492, 1), (8511, 1), (8541, 1), (8604, 1), (8674, 1), (8768, 1), (8862, 2), (8917, 1), (8924, 1), (8950, 1), (9002, 1), (9077, 1), (9129, 1), (9178, 1), (9215, 1), (9249, 1), (9297, 1), (9312, 1), (9332, 1), (9337, 1), (9354, 1), (9358, 1), (9372, 1), (9432, 1), (9476, 2), (9589, 1), (9599, 1), (9747, 1), (9749, 1), (9823, 1), (9985, 1), (9989, 1), (4031, 1), (7115, 1)
tunechi (DF: 8): (1058, 1), (3549, 1), (5137, 1), (6092, 1), (6151, 1), (7775, 2), (8244, 1), (9823, 1)
tunel (DF: 2): (4295, 1), (7056, 2)
tuner (DF: 1): (8198, 1)
tung (DF: 2): (6715, 1), (8564, 1)
tunga (DF: 1): (2152, 1)
tungevaag (DF: 1): (6119, 1)
tungkol (DF: 1): (9901, 1)
tunin (DF: 1): (4303, 1)
tuningun (DF: 1): (2336, 1)
tunnel (DF: 6): (223, 2), (455, 1), (2256, 1), (3138, 1), (4427, 2), (4723, 1)
