dar (DF: 46): (6079, 12), (6131, 1), (6179, 2), (6414, 1), (6466, 1), (6628, 3), (6650, 22), (6681, 1), (6818, 1), (6823, 2), (7042, 1), (7166, 2), (7205, 1), (7211, 1), (7367, 8), (7477, 1), (7563, 1), (7649, 1), (7843, 1), (7869, 1), (7876, 1), (7904, 2), (7982, 2), (8097, 2), (8113, 3), (8187, 1), (8236, 1), (8255, 1), (8353, 1), (8482, 1), (8866, 1), (8914, 3), (8919, 2), (8923, 4), (8989, 1), (9087, 1), (9172, 1), (9318, 2), (9342, 6), (9355, 1), (9383, 1), (9494, 1), (9536, 1), (9606, 1), (9860, 1), (9887, 1)
dara (DF: 1): (1623, 1)
daraan (DF: 1): (4657, 4)
darad (DF: 1): (2059, 4)
darada (DF: 1): (1623, 1)
daramdam (DF: 2): (2386, 8), (8426, 4)
daramdamdam (DF: 2): (2386, 8), (8426, 4)
daran (DF: 2): (397, 1), (8902, 1)
darararamdam (DF: 2): (2386, 8), (8426, 4)
daras (DF: 1): (6279, 2)
darat (DF: 3): (0, 1), (3887, 1), (4657, 3)
darauf (DF: 1): (3381, 1)
daraus (DF: 1): (6139, 1)
darbi (DF: 2): (5577, 2), (7983, 1)
darc (DF: 1): (1000, 1)
darcourt (DF: 1): (5246, 2)
dardad (DF: 1): (2059, 2)
dardan (DF: 2): (7306, 1), (7983, 1)
darden (DF: 1): (1469, 1)
dardust (DF: 2): (8054, 1), (9671, 2)
dardy (DF: 1): (7983, 27)
dare (DF: 93): (136, 9), (183, 1), (294, 18), (499, 2), (753, 1), (941, 1), (1206, 10), (1276, 1), (1321, 3), (1361, 1), (1575, 1), (1744, 2), (1760, 1), (1840, 1), (1861, 1), (1971, 5), (2199, 1), (2203, 1), (2286, 1), (2348, 3), (2482, 1), (2494, 1), (2696, 2), (2880, 1), (2981, 1), (3066, 1), (3195, 2), (3450, 1), (3540, 1), (3561, 5), (3667, 8), (3801, 2), (3852, 4), (3865, 1), (3936, 4), (4050, 1), (4069, 1), (4094, 1), (4128, 1), (4218, 1), (4447, 1), (4731, 3), (4809, 1), (4813, 15), (4941, 1), (5066, 1), (5079, 2), (5193, 2), (5256, 1), (5355, 63), (5458, 1), (5472, 1), (5579, 2), (5609, 2), (5722, 1), (5800, 1), (5825, 1), (6151, 1), (6364, 1), (6552, 2), (6636, 1), (6729, 1), (7014, 1), (7126, 4), (7198, 1), (7316, 1), (7593, 1), (7605, 2), (7800, 1), (7934, 1), (7957, 4), (7998, 5), (8109, 2), (8270, 1), (8305, 1), (8351, 1), (8492, 1), (8521, 1), (8554, 1), (8602, 1), (8779, 2), (8847, 1), (8893, 3), (8925, 1), (8987, 1), (9262, 1), (9274, 5), (9522, 1), (9574, 1), (9672, 2), (9772, 2), (9808, 1), (8896, 2)
darell (DF: 2): (910, 2), (3214, 1)
darf (DF: 4): (2463, 1), (5890, 4), (5955, 4), (7411, 4)
darfur (DF: 1): (8617, 1)
darg (DF: 1): (7745, 2)
dari (DF: 1): (8505, 1)
darin (DF: 3): (2562, 1), (4318, 1), (7040, 2)
darinn (DF: 1): (3212, 1)
darius (DF: 1): (568, 1)
dark (DF: 195): (13, 1), (26, 3), (50, 1), (67, 3), (68, 1), (83, 1), (104, 1), (114, 1), (133, 1), (163, 5), (177, 3), (196, 4), (200, 1), (205, 1), (244, 2), (258, 1), (268, 1), (277, 1), (315, 4), (322, 1), (324, 1), (326, 5), (363, 1), (383, 7), (393, 1), (407, 1), (414, 1), (419, 2), (442, 3), (443, 1), (455, 1), (496, 3), (499, 4), (524, 3), (573, 4), (636, 4), (678, 2), (689, 1), (709, 1), (777, 1), (780, 1), (783, 3), (787, 1), (801, 1), (830, 1), (873, 1), (882, 1), (903, 20), (921, 3), (925, 1), (990, 2), (1001, 1), (1014, 1), (1021, 1), (1058, 1), (1081, 1), (1083, 1), (1091, 1), (1114, 1), (1126, 1), (1136, 1), (1144, 1), (1151, 4), (1158, 3), (1181, 6), (1203, 1), (1239, 1), (1258, 1), (1270, 1), (1327, 2), (1356, 2), (1420, 1), (1426, 1), (1440, 1), (1461, 1), (1462, 2), (1472, 2), (1483, 1), (1496, 4), (1514, 1), (1525, 2), (1529, 4), (1547, 1), (1553, 9), (1607, 1), (1643, 2), (1664, 2), (1684, 3), (1699, 2), (1706, 1), (1713, 1), (1718, 1), (1720, 1), (1721, 1), (1743, 1), (1748, 1), (1774, 1), (1785, 1), (1799, 1), (1811, 1), (1819, 1), (1820, 2), (1832, 1), (1853, 12), (1859, 1), (1871, 3), (1877, 1), (1880, 1), (1894, 1), (1908, 1), (1912, 10), (1925, 1), (1946, 3), (1949, 2), (1952, 2), (1961, 2), (1973, 25), (1976, 12), (1986, 1), (2006, 2), (2010, 1), (2042, 1), (2048, 1), (2058, 1), (2063, 1), (2113, 1), (2148, 1), (2157, 1), (2203, 1), (2210, 1), (2213, 1), (2310, 1), (2311, 1), (2313, 1), (2321, 1), (2334, 3), (2337, 1), (2363, 3), (2372, 4), (2401, 1), (2416, 1), (2438, 3), (2446, 3), (2454, 1), (2456, 2), (2481, 3), (2492, 1), (2494, 1), (2520, 2), (2524, 3), (2528, 1), (2556, 1), (2594, 1), (2693, 1), (2709, 2), (2716, 1), (2723, 2), (2767, 3), (2807, 3), (2810, 3), (2818, 3), (2846, 3), (2865, 1), (2866, 2), (2880, 1), (2888, 5), (2890, 1), (2896, 1), (2911, 1), (2916, 5), (2924, 4), (2930, 2), (2936, 1), (2956, 3), (2964, 1), (2992, 1), (3034, 9), (3038, 2), (3043, 1), (3044, 1), (3063, 1), (3064, 1), (3066, 1), (3097, 8), (3109, 2), (3118, 1), (3134, 21), (3160, 1), (3164, 1), (3170, 2), (3174, 1), (3191, 12), (3198, 2), (3200, 1), (3238, 1)
