pimp (DF: 57): (4766, 1), (4920, 2), (4962, 1), (5076, 12), (5133, 2), (5149, 2), (5267, 1), (5389, 1), (5467, 1), (5494, 1), (5495, 1), (5513, 2), (5608, 4), (5800, 1), (5907, 1), (6086, 1), (6104, 1), (6114, 4), (6151, 2), (6225, 4), (6296, 2), (6322, 12), (6327, 1), (6573, 1), (6613, 1), (6629, 1), (6741, 6), (7138, 1), (7186, 2), (7279, 1), (7537, 1), (7540, 1), (7580, 1), (8079, 1), (8135, 5), (8209, 1), (8235, 1), (8316, 1), (8347, 1), (8381, 1), (8547, 2), (8571, 2), (8575, 2), (8580, 2), (8687, 1), (8745, 4), (9119, 1), (9130, 1), (9152, 2), (9166, 1), (9183, 1), (9394, 1), (9676, 2), (9730, 6), (7991, 2), (7992, 2), (8133, 4)
pimperi (DF: 2): (684, 2), (5608, 1)
pimpf (DF: 1): (311, 2)
pimpin (DF: 39): (365, 1), (558, 2), (586, 1), (1361, 2), (1717, 2), (2177, 1), (2199, 2), (2251, 1), (2256, 1), (2278, 3), (2442, 1), (2666, 1), (2832, 1), (3112, 1), (3148, 1), (3525, 3), (3612, 3), (3624, 1), (4037, 1), (4121, 2), (4381, 1), (4661, 1), (4723, 2), (5068, 1), (5168, 1), (5325, 2), (6095, 1), (6613, 1), (6629, 1), (6728, 1), (7113, 1), (7192, 1), (7474, 1), (7945, 1), (7991, 1), (8133, 1), (8310, 5), (9730, 2), (9823, 1)
pimpl (DF: 4): (3589, 1), (5312, 1), (6761, 2), (9226, 1)
pimpz (DF: 1): (2850, 1)
pin (DF: 61): (76, 1), (450, 1), (464, 1), (476, 1), (724, 1), (752, 1), (1143, 1), (1411, 1), (1631, 1), (1665, 1), (1929, 1), (2037, 1), (2091, 2), (2511, 2), (2569, 1), (3199, 6), (3331, 2), (3433, 4), (3510, 1), (3631, 1), (3794, 3), (4044, 1), (4189, 3), (4343, 3), (4729, 1), (4951, 2), (5484, 1), (5963, 1), (6019, 1), (6321, 1), (6384, 1), (6532, 1), (6946, 1), (6974, 1), (7292, 1), (7429, 4), (7476, 2), (7607, 1), (7732, 1), (7925, 3), (7962, 2), (8066, 1), (8099, 3), (8231, 1), (8406, 4), (8473, 1), (8489, 1), (8554, 1), (8778, 1), (8813, 1), (8910, 2), (8967, 5), (9189, 3), (9204, 1), (9263, 1), (9321, 7), (9347, 1), (9377, 2), (9568, 1), (9719, 1), (9870, 1)
pina (DF: 3): (1949, 1), (4552, 1), (6135, 1)
pinag (DF: 1): (1489, 1)
pinagbabaw (DF: 1): (9901, 1)
pinagdaras (DF: 1): (5932, 1)
pinagtagpo (DF: 1): (8490, 1)
pinaikkum (DF: 1): (3471, 1)
pinbal (DF: 1): (4712, 15)
pincel (DF: 2): (5007, 1), (7042, 1)
pinch (DF: 29): (178, 2), (370, 1), (382, 1), (641, 1), (1022, 1), (1844, 1), (2081, 1), (2322, 1), (2636, 1), (2735, 1), (2967, 1), (3789, 1), (4009, 1), (4071, 1), (5208, 1), (5318, 1), (5467, 1), (5635, 1), (5735, 1), (5792, 2), (6568, 1), (6732, 1), (8614, 1), (8787, 1), (9079, 1), (9295, 1), (9301, 1), (9431, 2), (9633, 1)
pinckney (DF: 1): (4223, 1)
pind (DF: 2): (4985, 1), (9138, 1)
pinda (DF: 1): (4421, 2)
pine (DF: 15): (1172, 1), (1926, 1), (2672, 1), (2786, 1), (3941, 1), (4885, 1), (5190, 1), (5241, 1), (5345, 1), (6290, 2), (6758, 1), (7090, 1), (7783, 1), (7829, 1), (8993, 2)
pineappl (DF: 2): (3363, 1), (3407, 1)
pinewood (DF: 1): (8369, 2)
ping (DF: 6): (3597, 2), (4619, 2), (8722, 4), (8728, 2), (9086, 2), (9946, 1)
pingar (DF: 1): (5436, 1)
pinggan (DF: 1): (4815, 1)
pingo (DF: 1): (8938, 1)
pingr (DF: 1): (4855, 1)
pingu (DF: 2): (276, 1), (3351, 1)
pinion (DF: 1): (924, 1)
pink (DF: 70): (89, 4), (190, 1), (597, 1), (672, 1), (1024, 1), (1058, 1), (1359, 3), (1375, 8), (1378, 2), (1424, 1), (1625, 2), (1711, 1), (2010, 1), (2014, 3), (2344, 1), (2397, 1), (2459, 1), (2642, 2), (2737, 1), (2923, 1), (2939, 1), (3164, 1), (3188, 3), (3237, 3), (3493, 2), (3556, 8), (3914, 1), (3982, 3), (4072, 1), (4127, 1), (4259, 1), (4492, 1), (4604, 1), (4739, 1), (4812, 1), (5136, 1), (5360, 1), (5426, 1), (5460, 1), (5713, 1), (6112, 1), (6580, 1), (6652, 1), (6695, 1), (7030, 1), (7057, 1), (7441, 2), (7465, 1), (7515, 1), (7527, 1), (7537, 1), (7634, 1), (7700, 5), (7767, 1), (7783, 1), (7945, 2), (8259, 2), (8277, 1), (8489, 1), (8575, 1), (8669, 1), (8784, 2), (8920, 1), (9026, 1), (9380, 2), (9389, 2), (9458, 4), (9494, 4), (2060, 1), (2061, 1)
pinkerton (DF: 1): (3974, 1)
pinki (DF: 34): (81, 1), (862, 1), (1282, 1), (1354, 2), (1396, 1), (1880, 1), (2186, 1), (2322, 1), (2565, 5), (3037, 1), (3170, 1), (3854, 5), (4211, 1), (4963, 1), (5312, 1), (5523, 1), (6761, 1), (6780, 1), (6999, 1), (7250, 1), (7464, 1), (7771, 2), (7908, 1), (7977, 1), (8204, 1), (8230, 2), (8235, 1), (8381, 1), (8778, 2), (8860, 2), (9054, 1), (9211, 2), (9332, 1), (9476, 1)
pinky (DF: 1): (9919, 2)
pinnacl (DF: 7): (1410, 1), (4261, 1), (5043, 1), (5082, 1), (5413, 1), (6582, 1), (8658, 1)
pinnin (DF: 1): (3483, 3)
pinocchio (DF: 2): (486, 1), (8026, 1)
pinoch (DF: 1): (9185, 1)
