hina (DF: 1): (988, 12)
hinahanap (DF: 1): (4563, 1)
hinanden (DF: 1): (4991, 1)
hinapia (DF: 1): (4390, 1)
hinaus (DF: 2): (1758, 1), (2327, 2)
hinch (DF: 1): (417, 1)
hind (DF: 2): (1011, 7), (6695, 1)
hinder (DF: 4): (2353, 1), (4940, 1), (5455, 1), (9449, 1)
hindi (DF: 7): (0, 2), (871, 1), (4657, 10), (4815, 1), (4910, 4), (8001, 2), (9901, 4)
hindsight (DF: 6): (462, 1), (2649, 1), (2849, 1), (6115, 1), (8180, 1), (8668, 2)
hindu (DF: 2): (7192, 1), (7495, 2)
hinein (DF: 1): (8932, 1)
hing (DF: 5): (2000, 1), (3661, 1), (3745, 3), (7067, 1), (7908, 1)
hingenomm (DF: 1): (7283, 1)
hinihintay (DF: 1): (9528, 2)
hint (DF: 21): (449, 1), (1299, 1), (1603, 1), (1647, 1), (2285, 1), (2574, 1), (3375, 1), (3409, 1), (3833, 1), (4459, 1), (4875, 1), (4982, 1), (5149, 1), (5251, 1), (5459, 6), (5890, 1), (6569, 1), (6964, 1), (7218, 1), (7521, 1), (9941, 3)
hintergedank (DF: 1): (7278, 1)
hintergrund (DF: 1): (5149, 1)
hinterh (DF: 2): (3570, 1), (6238, 1)
hinterhof (DF: 3): (3409, 1), (3437, 1), (7720, 1)
hinterm (DF: 2): (5382, 1), (6600, 1)
hip (DF: 357): (6, 1), (9, 2), (13, 1), (16, 2), (27, 1), (33, 2), (40, 1), (43, 1), (45, 1), (47, 1), (53, 2), (56, 1), (65, 1), (72, 2), (79, 1), (80, 2), (81, 2), (87, 1), (110, 2), (118, 2), (149, 1), (153, 2), (155, 2), (168, 1), (181, 1), (197, 2), (202, 2), (204, 2), (210, 1), (217, 2), (220, 2), (221, 2), (227, 2), (229, 1), (235, 1), (245, 2), (248, 2), (250, 2), (255, 1), (257, 1), (262, 2), (264, 2), (268, 1), (270, 2), (275, 2), (278, 2), (282, 1), (306, 3), (317, 1), (331, 1), (332, 2), (336, 1), (337, 2), (341, 1), (342, 1), (349, 2), (350, 1), (352, 2), (353, 2), (358, 2), (365, 2), (369, 2), (399, 1), (400, 1), (405, 2), (409, 2), (417, 2), (437, 1), (438, 2), (440, 2), (441, 1), (446, 2), (449, 1), (452, 1), (465, 2), (469, 1), (472, 1), (479, 3), (486, 2), (488, 2), (490, 2), (510, 2), (514, 1), (525, 2), (528, 2), (547, 1), (548, 2), (558, 2), (562, 1), (563, 4), (564, 1), (574, 1), (586, 1), (595, 1), (606, 1), (607, 1), (616, 2), (640, 2), (642, 2), (646, 2), (658, 2), (660, 3), (662, 1), (669, 1), (672, 2), (673, 1), (691, 2), (692, 2), (693, 2), (696, 1), (698, 2), (708, 1), (737, 3), (742, 2), (746, 2), (751, 2), (753, 1), (759, 2), (762, 2), (775, 2), (778, 1), (789, 1), (794, 1), (800, 2), (804, 1), (812, 1), (815, 2), (818, 1), (822, 2), (824, 1), (846, 2), (852, 1), (858, 2), (862, 2), (874, 1), (875, 2), (884, 1), (904, 3), (909, 2), (920, 2), (922, 2), (924, 1), (925, 1), (926, 1), (928, 2), (938, 2), (946, 2), (949, 2), (963, 1), (964, 2), (975, 2), (980, 2), (983, 1), (988, 1), (1000, 2), (1010, 2), (1011, 1), (1021, 2), (1029, 2), (1031, 1), (1038, 2), (1045, 2), (1050, 2), (1059, 2), (1060, 2), (1077, 1), (1084, 1), (1087, 2), (1092, 2), (1098, 2), (1122, 2), (1124, 1), (1136, 2), (1141, 1), (1143, 1), (1152, 2), (1157, 1), (1170, 1), (1187, 2), (1192, 1), (1196, 2), (1197, 2), (1200, 2), (1208, 3), (1211, 2), (1214, 29), (1216, 2), (1217, 2), (1223, 2), (1226, 1), (1229, 1), (1243, 2), (1249, 2), (1253, 1), (1255, 2), (1259, 1), (1263, 1), (1269, 1), (1275, 2), (1276, 2), (1282, 2), (1293, 2), (1304, 2), (1312, 1), (1318, 1), (1331, 1), (1336, 2), (1343, 2), (1344, 1), (1349, 1), (1358, 1), (1369, 1), (1374, 2), (1375, 1), (1391, 2), (1392, 1), (1393, 1), (1405, 1), (1409, 1), (1413, 1), (1414, 2), (1415, 1), (1425, 2), (1429, 2), (1431, 1), (1432, 1), (1436, 1), (1439, 1), (1447, 1), (1456, 1), (1461, 1), (1469, 2), (1477, 2), (1490, 2), (1497, 2), (1498, 1), (1504, 1), (1508, 1), (1511, 1), (1515, 1), (1525, 1), (1531, 2), (1547, 2), (1548, 1), (1550, 2), (1554, 1), (1556, 2), (1558, 2), (1566, 2), (1574, 1), (1579, 2), (1582, 2), (1588, 2), (1594, 2), (1613, 2), (1619, 1), (1622, 1), (1625, 2), (1628, 1), (1636, 1), (1648, 2), (1649, 1), (1652, 2), (1657, 2), (1661, 2), (1669, 1), (1671, 1), (1674, 2), (1677, 2), (1685, 1), (1688, 2), (1690, 2), (1694, 2), (1697, 1), (1704, 2), (1705, 1), (1708, 2), (1710, 2), (1717, 2), (1730, 1), (1739, 1), (1751, 1), (1760, 2), (1762, 1), (1763, 1), (1766, 3), (1773, 1), (1778, 2), (1783, 1), (1786, 1), (1790, 4), (1800, 2), (1801, 2), (1805, 2), (1809, 1), (1818, 2), (1820, 3), (1825, 2), (1826, 2), (1829, 1), (1833, 2), (1834, 1), (1848, 2), (1849, 2), (1856, 2), (1868, 2), (1870, 1), (1875, 1), (1882, 2), (1891, 2), (1907, 2), (1914, 1), (1924, 2), (1926, 2), (1935, 2), (1952, 1), (1975, 2), (1977, 2), (1984, 2), (1994, 1), (1995, 1), (1999, 1), (2000, 2), (2002, 1), (2004, 2), (2011, 1), (2015, 1), (2018, 1), (2020, 1), (2026, 2), (2031, 2), (2032, 1), (2039, 1), (2048, 2), (2051, 1), (2055, 1), (2057, 1), (2059, 2), (2064, 1), (2074, 1), (2081, 2), (2083, 2), (2086, 1), (2091, 4), (2100, 1), (2110, 2), (2116, 2), (2119, 1), (2124, 1), (2132, 1), (2143, 2), (2145, 1), (2147, 2), (2154, 2), (2160, 1), (2177, 2), (2183, 1)
