saint (DF: 60): (426, 1), (513, 1), (553, 2), (650, 1), (858, 2), (1010, 1), (1204, 1), (1552, 1), (1747, 2), (1937, 1), (2687, 1), (2872, 1), (2916, 1), (3424, 2), (3511, 1), (3721, 6), (3883, 1), (4410, 1), (4454, 1), (4495, 1), (4598, 1), (4608, 1), (4950, 1), (5127, 1), (5303, 3), (5398, 1), (5425, 1), (5499, 1), (5570, 4), (5589, 1), (5602, 1), (5955, 1), (6007, 1), (6033, 1), (6085, 2), (6142, 1), (6192, 1), (6396, 1), (6765, 1), (6836, 3), (6875, 1), (6886, 2), (6914, 1), (6936, 1), (7107, 1), (7176, 2), (7297, 1), (7375, 1), (7464, 1), (7908, 1), (8337, 2), (8438, 1), (8508, 1), (8531, 1), (8641, 2), (8666, 4), (8860, 2), (9468, 2), (9604, 1), (9815, 1)
saio (DF: 1): (8113, 3)
sair (DF: 6): (1659, 1), (2839, 1), (4016, 1), (6234, 1), (7175, 1), (8113, 1)
sais (DF: 13): (349, 1), (598, 1), (649, 1), (676, 2), (3213, 1), (4197, 1), (6886, 1), (7254, 1), (7533, 4), (7607, 1), (7922, 4), (9737, 1), (9884, 3)
saison (DF: 1): (4088, 1)
sait (DF: 8): (349, 5), (598, 1), (676, 1), (3660, 2), (3909, 1), (4614, 1), (5801, 2), (9884, 1)
saiu (DF: 1): (4357, 1)
saiy (DF: 2): (5126, 2), (9185, 2)
saiyajin (DF: 2): (2461, 1), (8278, 1)
saj (DF: 1): (4912, 1)
sajj (DF: 1): (9138, 1)
sak (DF: 12): (1935, 1), (4767, 1), (4905, 1), (5055, 8), (6015, 2), (6452, 1), (6629, 1), (6889, 2), (6899, 3), (7696, 1), (9638, 1), (9740, 1)
sakal (DF: 1): (3887, 3)
sakana (DF: 1): (1102, 1)
sake (DF: 27): (38, 2), (367, 1), (680, 2), (883, 3), (1101, 1), (1240, 1), (1891, 3), (2415, 1), (2446, 1), (2804, 1), (2927, 1), (3188, 6), (4679, 1), (5144, 3), (5932, 1), (6122, 1), (6349, 3), (6571, 1), (7133, 2), (7181, 1), (7418, 1), (7874, 1), (8163, 1), (8452, 1), (8683, 1), (8934, 1), (9271, 1)
sakshaat (DF: 2): (1602, 1), (2921, 1)
sakura (DF: 1): (6984, 1)
sal (DF: 202): (9, 6), (14, 5), (24, 1), (86, 2), (216, 1), (284, 2), (366, 6), (395, 4), (412, 2), (417, 3), (439, 1), (444, 1), (460, 3), (477, 2), (480, 1), (567, 3), (637, 1), (649, 1), (711, 1), (762, 1), (813, 4), (858, 1), (889, 9), (1039, 2), (1051, 1), (1095, 5), (1159, 6), (1213, 2), (1215, 1), (1305, 1), (1478, 2), (1485, 1), (1582, 8), (1652, 1), (1788, 1), (1939, 1), (1987, 1), (2021, 1), (2033, 3), (2034, 10), (2114, 2), (2275, 1), (2306, 3), (2354, 2), (2480, 1), (2518, 4), (2967, 2), (3062, 4), (3104, 8), (3313, 9), (3342, 6), (3421, 1), (3489, 6), (3590, 1), (3603, 3), (3623, 1), (3656, 2), (3666, 9), (3724, 1), (3768, 8), (3851, 1), (3890, 1), (3981, 2), (4032, 1), (4143, 3), (4162, 2), (4186, 2), (4210, 1), (4219, 2), (4236, 6), (4285, 1), (4288, 2), (4352, 3), (4356, 2), (4515, 1), (4550, 1), (4560, 1), (4704, 1), (4799, 1), (4846, 5), (4862, 1), (4879, 1), (4949, 1), (4951, 1), (4961, 1), (4985, 1), (5022, 5), (5035, 3), (5116, 2), (5126, 7), (5174, 2), (5224, 1), (5352, 2), (5388, 4), (5754, 2), (5821, 3), (5973, 1), (6025, 2), (6079, 4), (6111, 1), (6160, 1), (6207, 2), (6243, 1), (6248, 1), (6249, 1), (6485, 2), (6513, 7), (6534, 11), (6541, 1), (6553, 1), (6645, 8), (6650, 2), (6682, 4), (6691, 1), (6798, 2), (6808, 1), (6909, 1), (6939, 1), (6983, 1), (7003, 1), (7019, 4), (7151, 36), (7166, 1), (7183, 1), (7196, 1), (7223, 2), (7255, 1), (7274, 2), (7415, 1), (7455, 1), (7501, 2), (7632, 1), (7734, 1), (7766, 2), (7773, 3), (7780, 1), (7799, 1), (7820, 1), (7851, 2), (7876, 1), (7879, 1), (7910, 1), (7935, 1), (7989, 1), (8036, 1), (8054, 1), (8128, 1), (8131, 1), (8187, 1), (8205, 3), (8210, 1), (8218, 1), (8278, 1), (8353, 1), (8415, 4), (8478, 6), (8516, 1), (8518, 1), (8569, 1), (8606, 2), (8632, 1), (8777, 1), (8785, 1), (8805, 3), (8815, 1), (8817, 2), (8892, 3), (8945, 4), (8961, 2), (9039, 6), (9172, 6), (9259, 1), (9296, 1), (9309, 5), (9318, 10), (9342, 1), (9428, 1), (9431, 1), (9444, 1), (9469, 2), (9474, 1), (9516, 1), (9524, 1), (9534, 1), (9558, 36), (9575, 1), (9596, 2), (9636, 4), (9690, 2), (9697, 6), (9740, 1), (9762, 1), (9818, 4), (9819, 2), (9872, 1), (9884, 33), (9906, 5), (9939, 1), (283, 2), (4287, 8), (6532, 2), (9692, 1)
sala (DF: 3): (2843, 1), (7211, 1), (9087, 1)
salaam (DF: 3): (3707, 1), (7136, 2), (8977, 2)
salad (DF: 16): (405, 1), (1381, 1), (1801, 2), (3737, 1), (6040, 1), (6490, 1), (6527, 1), (6763, 1), (6873, 1), (7051, 1), (7349, 1), (7721, 1), (7815, 1), (8209, 1), (8210, 4), (9063, 1)
salam (DF: 1): (9569, 1)
salama (DF: 1): (9569, 2)
