day (DF: 292): (6333, 1), (6334, 2), (6373, 1), (6374, 3), (6388, 1), (6390, 1), (6405, 1), (6406, 1), (6455, 4), (6456, 1), (6479, 3), (6480, 1), (6497, 1), (6498, 1), (6556, 2), (6557, 5), (6568, 1), (6569, 3), (6580, 2), (6581, 3), (6608, 1), (6609, 1), (6617, 1), (6618, 1), (6637, 1), (6638, 1), (6646, 1), (6648, 12), (6660, 1), (6662, 2), (6668, 11), (6670, 2), (6684, 1), (6685, 6), (6724, 1), (6726, 1), (6789, 2), (6790, 1), (6792, 2), (6793, 1), (6806, 2), (6807, 20), (6849, 2), (6850, 1), (6863, 1), (6865, 2), (6881, 6), (6882, 1), (6910, 2), (6911, 2), (6912, 1), (6913, 1), (6941, 1), (6943, 4), (6944, 26), (6946, 1), (6993, 1), (6994, 2), (7009, 1), (7010, 1), (7095, 2), (7096, 1), (7138, 1), (7139, 1), (7260, 1), (7262, 2), (7399, 4), (7400, 1), (7483, 1), (7484, 1), (7523, 2), (7524, 3), (7554, 2), (7556, 1), (7609, 2), (7611, 3), (7635, 2), (7636, 1), (7660, 1), (7661, 1), (7662, 1), (7663, 1), (7681, 30), (7682, 6), (7705, 8), (7706, 1), (7715, 1), (7717, 8), (7755, 1), (7756, 4), (7757, 2), (7827, 10), (7828, 1), (7857, 1), (7858, 1), (7883, 1), (7884, 2), (7885, 2), (7887, 1), (7889, 1), (7890, 2), (7895, 1), (7896, 1), (7998, 1), (8000, 1), (8021, 1), (8024, 1), (8030, 1), (8032, 2), (8040, 1), (8042, 1), (8059, 1), (8060, 1), (8093, 1), (8094, 1), (8193, 6), (8195, 1), (8224, 9), (8226, 6), (8227, 1), (8303, 1), (8304, 6), (8350, 1), (8351, 1), (8365, 1), (8367, 2), (8399, 1), (8400, 2), (8407, 1), (8408, 3), (8413, 1), (8414, 14), (8425, 1), (8426, 7), (8461, 6), (8462, 1), (8473, 2), (8474, 2), (8492, 1), (8493, 6), (8494, 2), (8511, 1), (8512, 2), (8559, 1), (8560, 2), (8576, 61), (8578, 1), (8596, 1), (8597, 1), (8608, 1), (8609, 4), (8652, 2), (8653, 3), (8663, 2), (8664, 1), (8723, 2), (8724, 2), (8729, 1), (8730, 29), (8738, 3), (8739, 1), (8990, 1), (8991, 1), (8995, 1), (8996, 1), (9006, 11), (9007, 1), (9054, 1), (9056, 1), (9109, 3), (9110, 1), (9116, 2), (9117, 3), (9119, 1), (9152, 1), (9153, 1), (9167, 2), (9169, 1), (9190, 1), (9191, 1), (9209, 1), (9210, 2), (9211, 1), (9212, 1), (9213, 2), (9215, 3), (9335, 3), (9336, 3), (9348, 1), (9349, 4), (9402, 3), (9403, 2), (9438, 2), (9439, 1), (9490, 28), (9491, 2), (9500, 1), (9501, 1), (9549, 1), (9550, 3), (9576, 1), (9577, 1), (9581, 1), (9582, 1), (9602, 1), (9603, 10), (9624, 3), (9625, 10), (9645, 18), (9646, 1), (9685, 1), (9686, 2), (9834, 2), (9835, 1), (9848, 1), (9849, 6), (9851, 1), (9861, 1), (9863, 2), (9868, 1), (9870, 2), (9888, 1), (9889, 1), (9892, 7), (9893, 4), (9921, 1), (9922, 1), (9923, 1), (9924, 1), (9984, 2), (9985, 2), (766, 2), (767, 12), (768, 10), (1404, 2), (1405, 8), (1407, 1), (1520, 1), (1521, 1), (1522, 1), (1934, 3), (1935, 16), (1936, 1), (2697, 3), (2698, 1), (2699, 1), (2999, 1), (3001, 20), (3002, 1), (3797, 2), (3798, 1), (3799, 1), (4623, 1), (4624, 3), (4625, 2), (4755, 1), (4756, 4), (4758, 4), (4926, 1), (4928, 1), (4930, 3), (5221, 7), (5222, 1), (5223, 1), (7403, 1), (7404, 1), (7405, 1), (7406, 1), (7408, 1), (7409, 1), (8074, 1), (8075, 2), (8076, 1), (8191, 1), (8192, 1), (8336, 2), (8337, 2), (8338, 1), (8343, 2), (8344, 1), (8345, 1), (9339, 2), (9340, 7), (9341, 1), (7160, 1), (7161, 1), (7162, 28), (7163, 1), (8884, 1), (8885, 2), (8886, 1), (8887, 2)
day69 (DF: 2): (2053, 1), (2527, 1)
daya (DF: 6): (694, 1), (2454, 1), (4249, 2), (4371, 1), (5421, 1), (5723, 2)
dayan (DF: 1): (8699, 1)
daybreak (DF: 4): (6487, 1), (7364, 1), (8307, 1), (9782, 2)
daycar (DF: 3): (616, 1), (975, 1), (9944, 2)
daydream (DF: 32): (473, 1), (701, 1), (1408, 14), (2010, 1), (2105, 1), (2556, 1), (2691, 1), (3352, 4), (3649, 8), (4098, 2), (4259, 1), (4337, 2), (4526, 1), (4625, 1), (4857, 2), (5154, 1), (5600, 1), (5800, 1), (5850, 1), (5880, 1), (6123, 1), (6637, 2), (6676, 14), (6854, 1), (6948, 2), (7515, 2), (7762, 1), (7923, 1), (8006, 1), (8952, 1), (9112, 6), (9717, 1)
dayglow (DF: 1): (2576, 1)
dayi (DF: 1): (8510, 1)
daylight (DF: 46): (264, 1), (496, 1), (586, 2), (641, 1), (756, 4), (769, 1), (835, 1), (1050, 1), (1492, 1), (1946, 1), (1980, 1), (2065, 1), (2132, 1), (2346, 2), (2363, 1), (2442, 2), (2454, 2), (2781, 1), (2845, 1), (2914, 1), (3088, 2), (3252, 4), (3514, 1), (4397, 8), (4603, 1), (4684, 1), (5591, 4), (5625, 30), (5736, 1), (5749, 22), (6095, 2), (6434, 1), (6696, 1), (6726, 1), (6988, 1), (7263, 2), (8031, 1), (8141, 1), (8270, 1), (8293, 2), (8561, 1), (8772, 1), (8798, 1), (9160, 1), (9184, 1), (9413, 3)
