web (DF: 10): (6426, 2), (7429, 2), (7727, 1), (7855, 1), (8969, 1), (9180, 1), (9383, 1), (9722, 2), (9846, 1), (9948, 1)
webb (DF: 1): (6375, 2)
webber (DF: 1): (4326, 1)
webcam (DF: 2): (3555, 3), (9383, 13)
webster (DF: 1): (686, 1)
wechselt (DF: 1): (3570, 1)
weck (DF: 2): (1771, 3), (4004, 1)
wed (DF: 42): (228, 1), (556, 1), (566, 6), (808, 1), (1456, 3), (1697, 2), (1737, 1), (1758, 2), (1880, 1), (2025, 1), (2083, 2), (2146, 2), (2697, 3), (2730, 1), (2910, 1), (2999, 3), (3095, 2), (3285, 5), (3310, 1), (3381, 2), (4604, 1), (4684, 1), (4849, 1), (5074, 2), (5149, 1), (5412, 3), (5839, 1), (5961, 1), (6220, 1), (6328, 1), (6373, 1), (6507, 2), (6780, 1), (7169, 1), (7393, 1), (7598, 1), (7691, 1), (8172, 1), (8459, 1), (9096, 1), (9099, 1), (9593, 8)
weddin (DF: 2): (1926, 1), (2294, 1)
wedding (DF: 1): (5775, 1)
wedg (DF: 1): (4615, 1)
wednesday (DF: 22): (233, 1), (239, 1), (870, 6), (1349, 1), (1490, 1), (1516, 16), (1684, 1), (1933, 1), (2014, 3), (2949, 1), (3024, 1), (3774, 1), (3843, 1), (4485, 1), (4987, 12), (6009, 1), (6255, 4), (7319, 1), (8310, 6), (8784, 2), (9092, 1), (9801, 6)
wee (DF: 41): (16, 4), (89, 4), (372, 1), (536, 1), (565, 4), (698, 216), (862, 2), (973, 2), (1748, 1), (1809, 1), (1982, 29), (2286, 1), (2704, 1), (3420, 1), (3529, 1), (3749, 1), (3922, 2), (3999, 1), (4037, 1), (4042, 1), (4090, 4), (4251, 1), (4330, 2), (5068, 1), (5168, 1), (5175, 2), (5783, 1), (5824, 13), (5862, 1), (6059, 1), (6440, 3), (6543, 1), (7214, 1), (7321, 13), (7369, 1), (8058, 1), (8248, 1), (9256, 1), (9268, 6), (9368, 2), (9784, 1)
weed (DF: 178): (72, 1), (210, 1), (220, 1), (324, 3), (339, 1), (352, 1), (407, 1), (418, 1), (541, 1), (558, 1), (579, 1), (637, 2), (660, 1), (673, 2), (684, 1), (692, 2), (702, 1), (796, 1), (800, 7), (862, 1), (915, 1), (952, 3), (1029, 1), (1031, 1), (1059, 1), (1084, 3), (1135, 1), (1150, 1), (1157, 1), (1196, 1), (1564, 1), (1648, 4), (1799, 1), (1875, 1), (1891, 2), (1908, 20), (1994, 1), (2000, 1), (2026, 1), (2045, 1), (2058, 1), (2145, 1), (2322, 2), (2511, 2), (2592, 1), (2644, 1), (2676, 1), (2695, 1), (2701, 1), (2706, 1), (2735, 1), (2737, 1), (2855, 1), (3009, 1), (3067, 1), (3084, 3), (3085, 2), (3112, 11), (3206, 1), (3381, 2), (3594, 1), (3631, 1), (3731, 1), (3826, 2), (3921, 1), (4088, 5), (4267, 6), (4282, 1), (4318, 1), (4364, 1), (4381, 1), (4397, 4), (4417, 1), (4503, 3), (4527, 3), (4542, 1), (4550, 3), (4559, 2), (4651, 1), (4669, 1), (4731, 1), (4739, 1), (4784, 6), (4807, 17), (4831, 1), (4880, 1), (4972, 1), (5039, 1), (5055, 1), (5068, 1), (5076, 1), (5116, 2), (5120, 1), (5126, 2), (5212, 7), (5340, 2), (5345, 1), (5349, 1), (5357, 1), (5456, 1), (5489, 2), (5533, 1), (5608, 1), (5628, 4), (5691, 1), (5702, 2), (5794, 1), (5890, 1), (5954, 4), (5961, 1), (6114, 4), (6164, 1), (6220, 1), (6226, 1), (6258, 2), (6273, 1), (6281, 10), (6322, 1), (6363, 1), (6431, 1), (6508, 2), (6620, 1), (6631, 4), (6732, 2), (6748, 1), (6784, 1), (6856, 3), (6886, 1), (6964, 1), (7012, 1), (7084, 1), (7247, 1), (7302, 1), (7332, 2), (7369, 1), (7373, 1), (7479, 1), (7721, 1), (7758, 1), (7800, 1), (7824, 1), (7829, 1), (7862, 2), (7923, 2), (7973, 1), (8063, 1), (8088, 1), (8204, 1), (8210, 1), (8228, 4), (8230, 1), (8311, 1), (8360, 2), (8397, 1), (8445, 3), (8470, 2), (8550, 1), (8668, 4), (8701, 1), (8812, 1), (8825, 1), (8850, 1), (9026, 1), (9112, 12), (9209, 1), (9236, 4), (9324, 1), (9435, 9), (9509, 1), (9627, 1), (9666, 1), (9752, 1), (9759, 1), (9823, 1), (9833, 4), (9886, 1), (4261, 1), (4262, 1)
weedgat (DF: 1): (4641, 1)
weedpack (DF: 1): (7278, 1)
weeee (DF: 1): (9849, 1)
weeeee (DF: 1): (9849, 1)
week (DF: 78): (72, 1), (128, 1), (138, 1), (197, 1), (233, 1), (255, 1), (264, 1), (379, 1), (404, 2), (494, 3), (634, 1), (660, 1), (671, 3), (689, 1), (699, 1), (733, 1), (767, 2), (798, 1), (803, 1), (812, 1), (1020, 1), (1076, 1), (1297, 1), (1334, 2), (1385, 2), (1393, 1), (1455, 1), (1479, 1), (1535, 7), (1575, 3), (1594, 1), (1671, 1), (1680, 1), (1760, 3), (1799, 2), (1896, 1), (1899, 1), (1926, 1), (2013, 1), (2177, 2), (2192, 1), (2218, 1), (2265, 1), (2333, 1), (2482, 1), (2497, 2), (2561, 2), (2563, 1), (2600, 1), (2737, 1), (2830, 1), (2845, 1), (2923, 1), (2960, 1), (3015, 11), (3026, 1), (3036, 2), (3068, 1), (3076, 1), (3186, 3), (3209, 5), (3272, 1), (3343, 2), (3444, 1), (3620, 1), (3635, 1), (3738, 1), (3811, 1), (3820, 1), (3867, 1), (4019, 1), (4023, 1), (4045, 1), (4064, 1), (4250, 2), (4298, 2), (4303, 1), (4372, 1)
