ultim (DF: 133): (4717, 1), (4762, 1), (4829, 1), (4856, 2), (4860, 2), (4873, 3), (4897, 1), (5040, 1), (5115, 1), (5243, 1), (5269, 1), (5273, 1), (5327, 1), (5412, 1), (5560, 1), (5587, 1), (5825, 1), (5836, 1), (5856, 1), (5934, 1), (6125, 1), (6150, 1), (6155, 1), (6228, 1), (6250, 1), (6276, 1), (6367, 1), (6407, 1), (6414, 1), (6440, 1), (6450, 1), (6490, 1), (6517, 1), (6564, 1), (6583, 1), (6632, 1), (6792, 1), (6801, 1), (6808, 1), (6827, 1), (6864, 1), (6869, 1), (6883, 1), (6961, 1), (7019, 1), (7096, 1), (7125, 1), (7127, 1), (7147, 1), (7162, 1), (7189, 1), (7203, 1), (7217, 1), (7240, 1), (7330, 1), (7380, 2), (7410, 1), (7423, 1), (7480, 1), (7490, 2), (7555, 2), (7566, 1), (7581, 1), (7602, 1), (7627, 1), (7705, 1), (7715, 1), (7742, 2), (7809, 1), (7829, 1), (7837, 3), (7843, 1), (7935, 1), (7950, 1), (7973, 1), (7988, 1), (7998, 1), (8009, 1), (8026, 1), (8146, 1), (8189, 1), (8233, 1), (8296, 1), (8310, 1), (8325, 1), (8360, 1), (8407, 1), (8458, 1), (8463, 6), (8518, 1), (8560, 1), (8590, 5), (8610, 1), (8744, 2), (8749, 1), (8764, 1), (8885, 1), (8936, 3), (8945, 3), (8959, 1), (9000, 1), (9014, 1), (9056, 1), (9063, 1), (9101, 1), (9118, 1), (9123, 1), (9190, 1), (9203, 1), (9246, 1), (9259, 2), (9283, 1), (9408, 1), (9475, 1), (9506, 1), (9550, 1), (9606, 1), (9703, 1), (9790, 1), (9910, 1), (9958, 1), (1323, 1), (1324, 1), (3294, 1), (3295, 7), (3731, 2), (3733, 1), (5790, 1), (5791, 1), (8520, 1), (8522, 1), (9715, 1), (9717, 1)
ultimament (DF: 1): (6983, 4)
ultimat (DF: 1): (5026, 1)
ultimatum (DF: 2): (1400, 1), (7338, 1)
ultra (DF: 7): (1856, 1), (4760, 1), (5695, 1), (7842, 1), (8121, 1), (8745, 1), (9232, 1)
ultrapassagem (DF: 1): (6289, 1)
ultrasound (DF: 1): (8768, 1)
ultraviolent (DF: 1): (2496, 1)
ultraviolet (DF: 3): (3896, 1), (3949, 3), (7973, 1)
um (DF: 96): (128, 1), (213, 10), (606, 1), (841, 1), (1060, 1), (1072, 1), (1157, 1), (1183, 4), (1287, 1), (1415, 1), (1564, 1), (1613, 1), (1659, 1), (1881, 2), (2080, 1), (2223, 2), (2482, 1), (2631, 1), (2651, 6), (2680, 7), (2711, 9), (2839, 1), (3215, 1), (3364, 11), (3467, 1), (3497, 6), (3674, 4), (3692, 1), (3784, 1), (3838, 5), (3870, 1), (4016, 1), (4090, 8), (4105, 1), (4167, 4), (4282, 1), (4492, 1), (4793, 1), (4872, 2), (4947, 1), (5032, 1), (5118, 2), (5193, 3), (5271, 4), (5461, 1), (5572, 1), (5579, 3), (5719, 2), (5824, 1), (5859, 4), (5959, 1), (6028, 2), (6234, 3), (6270, 4), (6289, 6), (6397, 3), (6472, 2), (6794, 1), (6804, 4), (6983, 6), (7001, 1), (7070, 1), (7175, 1), (7211, 9), (7270, 1), (7321, 1), (7356, 1), (7465, 2), (7563, 1), (7649, 11), (7795, 3), (7860, 1), (7869, 4), (8026, 2), (8052, 5), (8113, 3), (8168, 3), (8363, 4), (8452, 1), (8553, 14), (8574, 1), (8890, 1), (8938, 3), (8946, 5), (9087, 9), (9120, 2), (9147, 1), (9279, 4), (9355, 9), (9494, 2), (9525, 3), (9637, 3), (9672, 3), (9812, 5), (9860, 1), (9876, 6)
uma (DF: 43): (213, 6), (1072, 1), (1095, 1), (1183, 3), (1278, 1), (1659, 10), (1787, 1), (1979, 7), (2242, 1), (2651, 4), (2680, 4), (2711, 4), (3497, 2), (3838, 3), (3870, 1), (3955, 2), (4016, 1), (4167, 1), (4357, 1), (5007, 5), (5143, 16), (5719, 7), (5940, 35), (5959, 2), (6270, 2), (6983, 5), (7211, 1), (7563, 7), (7598, 20), (7649, 3), (7726, 1), (8360, 2), (8858, 3), (8938, 2), (8941, 1), (8989, 2), (9087, 1), (9355, 2), (9391, 3), (9396, 2), (9494, 3), (9637, 2), (9876, 3)
umacz (DF: 1): (4311, 1)
umaga (DF: 1): (6826, 1)
uman (DF: 1): (3210, 1)
umarm (DF: 1): (8498, 1)
umasa (DF: 2): (4910, 1), (9901, 1)
umbala (DF: 1): (5178, 11)
umberella (DF: 1): (6162, 1)
umbil (DF: 1): (5270, 1)
umbrella (DF: 19): (1094, 1), (1203, 5), (1276, 1), (1334, 2), (1391, 3), (1498, 3), (2644, 8), (3247, 2), (3948, 1), (4649, 16), (4764, 1), (5294, 1), (6941, 16), (7051, 1), (7599, 1), (8108, 2), (8725, 4), (9324, 1), (9805, 16)
ume (DF: 1): (149, 1)
umfeld (DF: 1): (3123, 1)
umgarn (DF: 1): (1758, 1)
umgeb (DF: 2): (1177, 1), (9236, 1)
umhangetasch (DF: 1): (3849, 4)
umi (DF: 4): (1102, 3), (1360, 2), (6007, 2), (8604, 3)
umibig (DF: 1): (4815, 4)
umiera (DF: 2): (6678, 2), (7356, 1)
umierami (DF: 1): (250, 1)
umikot (DF: 1): (4815, 1)
umishanteha (DF: 1): (8043, 1)
umiwa (DF: 1): (8490, 1)
umkehr (DF: 1): (3466, 1)
umm (DF: 1): (698, 1)
