version (DF: 38): (9639, 1), (9661, 2), (9744, 1), (9777, 1), (9823, 1), (9886, 1), (9894, 1), (9947, 1), (1279, 2), (1281, 1), (2344, 1), (2348, 1), (2427, 1), (2428, 1), (3096, 1), (3098, 1), (3148, 1), (3149, 1), (3833, 1), (3834, 1), (4403, 1), (4404, 1), (4756, 1), (4758, 1), (5668, 1), (5670, 1), (5995, 1), (5997, 1), (6776, 1), (6778, 1), (7090, 1), (7091, 2), (7727, 1), (7728, 1), (9163, 1), (9165, 1), (9500, 1), (9502, 1)
verso (DF: 4): (1257, 1), (5007, 1), (7270, 1), (7533, 1)
versohn (DF: 1): (8498, 1)
versprech (DF: 1): (4876, 1)
versproch (DF: 1): (3212, 1)
verstand (DF: 5): (2496, 1), (3962, 1), (5214, 1), (9795, 1), (9999, 1)
verstandj (DF: 1): (4297, 1)
versteck (DF: 5): (2170, 1), (4318, 1), (5577, 1), (6026, 1), (7283, 1)
versteckt (DF: 2): (2100, 1), (3123, 2)
versteh (DF: 7): (397, 1), (1771, 2), (3108, 1), (4816, 1), (7278, 1), (7479, 1), (8999, 3)
verstell (DF: 1): (1715, 2)
versuch (DF: 2): (2328, 1), (3381, 1)
versucht (DF: 3): (3381, 5), (5149, 1), (6835, 1)
versuri (DF: 2): (4123, 1), (9320, 1)
versus (DF: 13): (1748, 1), (1937, 1), (2776, 1), (2788, 1), (3921, 3), (4912, 1), (5201, 2), (5704, 1), (5777, 5), (6870, 2), (7926, 1), (8663, 1), (9115, 1)
versão (DF: 1): (9355, 2)
vert (DF: 80): (256, 3), (269, 1), (354, 1), (434, 2), (539, 1), (577, 1), (802, 1), (890, 8), (1079, 1), (1109, 12), (1422, 1), (1727, 1), (1786, 5), (1932, 2), (1974, 6), (2021, 1), (2336, 2), (2354, 1), (2488, 1), (2601, 2), (3104, 4), (3205, 1), (3340, 2), (3403, 6), (3459, 4), (3580, 2), (3876, 2), (3916, 2), (3920, 4), (4049, 2), (4207, 1), (4214, 4), (4219, 1), (4430, 8), (4448, 1), (5198, 1), (5249, 1), (5473, 5), (5496, 1), (5793, 1), (5881, 2), (6160, 1), (6190, 2), (6209, 1), (6220, 2), (6248, 1), (6263, 2), (6326, 3), (6466, 1), (6884, 1), (6939, 2), (7031, 2), (7042, 1), (7105, 1), (7183, 1), (7205, 2), (7223, 3), (7298, 2), (7309, 6), (7332, 2), (7464, 1), (7863, 3), (8342, 1), (8353, 1), (8666, 1), (8719, 4), (8758, 1), (8805, 12), (8817, 1), (8922, 6), (9231, 1), (9383, 1), (9437, 1), (9475, 1), (9536, 1), (9575, 1), (9580, 2), (9607, 1), (9719, 1), (9762, 1)
verteil (DF: 5): (2881, 1), (6600, 1), (7463, 1), (7983, 5), (9795, 2)
verteilt (DF: 2): (3123, 1), (5493, 1)
vertic (DF: 4): (3356, 1), (6269, 1), (7360, 9), (9341, 1)
vertick (DF: 2): (2170, 1), (3108, 1)
vertigo (DF: 5): (1358, 1), (1772, 3), (2985, 1), (5121, 1), (8333, 2)
vertraag (DF: 1): (3864, 1)
vertrag (DF: 5): (1218, 1), (1715, 1), (3108, 1), (5955, 1), (7306, 1)
vertrau (DF: 4): (3108, 1), (3932, 1), (5053, 1), (6238, 3)
vertret (DF: 1): (493, 2)
vertrouw (DF: 1): (6008, 1)
vertrouwen (DF: 1): (1077, 1)
verv (DF: 1): (5901, 1)
vervierfach (DF: 1): (246, 1)
vervlogen (DF: 1): (4297, 1)
verwandelt (DF: 1): (2496, 1)
verwandt (DF: 2): (5429, 1), (8498, 1)
verwertbar (DF: 1): (1942, 1)
verwijderd (DF: 1): (4849, 1)
verwirr (DF: 2): (3570, 1), (8651, 1)
verwirrt (DF: 1): (3984, 1)
verwundert (DF: 1): (5577, 1)
very (DF: 1): (910, 2)
verzeih (DF: 1): (3849, 1)
verzweifl (DF: 1): (5053, 1)
verá (DF: 4): (2210, 2), (6947, 2), (7583, 1), (8909, 4)
verão (DF: 14): (60, 1), (1278, 1), (1659, 1), (2308, 1), (2539, 1), (3955, 1), (5118, 1), (8858, 1), (8946, 1), (9045, 1), (9120, 1), (9391, 1), (9525, 1), (9981, 1)
ves (DF: 60): (53, 1), (364, 70), (439, 1), (539, 2), (725, 1), (934, 4), (1241, 1), (1254, 1), (1395, 4), (1453, 3), (1501, 1), (1582, 1), (1953, 1), (2021, 2), (2275, 1), (2461, 1), (2564, 3), (3290, 8), (3434, 3), (3569, 1), (3614, 1), (3851, 1), (3876, 1), (3903, 1), (4049, 1), (4186, 2), (4209, 1), (4210, 1), (4352, 2), (4382, 1), (4507, 2), (4540, 1), (4591, 1), (4633, 4), (4729, 3), (4799, 10), (4804, 2), (4846, 1), (4852, 1), (5306, 2), (5381, 2), (5716, 1), (5745, 2), (5894, 1), (6659, 1), (6705, 1), (6917, 1), (6928, 2), (7031, 1), (7426, 1), (7586, 4), (7604, 2), (7676, 1), (8805, 3), (8919, 4), (9074, 15), (9384, 1), (9534, 1), (9919, 1), (9963, 2)
vesh (DF: 1): (681, 3)
vesicl (DF: 1): (6085, 2)
vesper (DF: 1): (3383, 1)
vessel (DF: 8): (522, 1), (1599, 1), (2151, 1), (3439, 1), (6608, 1), (6833, 1), (7569, 1), (8245, 1)
vest (DF: 31): (12, 2), (63, 1), (117, 1), (369, 1), (651, 1), (813, 3), (996, 1), (1124, 1), (1196, 1), (1249, 1), (1253, 1), (1704, 2), (2026, 1), (2059, 4), (3161, 1), (3581, 1), (3924, 1), (3972, 1), (3981, 1), (3999, 6), (4219, 1), (4226, 1), (4258, 3), (4587, 1), (4603, 1), (4666, 1), (4907, 1), (5035, 3), (5156, 1), (5506, 2), (5513, 1)
