multimillionair (DF: 1): (3310, 1)
multimillionar (DF: 2): (5691, 1), (6620, 1)
multimillo (DF: 1): (5569, 4)
multimillonari (DF: 1): (4916, 1)
multipl (DF: 7): (291, 2), (823, 1), (1477, 1), (1829, 1), (3875, 1), (4752, 1), (5943, 1)
multipli (DF: 12): (136, 1), (523, 1), (2677, 1), (2978, 1), (3879, 1), (4262, 1), (4411, 1), (5645, 2), (6558, 2), (7192, 1), (9116, 2), (9272, 1)
multiplicam (DF: 1): (1259, 1)
multiplicar (DF: 1): (4016, 1)
multipliqu (DF: 2): (982, 2), (5363, 1)
multiplyin (DF: 1): (6558, 1)
multitud (DF: 2): (6450, 1), (8255, 1)
multivitamin (DF: 1): (8260, 1)
mum (DF: 23): (928, 1), (1021, 1), (1186, 6), (1230, 45), (1784, 1), (1865, 3), (2101, 90), (2328, 1), (3129, 1), (4103, 45), (5210, 1), (5280, 1), (5370, 1), (5720, 1), (5725, 1), (5751, 1), (6552, 2), (6615, 1), (7194, 2), (7758, 1), (8207, 2), (8999, 2), (9773, 1)
mumbl (DF: 9): (2084, 4), (2757, 1), (2778, 1), (3521, 2), (3594, 1), (3769, 1), (4905, 1), (5996, 1), (8830, 3)
mumblin (DF: 1): (8570, 1)
mumbo (DF: 1): (8755, 1)
mumford (DF: 2): (4486, 1), (4499, 1)
mumia (DF: 2): (1429, 1), (4522, 1)
mummi (DF: 6): (1913, 1), (4739, 1), (7142, 1), (8234, 1), (8510, 1), (8980, 1)
mummifi (DF: 1): (140, 2)
mump (DF: 2): (7439, 2), (9080, 2)
muna (DF: 1): (929, 1)
munch (DF: 1): (2083, 1)
munchi (DF: 4): (4527, 1), (7323, 1), (8965, 1), (9575, 1)
mund (DF: 160): (14, 1), (252, 1), (312, 1), (353, 1), (354, 2), (355, 1), (371, 1), (417, 1), (489, 1), (539, 8), (667, 2), (728, 1), (813, 3), (836, 2), (897, 2), (910, 1), (918, 1), (934, 1), (1013, 1), (1061, 1), (1098, 2), (1159, 3), (1254, 1), (1264, 1), (1309, 3), (1395, 1), (1422, 2), (1443, 1), (1453, 3), (1476, 4), (1519, 4), (1524, 4), (1677, 2), (1686, 1), (1687, 1), (1752, 1), (1758, 1), (1778, 2), (1803, 2), (1845, 1), (1878, 1), (1978, 3), (2021, 1), (2027, 2), (2090, 1), (2092, 5), (2114, 2), (2127, 4), (2180, 1), (2342, 2), (2369, 12), (2383, 3), (2429, 3), (2473, 1), (2637, 2), (2785, 6), (2967, 2), (3070, 2), (3219, 8), (3269, 2), (3340, 2), (3418, 2), (3609, 1), (3723, 1), (3875, 3), (3881, 1), (3891, 1), (3903, 2), (3920, 1), (3984, 1), (4152, 3), (4186, 2), (4193, 2), (4195, 2), (4257, 15), (4258, 1), (4288, 3), (4295, 1), (4416, 3), (4419, 2), (4421, 2), (4423, 7), (4448, 1), (4560, 1), (4908, 16), (4985, 1), (5198, 1), (5373, 3), (5376, 1), (5547, 2), (5588, 1), (5659, 1), (5735, 1), (5754, 1), (5770, 3), (5796, 1), (5830, 1), (5883, 2), (5945, 1), (6131, 2), (6160, 3), (6248, 1), (6336, 1), (6339, 1), (6422, 1), (6432, 2), (6645, 2), (6681, 2), (6932, 2), (7031, 2), (7274, 6), (7284, 1), (7412, 7), (7426, 1), (7546, 1), (7646, 5), (7742, 2), (7780, 1), (7843, 4), (7904, 8), (7956, 2), (7982, 1), (8112, 1), (8116, 2), (8128, 4), (8143, 1), (8255, 1), (8278, 3), (8510, 3), (8526, 1), (8542, 1), (8719, 14), (8758, 2), (8763, 6), (8792, 1), (8817, 1), (8820, 1), (8866, 2), (9018, 1), (9034, 1), (9060, 3), (9138, 3), (9179, 1), (9196, 1), (9225, 2), (9248, 1), (9285, 1), (9342, 2), (9457, 3), (9519, 3), (9532, 3), (9534, 1), (9558, 6), (9568, 2), (9719, 1), (9792, 1), (9819, 2), (9872, 1), (9882, 4), (9903, 2)
munda (DF: 3): (5535, 1), (8534, 9), (9519, 1)
mundan (DF: 1): (8360, 4)
mundeya (DF: 2): (4421, 6), (8534, 2)
mundeyan (DF: 1): (9519, 2)
mundial (DF: 11): (399, 2), (897, 1), (1519, 2), (1778, 1), (2027, 1), (2342, 1), (5754, 1), (6289, 1), (6432, 1), (9252, 1), (9609, 2)
mundo (DF: 29): (213, 1), (299, 2), (1072, 1), (1659, 6), (2651, 2), (2735, 1), (3305, 8), (3364, 3), (3467, 1), (3692, 1), (3838, 1), (3955, 6), (4357, 1), (4563, 1), (4657, 5), (5859, 2), (6224, 4), (6270, 2), (6804, 2), (7563, 2), (7583, 4), (8132, 1), (8335, 1), (8590, 4), (9120, 2), (9279, 4), (9525, 3), (9528, 1), (9860, 1)
mundoy (DF: 1): (9528, 1)
mundão (DF: 1): (6270, 4)
mundësi (DF: 2): (6126, 1), (9049, 2)
mune (DF: 1): (1102, 1)
munh (DF: 1): (9519, 1)
muni (DF: 1): (5932, 1)
munich (DF: 1): (6386, 1)
municion (DF: 2): (4445, 1), (5826, 1)
munn (DF: 1): (3471, 1)
munni (DF: 1): (2050, 12)
munsta (DF: 1): (5632, 2)
munt (DF: 1): (8001, 2)
muntikang (DF: 1): (4563, 1)
muoi (DF: 1): (4992, 1)
muor (DF: 1): (4992, 1)
muov (DF: 6): (1010, 6), (2518, 1), (3491, 1), (6341, 1), (7466, 4), (9664, 1)
muqabla (DF: 1): (5101, 2)
mur (DF: 41): (84, 1), (87, 1), (353, 1), (417, 1), (480, 1), (935, 1), (1300, 1), (1563, 2), (1939, 1), (1974, 1), (2488, 1), (2662, 2), (2814, 1), (3071, 2), (4081, 1), (4180, 3), (4347, 1), (4507, 1), (4533, 10), (5224, 1), (5358, 1), (5655, 1), (5663, 27), (6339, 1), (7309, 8), (7646, 2), (7760, 6), (7837, 1), (7925, 1), (7953, 2), (8039, 1), (8198, 1), (8218, 1), (8353, 1), (8448, 1), (8466, 1), (8546, 1), (8919, 10), (8997, 1), (9162, 1), (9974, 1)
mura (DF: 4): (1836, 1), (6083, 1), (8712, 1), (9634, 1)
murakami (DF: 2): (4124, 1), (5797, 6)
mural (DF: 2): (1757, 1), (3802, 1)
murall (DF: 1): (355, 1)
murcielag (DF: 1): (7412, 1)
murd (DF: 2): (5459, 1), (6889, 2)
murda (DF: 17): (2147, 2), (2223, 1), (2377, 13), (2964, 1), (4680, 1), (5056, 3), (5251, 1), (5401, 1), (5445, 3), (6462, 3), (7220, 2), (7276, 1), (7691, 4), (8519, 1), (8593, 19), (8795, 1), (9135, 1)
murdah (DF: 1): (5140, 8)
murdddda (DF: 1): (4897, 1)
murder (DF: 141): (54, 1), (90, 13), (200, 6), (270, 2), (558, 1), (691, 1), (775, 4), (925, 1), (980, 1), (993, 2), (1164, 1), (1272, 2), (1328, 1), (1343, 1), (1344, 1), (1561, 1), (1594, 1), (1613, 1), (1690, 4), (1710, 1), (1807, 1), (1874, 11), (1902, 5), (1977, 1), (2048, 1), (2147, 2), (2256, 1), (2286, 1), (2377, 1), (2378, 1), (2594, 1), (2746, 1), (2836, 3), (2840, 1), (3010, 1), (3050, 6), (3161, 1), (3180, 2), (3186, 1), (3483, 2), (3515, 1), (3538, 1), (3589, 2), (3594, 1), (3680, 1), (3726, 1), (3781, 1), (3821, 1), (4059, 1), (4127, 1), (4128, 1), (4151, 3), (4175, 1), (4303, 1), (4383, 1), (4407, 1), (4533, 12), (4541, 14), (4611, 1), (4629, 2), (4643, 1), (4645, 1), (4681, 1), (4684, 30), (4866, 1), (4880, 1), (4897, 2), (4898, 1), (4971, 1), (5014, 1), (5024, 2), (5075, 2), (5098, 1), (5225, 1), (5304, 2), (5451, 1), (5478, 1), (5610, 1), (5758, 1), (5857, 2), (5862, 1), (5865, 1), (5907, 2), (5941, 1), (5974, 1), (6086, 1), (6112, 1), (6144, 5), (6258, 1), (6265, 1), (6266, 5), (6392, 1), (6407, 27), (6543, 1), (6575, 6), (6582, 1), (6767, 8), (6800, 1), (6828, 1), (6853, 5), (7098, 1), (7130, 1), (7134, 1), (7136, 2), (7182, 1), (7226, 2), (7227, 2), (7237, 3), (7276, 1), (7286, 1), (7593, 1), (7685, 2), (7690, 1), (7691, 1), (7696, 1), (7789, 2), (7829, 1), (7892, 1), (7898, 1), (7943, 1), (8009, 1), (8107, 1), (8214, 1), (8237, 12), (8238, 1), (8375, 1), (8455, 1), (8493, 1), (8538, 1), (8572, 1), (8577, 1), (8816, 2), (9061, 1), (9073, 1), (9102, 2), (9210, 1), (9331, 1), (9408, 21), (9442, 8), (9724, 3), (9816, 1)
murderin (DF: 2): (993, 2), (1060, 1)
murdock (DF: 2): (3775, 1), (8050, 2)
murh (DF: 1): (8510, 1)
murici (DF: 1): (9087, 1)
murion (DF: 2): (8066, 1), (9204, 1)
murk (DF: 8): (2377, 1), (4814, 1), (5273, 1), (7105, 1), (7136, 1), (7159, 2), (8063, 1), (9944, 1)
murkin (DF: 1): (1060, 3)
murley (DF: 1): (3745, 1)
murmull (DF: 2): (3358, 1), (3609, 2)
murmur (DF: 4): (1936, 1), (2285, 1), (3565, 1), (7605, 4)
murphi (DF: 2): (1674, 1), (3195, 1)
mus (DF: 5): (1008, 2), (1213, 4), (3316, 1), (4908, 2), (7766, 1)
musa (DF: 1): (4827, 1)
musaboru (DF: 1): (1102, 1)
musart (DF: 1): (8882, 3)
muschi (DF: 1): (7278, 1)
muscl (DF: 25): (223, 2), (282, 2), (337, 1), (702, 1), (740, 6), (1436, 4), (1873, 1), (2186, 4), (2300, 1), (2314, 11), (2399, 1), (3059, 1), (3991, 1), (4165, 1), (5200, 1), (5426, 2), (5516, 1), (6124, 1), (7443, 1), (7462, 1), (7770, 1), (7785, 1), (8441, 8), (8555, 1), (9704, 1)
musclebound (DF: 1): (924, 1)
muse (DF: 35): (521, 2), (620, 1), (1015, 2), (2163, 2), (2418, 2), (2838, 1), (2900, 2), (3026, 2), (3324, 1), (3794, 3), (4283, 2), (4549, 1), (4691, 3), (4775, 1), (4776, 1), (4885, 1), (5375, 1), (5383, 2), (5534, 1), (5763, 2), (5983, 1), (6383, 2), (6575, 1), (7162, 2), (7371, 1), (7437, 1), (7846, 1), (7886, 1), (8348, 2), (8665, 1), (8835, 1), (8936, 2), (8967, 5), (9456, 2), (9753, 1)
museum (DF: 3): (3181, 2), (4171, 3), (5405, 1)
musgrav (DF: 1): (7811, 1)
mush (DF: 1): (4635, 2)
musha (DF: 1): (4111, 4)
mushi (DF: 2): (966, 1), (7758, 2)
mushkilon (DF: 1): (149, 1)
mushroom (DF: 4): (1490, 1), (3223, 1), (8943, 1), (9267, 1)
music (DF: 841): (9, 1), (22, 4), (39, 2), (40, 1), (44, 1), (46, 1), (74, 4), (107, 2), (115, 2), (121, 1), (135, 1), (136, 1), (144, 1), (154, 2), (162, 1), (168, 1), (178, 1), (183, 1), (186, 1), (220, 1), (236, 3), (252, 1), (259, 1), (270, 1), (279, 1), (282, 2), (286, 1), (287, 2), (310, 1), (330, 1), (334, 1), (364, 4), (365, 1), (371, 2), (393, 1), (412, 2), (417, 2), (429, 1), (451, 1), (461, 1), (473, 1), (479, 6), (490, 1), (503, 1), (514, 105), (542, 1), (559, 1), (561, 1), (567, 6), (574, 1), (581, 1), (582, 1), (602, 1), (612, 1), (630, 36), (651, 1), (671, 1), (680, 2), (704, 1), (719, 1), (723, 1), (724, 1), (726, 1), (729, 1), (747, 2), (750, 2), (762, 1), (774, 1), (813, 1), (823, 1), (825, 1), (826, 6), (838, 4), (875, 3), (883, 3), (886, 1), (889, 1), (897, 4), (916, 1), (979, 6), (986, 1), (1000, 1), (1008, 6), (1010, 1), (1012, 1), (1028, 1), (1032, 2), (1038, 1), (1050, 1), (1061, 1), (1089, 1), (1110, 1), (1141, 4), (1145, 2), (1168, 2), (1181, 1), (1200, 1), (1219, 1), (1220, 2), (1221, 2), (1225, 1), (1235, 1), (1237, 1), (1284, 1), (1285, 5), (1288, 14), (1300, 1), (1303, 1), (1309, 3), (1317, 1), (1326, 1), (1333, 1), (1355, 1), (1394, 1), (1410, 4), (1425, 1), (1436, 1), (1440, 2), (1441, 1), (1443, 2), (1478, 1), (1480, 1), (1482, 1), (1499, 1), (1509, 1), (1532, 1), (1552, 4), (1561, 1), (1565, 9), (1571, 1), (1590, 1), (1596, 1), (1625, 1), (1626, 2), (1631, 3), (1643, 1), (1668, 2), (1675, 1), (1677, 2), (1682, 1), (1683, 1), (1697, 2), (1703, 1), (1720, 1), (1721, 1), (1755, 2), (1757, 1), (1778, 5), (1782, 4), (1783, 2), (1791, 1), (1793, 1), (1800, 1), (1803, 2), (1818, 2), (1820, 1), (1848, 1), (1858, 21), (1891, 1), (1921, 1), (1953, 1), (1990, 1), (1991, 1), (1995, 2), (2026, 1), (2027, 4), (2048, 1), (2059, 1), (2083, 1), (2105, 2), (2110, 3), (2114, 1), (2118, 9), (2120, 1), (2127, 1), (2158, 1), (2160, 1), (2161, 2), (2168, 2), (2177, 1), (2179, 3), (2183, 1), (2204, 1), (2213, 1), (2214, 1), (2218, 4), (2236, 2), (2239, 1), (2245, 1), (2246, 1), (2254, 1), (2263, 2), (2272, 3), (2296, 1), (2309, 1), (2316, 1), (2336, 2), (2342, 4), (2370, 5), (2375, 2), (2406, 1), (2438, 9), (2440, 1), (2457, 1), (2461, 1), (2472, 2), (2493, 1), (2498, 1), (2511, 4), (2518, 1), (2524, 3), (2536, 1), (2538, 1), (2541, 2), (2549, 1), (2563, 2), (2565, 1), (2571, 1), (2578, 5), (2601, 1), (2604, 1), (2618, 1), (2657, 1), (2659, 2), (2678, 1), (2689, 2), (2698, 1), (2705, 3), (2710, 1), (2743, 2), (2789, 1), (2814, 2), (2821, 1), (2825, 1), (2838, 1), (2843, 1), (2847, 1), (2868, 8), (2898, 5), (2916, 1), (2926, 1), (2941, 2), (2978, 7), (2982, 1), (2983, 1), (3006, 2), (3059, 1), (3090, 1), (3093, 17), (3136, 2), (3138, 2), (3164, 12), (3171, 1), (3189, 1), (3205, 1), (3209, 1), (3210, 1), (3217, 1), (3221, 1), (3230, 1), (3252, 2), (3254, 1), (3289, 1), (3290, 1), (3295, 2), (3308, 2), (3310, 2), (3316, 1), (3342, 1), (3361, 1), (3362, 1), (3375, 1), (3376, 1), (3386, 5), (3396, 2), (3403, 4), (3432, 5), (3445, 1), (3449, 1), (3456, 2), (3458, 1), (3459, 1), (3491, 1), (3503, 1), (3506, 1), (3507, 1), (3512, 1), (3541, 1), (3547, 1), (3549, 1), (3555, 6), (3594, 1), (3597, 1), (3628, 2), (3639, 1), (3663, 14), (3664, 1), (3666, 1), (3675, 1), (3680, 1), (3683, 2), (3685, 1), (3716, 1), (3717, 1), (3722, 3), (3723, 1), (3735, 1), (3736, 1), (3745, 1), (3773, 2), (3775, 1), (3800, 1), (3810, 1), (3813, 1), (3816, 3), (3835, 2), (3852, 4), (3859, 1), (3865, 1), (3878, 3), (3880, 3), (3881, 1), (3897, 1), (3915, 1), (3916, 1), (3925, 1), (3954, 1), (3972, 1), (3975, 1), (3981, 1), (3996, 1), (4008, 2), (4017, 2), (4018, 1), (4030, 1), (4033, 1), (4058, 2), (4059, 1), (4061, 10), (4063, 1), (4068, 1), (4081, 3), (4086, 3), (4090, 1), (4101, 1), (4102, 11), (4107, 1), (4109, 2), (4127, 4), (4132, 1), (4143, 1), (4150, 1), (4162, 1), (4193, 2), (4227, 2), (4246, 1), (4276, 5), (4289, 1), (4291, 1), (4294, 3), (4300, 12), (4305, 1), (4355, 1), (4360, 6), (4368, 1), (4419, 3), (4427, 2), (4434, 3), (4442, 1), (4458, 1), (4462, 1), (4463, 2), (4468, 1), (4490, 1), (4497, 1), (4505, 1), (4515, 1), (4517, 1), (4563, 1), (4567, 15), (4569, 1), (4594, 12), (4620, 2), (4625, 1), (4638, 11), (4664, 1), (4668, 1), (4690, 2), (4691, 1), (4704, 2), (4708, 2), (4741, 1), (4747, 1), (4763, 7), (4764, 1), (4781, 1), (4788, 2), (4797, 1), (4831, 1), (4846, 1), (4854, 1), (4864, 1), (4873, 1), (4880, 1), (4890, 1), (4899, 1), (4908, 2), (4916, 5), (4934, 1), (4969, 1), (5013, 2), (5017, 1), (5020, 1), (5031, 1), (5062, 1), (5074, 1), (5081, 1), (5091, 1), (5096, 1), (5118, 1), (5134, 1), (5158, 1), (5166, 1), (5184, 1), (5187, 1), (5194, 1), (5225, 2), (5264, 1), (5316, 1), (5321, 1), (5337, 1), (5341, 1), (5342, 1), (5345, 1), (5351, 1), (5370, 1), (5388, 1), (5392, 3), (5399, 1), (5402, 3), (5413, 2), (5437, 1), (5439, 1), (5446, 1), (5458, 1), (5481, 2), (5490, 1), (5494, 2), (5495, 1), (5508, 1), (5512, 3), (5520, 1), (5533, 1), (5542, 2), (5545, 15), (5547, 1), (5550, 2), (5556, 1), (5565, 1), (5578, 2), (5588, 1), (5600, 1), (5613, 1), (5629, 2), (5634, 1), (5644, 3), (5651, 1), (5661, 1), (5667, 2), (5692, 1), (5704, 1), (5706, 1), (5709, 1), (5715, 1), (5732, 1), (5770, 1), (5774, 1), (5778, 2), (5785, 1), (5797, 1), (5814, 2), (5821, 2), (5825, 1), (5848, 2), (5854, 4), (5862, 1), (5891, 1), (5922, 1), (5936, 1), (5943, 1), (5951, 2), (5961, 5), (5983, 1), (6000, 2), (6032, 1), (6035, 3), (6036, 1), (6042, 1), (6052, 1), (6114, 1), (6116, 2), (6131, 1), (6132, 9), (6144, 2), (6147, 1), (6207, 2), (6213, 1), (6229, 4), (6243, 2), (6250, 2), (6257, 1), (6259, 1), (6272, 1), (6283, 1), (6288, 1), (6296, 6), (6333, 1), (6346, 3), (6351, 1), (6362, 1), (6365, 1), (6368, 1), (6374, 10), (6393, 1), (6395, 1), (6418, 1), (6432, 4), (6449, 1), (6450, 1), (6451, 1), (6452, 1), (6467, 3), (6504, 1), (6508, 1), (6514, 1), (6515, 1), (6519, 1), (6521, 1), (6527, 1), (6529, 1), (6534, 1), (6535, 3), (6561, 1), (6564, 8), (6572, 1), (6582, 1), (6594, 4), (6604, 2), (6626, 1), (6630, 2), (6636, 1), (6646, 6), (6650, 1), (6652, 3), (6662, 2), (6681, 1), (6682, 1), (6684, 2), (6691, 1), (6692, 1), (6721, 1), (6732, 1), (6735, 1), (6738, 1), (6742, 1), (6746, 1), (6749, 2), (6767, 2), (6800, 1), (6808, 1), (6846, 1), (6852, 2), (6871, 2), (6874, 1), (6883, 1), (6890, 1), (6897, 1), (6903, 1), (6928, 1), (6973, 1), (7002, 2), (7007, 1), (7016, 1), (7025, 1), (7031, 1), (7042, 1), (7051, 1), (7074, 1), (7079, 1), (7104, 4), (7155, 1), (7156, 1), (7161, 1), (7170, 4), (7194, 1), (7214, 1), (7227, 1), (7251, 2), (7260, 1), (7281, 1), (7304, 11), (7309, 2), (7311, 2), (7333, 8), (7339, 1), (7341, 1), (7367, 4), (7370, 1), (7414, 1), (7415, 1), (7441, 1), (7443, 1), (7447, 10), (7452, 1), (7478, 2), (7495, 1), (7508, 1), (7526, 1), (7550, 25), (7559, 2), (7561, 3), (7565, 1), (7574, 1), (7578, 1), (7580, 1), (7583, 1), (7595, 1), (7627, 8), (7638, 1), (7641, 1), (7646, 3), (7683, 1), (7684, 1), (7745, 2), (7747, 3), (7750, 1), (7763, 1), (7766, 1), (7775, 2), (7785, 1), (7823, 1), (7837, 1), (7843, 1), (7850, 3), (7868, 1), (7883, 7), (7903, 1), (7910, 1), (7946, 1), (7952, 1), (7953, 1), (7961, 1), (7970, 1), (7977, 1), (7998, 1), (7999, 1), (8003, 1), (8016, 4), (8054, 1), (8057, 1), (8063, 1), (8071, 1), (8091, 1), (8110, 1), (8122, 1), (8130, 1), (8132, 3), (8156, 1), (8161, 1), (8172, 1), (8175, 3), (8196, 1), (8199, 3), (8208, 1), (8243, 6), (8248, 1), (8249, 1), (8259, 1), (8269, 1), (8273, 1), (8276, 2), (8289, 2), (8299, 5), (8308, 1), (8315, 1), (8327, 1), (8330, 2), (8343, 2), (8353, 1), (8356, 1), (8359, 2), (8367, 1), (8369, 2), (8373, 1), (8403, 1), (8406, 4), (8431, 1), (8432, 1), (8439, 1), (8444, 1), (8447, 1), (8457, 1), (8460, 1), (8466, 3), (8473, 1), (8478, 2), (8484, 2), (8492, 1), (8497, 1), (8519, 1), (8538, 1), (8539, 1), (8541, 1), (8547, 1), (8548, 2), (8553, 1), (8554, 2), (8563, 22), (8603, 1), (8630, 1), (8632, 1), (8634, 3), (8635, 2), (8645, 1), (8671, 1), (8687, 2), (8693, 1), (8719, 2), (8723, 2), (8736, 1), (8743, 1), (8749, 2), (8785, 1), (8793, 2), (8807, 1), (8819, 1), (8820, 3), (8840, 2), (8843, 1), (8850, 1), (8859, 2), (8866, 1), (8882, 6), (8913, 1), (8923, 1), (8929, 1), (8936, 1), (8937, 2), (8960, 1), (8975, 1), (8987, 1), (9012, 1), (9013, 1), (9020, 1), (9089, 1), (9122, 1), (9125, 1), (9174, 1), (9185, 1), (9196, 11), (9198, 1), (9203, 1), (9212, 2), (9213, 1), (9218, 1), (9222, 1), (9225, 2), (9230, 1), (9242, 1), (9248, 2), (9252, 1), (9256, 1), (9262, 1), (9275, 1), (9278, 1), (9304, 1), (9315, 1), (9322, 1), (9336, 1), (9359, 2), (9376, 2), (9393, 1), (9394, 4), (9398, 1), (9403, 1), (9412, 2), (9420, 2), (9428, 1), (9435, 1), (9444, 2), (9468, 10), (9484, 1), (9504, 1), (9513, 1), (9519, 1), (9544, 1), (9547, 1), (9549, 1), (9552, 2), (9558, 3), (9559, 2), (9596, 6), (9597, 1), (9608, 1), (9615, 2), (9630, 2), (9643, 2), (9644, 1), (9659, 1), (9664, 1), (9669, 2), (9671, 1), (9700, 1), (9729, 3), (9730, 1), (9738, 1), (9773, 1), (9782, 2), (9784, 1), (9792, 2), (9818, 1), (9819, 2), (9821, 1), (9833, 1), (9841, 1), (9845, 1), (9864, 1), (9868, 7), (9875, 1), (9883, 1), (9889, 1), (9894, 1), (9906, 1), (9909, 16), (9912, 7), (9939, 3), (9953, 1), (9960, 32), (9972, 1), (9991, 1), (9996, 1)
music2018 (DF: 14): (247, 1), (1207, 1), (2189, 1), (2302, 1), (3684, 1), (4056, 1), (4795, 1), (5005, 1), (6489, 1), (6744, 1), (7322, 1), (7385, 1), (7588, 1), (7738, 1)
