trag (DF: 44): (4434, 1), (4633, 2), (4666, 2), (4702, 1), (4799, 1), (4961, 6), (5017, 1), (5174, 2), (5214, 8), (5352, 1), (5429, 1), (5559, 1), (5621, 1), (5691, 1), (5754, 3), (5906, 2), (6057, 4), (6160, 1), (6238, 1), (6249, 1), (6620, 1), (6748, 1), (7016, 2), (7019, 3), (7068, 1), (7508, 1), (7521, 3), (7676, 1), (7749, 2), (7851, 1), (8019, 2), (8091, 1), (8098, 5), (8131, 1), (8415, 28), (8478, 10), (8518, 1), (9039, 3), (9225, 3), (9444, 4), (9534, 1), (9939, 1), (9960, 6), (9974, 1)
traga (DF: 1): (4167, 2)
tragazon (DF: 1): (8187, 1)
tragedi (DF: 14): (2015, 8), (2684, 4), (3940, 1), (5275, 4), (5451, 1), (5624, 2), (7985, 1), (8105, 1), (8214, 1), (8500, 1), (8554, 1), (8577, 1), (8953, 16), (9585, 1)
tragic (DF: 21): (1147, 1), (1700, 1), (1781, 1), (1934, 1), (2851, 1), (3019, 1), (3293, 3), (3356, 1), (3938, 2), (4648, 1), (5151, 1), (5417, 1), (5761, 1), (6096, 1), (7440, 2), (8325, 1), (8668, 8), (8774, 1), (9036, 1), (9547, 2), (9694, 2)
tragiqu (DF: 1): (4197, 1)
tragitt (DF: 1): (63, 1)
trago (DF: 1): (7342, 3)
tragt (DF: 4): (1176, 1), (1758, 2), (5493, 1), (6748, 1)
traguit (DF: 5): (1653, 2), (3290, 1), (4186, 6), (4799, 1), (9534, 3)
trah (DF: 1): (9757, 1)
traicion (DF: 16): (333, 2), (762, 1), (972, 1), (1255, 1), (3418, 2), (3495, 4), (3981, 4), (4236, 2), (5246, 3), (6120, 4), (7646, 1), (7863, 1), (8569, 1), (8785, 1), (8815, 2), (9410, 2)
traicioner (DF: 3): (667, 1), (3418, 10), (9415, 1)
traidor (DF: 1): (1159, 1)
traig (DF: 33): (53, 2), (178, 2), (836, 4), (858, 1), (1079, 1), (1141, 5), (1524, 3), (1582, 1), (2043, 2), (2108, 1), (2306, 3), (2529, 2), (3080, 1), (3495, 4), (3590, 6), (3603, 3), (3623, 1), (4032, 1), (4434, 1), (4469, 2), (4560, 1), (4671, 6), (6120, 4), (6160, 1), (6248, 1), (6450, 1), (6466, 4), (8187, 1), (9179, 1), (9412, 1), (9575, 1), (9697, 3), (9819, 10)
traiga (DF: 2): (6323, 1), (7350, 1)
traigan (DF: 1): (299, 3)
traiganm (DF: 2): (4143, 1), (8187, 1)
trail (DF: 25): (68, 1), (197, 1), (420, 3), (501, 1), (575, 1), (1330, 1), (1579, 1), (1722, 1), (3045, 1), (3811, 1), (4032, 1), (4533, 1), (4898, 1), (5190, 1), (5604, 1), (5907, 1), (6230, 1), (6729, 2), (7639, 5), (7770, 1), (7911, 1), (8536, 1), (9032, 1), (9704, 1), (9993, 1)
trailer (DF: 8): (675, 2), (1032, 1), (1223, 4), (2220, 1), (2797, 2), (3626, 1), (3930, 1), (6475, 1)
trailin (DF: 2): (3251, 1), (5079, 1)
train (DF: 170): (176, 3), (209, 1), (223, 1), (248, 1), (263, 1), (365, 1), (381, 1), (532, 2), (660, 1), (749, 1), (857, 1), (1064, 6), (1108, 1), (1169, 1), (1186, 4), (1226, 1), (1350, 3), (1353, 8), (1374, 2), (1468, 1), (1482, 1), (1555, 1), (1562, 2), (1574, 1), (1697, 8), (1699, 1), (1725, 4), (1741, 1), (1815, 1), (1867, 1), (1872, 1), (1956, 1), (2167, 1), (2252, 2), (2398, 1), (2425, 1), (2466, 1), (2568, 1), (2572, 6), (2664, 1), (2679, 1), (2768, 2), (2841, 1), (2845, 1), (2890, 1), (2933, 4), (2937, 1), (3164, 1), (3184, 1), (3312, 1), (3320, 3), (3524, 1), (3538, 1), (3578, 2), (3589, 1), (3593, 1), (3661, 1), (3694, 1), (3818, 1), (3831, 4), (3873, 3), (3910, 2), (4048, 3), (4098, 2), (4127, 1), (4148, 1), (4183, 1), (4222, 2), (4264, 1), (4429, 1), (4441, 1), (4490, 1), (4505, 1), (4536, 1), (4561, 1), (4593, 2), (4664, 1), (4699, 1), (4751, 1), (4779, 4), (4895, 1), (5032, 1), (5076, 1), (5189, 1), (5227, 13), (5299, 1), (5412, 3), (5432, 1), (5523, 1), (5535, 1), (5634, 2), (5637, 4), (5697, 1), (5705, 1), (5706, 1), (5774, 1), (5914, 2), (5948, 2), (5972, 5), (5974, 1), (5992, 1), (6043, 1), (6130, 7), (6146, 1), (6157, 1), (6215, 3), (6273, 23), (6322, 1), (6374, 1), (6378, 2), (6425, 1), (6431, 1), (6464, 1), (6595, 3), (6613, 1), (6759, 3), (6795, 1), (6857, 2), (6864, 2), (6919, 1), (6937, 1), (6959, 1), (6963, 7), (7006, 1), (7067, 1), (7517, 3), (7634, 1), (7678, 6), (7704, 1), (7707, 1), (7708, 2), (7788, 1), (7840, 1), (7884, 2), (7969, 1), (8005, 6), (8269, 1), (8307, 1), (8433, 2), (8445, 1), (8493, 1), (8520, 2), (8583, 4), (8773, 1), (8888, 1), (8896, 6), (8947, 17), (8952, 1), (9205, 1), (9260, 2), (9356, 1), (9395, 1), (9398, 2), (9476, 1), (9481, 1), (9591, 1), (9669, 1), (9751, 1), (9770, 2), (9870, 1), (9926, 6), (9957, 1), (4232, 4), (4234, 2), (4756, 1), (4758, 1), (8524, 2), (8525, 2), (8648, 1), (8650, 1)
trainer (DF: 3): (47, 2), (4282, 2), (5032, 1)
traini (DF: 2): (198, 1), (4989, 1)
trainin (DF: 1): (939, 1)
trainingsjack (DF: 1): (3480, 1)
trainingspak (DF: 1): (4849, 1)
trainor (DF: 2): (1208, 1), (5094, 1)
