mali (DF: 5): (3269, 1), (5932, 3), (6835, 1), (7071, 1), (8509, 1)
maliah (DF: 1): (6936, 1)
maliant (DF: 1): (7239, 2)
maliante (DF: 2): (2351, 2), (6851, 2)
malibu (DF: 27): (9, 1), (1041, 1), (1354, 1), (1361, 1), (1950, 1), (2199, 1), (2503, 2), (3244, 1), (3486, 1), (3634, 1), (4360, 1), (4401, 7), (4724, 1), (4736, 56), (4905, 1), (4960, 1), (5033, 3), (5492, 3), (5685, 14), (6210, 8), (6535, 2), (6704, 1), (6749, 1), (7576, 2), (7672, 1), (7771, 1), (7917, 1)
malibus (DF: 1): (802, 1)
malic (DF: 4): (2666, 1), (4918, 1), (6693, 6), (8347, 1)
malici (DF: 3): (7380, 2), (9246, 1), (9887, 1)
malign (DF: 2): (3707, 2), (6931, 1)
malik (DF: 8): (1076, 1), (1825, 1), (4197, 1), (4761, 1), (6441, 1), (7071, 1), (7189, 1), (8509, 3)
malilimutan (DF: 1): (4657, 2)
malin (DF: 1): (7607, 3)
malina (DF: 1): (1825, 2)
malincon (DF: 1): (4873, 1)
malito (DF: 2): (1649, 1), (2735, 2)
mall (DF: 66): (92, 1), (197, 7), (486, 2), (660, 1), (808, 20), (1016, 1), (1045, 1), (1556, 1), (1799, 1), (1912, 6), (2001, 1), (2004, 1), (2032, 1), (2230, 1), (2353, 1), (2591, 2), (2927, 1), (2991, 1), (3021, 1), (4165, 1), (4262, 1), (4603, 1), (4733, 1), (4833, 1), (4995, 1), (5076, 1), (5190, 1), (5518, 1), (5570, 2), (5797, 12), (6006, 1), (6225, 2), (6243, 1), (6322, 1), (6338, 1), (6342, 1), (6436, 3), (6490, 1), (6508, 2), (6629, 1), (6728, 1), (6833, 1), (6999, 1), (7163, 1), (7756, 1), (7768, 1), (7787, 1), (7991, 2), (8141, 1), (8498, 1), (8536, 6), (8571, 1), (8687, 1), (8725, 12), (8745, 1), (8825, 1), (8951, 4), (9016, 1), (9063, 1), (9116, 2), (9119, 7), (9627, 1), (9740, 3), (9823, 1), (9826, 1), (9879, 4)
malla (DF: 1): (3800, 1)
mallaury (DF: 1): (598, 1)
malli (DF: 3): (6006, 2), (6999, 1), (9823, 1)
mallorca (DF: 1): (2192, 1)
mallori (DF: 2): (4098, 1), (5657, 1)
malo (DF: 7): (430, 1), (1457, 3), (4136, 4), (4849, 1), (8775, 1), (9154, 1), (9368, 2)
malon (DF: 21): (675, 1), (759, 1), (920, 1), (1598, 13), (1693, 1), (1839, 1), (2662, 3), (2745, 1), (2991, 1), (3930, 1), (4813, 1), (6096, 1), (6734, 1), (6970, 2), (7318, 5), (7461, 3), (7500, 1), (8268, 1), (8423, 8), (8860, 1), (9125, 1)
maloqueira (DF: 1): (2839, 1)
maloqueiro (DF: 2): (2839, 1), (3007, 4)
malot (DF: 1): (6397, 4)
malow (DF: 1): (3300, 2)
malt (DF: 6): (1758, 1), (3161, 1), (4533, 1), (7540, 1), (7977, 1), (8959, 1)
maltrat (DF: 10): (1370, 5), (1682, 1), (2668, 1), (2681, 1), (4356, 2), (4704, 2), (5224, 1), (6928, 2), (7876, 1), (9400, 1)
maltratam (DF: 1): (3555, 3)
maltratandot (DF: 1): (2668, 9)
maltratart (DF: 1): (1478, 2)
maltratt (DF: 1): (1850, 1)
maltreat (DF: 1): (2937, 3)
maluc (DF: 1): (9252, 1)
maluco (DF: 4): (1278, 1), (6270, 2), (7270, 1), (8113, 1)
malum (DF: 14): (14, 8), (1213, 5), (1652, 3), (3226, 2), (3403, 3), (3666, 2), (4162, 5), (4507, 1), (5563, 2), (6928, 11), (7031, 2), (7151, 5), (8883, 3), (9797, 2)
maluma (DF: 1): (6006, 5)
malungkot (DF: 1): (1489, 1)
malv (DF: 7): (366, 4), (3489, 4), (3981, 1), (7196, 1), (7395, 2), (7604, 1), (9719, 1)
malvadão (DF: 1): (2631, 1)
malverd (DF: 1): (6767, 1)
maléfic (DF: 1): (4986, 2)
malícia (DF: 1): (7795, 2)
mam (DF: 94): (32, 1), (187, 1), (250, 1), (283, 1), (364, 14), (648, 1), (711, 1), (908, 2), (1033, 1), (1197, 3), (1424, 1), (1655, 5), (1918, 3), (1966, 12), (2275, 1), (2306, 2), (2336, 2), (2487, 1), (2648, 1), (2656, 1), (2662, 1), (2951, 3), (3603, 1), (3631, 1), (3690, 1), (3744, 10), (4032, 1), (4210, 1), (4246, 1), (4358, 2), (4405, 1), (4440, 1), (4479, 1), (4560, 1), (4729, 1), (4761, 2), (4799, 2), (4859, 3), (4914, 4), (5020, 1), (5022, 1), (5116, 2), (5358, 2), (5471, 12), (5883, 8), (5906, 1), (5945, 1), (5962, 2), (5990, 1), (6007, 1), (6079, 6), (6280, 1), (6341, 6), (6441, 4), (6645, 8), (6678, 3), (6754, 2), (6768, 1), (6808, 2), (6883, 1), (6961, 1), (7028, 8), (7071, 4), (7223, 4), (7313, 50), (7344, 2), (7356, 2), (7435, 4), (7508, 1), (7677, 1), (7876, 3), (7916, 4), (8036, 1), (8128, 1), (8171, 1), (8210, 4), (8406, 8), (8452, 4), (8604, 2), (8717, 1), (8733, 2), (8883, 1), (9085, 2), (9185, 8), (9225, 1), (9309, 2), (9431, 2), (9647, 2), (9695, 2), (9719, 1), (9737, 2), (9781, 2), (9797, 2), (9819, 4)
mama (DF: 10): (13, 1), (16, 1), (30, 2), (51, 1), (52, 7), (65, 1), (93, 5), (131, 1), (183, 1), (188, 4)
