znosz (DF: 1): (1197, 1)
znowu (DF: 11): (1655, 1), (4358, 1), (4582, 7), (4761, 1), (6678, 1), (7313, 1), (7916, 3), (8604, 1), (9085, 4), (9162, 1), (9647, 13)
znudzi (DF: 1): (7916, 1)
znów (DF: 6): (908, 1), (3744, 4), (4311, 8), (8452, 1), (8509, 6), (9781, 1)
zo (DF: 10): (2260, 1), (4849, 11), (6008, 3), (6030, 1), (6641, 3), (7382, 12), (7421, 1), (7519, 1), (7547, 4), (8418, 4)
zoal (DF: 1): (6303, 1)
zoba (DF: 1): (4358, 8)
zobacz (DF: 1): (4358, 1)
zobaczi (DF: 2): (1918, 1), (3744, 2)
zobaczysz (DF: 1): (3744, 2)
zoboomafoo (DF: 1): (1336, 1)
zock (DF: 1): (5890, 1)
zodat (DF: 1): (6008, 1)
zodiac (DF: 4): (537, 1), (1311, 1), (4281, 1), (6182, 1)
zodra (DF: 1): (6008, 1)
zoe (DF: 6): (2706, 1), (3859, 1), (3969, 2), (4767, 1), (6967, 1), (7159, 1)
zoek (DF: 6): (812, 1), (2638, 1), (4607, 1), (6008, 1), (6303, 1), (8831, 1)
zoeken (DF: 1): (3748, 1)
zoen (DF: 1): (4849, 7)
zoenen (DF: 1): (4849, 1)
zoet (DF: 1): (6015, 2)
zohara (DF: 2): (5466, 2), (8095, 2)
zolen (DF: 1): (3864, 1)
zoll (DF: 5): (1177, 1), (2050, 1), (5559, 1), (6600, 1), (7720, 1)
zomba (DF: 1): (1564, 1)
zombi (DF: 17): (469, 1), (825, 1), (1799, 1), (1922, 1), (2612, 1), (3069, 19), (3108, 1), (3549, 1), (4380, 2), (4438, 20), (5812, 25), (5990, 2), (7770, 1), (7775, 2), (8452, 1), (9552, 2), (9704, 1)
zomer (DF: 1): (1318, 2)
zon (DF: 55): (14, 2), (63, 2), (187, 1), (524, 1), (891, 2), (1443, 1), (1476, 5), (1485, 1), (1803, 4), (1826, 2), (1850, 1), (1987, 1), (2328, 15), (2567, 1), (2604, 1), (2759, 7), (2785, 5), (3111, 2), (3213, 1), (3768, 1), (3909, 1), (4009, 1), (4197, 1), (4423, 3), (4587, 1), (4659, 1), (4992, 1), (5020, 1), (5109, 1), (5116, 1), (5206, 1), (5392, 1), (5436, 1), (5480, 1), (5525, 8), (5663, 1), (5770, 24), (6631, 1), (6691, 1), (6818, 1), (6961, 1), (7000, 1), (7172, 2), (7255, 1), (7412, 1), (7466, 1), (7607, 1), (7694, 1), (8116, 3), (8198, 1), (8236, 2), (8777, 1), (9090, 1), (9595, 1), (9887, 2)
zona (DF: 1): (8938, 1)
zond (DF: 1): (4665, 1)
zonder (DF: 6): (2638, 2), (3355, 1), (4297, 3), (6008, 1), (6184, 4), (8418, 1)
zone (DF: 121): (16, 1), (40, 1), (197, 1), (335, 1), (337, 1), (441, 1), (591, 1), (673, 1), (800, 1), (1001, 14), (1208, 2), (1304, 1), (1529, 56), (1598, 8), (1896, 9), (2045, 2), (2105, 1), (2131, 1), (2154, 1), (2277, 2), (2283, 2), (2349, 2), (2422, 2), (2462, 1), (2471, 2), (2472, 6), (2592, 1), (2593, 2), (2691, 1), (2759, 2), (2799, 2), (2865, 1), (3019, 1), (3117, 1), (3335, 2), (3436, 1), (3654, 1), (3746, 2), (3811, 1), (3914, 2), (4062, 1), (4091, 1), (4262, 1), (4349, 2), (4465, 1), (4481, 1), (4500, 4), (4588, 1), (5018, 1), (5088, 1), (5160, 1), (5297, 1), (5300, 2), (5330, 2), (5348, 5), (5351, 2), (5368, 1), (5453, 1), (5460, 4), (5463, 2), (5516, 1), (5581, 1), (5633, 2), (5711, 2), (5734, 1), (5937, 1), (6067, 2), (6256, 2), (6258, 1), (6285, 1), (6464, 1), (6478, 1), (6623, 1), (6655, 5), (6729, 1), (6741, 2), (6799, 1), (7186, 1), (7218, 1), (7259, 13), (7290, 1), (7294, 1), (7318, 2), (7369, 2), (7439, 1), (7440, 1), (7458, 1), (7576, 2), (7650, 1), (7690, 1), (7752, 1), (7754, 1), (7789, 1), (8038, 2), (8172, 1), (8325, 1), (8347, 1), (8416, 1), (8423, 4), (8440, 1), (8497, 2), (8536, 1), (8737, 6), (8778, 1), (8795, 1), (8826, 1), (8860, 2), (8918, 1), (8929, 1), (9019, 1), (9036, 1), (9080, 1), (9300, 1), (9343, 1), (9347, 1), (9472, 3), (9576, 1), (9625, 1), (9711, 5), (9760, 4), (9800, 2)
zonen (DF: 1): (2759, 1)
zoner (DF: 1): (7397, 1)
zonin (DF: 5): (535, 2), (4588, 3), (4844, 1), (7688, 2), (8338, 2)
zoo (DF: 19): (673, 2), (782, 1), (1025, 7), (1244, 1), (3024, 1), (3163, 4), (5587, 15), (6032, 1), (7032, 2), (7159, 1), (7480, 1), (7620, 1), (7650, 1), (7836, 1), (7844, 6), (7870, 2), (8951, 1), (9451, 1), (9879, 1)
zookeep (DF: 1): (4965, 1)
zoom (DF: 13): (449, 56), (1869, 1), (1952, 2), (3344, 4), (4935, 3), (6040, 1), (7810, 9), (8464, 15), (8529, 1), (8587, 1), (8803, 24), (9062, 26), (9494, 4)
zoommam (DF: 1): (8671, 1)
zooon (DF: 1): (1443, 1)
zooooo (DF: 1): (4849, 5)
zoot (DF: 5): (1849, 1), (3371, 1), (5947, 1), (6443, 1), (9729, 1)
zoovier (DF: 1): (7844, 10)
zora (DF: 1): (1748, 3)
zorg (DF: 1): (3748, 6)
zornig (DF: 1): (1616, 3)
zorr (DF: 6): (1441, 1), (1481, 4), (1563, 1), (5218, 1), (8632, 1), (9334, 1)
zosta (DF: 3): (3744, 2), (4311, 8), (9695, 2)
zostaj (DF: 1): (9695, 2)
zostan (DF: 1): (8509, 1)
zostaw (DF: 1): (6678, 2)
zostawi (DF: 1): (7313, 1)
zotiyac (DF: 2): (21, 1), (222, 1)
zou (DF: 2): (4665, 1), (8418, 4)
zoulou (DF: 1): (7607, 1)
zoulous (DF: 1): (7607, 1)
zovan (DF: 1): (4849, 1)
zoveel (DF: 4): (6008, 4), (6303, 2), (6641, 1), (8418, 4)
zow (DF: 1): (8151, 11)
zp (DF: 1): (2316, 1)
zr1 (DF: 1): (862, 1)
zrel (DF: 2): (1580, 4), (5687, 4)
zrobi (DF: 7): (3744, 2), (4311, 1), (4914, 6), (6457, 1), (7916, 1), (8509, 2), (8717, 2)
zrozum (DF: 1): (9085, 2)
zrozumia (DF: 1): (9695, 1)
zrzuci (DF: 1): (3744, 2)
zróbmi (DF: 1): (4761, 1)
zs (DF: 1): (6732, 1)
zsa (DF: 1): (8026, 2)
zu (DF: 3): (8606, 24), (8919, 2), (9719, 5)
zubaan (DF: 1): (9138, 1)
zucht (DF: 1): (8498, 1)
zuchten (DF: 1): (3748, 1)
zuchtlini (DF: 1): (4318, 1)
zuck (DF: 1): (2050, 1)
zucker (DF: 1): (3706, 2)
zuckt (DF: 1): (2729, 1)
zuehlsdorff (DF: 1): (6619, 2)
zufried (DF: 2): (4816, 1), (8932, 1)
zug (DF: 1): (2327, 1)
zugelass (DF: 1): (5429, 1)
zugenomm (DF: 1): (6238, 1)
zuguck (DF: 1): (151, 1)
zuhalt (DF: 1): (2328, 1)
zuj (DF: 1): (1825, 2)
zuke (DF: 1): (6342, 1)
zukunft (DF: 4): (2463, 1), (3067, 2), (5955, 1), (7373, 2)
zul (DF: 1): (8919, 2)
zuli (DF: 2): (5727, 1), (6066, 1)
zulu (DF: 7): (248, 1), (1076, 1), (4905, 1), (5316, 1), (5506, 1), (6447, 1), (7189, 1)
zum (DF: 3): (353, 2), (1524, 20), (9867, 1)
zumb (DF: 10): (724, 1), (3269, 2), (5945, 1), (6399, 2), (7068, 1), (8606, 12), (9196, 1), (9252, 1), (9558, 49), (9719, 2)
zumba (DF: 1): (6040, 1)
zumbal (DF: 2): (7068, 1), (9882, 1)
zun (DF: 2): (1360, 1), (2092, 60)
zuna (DF: 2): (8260, 1), (8829, 1)
zund (DF: 1): (7278, 1)
zung (DF: 1): (493, 1)
zup (DF: 1): (4358, 1)
zuruck (DF: 7): (397, 1), (3932, 1), (5214, 7), (5382, 1), (5429, 1), (5577, 1), (9788, 1)
