spoonman (DF: 1): (5491, 9)
sporc (DF: 2): (2567, 2), (5663, 3)
sporci (DF: 1): (9647, 1)
spore (DF: 2): (1513, 1), (7177, 1)
spori (DF: 1): (8717, 1)
spork (DF: 1): (2223, 1)
sporo (DF: 1): (7677, 1)
sport (DF: 45): (143, 18), (153, 2), (245, 1), (306, 1), (484, 1), (737, 1), (1031, 1), (1077, 1), (1214, 3), (1215, 1), (1558, 1), (1967, 2), (2005, 2), (2357, 1), (2641, 2), (3363, 1), (3628, 1), (3769, 1), (3770, 3), (4023, 1), (4641, 1), (4690, 1), (4972, 1), (5036, 1), (5049, 1), (5068, 1), (5312, 1), (5757, 1), (5821, 1), (6375, 1), (6397, 12), (6490, 1), (6761, 1), (7070, 1), (7096, 1), (7200, 3), (7292, 1), (7450, 1), (7991, 1), (8310, 4), (8373, 6), (8822, 1), (9063, 1), (9509, 1), (9647, 16)
sportin (DF: 2): (5037, 2), (5682, 1)
sportpaket (DF: 1): (2050, 1)
sportsbil (DF: 1): (4295, 1)
sportscent (DF: 1): (5463, 5)
spos (DF: 1): (6395, 1)
spose (DF: 6): (313, 4), (2198, 1), (3924, 3), (5314, 1), (6061, 1), (6296, 1)
spost (DF: 2): (5392, 1), (7000, 1)
spot (DF: 177): (123, 1), (168, 1), (210, 2), (248, 1), (313, 2), (337, 1), (405, 1), (418, 1), (541, 1), (586, 1), (631, 1), (634, 1), (643, 3), (646, 2), (689, 6), (731, 1), (740, 1), (753, 1), (904, 7), (964, 1), (966, 1), (1002, 2), (1032, 1), (1058, 2), (1097, 2), (1122, 1), (1124, 2), (1136, 1), (1334, 8), (1393, 1), (1531, 1), (1547, 3), (1744, 2), (2038, 1), (2053, 1), (2112, 1), (2143, 2), (2208, 1), (2251, 2), (2277, 1), (2442, 1), (2527, 1), (2534, 1), (2548, 2), (2552, 1), (2563, 2), (2607, 3), (2723, 1), (2730, 1), (2735, 1), (2760, 1), (2778, 1), (2884, 1), (2916, 5), (2923, 1), (2957, 1), (3052, 1), (3095, 2), (3248, 1), (3273, 2), (3278, 4), (3282, 2), (3300, 1), (3356, 1), (3374, 1), (3428, 1), (3439, 1), (3513, 1), (3526, 1), (3549, 1), (3581, 2), (3619, 1), (3680, 2), (3844, 1), (3956, 1), (4023, 1), (4059, 1), (4122, 1), (4164, 4), (4165, 1), (4188, 2), (4261, 3), (4381, 2), (4393, 1), (4431, 4), (4454, 5), (4494, 1), (4585, 1), (4588, 1), (4603, 1), (4629, 1), (4645, 2), (4652, 1), (4731, 1), (4762, 1), (4874, 1), (5018, 2), (5030, 3), (5048, 4), (5250, 4), (5268, 1), (5294, 1), (5349, 1), (5453, 2), (5483, 1), (5496, 3), (5587, 2), (5753, 1), (5783, 1), (6032, 1), (6043, 1), (6095, 1), (6157, 2), (6265, 2), (6266, 2), (6286, 1), (6399, 1), (6560, 5), (6636, 1), (6694, 1), (6784, 1), (6964, 1), (7004, 1), (7025, 2), (7070, 1), (7103, 1), (7176, 6), (7198, 1), (7235, 1), (7238, 1), (7279, 1), (7369, 2), (7439, 1), (7443, 1), (7482, 2), (7520, 1), (7534, 1), (7611, 4), (7751, 1), (7775, 2), (7789, 1), (7829, 1), (7900, 2), (7926, 1), (7960, 1), (7969, 2), (7973, 1), (8009, 1), (8058, 1), (8141, 1), (8252, 2), (8301, 1), (8316, 1), (8326, 2), (8411, 2), (8445, 1), (8457, 1), (8570, 1), (8592, 1), (8602, 1), (8611, 1), (8745, 1), (8774, 2), (8818, 4), (9061, 4), (9080, 1), (9099, 1), (9148, 1), (9190, 1), (9209, 1), (9332, 1), (9434, 1), (9485, 12), (9574, 1), (9576, 1), (9886, 1), (9993, 1)
spotifi (DF: 15): (738, 2), (888, 2), (2117, 1), (2684, 1), (2823, 2), (2858, 2), (3453, 1), (3458, 1), (3608, 2), (4486, 1), (4499, 1), (6218, 2), (6260, 2), (6622, 1), (8354, 2)
spotify (DF: 3): (312, 1), (3623, 1), (9496, 2)
spotifyin (DF: 1): (6926, 1)
spotless (DF: 3): (957, 1), (6746, 2), (8314, 2)
spotlight (DF: 40): (172, 1), (362, 18), (612, 1), (833, 1), (1080, 8), (1237, 1), (1469, 1), (1539, 1), (1565, 5), (1960, 4), (2178, 1), (2566, 1), (2576, 1), (2607, 1), (2856, 1), (3487, 1), (4260, 1), (4612, 2), (4727, 1), (4848, 2), (4875, 2), (4906, 1), (5169, 1), (5418, 1), (5490, 1), (5780, 1), (6748, 1), (6821, 1), (6835, 1), (7217, 2), (7633, 1), (7806, 1), (8154, 1), (8440, 1), (8473, 1), (8629, 1), (9544, 1), (9681, 1), (8398, 1), (8399, 1)
spott (DF: 1): (7521, 1)
spous (DF: 8): (702, 1), (710, 1), (884, 1), (2174, 1), (2607, 1), (4481, 1), (7768, 1), (9096, 1)
spout (DF: 1): (7497, 1)
spow (DF: 1): (8831, 3)
sprach (DF: 1): (3212, 1)
sprachgewandt (DF: 1): (493, 1)
spraken (DF: 1): (4665, 5)
sprani (DF: 1): (908, 1)
sprawdzi (DF: 1): (8509, 1)
sprawi (DF: 2): (6441, 1), (6678, 2)
sprawl (DF: 3): (1285, 1), (1912, 13), (4971, 1)
spray (DF: 35): (200, 1), (510, 1), (800, 1), (842, 1), (1216, 1), (1247, 1), (1330, 1), (1342, 1), (1704, 1), (1922, 1), (1990, 1), (2147, 1), (2220, 1), (2656, 2), (3186, 1), (3206, 1), (3483, 1), (3813, 1), (3879, 1), (4319, 1), (4585, 1), (5082, 1), (5225, 1), (5401, 1), (5494, 1), (5570, 2), (5587, 2), (5707, 1), (5794, 1), (5947, 2), (6226, 1), (6272, 1), (6296, 2), (6403, 1), (6767, 1)
