relaj (DF: 1): (9285, 1)
relaja (DF: 1): (8919, 2)
relajat (DF: 12): (217, 3), (3111, 1), (4081, 3), (5022, 1), (5388, 1), (6438, 2), (6682, 1), (6872, 1), (8236, 1), (8466, 3), (8923, 2), (9074, 1)
relambíayo (DF: 1): (8597, 1)
relampag (DF: 1): (7843, 3)
relaps (DF: 12): (925, 1), (1362, 5), (2821, 1), (4303, 1), (5041, 1), (5066, 1), (5426, 1), (5711, 2), (7130, 1), (8538, 1), (9150, 1), (9527, 1)
relat (DF: 66): (179, 1), (490, 1), (740, 1), (794, 1), (1076, 3), (1123, 4), (1186, 6), (1304, 1), (1552, 1), (1902, 1), (1922, 1), (2076, 2), (2112, 1), (2176, 1), (2361, 1), (2423, 1), (2500, 1), (2706, 2), (2772, 2), (2810, 1), (2920, 1), (3178, 1), (3253, 1), (3333, 1), (3754, 1), (3889, 2), (3923, 1), (3940, 3), (4404, 1), (4493, 1), (4623, 1), (4831, 1), (4934, 1), (5279, 1), (5312, 1), (5417, 1), (5560, 1), (5851, 2), (6163, 2), (6305, 1), (6401, 1), (6558, 2), (6582, 1), (6761, 1), (6785, 1), (6791, 1), (7060, 2), (7189, 3), (7605, 2), (7654, 1), (8195, 6), (8430, 1), (8555, 1), (8587, 1), (8603, 1), (8656, 1), (8811, 1), (8920, 2), (9010, 1), (9096, 1), (9158, 1), (9581, 1), (9709, 1), (9743, 1), (9784, 1), (9954, 1)
relationship (DF: 42): (2, 1), (237, 1), (414, 1), (622, 1), (781, 1), (802, 1), (1229, 1), (1248, 1), (1414, 1), (1705, 1), (1999, 3), (2356, 1), (2393, 1), (2449, 2), (2486, 1), (2569, 1), (3374, 1), (4155, 1), (4745, 2), (4849, 1), (4878, 1), (4897, 1), (4944, 1), (4947, 1), (4981, 2), (5419, 1), (5525, 4), (5554, 10), (5641, 1), (5942, 1), (7051, 1), (7208, 1), (7442, 1), (8290, 1), (8714, 1), (8848, 1), (8900, 1), (8939, 2), (9691, 1), (9750, 10), (9846, 1), (9888, 1)
relax (DF: 103): (121, 1), (337, 1), (431, 1), (455, 1), (541, 1), (581, 1), (684, 1), (1022, 1), (1070, 1), (1076, 13), (1477, 2), (1555, 1), (1672, 1), (1783, 2), (1893, 2), (2075, 1), (2170, 1), (2359, 2), (2362, 1), (2723, 1), (2779, 2), (2824, 2), (2895, 1), (2916, 5), (3002, 1), (3018, 1), (3251, 1), (3387, 1), (3450, 3), (3486, 1), (3559, 19), (3601, 2), (3603, 1), (3677, 1), (3739, 1), (4051, 1), (4121, 1), (4168, 1), (4218, 1), (4222, 1), (4267, 4), (4288, 1), (4454, 5), (4717, 1), (4720, 1), (4733, 1), (4874, 1), (4947, 1), (5030, 1), (5088, 1), (5136, 4), (5176, 1), (5207, 2), (5298, 1), (5331, 8), (5370, 1), (5426, 1), (5482, 1), (5495, 1), (5516, 1), (5527, 1), (5608, 1), (5645, 1), (5715, 1), (5897, 1), (6122, 2), (6189, 1), (6213, 1), (6324, 1), (6495, 1), (6554, 1), (6571, 1), (6867, 1), (6936, 1), (6979, 1), (7046, 16), (7093, 8), (7189, 13), (7278, 1), (7462, 1), (7553, 16), (7619, 2), (7719, 2), (7991, 2), (7998, 1), (8303, 2), (8316, 1), (8352, 4), (8418, 1), (8686, 1), (8701, 1), (8708, 1), (8774, 1), (8797, 6), (8800, 1), (8982, 1), (9225, 1), (9315, 1), (9458, 4), (9594, 1), (9883, 1), (9905, 1), (9931, 2)
relaxin (DF: 4): (185, 1), (352, 1), (449, 1), (9194, 1)
relay (DF: 6): (1045, 1), (6791, 1), (7492, 1), (9140, 1), (9633, 1), (9823, 1)
relayin (DF: 1): (9784, 1)
relação (DF: 2): (7795, 1), (9525, 1)
relearn (DF: 1): (3754, 3)
releas (DF: 118): (22, 4), (238, 1), (246, 1), (334, 1), (574, 1), (979, 3), (1134, 1), (1186, 2), (1297, 1), (1320, 2), (1338, 1), (1439, 8), (1455, 1), (1521, 2), (1561, 1), (1965, 1), (2038, 2), (2062, 1), (2179, 3), (2279, 1), (2324, 2), (2345, 2), (2366, 4), (2379, 1), (2386, 7), (2406, 1), (2456, 1), (2636, 1), (2718, 2), (2789, 2), (2821, 1), (2860, 2), (2989, 3), (3084, 3), (3155, 2), (3234, 2), (3284, 2), (3310, 1), (3370, 1), (3379, 1), (3468, 1), (3728, 1), (3736, 2), (3772, 1), (3795, 2), (3839, 4), (3965, 1), (4024, 4), (4050, 1), (4095, 1), (4199, 1), (4221, 2), (4415, 2), (4452, 1), (4482, 1), (4770, 1), (4824, 1), (4831, 4), (4877, 1), (4889, 1), (5000, 2), (5114, 2), (5195, 1), (5253, 2), (5384, 2), (5404, 2), (5415, 2), (5479, 1), (5487, 2), (5623, 2), (5722, 1), (5776, 1), (5871, 2), (5935, 2), (5972, 1), (5974, 1), (6085, 4), (6328, 1), (6498, 1), (6692, 2), (6746, 1), (7272, 4), (7369, 1), (7512, 1), (7624, 1), (7650, 1), (7728, 1), (7741, 1), (7751, 1), (7847, 2), (8126, 2), (8184, 1), (8319, 2), (8366, 1), (8382, 1), (8426, 5), (8428, 1), (8442, 1), (8554, 1), (8652, 2), (8668, 4), (8974, 1), (9019, 1), (9180, 1), (9243, 2), (9322, 1), (9331, 1), (9423, 2), (9566, 1), (9594, 1), (9718, 2), (9725, 2), (9866, 1), (9935, 1), (7627, 3), (7628, 1), (8894, 1), (8896, 6)
releasekonzert (DF: 1): (493, 1)
releasin (DF: 2): (802, 2), (9725, 2)
relembrar (DF: 2): (7649, 2), (9396, 2)
relent (DF: 4): (4499, 1), (8554, 1), (9336, 1), (9729, 1)
relentless (DF: 8): (158, 1), (2015, 4), (2334, 1), (2684, 2), (4142, 1), (7559, 1), (7973, 1), (9337, 1)
relev (DF: 2): (4327, 1), (6041, 1)
