servin (DF: 17): (4244, 1), (4766, 1), (4831, 1), (5075, 1), (5091, 1), (5251, 1), (5513, 2), (6327, 1), (6780, 2), (7226, 1), (7441, 1), (7943, 1), (8055, 2), (8079, 1), (8561, 2), (8976, 1), (9419, 1)
serviz (DF: 1): (2498, 1)
serviço (DF: 1): (9087, 1)
serwel (DF: 1): (4440, 1)
serwi (DF: 1): (1825, 2)
será (DF: 4): (3364, 1), (6804, 5), (7446, 3), (9525, 7)
sería (DF: 1): (2205, 1)
ses (DF: 4): (4484, 1), (4855, 1), (7020, 1), (8198, 1)
sesa (DF: 1): (7247, 1)
sesang (DF: 2): (32, 2), (7941, 2)
sesgue (DF: 1): (1677, 1)
sesh (DF: 8): (1643, 3), (1844, 2), (2680, 1), (5862, 1), (6046, 2), (6623, 3), (8987, 1), (9332, 3)
sesig (DF: 1): (9492, 1)
sess (DF: 7): (964, 1), (2637, 2), (4731, 1), (5116, 2), (5453, 1), (5729, 1), (8671, 1)
session (DF: 34): (408, 1), (478, 1), (586, 1), (618, 1), (888, 1), (1588, 1), (1646, 2), (1767, 1), (1920, 5), (2796, 1), (2858, 1), (3458, 1), (3511, 2), (3608, 1), (3707, 2), (3911, 2), (4109, 1), (4204, 1), (4242, 1), (4486, 1), (4499, 1), (4569, 1), (6018, 1), (6218, 1), (6232, 1), (6260, 1), (6408, 1), (6657, 2), (7671, 1), (7721, 1), (7829, 1), (8387, 1), (9531, 2), (9946, 1)
sessions (DF: 1): (9496, 1)
sessão (DF: 1): (8938, 1)
set (DF: 316): (11, 1), (16, 1), (40, 1), (56, 1), (82, 1), (85, 1), (92, 1), (102, 1), (128, 1), (136, 1), (148, 1), (160, 2), (168, 4), (176, 3), (192, 1), (197, 1), (202, 1), (205, 3), (245, 1), (272, 2), (297, 1), (306, 1), (308, 1), (341, 1), (351, 1), (373, 1), (383, 1), (396, 2), (405, 4), (407, 1), (420, 1), (433, 18), (442, 3), (448, 4), (455, 2), (472, 1), (553, 1), (558, 1), (593, 3), (604, 12), (625, 1), (643, 2), (658, 1), (696, 2), (704, 1), (735, 1), (738, 1), (746, 3), (758, 2), (774, 1), (800, 1), (859, 1), (864, 2), (902, 5), (905, 1), (930, 2), (938, 1), (944, 3), (993, 1), (999, 2), (1009, 1), (1014, 1), (1023, 2), (1032, 1), (1057, 1), (1076, 12), (1108, 1), (1135, 1), (1154, 1), (1178, 1), (1220, 2), (1239, 1), (1288, 1), (1297, 1), (1306, 1), (1344, 1), (1355, 1), (1383, 1), (1390, 1), (1401, 4), (1455, 1), (1475, 3), (1498, 3), (1508, 1), (1518, 2), (1538, 1), (1540, 1), (1557, 1), (1558, 1), (1560, 2), (1586, 1), (1594, 1), (1609, 2), (1650, 1), (1660, 1), (1704, 2), (1751, 1), (1783, 4), (1805, 1), (1811, 3), (1817, 2), (1820, 1), (1822, 2), (1825, 2), (1833, 2), (1859, 1), (1870, 1), (1874, 1), (1897, 1), (1920, 5), (1925, 6), (1927, 2), (1949, 1), (1964, 1), (1977, 1), (2006, 6), (2010, 1), (2014, 18), (2025, 3), (2044, 6), (2067, 1), (2082, 1), (2084, 1), (2093, 2), (2119, 2), (2135, 1), (2188, 1), (2204, 4), (2208, 3), (2241, 1), (2293, 1), (2309, 1), (2335, 2), (2367, 1), (2370, 2), (2395, 1), (2406, 2), (2427, 1), (2432, 1), (2440, 16), (2452, 4), (2493, 2), (2502, 1), (2522, 2), (2565, 1), (2583, 2), (2639, 1), (2665, 1), (2691, 1), (2715, 2), (2725, 1), (2824, 4), (2829, 1), (2832, 1), (2834, 2), (2850, 1), (2865, 6), (2874, 2), (2892, 1), (2895, 1), (2908, 1), (2919, 1), (2927, 1), (2936, 1), (2950, 2), (2955, 2), (2965, 2), (3010, 1), (3018, 2), (3019, 1), (3043, 1), (3054, 1), (3084, 3), (3101, 1), (3110, 1), (3127, 1), (3198, 1), (3233, 1), (3251, 2), (3274, 1), (3317, 21), (3320, 1), (3321, 1), (3352, 8), (3369, 1), (3383, 2), (3420, 1), (3425, 3), (3446, 1), (3548, 1), (3562, 3), (3564, 1), (3601, 2), (3604, 1), (3612, 1), (3662, 1), (3668, 18), (3676, 4), (3679, 2), (3694, 21), (3719, 3), (3747, 1), (3749, 1), (3773, 28), (3791, 1), (3803, 1), (3813, 1), (3854, 1), (3861, 1), (3880, 1), (3888, 2), (3893, 1), (3906, 4), (3918, 2), (3925, 5), (3966, 2), (3970, 1), (3988, 1), (3992, 4), (3999, 6), (4051, 1), (4072, 1), (4109, 1), (4132, 1), (4134, 3), (4144, 2), (4146, 1), (4218, 1), (4231, 1), (4232, 4), (4242, 1), (4250, 1), (4259, 1), (4296, 1), (4355, 1), (4381, 2), (4394, 3), (4407, 1), (4452, 2), (4512, 1), (4527, 1), (4536, 1), (4566, 6), (4575, 1), (4599, 1), (4610, 1), (4643, 1), (4658, 2), (4661, 2), (4680, 1), (4696, 4), (4720, 1), (4732, 2), (4746, 1), (4759, 2), (4764, 1), (4784, 3), (4801, 1), (4805, 1), (4828, 1), (4837, 1), (4853, 3), (4854, 1), (4863, 7), (4892, 1), (4936, 2), (5015, 4), (5043, 2), (5075, 1), (5081, 1), (5091, 1), (5098, 1), (5121, 1), (5132, 2), (5162, 1), (5177, 1), (5195, 1), (5289, 2), (5304, 1), (5316, 1), (5356, 2), (5367, 4), (5418, 1), (5478, 1), (5489, 1), (5504, 1), (5568, 1), (5604, 1), (5612, 1), (5624, 4), (5668, 1), (5676, 1), (5682, 2), (5684, 1), (5739, 1), (5743, 1), (5746, 2), (5761, 1), (5820, 1), (5821, 1), (5840, 1), (5842, 1), (5844, 1), (5857, 2), (5876, 2), (5930, 3), (5963, 2), (5983, 1), (6035, 1), (6037, 6), (6040, 1), (6059, 1), (6078, 1), (6082, 1), (6121, 1), (6147, 1)
