sinc (DF: 21): (9954, 2), (71, 2), (72, 1), (2712, 1), (2713, 1), (3138, 1), (3140, 1), (4409, 1), (4410, 1), (4716, 1), (4717, 1), (7753, 1), (7754, 1), (8150, 1), (8151, 1), (8638, 2), (8639, 1), (8664, 1), (8665, 1), (9024, 1), (9025, 1)
sincer (DF: 73): (178, 1), (417, 4), (438, 11), (480, 1), (540, 1), (577, 1), (628, 2), (667, 1), (946, 2), (1145, 1), (1443, 1), (1453, 1), (1677, 1), (1752, 1), (1807, 1), (1965, 1), (2059, 1), (2079, 2), (2299, 1), (2771, 1), (2903, 1), (2988, 1), (3028, 1), (3105, 1), (3860, 1), (4330, 1), (4353, 1), (4469, 2), (4544, 2), (4702, 1), (4804, 2), (5014, 1), (5175, 1), (5263, 4), (5358, 1), (5381, 4), (5499, 1), (5754, 2), (5783, 1), (5915, 1), (6239, 1), (6339, 1), (6741, 1), (6793, 1), (7010, 1), (7076, 2), (7223, 2), (7412, 1), (7546, 1), (7694, 1), (7703, 1), (7780, 1), (7943, 1), (8036, 1), (8161, 2), (8304, 1), (8547, 1), (8609, 2), (8792, 3), (8922, 3), (9010, 1), (9069, 2), (9110, 1), (9295, 1), (9308, 1), (9384, 1), (9416, 2), (9487, 1), (9536, 1), (9664, 1), (9816, 1), (9826, 1), (9872, 1)
sincerely (DF: 1): (2681, 1)
sinceridad (DF: 1): (1415, 2)
sincero (DF: 2): (7211, 1), (9120, 1)
sinclar (DF: 1): (8080, 1)
sincop (DF: 1): (3269, 1)
sincronizz (DF: 1): (7910, 1)
sind (DF: 4): (5917, 1), (6008, 1), (6641, 2), (9595, 2)
sindi (DF: 1): (9901, 1)
sindrom (DF: 1): (9469, 1)
sindssygt (DF: 1): (1465, 1)
sine (DF: 2): (8001, 1), (9901, 1)
sinead (DF: 4): (772, 2), (1644, 1), (1812, 1), (3256, 1)
sinfon (DF: 4): (371, 1), (910, 1), (2877, 2), (5785, 1)
sing (DF: 283): (1, 1), (15, 1), (22, 1), (29, 2), (35, 3), (59, 2), (64, 2), (74, 2), (104, 1), (112, 5), (136, 3), (161, 1), (172, 4), (181, 3), (185, 5), (215, 1), (223, 2), (228, 1), (235, 1), (245, 4), (267, 40), (306, 1), (346, 1), (379, 2), (389, 1), (409, 2), (419, 2), (445, 3), (454, 1), (456, 1), (458, 1), (464, 1), (473, 2), (482, 1), (484, 1), (487, 3), (513, 1), (542, 3), (604, 4), (636, 1), (639, 5), (647, 1), (666, 1), (669, 1), (672, 2), (740, 2), (749, 1), (767, 4), (771, 2), (781, 2), (789, 1), (802, 1), (817, 5), (835, 2), (968, 2), (994, 3), (1138, 6), (1145, 2), (1162, 1), (1175, 1), (1184, 4), (1205, 1), (1208, 1), (1210, 1), (1250, 1), (1285, 2), (1317, 1), (1338, 6), (1389, 4), (1406, 1), (1431, 3), (1439, 3), (1445, 2), (1462, 1), (1504, 1), (1513, 3), (1548, 1), (1557, 1), (1565, 4), (1580, 7), (1585, 11), (1626, 20), (1666, 1), (1688, 1), (1690, 1), (1707, 1), (1728, 2), (1755, 1), (1774, 4), (1784, 1), (1802, 1), (1819, 2), (1823, 1), (1830, 2), (1841, 1), (1856, 1), (1858, 1), (1864, 1), (1885, 2), (1898, 1), (1904, 1), (1912, 4), (1936, 1), (1964, 1), (1986, 4), (1994, 2), (1999, 6), (2005, 12), (2011, 1), (2016, 10), (2039, 1), (2041, 2), (2045, 1), (2178, 4), (2197, 1), (2202, 1), (2214, 1), (2244, 6), (2330, 2), (2340, 2), (2347, 2), (2356, 1), (2359, 2), (2367, 1), (2375, 1), (2395, 1), (2416, 1), (2435, 1), (2522, 2), (2526, 2), (2547, 1), (2550, 2), (2566, 4), (2591, 14), (2632, 1), (2634, 2), (2641, 12), (2689, 1), (2704, 1), (2724, 3), (2730, 4), (2760, 2), (2775, 14), (2821, 3), (2829, 1), (2853, 1), (2859, 6), (2866, 1), (2878, 1), (2911, 1), (2929, 1), (2993, 5), (3041, 2), (3051, 8), (3081, 1), (3095, 8), (3119, 1), (3124, 1), (3136, 3), (3138, 2), (3142, 3), (3161, 1), (3164, 13), (3209, 3), (3238, 1), (3265, 1), (3282, 4), (3286, 1), (3324, 7), (3363, 1), (3373, 6), (3404, 2), (3415, 2), (3429, 3), (3451, 1), (3458, 1), (3480, 1), (3545, 2), (3565, 1), (3567, 1), (3627, 2), (3644, 1), (3685, 1), (3691, 15), (3714, 1), (3721, 12), (3727, 1), (3745, 3), (3770, 18), (3789, 1), (3794, 3), (3802, 1), (3855, 2), (3861, 3), (3871, 3), (3882, 2), (3886, 3), (3905, 1), (3911, 24), (3974, 1), (3978, 2), (4028, 1), (4033, 1), (4037, 1), (4044, 4), (4055, 2), (4096, 3), (4101, 1), (4105, 2), (4110, 1), (4127, 1), (4155, 2), (4251, 1), (4266, 3), (4281, 1), (4296, 1), (4302, 2), (4320, 2), (4426, 1), (4429, 5), (4461, 1), (4489, 1), (4500, 2), (4578, 2), (4583, 2), (4586, 2), (4606, 3), (4625, 1), (4627, 2), (4638, 2), (4682, 2), (4691, 1), (4693, 1), (4706, 2), (4716, 1), (4718, 2), (4741, 2), (4764, 8), (4793, 2), (4803, 1), (4823, 1), (4847, 1), (4855, 3), (4866, 1), (4876, 4), (4877, 1), (4889, 2), (4892, 6), (4911, 3), (4946, 4), (5003, 1), (5006, 2), (5019, 1), (5029, 2), (5030, 3), (5032, 1), (5043, 1), (5044, 12), (5074, 1), (5083, 1), (5088, 1), (5106, 1), (5142, 2), (5168, 1), (5232, 10), (5242, 21), (5275, 2), (5287, 1), (5302, 2), (5319, 3), (5332, 2), (5345, 1), (5390, 4), (5442, 1), (5461, 1), (5468, 1), (5482, 1), (5490, 1), (5500, 2), (5505, 2), (5538, 4), (5546, 10), (5552, 3)
