yeh (DF: 67): (5035, 27), (5126, 2), (5173, 1), (5224, 6), (5325, 2), (5352, 24), (5363, 1), (5399, 2), (5496, 6), (5547, 1), (5588, 7), (5754, 13), (5962, 9), (6179, 2), (6205, 2), (6239, 5), (6251, 7), (6408, 5), (6422, 7), (6450, 3), (6588, 30), (6631, 1), (6657, 10), (6808, 3), (6818, 1), (6884, 19), (6932, 30), (7019, 3), (7031, 3), (7151, 28), (7154, 1), (7171, 1), (7258, 2), (7288, 40), (7367, 40), (7749, 6), (7820, 3), (7854, 1), (7935, 2), (7956, 36), (8091, 6), (8112, 2), (8131, 10), (8199, 6), (8243, 36), (8278, 1), (8352, 3), (8353, 2), (8406, 2), (8415, 4), (8719, 10), (8817, 2), (8882, 3), (8919, 10), (8945, 1), (8952, 2), (9156, 24), (9297, 80), (9410, 17), (9521, 1), (9697, 12), (9792, 1), (9818, 8), (9916, 1), (9974, 10), (3666, 6), (3669, 1)
yeheah (DF: 1): (5309, 1)
yei (DF: 3): (1967, 2), (2020, 1), (2045, 1)
yeih (DF: 3): (19, 3), (4300, 6), (4594, 6)
yeiyye (DF: 1): (3418, 2)
yel (DF: 1): (8580, 82)
yelawolf (DF: 1): (548, 1)
yelelei (DF: 2): (1476, 4), (8116, 2)
yell (DF: 52): (210, 1), (221, 1), (408, 1), (629, 1), (1243, 1), (1561, 1), (1817, 8), (1820, 1), (1936, 1), (2010, 1), (2081, 1), (2147, 1), (2218, 1), (2359, 2), (2586, 1), (2672, 1), (2794, 1), (2797, 1), (3068, 1), (3521, 1), (3741, 1), (4107, 1), (4259, 1), (4306, 1), (4450, 2), (4641, 1), (4716, 1), (4830, 1), (4877, 1), (5032, 1), (5604, 1), (6100, 2), (6214, 1), (6576, 1), (7197, 1), (7230, 1), (7234, 2), (7515, 2), (7642, 1), (7667, 1), (7757, 1), (7849, 1), (7960, 1), (8380, 1), (8760, 1), (8958, 1), (9227, 1), (9347, 8), (9537, 1), (9670, 2), (9676, 1), (9965, 1)
yella (DF: 2): (2091, 2), (4942, 1)
yellin (DF: 20): (753, 1), (952, 1), (1276, 1), (1792, 1), (1995, 1), (2174, 1), (2466, 1), (2584, 1), (2636, 1), (2649, 1), (3521, 2), (4940, 1), (6086, 1), (6602, 1), (6636, 1), (6755, 1), (7492, 1), (7652, 20), (7945, 2), (8687, 1)
yello (DF: 3): (6837, 1), (7217, 4), (9464, 1)
yellow (DF: 91): (102, 1), (231, 3), (285, 1), (405, 2), (435, 1), (612, 1), (938, 15), (1029, 1), (1031, 3), (1076, 1), (1152, 1), (1246, 1), (1282, 6), (1372, 1), (1402, 1), (1521, 1), (1528, 4), (1539, 1), (1555, 1), (1692, 1), (1739, 1), (1773, 1), (1784, 1), (1914, 4), (2046, 1), (2063, 1), (2177, 1), (2228, 1), (2356, 1), (2433, 1), (2573, 3), (2624, 1), (2672, 1), (2804, 1), (2816, 1), (2837, 1), (3249, 1), (3281, 2), (3319, 2), (3445, 1), (3611, 1), (3801, 1), (3826, 4), (4028, 1), (4071, 1), (4117, 7), (4122, 1), (4217, 2), (4319, 1), (4699, 1), (4766, 1), (4779, 38), (4831, 2), (4864, 1), (4928, 8), (4972, 3), (5068, 1), (5325, 2), (5349, 1), (5426, 1), (5749, 2), (6163, 2), (6652, 1), (6673, 4), (6728, 1), (6783, 1), (6795, 11), (6936, 1), (7159, 8), (7189, 1), (7235, 1), (7291, 1), (7328, 1), (7445, 1), (7502, 11), (7571, 1), (7706, 1), (7806, 1), (7897, 1), (8173, 1), (8343, 1), (8416, 1), (8491, 1), (8725, 4), (8938, 1), (9290, 1), (9293, 1), (9594, 1), (9648, 2), (9742, 5), (9825, 2)
yellowbon (DF: 2): (938, 1), (5345, 1)
yellowcard (DF: 1): (898, 1)
yellowston (DF: 1): (5345, 1)
yelnat (DF: 1): (8819, 1)
yem (DF: 3): (34, 4), (1677, 1), (6249, 1)
yen (DF: 4): (3541, 1), (3783, 7), (7818, 39), (8124, 2)
yen3al (DF: 1): (246, 1)
yend (DF: 2): (1966, 3), (5471, 3)
yene (DF: 1): (5711, 8)
yeogijeogi (DF: 1): (7941, 2)
yeongwonhi (DF: 1): (32, 2)
yeow (DF: 3): (4642, 1), (5304, 1), (8816, 1)
yep (DF: 39): (81, 1), (146, 32), (282, 2), (449, 1), (646, 1), (782, 2), (1111, 8), (1323, 1), (1975, 1), (2000, 4), (2230, 1), (2522, 6), (2820, 1), (2857, 1), (2877, 1), (3186, 1), (3265, 5), (3356, 1), (3383, 1), (3845, 1), (4469, 2), (5251, 2), (5277, 2), (5584, 1), (6114, 1), (6225, 2), (6565, 5), (6629, 1), (6677, 1), (6686, 2), (6777, 1), (6929, 2), (7249, 5), (7448, 3), (7644, 2), (8026, 1), (8473, 2), (8571, 1), (8787, 1)
yer (DF: 5): (2461, 3), (4386, 1), (6141, 1), (6741, 6), (8406, 4)
yerb (DF: 3): (276, 1), (3351, 1), (5040, 3)
yerba (DF: 1): (3902, 1)
yerg (DF: 1): (9819, 2)
yern (DF: 2): (2383, 3), (7956, 2)
yerr (DF: 1): (7806, 1)
yes (DF: 38): (57, 2), (80, 4), (100, 5), (155, 6), (161, 1), (166, 2), (168, 1), (171, 1), (200, 1), (248, 1), (273, 4), (279, 2), (303, 48), (305, 1), (337, 1), (389, 1), (479, 3), (494, 12), (495, 4), (521, 1), (527, 1), (543, 1), (550, 3), (563, 2), (581, 1), (583, 1), (601, 2), (613, 1), (619, 1), (626, 2), (635, 2), (680, 1), (702, 2), (803, 1), (843, 6), (846, 2), (872, 1), (912, 1)
