drive (DF: 213): (6722, 1), (6726, 1), (6794, 3), (6829, 1), (6846, 1), (6893, 1), (6914, 1), (6920, 1), (6931, 1), (6934, 2), (6946, 1), (6951, 1), (6963, 1), (6966, 1), (6984, 1), (6997, 1), (7035, 2), (7066, 2), (7083, 1), (7089, 1), (7109, 1), (7156, 1), (7159, 1), (7174, 1), (7186, 1), (7189, 2), (7198, 2), (7207, 2), (7240, 3), (7290, 2), (7293, 2), (7319, 1), (7325, 1), (7390, 5), (7413, 1), (7430, 1), (7442, 2), (7444, 1), (7459, 1), (7464, 1), (7579, 1), (7588, 1), (7595, 2), (7606, 1), (7614, 1), (7648, 3), (7665, 2), (7685, 1), (7705, 2), (7717, 2), (7732, 1), (7748, 3), (7768, 2), (7785, 1), (7819, 1), (7827, 2), (7838, 2), (7844, 14), (7859, 4), (7887, 1), (7890, 1), (7894, 1), (7898, 1), (7977, 1), (7994, 1), (8017, 1), (8025, 1), (8038, 1), (8051, 1), (8056, 1), (8063, 2), (8069, 5), (8083, 1), (8087, 1), (8104, 2), (8124, 1), (8135, 1), (8154, 1), (8170, 1), (8206, 30), (8279, 1), (8303, 1), (8338, 1), (8369, 1), (8380, 30), (8459, 1), (8481, 1), (8484, 1), (8486, 1), (8505, 1), (8524, 8), (8550, 1), (8561, 1), (8602, 2), (8627, 1), (8709, 1), (8721, 1), (8740, 1), (8754, 5), (8778, 1), (8784, 2), (8809, 1), (8837, 2), (8843, 3), (8850, 1), (8859, 3), (8869, 1), (8876, 1), (8907, 2), (8917, 1), (8975, 1), (9006, 1), (9011, 2), (9020, 1), (9026, 1), (9054, 1), (9069, 5), (9083, 3), (9099, 1), (9109, 3), (9115, 3), (9126, 1), (9131, 5), (9212, 3), (9244, 2), (9251, 1), (9257, 1), (9267, 1), (9275, 1), (9286, 1), (9292, 4), (9323, 2), (9361, 1), (9366, 7), (9376, 2), (9409, 2), (9426, 5), (9479, 7), (9493, 2), (9503, 1), (9529, 1), (9535, 12), (9538, 1), (9555, 1), (9563, 1), (9574, 2), (9597, 1), (9628, 1), (9663, 1), (9685, 2), (9699, 1), (9710, 2), (9713, 1), (9715, 8), (9723, 1), (9744, 4), (9780, 1), (9810, 1), (9831, 2), (9859, 1), (9866, 1), (9910, 8), (9975, 16), (9984, 1), (9992, 1), (36, 1), (37, 1), (2005, 1), (2006, 2), (2946, 1), (2947, 1), (3227, 1), (3229, 2), (4442, 20), (4443, 1), (4609, 2), (4610, 6), (5167, 1), (5168, 1), (5490, 4), (5492, 1), (5731, 2), (5732, 1), (5922, 5), (5924, 1), (6065, 1), (6066, 1), (6104, 1), (6105, 1), (6260, 1), (6261, 1), (6795, 1), (6956, 1), (6958, 1), (7075, 1), (7076, 2), (7145, 1), (7147, 1), (7242, 12), (7752, 1), (7753, 1), (7822, 1), (7823, 1), (7902, 4), (7903, 2), (7964, 1), (7965, 1), (9402, 3), (9403, 1), (9477, 1), (9686, 3), (9955, 1), (9958, 1)
driven (DF: 17): (830, 2), (1402, 1), (1624, 1), (1783, 2), (2775, 1), (3084, 3), (3845, 1), (4607, 1), (4822, 4), (5080, 1), (6352, 1), (6546, 1), (8083, 1), (8223, 1), (8492, 1), (8850, 1), (9744, 2)
driver (DF: 25): (767, 2), (919, 1), (1440, 1), (1469, 1), (1547, 1), (1945, 1), (2045, 1), (2216, 1), (2923, 1), (3216, 1), (3248, 1), (3991, 6), (4098, 2), (4535, 3), (4668, 1), (5418, 3), (5885, 1), (6228, 25), (6261, 1), (6581, 1), (6799, 1), (7888, 5), (9500, 2), (9597, 1), (9628, 1)
driveway (DF: 15): (922, 1), (1393, 8), (3374, 1), (3879, 1), (4552, 1), (4942, 1), (5661, 5), (6039, 1), (6800, 1), (6964, 1), (7442, 1), (7798, 1), (8181, 1), (8995, 1), (9290, 1)
drivin (DF: 72): (2, 2), (153, 2), (237, 2), (365, 1), (436, 2), (622, 2), (714, 2), (915, 1), (1157, 1), (1304, 1), (1393, 1), (1426, 2), (1487, 2), (1625, 1), (1705, 2), (1743, 1), (1990, 1), (2048, 1), (2143, 1), (2347, 2), (2552, 1), (2691, 1), (2754, 3), (2946, 1), (2957, 5), (2991, 1), (3235, 2), (3322, 2), (3727, 1), (3811, 1), (4045, 1), (4339, 1), (4503, 1), (4516, 1), (4527, 1), (4535, 4), (4669, 1), (4878, 2), (4941, 1), (5078, 1), (5106, 1), (5419, 2), (5441, 1), (5711, 2), (5755, 1), (5816, 1), (5908, 1), (5974, 1), (5981, 2), (5998, 1), (6006, 1), (6391, 4), (6757, 1), (7084, 1), (7417, 4), (7442, 18), (7648, 1), (7977, 1), (7988, 1), (8287, 5), (8486, 1), (8578, 2), (9131, 2), (9386, 1), (9447, 2), (9451, 1), (9468, 2), (9561, 2), (9579, 2), (9646, 1), (9752, 2), (9920, 2)
drizzay (DF: 1): (2895, 1)
drizzi (DF: 8): (1880, 1), (4918, 1), (5294, 1), (5797, 6), (6602, 1), (6780, 1), (6926, 1), (7806, 1)
drizzl (DF: 1): (9408, 1)
drizzy (DF: 1): (3419, 1)
dro (DF: 23): (558, 1), (684, 1), (789, 1), (1084, 1), (2104, 1), (2230, 4), (2471, 2), (2592, 1), (3624, 2), (4091, 2), (4226, 1), (4410, 1), (5170, 2), (5608, 1), (5879, 1), (6225, 7), (6304, 1), (6573, 1), (7360, 1), (7991, 1), (8299, 1), (8571, 4), (9676, 1)
droelo (DF: 1): (1064, 1)
drog (DF: 19): (53, 2), (484, 2), (778, 1), (1244, 1), (2376, 2), (2567, 5), (2648, 1), (2656, 1), (3381, 1), (3932, 3), (4361, 1), (4515, 1), (4560, 2), (4704, 1), (4846, 2), (5110, 1), (5126, 1), (5674, 1), (5785, 1)
