stashin (DF: 3): (352, 1), (5766, 2), (8170, 1)
stat (DF: 25): (9, 1), (63, 1), (187, 1), (1818, 1), (1848, 1), (2059, 1), (2498, 2), (2500, 1), (2518, 1), (2567, 1), (4992, 1), (5392, 1), (6350, 1), (6395, 1), (6691, 6), (7281, 3), (7392, 2), (8130, 1), (8181, 1), (8208, 1), (8235, 1), (8676, 1), (8818, 1), (8819, 1), (9222, 1)
statal (DF: 1): (6626, 1)
state (DF: 157): (27, 1), (74, 2), (110, 1), (118, 1), (189, 2), (471, 1), (482, 1), (563, 1), (581, 1), (588, 1), (638, 1), (658, 1), (816, 1), (846, 3), (938, 1), (1076, 1), (1084, 1), (1085, 1), (1114, 1), (1276, 1), (1304, 3), (1354, 1), (1377, 2), (1513, 1), (1515, 1), (1561, 1), (1581, 1), (1588, 1), (1704, 2), (1719, 4), (1852, 1), (1910, 2), (2014, 3), (2177, 1), (2198, 1), (2232, 12), (2251, 1), (2294, 1), (2366, 2), (2397, 1), (2423, 1), (2446, 1), (2447, 1), (2632, 1), (2636, 1), (2640, 6), (2685, 1), (2687, 1), (2714, 1), (2791, 1), (2801, 1), (2912, 1), (3063, 2), (3127, 1), (3184, 1), (3185, 40), (3186, 1), (3189, 2), (3268, 2), (3368, 2), (3483, 2), (3521, 1), (3551, 1), (3628, 1), (3672, 1), (3675, 1), (3698, 2), (3703, 8), (3754, 1), (3775, 1), (3811, 1), (3821, 1), (4099, 18), (4104, 1), (4227, 1), (4551, 1), (4624, 3), (4706, 2), (4708, 1), (4844, 1), (4926, 1), (5008, 1), (5045, 1), (5072, 1), (5122, 1), (5141, 1), (5165, 1), (5316, 2), (5410, 1), (5513, 6), (5634, 3), (5677, 1), (5744, 14), (5777, 6), (5993, 1), (6021, 1), (6031, 2), (6037, 1), (6123, 1), (6181, 1), (6283, 2), (6327, 3), (6375, 1), (6402, 6), (6435, 4), (6498, 1), (6568, 1), (6746, 1), (6758, 1), (6770, 2), (6788, 1), (6819, 1), (6846, 1), (7057, 1), (7062, 1), (7156, 1), (7177, 1), (7189, 1), (7192, 1), (7207, 2), (7237, 1), (7296, 1), (7304, 1), (7335, 2), (7339, 2), (7352, 2), (7480, 3), (7654, 1), (7691, 1), (7745, 1), (7771, 1), (7862, 1), (7912, 1), (7944, 1), (8079, 3), (8178, 10), (8300, 2), (8309, 1), (8316, 1), (8319, 1), (8445, 1), (8555, 2), (8593, 8), (8754, 1), (8779, 1), (8784, 2), (8830, 2), (8929, 1), (9161, 1), (9167, 1), (9324, 1), (9435, 1), (9538, 1), (9569, 1), (9659, 1), (9766, 2), (9848, 1)
statement (DF: 11): (40, 1), (69, 1), (2241, 1), (2809, 1), (3234, 4), (3803, 1), (3917, 2), (5336, 1), (6572, 1), (6732, 1), (8811, 1)
staten (DF: 5): (2315, 1), (2676, 1), (5316, 1), (7397, 1), (8532, 1)
statesboro (DF: 1): (9027, 3)
statesvill (DF: 1): (80, 1)
statham (DF: 1): (7266, 1)
static (DF: 34): (200, 1), (1211, 1), (1359, 1), (1643, 1), (2084, 1), (2563, 1), (2687, 1), (3850, 1), (4129, 1), (4615, 1), (4820, 1), (5498, 1), (5581, 2), (5695, 1), (6086, 2), (6390, 1), (6415, 2), (6478, 1), (6623, 4), (6695, 1), (6715, 1), (7194, 1), (7294, 1), (7387, 1), (7487, 1), (7751, 1), (7835, 2), (8121, 1), (8158, 2), (8496, 6), (9262, 1), (9486, 1), (9842, 1), (9933, 3)
station (DF: 50): (639, 1), (817, 1), (819, 1), (964, 1), (1350, 1), (1353, 4), (1418, 1), (1674, 1), (1993, 6), (2013, 1), (2572, 1), (2669, 1), (2692, 1), (2701, 1), (2757, 1), (2929, 1), (2993, 1), (3420, 1), (3539, 2), (3578, 2), (3599, 1), (3605, 1), (3677, 2), (3880, 6), (4283, 4), (4521, 1), (4526, 1), (4527, 1), (5509, 1), (5781, 1), (6324, 2), (6328, 1), (6342, 2), (7014, 1), (7015, 1), (7114, 2), (7371, 2), (7486, 2), (7551, 1), (8299, 1), (8336, 1), (8355, 1), (8445, 1), (8475, 1), (8811, 1), (9356, 1), (9509, 1), (9633, 1), (9638, 6), (9787, 4)
stationari (DF: 1): (8652, 2)
statist (DF: 4): (4262, 1), (5270, 1), (6395, 1), (6507, 1)
statt (DF: 1): (2881, 1)
stattdess (DF: 1): (6748, 1)
statu (DF: 12): (4598, 1), (4712, 2), (5459, 1), (6503, 1), (6619, 2), (6715, 1), (6875, 1), (7251, 2), (7613, 1), (8297, 1), (9023, 2), (9573, 1)
status (DF: 25): (40, 1), (118, 1), (829, 1), (1414, 1), (1635, 1), (1669, 1), (1949, 1), (2134, 1), (2255, 1), (3483, 1), (4092, 1), (4952, 1), (5052, 1), (5337, 1), (5710, 1), (5948, 1), (5955, 1), (6217, 3), (6375, 1), (6378, 1), (8155, 1), (8803, 4), (9199, 1), (9356, 1), (9876, 3)
staub (DF: 2): (2463, 1), (9236, 1)
staun (DF: 1): (6835, 1)
staunch (DF: 1): (2208, 1)
staut (DF: 1): (484, 2)
stawa (DF: 1): (250, 2)
stawki (DF: 1): (7916, 1)
stax (DF: 1): (816, 1)
stay (DF: 1296): (3, 3), (8, 4), (13, 2), (40, 1), (49, 1), (57, 2), (58, 5), (65, 1), (66, 2), (69, 3), (72, 2), (98, 1), (103, 6), (104, 6), (106, 1), (110, 1), (112, 4), (119, 1), (120, 1), (121, 1), (138, 1), (139, 1), (154, 1), (160, 1), (163, 4), (168, 7), (177, 18), (189, 3), (191, 7), (193, 16), (194, 7), (197, 2), (202, 1), (215, 3), (218, 2), (223, 1), (225, 1), (226, 3), (239, 2), (240, 2), (243, 1), (247, 4), (253, 3), (264, 2), (282, 2), (289, 4), (300, 3), (302, 3), (305, 1), (322, 1), (323, 7), (324, 2), (329, 6), (356, 16), (361, 1), (369, 2), (375, 1), (380, 1), (405, 1), (428, 3), (430, 3), (431, 6), (435, 1), (441, 1), (452, 2), (455, 2), (457, 8), (459, 6), (464, 13), (469, 1), (475, 5), (513, 1), (515, 8), (528, 1), (530, 1), (537, 1), (541, 1), (542, 2), (545, 2), (548, 1), (550, 3), (558, 1), (560, 1), (561, 2), (586, 1), (595, 1), (599, 1), (600, 2), (611, 34), (616, 1), (638, 2), (645, 3), (657, 1), (662, 4), (664, 2), (669, 1), (684, 1), (689, 1), (696, 2), (712, 1), (740, 1), (744, 2), (757, 1), (786, 1), (793, 1), (796, 1), (798, 4), (800, 1), (807, 1), (825, 2), (828, 1), (832, 1), (834, 4), (850, 2), (866, 2), (874, 3), (903, 2), (916, 1), (920, 1), (927, 8), (928, 2), (941, 1), (955, 1), (965, 6), (975, 1), (990, 2), (997, 2), (1003, 1), (1024, 2), (1026, 1), (1029, 1), (1031, 1), (1032, 1), (1037, 2), (1038, 3), (1047, 1), (1050, 2), (1059, 1), (1062, 13), (1093, 1), (1094, 1), (1104, 2), (1119, 4), (1121, 5), (1137, 2), (1145, 1), (1152, 1), (1155, 1), (1160, 1), (1174, 3), (1181, 2), (1184, 1), (1201, 1), (1214, 3), (1216, 1), (1219, 2), (1229, 3), (1230, 1), (1251, 1), (1261, 1), (1266, 2), (1270, 4), (1282, 1), (1289, 2), (1294, 3), (1297, 1), (1302, 2), (1308, 2), (1322, 1), (1326, 1), (1328, 1), (1354, 1), (1383, 6), (1389, 2), (1393, 1), (1396, 2), (1404, 1), (1406, 3), (1408, 2), (1410, 7), (1412, 2), (1414, 3), (1428, 1), (1431, 1), (1445, 3), (1448, 2), (1454, 3), (1455, 1), (1496, 1), (1498, 3), (1499, 1), (1505, 2), (1512, 1), (1526, 3), (1536, 1), (1543, 2), (1545, 1), (1551, 2), (1552, 1), (1561, 1), (1567, 6), (1575, 1), (1576, 3), (1596, 2), (1600, 1), (1621, 2), (1623, 4), (1634, 2), (1640, 1), (1646, 2), (1649, 1), (1651, 1), (1660, 1), (1664, 2), (1688, 3), (1690, 2), (1691, 32), (1692, 6), (1700, 1), (1704, 1), (1708, 1), (1711, 1), (1714, 2), (1718, 1), (1726, 3), (1749, 2), (1750, 1), (1760, 1), (1761, 1), (1764, 1), (1775, 1), (1779, 2), (1783, 4), (1789, 1), (1791, 5), (1823, 1), (1824, 2), (1829, 2), (1831, 1), (1835, 2), (1843, 4), (1854, 2), (1862, 2), (1865, 3), (1867, 2), (1874, 5), (1877, 1), (1887, 1), (1891, 1), (1899, 1), (1900, 4), (1908, 1), (1915, 1), (1945, 2), (1958, 1), (1965, 1), (1969, 3), (1977, 1), (1990, 4), (1992, 1), (1998, 1), (2022, 1), (2049, 1), (2052, 1), (2067, 1), (2073, 1), (2076, 1), (2087, 2), (2101, 2), (2102, 2), (2112, 1), (2131, 1), (2132, 9), (2134, 2), (2140, 4), (2141, 2), (2143, 10), (2177, 2), (2179, 5), (2182, 1), (2187, 1), (2191, 9), (2198, 1), (2201, 1), (2207, 2), (2208, 2), (2209, 6), (2217, 1), (2222, 4), (2229, 2), (2230, 1), (2232, 1), (2234, 4), (2241, 1), (2245, 29), (2246, 1), (2265, 3), (2290, 1), (2299, 2), (2310, 1), (2332, 1), (2333, 1), (2348, 1), (2355, 24), (2359, 2), (2362, 2), (2380, 1), (2386, 2), (2388, 1), (2393, 1), (2408, 10), (2421, 2), (2422, 1), (2434, 10), (2440, 1), (2441, 1), (2442, 1), (2448, 1), (2449, 2), (2454, 1), (2476, 1), (2479, 2), (2486, 1), (2493, 1), (2519, 1), (2523, 1), (2526, 6), (2532, 1), (2537, 2), (2541, 6), (2553, 1), (2573, 1), (2578, 2), (2580, 6), (2582, 16), (2597, 2), (2607, 7), (2612, 5), (2613, 2), (2624, 1), (2644, 1), (2650, 1), (2667, 1), (2674, 1), (2691, 2), (2692, 1), (2693, 1), (2700, 2), (2707, 1), (2712, 1), (2716, 3), (2723, 1), (2725, 2), (2735, 3), (2748, 1), (2763, 1), (2777, 2), (2780, 1), (2781, 9), (2783, 3), (2787, 2), (2790, 3), (2798, 1), (2802, 1), (2808, 1), (2809, 1), (2826, 1), (2840, 2), (2841, 1), (2859, 8), (2862, 5), (2865, 1), (2878, 2), (2880, 1), (2884, 1), (2895, 1), (2899, 1), (2919, 1), (2924, 1), (2929, 2), (2931, 1), (2933, 2), (2936, 1), (2946, 1), (2955, 1), (2956, 3), (2965, 2), (2968, 10), (2975, 3), (3001, 2), (3008, 2), (3009, 1), (3016, 3), (3020, 1), (3021, 3), (3034, 2), (3040, 1), (3054, 1), (3058, 1), (3059, 2), (3075, 1), (3079, 4), (3089, 3), (3094, 1), (3099, 11), (3107, 1), (3114, 1), (3125, 1), (3126, 11), (3135, 1), (3167, 2), (3173, 1), (3175, 1), (3181, 8), (3189, 1), (3191, 6), (3198, 1), (3207, 1), (3225, 1), (3246, 6), (3248, 1), (3263, 1), (3265, 2), (3274, 1), (3276, 2), (3286, 1), (3291, 2), (3292, 4), (3297, 6), (3300, 1), (3310, 1), (3318, 14), (3320, 1), (3331, 1), (3332, 3), (3341, 5), (3359, 1), (3361, 1), (3362, 1), (3366, 1), (3368, 4), (3371, 2), (3374, 2), (3380, 1), (3410, 1), (3417, 1), (3419, 1), (3447, 6), (3452, 2), (3456, 1), (3470, 4), (3478, 3), (3490, 1), (3493, 2), (3499, 5), (3508, 4), (3515, 1), (3519, 2), (3528, 4), (3530, 5), (3533, 1), (3534, 4), (3537, 1), (3542, 1), (3554, 2), (3562, 5), (3565, 1), (3608, 5), (3612, 1), (3620, 1), (3633, 1), (3637, 2), (3645, 6), (3674, 8), (3699, 13), (3711, 1), (3726, 1), (3730, 2), (3738, 3), (3741, 1), (3746, 1), (3753, 1), (3764, 11), (3773, 2), (3791, 1), (3796, 2), (3799, 1), (3801, 1), (3813, 1), (3824, 2), (3836, 3), (3845, 1), (3846, 1), (3848, 2), (3850, 5), (3852, 4), (3856, 4), (3873, 1), (3877, 16), (3882, 2), (3901, 1), (3904, 2), (3915, 1), (3921, 1), (3929, 3), (3931, 2), (3936, 4), (3937, 2), (3959, 4), (3965, 1), (3970, 2), (3973, 1), (3977, 1), (3979, 2), (3989, 1), (3995, 2), (3997, 1), (3999, 1), (4006, 1), (4020, 3), (4023, 1), (4026, 1), (4027, 2), (4045, 2), (4047, 3), (4052, 3), (4055, 12), (4063, 2), (4079, 1), (4082, 2), (4103, 1), (4107, 1), (4116, 2), (4117, 1), (4133, 1), (4135, 1), (4144, 2), (4154, 1), (4159, 1), (4161, 2), (4166, 3), (4171, 12), (4172, 1), (4178, 3), (4201, 6), (4205, 1), (4220, 1), (4221, 2), (4240, 3), (4242, 1), (4243, 2), (4244, 1), (4261, 1), (4277, 10), (4281, 1), (4290, 1), (4294, 9), (4303, 1), (4306, 3), (4316, 1), (4323, 2), (4325, 2), (4346, 3), (4349, 2), (4364, 1), (4367, 3), (4370, 3), (4374, 1), (4396, 1), (4401, 1), (4402, 1), (4411, 2), (4414, 1), (4422, 1), (4436, 1), (4449, 2), (4450, 4), (4452, 2), (4453, 1), (4455, 1), (4485, 2), (4487, 1), (4488, 11), (4489, 12), (4490, 1), (4498, 33), (4511, 3), (4519, 2), (4523, 1), (4528, 1), (4530, 3), (4533, 2), (4539, 1), (4543, 4), (4584, 1), (4595, 1), (4596, 3), (4603, 9), (4604, 1), (4611, 1), (4616, 1), (4619, 1), (4620, 1), (4643, 1), (4652, 1), (4655, 1), (4673, 9), (4675, 1), (4676, 1), (4679, 3), (4680, 1), (4696, 1), (4698, 4), (4700, 1), (4728, 1), (4732, 4), (4764, 2), (4770, 2), (4772, 2), (4781, 8), (4788, 2), (4803, 1), (4806, 4), (4808, 2), (4811, 6), (4820, 6), (4822, 1), (4828, 1), (4829, 1), (4830, 1), (4833, 2), (4838, 4), (4863, 1), (4865, 1), (4870, 3), (4877, 1), (4880, 1), (4888, 2), (4891, 2), (4893, 1), (4899, 3), (4906, 5), (4920, 2), (4922, 1), (4928, 5), (4930, 1), (4934, 1), (4941, 1), (4945, 2), (4968, 1), (4971, 2), (4972, 1), (4987, 2), (4993, 1), (5001, 1), (5002, 1), (5021, 8), (5030, 1), (5033, 6), (5043, 1), (5092, 1), (5093, 1), (5097, 1), (5098, 1), (5102, 1), (5105, 1), (5112, 1), (5133, 2), (5144, 9), (5154, 1), (5170, 2), (5204, 5), (5221, 8), (5228, 1), (5231, 8), (5236, 3), (5237, 3), (5251, 1), (5255, 8), (5277, 1), (5284, 2), (5289, 1), (5294, 4), (5296, 1), (5297, 2), (5299, 1), (5309, 1), (5311, 6), (5316, 2), (5320, 2), (5334, 6), (5337, 1), (5346, 1), (5348, 10), (5365, 2), (5367, 1), (5385, 1), (5405, 4), (5408, 1), (5413, 1), (5414, 1), (5428, 1), (5435, 6), (5441, 1), (5450, 1), (5451, 7), (5462, 2), (5494, 2), (5498, 7), (5511, 1), (5514, 1), (5516, 1), (5523, 2), (5524, 2), (5527, 1), (5529, 1), (5530, 3), (5544, 67), (5549, 1), (5551, 1), (5553, 4), (5554, 1), (5564, 1), (5602, 1), (5608, 1), (5619, 2), (5624, 6), (5628, 1), (5633, 1), (5636, 5), (5639, 3), (5641, 1), (5670, 1), (5679, 1), (5684, 3), (5685, 2), (5686, 1), (5699, 2), (5705, 1), (5715, 2), (5720, 6), (5724, 3), (5744, 2), (5746, 1), (5752, 1), (5757, 1), (5758, 1), (5761, 2), (5763, 1), (5774, 1), (5776, 1), (5777, 2), (5782, 4), (5787, 2), (5800, 1), (5837, 1), (5838, 2), (5840, 2), (5850, 3), (5851, 1), (5853, 6), (5872, 1), (5878, 6), (5880, 2), (5889, 6), (5903, 2), (5913, 2), (5919, 1), (5921, 12), (5927, 41), (5928, 8), (5936, 3), (5937, 6), (5942, 1), (5944, 1), (5954, 1), (5957, 1), (5967, 4), (5968, 3), (5983, 2), (5984, 1), (5988, 2), (5997, 2), (6022, 1), (6027, 2), (6033, 1), (6036, 1), (6038, 1), (6046, 1), (6058, 2), (6064, 2), (6089, 2), (6091, 3), (6095, 1), (6112, 1), (6118, 1), (6122, 2), (6135, 1), (6143, 1), (6159, 1), (6163, 2), (6165, 1), (6170, 1), (6173, 1), (6210, 1), (6214, 1), (6216, 2), (6225, 2), (6231, 2), (6232, 1), (6237, 2), (6240, 1), (6244, 1), (6253, 3), (6259, 6), (6264, 22), (6273, 1), (6274, 1), (6282, 4), (6290, 2), (6293, 18), (6298, 2), (6301, 5), (6314, 1), (6330, 1), (6333, 17), (6334, 1), (6340, 1), (6363, 1), (6376, 3), (6380, 4), (6388, 1), (6396, 1), (6403, 1), (6404, 46), (6413, 1), (6418, 3), (6439, 4), (6446, 3), (6459, 1), (6474, 1), (6475, 3), (6483, 1), (6486, 3), (6491, 1), (6493, 5), (6508, 1), (6519, 2), (6524, 1), (6540, 36), (6546, 2), (6556, 1), (6557, 5), (6558, 2), (6565, 2), (6568, 1), (6617, 1), (6621, 4), (6634, 1), (6637, 2), (6642, 1), (6666, 30), (6668, 4), (6671, 2), (6677, 1), (6688, 1), (6696, 9), (6713, 1), (6715, 1), (6720, 3), (6721, 1), (6729, 2), (6735, 2), (6738, 1), (6746, 7), (6752, 1), (6757, 1), (6769, 6), (6772, 1), (6779, 4), (6793, 1), (6794, 6), (6801, 1), (6803, 4), (6819, 3), (6843, 1), (6853, 1), (6854, 1), (6888, 3), (6897, 6), (6898, 28), (6907, 1), (6913, 3), (6919, 1), (6930, 1), (6935, 3), (6937, 1), (6955, 2), (6959, 2), (6964, 1), (6973, 13), (6992, 1), (6997, 1), (7001, 2), (7002, 2), (7008, 1), (7010, 11), (7014, 1), (7021, 4), (7051, 1), (7055, 3), (7057, 1), (7060, 1), (7084, 2), (7090, 1), (7096, 1), (7103, 1), (7109, 2), (7115, 3), (7123, 1), (7124, 9), (7126, 3), (7131, 1), (7136, 1), (7150, 2), (7159, 8), (7174, 7), (7178, 1), (7180, 2), (7186, 1), (7201, 1), (7209, 1), (7214, 1), (7215, 1), (7227, 1), (7231, 1), (7241, 2), (7243, 2), (7245, 2), (7249, 1), (7252, 1), (7257, 1), (7266, 1), (7267, 1), (7289, 4), (7291, 2), (7293, 2), (7296, 1), (7298, 2), (7307, 1), (7322, 3), (7342, 3), (7352, 3), (7359, 1), (7369, 1), (7374, 5), (7399, 2), (7419, 2), (7427, 1), (7432, 1), (7438, 1), (7440, 2), (7443, 1), (7446, 37), (7449, 1), (7471, 1), (7482, 1), (7483, 1), (7494, 4), (7496, 2), (7510, 1), (7518, 2), (7559, 1), (7571, 5), (7580, 1), (7589, 1), (7590, 1), (7596, 1), (7614, 1), (7620, 1), (7621, 1), (7622, 3), (7627, 1), (7630, 2), (7631, 1), (7637, 5), (7639, 4), (7640, 2), (7648, 1), (7650, 2), (7661, 5), (7692, 6), (7696, 3), (7707, 2), (7717, 4), (7721, 1), (7722, 10), (7723, 1), (7732, 4), (7744, 1), (7754, 2), (7758, 1), (7771, 1), (7779, 2), (7785, 2), (7797, 1), (7804, 1), (7810, 9), (7812, 2), (7822, 1), (7827, 1), (7828, 1), (7830, 2), (7834, 1), (7838, 1), (7847, 1), (7857, 1), (7868, 1), (7870, 2), (7881, 1), (7884, 2), (7885, 2), (7887, 1), (7895, 3), (7899, 3), (7901, 1), (7907, 6), (7908, 2), (7919, 1), (7936, 1), (7943, 2), (7949, 1), (7964, 4), (7977, 1), (7991, 1), (7994, 1), (8009, 1), (8019, 2), (8021, 1), (8023, 1), (8045, 1), (8046, 1), (8049, 2), (8064, 6), (8082, 1), (8083, 2), (8089, 8), (8122, 1), (8141, 9), (8159, 1), (8173, 2), (8190, 4), (8195, 1), (8196, 14), (8202, 1), (8203, 1), (8221, 1), (8226, 1), (8228, 4), (8231, 3), (8235, 1), (8240, 2), (8248, 1), (8269, 5), (8286, 1), (8289, 4), (8293, 18), (8300, 3), (8301, 1), (8304, 4), (8308, 3), (8312, 1), (8327, 2), (8332, 1), (8334, 2), (8344, 1), (8349, 4), (8350, 2), (8354, 1), (8360, 2), (8362, 1), (8367, 1), (8369, 1), (8373, 3), (8377, 1), (8383, 1), (8384, 1), (8391, 4), (8394, 1), (8395, 1), (8408, 3), (8412, 5), (8426, 1), (8445, 1), (8446, 1), (8462, 1), (8465, 1), (8469, 3), (8487, 1), (8488, 1), (8502, 3), (8507, 1), (8513, 1), (8520, 1), (8524, 2), (8529, 1), (8536, 2), (8541, 1), (8547, 1), (8553, 4), (8568, 2), (8571, 1), (8575, 2), (8581, 6), (8586, 6), (8589, 2), (8592, 1), (8594, 5), (8612, 1), (8613, 1), (8619, 1), (8628, 5), (8638, 1), (8644, 2), (8653, 3), (8657, 1), (8664, 3), (8667, 3), (8668, 2), (8681, 3), (8700, 1), (8722, 2), (8723, 4), (8725, 4), (8727, 3), (8736, 2), (8742, 4), (8745, 8), (8747, 8), (8755, 1), (8762, 6), (8779, 1), (8794, 7), (8796, 10), (8799, 1), (8803, 4), (8808, 11), (8819, 1), (8827, 4), (8828, 1), (8836, 1), (8842, 1), (8849, 2), (8850, 1), (8853, 3), (8854, 1), (8857, 1), (8862, 3), (8878, 1), (8900, 2), (8901, 1), (8911, 2), (8917, 1), (8920, 2), (8953, 2), (8965, 2), (8966, 1), (8970, 1), (8972, 1), (8981, 1), (8987, 1), (8988, 1), (8996, 1), (9000, 1), (9011, 1), (9015, 1), (9016, 6), (9051, 1), (9052, 1), (9073, 1), (9109, 3), (9113, 2), (9117, 3), (9119, 1), (9135, 1), (9136, 6), (9140, 1), (9143, 5), (9153, 1), (9155, 1), (9163, 1), (9166, 3), (9180, 3), (9181, 2), (9183, 2), (9190, 1), (9193, 1), (9209, 3), (9220, 1), (9231, 1), (9240, 2), (9241, 2), (9242, 1), (9244, 2), (9247, 17), (9256, 4), (9262, 1), (9272, 5), (9295, 1), (9300, 1), (9315, 1), (9317, 1), (9323, 2), (9324, 2), (9329, 1), (9337, 2), (9343, 4), (9346, 1), (9347, 1), (9348, 1), (9364, 5), (9372, 2), (9395, 3), (9398, 2), (9402, 3), (9432, 1), (9434, 5), (9448, 1), (9453, 2), (9455, 1), (9476, 2), (9484, 1), (9489, 14), (9490, 14), (9491, 2), (9500, 2), (9501, 2), (9503, 1), (9527, 1), (9537, 1), (9578, 1), (9579, 2), (9590, 2), (9594, 1), (9600, 1), (9601, 2), (9615, 1), (9625, 1), (9632, 2), (9633, 1), (9657, 1), (9663, 1), (9670, 2), (9684, 2), (9691, 1), (9709, 1), (9714, 4), (9715, 2), (9717, 2), (9721, 4), (9724, 1), (9726, 1), (9741, 1), (9748, 1), (9749, 2), (9750, 1), (9755, 2), (9763, 3), (9772, 1), (9789, 1), (9794, 1), (9796, 2), (9826, 3), (9829, 1), (9830, 1), (9836, 1), (9840, 1), (9846, 2), (9861, 2), (9870, 1), (9871, 1), (9885, 3), (9886, 3), (9888, 1), (9892, 13), (9900, 1), (9905, 1), (9914, 4), (9953, 11), (9954, 1), (9955, 1), (9965, 1), (9967, 1), (9968, 1), (9991, 2), (9993, 1)
stayin (DF: 38): (13, 1), (289, 1), (320, 1), (514, 2), (1143, 1), (2026, 1), (3260, 1), (3277, 1), (3594, 1), (3624, 1), (3904, 1), (4128, 1), (4493, 1), (5345, 1), (5967, 2), (6168, 1), (6333, 1), (6475, 2), (6490, 1), (6817, 1), (7045, 1), (7063, 1), (7436, 1), (7645, 1), (7778, 1), (7839, 1), (8132, 1), (8501, 2), (8570, 1), (8819, 11), (8864, 2), (9063, 1), (9104, 1), (9110, 2), (9183, 1), (9657, 1), (9763, 1), (9783, 1)
staying (DF: 1): (1461, 1)
stazion (DF: 1): (3316, 1)
ste (DF: 5): (63, 1), (5109, 1), (6341, 2), (6631, 1), (7251, 1)
stead (DF: 4): (691, 1), (6731, 2), (9291, 1), (9866, 1)
steadfast (DF: 1): (7730, 1)
steadi (DF: 109): (1, 1), (27, 1), (51, 1), (55, 4), (113, 1), (449, 1), (603, 4), (666, 1), (832, 1), (1018, 2), (1128, 2), (1282, 2), (1317, 1), (1354, 1), (1419, 1), (1483, 1), (1575, 1), (1657, 1), (1744, 2), (1760, 1), (2031, 1), (2056, 1), (2094, 3), (2104, 1), (2157, 1), (2186, 1), (2218, 1), (2259, 1), (2278, 1), (2322, 1), (2332, 1), (2386, 4), (2493, 7), (2523, 1), (2893, 1), (2911, 1), (3059, 1), (3152, 1), (3161, 1), (3233, 1), (3420, 2), (3427, 1), (3483, 1), (3486, 1), (3487, 1), (3811, 1), (3888, 1), (4062, 1), (4244, 1), (4360, 3), (4446, 1), (4543, 1), (4636, 31), (4684, 1), (4766, 2), (4820, 1), (4918, 1), (5030, 1), (5050, 1), (5345, 1), (5408, 1), (5444, 2), (5467, 1), (5505, 2), (5509, 1), (5596, 1), (5695, 1), (5748, 1), (5779, 1), (5872, 2), (5937, 1), (6196, 3), (6296, 1), (6392, 1), (6613, 1), (6912, 1), (7061, 1), (7138, 2), (7159, 8), (7198, 1), (7226, 1), (7369, 1), (7394, 1), (7540, 1), (7663, 1), (7685, 5), (7771, 1), (7785, 1), (7862, 1), (7988, 1), (8055, 2), (8102, 2), (8121, 1), (8284, 1), (8299, 2), (8426, 2), (8445, 5), (8568, 2), (8602, 1), (8715, 2), (8976, 1), (9263, 1), (9297, 1), (9419, 1), (9574, 1), (9713, 1), (9729, 1), (9870, 1), (9993, 1)
steadili (DF: 10): (1036, 1), (1820, 1), (2147, 1), (3233, 1), (3483, 1), (4731, 1), (5707, 2), (5720, 1), (7679, 2), (9681, 1)
steak (DF: 37): (172, 1), (352, 1), (541, 1), (660, 1), (681, 1), (1029, 1), (1058, 1), (1203, 1), (1469, 1), (2178, 1), (2344, 1), (2563, 1), (2566, 1), (2832, 1), (3142, 1), (3186, 2), (3538, 1), (3884, 1), (4124, 1), (4267, 1), (4452, 2), (4575, 1), (4864, 1), (5076, 1), (5137, 1), (5560, 1), (6141, 1), (6322, 1), (7382, 1), (7474, 1), (8209, 1), (8629, 1), (9150, 1), (9199, 1), (9460, 1), (9693, 1), (9881, 1)
steakhous (DF: 1): (7752, 1)
steal (DF: 130): (2, 1), (101, 1), (208, 1), (237, 1), (241, 3), (248, 1), (531, 4), (575, 2), (622, 1), (861, 4), (1038, 1), (1048, 1), (1342, 1), (1344, 1), (1378, 2), (1430, 1), (1434, 2), (1454, 1), (1561, 1), (1671, 1), (1705, 1), (1720, 1), (1972, 1), (2049, 2), (2112, 1), (2208, 1), (2218, 1), (2348, 1), (2421, 10), (2541, 2), (2603, 1), (2605, 3), (2652, 1), (2715, 2), (2750, 1), (2793, 1), (2832, 1), (2884, 1), (3012, 1), (3054, 1), (3072, 6), (3136, 1), (3147, 2), (3180, 2), (3321, 3), (3388, 1), (3395, 2), (3474, 2), (3556, 1), (3565, 1), (3642, 1), (3745, 1), (3760, 1), (3845, 1), (3913, 3), (3923, 1), (4044, 1), (4133, 1), (4351, 4), (4482, 1), (4519, 1), (4561, 2), (4600, 1), (4634, 2), (4646, 1), (4774, 3), (4866, 1), (4878, 1), (4907, 1), (5081, 1), (5210, 1), (5280, 7), (5307, 3), (5419, 1), (5491, 2), (5599, 1), (5953, 1), (6223, 1), (6229, 2), (6232, 1), (6265, 1), (6268, 1), (6352, 1), (6520, 1), (6523, 1), (6622, 1), (6946, 1), (7020, 1), (7121, 1), (7134, 1), (7233, 1), (7473, 1), (7498, 2), (7574, 1), (7590, 1), (7611, 1), (7622, 1), (7643, 3), (7658, 1), (7661, 5), (7685, 1), (7767, 5), (7827, 1), (7834, 2), (7943, 1), (7971, 2), (8055, 2), (8102, 2), (8191, 1), (8253, 3), (8367, 1), (8517, 1), (8702, 1), (8705, 1), (8807, 1), (8853, 1), (8976, 1), (9011, 1), (9110, 2), (9209, 1), (9292, 1), (9315, 1), (9419, 1), (9424, 1), (9541, 1), (9687, 1), (9787, 2), (9870, 1), (9886, 1), (9994, 2)
stealer (DF: 5): (1135, 1), (2827, 1), (3238, 1), (7292, 1), (9436, 1)
stealin (DF: 19): (753, 1), (1712, 1), (1806, 1), (2077, 4), (2177, 1), (2366, 1), (2838, 2), (3238, 1), (4045, 1), (4250, 1), (4634, 1), (4866, 1), (6636, 1), (7033, 2), (7217, 4), (7635, 1), (7707, 1), (9061, 1), (9944, 1)
stealth (DF: 1): (9670, 2)
steam (DF: 22): (802, 1), (1350, 1), (1361, 1), (1469, 1), (2156, 1), (2199, 1), (2710, 2), (2820, 1), (2962, 1), (3121, 6), (4264, 1), (4820, 1), (5075, 1), (5092, 1), (6000, 1), (6403, 1), (7070, 1), (7238, 1), (7433, 4), (7758, 2), (9784, 1), (9850, 1)
steami (DF: 1): (3081, 1)
steamin (DF: 5): (4516, 1), (5755, 1), (9447, 2), (9561, 2), (9758, 1)
steamrol (DF: 2): (3606, 1), (6233, 2)
stech (DF: 4): (2100, 8), (3212, 5), (5775, 1), (7463, 2)
steck (DF: 3): (3048, 1), (5429, 2), (7983, 1)
steckbrief (DF: 1): (2170, 1)
stecker (DF: 1): (6471, 1)
steckt (DF: 1): (2574, 1)
sted (DF: 1): (2018, 1)
steed (DF: 2): (3748, 1), (6641, 1)
steek (DF: 1): (2260, 1)
steel (DF: 58): (40, 1), (222, 1), (281, 1), (337, 8), (737, 1), (753, 1), (841, 8), (1023, 3), (1029, 1), (1211, 1), (1311, 1), (1343, 1), (1477, 1), (2032, 1), (2569, 1), (2762, 1), (2856, 1), (3018, 1), (3563, 2), (3578, 1), (4239, 1), (4279, 1), (4369, 1), (4492, 1), (4963, 1), (4974, 1), (5362, 1), (5453, 1), (5593, 8), (5710, 1), (5846, 1), (5937, 1), (5972, 1), (5974, 1), (6114, 1), (6118, 1), (6215, 1), (6403, 1), (6429, 1), (6496, 1), (6636, 1), (7219, 1), (7226, 1), (7240, 4), (7450, 1), (7451, 1), (7740, 1), (7810, 9), (7973, 1), (8060, 2), (8114, 2), (8154, 1), (8659, 1), (8756, 1), (9102, 1), (9668, 1), (9686, 4), (9763, 1)
steeli (DF: 7): (2674, 1), (3390, 1), (4284, 1), (5281, 1), (6606, 1), (8713, 2), (9458, 4)
steelo (DF: 4): (738, 1), (1375, 8), (2771, 4), (6560, 1)
steep (DF: 6): (1910, 1), (3087, 1), (3201, 1), (6074, 1), (7472, 1), (7867, 1)
steeper (DF: 3): (3087, 1), (5992, 1), (6074, 1)
steepl (DF: 5): (1063, 1), (5995, 1), (6732, 2), (7498, 2), (8070, 1)
steeplechas (DF: 1): (223, 1)
steer (DF: 27): (195, 2), (968, 2), (1344, 1), (1552, 1), (2000, 1), (2296, 1), (2391, 2), (2685, 3), (3741, 1), (4113, 2), (5863, 1), (7442, 1), (7554, 1), (8007, 1), (8021, 1), (8235, 1), (8583, 1), (8674, 1), (8754, 3), (8907, 2), (9398, 1), (9409, 2), (9529, 1), (9566, 1), (9707, 1), (9744, 1), (9883, 5)
steerin (DF: 7): (1211, 1), (2322, 1), (5413, 1), (5974, 1), (8369, 1), (8641, 2), (8745, 1)
steerner (DF: 2): (7966, 1), (8988, 1)
steez (DF: 5): (153, 2), (409, 2), (786, 1), (3726, 1), (8395, 1)
stefani (DF: 1): (719, 1)
steff (DF: 1): (5395, 2)
steffi (DF: 1): (4989, 1)
stefflon (DF: 4): (746, 2), (6650, 4), (6760, 2), (9474, 2)
steh (DF: 17): (246, 1), (437, 1), (493, 1), (1771, 1), (2050, 1), (2535, 1), (2637, 1), (3048, 2), (3212, 2), (3466, 1), (3849, 2), (5382, 1), (5493, 1), (5691, 1), (6238, 1), (6620, 1), (7306, 6)
