mazd (DF: 2): (4916, 1), (5224, 1)
mazda (DF: 1): (148, 1)
maze (DF: 24): (72, 1), (899, 1), (1273, 1), (2274, 1), (2375, 2), (2865, 1), (3200, 1), (3435, 1), (3565, 1), (4250, 1), (4696, 1), (4942, 5), (6082, 1), (7134, 1), (7186, 1), (7245, 1), (7436, 1), (8101, 1), (8294, 1), (8330, 1), (8559, 1), (9146, 2), (9680, 4), (9948, 1)
mazel (DF: 1): (1349, 2)
mazela (DF: 1): (2839, 1)
mazorque (DF: 1): (1803, 1)
mazur (DF: 1): (6109, 1)
maîtr (DF: 1): (4440, 1)
maîtris (DF: 1): (4197, 1)
mañ (DF: 5): (6251, 1), (6532, 1), (8518, 1), (9431, 1), (9516, 1)
mañan (DF: 82): (143, 2), (328, 6), (353, 1), (477, 1), (557, 3), (836, 2), (885, 4), (890, 2), (934, 1), (1008, 2), (1033, 1), (1051, 2), (1099, 1), (1213, 2), (1241, 2), (1309, 3), (1395, 1), (1584, 1), (1665, 1), (1682, 1), (1967, 4), (2309, 3), (2325, 2), (2429, 1), (2828, 1), (2938, 2), (3062, 2), (3070, 6), (3093, 4), (3403, 2), (3816, 3), (3875, 1), (4009, 1), (4032, 2), (4186, 8), (4246, 2), (4386, 3), (4518, 1), (4568, 1), (4879, 1), (4948, 1), (5022, 1), (5218, 1), (5399, 3), (5541, 1), (5588, 1), (5659, 1), (5770, 3), (5796, 4), (5975, 2), (6079, 2), (6138, 1), (6179, 4), (6239, 1), (6279, 2), (6326, 3), (6384, 1), (6466, 1), (6485, 1), (6588, 6), (6645, 4), (6650, 2), (6651, 1), (6884, 6), (6928, 2), (7587, 2), (7851, 4), (8763, 1), (8883, 1), (8902, 46), (9039, 12), (9079, 1), (9306, 1), (9334, 1), (9383, 1), (9470, 1), (9496, 3), (9534, 4), (9652, 3), (9719, 1), (9939, 1), (9960, 8)
mañana (DF: 3): (8597, 3), (9095, 1), (9474, 1)
mañaner (DF: 1): (353, 1)
maños (DF: 2): (7380, 2), (9246, 1)
mbm (DF: 1): (55, 1)
mbz (DF: 1): (858, 1)
mc (DF: 85): (27, 3), (115, 2), (121, 3), (198, 1), (213, 2), (369, 1), (397, 1), (417, 1), (540, 2), (547, 1), (563, 2), (598, 1), (803, 3), (804, 1), (924, 1), (964, 2), (993, 1), (1790, 2), (1902, 1), (2104, 1), (2825, 2), (2986, 1), (3019, 1), (3048, 2), (3156, 1), (3251, 1), (3411, 10), (3476, 2), (3745, 1), (4357, 1), (4407, 1), (4460, 1), (4770, 1), (4854, 1), (4866, 2), (5037, 2), (5075, 1), (5271, 2), (5309, 4), (5483, 2), (5529, 8), (5565, 1), (5587, 4), (5715, 1), (5792, 1), (5859, 1), (5959, 1), (6024, 1), (6184, 8), (6214, 1), (6450, 1), (6500, 2), (7007, 1), (7211, 1), (7247, 1), (7270, 1), (7451, 1), (7538, 2), (7745, 1), (7922, 1), (7935, 1), (8027, 1), (8255, 4), (8325, 1), (8363, 1), (8407, 2), (8416, 1), (8561, 9), (8817, 1), (8858, 2), (8989, 1), (9007, 3), (9194, 8), (9302, 1), (9368, 2), (9396, 1), (9408, 1), (9432, 8), (9470, 1), (9567, 1), (9571, 2), (9752, 1), (9784, 1), (9812, 4), (9965, 1)
mca (DF: 1): (7635, 1)
mcafe (DF: 1): (3045, 1)
mcalpin (DF: 1): (4290, 1)
mccabe (DF: 1): (7840, 2)
mccarley (DF: 1): (1827, 2)
mccarthi (DF: 1): (7697, 1)
mccartney (DF: 15): (325, 1), (766, 1), (2485, 1), (2707, 1), (3296, 1), (3367, 1), (3447, 1), (4831, 1), (4867, 1), (5641, 1), (6475, 1), (6725, 1), (7731, 1), (9439, 1), (9500, 1)
mcclain (DF: 2): (570, 1), (941, 1)
mcclane (DF: 1): (369, 1)
mcclendon (DF: 1): (1869, 1)
mcclenney (DF: 2): (620, 1), (2218, 2)
mccluskey (DF: 1): (3309, 2)
mccomb (DF: 1): (1965, 1)
mccoy (DF: 6): (987, 1), (1306, 1), (2190, 1), (4326, 1), (7178, 1), (8378, 1)
mccurdi (DF: 1): (5635, 1)
mcd (DF: 1): (8555, 1)
mcdonald (DF: 6): (1294, 1), (4282, 1), (4410, 14), (5601, 1), (7165, 2), (9167, 1)
mcdonaldyou (DF: 1): (6403, 1)
mcdoubl (DF: 1): (1623, 1)
mcenro (DF: 1): (8959, 1)
mcfli (DF: 1): (4811, 6)
mcg (DF: 1): (9263, 1)
mcghee (DF: 1): (5712, 1)
mcgirt (DF: 1): (7829, 1)
mcgrady (DF: 1): (7392, 2)
mcgraw (DF: 1): (3161, 1)
mcgriddl (DF: 1): (8467, 1)
mcgriff (DF: 1): (6403, 1)
mcgruff (DF: 1): (7758, 1)
mcgwir (DF: 1): (1474, 1)
mcgwire (DF: 1): (5228, 1)
mci (DF: 1): (2995, 5)
mckee (DF: 1): (9504, 1)
mckenzi (DF: 1): (636, 1)
mckinni (DF: 1): (3939, 1)
mcknight (DF: 5): (1094, 2), (1522, 1), (2435, 1), (2635, 1), (9665, 2)
mclaren (DF: 6): (4833, 1), (5413, 1), (8803, 24), (9036, 2), (9147, 1), (9922, 1)
mclean (DF: 2): (3164, 1), (6374, 2)
mcloughlin (DF: 1): (3120, 1)
mclovin (DF: 2): (4386, 1), (6151, 1)
mclyte (DF: 1): (3965, 1)
mcm (DF: 2): (2254, 1), (8387, 1)
mcmahon (DF: 1): (3766, 2)
mcnasti (DF: 1): (6151, 1)
mcnugget (DF: 2): (2241, 1), (2809, 1)
mcphatter (DF: 1): (4223, 1)
mcpherson (DF: 1): (6473, 1)
mcqueen (DF: 1): (7106, 1)
mcs (DF: 18): (151, 3), (248, 1), (1790, 5), (2039, 1), (4522, 1), (4739, 1), (5049, 1), (5206, 1), (5349, 1), (5587, 2), (7538, 1), (7745, 1), (8255, 1), (9143, 1), (9267, 1), (9315, 1), (9567, 1), (9794, 2)
mcscari (DF: 1): (5779, 1)
mcvay (DF: 1): (2048, 1)
mcveigh (DF: 1): (6452, 1)
md (DF: 2): (5674, 1), (5959, 1)
mdma (DF: 4): (250, 2), (7479, 2), (8491, 1), (9509, 1)
mdrn (DF: 1): (6191, 1)
me (DF: 54): (9, 2), (524, 4), (1010, 7), (1447, 8), (1485, 2), (1800, 3), (1848, 3), (1850, 1), (1987, 5), (2059, 19), (2498, 5), (2518, 2), (2549, 3), (2881, 1), (3067, 1), (3210, 1), (3348, 10), (3717, 3), (4124, 3), (4587, 1), (4873, 2), (4890, 4), (4992, 1), (5020, 13), (5187, 1), (5392, 2), (5429, 1), (5439, 1), (5663, 6), (5825, 1), (5955, 1), (6341, 4), (6368, 3), (6691, 1), (6798, 1), (6961, 4), (7373, 1), (7466, 2), (7694, 1), (8054, 1), (8130, 2), (8161, 1), (8198, 3), (8208, 8), (8264, 2), (8671, 4), (8777, 1), (8829, 4), (8936, 5), (9222, 5), (9596, 2), (9664, 1), (9738, 5), (9906, 2)
me81 (DF: 2): (6777, 1), (6929, 2)
mea (DF: 2): (335, 2), (5663, 27)
meachin (DF: 1): (4023, 1)
mead (DF: 1): (417, 1)
meadow (DF: 6): (435, 1), (4821, 1), (4867, 3), (6997, 1), (7243, 2), (8857, 2)
meagan (DF: 2): (7213, 3), (7459, 1)
meal (DF: 31): (1029, 1), (1196, 1), (1613, 1), (1672, 3), (1674, 4), (1990, 1), (2225, 1), (2724, 1), (3626, 1), (4282, 1), (4345, 2), (4833, 1), (5331, 1), (5614, 1), (5627, 2), (5929, 2), (5974, 1), (6403, 1), (6521, 3), (6923, 1), (7093, 1), (7134, 3), (7498, 2), (7889, 1), (7901, 1), (7977, 1), (8005, 2), (8695, 3), (9409, 2), (9512, 1), (9870, 1)
mean (DF: 812): (6, 1), (17, 2), (31, 1), (45, 3), (49, 2), (62, 1), (78, 1), (82, 1), (102, 1), (130, 1), (134, 1), (194, 1), (196, 4), (205, 1), (208, 6), (228, 1), (232, 1), (240, 2), (270, 1), (274, 14), (310, 1), (319, 4), (334, 2), (361, 1), (365, 2), (374, 1), (379, 1), (389, 1), (405, 1), (406, 1), (409, 14), (418, 2), (419, 1), (434, 1), (449, 2), (469, 2), (470, 1), (486, 3), (516, 4), (521, 1), (526, 3), (534, 2), (544, 1), (554, 3), (563, 1), (571, 1), (576, 2), (581, 2), (591, 1), (593, 1), (596, 3), (605, 1), (614, 1), (634, 1), (646, 2), (672, 3), (689, 1), (716, 2), (726, 2), (731, 1), (740, 1), (753, 1), (800, 1), (802, 2), (805, 1), (810, 2), (825, 3), (831, 1), (853, 1), (859, 1), (863, 1), (882, 1), (916, 1), (923, 1), (925, 1), (939, 1), (946, 2), (956, 1), (964, 1), (966, 1), (970, 1), (983, 1), (986, 1), (993, 1), (1024, 3), (1028, 1), (1029, 1), (1038, 1), (1055, 1), (1058, 1), (1104, 2), (1113, 1), (1114, 1), (1133, 1), (1137, 8), (1170, 2), (1182, 1), (1194, 2), (1199, 1), (1205, 22), (1212, 7), (1217, 4), (1242, 1), (1256, 2), (1287, 1), (1310, 2), (1319, 1), (1330, 1), (1344, 1), (1351, 2), (1353, 2), (1356, 2), (1361, 1), (1372, 1), (1380, 2), (1397, 2), (1419, 1), (1431, 1), (1434, 1), (1437, 4), (1438, 1), (1440, 1), (1456, 1), (1475, 3), (1490, 1), (1509, 1), (1513, 1), (1516, 4), (1520, 1), (1546, 12), (1550, 4), (1552, 1), (1590, 2), (1604, 1), (1645, 4), (1657, 1), (1661, 1), (1680, 1), (1684, 1), (1713, 2), (1727, 2), (1746, 1), (1748, 3), (1757, 1), (1766, 4), (1773, 1), (1776, 2), (1820, 1), (1822, 2), (1835, 1), (1836, 1), (1856, 1), (1876, 3), (1926, 2), (1929, 1), (1936, 1), (1949, 1), (1961, 1), (1986, 5), (2002, 1), (2023, 1), (2028, 1), (2046, 1), (2061, 1), (2062, 1), (2064, 1), (2080, 1), (2084, 1), (2112, 1), (2126, 2), (2131, 8), (2157, 1), (2159, 2), (2161, 2), (2171, 4), (2177, 1), (2185, 8), (2192, 1), (2199, 1), (2202, 1), (2219, 2), (2236, 1), (2241, 1), (2251, 1), (2252, 2), (2253, 2), (2255, 1), (2269, 1), (2270, 1), (2279, 2), (2290, 33), (2294, 1), (2298, 2), (2304, 2), (2329, 1), (2333, 1), (2335, 3), (2340, 1), (2341, 2), (2344, 1), (2361, 1), (2377, 1), (2378, 1), (2406, 2), (2413, 2), (2431, 2), (2433, 1), (2435, 1), (2445, 1), (2492, 1), (2493, 1), (2495, 1), (2499, 1), (2508, 1), (2514, 2), (2515, 3), (2522, 2), (2540, 2), (2541, 2), (2553, 2), (2563, 2), (2569, 1), (2586, 1), (2605, 1), (2608, 2), (2618, 1), (2619, 1), (2636, 1), (2664, 1), (2691, 1), (2721, 2), (2724, 1), (2737, 4), (2741, 1), (2747, 1), (2749, 2), (2770, 1), (2778, 1), (2786, 3), (2791, 1), (2804, 1), (2809, 1), (2822, 1), (2823, 15), (2847, 5), (2856, 3), (2869, 1), (2870, 4), (2896, 1), (2899, 1), (2915, 1), (2925, 3), (2932, 1), (2937, 1), (2988, 11), (3025, 1), (3042, 1), (3068, 2), (3084, 6), (3100, 1), (3113, 1), (3148, 2), (3160, 3), (3168, 3), (3184, 2), (3217, 6), (3241, 1), (3247, 2), (3248, 1), (3260, 1), (3261, 1), (3271, 1), (3272, 1), (3273, 2), (3277, 3), (3283, 2), (3288, 1), (3298, 1), (3300, 1), (3321, 1), (3323, 2), (3345, 1), (3369, 1), (3374, 5), (3390, 1), (3412, 12), (3439, 2), (3448, 24), (3455, 1), (3487, 2), (3498, 1), (3521, 1), (3537, 2), (3565, 2), (3594, 1), (3599, 1), (3611, 1), (3621, 2), (3628, 1), (3632, 1), (3654, 1), (3662, 1), (3675, 2), (3688, 1), (3707, 2), (3731, 1), (3741, 2), (3753, 1), (3764, 2), (3774, 1), (3777, 1), (3781, 1), (3803, 3), (3811, 1), (3813, 1), (3831, 1), (3834, 30), (3869, 1), (3877, 3), (3882, 2), (3917, 1), (3921, 3), (3931, 1), (3947, 1), (3948, 1), (3987, 1), (3988, 1), (4021, 1), (4023, 1), (4071, 1), (4072, 2), (4093, 4), (4097, 1), (4105, 5), (4107, 1), (4129, 1), (4132, 1), (4137, 2), (4168, 2), (4185, 1), (4211, 1), (4229, 2), (4250, 1), (4252, 6), (4266, 1), (4274, 1), (4281, 1), (4293, 1), (4302, 3), (4305, 8), (4320, 1), (4349, 16), (4390, 5), (4402, 1), (4410, 1), (4431, 4), (4435, 1), (4457, 1), (4459, 1), (4461, 1), (4481, 1), (4483, 2), (4488, 1), (4491, 2), (4503, 2), (4516, 1), (4517, 1), (4519, 2), (4548, 1), (4565, 1), (4578, 2), (4634, 1), (4643, 1), (4647, 1), (4653, 1), (4670, 1), (4707, 1), (4712, 8), (4716, 1), (4724, 1), (4727, 2), (4748, 3), (4759, 1), (4766, 1), (4779, 12), (4791, 1), (4795, 1), (4829, 1), (4834, 1), (4841, 1), (4856, 2), (4869, 2), (4872, 1), (4881, 1), (4897, 1), (4925, 1), (4926, 1), (4928, 7), (4940, 1), (4964, 2), (4966, 1), (4973, 5), (4976, 1), (4981, 1), (4982, 1), (5042, 2), (5077, 4), (5083, 1), (5088, 1), (5094, 1), (5098, 1), (5107, 2), (5121, 1), (5124, 1), (5127, 8), (5131, 1), (5133, 2), (5142, 1), (5146, 3), (5179, 1), (5207, 1), (5237, 1), (5254, 2), (5257, 3), (5272, 1), (5280, 1), (5286, 1), (5292, 1), (5299, 1), (5312, 1), (5314, 1), (5319, 2), (5330, 2), (5343, 2), (5386, 1), (5387, 1), (5398, 1), (5407, 1), (5420, 24), (5422, 3), (5426, 2), (5440, 1), (5452, 1), (5456, 1), (5513, 2), (5527, 3), (5538, 1), (5549, 1), (5557, 1), (5560, 1), (5573, 4), (5586, 1), (5589, 1), (5590, 8), (5594, 1), (5612, 1), (5614, 1), (5620, 2), (5635, 1), (5671, 13), (5682, 1), (5708, 3), (5725, 1), (5732, 1), (5755, 1), (5757, 1), (5759, 2), (5782, 4), (5797, 12), (5805, 1), (5808, 1), (5814, 1), (5837, 1), (5838, 1), (5840, 1), (5848, 1), (5862, 1), (5872, 1), (5878, 2), (5900, 12), (5916, 5), (5933, 1), (5943, 1), (5954, 3), (5958, 2), (5968, 1), (5995, 1), (6003, 1), (6013, 1), (6036, 1), (6044, 2), (6050, 1), (6055, 3), (6062, 4), (6102, 1), (6108, 1), (6121, 1), (6123, 1), (6132, 1), (6164, 1), (6166, 1), (6186, 6), (6189, 1), (6191, 2), (6203, 11), (6228, 4), (6246, 2), (6253, 1), (6265, 1), (6267, 2), (6277, 4), (6282, 1), (6285, 2), (6293, 18), (6305, 1), (6323, 1), (6327, 1), (6334, 3), (6372, 2), (6373, 1), (6382, 1), (6383, 1), (6392, 1), (6403, 1), (6404, 9), (6405, 1), (6416, 4), (6453, 1), (6456, 1), (6467, 3), (6468, 2), (6490, 1), (6493, 1), (6505, 4), (6509, 4), (6530, 12), (6539, 1), (6541, 1), (6544, 1), (6550, 2), (6560, 1), (6563, 2), (6568, 1), (6582, 1), (6593, 3), (6602, 2), (6615, 2), (6618, 1), (6632, 16), (6636, 1), (6637, 1), (6672, 1), (6698, 1), (6729, 1), (6742, 5), (6755, 1), (6759, 1), (6761, 1), (6775, 3), (6782, 2), (6793, 2), (6795, 3), (6814, 3), (6824, 1), (6831, 1), (6877, 1), (6880, 1), (6890, 1), (6913, 2), (6920, 1), (6964, 1), (6965, 1), (6969, 2), (6970, 1), (6972, 1), (6977, 6), (6984, 1), (6988, 1), (6990, 1), (7020, 1), (7051, 1), (7076, 8), (7098, 1), (7099, 14), (7118, 5), (7130, 1), (7132, 1), (7139, 6), (7143, 1), (7148, 1), (7149, 1), (7157, 3), (7159, 2), (7173, 1), (7177, 1), (7178, 1), (7182, 1), (7190, 1), (7207, 2), (7208, 4), (7212, 2), (7252, 10), (7264, 1), (7291, 1), (7297, 3), (7314, 6), (7316, 1), (7327, 1), (7350, 1), (7388, 1), (7390, 1), (7391, 1), (7402, 1), (7406, 2), (7413, 3), (7441, 1), (7459, 1), (7461, 2), (7462, 1), (7483, 1), (7485, 9), (7511, 1), (7540, 1), (7552, 1), (7566, 1), (7574, 1), (7577, 4), (7578, 1), (7606, 1), (7615, 4), (7631, 4), (7654, 1), (7659, 3), (7662, 4), (7671, 1), (7706, 2), (7715, 1), (7718, 5), (7735, 3), (7739, 1), (7741, 1), (7754, 2), (7827, 1), (7884, 5), (7906, 6), (7940, 1), (7951, 1), (7952, 1), (7966, 1), (7995, 1), (8006, 1), (8053, 1), (8057, 1), (8060, 1), (8063, 27), (8065, 1), (8071, 1), (8079, 1), (8107, 1), (8135, 1), (8154, 3), (8166, 1), (8168, 1), (8179, 1), (8183, 3), (8195, 2), (8221, 1), (8237, 18), (8238, 4), (8246, 1), (8252, 1), (8258, 1), (8261, 6), (8301, 3), (8310, 8), (8322, 2), (8326, 2), (8327, 2), (8343, 2), (8351, 1), (8354, 1), (8364, 2), (8370, 4), (8382, 2), (8397, 2), (8424, 6), (8450, 1), (8481, 1), (8487, 1), (8492, 3), (8496, 1), (8503, 2), (8508, 1), (8547, 1), (8550, 1), (8554, 1), (8570, 1), (8579, 2), (8593, 1), (8614, 2), (8615, 1), (8647, 1), (8659, 3), (8692, 2), (8715, 2), (8724, 12), (8734, 4), (8739, 1), (8748, 2), (8753, 4), (8776, 1), (8811, 2), (8864, 2), (8873, 1), (8891, 1), (8900, 1), (8912, 1), (8917, 1), (8921, 1), (8927, 6), (8929, 1), (8968, 4), (8985, 1), (8987, 1), (8988, 1), (9006, 3), (9013, 1), (9020, 2), (9063, 1), (9064, 1), (9073, 2), (9084, 4), (9095, 1), (9101, 1), (9111, 3), (9113, 1), (9132, 1), (9140, 1), (9144, 3), (9165, 6), (9173, 6), (9176, 1), (9194, 2), (9231, 1), (9247, 3), (9265, 4), (9267, 1), (9273, 1), (9289, 8), (9292, 1), (9295, 1), (9300, 16), (9310, 2), (9312, 1), (9315, 1), (9319, 4), (9322, 1), (9326, 2), (9379, 1), (9381, 1), (9394, 1), (9398, 1), (9399, 1), (9408, 1), (9447, 2), (9454, 12), (9456, 1), (9487, 1), (9488, 1), (9522, 1), (9535, 2), (9538, 4), (9561, 2), (9563, 1), (9569, 2), (9599, 3), (9628, 1), (9633, 2), (9638, 4), (9640, 8), (9649, 1), (9653, 1), (9659, 1), (9667, 4), (9668, 1), (9688, 1), (9714, 1), (9723, 1), (9751, 1), (9768, 1), (9785, 1), (9787, 2), (9790, 1), (9796, 1), (9815, 1), (9823, 1), (9836, 1), (9853, 1), (9861, 1), (9870, 1), (9874, 1), (9875, 1), (9881, 1), (9888, 1), (9893, 55), (9915, 2), (9922, 1), (9927, 6), (9946, 2), (9948, 2), (9984, 1), (9993, 1)
meaner (DF: 1): (5600, 3)
meanest (DF: 8): (804, 4), (2500, 1), (3775, 2), (4107, 1), (7178, 1), (8347, 1), (9666, 1), (9752, 1)
meani (DF: 1): (2341, 2)
meanin (DF: 6): (1590, 1), (1727, 2), (1925, 1), (3019, 1), (4218, 1), (8325, 1)
meaning (DF: 3): (1088, 1), (1539, 1), (8431, 1)
meaningless (DF: 8): (1396, 1), (1944, 1), (2580, 6), (3096, 1), (3552, 1), (4677, 1), (8680, 2), (9559, 1)
means (DF: 3): (2967, 1), (4916, 1), (5358, 1)
meant (DF: 219): (7, 3), (20, 3), (80, 1), (140, 2), (170, 1), (204, 2), (225, 1), (262, 3), (289, 2), (297, 3), (329, 12), (415, 2), (446, 1), (454, 2), (455, 1), (457, 1), (550, 3), (563, 1), (805, 1), (835, 2), (850, 1), (925, 8), (962, 3), (969, 1), (975, 10), (1016, 1), (1091, 1), (1145, 1), (1242, 2), (1282, 1), (1321, 2), (1383, 2), (1460, 4), (1492, 2), (1533, 1), (1575, 1), (1581, 1), (1626, 8), (1643, 1), (1663, 4), (1666, 6), (1710, 1), (1739, 1), (1748, 2), (1760, 1), (1785, 2), (1822, 2), (1835, 2), (1861, 1), (1965, 1), (2177, 1), (2202, 1), (2245, 1), (2338, 2), (2393, 1), (2415, 1), (2427, 1), (2449, 2), (2450, 2), (2499, 1), (2534, 9), (2613, 2), (2615, 6), (2628, 26), (2634, 1), (2660, 1), (2851, 1), (2918, 3), (2929, 1), (2935, 1), (2982, 1), (3036, 2), (3047, 1), (3142, 7), (3231, 3), (3298, 1), (3355, 3), (3396, 2), (3440, 24), (3552, 12), (3558, 1), (3589, 1), (3639, 1), (3682, 2), (3707, 2), (3762, 3), (3771, 1), (3832, 1), (3844, 3), (3905, 1), (3914, 6), (3929, 3), (3933, 1), (4132, 1), (4175, 1), (4241, 4), (4271, 1), (4316, 1), (4330, 1), (4376, 2), (4384, 1), (4575, 1), (4631, 3), (4643, 2), (4661, 2), (4664, 1), (4726, 1), (4844, 1), (4934, 1), (4996, 2), (5025, 4), (5033, 2), (5072, 2), (5098, 2), (5120, 1), (5122, 3), (5175, 1), (5233, 4), (5255, 8), (5351, 2), (5378, 1), (5426, 4), (5460, 12), (5494, 1), (5504, 1), (5515, 1), (5538, 1), (5554, 1), (5680, 1), (5684, 1), (5739, 3), (5751, 1), (5772, 1), (5808, 1), (5847, 2), (5867, 1), (5900, 6), (5921, 12), (5939, 1), (5964, 1), (5996, 4), (6009, 1), (6106, 1), (6107, 2), (6186, 2), (6272, 1), (6312, 1), (6431, 1), (6527, 1), (6544, 1), (6584, 2), (6660, 1), (6693, 6), (6697, 3), (6719, 1), (6778, 4), (6962, 1), (7025, 6), (7076, 4), (7084, 1), (7143, 1), (7163, 1), (7268, 3), (7314, 2), (7364, 6), (7386, 1), (7456, 1), (7500, 8), (7605, 2), (7631, 1), (7642, 1), (7643, 4), (7651, 1), (7664, 1), (7674, 1), (7701, 1), (7744, 6), (7748, 1), (8094, 1), (8165, 3), (8240, 1), (8431, 2), (8443, 1), (8448, 6), (8497, 2), (8557, 1), (8570, 1), (8581, 2), (8654, 1), (8656, 1), (8732, 5), (8742, 4), (8750, 1), (8761, 1), (8797, 1), (8927, 3), (9058, 1), (9134, 4), (9135, 1), (9137, 2), (9240, 1), (9249, 1), (9398, 2), (9409, 2), (9429, 1), (9531, 1), (9565, 3), (9594, 1), (9642, 3), (9725, 2), (9726, 1), (9750, 1), (9800, 1), (9809, 1), (9817, 1), (9849, 1), (9921, 1), (9973, 1), (9977, 1)
meantim (DF: 11): (2054, 2), (2281, 4), (3059, 1), (3139, 1), (6218, 2), (6418, 1), (7785, 1), (8120, 2), (8359, 2), (9569, 2), (9851, 1)
meanwhil (DF: 14): (121, 1), (337, 1), (616, 1), (1105, 4), (2054, 1), (2057, 1), (2241, 1), (2809, 1), (3545, 2), (3776, 1), (4161, 2), (5018, 1), (5312, 1), (6761, 1)
