venta (DF: 1): (8597, 1)
ventador (DF: 1): (6644, 1)
ventaj (DF: 2): (4912, 1), (9652, 2)
ventan (DF: 11): (651, 1), (2243, 1), (3492, 1), (3623, 1), (3908, 3), (4879, 1), (6818, 1), (7003, 1), (7820, 4), (9306, 1), (9575, 1)
venter (DF: 1): (4295, 1)
ventet (DF: 1): (9648, 1)
venti (DF: 1): (8797, 1)
ventil (DF: 5): (2231, 2), (4258, 1), (5786, 1), (7690, 1), (8088, 1)
ventin (DF: 1): (2645, 1)
ventiquattror (DF: 1): (9671, 1)
ventitré (DF: 1): (2471, 2)
vento (DF: 2): (8363, 1), (9525, 1)
ventrilocu (DF: 1): (2316, 1)
ventriloquist (DF: 1): (2906, 1)
ventual (DF: 1): (5993, 4)
ventur (DF: 5): (585, 2), (2632, 1), (2841, 1), (4833, 1), (8584, 1)
ventura (DF: 2): (6046, 1), (7339, 1)
venu (DF: 3): (168, 3), (3213, 1), (7304, 1)
venus (DF: 13): (428, 1), (1781, 1), (2758, 2), (3258, 1), (3664, 2), (5353, 1), (5430, 1), (5705, 1), (6475, 1), (7591, 2), (8175, 2), (8422, 4), (9238, 1)
venut (DF: 1): (5663, 3)
veo (DF: 107): (24, 6), (87, 1), (109, 1), (143, 1), (178, 2), (312, 1), (364, 2), (366, 3), (412, 12), (567, 12), (762, 1), (889, 1), (982, 4), (995, 1), (1005, 3), (1008, 2), (1109, 14), (1221, 2), (1284, 1), (1305, 1), (1447, 2), (1633, 1), (1653, 2), (1677, 1), (1686, 4), (1786, 3), (1810, 24), (1939, 4), (1974, 2), (2108, 3), (2180, 2), (2383, 3), (2564, 3), (2739, 1), (2782, 2), (2792, 1), (3031, 1), (3071, 2), (3104, 16), (3489, 3), (3580, 4), (3902, 1), (3916, 3), (4152, 1), (4236, 1), (4257, 5), (4445, 2), (4532, 2), (4544, 1), (4550, 1), (4678, 2), (4790, 1), (4846, 1), (4879, 2), (4916, 1), (4949, 1), (4951, 1), (5183, 3), (5283, 1), (5473, 3), (5745, 2), (5826, 2), (5962, 1), (5986, 1), (6466, 4), (6645, 2), (6818, 1), (6871, 2), (6878, 1), (6883, 1), (6909, 1), (7415, 1), (7457, 1), (7504, 1), (7508, 1), (7583, 1), (7632, 2), (7676, 1), (7734, 1), (7956, 2), (7989, 1), (8143, 1), (8256, 1), (8406, 12), (8482, 1), (8518, 2), (8526, 3), (8751, 2), (8785, 1), (8882, 6), (8892, 1), (8994, 1), (9248, 1), (9252, 1), (9285, 1), (9362, 1), (9383, 1), (9428, 6), (9430, 1), (9444, 32), (9469, 2), (9475, 1), (9558, 6), (9697, 3), (9762, 1), (9887, 1), (9963, 2)
ver (DF: 262): (12, 2), (28, 1), (53, 10), (86, 2), (216, 1), (217, 3), (252, 1), (284, 2), (306, 1), (345, 4), (353, 6), (354, 1), (364, 2), (366, 2), (438, 7), (477, 3), (512, 3), (875, 11), (889, 1), (996, 2), (1013, 1), (1079, 1), (1109, 4), (1257, 3), (1284, 1), (1305, 1), (1398, 1), (1478, 8), (1524, 3), (1633, 1), (1665, 4), (1682, 2), (1686, 1), (1740, 3), (1788, 4), (2021, 3), (2033, 1), (2034, 2), (2059, 6), (2090, 1), (2108, 1), (2127, 4), (2152, 1), (2183, 1), (2242, 1), (2309, 1), (2328, 1), (2336, 6), (2354, 12), (2429, 1), (2480, 7), (2530, 1), (2549, 1), (2567, 2), (2604, 7), (2631, 9), (2645, 1), (2659, 8), (2735, 1), (2739, 1), (2792, 1), (2877, 8), (2898, 15), (3070, 8), (3092, 1), (3104, 4), (3146, 1), (3197, 4), (3211, 8), (3215, 1), (3239, 2), (3269, 2), (3342, 6), (3353, 1), (3387, 1), (3418, 2), (3421, 1), (3459, 2), (3467, 1), (3489, 2), (3495, 6), (3588, 2), (3669, 1), (3697, 1), (3722, 11), (3723, 1), (3823, 1), (3853, 3), (3890, 1), (3897, 1), (3908, 1), (3916, 1), (3954, 3), (3955, 2), (4186, 2), (4207, 2), (4214, 2), (4236, 1), (4238, 1), (4288, 1), (4308, 1), (4344, 1), (4356, 4), (4361, 2), (4362, 1), (4445, 9), (4469, 2), (4504, 1), (4540, 2), (4568, 2), (4587, 1), (4651, 3), (4804, 4), (4908, 2), (4912, 1), (4939, 1), (4961, 2), (5011, 1), (5017, 1), (5022, 1), (5040, 1), (5049, 1), (5126, 3), (5143, 8), (5156, 2), (5174, 1), (5198, 1), (5224, 1), (5246, 3), (5271, 2), (5358, 1), (5363, 1), (5364, 8), (5367, 1), (5381, 6), (5392, 4), (5439, 1), (5449, 1), (5511, 1), (5525, 8), (5588, 2), (5606, 2), (5621, 1), (5696, 2), (5719, 2), (5745, 4), (5754, 2), (5790, 1), (5796, 2), (5826, 9), (5859, 1), (5975, 2), (6008, 1), (6111, 1), (6120, 6), (6160, 2), (6234, 1), (6263, 4), (6279, 2), (6280, 3), (6321, 1), (6336, 1), (6339, 7), (6384, 4), (6393, 1), (6395, 1), (6399, 1), (6422, 2), (6485, 3), (6532, 1), (6561, 1), (6562, 2), (6651, 1), (6659, 1), (6705, 2), (6804, 1), (6810, 1), (6818, 5), (6862, 4), (6886, 1), (6889, 1), (6909, 3), (6917, 1), (6939, 1), (6983, 1), (7028, 12), (7042, 4), (7068, 1), (7192, 1), (7205, 1), (7367, 8), (7392, 2), (7421, 1), (7455, 1), (7501, 1), (7533, 2), (7547, 1), (7563, 1), (7607, 1), (7773, 3), (7876, 1), (7925, 1), (7935, 1), (7942, 3), (7989, 3), (7993, 5), (8027, 8), (8047, 5), (8052, 13), (8091, 1), (8113, 1), (8161, 1), (8199, 12), (8218, 1), (8242, 4), (8256, 1), (8352, 1), (8353, 1), (8506, 1), (8518, 2), (8560, 1), (8805, 6), (8817, 1), (8820, 3), (8858, 5), (8870, 2), (8902, 1), (8919, 2), (8923, 1), (8945, 7), (8997, 1), (9012, 9), (9034, 1), (9120, 2), (9172, 2), (9225, 1), (9259, 1), (9318, 4), (9362, 2), (9391, 3), (9410, 1), (9430, 1), (9431, 2), (9437, 3), (9494, 4), (9496, 1), (9521, 4), (9525, 12), (9534, 1), (9607, 10), (9609, 2), (9636, 8), (9697, 6), (9706, 3), (9756, 1), (9802, 3), (9812, 1), (9818, 1), (9882, 7), (9887, 4), (9912, 4), (9916, 1)
vera (DF: 3): (3146, 1), (6627, 1), (8560, 1)
verachten (DF: 1): (6184, 1)
veran (DF: 12): (333, 2), (813, 1), (1005, 1), (2043, 3), (3401, 1), (5026, 1), (5353, 1), (5396, 1), (6249, 13), (6326, 1), (6810, 1), (7196, 1)
verand (DF: 3): (2078, 1), (6026, 1), (7278, 1)
verandert (DF: 3): (2260, 1), (6238, 1), (9236, 1)
verarbeit (DF: 1): (8670, 1)
verargert (DF: 1): (4004, 1)
verarsch (DF: 2): (2637, 1), (5955, 1)
veras (DF: 16): (934, 2), (1395, 2), (1752, 1), (2369, 1), (3344, 1), (3459, 2), (4416, 3), (4671, 20), (5740, 4), (6152, 1), (6514, 4), (6967, 3), (7205, 1), (7258, 1), (8128, 1), (9384, 1)
verb (DF: 5): (964, 1), (2411, 1), (2656, 2), (4825, 1), (6990, 1)
verbal (DF: 15): (490, 1), (737, 1), (1343, 2), (1757, 1), (2171, 1), (2916, 5), (3962, 1), (4407, 1), (4454, 5), (6862, 1), (7538, 1), (7973, 1), (8242, 1), (8561, 4), (9729, 1)
verball (DF: 3): (1218, 1), (2328, 1), (8932, 1)
verballert (DF: 1): (6026, 1)
verberg (DF: 1): (6008, 1)
verboden (DF: 1): (3864, 1)
verbos (DF: 1): (1874, 1)
verbot (DF: 1): (2328, 1)
verbrannt (DF: 1): (9999, 1)
verbrech (DF: 5): (1244, 1), (1484, 1), (5775, 1), (6139, 12), (8498, 1)
verbreit (DF: 2): (5149, 1), (9788, 1)
verbrenn (DF: 3): (2328, 1), (8019, 1), (8651, 1)
verbuddeln (DF: 1): (3048, 4)
vercader (DF: 1): (53, 1)
vercheckt (DF: 1): (4387, 1)
verci (DF: 2): (7297, 1), (8238, 1)
verd (DF: 102): (180, 1), (213, 7), (353, 3), (412, 2), (480, 2), (707, 1), (858, 3), (918, 1), (1022, 1), (1042, 3), (1213, 14), (1254, 3), (1284, 3), (1366, 1), (1379, 4), (1441, 2), (1682, 1), (1769, 5), (1800, 3), (1974, 1), (2070, 2), (2098, 1), (2180, 1), (2316, 1), (2461, 1), (2488, 2), (2529, 2), (2681, 1), (2967, 6), (2972, 2), (3070, 2), (3093, 4), (3211, 1), (3219, 4), (3239, 1), (3269, 1), (3295, 2), (3403, 2), (3504, 4), (3569, 1), (3586, 2), (3881, 1), (3908, 1), (4009, 1), (4032, 1), (4034, 1), (4236, 1), (4246, 1), (4362, 1), (4470, 1), (4479, 6), (4560, 1), (4587, 1), (4711, 1), (4799, 1), (4846, 4), (4916, 1), (5035, 3), (5174, 2), (5183, 2), (5376, 1), (5475, 2), (5502, 1), (5525, 12), (5606, 1), (5696, 2), (5735, 1), (5740, 9), (5975, 2), (5986, 9), (5991, 1), (6001, 1), (6175, 1), (6514, 4), (6706, 1), (6871, 1), (7288, 2), (7392, 2), (7455, 5), (7466, 1), (7799, 1), (8128, 2), (8131, 1), (8187, 1), (8256, 1), (8278, 1), (8353, 1), (8454, 1), (8506, 1), (8719, 4), (8733, 1), (8805, 3), (8820, 1), (9040, 4), (9060, 3), (9196, 1), (9252, 1), (9296, 2), (9428, 1), (9437, 2), (9919, 1), (9960, 8)
verdad (DF: 15): (347, 1), (1072, 2), (1415, 4), (1979, 1), (2277, 1), (2476, 4), (3364, 1), (4167, 1), (5118, 2), (5271, 2), (6862, 1), (7049, 2), (7270, 1), (8242, 1), (8597, 3)
verdadeiro (DF: 1): (6234, 1)
verdader (DF: 24): (1004, 1), (1563, 1), (1677, 1), (1810, 2), (3093, 4), (3214, 1), (4143, 1), (4419, 1), (4909, 1), (4916, 1), (5040, 1), (5696, 2), (5986, 1), (6175, 1), (6336, 1), (7082, 1), (8518, 4), (8805, 3), (9060, 12), (9248, 1), (9431, 1), (9568, 1), (9636, 2), (9960, 8)
verdammt (DF: 4): (1616, 1), (3570, 6), (4743, 1), (8340, 1)
verdank (DF: 2): (483, 1), (1654, 1)
verdant (DF: 1): (794, 1)
verdeal (DF: 1): (1238, 1)
verden (DF: 2): (4425, 9), (6292, 2)
verder (DF: 1): (6008, 1)
verdi (DF: 11): (2078, 1), (2463, 1), (2574, 1), (3067, 1), (3381, 1), (3409, 1), (5890, 1), (5955, 4), (7373, 1), (8247, 1), (8829, 1)
verdict (DF: 4): (3164, 1), (5862, 1), (7098, 1), (9550, 1)
verdiend (DF: 1): (1432, 8)
verdient (DF: 1): (5890, 1)
verdin (DF: 2): (6497, 1), (7563, 3)
verdirbt (DF: 1): (8498, 1)
verdoi (DF: 1): (4986, 2)
verdoppel (DF: 2): (246, 1), (8260, 1)
verdoppl (DF: 1): (6748, 1)
verdoven (DF: 1): (4297, 1)
verdrangt (DF: 2): (2327, 1), (9999, 1)
verdreh (DF: 1): (6600, 1)
verdreht (DF: 1): (8340, 1)
verdreifacht (DF: 1): (5382, 1)
verdriet (DF: 1): (6008, 1)
verdug (DF: 2): (2316, 2), (7239, 2)
verdunkelt (DF: 1): (6835, 1)
verdur (DF: 1): (9196, 2)
verdwaal (DF: 1): (6008, 1)
verdwaald (DF: 1): (5917, 1)
verdwenen (DF: 1): (6641, 1)
vered (DF: 2): (276, 1), (3351, 1)
verfickt (DF: 1): (1244, 1)
verfolg (DF: 1): (5890, 1)
verfolgungsjagd (DF: 1): (3437, 4)
verfuhrst (DF: 2): (4998, 1), (9999, 1)
verg (DF: 11): (178, 1), (1533, 3), (3043, 1), (3213, 1), (3603, 1), (4288, 1), (4623, 1), (5363, 2), (9127, 1), (9431, 2), (9581, 1)
vergang (DF: 1): (8098, 1)
vergeh (DF: 1): (1771, 1)
vergeht (DF: 2): (3932, 1), (5429, 1)
vergelt (DF: 1): (7521, 1)
vergess (DF: 5): (2376, 1), (3570, 1), (3932, 1), (9457, 3), (9795, 2)
