surgeon (DF: 1): (9787, 4)
surgeri (DF: 9): (137, 1), (698, 2), (1381, 1), (1968, 1), (3163, 2), (4681, 1), (5426, 1), (5584, 1), (7701, 5)
surm (DF: 1): (8534, 1)
surma (DF: 2): (4421, 2), (9688, 1)
surmont (DF: 1): (5801, 1)
surmount (DF: 1): (3406, 1)
surpass (DF: 1): (7678, 1)
surpis (DF: 1): (9657, 1)
surplus (DF: 2): (5312, 1), (6761, 1)
surpreso (DF: 1): (1881, 1)
surpris (DF: 124): (72, 1), (78, 1), (88, 1), (93, 3), (197, 1), (360, 1), (449, 1), (470, 1), (562, 3), (834, 3), (849, 1), (863, 1), (922, 1), (970, 2), (1011, 1), (1058, 2), (1101, 1), (1168, 1), (1442, 1), (1557, 1), (1587, 2), (1643, 1), (1704, 1), (1765, 1), (1936, 3), (2010, 1), (2068, 1), (2128, 2), (2315, 2), (2395, 1), (2415, 1), (2447, 1), (2500, 1), (2581, 1), (2665, 1), (2669, 1), (2679, 4), (2680, 4), (3148, 1), (3369, 1), (3584, 2), (3627, 1), (3850, 2), (3852, 4), (4012, 1), (4023, 1), (4107, 2), (4116, 2), (4161, 2), (4165, 1), (4169, 2), (4245, 2), (4259, 1), (4366, 2), (4612, 1), (4636, 1), (4660, 1), (4722, 1), (4731, 1), (4840, 1), (4848, 1), (4857, 1), (4974, 1), (4987, 2), (4995, 1), (5086, 1), (5123, 1), (5231, 2), (5349, 1), (5378, 4), (5519, 1), (5531, 1), (5610, 1), (5746, 2), (5761, 1), (5999, 2), (6021, 1), (6176, 1), (6199, 1), (6297, 2), (6353, 1), (6403, 1), (6606, 1), (6643, 1), (6649, 1), (6724, 2), (6785, 1), (6894, 1), (6930, 1), (6990, 1), (7109, 1), (7212, 2), (7218, 1), (7515, 2), (7540, 1), (7548, 1), (7603, 1), (7605, 2), (7761, 1), (7789, 1), (7829, 1), (7999, 1), (8051, 1), (8177, 1), (8212, 1), (8227, 1), (8463, 4), (8475, 1), (8512, 2), (8536, 1), (8773, 8), (8843, 3), (8991, 2), (9057, 1), (9343, 1), (9458, 8), (9497, 2), (9579, 2), (9789, 1), (9915, 2), (9970, 1), (596, 3), (597, 1), (8461, 1)
surprisin (DF: 1): (3117, 1)
surra (DF: 1): (5271, 3)
surreal (DF: 5): (2866, 1), (5746, 1), (6171, 1), (7149, 1), (8590, 4)
surrealist (DF: 1): (9821, 1)
surrend (DF: 73): (147, 3), (177, 1), (204, 1), (298, 1), (351, 2), (381, 1), (408, 1), (475, 18), (497, 1), (515, 2), (522, 1), (678, 1), (850, 20), (914, 1), (981, 1), (1417, 3), (1450, 1), (1599, 1), (1855, 2), (2022, 1), (2118, 2), (2151, 1), (2185, 1), (2239, 1), (2669, 4), (2689, 1), (3017, 20), (3081, 3), (3391, 1), (3475, 3), (3725, 2), (4461, 1), (4674, 1), (4721, 1), (4805, 1), (4841, 2), (4898, 1), (5201, 2), (5203, 2), (5320, 21), (5704, 1), (5802, 4), (5923, 3), (6034, 1), (6088, 3), (6181, 1), (6214, 1), (6304, 1), (6328, 4), (6417, 1), (6559, 3), (6608, 1), (6721, 1), (6747, 1), (6995, 4), (7064, 2), (7125, 2), (7311, 2), (7423, 1), (7541, 1), (7636, 3), (7689, 1), (8272, 1), (8374, 1), (8707, 1), (8796, 36), (9180, 1), (9310, 7), (9503, 1), (9554, 4), (9699, 1), (9965, 1), (4838, 1)
surroun (DF: 1): (8470, 1)
surround (DF: 56): (59, 3), (242, 1), (555, 4), (576, 2), (731, 1), (937, 2), (999, 1), (1201, 1), (1211, 1), (1282, 1), (1315, 1), (1469, 1), (1597, 3), (1612, 1), (1647, 1), (2869, 1), (2919, 1), (2971, 3), (3144, 6), (3233, 2), (3240, 4), (3435, 1), (3545, 2), (3787, 1), (4283, 1), (4319, 1), (4611, 1), (4833, 1), (5036, 1), (5210, 2), (5253, 1), (5484, 1), (5545, 1), (5720, 3), (5724, 3), (5774, 1), (5957, 1), (5968, 4), (6051, 3), (6325, 5), (6877, 1), (6890, 1), (6970, 1), (7461, 2), (7551, 1), (8160, 12), (8457, 1), (8470, 11), (8475, 5), (8559, 1), (8894, 1), (9036, 1), (9239, 1), (9262, 1), (9309, 1), (9324, 1)
surroundin (DF: 2): (1135, 1), (3216, 1)
suru (DF: 1): (7990, 1)
surveil (DF: 5): (1471, 1), (1805, 1), (2026, 1), (6923, 1), (7369, 1)
survey (DF: 3): (8414, 1), (9445, 1), (9657, 1)
survior (DF: 1): (9409, 2)
surviv (DF: 85): (13, 1), (72, 1), (158, 1), (241, 4), (369, 4), (380, 1), (419, 2), (457, 1), (561, 6), (590, 1), (612, 1), (737, 1), (834, 3), (867, 1), (987, 8), (999, 1), (1068, 1), (1082, 6), (1093, 3), (1204, 1), (1237, 1), (1240, 1), (1281, 4), (1344, 1), (1364, 1), (1449, 1), (1638, 1), (1675, 1), (1713, 1), (1943, 1), (2004, 4), (2074, 8), (2115, 5), (2154, 1), (2315, 2), (2366, 1), (2472, 1), (2482, 6), (2500, 2), (2525, 1), (2629, 1), (2682, 1), (2735, 1), (2787, 2), (2883, 1), (3001, 1), (3019, 1), (3185, 1), (3289, 1), (3303, 1), (3426, 4), (3562, 5), (3704, 1), (3904, 1), (3923, 1), (3946, 2), (4023, 1), (4094, 3), (4126, 1), (4286, 1), (4452, 2), (4844, 1), (4877, 1), (4969, 3), (5036, 1), (5054, 2), (5097, 3), (5216, 2), (5274, 1), (5337, 1), (5430, 1), (5601, 2), (5676, 1), (5699, 6), (5731, 1), (5763, 3), (5867, 1), (5913, 6), (5952, 2), (5961, 1), (6000, 1), (6011, 1), (6104, 1), (6202, 3), (6227, 1)
