wciskam (DF: 1): (250, 4)
wcno (DF: 4): (3364, 1), (4357, 3), (6500, 1), (9860, 1)
wczoraj (DF: 2): (1825, 2), (6678, 1)
wczuj (DF: 1): (4914, 4)
wdech (DF: 1): (7344, 1)
wdsu (DF: 1): (823, 1)
wdycha (DF: 1): (8452, 1)
we (DF: 29): (1008, 4), (1296, 1), (1461, 1), (1803, 1), (2757, 2), (3093, 6), (3284, 2), (3342, 1), (3697, 2), (4916, 3), (5105, 2), (5493, 2), (5522, 2), (5740, 1), (5890, 1), (6423, 1), (6553, 2), (6600, 6), (6645, 14), (6650, 10), (6889, 4), (7255, 2), (7863, 1), (8606, 2), (8883, 1), (9475, 1), (9682, 6), (9740, 2), (9960, 12)
weak (DF: 164): (31, 1), (93, 1), (133, 8), (174, 1), (183, 2), (186, 1), (235, 1), (440, 1), (443, 1), (452, 1), (534, 1), (563, 1), (566, 1), (591, 1), (595, 1), (845, 1), (856, 1), (922, 1), (1076, 1), (1192, 1), (1272, 1), (1344, 1), (1378, 2), (1385, 2), (1393, 1), (1413, 1), (1475, 1), (1551, 1), (1674, 1), (1699, 1), (1908, 3), (1952, 2), (1976, 3), (2060, 1), (2191, 13), (2276, 1), (2334, 2), (2359, 2), (2368, 1), (2408, 4), (2465, 1), (2486, 1), (2499, 1), (2573, 1), (2607, 1), (2723, 3), (2767, 1), (2831, 6), (3019, 1), (3175, 4), (3194, 3), (3216, 1), (3310, 1), (3331, 2), (3339, 2), (3425, 2), (3584, 2), (3612, 1), (3655, 1), (3701, 1), (3702, 3), (3754, 1), (3937, 2), (3968, 1), (3977, 1), (3999, 1), (4127, 1), (4172, 2), (4173, 1), (4192, 1), (4243, 1), (4353, 1), (4374, 1), (4383, 5), (4427, 1), (4453, 1), (4476, 1), (4620, 1), (4764, 1), (4834, 3), (4877, 1), (5028, 1), (5152, 1), (5207, 1), (5266, 1), (5527, 1), (5581, 1), (5605, 2), (5633, 1), (5636, 1), (5771, 1), (5784, 2), (5789, 3), (5803, 3), (5822, 2), (5840, 1), (5842, 1), (5892, 2), (6030, 1), (6123, 1), (6171, 3), (6200, 1), (6332, 1), (6357, 1), (6442, 1), (6443, 1), (6447, 1), (6903, 3), (6920, 1), (6952, 1), (7024, 1), (7032, 1), (7055, 1), (7060, 1), (7189, 1), (7207, 1), (7218, 1), (7222, 3), (7226, 1), (7247, 1), (7334, 1), (7335, 2), (7427, 2), (7451, 1), (7465, 1), (7553, 16), (7558, 1), (7564, 1), (7623, 1), (7663, 1), (7669, 1), (7685, 1), (7715, 1), (7778, 6), (7901, 1), (8100, 5), (8148, 1), (8325, 1), (8358, 1), (8360, 2), (8381, 1), (8407, 1), (8417, 2), (8431, 1), (8445, 1), (8655, 1), (8669, 1), (8727, 1), (8752, 1), (8917, 3), (9019, 1), (9045, 1), (9071, 1), (9100, 1), (9193, 1), (9341, 1), (9369, 8), (9416, 2), (9449, 6), (9625, 1), (9644, 2), (9794, 2), (9922, 1), (9936, 1)
weaken (DF: 6): (1643, 1), (3177, 2), (5241, 1), (6297, 2), (6337, 1), (7651, 1)
weaker (DF: 7): (1205, 1), (2462, 1), (3461, 5), (4667, 1), (7226, 1), (7334, 1), (7462, 2)
wealth (DF: 29): (369, 4), (548, 1), (650, 2), (753, 1), (1009, 1), (1012, 1), (1728, 2), (1885, 2), (2160, 2), (2256, 1), (2521, 4), (2676, 1), (2895, 1), (3194, 3), (3374, 1), (3923, 1), (4023, 1), (5367, 1), (5468, 1), (5961, 1), (6558, 1), (6636, 1), (7470, 2), (7615, 1), (7707, 1), (8531, 2), (9256, 1), (9288, 1), (9870, 1)
wealthi (DF: 4): (1110, 1), (1375, 8), (5369, 1), (8559, 1)
wean (DF: 2): (332, 1), (7486, 1)
weapon (DF: 65): (81, 1), (408, 1), (472, 1), (581, 1), (601, 2), (951, 7), (1205, 1), (1211, 1), (1214, 3), (1410, 1), (1471, 1), (1531, 1), (1741, 1), (1775, 1), (1836, 1), (1856, 1), (1909, 1), (2192, 1), (2506, 1), (3019, 1), (3138, 1), (3172, 1), (3216, 1), (3565, 1), (3754, 1), (3886, 1), (4048, 3), (4087, 1), (4355, 1), (4377, 1), (4522, 1), (4547, 1), (4620, 1), (4669, 1), (5103, 1), (5212, 1), (5706, 1), (6031, 1), (6063, 2), (6156, 1), (6582, 1), (6608, 1), (6741, 1), (6774, 3), (6936, 1), (7110, 1), (7113, 1), (7136, 1), (7154, 1), (7249, 1), (7387, 1), (7641, 1), (7908, 13), (8003, 1), (8319, 1), (8325, 1), (8397, 4), (8419, 1), (8425, 1), (8534, 2), (9130, 1), (9277, 1), (9361, 1), (9397, 1), (9445, 1)
weaponri (DF: 1): (2607, 1)
wear (DF: 292): (27, 1), (74, 2), (85, 1), (97, 1), (128, 1), (132, 1), (137, 12), (155, 3), (179, 1), (183, 1), (224, 9), (286, 3), (290, 1), (343, 1), (352, 1), (405, 2), (449, 1), (456, 1), (474, 2), (527, 1), (528, 1), (541, 1), (546, 1), (570, 1), (575, 4), (636, 1), (660, 1), (694, 1), (698, 2), (699, 1), (703, 1), (731, 1), (737, 1), (798, 1), (808, 1), (833, 1), (919, 1), (924, 1), (956, 2), (965, 6), (1058, 1), (1171, 1), (1217, 2), (1253, 2), (1294, 1), (1299, 1), (1312, 1), (1359, 3), (1375, 8), (1388, 2), (1420, 1), (1438, 1), (1480, 1), (1503, 9), (1552, 1), (1603, 1), (1618, 1), (1650, 2), (1700, 1), (1828, 1), (1852, 1), (1940, 2), (1959, 1), (1968, 12), (2038, 3), (2116, 2), (2131, 1), (2169, 2), (2269, 1), (2355, 3), (2359, 2), (2397, 1), (2399, 1), (2482, 1), (2497, 1), (2522, 2), (2565, 1), (2658, 1), (2676, 1), (2726, 1), (2737, 1), (2747, 1), (2832, 1), (2847, 2), (2856, 1), (2899, 1), (2939, 2), (3001, 1), (3013, 4), (3026, 1), (3037, 1), (3039, 2), (3068, 1), (3129, 2), (3161, 1), (3170, 1), (3204, 2), (3221, 1), (3240, 4), (3329, 2), (3371, 5), (3374, 1), (3410, 1), (3454, 1), (3486, 1), (3515, 1), (3546, 1), (3557, 2), (3595, 1), (3598, 2), (3654, 1), (3661, 1), (3694, 1), (3726, 1), (3730, 6), (3801, 3), (3806, 2), (3813, 1), (3854, 1), (3886, 1), (3905, 1), (4045, 1), (4112, 1), (4185, 3), (4237, 1), (4249, 1), (4252, 6), (4349, 2), (4389, 1), (4408, 2), (4442, 1), (4519, 1), (4524, 1), (4537, 1), (4547, 1), (4608, 1), (4647, 1), (4662, 1), (4688, 3), (4818, 1), (4819, 1), (4831, 1), (4834, 3), (4842, 2), (4866, 1), (4895, 1), (4907, 1), (4936, 4), (4940, 5), (4964, 1), (4990, 4), (5004, 1), (5057, 2), (5066, 1), (5067, 1), (5076, 1), (5121, 1), (5190, 1), (5207, 1), (5217, 2), (5229, 1), (5312, 1), (5315, 1), (5326, 2), (5330, 2), (5387, 2), (5398, 1), (5421, 1), (5494, 1), (5495, 3), (5503, 2), (5506, 2), (5539, 1), (5560, 1), (5570, 2), (5590, 8), (5594, 1), (5682, 1), (5688, 1), (5702, 1), (5799, 1), (5868, 2), (5941, 4), (5942, 1), (5983, 1), (6039, 1), (6047, 2), (6114, 1), (6156, 1), (6162, 1), (6165, 2), (6189, 2), (6288, 1), (6322, 1), (6375, 1), (6396, 1), (6419, 4), (6441, 3), (6538, 1), (6574, 3), (6627, 1), (6632, 8), (6655, 1), (6704, 2), (6721, 1), (6741, 1), (6742, 2), (6761, 1), (6816, 1), (6824, 1), (6832, 4), (6846, 1), (6877, 1), (6896, 6), (6968, 1), (7067, 1), (7096, 1), (7114, 1), (7154, 1), (7178, 1), (7247, 1), (7305, 1), (7346, 3), (7355, 1), (7450, 2), (7537, 2), (7621, 1), (7643, 1), (7675, 6), (7704, 1), (7812, 1), (7839, 1), (7861, 1), (7896, 1), (7912, 1), (7918, 8), (7960, 1), (8049, 1), (8064, 6), (8124, 1), (8154, 1), (8168, 1), (8207, 4), (8343, 6), (8347, 1), (8377, 3), (8383, 1), (8450, 3), (8576, 4), (8597, 1), (8599, 1), (8608, 1), (8655, 1), (8669, 1), (8676, 1), (8684, 1), (8747, 2), (8793, 1), (8797, 1), (8833, 1), (8844, 2), (8903, 1), (8917, 2), (8924, 2), (8953, 2), (8980, 1), (9007, 1), (9061, 1), (9097, 2), (9109, 1), (9175, 5), (9205, 1), (9218, 1), (9267, 1), (9271, 1), (9308, 1), (9315, 2), (9319, 4), (9324, 1), (9402, 3), (9543, 1), (9576, 1), (9670, 2), (9676, 1), (9816, 1), (9831, 2), (9852, 2), (9857, 1), (9863, 1), (9865, 12), (9952, 1), (9988, 1)
weari (DF: 19): (150, 3), (1119, 3), (1585, 1), (1690, 1), (1808, 1), (1986, 1), (2075, 1), (2076, 1), (2981, 1), (3662, 4), (4111, 1), (4353, 1), (4368, 1), (4618, 1), (5960, 2), (6550, 8), (7060, 1), (8741, 2), (9416, 2)
wearin (DF: 38): (1648, 1), (1777, 2), (2026, 1), (2269, 1), (2489, 1), (2523, 4), (2624, 1), (2730, 1), (2939, 1), (3095, 2), (3152, 3), (3427, 1), (5107, 1), (5158, 6), (5253, 1), (5295, 1), (5413, 1), (5508, 1), (5513, 4), (5516, 1), (6144, 1), (6157, 1), (6176, 1), (6327, 2), (6441, 1), (6508, 1), (6829, 1), (7537, 1), (7544, 1), (7650, 1), (7969, 1), (8079, 2), (8568, 8), (8570, 1), (8819, 1), (9099, 1), (9451, 1), (9646, 1)
weasel (DF: 2): (7053, 1), (7758, 1)
weather (DF: 99): (245, 1), (453, 1), (562, 1), (612, 1), (814, 2), (975, 1), (1237, 1), (1344, 1), (1498, 3), (1564, 1), (1744, 6), (1836, 2), (1898, 4), (1910, 1), (2116, 1), (2126, 1), (2232, 1), (2286, 2), (2357, 1), (2409, 2), (2537, 1), (2804, 1), (2890, 1), (2927, 1), (2936, 1), (3112, 9), (3414, 4), (3520, 1), (3769, 1), (4183, 1), (4185, 1), (4412, 2), (4443, 1), (4524, 1), (4543, 1), (4649, 1), (4693, 1), (4764, 1), (4786, 1), (4871, 2), (4877, 1), (4901, 1), (4931, 1), (4967, 1), (5262, 1), (5294, 3), (5297, 1), (5413, 1), (5461, 1), (5509, 1), (5526, 1), (5560, 1), (5640, 9), (5653, 1), (5849, 2), (5877, 1), (5944, 1), (6069, 3), (6181, 1), (6226, 1), (6381, 1), (6396, 4), (6941, 1), (7039, 1), (7058, 1), (7094, 1), (7099, 1), (7127, 6), (7134, 1), (7198, 3), (7436, 1), (7439, 1), (7510, 1), (7571, 1), (8147, 1), (8156, 1), (8303, 2), (8326, 1), (8473, 1), (8493, 1), (8524, 2), (8570, 1), (8602, 3), (8637, 2), (8745, 1), (9017, 2), (9054, 1), (9077, 3), (9080, 1), (9153, 1), (9169, 2), (9181, 2), (9234, 1), (9295, 1), (9434, 1), (9537, 1), (9574, 3), (9805, 1), (9870, 1)
weatherman (DF: 1): (7950, 4)
weathermen (DF: 1): (2352, 1)
weav (DF: 24): (1532, 2), (2084, 1), (2269, 1), (2511, 2), (3886, 6), (4027, 3), (4455, 1), (4731, 1), (5085, 1), (5087, 1), (5367, 1), (5425, 1), (5604, 1), (5617, 1), (6721, 1), (6738, 1), (6895, 1), (6914, 1), (7441, 1), (7745, 1), (8459, 1), (8774, 1), (9511, 18), (9846, 1)
weaver (DF: 1): (6698, 1)
weavin (DF: 1): (8666, 1)
web (DF: 18): (540, 1), (1646, 1), (1666, 6), (1922, 1), (2310, 1), (3433, 2), (4508, 3), (5777, 1), (6426, 2), (7429, 2), (7727, 1), (7855, 1), (8969, 1), (9180, 1), (9383, 1), (9722, 2), (9846, 1), (9948, 1)
webb (DF: 1): (6375, 2)
webber (DF: 1): (4326, 1)
webcam (DF: 2): (3555, 3), (9383, 13)
webster (DF: 1): (686, 1)
wechselt (DF: 1): (3570, 1)
weck (DF: 2): (1771, 3), (4004, 1)
wed (DF: 42): (228, 1), (556, 1), (566, 6), (808, 1), (1456, 3), (1697, 2), (1737, 1), (1758, 2), (1880, 1), (2025, 1), (2083, 2), (2146, 2), (2697, 3), (2730, 1), (2910, 1), (2999, 3), (3095, 2), (3285, 5), (3310, 1), (3381, 2), (4604, 1), (4684, 1), (4849, 1), (5074, 2), (5149, 1), (5412, 3), (5839, 1), (5961, 1), (6220, 1), (6328, 1), (6373, 1), (6507, 2), (6780, 1), (7169, 1), (7393, 1), (7598, 1), (7691, 1), (8172, 1), (8459, 1), (9096, 1), (9099, 1), (9593, 8)
weddin (DF: 2): (1926, 1), (2294, 1)
wedding (DF: 1): (5775, 1)
wedg (DF: 1): (4615, 1)
wednesday (DF: 22): (233, 1), (239, 1), (870, 6), (1349, 1), (1490, 1), (1516, 16), (1684, 1), (1933, 1), (2014, 3), (2949, 1), (3024, 1), (3774, 1), (3843, 1), (4485, 1), (4987, 12), (6009, 1), (6255, 4), (7319, 1), (8310, 6), (8784, 2), (9092, 1), (9801, 6)
wee (DF: 41): (16, 4), (89, 4), (372, 1), (536, 1), (565, 4), (698, 216), (862, 2), (973, 2), (1748, 1), (1809, 1), (1982, 29), (2286, 1), (2704, 1), (3420, 1), (3529, 1), (3749, 1), (3922, 2), (3999, 1), (4037, 1), (4042, 1), (4090, 4), (4251, 1), (4330, 2), (5068, 1), (5168, 1), (5175, 2), (5783, 1), (5824, 13), (5862, 1), (6059, 1), (6440, 3), (6543, 1), (7214, 1), (7321, 13), (7369, 1), (8058, 1), (8248, 1), (9256, 1), (9268, 6), (9368, 2), (9784, 1)
weed (DF: 178): (72, 1), (210, 1), (220, 1), (324, 3), (339, 1), (352, 1), (407, 1), (418, 1), (541, 1), (558, 1), (579, 1), (637, 2), (660, 1), (673, 2), (684, 1), (692, 2), (702, 1), (796, 1), (800, 7), (862, 1), (915, 1), (952, 3), (1029, 1), (1031, 1), (1059, 1), (1084, 3), (1135, 1), (1150, 1), (1157, 1), (1196, 1), (1564, 1), (1648, 4), (1799, 1), (1875, 1), (1891, 2), (1908, 20), (1994, 1), (2000, 1), (2026, 1), (2045, 1), (2058, 1), (2145, 1), (2322, 2), (2511, 2), (2592, 1), (2644, 1), (2676, 1), (2695, 1), (2701, 1), (2706, 1), (2735, 1), (2737, 1), (2855, 1), (3009, 1), (3067, 1), (3084, 3), (3085, 2), (3112, 11), (3206, 1), (3381, 2), (3594, 1), (3631, 1), (3731, 1), (3826, 2), (3921, 1), (4088, 5), (4261, 1), (4262, 1), (4267, 6), (4282, 1), (4318, 1), (4364, 1), (4381, 1), (4397, 4), (4417, 1), (4503, 3), (4527, 3), (4542, 1), (4550, 3), (4559, 2), (4651, 1), (4669, 1), (4731, 1), (4739, 1), (4784, 6), (4807, 17), (4831, 1), (4880, 1), (4972, 1), (5039, 1), (5055, 1), (5068, 1), (5076, 1), (5116, 2), (5120, 1), (5126, 2), (5212, 7), (5340, 2), (5345, 1), (5349, 1), (5357, 1), (5456, 1), (5489, 2), (5533, 1), (5608, 1), (5628, 4), (5691, 1), (5702, 2), (5794, 1), (5890, 1), (5954, 4), (5961, 1), (6114, 4), (6164, 1), (6220, 1), (6226, 1), (6258, 2), (6273, 1), (6281, 10), (6322, 1), (6363, 1), (6431, 1), (6508, 2), (6620, 1), (6631, 4), (6732, 2), (6748, 1), (6784, 1), (6856, 3), (6886, 1), (6964, 1), (7012, 1), (7084, 1), (7247, 1), (7302, 1), (7332, 2), (7369, 1), (7373, 1), (7479, 1), (7721, 1), (7758, 1), (7800, 1), (7824, 1), (7829, 1), (7862, 2), (7923, 2), (7973, 1), (8063, 1), (8088, 1), (8204, 1), (8210, 1), (8228, 4), (8230, 1), (8311, 1), (8360, 2), (8397, 1), (8445, 3), (8470, 2), (8550, 1), (8668, 4), (8701, 1), (8812, 1), (8825, 1), (8850, 1), (9026, 1), (9112, 12), (9209, 1), (9236, 4), (9324, 1), (9435, 9), (9509, 1), (9627, 1), (9666, 1), (9752, 1), (9759, 1), (9823, 1), (9833, 4), (9886, 1)
weedgat (DF: 1): (4641, 1)
weedpack (DF: 1): (7278, 1)
weeee (DF: 1): (9849, 1)
weeeee (DF: 1): (9849, 1)
week (DF: 187): (72, 1), (128, 1), (138, 1), (197, 1), (233, 1), (255, 1), (264, 1), (379, 1), (404, 2), (494, 3), (634, 1), (660, 1), (671, 3), (689, 1), (699, 1), (733, 1), (767, 2), (798, 1), (803, 1), (812, 1), (1020, 1), (1076, 1), (1297, 1), (1334, 2), (1385, 2), (1393, 1), (1455, 1), (1479, 1), (1535, 7), (1575, 3), (1594, 1), (1671, 1), (1680, 1), (1760, 3), (1799, 2), (1896, 1), (1899, 1), (1926, 1), (2013, 1), (2177, 2), (2192, 1), (2218, 1), (2265, 1), (2333, 1), (2482, 1), (2497, 2), (2561, 2), (2563, 1), (2600, 1), (2737, 1), (2830, 1), (2845, 1), (2923, 1), (2960, 1), (3015, 11), (3026, 1), (3036, 2), (3068, 1), (3076, 1), (3186, 3), (3209, 5), (3272, 1), (3343, 2), (3444, 1), (3620, 1), (3635, 1), (3738, 1), (3811, 1), (3820, 1), (3867, 1), (4019, 1), (4023, 1), (4045, 1), (4064, 1), (4250, 2), (4290, 2), (4291, 1), (4298, 2), (4303, 1), (4372, 1), (4395, 1), (4398, 3), (4440, 1), (4493, 1), (4506, 2), (4544, 1), (4561, 1), (4600, 1), (4620, 1), (4866, 1), (4897, 1), (4900, 1), (4918, 2), (5076, 1), (5085, 1), (5121, 2), (5142, 1), (5249, 1), (5250, 8), (5289, 1), (5418, 3), (5463, 2), (5539, 4), (5594, 1), (5601, 2), (5742, 1), (5810, 2), (5814, 2), (5850, 2), (5865, 1), (5897, 1), (5958, 1), (5992, 1), (6086, 2), (6124, 1), (6129, 1), (6265, 1), (6322, 1), (6334, 1), (6350, 1), (6390, 1), (6396, 1), (6411, 1), (6442, 1), (6447, 1), (6456, 1), (6640, 1), (6684, 1), (6695, 1), (6743, 1), (6850, 1), (6876, 4), (6880, 1), (6910, 3), (6985, 1), (7004, 7), (7017, 1), (7048, 1), (7076, 2), (7113, 2), (7132, 1), (7134, 1), (7136, 1), (7159, 2), (7181, 1), (7189, 1), (7207, 1), (7231, 1), (7249, 2), (7580, 1), (7643, 1), (7651, 1), (7688, 2), (7755, 1), (7776, 1), (7778, 6), (7789, 1), (7899, 1), (7937, 2), (7954, 1), (7966, 1), (7988, 1), (8055, 2), (8159, 1), (8168, 2), (8536, 1), (8562, 3), (8800, 1), (8819, 1), (8873, 1), (8917, 1), (8918, 1), (8976, 1), (9054, 1), (9069, 2), (9119, 1), (9379, 1), (9385, 1), (9419, 1), (9489, 2), (9552, 2), (9584, 1), (9646, 1), (9670, 2), (9745, 1), (9842, 1), (9881, 3)
weekday (DF: 2): (1516, 4), (5499, 1)
weeken (DF: 2): (3062, 1), (5745, 2)
weekend (DF: 111): (122, 1), (210, 1), (454, 2), (474, 2), (639, 2), (644, 2), (788, 1), (817, 2), (908, 1), (922, 2), (982, 2), (1079, 8), (1084, 1), (1122, 2), (1137, 2), (1138, 1), (1293, 1), (1349, 1), (1490, 1), (1516, 34), (1531, 1), (1587, 2), (1643, 1), (1688, 2), (1759, 5), (2142, 1), (2143, 2), (2192, 2), (2214, 4), (2256, 1), (2265, 1), (2273, 1), (2389, 2), (2415, 2), (2497, 2), (2523, 1), (2685, 1), (2688, 1), (2740, 1), (2843, 2), (2876, 2), (2949, 3), (2993, 2), (2994, 2), (3206, 1), (3307, 2), (3390, 1), (3485, 2), (3803, 1), (4133, 1), (4206, 2), (4262, 1), (4337, 2), (4355, 1), (4442, 2), (4493, 1), (4601, 1), (4834, 1), (5174, 2), (5560, 1), (5575, 2), (5582, 1), (5781, 2), (5902, 1), (5954, 6), (6100, 2), (6185, 1), (6196, 1), (6235, 2), (6338, 1), (6365, 1), (6536, 4), (6757, 2), (6794, 1), (6890, 1), (6937, 1), (7057, 4), (7076, 2), (7079, 1), (7180, 1), (7277, 7), (7332, 2), (7344, 1), (7369, 1), (7423, 1), (7482, 1), (7571, 1), (7788, 1), (8162, 1), (8168, 1), (8568, 2), (8579, 1), (8613, 1), (8636, 2), (8639, 1), (8754, 1), (8767, 1), (8885, 1), (8897, 1), (8936, 3), (9055, 12), (9070, 1), (9153, 1), (9185, 1), (9361, 2), (9542, 1), (9599, 2), (9610, 5), (9615, 1), (9628, 2), (9842, 1)
weekends (DF: 1): (5745, 4)
weeknd (DF: 28): (18, 1), (618, 1), (1727, 1), (1754, 1), (2486, 1), (2835, 1), (3058, 1), (3175, 1), (3246, 1), (3283, 1), (3727, 1), (3907, 1), (4092, 1), (4865, 1), (4870, 1), (4999, 1), (5052, 1), (5106, 1), (5333, 1), (5711, 1), (5810, 1), (5971, 1), (7057, 1), (7150, 1), (7737, 1), (7763, 2), (9071, 1), (9711, 1)
weell (DF: 1): (5141, 1)
weep (DF: 25): (422, 1), (636, 1), (1081, 1), (1344, 1), (1377, 2), (1449, 1), (1599, 1), (2047, 1), (2380, 1), (3228, 2), (3658, 1), (3778, 1), (3938, 6), (4486, 2), (4625, 1), (5604, 1), (5774, 1), (6215, 1), (6300, 1), (7808, 3), (8441, 2), (8770, 2), (8885, 2), (8947, 2), (9731, 1)
weeper (DF: 1): (7242, 2)
weepin (DF: 3): (1211, 1), (3642, 5), (9989, 1)
weer (DF: 7): (175, 1), (852, 1), (1432, 1), (4297, 1), (4607, 3), (7421, 1), (7547, 2)
weet (DF: 32): (43, 2), (175, 5), (812, 2), (852, 3), (1077, 4), (1318, 2), (1432, 1), (1619, 1), (2260, 1), (2638, 3), (3355, 2), (3453, 10), (3864, 5), (4256, 4), (4297, 2), (4607, 4), (4665, 1), (4849, 1), (5917, 1), (6008, 2), (6184, 13), (6303, 1), (6641, 3), (7382, 6), (7421, 2), (7519, 1), (7547, 1), (8360, 2), (8418, 7), (8831, 1), (9425, 1), (9595, 4)
weez (DF: 3): (365, 1), (7685, 1), (8231, 1)
weezer (DF: 5): (3436, 1), (3974, 1), (4654, 1), (5880, 1), (6067, 2)
weezi (DF: 19): (248, 2), (1588, 2), (1594, 1), (2000, 1), (2093, 2), (2563, 2), (2669, 2), (3999, 3), (4107, 1), (4880, 6), (4895, 1), (4918, 1), (6543, 1), (7441, 1), (7459, 1), (7721, 1), (8133, 4), (8168, 1), (8862, 2)
weezyana (DF: 1): (2964, 1)
weg (DF: 29): (246, 1), (437, 13), (483, 1), (484, 2), (1238, 1), (1654, 1), (1715, 1), (2100, 1), (2260, 1), (2638, 1), (2729, 1), (2881, 1), (3108, 5), (3123, 1), (3462, 1), (3466, 2), (3570, 1), (4124, 2), (4476, 1), (5051, 2), (5429, 1), (5955, 1), (6008, 1), (6835, 1), (7306, 1), (7411, 1), (7421, 1), (8670, 1), (9199, 1)
wegblijft (DF: 1): (7519, 1)
wegblow (DF: 1): (6600, 3)
weggebugelt (DF: 1): (2729, 1)
weggefickt (DF: 1): (2194, 1)
