waitress (DF: 13): (1498, 3), (2048, 1), (2636, 1), (3541, 1), (4345, 2), (4435, 2), (4622, 1), (4770, 1), (5044, 2), (5170, 2), (7882, 1), (8305, 6), (9852, 2)
waits3 (DF: 1): (4543, 1)
waiv (DF: 1): (842, 3)
waiver (DF: 2): (5121, 1), (9744, 1)
wajda (DF: 1): (8534, 2)
wajj (DF: 1): (9138, 2)
wak (DF: 3): (1033, 1), (4916, 2), (5459, 1)
waka (DF: 4): (124, 1), (4435, 1), (5456, 1), (9251, 20)
wakacj (DF: 1): (1825, 2)
wakanda (DF: 1): (5627, 2)
wakar (DF: 1): (1102, 1)
wakaranai (DF: 1): (8000, 1)
wakayama (DF: 1): (4864, 1)
wake (DF: 461): (4, 1), (13, 1), (68, 1), (70, 1), (74, 2), (136, 1), (139, 4), (142, 1), (162, 17), (165, 2), (182, 1), (200, 1), (241, 4), (257, 2), (271, 4), (343, 1), (418, 1), (454, 5), (501, 2), (550, 9), (573, 18), (616, 1), (694, 1), (710, 1), (733, 1), (742, 1), (756, 1), (769, 3), (830, 1), (845, 3), (854, 1), (864, 1), (888, 2), (911, 2), (943, 2), (948, 2), (964, 1), (981, 2), (1001, 3), (1019, 1), (1041, 1), (1084, 1), (1122, 1), (1125, 1), (1129, 2), (1153, 1), (1156, 4), (1199, 1), (1219, 8), (1223, 1), (1297, 1), (1324, 4), (1336, 1), (1344, 2), (1355, 2), (1373, 15), (1389, 8), (1404, 4), (1416, 2), (1431, 3), (1437, 1), (1455, 1), (1468, 5), (1492, 7), (1529, 12), (1540, 8), (1555, 1), (1562, 4), (1570, 1), (1575, 3), (1581, 1), (1599, 1), (1607, 1), (1628, 1), (1713, 1), (1760, 3), (1789, 1), (1820, 1), (1827, 1), (1837, 1), (1841, 1), (1892, 2), (1899, 1), (1950, 1), (1959, 1), (2001, 2), (2056, 1), (2074, 1), (2081, 2), (2082, 8), (2123, 1), (2130, 2), (2132, 1), (2142, 1), (2157, 2), (2168, 2), (2176, 1), (2223, 1), (2250, 1), (2265, 1), (2273, 2), (2283, 3), (2292, 1), (2295, 1), (2298, 2), (2315, 2), (2370, 1), (2386, 4), (2393, 1), (2394, 1), (2397, 4), (2416, 8), (2423, 1), (2449, 2), (2455, 1), (2468, 6), (2474, 1), (2491, 1), (2511, 2), (2519, 1), (2540, 2), (2544, 1), (2546, 1), (2553, 3), (2565, 2), (2614, 2), (2627, 2), (2628, 2), (2634, 1), (2655, 1), (2698, 32), (2708, 1), (2730, 1), (2753, 1), (2776, 2), (2781, 1), (2795, 1), (2851, 1), (2879, 6), (2900, 1), (2908, 4), (2929, 1), (2949, 1), (2971, 3), (2978, 1), (3001, 1), (3009, 81), (3033, 1), (3054, 2), (3066, 2), (3095, 2), (3099, 1), (3112, 1), (3128, 1), (3166, 1), (3182, 1), (3198, 1), (3221, 1), (3248, 2), (3271, 1), (3312, 1), (3327, 4), (3423, 2), (3432, 1), (3521, 1), (3549, 1), (3565, 1), (3604, 2), (3605, 2), (3618, 1), (3619, 1), (3634, 4), (3659, 11), (3668, 2), (3720, 1), (3764, 1), (3765, 2), (3802, 1), (3811, 1), (3817, 1), (3827, 1), (3854, 2), (3904, 1), (4020, 1), (4026, 1), (4028, 1), (4133, 1), (4156, 2), (4206, 8), (4214, 1), (4221, 2), (4249, 1), (4261, 1), (4268, 1), (4299, 10), (4316, 3), (4325, 3), (4327, 1), (4331, 1), (4345, 2), (4368, 2), (4389, 1), (4397, 2), (4404, 1), (4459, 8), (4464, 1), (4491, 2), (4498, 3), (4509, 1), (4528, 1), (4537, 1), (4586, 1), (4589, 1), (4604, 1), (4622, 1), (4661, 1), (4708, 1), (4727, 1), (4741, 1), (4762, 1), (4785, 1), (4805, 3), (4806, 1), (4822, 10), (4856, 1), (4857, 2), (4875, 1), (4925, 1), (4934, 4), (4946, 4), (4969, 1), (5001, 1), (5031, 2), (5066, 1), (5072, 1), (5112, 6), (5151, 1), (5208, 3), (5277, 2), (5285, 2), (5292, 1), (5293, 1), (5308, 1), (5357, 1), (5411, 8), (5417, 1), (5421, 1), (5433, 1), (5454, 1), (5465, 3), (5474, 1), (5488, 12), (5520, 4), (5543, 4), (5625, 4), (5629, 2), (5649, 2), (5670, 1), (5697, 1), (5727, 1), (5743, 1), (5773, 1), (5805, 1), (5809, 1), (5814, 1), (5818, 1), (5868, 1), (5905, 1), (5947, 1), (5954, 1), (5970, 1), (6046, 1), (6066, 1), (6202, 1), (6216, 3), (6230, 3), (6235, 4), (6256, 1), (6264, 2), (6396, 1), (6403, 1), (6417, 2), (6418, 1), (6488, 1), (6498, 7), (6523, 1), (6530, 1), (6540, 1), (6576, 1), (6578, 1), (6585, 1), (6596, 17), (6634, 4), (6644, 1), (6685, 2), (6696, 1), (6732, 2), (6743, 1), (6759, 1), (6776, 1), (6792, 2), (6814, 1), (6820, 3), (6824, 2), (6877, 1), (6890, 1), (6898, 1), (6953, 1), (6959, 1), (6980, 1), (7006, 1), (7020, 1), (7043, 1), (7091, 1), (7107, 8), (7118, 3), (7135, 1), (7146, 2), (7149, 2), (7173, 1), (7194, 1), (7217, 2), (7230, 1), (7238, 1), (7241, 3), (7242, 2), (7269, 1), (7322, 41), (7347, 1), (7376, 1), (7384, 16), (7399, 1), (7402, 1), (7404, 2), (7418, 1), (7447, 1), (7472, 1), (7487, 1), (7489, 2), (7496, 1), (7538, 1), (7551, 1), (7565, 1), (7600, 2), (7631, 1), (7661, 10), (7670, 1), (7674, 1), (7681, 25), (7683, 1), (7692, 1), (7753, 2), (7775, 2), (7784, 25), (7797, 1), (7798, 1), (7838, 2), (7849, 1), (7866, 1), (7880, 7), (7889, 3), (7898, 3), (7917, 1), (7926, 1), (7990, 3), (8014, 3), (8046, 2), (8089, 2), (8182, 2), (8194, 3), (8195, 1), (8214, 1), (8252, 1), (8293, 2), (8319, 2), (8327, 1), (8330, 1), (8343, 1), (8356, 2), (8398, 1), (8410, 1), (8414, 1), (8426, 2), (8437, 4), (8465, 4), (8473, 1), (8477, 1), (8483, 4), (8579, 2), (8590, 4), (8648, 1), (8653, 1), (8663, 1), (8665, 1), (8685, 3), (8688, 3), (8692, 2), (8700, 2), (8740, 1), (8745, 1), (8750, 1), (8760, 1), (8819, 1), (8824, 1), (8843, 1), (8881, 10), (8905, 1), (8913, 1), (8959, 1), (8960, 1), (8968, 1), (8995, 1), (9013, 1), (9027, 4), (9044, 2), (9083, 1), (9099, 1), (9106, 3), (9127, 1), (9153, 1), (9173, 2), (9183, 1), (9201, 9), (9209, 1), (9215, 30), (9260, 2), (9291, 3), (9313, 1), (9335, 2), (9336, 1), (9345, 3), (9348, 1), (9369, 16), (9375, 11), (9456, 1), (9458, 4), (9499, 1), (9506, 4), (9554, 9), (9555, 1), (9584, 1), (9601, 1), (9632, 1), (9640, 1), (9659, 1), (9694, 5), (9702, 1), (9710, 2), (9717, 1), (9721, 2), (9741, 4), (9768, 1), (9770, 2), (9866, 1), (9881, 1), (9886, 1), (9892, 1), (9904, 1), (9921, 1), (9957, 1), (9959, 3)
wakeau (DF: 1): (1102, 1)
wakeman (DF: 1): (615, 1)
wakey (DF: 1): (5630, 10)
wakin (DF: 11): (930, 1), (1219, 1), (1891, 1), (2286, 1), (6086, 1), (6390, 1), (7137, 2), (7206, 1), (7436, 1), (8725, 16), (9663, 1)
wakka (DF: 1): (9595, 1)
wakkeboi (DF: 1): (6256, 1)
wakker (DF: 1): (175, 6)
wal (DF: 2): (908, 1), (7071, 1)
wala (DF: 6): (149, 1), (1834, 1), (2268, 1), (3150, 3), (8768, 3), (9688, 1)
walaalo (DF: 1): (7397, 2)
walad (DF: 1): (5439, 4)
walang (DF: 3): (4815, 5), (9528, 1), (9901, 2)
walapaa (DF: 1): (9980, 2)
walcz (DF: 1): (2951, 1)
walczi (DF: 2): (908, 1), (6678, 2)
wald (DF: 1): (1845, 1)
walden (DF: 2): (323, 1), (1825, 4)
wale (DF: 10): (124, 2), (2706, 1), (3628, 1), (3991, 2), (4985, 1), (8383, 1), (8755, 1), (8953, 1), (9331, 1), (9519, 1)
walentynki (DF: 1): (908, 1)
walgreen (DF: 3): (488, 1), (2143, 1), (9640, 1)
walgt (DF: 1): (1077, 1)
wali (DF: 3): (149, 3), (4421, 1), (8509, 1)
walin (DF: 2): (2767, 1), (5152, 1)
walk (DF: 1047): (20, 1), (50, 2), (52, 1), (58, 1), (64, 4), (72, 1), (76, 2), (83, 9), (88, 1), (104, 1), (108, 8), (110, 1), (124, 1), (135, 2), (138, 1), (153, 2), (160, 3), (176, 6), (183, 1), (196, 4), (197, 1), (221, 1), (222, 1), (223, 2), (245, 1), (247, 6), (254, 2), (258, 2), (273, 12), (282, 22), (287, 4), (289, 3), (306, 1), (339, 1), (350, 1), (370, 2), (377, 3), (379, 1), (380, 1), (389, 1), (418, 11), (423, 1), (427, 1), (457, 1), (469, 1), (471, 1), (485, 1), (496, 1), (544, 1), (562, 1), (568, 1), (616, 1), (618, 2), (633, 1), (634, 1), (635, 6), (643, 2), (644, 2), (658, 1), (660, 1), (668, 1), (672, 1), (688, 11), (691, 1), (692, 2), (708, 1), (710, 5), (717, 1), (718, 1), (727, 2), (734, 2), (743, 1), (769, 3), (771, 2), (823, 1), (825, 2), (833, 1), (834, 1), (870, 1), (898, 1), (909, 1), (914, 3), (922, 3), (948, 2), (960, 6), (964, 1), (965, 6), (974, 2), (978, 2), (983, 2), (997, 1), (1006, 1), (1007, 2), (1025, 2), (1026, 2), (1028, 1), (1029, 1), (1036, 1), (1052, 2), (1058, 1), (1097, 1), (1106, 1), (1108, 1), (1113, 2), (1122, 1), (1137, 1), (1148, 3), (1187, 1), (1188, 1), (1204, 1), (1205, 1), (1206, 1), (1214, 21), (1223, 1), (1234, 4), (1246, 1), (1253, 1), (1266, 4), (1287, 1), (1289, 2), (1304, 1), (1319, 4), (1325, 1), (1342, 1), (1347, 2), (1372, 1), (1386, 1), (1391, 12), (1392, 2), (1406, 1), (1408, 1), (1418, 6), (1419, 1), (1429, 1), (1434, 1), (1435, 2), (1452, 1), (1457, 3), (1500, 2), (1503, 3), (1510, 6), (1528, 4), (1543, 1), (1546, 27), (1547, 1), (1552, 1), (1558, 2), (1566, 2), (1569, 2), (1571, 1), (1593, 1), (1601, 1), (1606, 1), (1608, 2), (1609, 4), (1626, 2), (1642, 1), (1643, 1), (1647, 3), (1656, 1), (1661, 1), (1690, 1), (1696, 20), (1704, 1), (1713, 1), (1728, 8), (1733, 5), (1742, 3), (1748, 1), (1772, 24), (1773, 1), (1789, 5), (1792, 1), (1797, 1), (1817, 1), (1820, 1), (1828, 1), (1838, 1), (1846, 1), (1860, 2), (1870, 1), (1872, 1), (1877, 2), (1897, 1), (1900, 6), (1901, 2), (1909, 1), (1910, 1), (1915, 1), (1922, 1), (1927, 1), (1930, 1), (1938, 1), (1948, 1), (1952, 2), (1956, 2), (1959, 1), (1981, 4), (1986, 2), (2003, 3), (2005, 2), (2012, 1), (2015, 2), (2016, 1), (2028, 1), (2031, 1), (2046, 1), (2048, 2), (2056, 1), (2057, 1), (2064, 1), (2074, 1), (2075, 2), (2103, 1), (2109, 3), (2113, 2), (2116, 1), (2135, 2), (2143, 1), (2144, 1), (2145, 1), (2147, 8), (2167, 1), (2174, 1), (2182, 19), (2184, 3), (2188, 2), (2208, 2), (2214, 2), (2220, 2), (2254, 4), (2293, 1), (2307, 3), (2334, 2), (2359, 4), (2378, 2), (2380, 1), (2382, 4), (2389, 1), (2397, 2), (2399, 2), (2400, 1), (2401, 1), (2403, 2), (2415, 1), (2421, 10), (2426, 1), (2430, 1), (2436, 1), (2464, 2), (2475, 1), (2500, 4), (2509, 1), (2520, 2), (2524, 1), (2534, 1), (2544, 1), (2550, 1), (2556, 1), (2561, 1), (2565, 1), (2568, 1), (2569, 1), (2581, 1), (2594, 1), (2598, 1), (2602, 1), (2608, 1), (2612, 1), (2624, 1), (2628, 4), (2632, 1), (2641, 2), (2650, 16), (2669, 1), (2676, 2), (2679, 1), (2684, 1), (2704, 1), (2713, 1), (2720, 2), (2746, 1), (2747, 1), (2762, 1), (2765, 1), (2777, 15), (2799, 4), (2804, 1), (2816, 1), (2820, 1), (2823, 1), (2829, 1), (2837, 1), (2840, 1), (2842, 4), (2859, 4), (2863, 2), (2870, 1), (2883, 8), (2916, 6), (2933, 4), (2935, 1), (2939, 1), (2963, 1), (2968, 8), (2971, 12), (2975, 2), (2985, 8), (2992, 1), (3008, 4), (3036, 2), (3040, 2), (3052, 1), (3084, 3), (3094, 3), (3110, 4), (3116, 2), (3125, 4), (3156, 1), (3168, 1), (3188, 2), (3202, 2), (3206, 1), (3209, 1), (3245, 1), (3248, 1), (3249, 1), (3259, 3), (3266, 1), (3276, 1), (3284, 2), (3318, 1), (3330, 2), (3341, 1), (3343, 2), (3365, 25), (3368, 2), (3379, 1), (3393, 2), (3398, 1), (3406, 1), (3408, 1), (3455, 4), (3470, 2), (3482, 3), (3487, 1), (3488, 1), (3502, 1), (3503, 1), (3541, 7), (3545, 2), (3553, 2), (3556, 2), (3558, 1), (3561, 1), (3562, 1), (3568, 1), (3574, 3), (3575, 44), (3584, 2), (3598, 1), (3624, 2), (3626, 2), (3630, 1), (3632, 3), (3641, 3), (3661, 1), (3668, 1), (3671, 4), (3688, 1), (3695, 1), (3696, 2), (3701, 1), (3703, 36), (3704, 1), (3727, 1), (3733, 1), (3740, 1), (3753, 1), (3754, 1), (3762, 1), (3770, 3), (3776, 1), (3789, 1), (3796, 1), (3797, 1), (3799, 1), (3814, 3), (3820, 2), (3840, 1), (3846, 1), (3854, 1), (3856, 2), (3861, 1), (3884, 1), (3928, 1), (3964, 1), (3966, 1), (3983, 3), (3987, 1), (3991, 2), (3999, 1), (4014, 1), (4031, 2), (4037, 5), (4038, 1), (4044, 1), (4046, 2), (4053, 5), (4055, 2), (4060, 2), (4061, 15), (4074, 3), (4093, 9), (4102, 1), (4111, 1), (4118, 2), (4134, 1), (4135, 1), (4136, 4), (4139, 3), (4146, 2), (4165, 4), (4169, 1), (4172, 2), (4174, 1), (4176, 1), (4177, 3), (4194, 1), (4208, 1), (4213, 4), (4225, 1), (4232, 8), (4239, 1), (4274, 1), (4277, 8), (4286, 2), (4301, 2), (4303, 1), (4305, 18), (4320, 1), (4339, 2), (4366, 2), (4371, 5), (4372, 1), (4389, 1), (4392, 2), (4396, 3), (4414, 1), (4422, 3), (4426, 2), (4440, 1), (4441, 1), (4443, 1), (4447, 1), (4449, 1), (4454, 6), (4472, 2), (4489, 2), (4492, 1), (4495, 1), (4502, 2), (4503, 2), (4506, 9), (4508, 4), (4509, 3), (4512, 2), (4537, 5), (4538, 3), (4547, 2), (4564, 2), (4585, 1), (4596, 1), (4617, 2), (4627, 1), (4629, 1), (4636, 2), (4644, 7), (4653, 1), (4663, 2), (4676, 3), (4681, 1), (4684, 1), (4688, 3), (4700, 15), (4716, 1), (4724, 1), (4741, 1), (4771, 2), (4784, 3), (4788, 2), (4814, 5), (4818, 1), (4830, 2), (4837, 2), (4841, 1), (4842, 1), (4843, 1), (4855, 2), (4866, 1), (4891, 2), (4895, 1), (4896, 5), (4899, 3), (4900, 1), (4920, 2), (4927, 2), (4928, 1), (4941, 4), (4944, 1), (4950, 8), (4956, 1), (4957, 1), (4968, 2), (4973, 15), (4975, 4), (4980, 2), (4982, 1), (4988, 1), (4990, 2), (5018, 1), (5042, 2), (5048, 2), (5061, 1), (5064, 1), (5067, 1), (5076, 1), (5085, 2), (5087, 1), (5091, 1), (5106, 1), (5107, 1), (5127, 18), (5131, 1), (5137, 1), (5142, 1), (5150, 6), (5168, 5), (5179, 1), (5185, 1), (5199, 1), (5216, 2), (5219, 1), (5226, 1), (5234, 2), (5249, 1), (5280, 1), (5288, 2), (5290, 1), (5291, 5), (5294, 3), (5303, 3), (5309, 1), (5311, 2), (5312, 2), (5316, 2), (5318, 9), (5333, 2), (5335, 2), (5340, 1), (5395, 1), (5400, 4), (5402, 1), (5414, 1), (5416, 4), (5423, 1), (5424, 1), (5429, 1), (5431, 1), (5440, 3), (5446, 8), (5456, 1), (5477, 18), (5478, 1), (5489, 1), (5494, 1), (5560, 1), (5561, 2), (5568, 2), (5570, 2), (5583, 1), (5593, 2), (5594, 1), (5595, 1), (5598, 2), (5601, 2), (5604, 1), (5620, 2), (5624, 6), (5627, 2), (5631, 2), (5633, 2), (5641, 1), (5656, 1), (5661, 2), (5668, 1), (5683, 1), (5705, 1), (5710, 1), (5730, 1), (5736, 4), (5751, 2), (5767, 4), (5771, 1), (5802, 16), (5822, 1), (5824, 3), (5827, 2), (5828, 1), (5837, 1), (5846, 1), (5867, 1), (5889, 2), (5909, 1), (5912, 12), (5930, 1), (5941, 5), (5952, 2), (5957, 1), (5966, 4), (5971, 2), (5974, 2), (5979, 2), (5989, 1), (6002, 1), (6014, 1), (6020, 1), (6034, 15), (6039, 4), (6046, 1), (6050, 2), (6061, 1), (6073, 2), (6088, 4), (6096, 1), (6097, 1), (6098, 8), (6099, 2), (6102, 10), (6106, 1), (6124, 2), (6127, 2), (6133, 2), (6135, 3), (6162, 1), (6165, 3), (6193, 1), (6197, 1), (6206, 1), (6217, 1), (6222, 3), (6227, 1), (6228, 2), (6242, 1), (6244, 2), (6256, 1), (6260, 1), (6262, 1), (6269, 1), (6272, 1), (6285, 1), (6287, 1), (6296, 1), (6308, 1), (6310, 1), (6322, 1), (6369, 1), (6373, 2), (6399, 1), (6409, 1), (6410, 1), (6415, 1), (6421, 1), (6424, 1), (6441, 1), (6465, 1), (6472, 1), (6477, 1), (6478, 1), (6479, 1), (6486, 2), (6495, 2), (6497, 1), (6502, 4), (6506, 1), (6508, 1), (6509, 4), (6525, 3), (6537, 1), (6543, 1), (6554, 2), (6598, 1), (6607, 1), (6609, 8), (6613, 2), (6618, 2), (6642, 2), (6646, 2), (6655, 1), (6662, 1), (6671, 13), (6684, 1), (6686, 1), (6687, 1), (6695, 1), (6701, 1), (6715, 27), (6721, 2), (6736, 1), (6739, 2), (6743, 1), (6747, 4), (6755, 1), (6756, 1), (6761, 2), (6764, 2), (6778, 6), (6779, 25), (6783, 1), (6784, 1), (6785, 1), (6787, 1), (6800, 1), (6813, 1), (6816, 1), (6828, 1), (6832, 2), (6836, 26), (6842, 1), (6846, 1), (6870, 3), (6893, 1), (6896, 5), (6923, 1), (6925, 2), (6946, 1), (6951, 2), (6955, 1), (6964, 1), (6975, 1), (6979, 2), (6982, 1), (6995, 1), (7001, 1), (7005, 2), (7010, 5), (7030, 1), (7032, 1), (7037, 2), (7046, 4), (7047, 1), (7051, 1), (7054, 3), (7067, 1), (7069, 1), (7070, 1), (7090, 1), (7098, 1), (7102, 1), (7107, 1), (7126, 5), (7131, 16), (7132, 1), (7145, 1), (7152, 2), (7157, 3), (7170, 6), (7174, 1), (7182, 2), (7214, 1), (7217, 2), (7218, 1), (7231, 1), (7233, 1), (7234, 8), (7238, 2), (7240, 1), (7243, 15), (7253, 5), (7257, 3), (7266, 1), (7267, 1), (7275, 2), (7289, 2), (7292, 22), (7307, 3), (7311, 6), (7321, 3), (7323, 1), (7339, 1), (7341, 1), (7343, 1), (7348, 1), (7358, 1), (7363, 1), (7387, 1), (7392, 4), (7393, 2), (7400, 1), (7411, 1), (7468, 1), (7473, 1), (7482, 1), (7497, 1), (7522, 2), (7525, 3), (7531, 1), (7537, 1), (7545, 5), (7558, 1), (7559, 1), (7570, 2), (7576, 2), (7577, 2), (7579, 1), (7592, 2), (7594, 1), (7606, 3), (7613, 1), (7634, 1), (7668, 2), (7683, 1), (7690, 1), (7696, 1), (7701, 1), (7717, 2), (7721, 2), (7745, 4), (7752, 4), (7757, 7), (7764, 12), (7765, 1), (7768, 3), (7791, 5), (7826, 2), (7829, 2), (7831, 1), (7834, 4), (7836, 1), (7838, 5), (7856, 2), (7861, 1), (7873, 4), (7888, 5), (7896, 1), (7897, 1), (7901, 1), (7906, 1), (7932, 1), (7937, 1), (7960, 1), (7973, 1), (7975, 3), (7979, 1), (7997, 2), (8021, 3), (8024, 1), (8025, 2), (8028, 5), (8061, 1), (8064, 6), (8083, 2), (8090, 1), (8114, 2), (8134, 2), (8137, 3), (8152, 2), (8159, 3), (8174, 4), (8178, 45), (8182, 1), (8183, 1), (8191, 4), (8193, 7), (8212, 1), (8213, 2), (8228, 1), (8240, 1), (8248, 1), (8259, 1), (8262, 1), (8279, 1), (8282, 2), (8284, 6), (8292, 1), (8298, 1), (8316, 1), (8319, 1), (8368, 1), (8398, 6), (8399, 1), (8411, 2), (8412, 4), (8419, 1), (8425, 2), (8450, 2), (8456, 2), (8473, 1), (8481, 2), (8491, 1), (8493, 1), (8511, 1), (8515, 1), (8536, 1), (8543, 4), (8576, 4), (8582, 1), (8583, 2), (8588, 1), (8594, 4), (8616, 1), (8630, 1), (8639, 1), (8655, 1), (8657, 1), (8658, 1), (8697, 2), (8700, 6), (8705, 1), (8715, 2), (8726, 4), (8738, 1), (8753, 9), (8761, 1), (8773, 1), (8774, 1), (8786, 1), (8788, 2), (8794, 1), (8798, 1), (8822, 1), (8825, 6), (8826, 1), (8830, 1), (8837, 4), (8842, 1), (8843, 1), (8845, 1), (8855, 3), (8857, 4), (8865, 2), (8885, 2), (8893, 2), (8921, 1), (8955, 4), (8957, 1), (8958, 7), (8960, 1), (8969, 2), (8974, 2), (8983, 10), (8986, 1), (8988, 12), (8998, 3), (9005, 8), (9007, 2), (9016, 1), (9031, 4), (9046, 1), (9084, 3), (9089, 1), (9100, 1), (9102, 1), (9107, 1), (9115, 1), (9126, 3), (9133, 2), (9140, 1), (9148, 1), (9153, 1), (9154, 1), (9163, 6), (9171, 1), (9175, 1), (9189, 6), (9193, 1), (9200, 1), (9274, 1), (9276, 4), (9278, 1), (9283, 6), (9294, 4), (9301, 1), (9303, 6), (9328, 1), (9347, 1), (9376, 2), (9380, 2), (9385, 2), (9401, 1), (9408, 1), (9421, 2), (9433, 2), (9454, 4), (9461, 6), (9487, 1), (9488, 1), (9497, 1), (9510, 3), (9520, 12), (9535, 2), (9557, 1), (9566, 1), (9577, 2), (9583, 3), (9586, 1), (9594, 1), (9601, 3), (9604, 2), (9612, 6), (9617, 1), (9625, 1), (9634, 1), (9670, 2), (9676, 1), (9683, 1), (9686, 1), (9691, 1), (9709, 1), (9711, 1), (9724, 1), (9742, 1), (9761, 1), (9763, 2), (9765, 1), (9779, 6), (9784, 1), (9789, 1), (9790, 2), (9801, 1), (9807, 4), (9829, 2), (9844, 2), (9849, 2), (9852, 2), (9861, 3), (9870, 1), (9910, 1), (9924, 1), (9930, 1), (9953, 4), (9954, 1), (9961, 2), (9968, 1), (9984, 1), (9989, 2), (9997, 6)
walker (DF: 42): (239, 2), (422, 1), (1065, 1), (1081, 1), (1153, 2), (1234, 1), (1302, 1), (1418, 1), (1431, 1), (1578, 1), (1680, 1), (2511, 1), (2532, 1), (2874, 1), (3235, 2), (3359, 1), (3412, 1), (3514, 1), (3618, 2), (4053, 2), (4145, 1), (4235, 1), (4394, 1), (4397, 1), (4446, 1), (5232, 1), (5400, 1), (5546, 1), (6143, 1), (6144, 1), (6210, 2), (6427, 2), (6880, 1), (6935, 1), (7292, 1), (7481, 2), (7966, 1), (8324, 1), (8413, 1), (8873, 1), (8939, 1), (9856, 1)
walki (DF: 2): (924, 1), (3850, 1)
walkin (DF: 106): (70, 2), (74, 2), (104, 2), (300, 1), (357, 7), (372, 1), (409, 10), (441, 1), (485, 1), (1097, 1), (1669, 1), (1693, 3), (1733, 8), (1809, 1), (1849, 1), (1925, 1), (1957, 2), (1976, 3), (2013, 1), (2032, 1), (2278, 1), (2301, 2), (2319, 31), (2492, 1), (2495, 1), (2649, 1), (2745, 2), (2762, 1), (2939, 1), (3439, 1), (3490, 3), (3789, 1), (3963, 1), (3993, 21), (4054, 2), (4055, 4), (4061, 10), (4194, 1), (4250, 2), (4294, 3), (4401, 1), (4420, 10), (4489, 4), (4536, 1), (4565, 1), (4844, 1), (4959, 1), (5041, 1), (5065, 7), (5294, 1), (5407, 1), (5494, 2), (5499, 1), (5529, 1), (5627, 2), (5678, 7), (5685, 2), (5974, 1), (6032, 1), (6144, 1), (6210, 1), (6217, 1), (6441, 2), (6490, 1), (6558, 1), (6644, 4), (6923, 1), (7004, 1), (7090, 1), (7138, 1), (7170, 4), (7213, 3), (7237, 1), (7292, 1), (7458, 1), (7464, 1), (7537, 1), (7580, 1), (8055, 2), (8058, 1), (8108, 2), (8179, 1), (8268, 6), (8413, 1), (8472, 31), (8553, 2), (8578, 2), (8756, 1), (8974, 2), (8976, 1), (8983, 1), (9032, 1), (9033, 1), (9062, 3), (9063, 1), (9094, 2), (9231, 3), (9301, 1), (9419, 1), (9432, 1), (9594, 1), (9733, 4), (9763, 1), (9846, 1), (9875, 1), (9944, 1)
walking (DF: 1): (2194, 1)
walkman (DF: 3): (4030, 4), (6194, 1), (9315, 1)
walkthrough (DF: 1): (8860, 2)
wall (DF: 367): (2, 1), (25, 2), (40, 2), (80, 1), (123, 1), (139, 1), (145, 3), (197, 2), (237, 1), (281, 1), (289, 1), (377, 2), (389, 1), (405, 1), (420, 1), (425, 1), (445, 1), (459, 2), (464, 1), (475, 1), (479, 3), (482, 1), (497, 1), (560, 1), (607, 1), (609, 2), (612, 1), (622, 1), (625, 1), (678, 1), (692, 2), (696, 1), (699, 1), (714, 2), (757, 1), (808, 2), (820, 1), (833, 2), (841, 1), (920, 1), (925, 2), (956, 2), (976, 1), (1026, 5), (1076, 2), (1134, 2), (1144, 1), (1199, 1), (1226, 2), (1234, 2), (1235, 2), (1237, 1), (1243, 1), (1319, 3), (1344, 1), (1353, 2), (1391, 3), (1404, 1), (1429, 1), (1498, 3), (1545, 1), (1552, 1), (1560, 1), (1568, 1), (1589, 1), (1594, 1), (1636, 1), (1657, 2), (1658, 5), (1663, 1), (1678, 3), (1680, 1), (1690, 1), (1705, 1), (1793, 1), (1795, 1), (1802, 2), (1822, 1), (1852, 1), (1853, 4), (1857, 1), (1875, 1), (1924, 3), (1952, 2), (1975, 1), (1980, 2), (1994, 1), (2003, 4), (2061, 1), (2089, 1), (2096, 1), (2109, 4), (2121, 1), (2124, 1), (2133, 1), (2214, 6), (2219, 1), (2274, 1), (2305, 1), (2330, 2), (2333, 4), (2465, 4), (2494, 2), (2495, 2), (2504, 1), (2537, 3), (2542, 2), (2554, 4), (2559, 1), (2603, 1), (2609, 3), (2618, 1), (2620, 1), (2649, 2), (2658, 1), (2665, 1), (2672, 1), (2723, 1), (2753, 1), (2762, 1), (2866, 1), (2888, 2), (2900, 1), (2957, 1), (2984, 5), (2998, 1), (3016, 1), (3052, 1), (3083, 1), (3119, 1), (3167, 1), (3185, 1), (3220, 1), (3232, 1), (3235, 2), (3268, 1), (3296, 1), (3339, 1), (3378, 6), (3469, 2), (3482, 4), (3496, 1), (3525, 2), (3539, 4), (3552, 1), (3573, 2), (3716, 1), (3721, 3), (3743, 1), (3751, 1), (3754, 4), (3766, 1), (3776, 1), (3796, 1), (3938, 1), (3951, 1), (3983, 3), (4007, 1), (4067, 1), (4078, 1), (4118, 2), (4142, 1), (4169, 2), (4187, 2), (4205, 1), (4283, 3), (4294, 6), (4310, 1), (4323, 1), (4363, 5), (4377, 1), (4396, 1), (4424, 7), (4442, 1), (4453, 1), (4519, 2), (4586, 1), (4674, 1), (4684, 1), (4685, 1), (4785, 1), (4798, 1), (4812, 6), (4878, 1), (4880, 1), (4882, 1), (4901, 1), (4942, 3), (4977, 1), (4987, 2), (5014, 1), (5066, 1), (5081, 2), (5086, 1), (5136, 1), (5160, 1), (5290, 1), (5299, 1), (5319, 1), (5322, 1), (5325, 2), (5328, 3), (5332, 2), (5387, 2), (5395, 1), (5418, 3), (5419, 1), (5464, 2), (5589, 2), (5630, 1), (5640, 3), (5657, 1), (5658, 1), (5684, 1), (5747, 1), (5749, 1), (5769, 1), (5777, 1), (5784, 2), (5797, 12), (5899, 6), (5925, 3), (5968, 1), (5993, 1), (6003, 1), (6051, 1), (6106, 1), (6110, 2), (6148, 2), (6265, 2), (6269, 1), (6312, 1), (6315, 1), (6331, 1), (6421, 1), (6434, 2), (6482, 2), (6510, 1), (6516, 1), (6521, 6), (6582, 1), (6589, 1), (6647, 1), (6664, 1), (6665, 1), (6667, 1), (6688, 1), (6695, 1), (6697, 1), (6714, 6), (6778, 6), (6788, 1), (6796, 1), (6797, 1), (6824, 1), (6873, 2), (6880, 1), (6948, 2), (6960, 1), (6968, 2), (6972, 2), (6973, 1), (6982, 1), (7050, 1), (7076, 2), (7097, 1), (7102, 2), (7126, 1), (7134, 2), (7154, 1), (7168, 1), (7189, 2), (7218, 1), (7220, 2), (7221, 1), (7245, 1), (7269, 1), (7355, 1), (7363, 1), (7423, 4), (7451, 1), (7518, 1), (7523, 1), (7589, 3), (7598, 1), (7650, 1), (7655, 1), (7707, 1), (7721, 4), (7827, 2), (7846, 1), (7864, 1), (7947, 3), (7959, 2), (7964, 3), (7966, 1), (7970, 1), (8020, 1), (8152, 2), (8168, 1), (8193, 1), (8214, 3), (8224, 3), (8286, 1), (8298, 1), (8334, 6), (8336, 1), (8364, 1), (8368, 1), (8395, 1), (8397, 1), (8453, 6), (8493, 2), (8527, 1), (8536, 1), (8541, 8), (8547, 1), (8613, 2), (8634, 1), (8640, 1), (8663, 1), (8711, 1), (8720, 1), (8731, 2), (8764, 1), (8796, 2), (8873, 1), (8917, 1), (8952, 1), (9008, 1), (9010, 4), (9035, 1), (9059, 1), (9110, 1), (9119, 6), (9146, 2), (9166, 1), (9176, 1), (9212, 1), (9218, 1), (9219, 1), (9267, 1), (9277, 1), (9315, 1), (9317, 1), (9333, 3), (9340, 1), (9345, 3), (9394, 1), (9397, 1), (9439, 1), (9471, 7), (9497, 14), (9613, 1), (9646, 1), (9676, 1), (9844, 1), (9848, 14), (9858, 1), (9873, 1), (9896, 2), (9913, 2), (9922, 1), (9947, 1), (9950, 3), (9992, 1), (9994, 2)
walla (DF: 1): (8069, 1)
wallabe (DF: 1): (6607, 1)
wallac (DF: 9): (40, 1), (110, 1), (1856, 1), (4918, 1), (6151, 1), (6558, 1), (6704, 2), (7392, 2), (8259, 1)
wallah (DF: 10): (2574, 1), (3849, 6), (5382, 1), (6238, 3), (7603, 1), (7607, 1), (8260, 1), (8829, 9), (9737, 4), (9788, 1)
wallbang (DF: 1): (9000, 1)
wallen (DF: 1): (1684, 2)
wallet (DF: 26): (510, 1), (528, 1), (752, 1), (1156, 4), (1157, 1), (2218, 1), (2319, 10), (2402, 6), (3618, 1), (3661, 1), (3931, 1), (4320, 1), (4343, 3), (4521, 4), (6704, 2), (6837, 2), (7067, 1), (7279, 1), (7616, 4), (7650, 1), (8355, 4), (8472, 10), (8700, 2), (8931, 1), (9873, 1), (9944, 1)
wallethead (DF: 1): (4645, 1)
wallflow (DF: 3): (301, 1), (1224, 1), (2274, 1)
walli (DF: 1): (1977, 2)
wallin (DF: 1): (7360, 1)
wallow (DF: 6): (68, 1), (699, 1), (2415, 1), (3776, 6), (5743, 1), (6354, 2)
walmart (DF: 2): (1031, 1), (4972, 1)
walnut (DF: 1): (9130, 1)
walrus (DF: 1): (5503, 2)
walsh (DF: 2): (5291, 1), (6918, 1)
walt (DF: 4): (5691, 1), (6620, 1), (8498, 1), (9693, 1)
walter (DF: 6): (2385, 1), (2607, 1), (4788, 2), (5794, 3), (6722, 34), (7697, 1)
walth (DF: 2): (5493, 1), (8498, 1)
waltz (DF: 5): (223, 1), (1690, 1), (3024, 1), (9483, 2), (9852, 3)
waltzer (DF: 1): (223, 1)
wamach (DF: 1): (149, 1)
wampir (DF: 1): (6007, 1)
wan (DF: 43): (172, 1), (746, 45), (829, 1), (841, 4), (1299, 1), (1375, 8), (1391, 3), (1430, 1), (1443, 1), (1739, 1), (2064, 5), (2178, 1), (2277, 1), (2566, 1), (3380, 3), (3575, 2), (4003, 1), (4150, 2), (4523, 4), (4995, 4), (5314, 2), (5879, 1), (5947, 2), (6274, 3), (6460, 1), (6558, 1), (6627, 1), (6644, 4), (7018, 3), (7625, 1), (8151, 1), (8168, 1), (8629, 1), (8765, 3), (8910, 14), (8916, 1), (9019, 2), (9191, 1), (9336, 5), (9450, 3), (9590, 1), (9825, 3), (9929, 2)
wana (DF: 1): (9336, 4)
wanai (DF: 1): (7990, 1)
wanakin (DF: 1): (7415, 2)
wand (DF: 12): (151, 1), (483, 1), (1654, 1), (2376, 1), (3019, 1), (4318, 4), (7341, 1), (8325, 1), (8340, 1), (9199, 1), (9216, 1), (9236, 1)
wanda (DF: 1): (8510, 1)
wandell (DF: 1): (3897, 4)
wander (DF: 37): (1281, 1), (1329, 1), (1590, 3), (1965, 1), (2209, 1), (2432, 1), (2871, 1), (3200, 1), (3217, 1), (3242, 1), (3629, 3), (3672, 1), (3689, 1), (3779, 1), (4061, 5), (4708, 1), (4726, 1), (4990, 2), (5083, 1), (5604, 1), (5874, 2), (6439, 1), (6922, 1), (7115, 1), (7170, 2), (7623, 1), (8322, 2), (8334, 3), (8675, 1), (8926, 1), (9275, 9), (9339, 2), (9538, 1), (9601, 3), (9623, 2), (9784, 1), (9863, 1)
wanderess (DF: 1): (1167, 3)
wanderin (DF: 4): (4320, 1), (5566, 1), (9572, 1), (9784, 1)
wanderlust (DF: 2): (4822, 13), (4835, 2)
wane (DF: 2): (4490, 1), (4775, 1)
wang (DF: 6): (673, 1), (1771, 2), (4833, 1), (6319, 1), (6627, 1), (9147, 1)
wangu (DF: 1): (5535, 1)
wankelmut (DF: 3): (706, 1), (1785, 1), (7980, 2)
wanksta (DF: 1): (6137, 1)
