seen (DF: 147): (8181, 1), (8203, 1), (8209, 1), (8237, 2), (8263, 3), (8289, 4), (8299, 1), (8300, 3), (8338, 2), (8382, 3), (8405, 1), (8433, 1), (8445, 1), (8460, 1), (8494, 1), (8499, 1), (8534, 2), (8536, 1), (8553, 2), (8555, 1), (8630, 3), (8644, 1), (8650, 3), (8659, 1), (8664, 1), (8693, 1), (8705, 1), (8725, 4), (8742, 1), (8745, 1), (8762, 1), (8860, 2), (8863, 1), (8890, 1), (8896, 4), (8913, 1), (8917, 1), (8924, 1), (8939, 2), (8951, 2), (8965, 1), (8976, 1), (9009, 1), (9016, 1), (9084, 1), (9106, 3), (9119, 2), (9125, 1), (9197, 1), (9262, 1), (9287, 3), (9301, 1), (9317, 2), (9322, 1), (9324, 3), (9327, 1), (9354, 1), (9385, 1), (9419, 1), (9429, 1), (9442, 6), (9466, 1), (9497, 1), (9509, 4), (9510, 15), (9519, 1), (9527, 1), (9538, 1), (9552, 4), (9563, 2), (9594, 1), (9600, 2), (9642, 3), (9646, 2), (9657, 1), (9686, 1), (9693, 3), (9715, 2), (9730, 3), (9747, 2), (9751, 2), (9765, 2), (9773, 2), (9782, 2), (9800, 1), (9846, 2), (9863, 1), (9879, 2), (9888, 1), (9905, 3), (9914, 2), (9927, 2), (9933, 1), (9954, 2), (9959, 3), (9977, 6), (9983, 1), (70, 2), (71, 1), (222, 1), (223, 1), (409, 1), (411, 4), (688, 1), (689, 3), (1635, 1), (1636, 1), (1980, 1), (1981, 1), (2279, 1), (2282, 2), (2419, 1), (2421, 2), (2468, 6), (2469, 3), (2595, 1), (2596, 1), (2806, 3), (2808, 1), (3054, 1), (3055, 2), (3427, 4), (3428, 1), (3871, 2), (3872, 4), (4739, 1), (4740, 1), (5199, 1), (5200, 1), (6399, 1), (6401, 1), (6523, 2), (6525, 1), (7663, 3), (7664, 1), (8421, 1), (8422, 2), (8675, 1), (8676, 1), (9024, 1), (9025, 1), (9027, 2), (9030, 4), (9091, 1), (9092, 1), (9826, 1), (9827, 3)
seep (DF: 7): (1297, 1), (1344, 1), (1455, 1), (4803, 1), (5928, 4), (8367, 1), (9827, 1)
seer (DF: 2): (3523, 2), (3563, 1)
seersuck (DF: 1): (1732, 2)
seert (DF: 1): (1432, 1)
seesaw (DF: 3): (469, 1), (825, 1), (7131, 2)
seeth (DF: 1): (9328, 1)
seether (DF: 4): (5636, 1), (5944, 1), (7510, 1), (9227, 1)
seft (DF: 1): (2221, 1)
sefyu (DF: 1): (3437, 1)
seg (DF: 1): (34, 2)
sega (DF: 6): (1648, 1), (4148, 1), (5018, 1), (7916, 1), (8959, 1), (9995, 2)
segawa (DF: 1): (4864, 1)
seger (DF: 2): (3286, 1), (3663, 1)
segn (DF: 3): (5020, 4), (8054, 1), (9222, 2)
segnal (DF: 1): (5392, 3)
segredo (DF: 2): (4167, 1), (8363, 1)
segu (DF: 90): (9, 1), (63, 1), (213, 1), (227, 1), (444, 1), (480, 6), (489, 1), (628, 2), (632, 3), (776, 1), (897, 3), (918, 1), (1079, 2), (1109, 1), (1379, 2), (1443, 1), (1677, 1), (1686, 5), (1724, 3), (1778, 3), (2021, 1), (2027, 3), (2043, 1), (2098, 1), (2309, 7), (2342, 3), (2351, 4), (2604, 1), (2606, 2), (2711, 1), (2938, 2), (3070, 2), (3078, 1), (3080, 1), (3106, 4), (3239, 2), (3269, 1), (3504, 2), (3603, 1), (4186, 8), (4193, 2), (4288, 1), (4479, 1), (4518, 2), (4540, 1), (4556, 1), (4633, 2), (4729, 1), (4790, 2), (4948, 3), (4951, 1), (5013, 1), (5020, 1), (5126, 3), (5198, 1), (5606, 1), (5696, 2), (5945, 1), (5991, 3), (6057, 1), (6432, 3), (6436, 18), (6513, 2), (6705, 1), (6851, 4), (6883, 1), (7068, 1), (7309, 1), (7555, 1), (7734, 2), (7780, 1), (8128, 1), (8243, 3), (8415, 4), (8606, 4), (8922, 3), (8994, 1), (9196, 1), (9252, 5), (9279, 1), (9318, 2), (9516, 1), (9534, 4), (9568, 1), (9636, 4), (9641, 2), (9792, 1), (9872, 1), (9383, 1), (9384, 1)
segui (DF: 2): (213, 1), (2805, 1)
seguidor (DF: 4): (707, 1), (3586, 2), (3590, 1), (7508, 1)
seguim (DF: 8): (371, 1), (628, 4), (5126, 1), (6111, 1), (6399, 1), (8415, 4), (8733, 7), (9882, 2)
seguimo (DF: 4): (5569, 12), (8765, 1), (9095, 1), (9450, 1)
seguint (DF: 1): (9087, 1)
seguir (DF: 6): (87, 1), (4518, 1), (4782, 1), (5040, 1), (5762, 6), (7049, 2)
seguirt (DF: 1): (632, 3)
seguist (DF: 1): (4949, 1)
segun (DF: 4): (1079, 1), (4347, 1), (4352, 1), (9302, 1)
segund (DF: 41): (86, 2), (178, 1), (276, 1), (312, 1), (580, 1), (725, 3), (776, 1), (1042, 3), (2114, 2), (2351, 1), (2473, 1), (2488, 1), (2785, 4), (2948, 4), (3211, 1), (3351, 1), (3555, 3), (4246, 1), (4560, 1), (4711, 1), (4908, 12), (5105, 3), (5363, 1), (5696, 2), (5962, 1), (6160, 1), (6414, 1), (6450, 1), (6515, 1), (6656, 1), (6851, 1), (7258, 1), (7367, 4), (8143, 1), (8516, 6), (8699, 1), (8805, 3), (9185, 1), (9225, 2), (9252, 1), (9606, 1)
segunda (DF: 2): (4167, 1), (9860, 2)
segundo (DF: 2): (2735, 1), (9637, 1)
segur (DF: 13): (648, 4), (776, 1), (1254, 1), (1563, 1), (2127, 1), (2681, 1), (3211, 2), (3996, 4), (4034, 1), (4540, 1), (4671, 2), (4704, 1), (4711, 1)
