hittin (DF: 25): (6256, 2), (6342, 1), (6447, 1), (6751, 1), (6771, 1), (6788, 1), (7249, 1), (7292, 1), (7436, 1), (7473, 1), (7874, 1), (8040, 1), (8103, 1), (8165, 2), (8170, 2), (8445, 3), (8561, 1), (8725, 12), (8740, 2), (8860, 2), (9008, 1), (9231, 1), (9408, 1), (9710, 8), (9853, 1)
hitz (DF: 4): (2809, 1), (2892, 1), (4720, 1), (6959, 1)
hitzlsperg (DF: 1): (2637, 1)
hiv (DF: 3): (5961, 1), (6767, 1), (6824, 1)
hive (DF: 4): (4256, 1), (4776, 1), (8237, 2), (9744, 1)
hiver (DF: 1): (4675, 1)
hivv (DF: 1): (760, 1)
hiwaga (DF: 1): (3887, 1)
hiya (DF: 1): (7030, 1)
hiz (DF: 53): (53, 1), (276, 1), (762, 1), (1221, 2), (1277, 1), (1379, 3), (1842, 1), (1953, 1), (2070, 2), (2828, 1), (3104, 4), (3351, 1), (3504, 3), (3550, 2), (3588, 2), (3666, 1), (4189, 1), (4195, 1), (4236, 1), (4300, 3), (4347, 1), (4470, 1), (4594, 3), (5016, 2), (5224, 1), (6279, 2), (6414, 1), (6553, 2), (6645, 2), (6651, 1), (6768, 1), (6862, 1), (6917, 1), (7056, 1), (7151, 4), (7546, 1), (7604, 1), (7863, 1), (7879, 2), (7993, 2), (8047, 2), (8187, 1), (8242, 1), (8751, 1), (8785, 1), (8882, 6), (9001, 1), (9070, 2), (9309, 1), (9318, 10), (9431, 1), (9606, 1), (9719, 2)
hjem (DF: 4): (2952, 1), (3527, 1), (7077, 3), (7200, 1)
hjertet (DF: 1): (6292, 1)
hjärtat (DF: 1): (7603, 1)
hk (DF: 2): (4533, 1), (5907, 1)
hm (DF: 20): (27, 1), (297, 1), (494, 5), (4282, 1), (4975, 14), (5177, 3), (5193, 1), (5577, 1), (5579, 1), (6454, 3), (6661, 4), (6908, 12), (7077, 12), (7085, 1), (7266, 1), (7497, 1), (8123, 1), (8554, 1), (9100, 40), (9672, 1)
hmm (DF: 136): (255, 1), (430, 4), (535, 4), (617, 1), (684, 1), (792, 10), (848, 2), (870, 1), (888, 2), (895, 2), (931, 1), (998, 1), (1120, 1), (1127, 1), (1229, 2), (1264, 1), (1393, 1), (1559, 2), (1698, 4), (1750, 4), (1803, 1), (1842, 3), (1883, 3), (1892, 1), (2153, 1), (2183, 1), (2256, 1), (2470, 3), (2560, 1), (2587, 1), (2767, 1), (2791, 2), (2901, 1), (2906, 1), (2912, 14), (2920, 1), (2949, 1), (3065, 1), (3104, 2), (3122, 2), (3136, 6), (3215, 1), (3274, 14), (3360, 3), (3458, 3), (3605, 2), (3702, 3), (3807, 2), (3864, 4), (3983, 6), (4164, 1), (4182, 1), (4281, 1), (4298, 2), (4337, 6), (4365, 1), (4521, 3), (4561, 3), (4572, 1), (4646, 1), (4651, 2), (4669, 1), (4680, 1), (4752, 1), (4793, 1), (4977, 2), (5043, 1), (5152, 1), (5395, 2), (5445, 1), (5475, 2), (5576, 12), (5608, 1), (5697, 2), (5757, 2), (5851, 3), (5921, 4), (6007, 1), (6253, 1), (6338, 1), (6402, 2), (6462, 1), (6572, 2), (6592, 2), (6760, 2), (6802, 1), (6813, 1), (6881, 1), (6899, 1), (6917, 20), (7004, 1), (7106, 7), (7157, 9), (7200, 9), (7207, 2), (7216, 1), (7267, 2), (7270, 1), (7282, 1), (7292, 2), (7313, 1), (7398, 2), (7563, 4), (7669, 21), (7691, 4), (7699, 1), (7773, 3), (7815, 1), (8022, 2), (8113, 3), (8152, 1), (8169, 9), (8196, 7), (8302, 2), (8353, 1), (8355, 3), (8418, 3), (8431, 1), (8659, 2), (8676, 4), (8740, 1), (8807, 3), (8865, 1), (8938, 1), (8995, 4), (9001, 3), (9143, 1), (9215, 3), (9273, 1), (9285, 1), (9396, 4), (9628, 1), (9680, 2), (9762, 1), (9801, 1), (9919, 1)
hmm007 (DF: 1): (6899, 1)
hmmm (DF: 16): (307, 44), (746, 1), (1211, 1), (1310, 8), (3121, 6), (3469, 1), (5004, 1), (6168, 1), (6215, 1), (6917, 8), (7410, 4), (7578, 1), (7691, 3), (8362, 2), (8659, 1), (9100, 42)
hmmmm (DF: 2): (1145, 1), (2757, 1)
hmmmmmm (DF: 1): (1145, 1)
hmpheard (DF: 1): (47, 1)
hmu (DF: 1): (47, 1)
hmv (DF: 1): (47, 1)
hndrxx (DF: 2): (2831, 1), (9166, 1)
hnni (DF: 1): (5029, 1)
ho (DF: 93): (2, 1), (17, 6), (69, 1), (149, 2), (166, 1), (181, 1), (237, 1), (268, 1), (335, 7), (350, 2), (358, 2), (418, 1), (441, 1), (471, 1), (579, 1), (606, 3), (622, 1), (660, 1), (673, 4), (684, 4), (691, 2), (692, 2), (702, 1), (775, 2), (789, 1), (819, 1), (922, 1), (973, 15), (1024, 1), (1029, 2), (1076, 1), (1136, 1), (1276, 2), (1304, 2), (1321, 3), (1343, 1), (1371, 2), (1466, 4), (1490, 1), (1491, 2), (1550, 4), (1556, 1), (1566, 1), (1619, 1), (1629, 1), (1661, 1), (1704, 1), (1705, 1), (1712, 1), (1747, 5), (1783, 64), (1801, 1), (1834, 1), (1849, 1), (1891, 3), (1893, 1), (1926, 1), (1952, 2), (1986, 1), (2000, 1), (2048, 1), (2053, 3), (2058, 1), (2072, 1), (2104, 1), (2143, 1), (2198, 1), (2230, 1), (2268, 1), (2278, 1), (2283, 1), (2305, 1), (2329, 1), (2359, 2), (2389, 1), (2393, 4), (2424, 2), (2439, 24), (2449, 8), (2459, 1), (2467, 3), (2484, 2), (2592, 1), (2619, 1), (2636, 1), (2666, 1), (2706, 1), (2736, 3), (2756, 3), (2759, 1), (2779, 1), (2795, 1), (2801, 2)
