wit (DF: 85): (6266, 1), (6464, 1), (6490, 1), (6558, 2), (6560, 1), (6723, 2), (6755, 3), (6829, 2), (6885, 1), (6899, 2), (6937, 3), (6953, 1), (6962, 1), (7020, 4), (7046, 1), (7090, 3), (7213, 9), (7237, 1), (7298, 1), (7423, 4), (7442, 1), (7458, 2), (7550, 4), (7569, 1), (7574, 8), (7732, 1), (7751, 1), (7831, 1), (7856, 1), (7889, 2), (7960, 1), (7977, 9), (8016, 1), (8110, 1), (8165, 2), (8231, 13), (8248, 1), (8254, 1), (8269, 1), (8347, 1), (8407, 21), (8456, 2), (8470, 1), (8473, 8), (8528, 1), (8529, 4), (8530, 1), (8551, 1), (8553, 1), (8570, 1), (8575, 1), (8709, 3), (8724, 6), (8778, 1), (8787, 5), (8795, 2), (8819, 1), (8862, 3), (8917, 1), (8931, 1), (9000, 2), (9008, 2), (9036, 4), (9057, 1), (9063, 1), (9102, 8), (9137, 2), (9201, 1), (9278, 1), (9289, 4), (9432, 7), (9499, 2), (9633, 1), (9668, 1), (9729, 2), (9758, 1), (9932, 1), (9965, 1), (9977, 1), (3427, 5), (3428, 1), (8661, 1), (8662, 3), (8850, 1), (8852, 2)
witaj (DF: 1): (9781, 2)
witam (DF: 2): (1655, 4), (4761, 1)
witch (DF: 12): (422, 1), (939, 1), (959, 1), (1178, 1), (1541, 1), (3103, 1), (6850, 2), (7084, 1), (7700, 5), (7723, 6), (7897, 1), (8434, 5)
witcha (DF: 11): (52, 1), (2794, 1), (4045, 3), (4059, 3), (4693, 1), (5467, 1), (5758, 2), (6629, 2), (6721, 1), (8547, 1), (9008, 1)
witcho (DF: 1): (802, 1)
witchstick (DF: 1): (9210, 1)
witchu (DF: 3): (1414, 1), (5758, 6), (8319, 1)
witchyou (DF: 2): (221, 1), (7960, 1)
with (DF: 21): (276, 1), (996, 1), (1008, 2), (1039, 2), (1461, 1), (1932, 1), (2681, 1), (3351, 1), (3419, 2), (3669, 1), (4440, 2), (5525, 4), (5796, 6), (5955, 1), (7508, 1), (8039, 5), (8054, 1), (9185, 2), (9309, 1), (9671, 2), (9882, 1)
withdraw (DF: 5): (1754, 8), (2147, 1), (3188, 2), (8193, 1), (8493, 1)
withdrawn (DF: 2): (1400, 1), (8791, 1)
wither (DF: 8): (1957, 2), (3554, 1), (3558, 2), (3600, 1), (3883, 1), (3980, 1), (4145, 2), (9720, 1)
withheld (DF: 3): (2216, 1), (5885, 1), (6261, 1)
within (DF: 113): (169, 2), (220, 1), (442, 1), (517, 2), (864, 3), (920, 1), (951, 1), (1075, 1), (1346, 1), (1386, 2), (1390, 1), (1463, 1), (1470, 1), (1508, 1), (1553, 3), (1638, 2), (1645, 2), (1802, 2), (1804, 3), (1830, 1), (1846, 1), (1861, 1), (1874, 1), (2207, 2), (2293, 1), (2310, 1), (2590, 2), (2643, 1), (2756, 1), (2821, 1), (2854, 2), (2931, 1), (3036, 2), (3201, 1), (3327, 2), (3334, 3), (3347, 1), (3737, 1), (3796, 1), (3799, 1), (3829, 1), (3998, 1), (4024, 1), (4027, 1), (4073, 1), (4239, 1), (4283, 1), (4331, 1), (4340, 2), (4420, 1), (4480, 1), (4617, 2), (4674, 1), (4853, 1), (4973, 5), (5278, 1), (5465, 4), (5537, 3), (5578, 2), (5626, 1), (5676, 1), (5708, 1), (5731, 2), (5846, 1), (5867, 1), (6065, 1), (6317, 1), (6412, 2), (6463, 1), (6642, 1), (6688, 5), (6715, 1), (6833, 1), (6989, 2), (7014, 1), (7148, 1), (7423, 1), (7439, 1), (7872, 2), (7913, 1), (8114, 2), (8228, 1), (8262, 1), (8289, 2), (8421, 3), (8520, 1), (8547, 1), (8598, 4), (8730, 2), (8750, 1), (8834, 1), (8942, 1), (8971, 3), (9080, 1), (9261, 1), (9265, 1), (9317, 2), (9330, 1), (9404, 1), (9455, 2), (9466, 1), (9602, 1), (9844, 1), (9925, 1), (9991, 1), (635, 3), (636, 1), (1613, 1), (1614, 3), (5482, 1), (5483, 1), (9546, 1), (9548, 2)
withorwithout (DF: 1): (2806, 1)
without (DF: 130): (1, 1), (25, 2), (30, 2), (32, 2), (35, 2), (49, 1), (58, 1), (72, 1), (77, 3), (79, 6), (130, 47), (135, 1), (142, 2), (150, 3), (160, 3), (176, 12), (201, 1), (212, 6), (225, 6), (236, 6), (254, 10), (259, 1), (270, 1), (271, 4), (275, 1), (290, 1), (296, 9), (298, 1), (369, 1), (402, 16), (482, 3), (488, 1), (492, 6), (499, 2), (511, 18), (536, 1), (548, 1), (566, 24), (573, 7), (581, 1), (589, 4), (609, 2), (633, 1), (683, 2), (689, 1), (735, 1), (738, 1), (749, 1), (801, 1), (814, 4), (845, 1), (876, 2), (916, 1), (925, 1), (947, 1), (950, 3), (955, 4), (960, 42), (962, 4), (975, 1), (987, 1), (998, 1), (1009, 1), (1038, 1), (1048, 2), (1059, 1), (1063, 1), (1083, 1), (1087, 1), (1100, 3), (1110, 1), (1120, 1), (1136, 1), (1138, 4), (1181, 2), (1186, 1), (1200, 1), (1209, 3), (1211, 1), (1230, 1), (1234, 2), (1269, 1), (1276, 1), (1281, 16), (1304, 1), (1312, 1), (1319, 1), (1330, 1), (1334, 8), (1384, 1), (1390, 13), (1393, 1), (1403, 1), (1421, 1), (1429, 2), (1457, 3), (1471, 2), (1495, 2), (1497, 6), (1509, 1), (1511, 1), (1533, 1), (1545, 3), (1552, 1), (1561, 14), (1568, 1), (1581, 1), (1614, 3), (1643, 1), (1660, 1), (1669, 2), (1709, 1), (1710, 2), (1713, 1), (1746, 1), (1755, 3), (1757, 1), (1770, 1), (1775, 2), (1782, 5), (1791, 1), (1801, 1), (1823, 3), (1846, 1), (1874, 1), (1879, 2), (1910, 1), (1921, 1), (1927, 2), (1948, 4)
