monica (DF: 7): (772, 2), (1077, 85), (1812, 1), (4298, 1), (7343, 1), (9403, 4), (9978, 1)
monifah (DF: 1): (9022, 5)
monik (DF: 2): (772, 2), (1812, 1)
moniqu (DF: 6): (418, 1), (5529, 1), (6144, 1), (6876, 4), (9061, 1), (9432, 1)
monitor (DF: 4): (3597, 1), (3628, 1), (4739, 1), (4877, 1)
monk (DF: 4): (1330, 2), (2359, 2), (5349, 1), (7754, 2)
monkey (DF: 44): (30, 3), (291, 1), (673, 1), (1328, 1), (1656, 1), (2084, 1), (2177, 2), (2230, 1), (2254, 1), (2291, 1), (2423, 1), (2476, 1), (2692, 1), (3420, 1), (3487, 1), (3657, 18), (3726, 1), (4139, 5), (4420, 1), (4468, 1), (4766, 1), (5467, 1), (5503, 2), (5961, 1), (6225, 2), (6325, 1), (6403, 1), (6791, 1), (6829, 1), (6925, 5), (7083, 1), (7105, 1), (7635, 1), (7761, 1), (7908, 1), (7943, 1), (8338, 2), (8571, 1), (9119, 1), (9510, 5), (9629, 11), (9808, 41), (9831, 2), (9852, 1)
monna (DF: 2): (6197, 1), (6206, 1)
monnalis (DF: 1): (2518, 1)
mono (DF: 10): (376, 1), (2836, 2), (4146, 2), (4877, 2), (4942, 2), (5132, 1), (5670, 1), (8804, 1), (9592, 1), (9661, 1)
monochrom (DF: 1): (5749, 1)
monocolor (DF: 1): (5392, 1)
monocool (DF: 1): (3411, 4)
monogam (DF: 2): (4992, 1), (8671, 1)
monogami (DF: 1): (8442, 1)
monogramm (DF: 1): (5049, 1)
monolith (DF: 2): (3772, 1), (9573, 1)
monopol (DF: 2): (1102, 4), (4522, 2)
monopolast (DF: 1): (6524, 1)
monopoli (DF: 7): (794, 1), (2104, 1), (2198, 1), (4122, 1), (6695, 1), (7235, 1), (7250, 1)
monoton (DF: 4): (3019, 1), (5715, 1), (8325, 1), (9318, 4)
monotoni (DF: 4): (1032, 1), (2512, 1), (2927, 1), (3986, 1)
monotonia (DF: 1): (8052, 1)
monro (DF: 4): (8, 2), (6124, 1), (7697, 1), (8931, 1)
monrovia (DF: 1): (5160, 1)
monserrat (DF: 3): (3090, 1), (6207, 1), (7526, 1)
monsieur (DF: 1): (349, 1)
monsoon (DF: 6): (420, 1), (1281, 1), (1330, 1), (5722, 1), (6999, 1), (8139, 1)
monst (DF: 5): (637, 1), (1771, 1), (4440, 1), (7922, 1), (8218, 1)
monsta (DF: 3): (226, 1), (894, 1), (8009, 1)
monstar (DF: 2): (6597, 1), (6926, 1)
monster (DF: 71): (40, 4), (138, 1), (270, 1), (442, 1), (601, 6), (641, 4), (941, 20), (973, 1), (1130, 2), (1230, 1), (1234, 4), (1310, 8), (1720, 1), (1772, 1), (2176, 1), (2258, 22), (2552, 1), (2787, 1), (2874, 4), (2985, 1), (3072, 6), (3139, 1), (3191, 12), (3395, 2), (3922, 1), (3951, 1), (4048, 10), (4054, 2), (4153, 2), (4346, 1), (4391, 1), (4394, 6), (4735, 22), (5233, 2), (5581, 13), (5767, 1), (5957, 1), (6151, 1), (6406, 1), (6413, 1), (6464, 1), (6510, 1), (6577, 1), (6631, 2), (6688, 19), (6812, 1), (6816, 1), (7053, 1), (7115, 1), (7121, 1), (7242, 1), (7282, 2), (7474, 1), (7690, 1), (7758, 1), (7785, 1), (7941, 1), (8125, 1), (8214, 1), (8403, 2), (8674, 1), (8759, 1), (8931, 1), (9019, 1), (9036, 1), (9051, 1), (9077, 1), (9553, 1), (9631, 1), (9730, 1), (9784, 7)
monsters (DF: 1): (8218, 1)
monstros (DF: 4): (2770, 1), (3772, 1), (4021, 1), (5612, 1)
monstru (DF: 2): (2564, 1), (6422, 1)
mont (DF: 38): (14, 1), (256, 1), (399, 1), (477, 2), (676, 1), (802, 1), (1089, 1), (1187, 1), (1277, 1), (1987, 1), (2048, 1), (2356, 1), (3033, 1), (3078, 1), (3093, 2), (3550, 1), (4032, 1), (4088, 1), (5016, 1), (5040, 1), (5126, 2), (6057, 1), (6205, 2), (6485, 2), (6514, 1), (6804, 3), (6884, 6), (7254, 1), (8066, 1), (8149, 2), (8352, 1), (9040, 6), (9074, 1), (9204, 1), (9309, 6), (9719, 1), (9887, 1), (9960, 4)
monta (DF: 4): (2651, 2), (3879, 1), (4912, 1), (9309, 1)
montag (DF: 4): (675, 2), (2574, 2), (3930, 1), (7940, 2)
montagu (DF: 1): (7761, 1)
montan (DF: 15): (53, 3), (256, 1), (354, 1), (1284, 1), (1501, 2), (2114, 3), (2601, 1), (3342, 1), (3723, 1), (4434, 2), (5990, 1), (7782, 2), (8188, 1), (8883, 1), (9225, 1)
montana (DF: 22): (155, 1), (261, 2), (1171, 1), (1825, 1), (2455, 2), (3140, 1), (3225, 2), (4761, 1), (4918, 1), (5031, 8), (6238, 1), (6441, 1), (6760, 2), (7018, 3), (7071, 1), (7549, 1), (7654, 6), (7696, 1), (8509, 2), (9231, 2), (9442, 2), (9710, 8)
montanas (DF: 1): (681, 1)
montart (DF: 1): (9444, 1)
montat (DF: 2): (2585, 2), (8882, 3)
montañ (DF: 6): (2967, 1), (5762, 3), (7773, 3), (8255, 1), (9248, 1), (9342, 1)
montecarlo (DF: 1): (5702, 2)
montel (DF: 6): (372, 2), (583, 2), (1809, 1), (4668, 2), (8058, 1), (9597, 3)
monterrey (DF: 4): (276, 1), (3351, 1), (5762, 1), (6450, 1)
montessori (DF: 1): (2896, 1)
montevallo (DF: 1): (4325, 1)
montez (DF: 1): (4508, 3)
montgomeri (DF: 1): (1873, 2)
month (DF: 106): (196, 1), (241, 2), (644, 2), (691, 2), (1147, 1), (1219, 1), (1226, 1), (1304, 1), (1400, 1), (1410, 1), (1469, 2), (1650, 1), (2062, 1), (2075, 1), (2177, 1), (2220, 3), (2228, 1), (2304, 1), (2423, 1), (2451, 1), (2553, 1), (2619, 1), (2687, 1), (2708, 1), (2872, 1), (2964, 1), (3009, 19), (3175, 1), (3240, 1), (3272, 1), (3317, 7), (3444, 1), (3594, 1), (3617, 1), (3777, 2), (3857, 4), (3914, 1), (4174, 1), (4332, 1), (4337, 2), (4392, 1), (4398, 3), (4413, 1), (4536, 1), (4837, 1), (4932, 1), (4936, 2), (5014, 1), (5018, 1), (5075, 1), (5082, 1), (5250, 2), (5460, 2), (5553, 4), (5642, 1), (5728, 1), (5757, 1), (6033, 1), (6037, 1), (6222, 3), (6228, 2), (6244, 1), (6342, 1), (6508, 1), (6569, 1), (6609, 8), (6741, 1), (6787, 1), (6891, 1), (6926, 1), (6948, 4), (7006, 1), (7113, 1), (7441, 1), (7540, 1), (7585, 1), (7611, 1), (7643, 1), (7662, 1), (7688, 2), (7754, 1), (7763, 1), (7778, 1), (7884, 1), (7901, 1), (7937, 1), (8014, 9), (8108, 2), (8269, 1), (8304, 1), (8462, 1), (8494, 1), (8555, 1), (8639, 1), (8952, 2), (8953, 16), (8960, 1), (9100, 1), (9167, 1), (9345, 1), (9594, 1), (9640, 1), (9745, 1), (9747, 1), (9894, 1), (9910, 1)
monti (DF: 4): (583, 3), (4032, 1), (4668, 3), (9597, 3)
montmartr (DF: 1): (2505, 2)
monton (DF: 8): (1277, 2), (1686, 1), (4780, 2), (4846, 1), (5013, 2), (5373, 6), (7166, 1), (8243, 6)
montpelli (DF: 1): (1218, 1)
montrer (DF: 1): (3660, 1)
montreux (DF: 1): (2158, 1)
montros (DF: 3): (2323, 2), (6005, 2), (8664, 2)
montré (DF: 1): (4319, 1)
montur (DF: 1): (649, 1)
monu (DF: 1): (7607, 1)
monument (DF: 14): (764, 2), (1922, 1), (1946, 1), (1987, 1), (2363, 1), (2630, 1), (3186, 1), (3514, 1), (3704, 4), (4532, 1), (4931, 1), (6265, 1), (6756, 1), (9616, 2)
monumental (DF: 1): (1411, 1)
monumentum (DF: 1): (1272, 1)
moná (DF: 8): (1748, 1), (3148, 1), (3223, 1), (4310, 1), (6037, 1), (8175, 1), (8450, 1), (8844, 2)
moo (DF: 5): (1304, 1), (3650, 1), (7226, 1), (8893, 1), (9395, 8)
mood (DF: 92): (16, 1), (74, 2), (362, 13), (581, 1), (809, 1), (993, 1), (1080, 8), (1187, 1), (1459, 3), (1475, 3), (1516, 4), (1660, 1), (2067, 1), (2192, 3), (2282, 2), (2389, 1), (2555, 1), (2596, 1), (2832, 1), (2845, 3), (2922, 2), (3729, 2), (3780, 4), (3794, 3), (3801, 1), (3830, 1), (3917, 1), (3925, 1), (4037, 1), (4044, 4), (4062, 1), (4144, 2), (4163, 2), (4263, 1), (4310, 2), (4325, 1), (4335, 2), (4355, 1), (4435, 2), (4524, 1), (4771, 6), (5044, 6), (5168, 1), (5179, 1), (5212, 1), (5302, 1), (5331, 1), (5426, 1), (5477, 1), (5487, 1), (5514, 6), (5569, 2), (5769, 3), (5810, 2), (5897, 2), (5983, 1), (6104, 1), (6253, 1), (6314, 1), (6330, 2), (6451, 1), (6542, 3), (6594, 1), (6721, 2), (6885, 7), (7093, 1), (7099, 1), (7356, 1), (7495, 2), (7826, 2), (7882, 3), (7926, 2), (7945, 2), (7991, 1), (8063, 1), (8259, 1), (8279, 1), (8299, 1), (8634, 1), (8687, 1), (8764, 1), (8808, 1), (8967, 5), (9002, 2), (9007, 1), (9277, 1), (9397, 1), (9418, 2), (9508, 1), (9669, 1), (9676, 1), (9807, 4)
moodi (DF: 11): (1936, 1), (3043, 1), (3386, 2), (5782, 4), (6085, 1), (6350, 1), (7006, 1), (7382, 2), (7506, 1), (7706, 2), (9152, 1)
mooi (DF: 1): (1077, 3)
mook (DF: 3): (3624, 1), (4468, 1), (7926, 2)
mooki (DF: 1): (8336, 1)
moola (DF: 2): (1556, 1), (7892, 1)
moolah (DF: 2): (6380, 1), (9324, 1)
moolowo (DF: 1): (9072, 4)
