glimps (DF: 16): (1260, 1), (2184, 1), (2213, 1), (2278, 1), (3662, 1), (5081, 1), (5136, 1), (6550, 2), (6763, 1), (7620, 1), (7664, 1), (7870, 2), (7943, 1), (8038, 1), (8483, 1), (9081, 1)
glimt (DF: 1): (4849, 1)
glint (DF: 2): (3745, 1), (7888, 5)
gliss (DF: 4): (2865, 1), (5622, 1), (6886, 1), (7186, 1)
glist (DF: 5): (221, 1), (3991, 1), (6585, 1), (7960, 1), (9035, 1)
glisten (DF: 8): (789, 1), (2356, 1), (4223, 2), (5645, 4), (5893, 1), (6296, 1), (7243, 2), (8857, 1)
glistenin (DF: 5): (4833, 1), (5842, 1), (7024, 1), (8148, 1), (9758, 1)
glitch (DF: 4): (1856, 1), (2507, 2), (8467, 1), (9776, 1)
glitchless (DF: 2): (4603, 1), (8141, 1)
glitt (DF: 1): (5786, 2)
glitter (DF: 24): (134, 2), (389, 1), (1272, 1), (1636, 6), (1987, 1), (2179, 4), (2720, 1), (2737, 2), (4814, 1), (4906, 15), (5571, 1), (5575, 1), (5869, 2), (5957, 1), (6839, 4), (7020, 1), (7644, 10), (7797, 1), (8209, 1), (8361, 2), (8445, 1), (8634, 1), (9224, 1), (9230, 2)
gliut (DF: 1): (6961, 1)
glizzi (DF: 6): (181, 1), (1147, 1), (2561, 1), (3568, 1), (7691, 1), (8467, 1)
glo (DF: 3): (51, 1), (1731, 2), (4295, 1)
glob (DF: 1): (9410, 1)
global (DF: 66): (340, 1), (430, 1), (479, 1), (596, 1), (627, 1), (661, 1), (905, 1), (1170, 1), (1179, 1), (1192, 1), (1203, 1), (1627, 1), (1839, 1), (2361, 1), (2754, 1), (3001, 1), (3011, 1), (3156, 1), (3305, 1), (3371, 1), (3384, 1), (3510, 2), (3660, 1), (3943, 1), (3972, 2), (4152, 2), (4188, 1), (4232, 1), (4257, 10), (4294, 1), (4299, 1), (4479, 1), (4673, 1), (4833, 1), (5101, 1), (5250, 1), (5271, 1), (5801, 1), (5884, 1), (5934, 1), (6196, 1), (6394, 1), (6524, 1), (7475, 1), (7603, 1), (7652, 1), (7699, 1), (7707, 1), (7767, 1), (7859, 1), (7888, 1), (8014, 1), (8415, 4), (8424, 1), (8632, 1), (8742, 1), (8803, 4), (8822, 1), (8932, 1), (9125, 1), (9156, 1), (9737, 1), (9797, 1), (9946, 1), (3067, 1), (3068, 1)
globalni (DF: 1): (7916, 1)
globe (DF: 19): (740, 1), (1661, 1), (2032, 1), (2591, 2), (3021, 1), (3201, 1), (3428, 1), (4243, 3), (4360, 3), (4611, 1), (5299, 1), (5961, 1), (6146, 1), (6524, 1), (6999, 1), (7154, 1), (8316, 1), (8755, 1), (8960, 1)
globen (DF: 1): (5177, 1)
globetrodda (DF: 1): (574, 4)
globetrott (DF: 1): (2841, 5)
globoscopi (DF: 1): (489, 1)
gloc (DF: 1): (5085, 1)
glock (DF: 108): (92, 1), (204, 1), (306, 1), (350, 5), (535, 2), (558, 1), (711, 1), (731, 1), (782, 1), (829, 1), (966, 1), (1124, 1), (1136, 2), (1157, 1), (1211, 2), (1343, 1), (1354, 1), (1393, 1), (1833, 1), (1881, 1), (1979, 6), (2116, 2), (2251, 1), (2256, 1), (2294, 2), (2527, 1), (2552, 1), (2562, 2), (2612, 1), (2624, 10), (2636, 1), (2676, 1), (2680, 1), (2746, 1), (2840, 1), (2899, 1), (3253, 1), (3300, 1), (3310, 2), (3374, 1), (3439, 1), (3485, 2), (3502, 2), (3538, 1), (3568, 1), (3571, 3), (3581, 1), (3594, 1), (3598, 19), (3681, 6), (3723, 2), (3999, 1), (4059, 2), (4128, 3), (4295, 1), (4407, 1), (4558, 12), (4603, 1), (4743, 1), (4947, 2), (5050, 2), (5349, 1), (5570, 2), (5667, 4), (5766, 2), (5779, 1), (5786, 1), (5801, 1), (5838, 2), (5974, 1), (6189, 1), (6220, 1), (6667, 2), (6741, 1), (6819, 1), (6846, 1), (6853, 1), (6937, 1), (7070, 1), (7106, 1), (7226, 2), (7276, 1), (7369, 1), (7454, 1), (7465, 1), (7611, 4), (7691, 1), (7771, 1), (7926, 2), (8004, 1), (8135, 1), (8141, 1), (8170, 1), (8467, 1), (8470, 1), (8489, 1), (8551, 1), (8555, 1), (8756, 1), (8774, 2), (9032, 1), (9251, 1), (9256, 1), (9394, 1), (9442, 2), (9576, 4), (9590, 1), (9633, 1)
glocki (DF: 1): (1979, 1)
glockn (DF: 1): (2637, 2)
gloin (DF: 1): (801, 2)
gloir (DF: 1): (3387, 1)
glokknin (DF: 1): (7516, 2)
gloom (DF: 7): (1135, 1), (1477, 1), (3324, 1), (6364, 1), (6445, 1), (7706, 1), (7743, 1)
gloomi (DF: 4): (1047, 1), (4656, 1), (5343, 1), (7862, 1)
glopet (DF: 2): (283, 1), (7495, 1)
gloplet (DF: 1): (7953, 1)
glor (DF: 1): (8054, 1)
glori (DF: 63): (10, 4), (202, 1), (456, 1), (512, 2), (561, 4), (813, 4), (890, 2), (1088, 1), (1093, 2), (1141, 1), (1202, 3), (1285, 1), (1417, 1), (1575, 1), (1677, 1), (1760, 1), (1805, 1), (1978, 4), (1981, 1), (2061, 1), (2143, 1), (2421, 2), (2466, 3), (3115, 3), (3131, 9), (3158, 2), (3391, 1), (3519, 1), (3746, 1), (3791, 1), (3823, 2), (3976, 1), (4022, 1), (4040, 1), (4165, 1), (4509, 1), (4617, 1), (4898, 2), (5014, 1), (5097, 2), (5177, 2), (5287, 1), (5561, 18), (5699, 4), (5768, 1), (5777, 1), (5856, 3), (5913, 4), (5975, 1), (6019, 1), (6207, 1), (6371, 1), (6380, 1), (6396, 1), (6450, 1), (6632, 4), (6740, 1), (6756, 1), (6951, 18), (7023, 1), (7103, 1), (7261, 2), (7301, 4)
