pegboard (DF: 4): (2040, 1), (2508, 1), (3751, 1), (4215, 1)
peger (DF: 1): (7077, 1)
pegg (DF: 2): (1850, 1), (4992, 2)
peggi (DF: 2): (6314, 2), (9638, 1)
peggior (DF: 1): (6395, 1)
pego (DF: 3): (5959, 2), (7563, 6), (9494, 1)
pegou (DF: 1): (3364, 1)
pegu (DF: 1): (4214, 1)
peguei (DF: 1): (5007, 1)
pegunt (DF: 1): (9802, 2)
peh (DF: 1): (9519, 1)
pehen (DF: 2): (6197, 4), (6206, 4)
pehl (DF: 2): (1834, 3), (4686, 2)
pehla (DF: 1): (5830, 1)
pehlan (DF: 1): (5830, 2)
pehra (DF: 1): (9688, 1)
pei (DF: 1): (3507, 1)
peic (DF: 1): (1949, 1)
pein (DF: 10): (34, 1), (53, 1), (3909, 1), (4034, 1), (5622, 1), (6001, 1), (7254, 2), (7780, 1), (7863, 1), (9872, 1)
peintur (DF: 1): (7922, 1)
peita (DF: 5): (3353, 1), (5011, 2), (5859, 1), (8938, 1), (9494, 1)
peitar (DF: 2): (1278, 1), (8027, 4)
peito (DF: 3): (1659, 1), (3305, 2), (4357, 1)
peitsch (DF: 1): (3437, 1)
peix (DF: 2): (1072, 2), (5859, 2)
peke (DF: 1): (5915, 1)
peki (DF: 1): (9425, 1)
pel (DF: 83): (9, 1), (46, 2), (87, 1), (117, 2), (707, 1), (851, 8), (1039, 3), (1061, 3), (1109, 1), (1241, 1), (1307, 6), (1461, 1), (1631, 1), (1668, 2), (1788, 1), (1967, 2), (2088, 1), (2585, 2), (2828, 1), (3078, 1), (3313, 2), (3342, 6), (3358, 1), (3403, 2), (3586, 2), (3609, 2), (3876, 1), (3890, 1), (3903, 1), (3920, 1), (4081, 4), (4189, 1), (4246, 1), (4285, 6), (4344, 3), (4448, 2), (4479, 1), (4568, 1), (4666, 1), (4671, 2), (4780, 1), (4799, 5), (4886, 2), (5198, 1), (5745, 2), (5786, 1), (5793, 1), (6057, 1), (6239, 1), (6514, 2), (6871, 1), (6872, 1), (6909, 1), (6917, 1), (7166, 2), (7780, 9), (7843, 1), (7863, 1), (7886, 2), (7989, 1), (8278, 2), (8353, 1), (8406, 4), (8420, 1), (8466, 4), (8479, 1), (8482, 2), (8506, 1), (8923, 2), (8928, 1), (9079, 2), (9172, 1), (9203, 9), (9225, 4), (9302, 1), (9309, 4), (9342, 4), (9575, 1), (9719, 1), (9864, 1), (9872, 9), (9887, 2), (9974, 1)
pela (DF: 4): (2711, 1), (6983, 1), (9355, 2), (9876, 1)
pelada (DF: 1): (7869, 1)
peladin (DF: 1): (9637, 1)
pelagat (DF: 2): (4210, 1), (7925, 1)
pelago (DF: 1): (6038, 1)
pelal (DF: 1): (3313, 1)
pelall (DF: 1): (7587, 1)
pelari (DF: 1): (7040, 1)
pele (DF: 16): (276, 1), (284, 2), (539, 1), (1141, 1), (1453, 1), (2020, 1), (3071, 2), (3351, 1), (4143, 1), (4356, 2), (5959, 5), (6025, 1), (8066, 12), (9120, 1), (9204, 12), (9609, 1)
peleam (DF: 3): (2782, 1), (2814, 1), (8923, 4)
pelean (DF: 2): (6197, 1), (6206, 1)
peleoner (DF: 1): (8187, 1)
peli (DF: 4): (2739, 2), (4912, 1), (8256, 1), (8902, 1)
pelican (DF: 1): (1024, 1)
pelicul (DF: 15): (724, 1), (2020, 1), (2088, 1), (2309, 3), (4032, 1), (4550, 1), (6249, 1), (6438, 4), (8036, 2), (8149, 1), (8218, 3), (8353, 1), (9060, 3), (9444, 1), (9882, 1)
pelicula (DF: 1): (7079, 1)
peligr (DF: 20): (276, 12), (776, 1), (1039, 1), (1307, 1), (2642, 4), (2656, 1), (3062, 1), (3351, 12), (4209, 1), (5713, 2), (5990, 4), (6810, 1), (7676, 1), (8478, 19), (8518, 1), (8882, 3), (8883, 1), (8994, 1), (9259, 4), (9887, 2)
peligro (DF: 1): (7446, 6)
peligrosa (DF: 1): (2277, 6)
pelikan (DF: 1): (8509, 6)
pelikulang (DF: 1): (8001, 1)
pelinegr (DF: 2): (1453, 2), (7495, 1)
pell (DF: 10): (693, 2), (2059, 1), (2518, 3), (4533, 2), (5821, 3), (5907, 2), (7944, 2), (8054, 1), (8936, 1), (9664, 1)
pellegrino (DF: 3): (3826, 2), (4552, 3), (9096, 1)
pellej (DF: 3): (371, 2), (2316, 1), (9252, 1)
peller (DF: 1): (7912, 1)
pellet (DF: 2): (2177, 1), (6527, 1)
pellijit (DF: 1): (2938, 1)
pelo (DF: 14): (213, 1), (1787, 1), (2651, 10), (3497, 1), (3806, 2), (5569, 8), (6397, 1), (7175, 1), (7211, 1), (7270, 2), (7876, 2), (8858, 2), (9355, 2), (9494, 1)
pelon (DF: 6): (1022, 1), (3269, 1), (3479, 6), (7863, 1), (9302, 1), (9431, 1)
pelu (DF: 1): (430, 3)
peluch (DF: 1): (4356, 2)
pelus (DF: 2): (2967, 1), (9248, 1)
pelz (DF: 1): (4743, 1)
pelzjack (DF: 1): (7720, 4)
pelé (DF: 2): (4357, 1), (6270, 1)
pem (DF: 1): (4914, 1)
pen (DF: 141): (53, 1), (84, 2), (86, 4), (109, 1), (220, 1), (270, 1), (417, 3), (435, 1), (646, 1), (800, 1), (946, 2), (980, 1), (1022, 1), (1109, 1), (1124, 1), (1336, 1), (1351, 2), (1379, 1), (1411, 1), (1710, 2), (1752, 1), (1856, 1), (1939, 2), (2075, 1), (2090, 1), (2092, 1), (2107, 1), (2150, 3), (2243, 1), (2294, 1), (2354, 1), (2369, 2), (2604, 2), (2605, 4), (2682, 1), (2735, 1), (2927, 1), (2972, 10), (2989, 1), (3092, 2), (3093, 10), (3158, 1), (3321, 4), (3460, 1), (3487, 1), (3504, 1), (3513, 1), (3581, 1), (3594, 1), (3677, 1), (3779, 1), (3851, 2), (4188, 2), (4490, 1), (4544, 1), (4575, 1), (4605, 1), (4723, 1), (4762, 3), (4788, 2), (4804, 4), (4948, 1), (5013, 1), (5018, 1), (5022, 1), (5030, 2), (5082, 1), (5156, 2), (5199, 1), (5299, 1), (5314, 1), (5434, 1), (5525, 4), (5547, 1), (5592, 1), (5633, 2), (5725, 1), (5773, 1), (5851, 1), (5865, 1), (5945, 2), (6205, 2), (6324, 1), (6450, 6), (6475, 1), (6527, 1), (6756, 1), (6926, 1), (6940, 2), (7056, 1), (7380, 2), (7606, 1), (7676, 2), (7726, 1), (7745, 1), (7860, 1), (7943, 1), (7948, 1), (7973, 2), (7993, 2), (8039, 4), (8047, 2), (8066, 1), (8155, 3), (8226, 1), (8243, 3), (8433, 2), (8570, 1), (8624, 1), (8641, 2), (8691, 6), (8733, 1), (8755, 2), (8773, 1), (8774, 1), (8787, 1), (8923, 4), (8961, 2), (9033, 1), (9074, 1), (9143, 1), (9204, 1), (9246, 1), (9296, 1), (9347, 3), (9384, 1), (9400, 4), (9437, 1), (9444, 1), (9469, 1), (9492, 1), (9566, 1), (9625, 1), (9636, 8), (9692, 1), (9729, 1), (9794, 1), (9870, 1), (9938, 3), (9960, 20), (9977, 3)
pena (DF: 4): (1183, 1), (1659, 1), (1669, 2), (7583, 1)
penal (DF: 2): (2472, 1), (3726, 1)
penalti (DF: 2): (5934, 1), (6464, 1)
penanc (DF: 3): (4745, 1), (8823, 1), (8955, 1)
penc (DF: 1): (9035, 1)
pencil (DF: 13): (159, 1), (192, 2), (1388, 1), (1429, 1), (2422, 1), (3234, 2), (4723, 1), (5434, 1), (5766, 2), (6853, 1), (8170, 1), (9729, 1), (9794, 1)
pend (DF: 6): (3479, 1), (4197, 1), (7328, 1), (7922, 1), (9451, 1), (9719, 1)
pendant (DF: 7): (1150, 1), (2624, 2), (2840, 1), (4315, 1), (8155, 1), (8473, 1), (9946, 1)
pendej (DF: 7): (2967, 1), (2972, 2), (3603, 1), (3981, 1), (8187, 2), (8506, 1), (8518, 1)
pendejo (DF: 3): (2322, 1), (2735, 1), (4522, 1)
pendeln (DF: 1): (8498, 1)
pendergrass (DF: 4): (2865, 1), (3244, 1), (6352, 1), (7186, 1)
pendient (DF: 14): (667, 1), (728, 2), (890, 1), (2383, 3), (2805, 3), (3104, 4), (4032, 1), (6871, 4), (6932, 2), (7239, 2), (7956, 2), (8478, 2), (8923, 1), (9532, 1)
pendin (DF: 1): (548, 1)
pendleton (DF: 1): (2013, 1)
pendu (DF: 1): (9884, 1)
pendulum (DF: 11): (1040, 1), (1363, 1), (2017, 1), (2037, 1), (2045, 1), (4319, 1), (5534, 1), (5969, 1), (6403, 1), (7633, 1), (9000, 1)
penelop (DF: 1): (2045, 1)
penetentari (DF: 1): (9073, 1)
penetr (DF: 18): (183, 1), (1141, 1), (1552, 1), (2045, 1), (2351, 1), (3479, 2), (4326, 1), (4550, 1), (5962, 1), (6243, 1), (6851, 1), (6861, 1), (7183, 1), (7538, 1), (8641, 2), (8902, 2), (9398, 1), (9993, 1)
