charl (DF: 9): (5068, 1), (5592, 2), (5751, 1), (6203, 1), (6249, 1), (7339, 1), (8075, 1), (8936, 2), (9671, 1)
charlabl (DF: 1): (9410, 1)
charlamagn (DF: 2): (2160, 1), (2660, 1)
charlat (DF: 1): (5696, 2)
charlatan (DF: 5): (790, 1), (4034, 4), (4189, 1), (4434, 1), (6001, 4)
charlay (DF: 1): (2251, 2)
charle (DF: 2): (1720, 1), (7773, 3)
charlen (DF: 3): (1947, 1), (2161, 9), (5479, 1)
charles (DF: 2): (8936, 2), (9671, 1)
charleston (DF: 1): (2436, 1)
charli (DF: 22): (224, 1), (1350, 2), (1899, 1), (1977, 1), (2799, 1), (3277, 1), (3745, 1), (3962, 3), (5078, 3), (5370, 1), (5888, 2), (6574, 1), (7167, 1), (7310, 1), (7331, 1), (7346, 1), (7773, 3), (8771, 1), (8908, 1), (9087, 1), (9212, 1), (9264, 1)
charlott (DF: 11): (320, 1), (1886, 1), (2121, 1), (2688, 1), (3464, 2), (3526, 1), (4107, 1), (5601, 1), (6949, 1), (7508, 1), (8083, 1)
charly (DF: 1): (4651, 1)
charm (DF: 48): (88, 1), (365, 1), (938, 1), (1059, 1), (1783, 2), (2000, 1), (2018, 1), (2230, 1), (2321, 1), (2509, 5), (3081, 1), (3204, 5), (3601, 2), (3844, 1), (4051, 1), (4629, 1), (4720, 1), (5019, 2), (5773, 1), (5957, 1), (6020, 5), (6123, 1), (6196, 1), (6225, 2), (6230, 2), (6325, 1), (6474, 1), (6813, 1), (7025, 2), (7054, 1), (7072, 1), (7179, 1), (7213, 3), (7570, 4), (7788, 1), (7889, 1), (7900, 1), (7991, 1), (8319, 2), (8500, 1), (8571, 1), (8708, 1), (8735, 1), (8804, 1), (8828, 1), (8934, 1), (9487, 1), (9569, 1)
charmain (DF: 1): (1128, 1)
charmant (DF: 1): (2054, 1)
charmer (DF: 6): (1231, 1), (3606, 2), (5165, 1), (5402, 13), (6233, 4), (9936, 1)
charmin (DF: 1): (8463, 2)
charr (DF: 1): (9974, 1)
chart (DF: 35): (263, 1), (675, 2), (731, 1), (1581, 2), (1715, 1), (1790, 1), (1829, 1), (2214, 1), (2489, 1), (2825, 1), (3311, 1), (3930, 1), (4004, 3), (4033, 1), (4218, 1), (4620, 1), (4739, 1), (5051, 1), (5074, 1), (5370, 1), (5425, 1), (5879, 1), (6052, 1), (6835, 1), (6914, 1), (7439, 1), (7862, 1), (8211, 3), (8498, 1), (8634, 1), (9080, 1), (9194, 1), (9426, 1), (9539, 1), (9763, 1)
charter (DF: 2): (1852, 1), (9538, 1)
chartreus (DF: 1): (578, 2)
chartssturm (DF: 1): (4004, 1)
chase (DF: 228): (92, 1), (102, 4), (122, 1), (139, 2), (145, 2), (191, 1), (200, 5), (220, 2), (222, 1), (265, 2), (442, 3), (490, 1), (531, 1), (555, 2), (596, 6), (718, 1), (736, 1), (799, 1), (849, 1), (895, 1), (942, 1), (1047, 2), (1174, 3), (1187, 1), (1239, 1), (1324, 4), (1401, 3), (1404, 2), (1434, 1), (1535, 4), (1566, 2), (1572, 1), (1613, 1), (1623, 1), (1667, 1), (1672, 1), (1676, 4), (1684, 1), (1700, 1), (1711, 1), (1761, 5), (1862, 4), (1949, 1), (2000, 1), (2014, 8), (2015, 3), (2036, 1), (2076, 2), (2142, 1), (2231, 1), (2270, 3), (2294, 1), (2334, 1), (2387, 2), (2397, 1), (2430, 1), (2455, 3), (2472, 1), (2489, 1), (2491, 1), (2524, 3), (2550, 1), (2676, 2), (2684, 2), (2688, 2), (2706, 2), (2716, 1), (2761, 1), (2821, 1), (2871, 1), (2890, 2), (2899, 4), (3000, 1), (3013, 6), (3019, 1), (3119, 2), (3146, 1), (3191, 4), (3218, 1), (3222, 1), (3258, 1), (3319, 1), (3335, 1), (3367, 3), (3372, 1), (3379, 1), (3396, 2), (3454, 1), (3474, 1), (3479, 1), (3543, 1), (3595, 1), (3693, 1), (3694, 2), (3727, 1), (3746, 1), (3813, 4), (3814, 3), (3824, 1), (3827, 2), (3867, 3), (3900, 1), (3935, 1), (3992, 2), (4059, 3), (4087, 1), (4098, 5), (4183, 2), (4212, 2), (4217, 1), (4243, 3), (4264, 1), (4282, 4), (4385, 1), (4446, 1), (4483, 1), (4586, 1), (4599, 1), (4616, 12), (4634, 1), (4645, 1), (4687, 1), (4736, 7), (4751, 1), (4762, 1), (4774, 9), (4792, 1), (4809, 1), (4819, 1), (4885, 1), (4902, 1), (4979, 2), (4996, 2), (5012, 1), (5067, 1), (5103, 1), (5106, 1), (5200, 2), (5288, 2), (5303, 2), (5312, 2), (5401, 1), (5428, 1), (5484, 1), (5539, 4), (5558, 1), (5570, 2), (5584, 1), (5616, 3), (5799, 1), (5807, 2), (5853, 2), (5857, 2), (5891, 1), (5897, 1), (5937, 2), (5943, 1), (6089, 1), (6344, 2), (6441, 1), (6442, 2), (6445, 1), (6448, 6), (6617, 1), (6624, 1), (6635, 2), (6649, 2), (6667, 1), (6713, 2), (6740, 5), (6761, 2), (6763, 1), (6903, 1), (6907, 1), (6913, 1), (6921, 1), (6997, 1), (7004, 1), (7029, 1), (7060, 2), (7086, 2), (7103, 1), (7149, 1), (7269, 2), (7345, 1), (7460, 3), (7574, 1), (7580, 1), (7639, 1), (7701, 2), (7844, 2), (7847, 1), (7888, 10), (7897, 1), (7932, 1), (7987, 4), (8006, 2), (8014, 9), (8108, 28), (8147, 1), (8194, 1), (8265, 1), (8286, 1), (8325, 1), (8330, 1), (8436, 2), (8445, 4), (8451, 1), (8560, 1), (8583, 1), (8643, 1), (8674, 1), (8736, 1), (8762, 1), (8779, 5), (8784, 48), (8835, 2), (8861, 2), (8879, 1), (8944, 1), (9097, 4), (9115, 1), (9135, 1), (9138, 1), (9144, 10), (9190, 1), (9217, 1), (9313, 2)
