busta (DF: 31): (441, 1), (753, 3), (1128, 2), (1136, 1), (1829, 1), (2084, 1), (2147, 1), (2228, 2), (2760, 1), (3282, 2), (3584, 6), (3900, 1), (3999, 3), (4585, 2), (5225, 1), (5753, 1), (5974, 7), (6472, 1), (6636, 3), (6728, 1), (6755, 1), (6763, 1), (6923, 1), (7369, 1), (7751, 1), (7873, 2), (8209, 1), (8319, 1), (8662, 1), (9594, 2), (9993, 1)
bustdown (DF: 6): (1233, 1), (1432, 4), (5249, 1), (7004, 7), (9273, 2), (9648, 1)
buster (DF: 16): (204, 1), (1031, 1), (2278, 1), (2636, 1), (2644, 1), (3245, 1), (3428, 1), (3900, 2), (4452, 2), (4645, 2), (4734, 1), (4972, 1), (5766, 2), (8170, 1), (9332, 1), (9742, 1)
bustin (DF: 40): (153, 2), (469, 1), (775, 2), (825, 1), (909, 1), (1036, 1), (1375, 24), (1829, 1), (1995, 1), (2377, 1), (2527, 2), (2592, 1), (2820, 1), (2840, 2), (2936, 1), (3800, 1), (3999, 2), (4680, 1), (4766, 1), (5041, 1), (5068, 1), (5091, 1), (5581, 2), (5627, 12), (5707, 1), (5934, 1), (5974, 7), (6104, 1), (6266, 2), (7085, 1), (7182, 1), (7226, 1), (7635, 1), (7654, 1), (7787, 5), (7789, 1), (7908, 1), (8061, 3), (8850, 3), (9226, 2)
bustl (DF: 1): (389, 1)
but (DF: 18): (996, 1), (1008, 2), (1061, 4), (1461, 1), (1779, 1), (2328, 1), (2648, 1), (2757, 2), (3419, 1), (3492, 1), (4285, 1), (4440, 2), (4459, 1), (5740, 1), (5796, 6), (6027, 1), (6650, 4), (9740, 15)
buta (DF: 1): (9162, 1)
butac (DF: 1): (6243, 1)
butach (DF: 1): (8452, 6)
butan (DF: 1): (9026, 1)
butch (DF: 1): (4669, 1)
butcher (DF: 6): (546, 1), (1029, 1), (3323, 1), (3479, 1), (7595, 2), (7690, 1)
butelki (DF: 1): (6007, 1)
buteur (DF: 1): (5801, 1)
buti (DF: 3): (2951, 1), (4358, 1), (8452, 1)
butler (DF: 4): (3782, 1), (4320, 1), (7051, 1), (7936, 1)
butlin (DF: 1): (7180, 1)
butn (DF: 1): (8787, 1)
buton (DF: 1): (8188, 1)
butt (DF: 63): (2, 2), (40, 1), (153, 2), (187, 1), (237, 2), (449, 1), (536, 1), (547, 2), (622, 2), (647, 2), (759, 1), (1436, 1), (1705, 2), (1783, 2), (2256, 1), (2389, 1), (2397, 5), (2399, 2), (2471, 2), (2607, 1), (2878, 4), (3312, 1), (3597, 1), (3919, 1), (3988, 1), (4561, 1), (4585, 1), (4693, 1), (4767, 1), (4830, 1), (4866, 1), (4878, 2), (5075, 2), (5107, 5), (5312, 1), (5419, 2), (5529, 1), (6151, 1), (6560, 1), (6600, 1), (6734, 1), (6761, 1), (6820, 81), (6899, 1), (6945, 2), (7465, 1), (7540, 1), (7583, 3), (7685, 1), (7754, 2), (8570, 1), (8583, 1), (8655, 1), (8745, 1), (8780, 2), (9007, 1), (9008, 1), (9033, 1), (9368, 2), (9432, 1), (9713, 1), (9730, 1), (9823, 2)
butta (DF: 2): (5785, 1), (7860, 1)
butter (DF: 39): (893, 1), (1187, 1), (1552, 1), (1739, 1), (1949, 1), (2132, 1), (2573, 1), (2746, 1), (2781, 1), (3188, 2), (3232, 1), (3507, 1), (4446, 1), (4525, 4), (4527, 1), (4693, 1), (5249, 1), (6046, 1), (6157, 1), (6696, 1), (6824, 1), (6980, 1), (6999, 2), (7096, 1), (7256, 2), (7360, 1), (7499, 5), (7654, 1), (7731, 3), (7743, 3), (7806, 1), (7969, 1), (8244, 2), (8293, 2), (8373, 6), (8755, 1), (8943, 1), (9026, 1), (9315, 2)
buttercream (DF: 1): (8005, 2)
buttercup (DF: 4): (3601, 2), (4051, 1), (4720, 1), (8708, 1)
butterfli (DF: 44): (122, 1), (197, 1), (261, 1), (736, 1), (1053, 1), (1410, 1), (1538, 1), (2036, 4), (2144, 1), (2163, 1), (2317, 1), (2328, 1), (2454, 2), (2786, 1), (3528, 2), (3884, 1), (4098, 1), (4226, 1), (4420, 1), (4680, 2), (4710, 5), (4841, 1), (5021, 4), (5536, 2), (5918, 1), (5984, 4), (6221, 1), (6286, 1), (6529, 1), (6573, 1), (7032, 2), (7363, 2), (7408, 44), (8165, 1), (8330, 1), (8485, 1), (8536, 1), (8742, 18), (8900, 1), (9058, 1), (9122, 1), (9382, 3), (9398, 1), (9745, 1)
butterscotch (DF: 1): (52, 1)
butthead (DF: 1): (9944, 1)
button (DF: 39): (80, 1), (693, 1), (772, 2), (1343, 1), (1374, 2), (1510, 3), (1560, 1), (1812, 1), (1855, 1), (2091, 2), (2394, 1), (2561, 1), (2691, 1), (2939, 1), (3556, 1), (3675, 1), (3676, 2), (4355, 1), (4566, 3), (5036, 1), (5223, 1), (5267, 1), (5759, 1), (6329, 2), (6342, 1), (6380, 1), (6391, 4), (6721, 1), (6824, 1), (7355, 1), (7537, 1), (8304, 2), (8369, 1), (8666, 4), (8745, 1), (8929, 1), (9130, 1), (9147, 3), (9730, 1)
buu (DF: 2): (3188, 4), (5535, 1)
buur (DF: 1): (6184, 1)
buuren (DF: 17): (107, 1), (1890, 1), (3122, 1), (3978, 1), (4227, 2), (5248, 1), (5542, 1), (6099, 1), (6201, 1), (6580, 1), (6592, 1), (6900, 1), (7398, 1), (7709, 1), (8672, 1), (8992, 1), (9911, 1)
buurt (DF: 2): (43, 6), (9425, 1)
buuutt (DF: 1): (6820, 1)
buwan (DF: 1): (8335, 1)
buxxi (DF: 1): (4285, 1)
buy (DF: 5): (92, 1), (264, 4), (380, 1), (389, 3), (414, 1)
