humo (DF: 1): (4267, 3)
humor (DF: 10): (109, 2), (404, 2), (1221, 4), (1540, 1), (2082, 1), (2960, 1), (4258, 1), (6847, 1), (7279, 1), (7776, 1)
hump (DF: 12): (3052, 2), (3789, 2), (5037, 2), (5759, 1), (6829, 37), (8407, 1), (8459, 1), (8492, 1), (8676, 8), (9295, 2), (9301, 2), (9526, 3)
humphrey (DF: 1): (6509, 1)
humpin (DF: 6): (441, 1), (1269, 6), (7914, 6), (8388, 6), (8493, 1), (9365, 6)
humpti (DF: 4): (6452, 1), (8407, 1), (8528, 2), (9376, 4)
humunah (DF: 1): (5133, 4)
hun (DF: 21): (229, 20), (740, 1), (924, 1), (1092, 1), (1432, 3), (2018, 11), (2260, 1), (2268, 3), (2855, 1), (4985, 1), (5535, 2), (6012, 1), (6118, 1), (6629, 1), (6674, 27), (7241, 1), (7485, 3), (8510, 1), (8534, 1), (8615, 11), (9468, 2)
hunch (DF: 1): (1219, 1)
hunchback (DF: 1): (9590, 1)
huncho (DF: 10): (1896, 2), (2018, 1), (2084, 2), (6646, 3), (6970, 2), (7461, 4), (7806, 3), (8167, 9), (8232, 1), (9147, 2)
hund (DF: 13): (87, 1), (312, 1), (1771, 1), (2194, 1), (2463, 2), (4318, 10), (4421, 1), (5830, 1), (6238, 1), (6534, 4), (7283, 1), (8498, 1), (9367, 7)
hunda (DF: 1): (5830, 1)
hunder (DF: 1): (1674, 1)
hundert (DF: 10): (778, 2), (1583, 4), (1736, 1), (3462, 2), (4004, 1), (5051, 1), (5559, 1), (5577, 3), (7411, 1), (7720, 1)
hundertelf (DF: 1): (484, 1)
hundertschaft (DF: 1): (1583, 4)
hunderttaus (DF: 4): (484, 2), (1218, 1), (2100, 1), (8678, 1)
hundesohn (DF: 4): (1715, 1), (2100, 1), (5051, 1), (5206, 1)
hundezoo (DF: 1): (493, 1)
hundi (DF: 1): (9519, 1)
hundo (DF: 2): (1849, 1), (2084, 2)
hundr (DF: 226): (51, 1), (70, 1), (72, 2), (129, 1), (153, 2), (179, 1), (181, 3), (183, 1), (202, 1), (225, 1), (233, 1), (248, 1), (319, 4), (350, 5), (408, 1), (510, 1), (537, 4), (675, 4), (731, 2), (743, 2), (808, 1), (919, 1), (952, 6), (1031, 12), (1149, 3), (1243, 1), (1361, 1), (1375, 8), (1410, 1), (1414, 1), (1425, 2), (1465, 1), (1555, 3), (1735, 2), (1799, 3), (1805, 1), (1840, 2), (1880, 1), (1891, 1), (1896, 1), (1899, 1), (1915, 2), (2045, 1), (2084, 1), (2129, 1), (2142, 1), (2181, 1), (2186, 1), (2197, 1), (2199, 1), (2230, 1), (2256, 1), (2283, 2), (2332, 1), (2335, 1), (2370, 2), (2467, 1), (2572, 1), (2607, 1), (2619, 1), (2646, 1), (2669, 1), (2706, 1), (2820, 18), (3045, 1), (3068, 1), (3144, 1), (3195, 2), (3216, 1), (3250, 1), (3298, 1), (3303, 19), (3311, 1), (3350, 16), (3408, 1), (3444, 2), (3451, 3), (3502, 2), (3542, 1), (3562, 1), (3638, 1), (3679, 2), (3821, 1), (3852, 4), (3913, 1), (3930, 2), (3964, 2), (3983, 3), (4026, 1), (4045, 1), (4150, 2), (4165, 1), (4199, 1), (4222, 2), (4359, 1), (4391, 1), (4523, 5), (4561, 2), (4562, 2), (4595, 1), (4668, 1), (4684, 2), (4703, 3), (4723, 3), (4746, 1), (4818, 24), (4831, 1), (4883, 6), (4905, 1), (4941, 1), (4972, 12), (5031, 16), (5096, 3), (5170, 4), (5207, 1), (5226, 1), (5273, 10), (5296, 9), (5314, 2), (5340, 1), (5367, 1), (5395, 1), (5426, 1), (5463, 2), (5581, 1), (5583, 2), (5642, 2), (5667, 2), (5729, 1), (5734, 6), (5779, 2), (5794, 5), (5802, 4), (5979, 2), (5983, 1), (6072, 2), (6144, 3), (6193, 1), (6217, 5), (6225, 2), (6272, 1), (6306, 1), (6345, 1), (6380, 1), (6607, 1), (6728, 1), (6747, 1), (6780, 1), (6999, 1), (7004, 3), (7011, 2), (7045, 1), (7063, 1), (7105, 1), (7106, 1), (7148, 1), (7213, 15), (7227, 2), (7250, 2), (7276, 1), (7292, 1), (7339, 1), (7348, 2), (7360, 1), (7430, 1), (7448, 2), (7459, 1), (7550, 1), (7592, 4), (7638, 2), (7645, 1), (7650, 2), (7654, 2), (7696, 1), (7756, 2), (7768, 2), (7806, 1), (7901, 1), (7999, 1), (8055, 8), (8183, 1), (8265, 1), (8456, 2), (8480, 1), (8489, 1), (8564, 1), (8571, 1), (8605, 1), (8674, 5), (8725, 12), (8778, 10), (8795, 1), (8812, 2), (8830, 1), (8840, 1), (8951, 2), (8976, 4), (9093, 1), (9143, 1), (9290, 1), (9324, 1), (9331, 1), (9357, 1), (9393, 3), (9408, 1), (9419, 4), (9451, 1), (9490, 14), (9570, 2), (9576, 1), (9597, 1), (9654, 4), (9666, 7), (9710, 16), (9783, 1), (9784, 1), (9826, 1), (9879, 2), (9894, 2), (9924, 2), (9966, 4), (5308, 1), (5309, 1), (5584, 1), (5946, 1), (5947, 1)
hundred (DF: 1): (4440, 1)
hundreds7 (DF: 1): (4440, 1)
hundredth (DF: 1): (1929, 1)
hundun (DF: 2): (1799, 2), (7464, 1)
hung (DF: 11): (25, 2), (994, 1), (1006, 1), (1172, 1), (1771, 1), (1822, 1), (1851, 2), (1977, 1), (2139, 2), (2274, 1), (2332, 1)
