velli (DF: 3): (3437, 1), (5582, 7), (9519, 2)
velliyan (DF: 1): (5582, 2)
veloc (DF: 10): (333, 2), (3717, 1), (3985, 1), (4344, 1), (4382, 2), (4550, 1), (4939, 1), (5439, 2), (6152, 2), (8777, 6)
velocidad (DF: 2): (6289, 1), (7876, 1)
velori (DF: 1): (4210, 1)
velour (DF: 3): (2939, 1), (5014, 1), (7537, 1)
veloz (DF: 1): (9079, 1)
velvet (DF: 31): (102, 1), (974, 1), (2375, 1), (2412, 2), (2738, 1), (3606, 2), (3880, 1), (4044, 1), (5090, 1), (5150, 2), (5328, 1), (5604, 2), (5729, 1), (5803, 3), (6233, 4), (6652, 1), (6732, 2), (7370, 1), (7423, 1), (7699, 1), (7930, 1), (8216, 1), (8371, 2), (8453, 2), (8659, 1), (8666, 1), (9358, 1), (9520, 4), (9589, 1), (3261, 1), (3262, 1)
velveteen (DF: 1): (2775, 1)
vem (DF: 48): (728, 1), (1033, 1), (1415, 7), (1486, 2), (1659, 3), (1979, 1), (2242, 3), (2308, 2), (2631, 11), (2642, 2), (2651, 18), (2739, 1), (2814, 1), (2839, 2), (2898, 5), (3215, 1), (3305, 10), (3596, 3), (3870, 1), (3955, 5), (4167, 1), (4236, 1), (4357, 6), (4532, 1), (5011, 2), (5040, 1), (5143, 32), (5198, 1), (5713, 1), (5860, 4), (6270, 6), (6289, 1), (7211, 3), (7270, 1), (7426, 2), (7563, 2), (7795, 2), (7886, 1), (8363, 1), (8919, 2), (8938, 1), (8941, 1), (9120, 1), (9285, 1), (9396, 4), (9525, 1), (9860, 5), (9876, 4)
ven (DF: 158): (9, 1), (46, 3), (256, 2), (276, 2), (328, 6), (333, 2), (345, 20), (353, 1), (354, 5), (364, 6), (399, 1), (403, 1), (438, 1), (707, 2), (728, 8), (836, 1), (1098, 1), (1171, 3), (1215, 1), (1255, 2), (1284, 1), (1307, 2), (1422, 1), (1441, 1), (1520, 2), (1631, 1), (1633, 1), (1665, 2), (1668, 2), (1752, 1), (1818, 1), (1842, 1), (1907, 2), (1932, 1), (2108, 2), (2183, 1), (2322, 1), (2336, 5), (2461, 1), (2530, 4), (2659, 4), (2668, 1), (2730, 1), (2739, 2), (2743, 2), (2814, 1), (2828, 1), (2877, 7), (2948, 8), (3028, 3), (3095, 2), (3159, 16), (3308, 2), (3313, 1), (3351, 2), (3363, 1), (3492, 1), (3513, 1), (3572, 2), (3580, 2), (3586, 4), (3590, 1), (3603, 1), (3631, 1), (3656, 4), (3669, 1), (3697, 2), (3723, 3), (3757, 6), (3816, 3), (3916, 3), (4032, 1), (4188, 2), (4285, 1), (4288, 3), (4344, 3), (4361, 1), (4382, 1), (4469, 44), (4507, 1), (4544, 2), (4605, 1), (4769, 6), (4790, 1), (4797, 2), (4852, 1), (4961, 1), (5013, 1), (5022, 1), (5040, 3), (5156, 1), (5363, 1), (5364, 1), (5475, 2), (5592, 1), (5716, 1), (5735, 1), (5894, 1), (5945, 22), (5973, 1), (5990, 2), (6025, 1), (6111, 1), (6248, 1), (6336, 1), (6384, 2), (6399, 9), (6436, 18), (6450, 1), (6513, 1), (6553, 1), (6561, 2), (6651, 2), (6706, 1), (6871, 2), (6884, 6), (6932, 2), (7028, 4), (7031, 1), (7056, 2), (7392, 6), (7455, 1), (7586, 20), (7734, 1), (7742, 2), (7780, 1), (7843, 3), (7851, 1), (7942, 4), (8187, 1), (8208, 1), (8243, 3), (8318, 1), (8342, 1), (8352, 1), (8671, 1), (8733, 2), (8758, 1), (8945, 1), (8997, 9), (9001, 1), (9039, 3), (9099, 1), (9196, 1), (9199, 1), (9248, 1), (9285, 5), (9309, 1), (9469, 2), (9580, 2), (9756, 1), (9806, 7), (9872, 1), (9887, 2), (9916, 1), (9919, 3), (9938, 1), (6562, 2)
vena (DF: 1): (5143, 4)
venc (DF: 16): (885, 1), (1141, 1), (1277, 1), (1682, 1), (4167, 1), (4236, 1), (6336, 1), (6656, 1), (7056, 2), (8255, 1), (8516, 1), (8691, 2), (9087, 1), (9296, 1), (4948, 1), (4949, 1)
vencedor (DF: 2): (1141, 3), (4167, 1)
vencendo (DF: 1): (3215, 1)
vencer (DF: 1): (7270, 2)
venceu (DF: 1): (4167, 6)
venci (DF: 1): (7412, 1)
vend (DF: 33): (9, 1), (53, 12), (213, 1), (371, 3), (1141, 1), (1259, 1), (1424, 2), (1677, 1), (1987, 1), (2136, 1), (2656, 2), (3590, 2), (4219, 1), (4651, 1), (4992, 1), (5040, 1), (5463, 1), (5592, 2), (5786, 1), (5883, 2), (5991, 1), (6138, 1), (6588, 6), (6631, 2), (6645, 4), (7466, 3), (7953, 2), (8278, 1), (8518, 1), (8733, 1), (9079, 2), (9437, 4), (9740, 1)
vendan (DF: 1): (299, 1)
vendaval (DF: 1): (5973, 1)
vendedor (DF: 1): (5363, 1)
vendemo (DF: 1): (9637, 1)
vendendo (DF: 1): (1183, 1)
vender (DF: 4): (1920, 5), (4109, 1), (6408, 1), (6657, 2)
vendetta (DF: 5): (4646, 1), (5294, 2), (6139, 1), (9527, 1), (9871, 2)
vendin (DF: 1): (5463, 1)
vendo (DF: 5): (3870, 1), (5959, 1), (8052, 1), (9637, 1), (9876, 1)
vendr (DF: 4): (333, 2), (2668, 1), (4666, 2), (9309, 5)
veneer (DF: 2): (1861, 1), (7448, 1)
veneg (DF: 2): (180, 1), (6152, 1)
venen (DF: 16): (1453, 1), (1627, 2), (1687, 2), (2136, 1), (2354, 1), (2948, 4), (4009, 1), (5105, 1), (5156, 5), (7395, 3), (7587, 1), (7632, 1), (8256, 2), (9196, 2), (9248, 1), (9516, 6)
