tender (DF: 7): (9169, 1), (9312, 1), (9421, 1), (9467, 7), (9707, 1), (9874, 1), (9898, 2)
tenderest (DF: 1): (7628, 1)
tenderoni (DF: 1): (5515, 1)
tendeu (DF: 1): (3353, 1)
tenedor (DF: 1): (2967, 1)
tenem (DF: 8): (444, 1), (1259, 6), (1284, 1), (2739, 1), (4651, 2), (7392, 2), (7495, 2), (9412, 1)
tenement (DF: 1): (4844, 1)
tenemo (DF: 2): (7197, 1), (8597, 1)
tenen (DF: 1): (6641, 1)
tenent (DF: 1): (5187, 2)
tenert (DF: 52): (725, 1), (889, 1), (1013, 2), (1112, 10), (1665, 1), (1967, 4), (1974, 1), (2429, 1), (2473, 1), (2488, 1), (2529, 2), (2617, 4), (3006, 2), (3536, 2), (3757, 4), (3981, 1), (4011, 8), (4180, 3), (4195, 2), (4344, 3), (4797, 1), (4879, 1), (4886, 4), (5512, 1), (5541, 2), (6209, 1), (6243, 1), (6263, 2), (6384, 1), (6466, 1), (6939, 4), (7042, 1), (7049, 2), (7104, 2), (7223, 1), (7379, 2), (7435, 8), (7632, 4), (8097, 2), (8329, 2), (8342, 1), (8882, 18), (8923, 4), (9296, 2), (9470, 6), (9473, 2), (9475, 1), (9521, 4), (9524, 1), (9636, 2), (9697, 3), (9719, 1)
teneryfa (DF: 1): (4358, 4)
teng (DF: 3): (3316, 1), (3985, 1), (6961, 1)
tenga (DF: 1): (2277, 1)
tengo (DF: 10): (1087, 4), (3076, 1), (3146, 2), (4267, 2), (7354, 1), (7446, 9), (7876, 1), (8132, 3), (8560, 2), (9474, 2)
tenho (DF: 19): (213, 7), (1072, 1), (1979, 1), (2711, 1), (2839, 16), (3467, 2), (3838, 1), (5118, 2), (5959, 6), (6234, 1), (6289, 2), (6397, 3), (6804, 2), (6983, 4), (7795, 4), (8941, 1), (9087, 8), (9494, 2), (9637, 4)
teni (DF: 10): (87, 1), (252, 1), (2606, 2), (2817, 1), (4009, 1), (4288, 1), (6279, 4), (7412, 1), (8255, 1), (8994, 1)
tenido (DF: 1): (8775, 1)
teniendot (DF: 1): (6263, 2)
tenis (DF: 1): (178, 1)
tenkaichi (DF: 1): (9540, 4)
tenl (DF: 1): (6279, 2)
tennakey (DF: 2): (4226, 1), (6573, 1)
tenneke (DF: 1): (8726, 1)
tennese (DF: 1): (922, 1)
tennesse (DF: 18): (1477, 1), (3332, 10), (3594, 1), (3612, 1), (3675, 1), (4226, 1), (4254, 1), (5058, 6), (6348, 1), (6573, 1), (6728, 1), (6732, 13), (6857, 2), (7297, 1), (7907, 19), (9477, 1), (9684, 1), (9944, 1)
tenni (DF: 9): (1150, 1), (1547, 1), (1904, 1), (5251, 3), (5492, 2), (5570, 2), (6585, 1), (7084, 1), (7650, 1)
tennill (DF: 2): (2367, 1), (8694, 1)
tennis (DF: 1): (6395, 1)
tenretni (DF: 1): (6508, 1)
tens (DF: 20): (14, 1), (159, 1), (1313, 1), (1618, 1), (2334, 1), (2691, 1), (2957, 1), (2964, 1), (3263, 1), (3387, 1), (3796, 1), (3903, 1), (4009, 1), (4434, 1), (4537, 1), (4641, 1), (5853, 1), (8155, 1), (9152, 2), (9412, 2)
tension (DF: 32): (12, 4), (340, 4), (802, 1), (896, 3), (1178, 1), (2058, 3), (2181, 2), (2334, 1), (3020, 1), (3043, 1), (3522, 1), (3898, 1), (4102, 1), (4625, 1), (4912, 1), (5571, 2), (5714, 6), (6200, 1), (6805, 1), (7195, 3), (7259, 1), (7925, 1), (8313, 3), (8774, 1), (8823, 1), (8957, 1), (9045, 1), (9227, 1), (9269, 1), (9376, 6), (9649, 1), (9826, 1)
tensta (DF: 1): (7428, 1)
tent (DF: 13): (3019, 1), (4803, 5), (4849, 1), (4880, 1), (6019, 1), (6872, 7), (7395, 1), (7512, 1), (8325, 1), (8846, 4), (8994, 1), (9593, 2), (9762, 2)
tenta (DF: 5): (1072, 1), (1278, 1), (1659, 1), (1881, 2), (9876, 1)
tentacion (DF: 6): (1027, 1), (2948, 14), (3569, 1), (4236, 1), (8454, 1), (9367, 1)
tentacl (DF: 1): (5102, 1)
tentacol (DF: 1): (9671, 1)
tentador (DF: 1): (7183, 1)
tentam (DF: 1): (7869, 1)
tentamo (DF: 1): (1659, 1)
tentar (DF: 3): (3215, 2), (3353, 1), (5606, 1)
tentaram (DF: 1): (7211, 1)
tentei (DF: 1): (8941, 1)
tenth (DF: 8): (1833, 1), (3178, 1), (3272, 2), (6636, 1), (6721, 1), (6857, 2), (7406, 1), (9278, 1)
tento (DF: 1): (9637, 1)
tentou (DF: 1): (4167, 1)
tenu (DF: 3): (4986, 2), (5592, 1), (6886, 1)
teo (DF: 2): (567, 3), (1556, 1)
teodor (DF: 1): (2681, 2)
teojil (DF: 1): (3690, 1)
teor (DF: 2): (4702, 1), (8671, 1)
teorem (DF: 1): (4288, 1)
teori (DF: 1): (8829, 1)
tep (DF: 3): (770, 1), (2481, 1), (4417, 1)
tepid (DF: 2): (6123, 1), (8971, 14)
teppich (DF: 2): (8311, 14), (9457, 3)
teppichmess (DF: 1): (1244, 1)
teppist (DF: 1): (6631, 2)
tequil (DF: 24): (12, 2), (86, 9), (1800, 1), (2743, 1), (2972, 4), (3070, 2), (3111, 2), (3308, 1), (3851, 3), (4081, 1), (4186, 2), (4207, 9), (4659, 2), (4702, 1), (4790, 1), (5480, 2), (6079, 2), (6341, 3), (6588, 6), (7171, 1), (7172, 4), (7676, 1), (7734, 1), (7854, 1)
