suelt (DF: 6): (9475, 7), (9740, 3), (9819, 16), (9872, 1), (9939, 1), (9974, 12)
suelta (DF: 1): (9095, 1)
sueltal (DF: 2): (2585, 2), (8218, 3)
sueltat (DF: 1): (6450, 1)
sueltes (DF: 3): (3916, 3), (4081, 1), (8466, 1)
suen (DF: 53): (87, 1), (227, 1), (403, 1), (417, 1), (628, 3), (1141, 1), (1424, 1), (1476, 2), (1501, 2), (1668, 2), (2114, 34), (2316, 1), (2785, 1), (3313, 1), (3342, 1), (3816, 3), (3898, 1), (4011, 4), (4238, 1), (4288, 1), (4419, 2), (4423, 1), (4430, 1), (4434, 1), (4954, 1), (5026, 2), (5396, 2), (6346, 2), (6393, 1), (6399, 1), (6450, 1), (6862, 1), (7108, 1), (7274, 4), (7395, 1), (7490, 1), (7587, 1), (7942, 3), (8097, 1), (8116, 1), (8140, 1), (8218, 3), (8242, 1), (8454, 5), (8506, 1), (8580, 1), (8606, 2), (8733, 1), (8820, 3), (8945, 1), (9012, 6), (9607, 2), (9641, 2)
suena (DF: 2): (299, 2), (8132, 2)
suenal (DF: 1): (5373, 3)
suer (DF: 2): (7586, 1), (8733, 1)
suero (DF: 1): (6009, 1)
suert (DF: 33): (269, 1), (444, 1), (858, 1), (890, 3), (1159, 3), (1284, 1), (1370, 3), (1974, 5), (2098, 1), (2529, 2), (2645, 1), (4515, 1), (4605, 1), (4949, 1), (4951, 3), (5574, 1), (6179, 2), (6263, 1), (6279, 2), (6414, 1), (6466, 1), (6808, 1), (7223, 1), (7513, 4), (7851, 1), (7863, 3), (8342, 1), (8454, 1), (8922, 6), (9039, 3), (9606, 1), (9636, 2), (9919, 1)
suey (DF: 2): (5411, 1), (8838, 1)
sueñ (DF: 85): (312, 1), (353, 1), (355, 1), (403, 1), (489, 1), (557, 1), (580, 2), (679, 1), (776, 1), (891, 6), (1109, 1), (1159, 1), (1309, 3), (1379, 2), (1441, 1), (1677, 1), (1826, 6), (1842, 1), (1878, 1), (1939, 5), (1966, 12), (2034, 4), (2070, 1), (2090, 4), (2092, 1), (2414, 4), (2585, 2), (2645, 1), (2889, 1), (2938, 1), (3031, 1), (3093, 1), (3504, 2), (3623, 1), (3851, 1), (3908, 1), (4236, 1), (4362, 1), (4504, 38), (4591, 5), (4651, 3), (4678, 2), (4879, 1), (4916, 1), (5198, 1), (5358, 1), (5471, 12), (5475, 4), (5512, 1), (5574, 1), (5659, 6), (5735, 1), (5796, 2), (5975, 1), (5990, 2), (6131, 3), (6321, 1), (6336, 1), (6450, 2), (6513, 1), (6514, 1), (6645, 4), (6656, 1), (6681, 3), (6878, 1), (6940, 1), (7415, 2), (7457, 2), (7546, 3), (7766, 1), (7935, 1), (7993, 2), (8047, 2), (8406, 4), (8478, 2), (8646, 1), (8866, 3), (9001, 1), (9018, 2), (9196, 1), (9470, 1), (9532, 3), (9568, 1), (1295, 3), (1296, 1)
sueño (DF: 3): (194, 1), (3217, 2), (8590, 8)
sueñowisin (DF: 1): (8478, 2)
suffer (DF: 62): (145, 2), (158, 1), (281, 1), (368, 1), (517, 1), (560, 1), (879, 1), (979, 6), (1015, 1), (1186, 2), (1449, 1), (1473, 1), (1608, 1), (1820, 1), (1855, 2), (1936, 3), (2038, 3), (2056, 1), (2115, 1), (2247, 2), (2310, 1), (2466, 2), (2569, 1), (3019, 1), (3178, 2), (3194, 2), (3479, 1), (4351, 4), (4424, 3), (4538, 1), (4773, 1), (4999, 4), (5064, 2), (5178, 1), (5626, 4), (5739, 1), (6019, 2), (6214, 1), (6266, 1), (6323, 3), (6484, 1), (6700, 2), (6923, 1), (6948, 6), (6971, 1), (7058, 1), (7350, 3), (7360, 1), (7628, 1), (7705, 4), (7892, 1), (7912, 1), (8325, 1), (8348, 1), (8396, 1), (8952, 3), (9019, 1), (9201, 1), (9629, 3), (9965, 1), (5211, 1), (5212, 1)
sufferin (DF: 6): (1741, 4), (1964, 1), (6350, 1), (6660, 1), (7369, 1), (7544, 2)
suffic (DF: 2): (3878, 1), (7010, 1)
suffici (DF: 1): (6767, 1)
suffira (DF: 1): (3195, 1)
suffit (DF: 1): (4177, 1)
suffoc (DF: 9): (592, 1), (1796, 1), (2123, 3), (2569, 1), (3182, 3), (3951, 6), (4102, 1), (6840, 2), (7583, 1)
suffocatin (DF: 1): (1473, 1)
suffragett (DF: 3): (2485, 8), (9351, 27), (9777, 27)
suficient (DF: 18): (333, 2), (489, 1), (628, 1), (934, 3), (1013, 1), (1370, 3), (1395, 4), (2487, 1), (2645, 1), (4671, 2), (5363, 1), (5675, 2), (6862, 1), (6974, 1), (7104, 4), (7342, 9), (7415, 3), (8242, 1)
sufjan (DF: 2): (235, 1), (7798, 1)
sufocava (DF: 1): (60, 2)
sufr (DF: 36): (87, 1), (354, 4), (395, 3), (1159, 1), (3214, 1), (3903, 1), (4219, 1), (4236, 1), (4288, 1), (4362, 1), (4507, 1), (5449, 1), (5740, 8), (6041, 1), (6280, 5), (6515, 5), (7183, 1), (7196, 1), (7309, 2), (7586, 3), (8036, 2), (8112, 2), (8482, 1), (8516, 1), (8691, 6), (8817, 1), (8997, 1), (9012, 3), (9034, 1), (9060, 9), (9415, 2), (9437, 1), (9492, 1), (9545, 2), (9706, 2), (9903, 4)
sufri (DF: 4): (87, 1), (1133, 1), (1228, 1), (5932, 3)
sufrimient (DF: 9): (86, 2), (2659, 8), (5592, 2), (7183, 1), (7309, 2), (7572, 1), (7993, 2), (8047, 2), (9252, 1)
sufrir (DF: 2): (3853, 3), (7049, 4)
sufrirr (DF: 1): (3853, 2)
sufrirì (DF: 1): (1411, 1)
sufriría (DF: 1): (1087, 1)
sug (DF: 3): (858, 1), (2050, 1), (3669, 1)
suga (DF: 1): (16, 16)
