deladap (DF: 1): (565, 1)
delani (DF: 1): (3355, 1)
delant (DF: 6): (444, 1), (791, 1), (4219, 5), (6939, 4), (6967, 2), (6974, 1)
delaoss (DF: 1): (1582, 1)
delaru (DF: 1): (1177, 2)
delat (DF: 4): (4908, 2), (5793, 1), (6438, 2), (6818, 1)
delay (DF: 16): (337, 1), (527, 1), (858, 1), (1053, 1), (1297, 1), (1455, 1), (1773, 1), (2263, 1), (3064, 1), (4005, 1), (4410, 1), (4505, 1), (4664, 1), (5032, 2), (6542, 18), (7436, 1)
delayd (DF: 1): (9982, 1)
dele (DF: 3): (7563, 1), (8574, 1), (9637, 1)
deleg (DF: 4): (4632, 2), (5645, 1), (7973, 2), (8298, 1)
deleit (DF: 5): (1665, 1), (2967, 1), (4780, 8), (6384, 1), (9697, 3)
deler (DF: 1): (2018, 1)
delet (DF: 17): (248, 1), (3372, 2), (3990, 2), (4022, 1), (4119, 7), (4269, 1), (4298, 1), (4372, 1), (5349, 1), (5667, 2), (5840, 5), (6409, 3), (6684, 1), (7149, 1), (7434, 1), (7516, 1), (7834, 1)
deletin (DF: 2): (1124, 1), (3581, 1)
delfin (DF: 1): (6450, 1)
delgado (DF: 1): (7977, 1)
delhi (DF: 1): (3891, 1)
deli (DF: 2): (4533, 1), (5907, 1)
deliber (DF: 2): (1097, 3), (9733, 1)
delic (DF: 8): (3225, 1), (3592, 2), (4321, 1), (5645, 1), (6152, 6), (6178, 1), (8671, 3), (9296, 1)
delicadez (DF: 2): (117, 2), (9887, 1)
delici (DF: 11): (3, 2), (1307, 1), (3745, 1), (5150, 1), (7511, 4), (8502, 2), (8599, 1), (9119, 1), (9296, 1), (9520, 2), (9650, 1)
delight (DF: 28): (146, 1), (464, 1), (553, 1), (680, 2), (803, 1), (883, 3), (973, 1), (1552, 1), (2177, 1), (2359, 2), (3162, 3), (3164, 1), (3173, 3), (3592, 6), (3747, 1), (3889, 1), (3922, 1), (4230, 7), (4578, 2), (5068, 1), (5088, 1), (6374, 1), (6548, 1), (7083, 1), (7311, 4), (7514, 1), (9275, 1), (9778, 4)
delik (DF: 1): (1465, 1)
delilah (DF: 7): (155, 3), (1872, 8), (2167, 8), (2568, 9), (3469, 1), (4495, 1), (8317, 2)
delincuent (DF: 6): (4210, 1), (4469, 2), (6588, 6), (7863, 2), (8218, 1), (9469, 1)
delinqu (DF: 7): (306, 1), (2112, 1), (2422, 1), (3052, 1), (3902, 1), (7862, 2), (9079, 1)
delinquent (DF: 4): (306, 2), (3569, 1), (3902, 1), (7862, 3)
delir (DF: 8): (1309, 9), (2681, 1), (2739, 1), (2889, 1), (3211, 1), (3972, 2), (4804, 4), (5502, 1)
delirar (DF: 1): (2242, 1)
deliri (DF: 21): (138, 1), (472, 22), (2488, 1), (2642, 4), (3341, 1), (3745, 1), (4547, 1), (5035, 3), (5158, 1), (5461, 1), (5592, 1), (5713, 2), (7165, 19), (7465, 1), (7782, 1), (8361, 1), (8624, 2), (8892, 3), (8961, 1), (9119, 1), (9415, 3)
delirium (DF: 5): (205, 1), (2252, 6), (2506, 1), (6445, 1), (9381, 1)
delit (DF: 10): (1803, 3), (3403, 6), (4210, 1), (4300, 3), (4484, 2), (4594, 3), (6532, 1), (8036, 7), (9252, 1), (9882, 1)
deliv (DF: 31): (368, 4), (523, 1), (796, 1), (1957, 2), (2063, 1), (2083, 1), (2322, 1), (2866, 1), (3103, 3), (3164, 1), (3599, 3), (3789, 1), (3940, 1), (4003, 3), (4111, 1), (4165, 1), (4283, 1), (4602, 2), (5576, 2), (5957, 1), (6118, 1), (6142, 1), (6374, 1), (6516, 1), (6765, 1), (7089, 1), (7862, 1), (8189, 1), (8669, 1), (8729, 1), (9301, 1)
deliver (DF: 4): (1635, 2), (3177, 1), (5274, 1), (9758, 1)
deliveri (DF: 7): (97, 1), (2216, 1), (4059, 1), (5759, 1), (5885, 1), (6261, 1), (7992, 1)
delli (DF: 1): (9648, 1)
delor (DF: 1): (4361, 2)
delora (DF: 1): (6344, 2)
delorean (DF: 4): (871, 1), (2687, 1), (4811, 1), (9562, 1)
delow (DF: 1): (5068, 1)
delta (DF: 6): (2198, 1), (3218, 1), (6348, 1), (8060, 1), (8847, 1), (9477, 1)
delud (DF: 1): (4667, 3)
delus (DF: 6): (929, 1), (1796, 1), (5087, 1), (6250, 1), (9644, 1), (9977, 1)
delusion (DF: 2): (8088, 6), (9831, 2)
delux (DF: 389): (12, 1), (92, 1), (106, 1), (131, 1), (138, 1), (178, 1), (214, 1), (254, 1), (290, 1), (300, 1), (317, 1), (319, 1), (356, 1), (379, 1), (425, 1), (442, 1), (458, 1), (578, 1), (608, 1), (612, 1), (671, 1), (766, 1), (793, 1), (806, 1), (818, 1), (883, 1), (895, 1), (896, 1), (915, 1), (937, 1), (943, 1), (952, 1), (1024, 1), (1025, 1), (1069, 1), (1087, 1), (1089, 1), (1095, 1), (1162, 1), (1208, 1), (1218, 1), (1230, 1), (1276, 1), (1316, 1), (1344, 1), (1354, 1), (1361, 1), (1446, 1), (1447, 1), (1458, 1), (1528, 1), (1529, 1), (1540, 1), (1552, 1), (1553, 1), (1559, 1), (1573, 1), (1600, 1), (1609, 1), (1647, 1), (1724, 1), (1726, 1), (1727, 1), (1772, 1), (1781, 1), (1871, 1), (1875, 1), (1889, 1), (1899, 1), (1925, 1), (1944, 1), (1949, 1), (1957, 1), (1972, 1), (1994, 1), (2003, 1), (2017, 1), (2091, 1), (2141, 1), (2154, 1), (2197, 1), (2234, 1), (2281, 1), (2322, 1), (2335, 1), (2356, 1), (2362, 1), (2370, 1), (2371, 1), (2397, 1), (2411, 1), (2419, 1), (2475, 1), (2484, 1), (2540, 1), (2605, 1), (2613, 1), (2634, 1), (2637, 1), (2649, 1), (2675, 1), (2705, 1), (2706, 1), (2716, 1), (2717, 1), (2724, 1), (2736, 1), (2780, 1), (2837, 1), (2853, 1), (2863, 1), (2866, 1), (2913, 1), (2919, 1), (2923, 1), (2932, 1), (2947, 1), (2980, 1), (3112, 1), (3142, 1), (3143, 1), (3174, 1), (3209, 1), (3220, 1), (3248, 1), (3259, 1), (3301, 1), (3321, 1), (3334, 1), (3361, 1), (3387, 1), (3417, 1), (3419, 1), (3438, 1), (3484, 1), (3492, 1), (3503, 1), (3508, 1), (3559, 1), (3566, 1), (3572, 1), (3602, 1), (3613, 1), (3655, 1), (3658, 1), (3789, 1), (3833, 1), (3834, 1), (3841, 1), (3877, 1), (3906, 1), (3931, 1), (3932, 1), (3936, 1), (3942, 1), (3951, 1), (3960, 1), (3974, 1), (4066, 1), (4087, 1), (4117, 1), (4127, 1), (4150, 1), (4210, 1), (4269, 1), (4270, 1), (4315, 1), (4321, 1), (4337, 1), (4364, 1), (4413, 1), (4525, 1), (4530, 1), (4667, 1), (4699, 1), (4712, 1), (4767, 1), (4790, 1), (4823, 1), (4827, 1), (4831, 1), (4834, 1), (4869, 1), (4881, 1), (4894, 1), (4926, 1), (4963, 1), (5036, 1), (5120, 1), (5149, 1), (5157, 1), (5166, 1), (5177, 1), (5206, 1), (5208, 1), (5209, 1), (5226, 1), (5242, 1), (5280, 1), (5287, 1), (5300, 1), (5301, 1), (5343, 1), (5344, 1), (5369, 1), (5377, 1), (5386, 1), (5393, 1), (5403, 1), (5414, 1), (5444, 1), (5447, 1), (5457, 1), (5479, 1), (5481, 1), (5488, 1), (5502, 1), (5636, 1), (5718, 1), (5720, 1), (5747, 1), (5755, 1), (5771, 1), (5781, 1), (5788, 1), (5802, 1), (5828, 1), (5898, 1), (5899, 1), (5929, 1), (5964, 1), (6003, 1), (6058, 1), (6092, 1), (6125, 1), (6146, 1), (6178, 1), (6192, 1), (6216, 1), (6217, 1), (6253, 1), (6310, 1), (6348, 1), (6350, 1), (6404, 1), (6421, 1), (6426, 1), (6468, 1), (6492, 1), (6522, 1), (6552, 1), (6568, 1), (6586, 1), (6602, 1), (6608, 1), (6641, 1), (6647, 1), (6728, 1), (6764, 1), (6778, 1), (6805, 1), (6812, 1), (6872, 1), (6945, 1), (6975, 1), (7003, 1), (7029, 1), (7036, 1), (7038, 1), (7080, 1), (7130, 1), (7172, 1), (7182, 1), (7192, 1), (7195, 1), (7236, 1), (7262, 1), (7305, 1), (7325, 1), (7352, 1), (7355, 1), (7361, 1), (7409, 1), (7442, 1), (7461, 1), (7492, 1), (7531, 1), (7537, 1), (7545, 1), (7550, 1), (7558, 1), (7575, 1), (7591, 1), (7652, 1), (7674, 1), (7687, 1), (7717, 1), (7741, 1), (7785, 1), (7801, 1), (7820, 1), (7827, 1), (7841, 1), (7844, 1), (7846, 1), (7852, 1), (7902, 1), (7938, 1), (7978, 1), (7990, 1), (8000, 1), (8022, 1), (8025, 1), (8031, 1), (8057, 1), (8089, 1), (8137, 1), (8177, 1), (8211, 1), (8292, 1), (8306, 1), (8323, 1), (8367, 1), (8371, 1), (8390, 1), (8402, 1), (8448, 1), (8497, 1), (8514, 1), (8529, 1), (8552, 1), (8562, 1), (8565, 1), (8575, 1), (8659, 1), (8715, 1), (8759, 1), (8803, 1), (8824, 1), (8853, 1), (8904, 1), (8931, 1), (8933, 1), (8968, 1), (9004, 1), (9054, 1), (9077, 1), (9088, 1), (9090, 1), (9135, 2), (9137, 1), (9148, 1), (9165, 1), (9192, 1), (9219, 1), (9227, 1), (9249, 1), (9266, 1), (9292, 1), (9311, 1), (9324, 1), (9348, 3), (9381, 1), (9388, 1), (9398, 1), (9477, 1), (9485, 1), (9536, 1), (9546, 1), (9548, 1), (9551, 1), (9561, 1), (9590, 1), (9604, 1), (9618, 1), (9631, 1), (9690, 1), (9707, 1), (9714, 1), (9737, 1), (9745, 1), (9787, 1), (9835, 1), (9879, 1), (9893, 1), (9894, 1), (9956, 1), (9962, 1), (9985, 1)
delwar (DF: 1): (449, 1)
dem (DF: 101): (47, 1), (217, 2), (229, 5), (247, 4), (380, 3), (413, 1), (580, 1), (746, 70), (772, 2), (834, 1), (905, 12), (928, 3), (1058, 1), (1213, 2), (1263, 10), (1414, 1), (1465, 1), (1469, 2), (1674, 5), (1812, 1), (1900, 4), (2116, 1), (2198, 3), (2251, 2), (2444, 1), (2759, 1), (2805, 1), (2899, 14), (3429, 7), (3444, 1), (3527, 3), (3591, 10), (3898, 1), (3992, 1), (4148, 2), (4288, 1), (4295, 1), (4341, 1), (4364, 13), (4411, 4), (4419, 2), (4425, 1), (4476, 1), (4714, 4), (4771, 2), (4795, 1), (4828, 6), (4833, 7), (4837, 2), (4918, 1), (4995, 1), (5068, 3), (5137, 1), (5140, 7), (5156, 1), (5414, 2), (5463, 1), (5500, 1), (5565, 3), (5733, 2), (5865, 1), (5883, 2), (5947, 3), (6032, 2), (6197, 1), (6206, 1), (6292, 4), (6398, 20), (6438, 1), (6452, 33), (6483, 22), (7045, 1), (7063, 1), (7200, 5), (7319, 1), (7342, 3), (7397, 1), (7603, 1), (7645, 1), (7912, 4), (8151, 25), (8210, 1), (8248, 1), (8255, 1), (8519, 2), (8564, 2), (8765, 3), (8852, 1), (9019, 4), (9102, 1), (9125, 4), (9343, 1), (9374, 1), (9415, 2), (9450, 3), (9452, 2), (9470, 1), (9611, 1), (9638, 1), (9713, 1), (9783, 1)
demagog (DF: 1): (3587, 1)
demai (DF: 8): (2242, 1), (2651, 4), (2839, 10), (5606, 5), (7869, 3), (8938, 1), (8941, 4), (9355, 6)
demain (DF: 2): (5166, 5), (6886, 6)
demand (DF: 42): (343, 1), (404, 2), (566, 1), (577, 1), (643, 1), (676, 1), (736, 3), (950, 2), (1053, 1), (1745, 1), (2022, 6), (2341, 1), (2388, 1), (2425, 1), (2607, 1), (2682, 1), (2804, 1), (2891, 1), (2906, 1), (2960, 1), (3251, 1), (4308, 6), (5690, 1), (5723, 1), (6472, 1), (6558, 1), (7105, 1), (7607, 1), (7776, 1), (7777, 2), (7863, 1), (8461, 1), (8488, 1), (8554, 1), (8655, 1), (9180, 1), (9304, 1), (9415, 1), (9487, 1), (9536, 1), (9758, 1), (9807, 1)
demandent (DF: 1): (8198, 1)
demarco (DF: 2): (3737, 1), (6107, 1)
demarcus (DF: 1): (9785, 1)
demas (DF: 19): (173, 2), (178, 1), (353, 2), (1079, 1), (1453, 1), (1788, 1), (2306, 11), (3062, 1), (3158, 5), (3269, 1), (4189, 1), (4193, 12), (4846, 2), (5381, 2), (5512, 1), (5986, 1), (9108, 2), (9384, 1), (9792, 6)
demasi (DF: 20): (399, 1), (1241, 1), (1296, 1), (2782, 1), (3080, 1), (3211, 1), (4434, 1), (6025, 1), (7426, 1), (8066, 1), (8255, 1), (8256, 2), (9074, 2), (9108, 1), (9204, 1), (9580, 4), (9697, 6), (9740, 17), (9867, 1), (9919, 1)
demasia (DF: 4): (2782, 2), (4434, 1), (4504, 1), (6532, 2)
demassoy (DF: 1): (2530, 1)
dembow (DF: 27): (364, 2), (450, 1), (2114, 34), (2277, 1), (2617, 93), (3111, 6), (3489, 1), (3536, 47), (3757, 2), (4081, 3), (4419, 48), (5522, 20), (5796, 1), (6207, 2), (6326, 1), (6909, 1), (7068, 1), (7641, 1), (7646, 2), (7773, 27), (7925, 8), (7989, 1), (8218, 3), (8236, 6), (8466, 3), (8478, 8), (9974, 1)
demboy (DF: 1): (9498, 1)
demean (DF: 1): (7181, 1)
demeanor (DF: 6): (65, 1), (409, 2), (1552, 1), (7798, 1), (8347, 1), (9256, 1)
demeanour (DF: 1): (9724, 1)
demenci (DF: 5): (5475, 4), (6553, 2), (7258, 1), (8218, 1), (8902, 1)
dement (DF: 9): (12, 4), (1008, 2), (1732, 1), (2805, 8), (2889, 1), (6808, 1), (8255, 1), (8922, 6), (9475, 1)
