sab (DF: 77): (9001, 4), (9012, 3), (9039, 9), (9060, 15), (9070, 1), (9079, 3), (9185, 2), (9196, 1), (9204, 1), (9246, 1), (9285, 7), (9302, 6), (9309, 5), (9334, 3), (9362, 1), (9367, 2), (9384, 1), (9387, 1), (9400, 4), (9415, 2), (9428, 1), (9431, 1), (9437, 1), (9444, 8), (9470, 1), (9496, 1), (9519, 2), (9521, 1), (9532, 2), (9534, 1), (9536, 8), (9568, 2), (9609, 1), (9636, 2), (9660, 3), (9664, 1), (9682, 2), (9697, 3), (9719, 7), (9797, 4), (9802, 1), (9806, 1), (9819, 8), (9864, 2), (9867, 1), (9872, 4), (9882, 1), (9887, 4), (9916, 1), (9919, 1), (9938, 1), (9939, 1), (9960, 4), (9963, 4), (9974, 3), (476, 3), (477, 3), (725, 3), (728, 1), (2020, 2), (2021, 1), (3090, 2), (3092, 3), (3897, 2), (3898, 1), (5352, 2), (5353, 1), (5881, 2), (5883, 4), (6248, 1), (6249, 1), (6514, 1), (6515, 1), (6871, 3), (6872, 6), (8882, 3), (8883, 2)
saba (DF: 2): (3291, 1), (7748, 1)
sabadin (DF: 1): (5606, 1)
sabak (DF: 1): (149, 1)
sabam (DF: 1): (4308, 1)
saban (DF: 10): (476, 1), (1478, 7), (1584, 1), (1939, 1), (4210, 1), (4470, 1), (7766, 1), (7876, 1), (8792, 1), (9719, 1)
sabath (DF: 1): (6686, 2)
sabb (DF: 2): (5821, 1), (9999, 1)
sabbat (DF: 1): (200, 1)
sabbath (DF: 11): (1053, 3), (3551, 1), (3698, 1), (4239, 1), (4624, 1), (5846, 1), (7809, 1), (8114, 1), (8259, 1), (8307, 2), (8309, 1)
sabbats (DF: 1): (8198, 1)
sabe (DF: 59): (213, 1), (306, 1), (552, 4), (988, 1), (1183, 1), (1278, 1), (1415, 2), (1454, 1), (1649, 1), (1659, 1), (1881, 2), (2205, 3), (2210, 1), (2242, 4), (2680, 3), (2735, 1), (2839, 1), (3215, 4), (3353, 1), (3363, 2), (3692, 1), (3838, 2), (3870, 1), (4016, 1), (4167, 1), (4652, 1), (4849, 1), (5118, 1), (5369, 3), (5606, 6), (5610, 1), (5859, 3), (5917, 1), (5959, 2), (6270, 4), (6804, 1), (6947, 1), (7197, 1), (7211, 7), (7270, 1), (7342, 6), (7446, 3), (7583, 5), (7622, 1), (7795, 2), (8052, 9), (8113, 4), (8363, 1), (8590, 4), (8853, 1), (8909, 2), (9120, 1), (9355, 1), (9368, 4), (9474, 2), (9494, 1), (9525, 1), (9637, 2), (9860, 1)
sabedoria (DF: 1): (7270, 1)
sabel (DF: 1): (7397, 1)
sabem (DF: 9): (213, 1), (1519, 2), (1668, 2), (2680, 1), (5990, 1), (6234, 4), (6513, 1), (7019, 3), (9185, 1)
sabendo (DF: 2): (4357, 1), (7175, 1)
saber (DF: 8): (2651, 2), (5042, 2), (5606, 1), (6302, 1), (8052, 12), (9355, 1), (9391, 3), (9860, 1)
saberz (DF: 1): (7185, 1)
sabes (DF: 1): (1501, 2)
sabhi (DF: 1): (1834, 1)
sabi (DF: 13): (353, 1), (2107, 1), (2610, 1), (4011, 8), (4448, 1), (4563, 1), (4799, 1), (7079, 1), (8097, 2), (9412, 1), (9568, 1), (9609, 1), (9652, 1)
sabia (DF: 1): (1072, 1)
sabidur (DF: 1): (9248, 1)
sabihin (DF: 2): (4910, 1), (8335, 3)
sabil (DF: 1): (8188, 1)
sabin (DF: 1): (217, 1)
sabko (DF: 1): (9688, 1)
sabl (DF: 4): (2139, 2), (4428, 1), (6125, 1), (6568, 1)
sabli (DF: 1): (4197, 1)
sabor (DF: 36): (28, 1), (512, 2), (1022, 1), (1411, 1), (1752, 1), (1978, 1), (2805, 1), (3106, 1), (3226, 6), (3290, 1), (3358, 1), (3399, 1), (3596, 1), (3603, 1), (3609, 2), (3875, 1), (5353, 1), (5436, 1), (5592, 1), (5674, 1), (5735, 1), (6423, 2), (6534, 4), (7415, 1), (8187, 1), (8205, 1), (8318, 1), (8420, 1), (8815, 2), (8928, 1), (9179, 1), (9248, 2), (9342, 1), (9558, 6), (9706, 2), (9786, 2)
saborioc (DF: 1): (2306, 2)
sabotag (DF: 5): (646, 1), (1560, 8), (1990, 1), (5349, 1), (8032, 4)
sabotaj (DF: 1): (2604, 1)
sabr (DF: 2): (1461, 1), (1686, 1)
sabras (DF: 4): (3239, 1), (5022, 1), (5856, 1), (9367, 1)
sabrina (DF: 6): (20, 1), (5359, 1), (7679, 1), (8286, 1), (8469, 1), (9175, 1)
sabros (DF: 5): (1411, 1), (2743, 2), (3308, 2), (7604, 1), (9179, 2)
sabrosa (DF: 1): (2277, 3)
sabrosit (DF: 2): (2743, 1), (3308, 1)
sabía (DF: 1): (8597, 2)
sac (DF: 54): (46, 1), (53, 1), (109, 2), (178, 1), (227, 1), (345, 2), (347, 1), (365, 1), (371, 2), (417, 1), (567, 6), (749, 1), (1004, 1), (1022, 2), (1241, 3), (1476, 2), (1581, 1), (1582, 1), (1653, 6), (1978, 1), (2020, 1), (2033, 1), (2058, 1), (2088, 3), (2090, 1), (2098, 3), (2108, 1), (2369, 1), (2429, 1), (2461, 2), (2681, 2), (2898, 5), (2967, 1), (2972, 4), (3111, 5), (3219, 4), (3614, 5), (3631, 1), (4246, 1), (4356, 2), (4361, 1), (4434, 7), (4440, 1), (4515, 2), (4647, 1), (4790, 1), (4852, 1), (4909, 1), (4961, 4), (5105, 1), (5352, 1), (5363, 1), (5436, 1), (5513, 2)
