pretti (DF: 226): (4422, 1), (4435, 1), (4481, 1), (4506, 1), (4570, 1), (4575, 1), (4598, 1), (4621, 3), (4667, 2), (4684, 1), (4719, 3), (4723, 1), (4728, 1), (4748, 1), (4810, 1), (4853, 39), (4868, 1), (4874, 4), (4882, 1), (4962, 2), (5021, 12), (5032, 1), (5044, 2), (5058, 6), (5066, 1), (5092, 1), (5131, 1), (5142, 4), (5172, 1), (5204, 1), (5229, 2), (5245, 13), (5291, 3), (5322, 2), (5336, 3), (5346, 1), (5361, 1), (5394, 4), (5401, 1), (5421, 26), (5444, 1), (5445, 2), (5450, 1), (5529, 2), (5538, 1), (5552, 2), (5575, 1), (5590, 8), (5609, 2), (5610, 1), (5667, 2), (5729, 1), (5753, 1), (5759, 1), (5783, 1), (5809, 2), (5841, 2), (5845, 1), (5866, 4), (5894, 1), (5956, 1), (5957, 1), (6004, 1), (6029, 1), (6068, 2), (6124, 1), (6129, 1), (6136, 1), (6157, 1), (6159, 1), (6213, 2), (6223, 1), (6252, 1), (6275, 13), (6312, 1), (6342, 2), (6350, 1), (6449, 1), (6455, 2), (6462, 2), (6552, 5), (6554, 5), (6566, 2), (6580, 1), (6584, 4), (6586, 2), (6621, 1), (6630, 2), (6652, 1), (6797, 1), (6865, 1), (6870, 2), (6875, 1), (6895, 1), (6927, 1), (6938, 8), (6994, 1), (7026, 1), (7040, 4), (7050, 1), (7054, 1), (7084, 3), (7099, 6), (7118, 2), (7121, 1), (7138, 1), (7176, 2), (7209, 2), (7216, 1), (7231, 1), (7260, 1), (7302, 1), (7312, 4), (7341, 1), (7440, 1), (7441, 1), (7467, 1), (7498, 2), (7500, 1), (7509, 1), (7549, 2), (7553, 19), (7621, 9), (7644, 2), (7648, 3), (7695, 2), (7701, 2), (7745, 1), (7747, 1), (7754, 3), (7767, 5), (7835, 4), (7882, 1), (7946, 1), (7949, 1), (7968, 1), (7969, 1), (7999, 1), (8006, 4), (8077, 2), (8174, 5), (8176, 1), (8203, 1), (8209, 1), (8216, 1), (8239, 1), (8263, 2), (8277, 1), (8310, 5), (8317, 1), (8346, 2), (8354, 2), (8379, 2), (8385, 7), (8397, 1), (8402, 4), (8425, 1), (8480, 1), (8508, 1), (8562, 1), (8581, 38), (8611, 1), (8636, 3), (8694, 1), (8715, 10), (8746, 1), (8752, 1), (8797, 1), (8798, 1), (8861, 9), (8931, 1), (8951, 2), (8956, 2), (9010, 1), (9038, 1), (9117, 1), (9119, 2), (9131, 1), (9147, 1), (9175, 3), (9177, 1), (9188, 6), (9218, 2), (9287, 39), (9319, 4), (9324, 1), (9346, 1), (9361, 8), (9389, 2), (9401, 2), (9432, 2), (9434, 1), (9454, 4), (9458, 8), (9483, 19), (9500, 1), (9515, 2), (9550, 1), (9563, 1), (9628, 1), (9694, 1), (9700, 6), (9747, 1), (9754, 19), (9758, 1), (9801, 1), (9879, 2), (9968, 1), (9983, 1), (435, 1), (436, 1), (596, 3), (597, 1), (846, 1), (848, 2), (3279, 4), (3282, 1), (5416, 2), (5418, 1), (7264, 2), (7265, 1), (8809, 1), (8811, 1), (8890, 2), (8891, 4), (9286, 2)
prettier (DF: 3): (2169, 3), (7835, 1), (8830, 1)
prettiest (DF: 9): (393, 5), (1712, 1), (1737, 3), (2146, 6), (3278, 2), (4044, 1), (5074, 6), (5367, 2), (7169, 3)
pretty (DF: 5): (14, 1), (3403, 5), (4507, 2), (7380, 2), (9246, 1)
prettymuch (DF: 4): (264, 1), (5822, 2), (5835, 2), (8165, 1)
pretzel (DF: 1): (2674, 1)
preuv (DF: 1): (4308, 1)
prevail (DF: 11): (40, 1), (510, 1), (3268, 1), (3371, 1), (3763, 1), (4010, 1), (4102, 1), (4230, 1), (5349, 1), (5876, 1), (7279, 1)
prevalecerá (DF: 1): (9525, 1)
prevent (DF: 3): (1150, 1), (1954, 1), (3776, 1)
previ (DF: 1): (9521, 1)
preview (DF: 3): (4874, 1), (5452, 1), (6564, 1)
previst (DF: 1): (4873, 1)
previsão (DF: 1): (7563, 6)
prey (DF: 23): (292, 1), (561, 6), (925, 1), (1093, 3), (1201, 2), (1204, 1), (1214, 3), (1473, 1), (2001, 2), (2334, 4), (2613, 4), (3113, 1), (3526, 1), (3951, 1), (5097, 3), (5255, 16), (5699, 6), (5913, 6), (6054, 1), (6468, 2), (7020, 1), (7747, 1), (8032, 1)
prez (DF: 4): (1513, 1), (5251, 1), (5715, 1), (7177, 1)
preza (DF: 1): (1072, 1)
prezencj (DF: 1): (3744, 2)
prezi (DF: 3): (6837, 1), (7806, 1), (9648, 1)
prezz (DF: 1): (1987, 1)
preço (DF: 1): (8941, 1)
preñ (DF: 1): (996, 1)
pri (DF: 7): (299, 1), (3219, 20), (3852, 4), (4308, 1), (5754, 1), (8112, 6), (8892, 2)
pric (DF: 1): (468, 1)
price (DF: 62): (51, 1), (102, 2), (110, 1), (158, 1), (190, 4), (292, 1), (402, 1), (405, 1), (416, 3), (482, 1), (486, 1), (503, 4), (511, 3), (523, 1), (690, 1), (925, 1), (1031, 1), (1058, 2), (1196, 3), (1287, 1), (1292, 1), (1343, 1), (1427, 1), (1502, 2), (1597, 1), (1712, 1), (1716, 1), (1896, 1), (1940, 1), (2039, 1), (2187, 1), (2192, 1), (2366, 1), (2406, 4), (2459, 1), (2462, 1), (2500, 1), (2522, 2), (2690, 1), (2736, 2), (2746, 1), (2840, 6), (2847, 1), (2855, 1), (2918, 3), (2943, 2), (2954, 2), (2980, 1), (3027, 1), (3192, 1), (3312, 1), (3374, 1), (3414, 1), (3537, 6), (3549, 1), (3941, 1), (3946, 2), (3982, 3), (3999, 2), (4072, 1), (4104, 1), (4121, 2)
