send (DF: 225): (1011, 1), (1029, 1), (1097, 1), (1127, 1), (1145, 1), (1166, 1), (1183, 1), (1203, 1), (1266, 8), (1284, 1), (1336, 1), (1342, 2), (1393, 1), (1516, 8), (1548, 1), (1559, 2), (1635, 4), (1669, 1), (1694, 1), (1698, 10), (1718, 1), (1777, 2), (1807, 4), (1924, 7), (1964, 3), (1985, 1), (2058, 1), (2076, 1), (2134, 1), (2142, 1), (2259, 2), (2265, 1), (2286, 1), (2294, 1), (2371, 1), (2392, 1), (2397, 4), (2509, 2), (2548, 12), (2630, 3), (2644, 1), (2674, 2), (2689, 1), (2770, 1), (2775, 1), (2807, 3), (2910, 1), (3012, 1), (3129, 1), (3156, 2), (3232, 1), (3233, 3), (3375, 2), (3408, 1), (3483, 1), (3505, 2), (3522, 6), (3597, 1), (3627, 1), (3705, 1), (3715, 11), (3726, 1), (3779, 1), (3827, 2), (3855, 2), (3923, 1), (3964, 29), (3990, 2), (4021, 1), (4050, 1), (4097, 2), (4107, 1), (4128, 1), (4182, 1), (4199, 1), (4244, 4), (4410, 1), (4435, 4), (4490, 1), (4494, 6), (4572, 1), (4598, 1), (4604, 3), (4627, 3), (4658, 14), (4680, 1), (4764, 1), (4811, 1), (4825, 2), (4907, 1), (4955, 1), (4995, 1), (5173, 1), (5251, 1), (5270, 1), (5309, 1), (5318, 1), (5401, 1), (5425, 1), (5583, 1), (5596, 1), (5602, 1), (5612, 1), (5631, 1), (5646, 1), (5657, 1), (5667, 2), (5689, 3), (5711, 4), (5732, 2), (5771, 1), (5829, 3), (5842, 1), (5905, 1), (5989, 1), (6020, 2), (6029, 1), (6085, 2), (6149, 1), (6151, 1), (6209, 1), (6288, 2), (6388, 1), (6392, 1), (6452, 1), (6520, 1), (6545, 1), (6625, 3), (6697, 1), (6749, 6), (6830, 1), (6849, 1), (6853, 1), (6867, 1), (6875, 1), (6891, 4), (6895, 1), (6914, 1), (6936, 1), (6958, 1), (6991, 3), (7024, 1), (7047, 8), (7060, 1), (7077, 3), (7168, 1), (7213, 3), (7345, 2), (7349, 1), (7388, 2), (7404, 2), (7424, 1), (7454, 1), (7592, 58), (7662, 1), (7678, 3), (7682, 4), (7685, 1), (7688, 4), (7700, 1), (7706, 2), (7761, 1), (7768, 2), (7789, 1), (7877, 1), (7892, 1), (7900, 7), (7979, 2), (8009, 2), (8024, 9), (8135, 1), (8148, 1), (8155, 1), (8235, 1), (8299, 1), (8307, 2), (8316, 1), (8427, 5), (8441, 2), (8446, 1), (8555, 1), (8564, 1), (8653, 9), (8756, 1), (8782, 1), (8786, 1), (8795, 1), (8813, 1), (8818, 4), (8836, 2), (8917, 1), (8932, 8), (8942, 3), (8985, 5), (9032, 1), (9056, 41), (9130, 4), (9143, 1), (9180, 1), (9194, 1), (9220, 1), (9305, 1), (9324, 1), (9344, 1), (9356, 5), (9438, 2), (9451, 4), (9628, 1), (9642, 5), (9804, 1), (9851, 1), (9924, 29), (9934, 5), (9945, 2), (9977, 1), (9980, 1), (9992, 1), (207, 3), (208, 1), (645, 1), (646, 2), (4863, 1), (4864, 1), (6718, 1), (6720, 1)
sender (DF: 7): (796, 1), (1807, 4), (2018, 1), (3080, 1), (6016, 1), (9270, 1), (9342, 1)
sendin (DF: 16): (536, 1), (673, 1), (808, 1), (909, 1), (1217, 6), (1763, 1), (1919, 2), (1977, 3), (3310, 1), (3924, 1), (3937, 2), (6118, 1), (6760, 2), (6953, 1), (8819, 1), (9143, 1)
sending (DF: 1): (7019, 2)
sendo (DF: 1): (3838, 1)
senegal (DF: 1): (1238, 1)
senel (DF: 2): (4092, 4), (5052, 4)
senencit (DF: 1): (8728, 1)
seng (DF: 1): (7200, 1)
senhor (DF: 1): (3467, 1)
seni (DF: 1): (306, 1)
senil (DF: 2): (3796, 1), (7181, 1)
senior (DF: 9): (1552, 1), (2220, 1), (2509, 1), (4833, 1), (6020, 1), (7706, 1), (8264, 1), (8793, 1), (8840, 1)
senn (DF: 2): (1485, 1), (7837, 1)
senorita (DF: 2): (7178, 1), (8226, 1)
sens (DF: 127): (2, 1), (3, 1), (201, 1), (237, 1), (410, 3), (568, 1), (622, 1), (639, 1), (735, 1), (780, 1), (809, 1), (817, 1), (861, 2), (863, 2), (939, 3), (1000, 3), (1122, 2), (1136, 1), (1323, 1), (1511, 2), (1540, 1), (1573, 2), (1578, 1), (1618, 2), (1705, 1), (1757, 1), (1807, 1), (1824, 1), (1988, 2), (2015, 2), (2082, 1), (2102, 2), (2126, 1), (2177, 3), (2333, 1), (2334, 2), (2350, 1), (2386, 4), (2438, 6), (2445, 1), (2466, 4), (2531, 3), (2555, 1), (2624, 1), (2634, 1), (2684, 1), (2694, 1), (2788, 1), (2789, 2), (2827, 4), (2835, 6), (2871, 2), (2878, 1), (2993, 1), (3274, 1), (3403, 2), (3433, 6), (3540, 1), (3617, 2), (3687, 9), (3802, 1), (3865, 1), (3938, 1), (3985, 1), (4047, 1), (4057, 3), (4080, 1), (4132, 1), (4133, 1), (4165, 1), (4260, 1), (4269, 1), (4291, 2), (4294, 3), (4331, 1), (4407, 1), (4427, 1), (4519, 1), (4604, 1), (4654, 1), (4681, 1), (4712, 2), (4739, 1), (4764, 1), (4844, 1), (4878, 1), (4881, 1), (4913, 4), (4966, 1), (5001, 2), (5064, 3), (5092, 1), (5413, 1), (5419, 1), (5434, 1), (5469, 1), (5509, 1), (5779, 1), (5781, 1), (5825, 3), (5853, 1), (5891, 1), (6006, 1), (6065, 1), (6121, 1), (6247, 1), (6575, 2), (6624, 1), (6654, 1), (6691, 1), (6703, 1), (6722, 1), (6785, 1), (6847, 1), (6901, 1), (6919, 3), (6944, 6), (7247, 1), (7281, 1), (7429, 6), (7644, 4), (7666, 1), (7672, 1), (7700, 1), (7903, 1), (8135, 1), (8198, 1)
