pregunt (DF: 22): (8131, 1), (8140, 1), (8171, 2), (8278, 3), (8342, 2), (8406, 8), (8719, 2), (9012, 3), (9060, 3), (9225, 2), (9309, 1), (9430, 1), (9444, 1), (9470, 1), (9516, 1), (9568, 3), (9636, 4), (9652, 3), (9697, 6), (9786, 22), (9802, 4), (9916, 1)
pregunta (DF: 3): (2210, 1), (6947, 1), (8909, 2)
preguntal (DF: 9): (53, 1), (178, 1), (2785, 1), (3399, 1), (4507, 2), (6768, 1), (7863, 4), (8922, 24), (9431, 1)
preguntart (DF: 3): (2429, 1), (3697, 1), (6939, 4)
preguntas (DF: 1): (4504, 1)
preguntenl (DF: 1): (5735, 1)
preis (DF: 3): (3123, 1), (3212, 1), (6430, 4)
preisgeb (DF: 1): (246, 1)
preisgeld (DF: 1): (4816, 1)
prejudic (DF: 6): (2636, 1), (2847, 1), (5494, 1), (6742, 1), (7559, 1), (8806, 1)
prejuici (DF: 1): (5991, 1)
prejuízo (DF: 1): (9087, 1)
prejú (DF: 1): (5271, 2)
preliminar (DF: 1): (4357, 1)
prem (DF: 4): (5370, 1), (5392, 3), (6395, 1), (8264, 1)
prematur (DF: 1): (6395, 1)
preme (DF: 3): (7070, 1), (7696, 1), (9838, 1)
premedit (DF: 1): (3597, 1)
premi (DF: 5): (1098, 1), (3269, 1), (4651, 3), (5563, 1), (6321, 1)
premier (DF: 3): (1790, 1), (6114, 1), (7660, 1)
premium (DF: 3): (2506, 1), (3486, 1), (7455, 1)
premo (DF: 2): (2880, 1), (4645, 1)
premonit (DF: 6): (2265, 1), (3152, 1), (3764, 1), (3809, 1), (6128, 1), (7839, 1)
pren (DF: 1): (4197, 1)
prend (DF: 111): (53, 2), (276, 1), (353, 1), (524, 2), (567, 6), (598, 2), (651, 3), (676, 2), (858, 1), (1008, 56), (1022, 1), (1259, 2), (1284, 3), (1441, 2), (1474, 1), (1485, 3), (1519, 12), (1584, 2), (1850, 1), (1987, 1), (2033, 1), (2034, 2), (2518, 1), (2662, 1), (2743, 1), (2814, 1), (3090, 1), (3219, 40), (3269, 2), (3290, 1), (3308, 1), (3316, 2), (3342, 1), (3351, 1), (3587, 2), (3972, 1), (4032, 1), (4081, 3), (4086, 5), (4088, 3), (4186, 2), (4587, 1), (4591, 2), (4605, 2), (4790, 2), (4846, 1), (4873, 5), (4948, 1), (5035, 6), (5109, 3), (5116, 8), (5218, 4), (5224, 2), (5352, 1), (5439, 2), (5502, 1), (5588, 1), (5592, 1), (5740, 1), (5894, 1), (6025, 1), (6270, 1), (6588, 6), (6650, 4), (6659, 5), (6691, 1), (6871, 1), (6909, 5), (7016, 1), (7028, 2), (7068, 4), (7274, 4), (7281, 2), (7367, 4), (7526, 1), (7533, 2), (7607, 1), (7646, 2), (7734, 2), (7851, 1), (7925, 7), (7948, 1), (7953, 2), (7989, 5), (8036, 6), (8039, 1), (8054, 1), (8218, 4), (8278, 2), (8353, 2), (8406, 4), (8415, 4), (8466, 3), (8478, 2), (8945, 1), (8994, 9), (9039, 3), (9185, 5), (9318, 2), (9334, 4), (9534, 1), (9558, 6), (9671, 1), (9697, 3), (9740, 2), (9818, 1), (9864, 1), (9884, 1), (9974, 4), (3875, 1), (3876, 1)
prenda (DF: 1): (5118, 2)
prendan (DF: 1): (299, 1)
prendel (DF: 4): (1519, 4), (4186, 4), (5502, 2), (9534, 2)
prendem (DF: 2): (6326, 1), (6438, 1)
prendemo (DF: 1): (2205, 1)
prender (DF: 1): (2277, 1)
prendet (DF: 7): (707, 2), (1079, 1), (2877, 1), (3586, 4), (4081, 1), (8466, 1), (9302, 2)
prendi (DF: 3): (6243, 1), (9040, 2), (9719, 1)
prendida (DF: 1): (2843, 1)
prendiendo (DF: 1): (9474, 2)
prendim (DF: 2): (7820, 1), (9222, 2)
prendr (DF: 4): (649, 1), (3213, 3), (6425, 1), (9757, 1)
prendí (DF: 1): (9095, 1)
prenon (DF: 1): (4986, 4)
prenot (DF: 1): (3316, 1)
prens (DF: 3): (2316, 1), (4009, 1), (9516, 1)
prensado (DF: 1): (9494, 1)
prenup (DF: 1): (332, 1)
preoccup (DF: 2): (3972, 2), (5187, 1)
preoccupi (DF: 1): (9846, 1)
preocup (DF: 19): (24, 2), (178, 1), (217, 1), (252, 2), (1022, 1), (2070, 1), (3908, 1), (4591, 5), (4860, 1), (5991, 1), (6239, 3), (7435, 4), (7982, 1), (7993, 1), (8047, 1), (8188, 1), (8516, 2), (9437, 1), (9652, 2)
preocupaci (DF: 1): (2604, 1)
preocupado (DF: 2): (3007, 1), (6983, 1)
preocupação (DF: 1): (9087, 1)
preordain (DF: 1): (6931, 1)
prep (DF: 8): (2208, 1), (4916, 1), (5945, 1), (6269, 1), (6339, 1), (6889, 4), (7650, 1), (8128, 1)
prepar (DF: 48): (40, 1), (123, 3), (276, 1), (412, 2), (453, 1), (574, 1), (647, 1), (1050, 1), (1164, 1), (1580, 1), (1582, 1), (2026, 1), (2042, 1), (2121, 1), (2145, 1), (2204, 2), (2335, 2), (2891, 1), (2936, 1), (2975, 1), (3052, 1), (3076, 1), (3182, 1), (3239, 1), (3351, 1), (3388, 1), (3813, 2), (3903, 1), (4449, 1), (4664, 1), (4786, 1), (5115, 8), (5262, 1), (5566, 1), (5680, 1), (5687, 1), (5720, 1), (5763, 1), (6080, 1), (6399, 1), (6513, 2), (6527, 1), (6711, 1), (6909, 2), (6957, 4), (7017, 2), (7039, 1), (7076, 6)
