slappin (DF: 3): (2936, 1), (3037, 1), (3170, 1)
slash (DF: 16): (139, 1), (213, 3), (1404, 1), (1997, 1), (2858, 1), (3923, 1), (3999, 1), (4295, 2), (5193, 1), (5579, 1), (6376, 1), (6819, 1), (7540, 1), (7991, 1), (8666, 1), (9672, 1)
slat (DF: 1): (7650, 1)
slate (DF: 6): (2670, 1), (2820, 1), (3976, 1), (4645, 1), (5068, 1), (5426, 1)
slatt (DF: 14): (213, 2), (350, 1), (966, 3), (1375, 48), (2680, 5), (3232, 1), (4128, 1), (4820, 1), (5909, 7), (5959, 1), (6220, 1), (7046, 16), (8237, 12), (8467, 2)
slaughter (DF: 8): (416, 3), (2767, 1), (2798, 2), (3180, 2), (4971, 1), (5152, 1), (8532, 1), (9996, 1)
slaughterhous (DF: 1): (4547, 1)
slauson (DF: 2): (2923, 1), (3900, 1)
slav (DF: 1): (3437, 1)
slave (DF: 36): (563, 3), (601, 1), (627, 20), (671, 1), (804, 1), (868, 1), (999, 6), (1713, 1), (1928, 1), (1936, 1), (2032, 1), (2077, 2), (2103, 1), (2670, 1), (2871, 1), (3484, 10), (3628, 1), (3946, 1), (4074, 2), (4345, 2), (4407, 1), (5230, 1), (5934, 1), (5961, 1), (6010, 1), (6867, 1), (7182, 1), (7296, 2), (7589, 3), (7594, 1), (7805, 1), (8156, 1), (8881, 1), (9283, 2), (9538, 1), (9848, 1)
slavengedrag (DF: 1): (6008, 1)
slaveri (DF: 8): (742, 1), (1817, 1), (1856, 1), (4148, 1), (4931, 1), (5961, 1), (7943, 1), (8841, 2)
slay (DF: 19): (1084, 1), (1132, 1), (1744, 2), (1773, 2), (2263, 1), (2562, 1), (4515, 1), (5312, 1), (5722, 1), (6761, 1), (6771, 1), (7198, 1), (7214, 27), (8602, 1), (8779, 3), (8803, 4), (9061, 1), (9130, 1), (9574, 1)
slayer (DF: 1): (558, 1)
slayin (DF: 2): (159, 1), (9135, 1)
sleaz (DF: 3): (2940, 1), (5317, 1), (5361, 1)
sleazi (DF: 10): (13, 1), (553, 1), (1977, 1), (3803, 1), (3904, 1), (3986, 1), (5455, 1), (8099, 1), (9183, 1), (9659, 1)
sleazili (DF: 2): (1648, 2), (9833, 1)
sleazin (DF: 1): (3042, 1)
slecht (DF: 4): (1619, 1), (6008, 1), (7519, 1), (7547, 6)
sled (DF: 1): (5496, 3)
sledg (DF: 1): (7690, 1)
slee (DF: 1): (6362, 3)
sleek (DF: 1): (4987, 2)
sleep (DF: 246): (18, 6), (32, 2), (38, 1), (70, 1), (72, 1), (76, 1), (88, 1), (98, 1), (130, 1), (162, 7), (183, 1), (238, 5), (271, 4), (288, 1), (320, 16), (343, 1), (350, 2), (425, 1), (454, 2), (471, 1), (474, 10), (515, 2), (548, 2), (551, 1), (573, 2), (614, 1), (616, 1), (644, 44), (671, 1), (718, 1), (746, 1), (758, 2), (769, 1), (786, 1), (788, 1), (811, 1), (819, 1), (823, 1), (829, 6), (856, 1), (867, 1), (882, 1), (919, 1), (925, 2), (946, 2), (952, 4), (983, 10), (998, 1), (1019, 1), (1050, 2), (1081, 1), (1084, 1), (1106, 1), (1115, 1), (1119, 2), (1130, 2), (1138, 1), (1180, 6), (1209, 1), (1287, 1), (1310, 4), (1325, 1), (1328, 2), (1330, 1), (1339, 22), (1357, 6), (1369, 1), (1373, 15), (1400, 1), (1449, 1), (1454, 1), (1495, 3), (1507, 1), (1538, 1), (1540, 4), (1558, 1), (1575, 1), (1623, 1), (1672, 1), (1697, 2), (1744, 8), (1749, 6), (1754, 32), (1760, 1), (1794, 6), (1805, 2), (1819, 1), (1841, 1), (1867, 2), (1887, 3), (1892, 1), (1910, 1), (1955, 10), (2012, 1), (2047, 1), (2075, 1), (2082, 4), (2153, 1), (2156, 5), (2157, 2), (2160, 2), (2168, 6), (2177, 3), (2196, 2), (2214, 1), (2223, 1), (2232, 1), (2237, 1), (2244, 1), (2247, 1), (2256, 1), (2265, 1), (2273, 2), (2295, 1), (2302, 8), (2305, 1), (2355, 3), (2370, 1), (2386, 2), (2415, 1), (2419, 1), (2432, 2), (2437, 1), (2448, 1), (2492, 1), (2493, 2), (2497, 2), (2542, 2), (2544, 1), (2546, 1), (2561, 1), (2572, 1), (2587, 1), (2594, 2), (2607, 1), (2611, 1), (2627, 1), (2634, 1), (2678, 1), (2688, 2), (2706, 1), (2735, 1), (2742, 1), (2774, 44), (2786, 1), (2798, 11), (2827, 2), (2856, 1), (2890, 1), (2899, 2), (2901, 1), (2933, 2), (2962, 5), (3001, 2), (3020, 3), (3026, 1), (3032, 6), (3061, 1), (3073, 1), (3085, 2), (3094, 3), (3118, 9), (3129, 3), (3139, 2), (3147, 1), (3148, 1), (3153, 1), (3157, 4), (3168, 3), (3175, 8), (3178, 2), (3216, 2), (3310, 1), (3315, 1), (3327, 8), (3365, 2), (3383, 1), (3387, 1), (3450, 1), (3468, 1), (3483, 1), (3521, 1), (3556, 1), (3574, 1), (3661, 3), (3667, 8), (3685, 1), (3713, 1), (3721, 3), (3742, 3), (3802, 1), (3809, 7), (3811, 1), (3834, 3), (3886, 1), (3906, 12), (3910, 6), (3935, 2), (3938, 1), (3967, 1), (3971, 1), (3979, 2), (4065, 1), (4072, 4), (4092, 2), (4098, 3), (4120, 2), (4122, 1), (4142, 1), (4183, 1), (4192, 1), (4221, 2), (4248, 1), (4262, 1), (4272, 1), (4303, 1), (4319, 1), (4331, 2), (4342, 2), (4354, 4), (4377, 1), (4409, 6), (4477, 1), (4488, 1), (4523, 7), (4535, 3), (4547, 1), (4548, 1), (4552, 1), (4561, 1), (4565, 1), (4570, 1), (4589, 1), (4601, 1), (4627, 1), (4652, 1), (4674, 1), (4696, 1), (4708, 1), (4721, 2), (4727, 4), (4731, 2), (4740, 1), (4762, 1), (4772, 5), (4778, 1)
