lunch (DF: 18): (5413, 1), (5591, 2), (5728, 1), (5876, 1), (6151, 1), (6396, 1), (6445, 1), (6535, 10), (6638, 1), (6704, 2), (7136, 1), (7514, 1), (7917, 1), (8214, 1), (8383, 1), (8755, 1), (8965, 1), (9403, 1)
lunchabl (DF: 1): (4261, 1)
lunchmoney (DF: 1): (3005, 1)
lund (DF: 3): (49, 1), (4255, 1), (5260, 1)
lune (DF: 1): (3660, 1)
luned (DF: 3): (7251, 3), (8777, 1), (9738, 1)
lunetiers (DF: 1): (8198, 1)
luney (DF: 3): (4034, 1), (6001, 1), (6339, 1)
lung (DF: 69): (40, 4), (288, 1), (379, 1), (386, 1), (421, 1), (554, 2), (592, 2), (800, 1), (898, 3), (915, 1), (1124, 1), (1144, 1), (1485, 1), (1771, 1), (1792, 1), (1857, 2), (1964, 1), (2185, 3), (2335, 2), (2446, 1), (2556, 4), (2767, 1), (2852, 1), (2982, 4), (3272, 1), (3484, 3), (3581, 1), (3628, 1), (3771, 5), (3886, 1), (3951, 1), (4020, 1), (4098, 2), (4345, 2), (4408, 1), (4527, 5), (4561, 3), (5082, 1), (5142, 1), (5152, 1), (5242, 9), (5347, 1), (5465, 4), (5728, 1), (5780, 1), (6135, 1), (6200, 3), (6640, 3), (6805, 1), (6812, 1), (7105, 1), (7347, 1), (7466, 1), (8028, 2), (8216, 1), (8303, 1), (8368, 1), (8419, 1), (8671, 1), (8965, 1), (9045, 3), (9071, 1), (9143, 1), (9382, 1), (9617, 1), (9664, 2), (9827, 1), (1134, 1), (1135, 1)
lunny (DF: 1): (9568, 1)
lunurin (DF: 1): (9901, 1)
luny (DF: 30): (364, 18), (476, 4), (577, 2), (1193, 6), (1563, 2), (2021, 2), (2306, 7), (2668, 1), (3358, 2), (3609, 4), (3669, 4), (3853, 1), (4034, 1), (4879, 1), (5745, 18), (5945, 1), (6001, 1), (6131, 2), (6339, 2), (6681, 2), (7395, 2), (7961, 1), (8454, 1), (8506, 3), (8846, 2), (8866, 2), (9342, 1), (9536, 2), (9719, 5), (9819, 18)
lunyy (DF: 1): (3853, 2)
luog (DF: 1): (6691, 1)
lupa (DF: 1): (871, 2)
lupang (DF: 1): (9703, 1)
lupita (DF: 1): (8666, 1)
lupus (DF: 1): (3248, 1)
lurar (DF: 1): (7428, 2)
lure (DF: 1): (9392, 1)
lurk (DF: 19): (68, 1), (738, 1), (1675, 1), (2489, 1), (2540, 2), (3191, 12), (3374, 1), (3565, 1), (3789, 1), (5190, 1), (5842, 1), (6039, 1), (6788, 1), (7024, 1), (7115, 2), (7173, 1), (8148, 1), (9036, 1), (9301, 1)
lurkin (DF: 4): (2064, 1), (5018, 1), (5024, 3), (7249, 2)
luscious (DF: 2): (4008, 1), (6568, 1)
lush (DF: 13): (546, 1), (1660, 6), (2067, 6), (2280, 1), (3005, 1), (4144, 9), (5818, 1), (7584, 1), (7891, 1), (8142, 1), (8642, 1), (8915, 1), (9655, 1)
lust (DF: 56): (18, 1), (592, 2), (625, 1), (641, 1), (1186, 2), (1326, 1), (1629, 1), (1711, 1), (1840, 1), (1937, 1), (2104, 4), (2162, 3), (2174, 1), (2405, 1), (2500, 1), (2535, 5), (2742, 6), (2772, 2), (2795, 1), (3194, 1), (3397, 1), (3532, 1), (4083, 1), (4255, 1), (4758, 1), (4897, 1), (4922, 1), (5088, 1), (5250, 2), (5260, 1), (5426, 1), (5646, 2), (5917, 1), (6073, 1), (6493, 1), (6511, 1), (6586, 1), (6762, 1), (6824, 1), (6910, 3), (7020, 1), (7497, 1), (7556, 1), (7868, 1), (8101, 1), (8124, 34), (8228, 1), (8430, 1), (8651, 1), (8701, 5), (8969, 4), (9242, 1), (9323, 1), (9663, 1), (9700, 3), (2105, 1)
lustig (DF: 4): (1484, 1), (2328, 1), (2729, 1), (5890, 1)
lustin (DF: 1): (2832, 1)
lustra (DF: 1): (3673, 1)
lustvoll (DF: 1): (1616, 3)
lut (DF: 3): (353, 1), (4518, 1), (5224, 1)
luta (DF: 1): (6804, 1)
lutar (DF: 1): (9525, 1)
luther (DF: 10): (471, 1), (2865, 5), (4905, 2), (6789, 1), (7186, 5), (7302, 1), (7361, 3), (7945, 1), (8461, 1), (8467, 1)
lutsch (DF: 2): (1715, 1), (2170, 2)
lutscherrap (DF: 1): (1583, 1)
lutscht (DF: 2): (7278, 1), (7720, 6)
lutto (DF: 1): (8510, 1)
luv (DF: 26): (143, 2), (1226, 1), (1453, 1), (1704, 1), (1727, 1), (1949, 1), (2595, 1), (3211, 1), (3214, 1), (3722, 1), (4518, 1), (4544, 1), (4828, 49), (6064, 1), (6485, 1), (6768, 1), (6883, 1), (7504, 1), (7935, 1), (8131, 1), (8352, 1), (8883, 1), (8945, 1), (9060, 1), (9681, 21), (9818, 1)
luva (DF: 1): (4023, 2)
luvan (DF: 1): (2828, 2)
lux (DF: 5): (5412, 9), (7437, 1), (8202, 1), (9017, 1), (9816, 1)
luxi (DF: 1): (6819, 1)
luxo (DF: 1): (6500, 1)
luxuri (DF: 21): (677, 1), (714, 1), (774, 1), (987, 1), (2322, 4), (2374, 1), (2832, 1), (2974, 1), (3235, 1), (4825, 1), (4986, 2), (5441, 1), (6764, 1), (7662, 1), (8051, 10), (8209, 1), (8383, 1), (9197, 1), (9278, 1), (9758, 1), (9890, 1)
luxurios (DF: 1): (1238, 1)
luxusprobl (DF: 2): (3067, 1), (7373, 1)
luz (DF: 20): (10, 1), (127, 1), (312, 1), (489, 3), (813, 4), (889, 2), (1133, 1), (1257, 1), (1284, 2), (1653, 24), (2034, 4), (2043, 2), (2088, 1), (2242, 1), (2429, 1), (2488, 1), (2702, 6), (2711, 1), (3007, 3), (3111, 6)
