kiss (DF: 242): (7129, 4), (7131, 4), (7147, 2), (7150, 1), (7176, 2), (7182, 1), (7230, 1), (7236, 6), (7246, 1), (7262, 8), (7267, 1), (7271, 1), (7316, 1), (7341, 1), (7398, 1), (7424, 2), (7429, 8), (7432, 3), (7462, 1), (7509, 1), (7520, 1), (7564, 1), (7577, 5), (7585, 3), (7602, 4), (7663, 1), (7668, 1), (7687, 2), (7695, 2), (7698, 1), (7717, 2), (7728, 1), (7736, 1), (7747, 1), (7751, 1), (7763, 1), (7765, 10), (7803, 4), (7827, 1), (7831, 3), (7834, 1), (7849, 1), (7868, 1), (7871, 1), (7887, 5), (7913, 1), (7921, 1), (7926, 1), (7946, 1), (7960, 1), (8007, 1), (8013, 11), (8021, 1), (8024, 1), (8048, 1), (8053, 1), (8064, 6), (8080, 1), (8083, 1), (8104, 2), (8108, 2), (8151, 1), (8159, 1), (8165, 2), (8183, 1), (8239, 4), (8241, 4), (8252, 1), (8289, 18), (8295, 4), (8303, 4), (8321, 2), (8330, 1), (8345, 1), (8351, 1), (8377, 7), (8431, 3), (8441, 2), (8461, 3), (8494, 1), (8507, 2), (8523, 14), (8550, 1), (8575, 2), (8588, 1), (8600, 6), (8612, 1), (8693, 1), (8694, 1), (8708, 2), (8746, 1), (8749, 8), (8757, 1), (8760, 1), (8782, 1), (8791, 1), (8800, 7), (8827, 3), (8847, 1), (8863, 1), (8871, 1), (8888, 1), (8890, 1), (8956, 2), (8969, 1), (9024, 1), (9030, 4), (9033, 1), (9041, 4), (9045, 1), (9061, 1), (9099, 2), (9119, 1), (9140, 2), (9150, 1), (9189, 3), (9215, 3), (9242, 1), (9244, 2), (9268, 1), (9278, 1), (9295, 73), (9301, 1), (9315, 1), (9321, 21), (9380, 2), (9386, 1), (9389, 1), (9392, 8), (9394, 1), (9421, 1), (9453, 1), (9504, 1), (9522, 1), (9539, 1), (9566, 3), (9569, 1), (9587, 10), (9590, 1), (9631, 5), (9635, 1), (9663, 1), (9680, 2), (9684, 1), (9694, 1), (9707, 1), (9723, 1), (9734, 4), (9743, 1), (9748, 1), (9780, 2), (9823, 1), (9836, 6), (9857, 1), (9907, 1), (9925, 1), (9930, 1), (9961, 4), (9965, 1), (9970, 1), (9975, 1), (9991, 1), (1, 3), (2, 1), (226, 4), (228, 1), (236, 3), (237, 1), (253, 9), (255, 6), (2105, 1), (2106, 3), (2403, 8), (2404, 1), (2653, 1), (2655, 8), (2697, 1), (2698, 1), (2975, 1), (2976, 1), (3228, 2), (3230, 2), (3324, 2), (3325, 8), (3840, 19), (3842, 2), (4274, 15), (4275, 2), (4390, 1), (4391, 9), (4716, 1), (4717, 1), (4927, 2), (4930, 1), (4973, 5), (4976, 2), (5080, 3), (5081, 1), (5494, 1), (5495, 1), (5598, 2), (5599, 1), (5648, 1), (5651, 1), (5668, 1), (5670, 1), (5964, 1), (5965, 1), (6059, 15), (6060, 1), (6100, 2), (6101, 1), (6332, 2), (6333, 1), (6592, 1), (6593, 1), (6686, 1), (6687, 1), (6891, 1), (6893, 10), (7596, 1), (7597, 3), (7813, 3), (7814, 2), (8074, 1), (8077, 2), (8193, 1), (8197, 1), (8533, 2), (8534, 2), (8972, 1), (8973, 4), (9155, 2), (9159, 1), (9465, 1), (9466, 1), (163, 2), (165, 2), (166, 5), (740, 1), (741, 6), (742, 1)
kissabl (DF: 2): (497, 1), (2515, 1)
kissin (DF: 34): (264, 1), (278, 2), (440, 4), (550, 3), (603, 2), (616, 1), (672, 1), (1097, 6), (1504, 1), (1748, 1), (1882, 1), (2073, 7), (2301, 2), (3083, 1), (3325, 2), (3413, 3), (4240, 1), (4316, 1), (5200, 2), (5357, 1), (5605, 8), (5758, 1), (5865, 1), (5879, 4), (6704, 6), (6885, 2), (8046, 7), (8144, 1), (8488, 1), (8522, 1), (8956, 4), (9030, 1), (9605, 3), (9834, 1)
kissisng (DF: 1): (7553, 2)
kist (DF: 1): (5577, 4)
kit (DF: 20): (661, 4), (978, 6), (1631, 1), (1661, 1), (1799, 1), (2039, 1), (2045, 1), (2714, 1), (3565, 1), (4357, 1), (4360, 3), (5467, 1), (5606, 1), (6397, 1), (6804, 1), (7691, 1), (7812, 1), (8052, 2), (8938, 3), (9751, 1)
kita (DF: 7): (871, 1), (3887, 1), (4815, 1), (5932, 1), (6224, 2), (7990, 1), (9138, 6)
kitaab (DF: 1): (8534, 1)
kitang (DF: 2): (1489, 2), (4657, 3)
kitch (DF: 2): (711, 1), (5786, 3)
kitchen (DF: 69): (183, 1), (185, 2), (329, 6), (759, 1), (922, 1), (1031, 1), (1147, 1), (1661, 1), (1750, 2), (1891, 1), (1896, 1), (2061, 1), (2091, 2), (2223, 1), (2236, 1), (2256, 5), (2340, 1), (2411, 3), (2591, 2), (2624, 1), (2672, 1), (2679, 1), (2801, 2), (3809, 2), (4264, 1), (4319, 1), (4452, 2), (4552, 1), (4941, 3), (4972, 1), (4990, 1), (5099, 1), (5284, 2), (5315, 1), (5322, 1), (5848, 1), (5921, 4), (6128, 2), (6135, 1), (6388, 1), (6410, 1), (6695, 23), (6734, 1), (6801, 1), (6913, 1), (7106, 1), (7339, 1), (7348, 2), (7441, 1), (7443, 1), (7614, 1), (7747, 1), (7822, 1), (7888, 5), (7998, 1), (8135, 1), (8172, 1), (8470, 1), (8630, 1), (8778, 1), (8951, 4), (9153, 1), (9393, 1), (9754, 1), (9758, 1), (9785, 1), (9879, 4), (8974, 2), (8975, 1)
kite (DF: 16): (235, 1), (1703, 2), (1919, 1), (4373, 2), (4629, 1), (4641, 1), (4955, 1), (5354, 1), (5483, 1), (6652, 1), (7658, 1), (7954, 1), (8491, 1), (8510, 1), (8929, 1), (9713, 1)
kith (DF: 2): (9138, 3), (9519, 4)
kithon (DF: 1): (4421, 2)
