milfs (DF: 1): (5126, 2)
milhão (DF: 3): (2680, 1), (6234, 1), (8113, 1)
milhõ (DF: 1): (2711, 1)
mili (DF: 2): (1465, 1), (9540, 1)
milian (DF: 2): (3864, 4), (8440, 1)
miliard (DF: 1): (9912, 1)
milieu (DF: 1): (8247, 1)
milimet (DF: 1): (7634, 1)
milion (DF: 5): (1197, 1), (1531, 1), (7466, 1), (7916, 2), (9781, 1)
miliona (DF: 1): (8829, 1)
milioni (DF: 2): (7677, 1), (7916, 1)
milionário (DF: 1): (5959, 1)
milipe (DF: 1): (9980, 2)
milit (DF: 1): (3726, 1)
militar (DF: 2): (5049, 1), (5206, 1)
militari (DF: 12): (201, 1), (251, 1), (951, 5), (1166, 1), (3538, 1), (3708, 6), (5961, 1), (6061, 2), (7900, 1), (9305, 1), (9804, 1), (9945, 2)
militia (DF: 1): (5141, 1)
militia9 (DF: 1): (2771, 1)
miljoenen (DF: 1): (175, 3)
milk (DF: 21): (490, 1), (563, 1), (1050, 1), (1587, 2), (2186, 1), (4267, 5), (4629, 1), (4755, 1), (5061, 1), (5281, 1), (5565, 1), (6151, 1), (6406, 1), (6684, 1), (6829, 2), (6895, 1), (7591, 2), (7732, 1), (7934, 1), (8713, 1), (8844, 1)
milki (DF: 16): (575, 2), (1352, 1), (2910, 1), (3134, 3), (3258, 1), (3804, 1), (3958, 1), (4131, 8), (4378, 4), (4675, 1), (5705, 4), (6721, 1), (6829, 4), (7418, 1), (8180, 3), (9129, 2)
milkin (DF: 1): (9594, 1)
milkshak (DF: 1): (5140, 1)
mill (DF: 81): (9, 3), (34, 1), (246, 1), (349, 4), (350, 1), (365, 1), (598, 1), (668, 1), (673, 1), (778, 1), (805, 2), (868, 1), (920, 2), (952, 2), (1029, 1), (1031, 2), (1122, 1), (1200, 1), (1277, 1), (1410, 1), (1605, 1), (1656, 1), (1668, 2), (1715, 1), (2026, 1), (2032, 2), (2254, 1), (2440, 1), (2574, 1), (2604, 1), (2706, 1), (2899, 1), (2906, 1), (3112, 1), (3310, 1), (3311, 1), (3316, 1), (3462, 1), (3570, 4), (3589, 1), (3773, 2), (3879, 1), (3916, 2), (3972, 1), (4081, 3), (4441, 1), (4495, 1), (4827, 1), (4953, 1), (4972, 2), (5020, 1), (5206, 1), (5463, 1), (5494, 2), (5525, 4), (5570, 2), (5682, 2), (5775, 1), (5797, 7), (5801, 1), (6144, 1), (6238, 1), (6249, 4), (6319, 1), (6558, 1), (7292, 2), (7443, 1), (7554, 1), (7641, 1), (7726, 1), (7908, 2), (7953, 1), (8132, 1), (8466, 3), (8755, 1), (8932, 1), (9262, 1), (9384, 1), (9823, 1), (9906, 1), (9933, 1)
milla (DF: 1): (200, 1)
mille7 (DF: 1): (6238, 1)
millenn (DF: 1): (5392, 1)
millenni (DF: 1): (3398, 1)
millennium (DF: 19): (166, 1), (1513, 1), (1534, 1), (1612, 1), (1705, 1), (1733, 1), (2393, 1), (2901, 1), (3065, 1), (3289, 1), (3386, 1), (4477, 1), (6520, 1), (7260, 1), (7973, 1), (7977, 1), (8002, 1), (8136, 1), (8746, 1)
miller (DF: 25): (103, 1), (502, 1), (1613, 2), (2700, 2), (2868, 1), (3054, 1), (3083, 1), (3878, 1), (3944, 1), (4629, 1), (4718, 1), (6203, 1), (7001, 1), (7234, 2), (7297, 1), (7333, 1), (7436, 1), (7635, 1), (7661, 1), (8238, 1), (8663, 1), (8740, 1), (9033, 1), (9331, 1), (9953, 1)
millers (DF: 1): (6249, 4)
millesim (DF: 1): (8054, 1)
millett (DF: 2): (3935, 1), (9773, 1)
milleu (DF: 1): (2574, 2)
milli (DF: 35): (179, 6), (527, 2), (616, 1), (1277, 24), (1799, 4), (1834, 3), (2000, 2), (2001, 1), (2045, 1), (2053, 3), (2102, 1), (2208, 1), (3112, 1), (3184, 3), (3311, 3), (3408, 1), (3424, 1), (5228, 1), (5423, 1), (5463, 1), (5581, 1), (5794, 1), (5810, 2), (6558, 1), (6641, 1), (7070, 1), (7105, 1), (7454, 1), (8167, 3), (8779, 1), (8986, 4), (9093, 1), (9316, 1), (9742, 1), (9875, 1)
millian (DF: 2): (2045, 1), (4470, 1)
milliard (DF: 1): (6835, 1)
millim (DF: 1): (2687, 1)
millimet (DF: 5): (3272, 1), (4059, 1), (6266, 1), (8555, 1), (8666, 1)
millimetr (DF: 1): (3272, 1)
millimètr (DF: 1): (5206, 1)
millin (DF: 1): (1010, 1)
million (DF: 94): (44, 1), (112, 1), (177, 1), (197, 1), (248, 1), (258, 5), (294, 1), (310, 17), (324, 2), (330, 1), (344, 2), (370, 1), (446, 1), (474, 2), (535, 2), (563, 1), (579, 1), (611, 2), (618, 1), (770, 1), (801, 1), (804, 1), (823, 1), (845, 1), (938, 1), (946, 2), (960, 6), (991, 2), (1149, 3), (1218, 1), (1260, 1), (1277, 6), (1280, 4), (1342, 2), (1391, 3), (1405, 9), (1410, 1), (1457, 3), (1531, 9), (1637, 2), (1674, 12), (1692, 2), (1710, 1), (1712, 1), (1739, 1), (1805, 1), (1808, 1), (1817, 1), (1823, 1), (1829, 1), (1833, 1), (1880, 1), (1946, 1), (2002, 1), (2005, 1), (2014, 3), (2103, 1), (2129, 1), (2177, 1), (2197, 1), (2200, 6), (2225, 1), (2248, 1), (2261, 1), (2296, 4), (2326, 1), (2333, 1), (2363, 1), (2374, 1), (2382, 2), (2389, 1), (2489, 1), (2500, 1), (2524, 2), (2581, 1), (2597, 1), (2641, 2), (2646, 1), (2665, 1), (2699, 2), (2706, 1), (2778, 1), (2797, 3), (2820, 4), (2831, 1), (2914, 3), (3010, 1), (3075, 1), (3140, 1), (3152, 1), (3181, 8), (3232, 5), (3268, 3), (3311, 1)
