matur (DF: 4): (2246, 1), (4745, 1), (7448, 1), (8233, 1)
mau (DF: 8): (1740, 4), (1966, 7), (2328, 1), (2461, 2), (5471, 7), (6835, 1), (7463, 1), (8113, 1)
maud (DF: 1): (7936, 1)
maudlin (DF: 1): (5102, 1)
mauerseit (DF: 1): (7463, 1)
maui (DF: 2): (1094, 1), (1564, 1)
mauja (DF: 1): (9165, 3)
maujan (DF: 1): (8510, 1)
maul (DF: 4): (2637, 1), (3984, 4), (5049, 2), (5577, 2)
maull (DF: 1): (2414, 1)
mauri (DF: 2): (3350, 1), (9206, 1)
mauric (DF: 4): (2868, 2), (6733, 1), (7333, 2), (7850, 1)
maus (DF: 3): (1324, 1), (1484, 1), (4989, 1)
mausam (DF: 1): (9688, 9)
mausi (DF: 1): (4989, 1)
maut (DF: 1): (9688, 1)
mauv (DF: 1): (5801, 1)
mavado (DF: 1): (4827, 1)
maverick (DF: 4): (395, 1), (2879, 1), (4213, 1), (7553, 2)
mavi (DF: 1): (3201, 1)
mavrick (DF: 1): (654, 1)
mawalan (DF: 1): (9901, 1)
mawawala (DF: 1): (4910, 1)
max (DF: 46): (250, 1), (275, 1), (483, 1), (541, 1), (823, 1), (952, 4), (1161, 2), (1410, 1), (1484, 1), (1654, 1), (1700, 1), (1773, 1), (1976, 1), (2482, 1), (3726, 1), (4264, 1), (4400, 1), (4820, 1), (4905, 1), (4973, 1), (5235, 1), (5251, 1), (5345, 1), (5516, 1), (5570, 2), (5624, 1), (6612, 1), (6803, 2), (6886, 9), (6933, 1), (7006, 1), (7215, 1), (7279, 1), (7607, 1), (7863, 1), (7900, 1), (7968, 1), (7973, 1), (8596, 1), (8603, 5), (8779, 2), (9019, 1), (9199, 1), (9215, 1), (9335, 1), (9722, 1)
maxfield (DF: 1): (8953, 2)
maxi (DF: 42): (360, 1), (425, 1), (487, 1), (549, 1), (863, 1), (970, 1), (979, 1), (1480, 1), (1696, 1), (2048, 1), (2352, 1), (2912, 1), (3195, 1), (3259, 1), (3417, 1), (3560, 1), (3866, 1), (3980, 1), (4120, 1), (4898, 1), (5568, 1), (5653, 1), (5958, 1), (6262, 1), (6305, 1), (7637, 1), (7770, 1), (7870, 1), (8024, 1), (8305, 1), (8399, 1), (8537, 1), (8755, 1), (8859, 1), (9123, 1), (9137, 1), (9155, 1), (9478, 1), (9658, 1), (9779, 1), (9931, 1), (9967, 1)
maxim (DF: 3): (69, 1), (6079, 2), (7127, 12)
maximizin (DF: 1): (7007, 2)
maximum (DF: 9): (581, 1), (1707, 1), (1936, 3), (2093, 2), (7217, 2), (8299, 2), (9050, 2), (9143, 1), (9217, 1)
maxin (DF: 5): (69, 1), (352, 1), (1564, 1), (2692, 1), (2927, 1)
maxo (DF: 1): (8060, 1)
maxwel (DF: 11): (141, 2), (411, 1), (1906, 1), (3735, 1), (4068, 1), (4832, 2), (4853, 1), (6042, 1), (6861, 2), (9337, 1), (9468, 2)
maxx (DF: 2): (7006, 1), (8265, 1)
may (DF: 206): (15, 1), (50, 8), (152, 4), (183, 1), (289, 2), (337, 1), (389, 1), (391, 4), (435, 1), (455, 1), (486, 3), (495, 6), (503, 4), (601, 1), (605, 3), (641, 1), (664, 2), (690, 1), (705, 1), (726, 1), (767, 4), (770, 1), (783, 1), (805, 1), (838, 1), (863, 1), (885, 4), (923, 3), (974, 1), (1015, 1), (1032, 1), (1226, 2), (1236, 3), (1260, 4), (1294, 3), (1308, 1), (1344, 3), (1364, 1), (1417, 1), (1452, 1), (1489, 1), (1502, 2), (1513, 9), (1544, 1), (1549, 2), (1607, 1), (1615, 1), (1690, 1), (1762, 2), (1784, 2), (1852, 1), (1863, 2), (1867, 1), (1870, 1), (1925, 2), (1934, 1), (2000, 1), (2083, 1), (2093, 2), (2110, 3), (2116, 1), (2218, 1), (2244, 1), (2264, 6), (2273, 1), (2333, 1), (2399, 1), (2452, 1), (2536, 1), (2588, 1), (2592, 2), (2628, 2), (2634, 3), (2652, 2), (2676, 1), (2678, 1), (2685, 1), (2699, 4), (2707, 1), (2720, 1), (2731, 1), (2737, 1), (2853, 13), (2878, 1), (3027, 1), (3042, 1), (3047, 1), (3178, 1), (3189, 2), (3207, 2), (3238, 1), (3242, 1), (3370, 4), (3410, 1), (3566, 2), (3573, 6), (3594, 1), (3651, 2), (3701, 3), (3735, 1), (3749, 5), (3763, 1), (3789, 2), (3797, 7), (3817, 1), (3879, 1), (3887, 2), (3991, 1), (3997, 1), (4010, 1), (4047, 1), (4067, 4), (4111, 1), (4223, 8), (4252, 1), (4276, 1), (4303, 1), (4360, 3), (4376, 4), (4391, 2), (4453, 1), (4487, 1), (4525, 2), (4563, 7), (4632, 2), (4731, 1), (4808, 1), (4815, 2), (4901, 1), (4911, 6), (5014, 1), (5136, 1), (5145, 6), (5209, 1), (5301, 1), (5336, 1), (5362, 2), (5378, 1), (5389, 2), (5432, 1), (5469, 1), (5526, 1), (5543, 2), (5554, 1), (5654, 1), (5673, 1), (5692, 1), (5710, 2), (5757, 1), (5761, 2), (5767, 12), (5832, 8), (5850, 2), (5862, 1), (5995, 2), (6069, 1), (6133, 2), (6203, 1), (6296, 1), (6361, 2), (6381, 1), (6401, 1), (6439, 1), (6449, 1), (6453, 1), (6460, 1), (6484, 1), (6493, 2), (6523, 1), (6593, 2), (6638, 1), (6643, 1), (6689, 5), (6715, 1), (6769, 1), (6857, 2), (6911, 2), (6913, 1), (6960, 1), (6965, 1), (7001, 2), (7132, 1), (7135, 1), (7148, 14), (7177, 9), (7187, 1), (7248, 2), (7256, 1), (7265, 1), (7323, 1), (7328, 1), (7363, 2), (7375, 1), (7434, 1), (7448, 1), (7467, 1), (7478, 2), (7570, 2), (7631, 1), (7715, 1), (7732, 2), (7825, 1), (7829, 1), (7938, 6), (7952, 6), (8002, 1)
