pabonalex (DF: 1): (3897, 1)
paborito (DF: 1): (4815, 1)
pac (DF: 53): (179, 1), (339, 1), (574, 1), (1136, 1), (1354, 1), (1474, 1), (2058, 1), (2083, 1), (2153, 1), (2476, 1), (2760, 1), (3084, 6), (3219, 4), (3513, 1), (3521, 1), (3570, 1), (4032, 1), (4081, 1), (4188, 2), (4310, 1), (4527, 1), (4603, 1), (4731, 1), (4766, 1), (4914, 4), (4918, 2), (5014, 1), (5045, 1), (5056, 1), (5088, 1), (5436, 1), (5872, 1), (5974, 2), (6243, 1), (6846, 1), (7068, 1), (7070, 1), (7369, 2), (7459, 1), (7650, 1), (7771, 1), (7820, 1), (7988, 1), (8141, 1), (8445, 1), (8454, 1), (8466, 1), (8467, 1), (8570, 1), (8733, 1), (8780, 1), (9060, 6), (9376, 2)
paca (DF: 1): (7474, 1)
pacalyps (DF: 1): (3803, 1)
pacc (DF: 2): (6631, 2), (7000, 1)
pace (DF: 54): (3, 1), (205, 2), (443, 1), (593, 2), (920, 1), (1260, 1), (1429, 1), (1466, 1), (1672, 1), (1732, 1), (2094, 3), (2311, 1), (2314, 1), (2419, 1), (2576, 1), (2676, 1), (2691, 1), (2723, 1), (2845, 1), (3040, 3), (3233, 1), (3383, 6), (3761, 4), (3961, 1), (4449, 1), (4482, 1), (4526, 3), (4537, 1), (4864, 1), (4960, 1), (4982, 1), (4988, 1), (5248, 2), (5763, 2), (6237, 1), (6407, 2), (6460, 1), (6796, 1), (6964, 1), (7410, 2), (7762, 1), (7971, 2), (8253, 3), (8502, 1), (8583, 1), (8848, 1), (8949, 1), (9377, 1), (9381, 2), (9455, 2), (9538, 1), (9687, 1), (9702, 1), (9794, 1)
pacemak (DF: 1): (803, 1)
pacewon (DF: 1): (1157, 1)
pacey (DF: 1): (7745, 1)
pach (DF: 1): (4246, 1)
pachamam (DF: 1): (353, 1)
pacheavi (DF: 1): (7222, 1)
pachel (DF: 2): (4852, 1), (5716, 1)
pachir (DF: 1): (7239, 2)
pacienci (DF: 10): (412, 2), (489, 1), (4210, 1), (5276, 1), (6152, 1), (7258, 1), (7508, 1), (8205, 1), (9428, 1), (9697, 3)
paciencia (DF: 1): (4267, 2)
pacient (DF: 3): (1788, 1), (2354, 1), (4752, 1)
pacif (DF: 13): (2117, 1), (3661, 3), (5880, 1), (6622, 1), (6757, 1), (6988, 1), (7067, 3), (7697, 1), (8055, 2), (8483, 1), (8976, 1), (9419, 1), (9668, 1)
pacifi (DF: 8): (2755, 1), (2795, 1), (3551, 1), (3698, 2), (4578, 2), (4624, 3), (6510, 1), (8309, 1)
pacifiqu (DF: 1): (9813, 2)
pacifist (DF: 1): (6756, 1)
pacin (DF: 7): (153, 2), (490, 1), (1474, 1), (5695, 1), (8121, 1), (8965, 1), (9752, 1)
pacino (DF: 4): (2472, 2), (3826, 2), (4714, 1), (6151, 1)
pacito (DF: 1): (4714, 2)
paciência (DF: 2): (2680, 1), (3692, 1)
pack (DF: 243): (13, 1), (55, 2), (148, 1), (155, 3), (181, 1), (202, 1), (213, 1), (222, 1), (245, 1), (246, 5), (260, 1), (285, 1), (303, 4), (337, 1), (379, 1), (409, 2), (449, 1), (551, 1), (581, 1), (684, 1), (719, 2), (737, 1), (768, 2), (789, 1), (808, 1), (823, 1), (904, 1), (922, 1), (1036, 1), (1084, 1), (1096, 1), (1177, 2), (1223, 1), (1247, 1), (1286, 4), (1336, 1), (1413, 3), (1451, 2), (1469, 1), (1575, 1), (1680, 1), (1718, 1), (1760, 1), (1833, 1), (1856, 1), (1880, 2), (1891, 1), (1922, 1), (2001, 1), (2050, 1), (2084, 4), (2104, 1), (2198, 1), (2220, 1), (2241, 1), (2278, 1), (2339, 1), (2385, 1), (2397, 1), (2562, 1), (2574, 4), (2575, 1), (2644, 1), (2660, 5), (2675, 1), (2697, 1), (2701, 1), (2760, 1), (2794, 1), (2801, 2), (2809, 1), (2841, 1), (2878, 1), (2887, 1), (2899, 1), (2936, 1), (2999, 1), (3068, 1), (3108, 2), (3123, 1), (3282, 2), (3381, 1), (3383, 3), (3480, 1), (3500, 1), (3507, 1), (3562, 1), (3628, 1), (3653, 1), (3671, 2), (3869, 1), (3904, 1), (3939, 1), (3962, 1), (3963, 1), (3999, 1), (4027, 1), (4030, 1), (4045, 1), (4222, 1), (4226, 1), (4269, 1), (4290, 2), (4345, 2), (4358, 1), (4371, 2), (4387, 1), (4400, 1), (4410, 2), (4452, 2), (4497, 3), (4661, 1), (4703, 3), (4803, 1), (4814, 1), (4818, 1), (4840, 4), (4905, 1), (4907, 1), (4967, 1), (5047, 1), (5051, 1), (5066, 1), (5122, 1), (5142, 1), (5170, 2), (5179, 1), (5206, 2), (5212, 1), (5228, 1), (5314, 1), (5345, 1), (5370, 1), (5425, 1), (5467, 1), (5493, 5), (5494, 1), (5513, 2), (5573, 1), (5608, 1), (5633, 1), (5664, 1), (5667, 10), (5690, 1), (5695, 2), (5715, 1), (5753, 1), (5775, 1), (5782, 24), (5842, 1), (5879, 1), (5902, 1), (5937, 1), (5974, 1), (6139, 1), (6272, 8), (6296, 1), (6327, 1), (6421, 1), (6496, 1), (6505, 2), (6569, 1), (6573, 1), (6582, 1), (6600, 1), (6629, 1), (6704, 2), (6748, 1), (6780, 2), (6799, 3), (6880, 1), (6881, 1), (6914, 1), (6959, 4), (7004, 1), (7024, 1), (7057, 1), (7178, 1), (7207, 3), (7218, 1), (7231, 2), (7242, 2), (7266, 1), (7279, 1), (7342, 3), (7387, 1), (7441, 1), (7479, 1), (7559, 1), (7580, 2), (7635, 1), (7790, 2), (7800, 1), (7829, 2), (7908, 17), (7950, 2), (7954, 1), (7966, 1), (7977, 1), (7983, 1), (8002, 4), (8079, 1), (8121, 2), (8132, 1), (8148, 1), (8226, 35), (8228, 1), (8277, 1), (8288, 1), (8321, 1), (8347, 1), (8380, 2), (8473, 2), (8532, 1), (8544, 4), (8561, 1), (8579, 2), (8686, 1), (8705, 1), (8797, 1), (8873, 1), (8959, 2), (9000, 1), (9114, 1), (9152, 2), (9183, 1), (9194, 1), (9212, 1), (9249, 1), (9263, 1), (9266, 1), (9267, 1), (9324, 1), (9348, 1), (9368, 4), (9403, 1), (9531, 1), (9608, 1), (9625, 1), (9633, 2), (9752, 1), (9870, 1), (9894, 1)
packa (DF: 1): (7603, 1)
packag (DF: 20): (327, 1), (405, 1), (1147, 1), (1336, 1), (1446, 1), (2026, 1), (2084, 1), (4107, 1), (4185, 1), (4984, 1), (5195, 1), (5902, 3), (6125, 1), (6177, 1), (6926, 1), (7090, 1), (7226, 1), (7912, 1), (8666, 1), (9379, 1)
packch (DF: 1): (7983, 1)
packet (DF: 10): (2376, 1), (2463, 1), (3108, 4), (3651, 1), (5760, 1), (6788, 1), (7017, 1), (7497, 1), (9121, 1), (9751, 1)
packin (DF: 22): (337, 1), (486, 1), (1029, 1), (1136, 1), (1801, 1), (2147, 1), (2494, 1), (2563, 1), (2733, 1), (2804, 1), (3525, 3), (3937, 2), (4503, 1), (4629, 1), (5349, 1), (5773, 1), (7276, 1), (7369, 1), (8299, 1), (8803, 4), (9846, 1), (9875, 1)
packl (DF: 1): (4816, 1)
packt (DF: 1): (6748, 1)
packung (DF: 1): (4998, 1)
pacman (DF: 1): (6748, 1)
paco (DF: 5): (1183, 1), (2039, 1), (2711, 1), (3821, 1), (5450, 1)
pacot (DF: 2): (1183, 2), (1881, 2)
pact (DF: 10): (791, 1), (1652, 1), (2416, 1), (2594, 1), (2660, 3), (4162, 2), (4804, 4), (6810, 4), (7019, 1), (9473, 2)
pacto (DF: 1): (3838, 1)
paczc (DF: 1): (6441, 1)
pad (DF: 46): (74, 2), (436, 2), (486, 1), (823, 1), (922, 1), (975, 1), (1336, 1), (1649, 1), (1887, 1), (2298, 1), (2451, 1), (2735, 1), (2927, 1), (2957, 1), (3009, 1), (3637, 2), (3677, 1), (3949, 3), (4407, 1), (4490, 1), (4491, 1), (4575, 1), (4877, 1), (5030, 2), (5529, 1), (5773, 1), (6008, 2), (6061, 2), (6086, 3), (6324, 1), (6390, 1), (6585, 1), (6610, 1), (7432, 1), (7662, 1), (8440, 2), (8455, 1), (8555, 1), (8755, 1), (8774, 1), (8917, 1), (9033, 2), (9348, 1), (9432, 1), (9729, 1), (9870, 1)
pada (DF: 6): (1918, 2), (4311, 1), (6087, 1), (7071, 1), (7912, 1), (8452, 1)
padam (DF: 1): (6007, 1)
padawan (DF: 2): (4490, 1), (7607, 1)
paddi (DF: 1): (5494, 1)
paddl (DF: 7): (975, 1), (1555, 1), (2084, 1), (4279, 4), (4641, 1), (7912, 1), (9188, 2)
paddy (DF: 1): (5525, 4)
paddywagon (DF: 1): (859, 5)
paddywhack (DF: 1): (8473, 1)
paden (DF: 1): (3748, 1)
padezc (DF: 1): (312, 1)
padezco (DF: 1): (1087, 1)
padi (DF: 2): (430, 1), (2177, 1)
padill (DF: 1): (9580, 2)
padlock (DF: 1): (7480, 1)
padr (DF: 27): (417, 1), (480, 1), (1788, 1), (1967, 2), (2530, 1), (2656, 1), (3090, 2), (3954, 1), (4544, 1), (4797, 1), (4992, 2), (5126, 1), (5276, 1), (5358, 1), (5852, 1), (6251, 1), (6626, 1), (6689, 1), (7223, 4), (7508, 2), (7526, 2), (7760, 1), (8112, 2), (8171, 1), (8255, 1), (9387, 2), (9903, 3)
padrim (DF: 2): (3467, 1), (5606, 1)
padrino (DF: 1): (3363, 1)
padron (DF: 1): (7251, 1)
padrão (DF: 1): (8363, 1)
paer (DF: 1): (4985, 1)
paes (DF: 3): (63, 1), (5187, 1), (7910, 3)
paff (DF: 1): (5051, 1)
pag (DF: 70): (53, 1), (276, 1), (283, 1), (347, 1), (364, 2), (371, 1), (399, 1), (711, 2), (871, 1), (1005, 1), (1046, 2), (1141, 1), (1379, 6), (1424, 1), (1524, 1), (1631, 2), (1848, 1), (1939, 1), (3351, 1), (3504, 6), (3816, 21), (3853, 3), (3887, 5), (3916, 1), (4289, 1), (4419, 1), (4434, 1), (4657, 1), (4815, 1), (4910, 1), (4916, 1), (5126, 1), (5174, 1), (5224, 3), (5358, 1), (5852, 1), (5990, 1), (6041, 1), (6224, 8), (6414, 1), (6436, 6), (6826, 5), (6884, 7), (6889, 1), (6928, 2), (7016, 2), (7068, 1), (7171, 1), (7380, 2), (7466, 6), (7508, 1), (7854, 1), (7863, 1), (7948, 1), (7993, 2), (8001, 1), (8047, 2), (8353, 1), (8526, 1), (8580, 4), (8768, 1), (9185, 1), (9246, 1), (9252, 2), (9259, 1), (9496, 1), (9606, 1), (9690, 6), (9740, 1), (9901, 2)
paga (DF: 2): (3955, 1), (9860, 2)
pagai (DF: 1): (3471, 1)
pagam (DF: 3): (2033, 6), (5352, 6), (8036, 6)
pagan (DF: 5): (404, 2), (2960, 1), (6922, 1), (7776, 1), (9339, 2)
pagando (DF: 1): (7270, 1)
pagar (DF: 2): (9087, 2), (9525, 1)
pagbabalik (DF: 1): (9528, 1)
pagbigyan (DF: 1): (8490, 1)
page (DF: 108): (56, 1), (106, 1), (267, 2), (279, 1), (304, 2), (407, 1), (471, 1), (482, 1), (549, 1), (754, 2), (780, 1), (819, 1), (1053, 1), (1073, 2), (1075, 2), (1350, 1), (1361, 1), (1700, 1), (1767, 1), (1784, 1), (1816, 1), (1904, 4), (2025, 1), (2048, 1), (2131, 1), (2143, 1), (2199, 1), (2206, 1), (2235, 2), (2355, 3), (2542, 1), (2622, 3), (2696, 2), (2746, 1), (2870, 1), (2871, 1), (2907, 4), (2989, 3), (2995, 1), (3044, 1), (3238, 1), (3334, 6), (3625, 1), (3779, 1), (3861, 1), (3896, 1), (4212, 2), (4250, 1), (4349, 2), (4490, 2), (4626, 4), (4663, 4), (4695, 1), (4696, 1), (4739, 1), (4875, 1), (4984, 1), (5327, 2), (5372, 4), (5413, 1), (5418, 1), (5591, 4), (5615, 2), (5624, 2), (5694, 1), (5795, 1), (5983, 1), (6089, 1), (6363, 1), (6406, 1), (6536, 1), (6639, 1), (6755, 1), (6814, 2), (6922, 1), (7027, 1), (7123, 1), (7249, 6), (7360, 1), (7459, 1), (7465, 1), (7606, 2), (7913, 2), (7960, 1), (8381, 1), (8387, 1), (8398, 4), (8450, 1), (8551, 1), (8842, 1), (8904, 1), (8920, 2), (9013, 1), (9169, 1), (9173, 4), (9290, 3), (9339, 2), (9353, 1), (9372, 1), (9382, 1), (9418, 2), (9549, 1), (9624, 1), (9628, 1), (9702, 3), (9751, 1), (9822, 1), (9925, 2)
pageant (DF: 5): (5902, 1), (7811, 1), (7977, 1), (8981, 1), (9728, 1)
pageantri (DF: 1): (5361, 1)
pager (DF: 9): (731, 1), (2995, 7), (4600, 1), (6086, 1), (6457, 3), (7829, 1), (8326, 1), (9010, 1), (9379, 1)
pagez (DF: 1): (2501, 1)
paghamon (DF: 1): (9703, 1)
pagibig (DF: 1): (4657, 4)
pagikot (DF: 1): (4657, 1)
pagin (DF: 6): (2316, 1), (3491, 1), (3717, 1), (3803, 1), (4382, 2), (6466, 3)
pagkagg (DF: 1): (4815, 1)
