rule (DF: 160): (1374, 6), (1435, 2), (1490, 1), (1497, 2), (1600, 1), (1739, 2), (1777, 2), (1870, 1), (1969, 1), (2019, 2), (2061, 1), (2102, 7), (2109, 1), (2143, 8), (2195, 2), (2286, 1), (2319, 2), (2418, 2), (2591, 4), (2649, 1), (2790, 1), (2808, 1), (2851, 1), (2932, 1), (2940, 1), (2980, 1), (2987, 1), (3186, 1), (3206, 1), (3294, 1), (3361, 1), (3482, 1), (3709, 1), (3721, 12), (3726, 2), (3743, 1), (3856, 2), (3899, 1), (3995, 1), (4030, 1), (4072, 1), (4102, 1), (4127, 2), (4134, 1), (4154, 3), (4196, 1), (4249, 4), (4526, 1), (4579, 1), (4593, 3), (4807, 1), (4871, 6), (4874, 1), (4887, 1), (4897, 6), (4926, 1), (5012, 1), (5041, 2), (5099, 1), (5227, 4), (5251, 1), (5273, 1), (5314, 1), (5317, 1), (5345, 1), (5412, 36), (5421, 4), (5472, 1), (5488, 41), (5560, 1), (5752, 1), (5758, 1), (5800, 1), (5872, 1), (5930, 1), (6051, 2), (6064, 1), (6130, 2), (6256, 1), (6317, 1), (6367, 1), (6431, 1), (6461, 1), (6478, 1), (6495, 1), (6546, 1), (6589, 3), (6603, 1), (6709, 2), (6714, 6), (6718, 2), (6728, 1), (6763, 4), (6801, 1), (6890, 1), (6919, 2), (6945, 4), (6963, 2), (6966, 1), (6979, 1), (7012, 1), (7080, 2), (7091, 1), (7092, 3), (7134, 1), (7138, 1), (7160, 1), (7226, 1), (7298, 2), (7352, 2), (7444, 3), (7549, 1), (7597, 2), (7599, 1), (7644, 4), (7706, 1), (7715, 1), (7810, 9), (7934, 1), (7975, 2), (8030, 1), (8078, 1), (8123, 1), (8135, 1), (8257, 1), (8286, 2), (8297, 14), (8300, 2), (8341, 1), (8376, 2), (8404, 6), (8472, 2), (8591, 1), (8685, 11), (8743, 1), (8788, 1), (8921, 1), (8950, 2), (9066, 1), (9110, 5), (9194, 1), (9212, 1), (9284, 1), (9324, 1), (9335, 1), (9394, 1), (9408, 2), (9681, 1), (9889, 1), (9911, 2), (9935, 2), (9947, 1), (9993, 2), (9997, 4), (5210, 1), (5211, 1), (6172, 1), (6173, 1), (7078, 1), (9404, 2)
rulebook (DF: 1): (9169, 1)
ruler (DF: 17): (975, 1), (1564, 1), (2075, 1), (5390, 1), (5412, 18), (5570, 6), (6040, 1), (6071, 1), (6157, 1), (6380, 1), (6497, 1), (6837, 1), (7492, 1), (7969, 1), (8467, 1), (9349, 2), (9742, 1)
rulet (DF: 3): (2136, 1), (5574, 1), (8188, 2)
ruller (DF: 2): (229, 1), (4295, 1)
rullin (DF: 1): (8208, 1)
ruloni (DF: 1): (4761, 1)
rum (DF: 34): (346, 1), (611, 4), (905, 1), (1292, 4), (1303, 2), (1477, 1), (1574, 2), (2050, 1), (2461, 1), (2535, 1), (2690, 4), (2746, 1), (3009, 1), (3826, 2), (4044, 4), (4185, 1), (4707, 12), (4931, 1), (5017, 1), (5589, 1), (5621, 1), (5720, 1), (6600, 1), (7306, 1), (7720, 1), (8026, 1), (8948, 4), (9125, 2), (9271, 1), (9408, 1), (9500, 1), (9638, 18), (9788, 1), (9999, 2)
rumb (DF: 55): (216, 1), (312, 1), (403, 1), (628, 3), (762, 9), (1366, 1), (1411, 1), (1478, 1), (2090, 1), (2114, 2), (2275, 7), (2604, 2), (2743, 1), (2792, 2), (2877, 1), (3308, 1), (3421, 1), (4186, 4), (4219, 1), (4347, 1), (4423, 2), (4908, 8), (5174, 2), (5945, 6), (6041, 2), (6131, 1), (6399, 2), (6645, 2), (6681, 1), (6862, 1), (7068, 2), (7309, 1), (7455, 1), (7676, 1), (7851, 6), (7961, 2), (8128, 1), (8171, 4), (8242, 1), (8406, 6), (8454, 4), (8478, 2), (8506, 1), (8606, 2), (8719, 2), (8785, 9), (8866, 1), (9039, 18), (9384, 3), (9430, 2), (9469, 11), (9534, 2), (9558, 6), (9882, 1), (9939, 3)
rumba (DF: 1): (2476, 16)
rumballert (DF: 1): (8670, 1)
rumber (DF: 1): (9179, 1)
rumbettelnd (DF: 1): (6835, 1)
rumbi (DF: 5): (4780, 6), (7851, 1), (8606, 12), (9039, 3), (9939, 1)
rumbl (DF: 20): (958, 4), (1436, 1), (1552, 1), (1773, 1), (1971, 1), (2666, 1), (3238, 1), (3483, 1), (3601, 2), (3884, 3), (4051, 1), (4720, 1), (5226, 1), (6558, 2), (7540, 1), (7707, 1), (8662, 1), (8708, 1), (8822, 1), (8850, 1)
rumblin (DF: 3): (1899, 1), (2378, 1), (3919, 1)
rumbon (DF: 1): (5945, 1)
rumgelutscht (DF: 1): (493, 1)
rumgesplifft (DF: 1): (3466, 1)
rumgestohn (DF: 1): (1845, 1)
rumheiz (DF: 1): (3462, 1)
rumiel (DF: 1): (5574, 1)
rumlauft (DF: 1): (1845, 1)
rumm (DF: 1): (4651, 1)
rummag (DF: 7): (251, 1), (1166, 1), (3745, 1), (7758, 1), (9305, 1), (9804, 1), (9945, 2)
rummi (DF: 1): (7418, 2)
rumor (DF: 41): (217, 1), (522, 1), (562, 3), (792, 2), (867, 1), (1098, 3), (1134, 1), (1465, 1), (1848, 1), (2151, 1), (2424, 2), (2819, 2), (3278, 2), (3491, 1), (3727, 1), (3815, 3), (3941, 1), (4250, 1), (4337, 2), (4632, 2), (4641, 1), (4982, 1), (5095, 2), (5106, 1), (5434, 1), (6041, 2), (6352, 1), (6475, 1), (6559, 3), (6568, 1), (6799, 1), (6837, 1), (6858, 1), (7279, 1), (7703, 1), (8273, 7), (8949, 2), (9310, 2), (9662, 1), (9671, 1), (9946, 1)
rumorsbitch (DF: 2): (1216, 1), (8592, 1)
rumour (DF: 1): (5, 1)
