damn (DF: 174): (7788, 3), (7797, 4), (7804, 1), (7806, 3), (7815, 1), (7831, 6), (7908, 7), (7926, 1), (7945, 1), (7960, 2), (7971, 2), (8009, 1), (8060, 2), (8081, 2), (8083, 1), (8089, 1), (8135, 1), (8167, 6), (8195, 3), (8253, 3), (8299, 1), (8326, 7), (8347, 7), (8359, 2), (8361, 1), (8374, 3), (8383, 1), (8391, 2), (8394, 2), (8397, 1), (8418, 4), (8433, 1), (8444, 11), (8467, 1), (8470, 1), (8524, 8), (8531, 1), (8536, 2), (8538, 1), (8547, 1), (8555, 1), (8575, 1), (8588, 1), (8593, 2), (8602, 1), (8614, 1), (8620, 1), (8631, 1), (8641, 2), (8669, 1), (8687, 1), (8705, 1), (8722, 2), (8736, 1), (8774, 1), (8781, 1), (8795, 16), (8800, 7), (8807, 2), (8809, 2), (8830, 2), (8831, 1), (8842, 1), (8860, 6), (8870, 1), (8879, 2), (8885, 4), (8889, 1), (8893, 1), (8900, 1), (8951, 2), (8955, 3), (8960, 1), (8969, 7), (8980, 1), (9000, 1), (9010, 1), (9041, 4), (9057, 4), (9063, 1), (9073, 1), (9100, 1), (9119, 1), (9121, 2), (9129, 2), (9140, 1), (9141, 1), (9154, 1), (9183, 1), (9232, 2), (9256, 1), (9268, 2), (9271, 1), (9273, 1), (9288, 1), (9290, 1), (9300, 2), (9301, 1), (9315, 1), (9326, 2), (9357, 2), (9361, 9), (9372, 1), (9379, 1), (9394, 6), (9408, 2), (9424, 3), (9435, 1), (9520, 2), (9574, 1), (9584, 1), (9605, 1), (9625, 1), (9632, 1), (9645, 3), (9646, 1), (9650, 2), (9687, 1), (9701, 1), (9711, 9), (9713, 2), (9726, 2), (9740, 15), (9742, 4), (9758, 1), (9759, 1), (9763, 1), (9801, 1), (9808, 1), (9813, 2), (9820, 1), (9832, 1), (9866, 1), (9873, 1), (9879, 2), (9894, 1), (9913, 2), (9915, 1), (9922, 2), (9977, 8), (9993, 1), (280, 2), (281, 1), (691, 1), (692, 1), (1110, 1), (1111, 2), (1334, 4), (1336, 5), (1409, 1), (1410, 1), (1997, 3), (1999, 1), (2332, 1), (2333, 2), (2422, 1), (2423, 1), (2476, 1), (2477, 1), (2519, 2), (2520, 34), (2592, 1), (2593, 1), (3167, 1), (3169, 2), (3909, 1), (3910, 2), (7292, 1), (7293, 1), (8442, 1), (8876, 5), (8878, 1), (9043, 1), (9267, 1)
damni (DF: 1): (446, 1)
damnit (DF: 2): (3811, 1), (4045, 1)
damon (DF: 2): (183, 1), (8298, 1)
dampfick (DF: 1): (5559, 1)
damselfli (DF: 1): (7181, 1)
damso (DF: 1): (4308, 1)
damus (DF: 1): (441, 1)
dan (DF: 86): (43, 2), (53, 1), (175, 1), (283, 2), (364, 2), (393, 1), (579, 1), (852, 2), (1077, 4), (1243, 1), (1432, 4), (1619, 1), (1638, 1), (2048, 1), (2098, 3), (2210, 1), (2260, 1), (2414, 1), (2588, 2), (2604, 6), (2674, 1), (2967, 1), (3279, 2), (3390, 1), (3453, 3), (3513, 1), (3660, 2), (3723, 1), (4188, 2), (4284, 1), (4288, 7), (4476, 17), (4511, 1), (4532, 1), (4675, 1), (4678, 2), (4845, 1), (4855, 1), (4991, 1), (5121, 1), (5156, 1), (5281, 1), (5306, 2), (5358, 1), (5399, 1), (5731, 1), (5792, 1), (6008, 4), (6151, 1), (6184, 1), (6303, 2), (6606, 1), (6641, 1), (6947, 1), (6961, 1), (7042, 1), (7380, 2), (7392, 4), (7421, 16), (7454, 2), (7487, 1), (7519, 3), (7570, 1), (7904, 6), (7925, 1), (8009, 1), (8036, 1), (8218, 1), (8278, 1), (8418, 1), (8518, 6), (8624, 1), (8632, 1), (8713, 2), (8719, 4), (8787, 4), (8817, 1), (8909, 2), (9196, 1), (9246, 1), (9352, 1), (9431, 1), (9595, 2), (9688, 1), (9882, 3), (9929, 8)
dana (DF: 1): (8858, 3)
danach (DF: 12): (1583, 1), (2050, 1), (2376, 1), (3048, 6), (3067, 1), (3962, 1), (6139, 1), (7287, 2), (7373, 1), (7479, 1), (7983, 1), (8247, 4)
danada (DF: 1): (7649, 2)
danadinha (DF: 1): (8858, 3)
danado (DF: 1): (8113, 1)
danc (DF: 119): (1, 1), (4, 2), (8, 4), (11, 1), (15, 1), (22, 1), (27, 1), (39, 7), (48, 2), (65, 1), (74, 2), (79, 1), (81, 1), (82, 2), (93, 1), (102, 2), (107, 1), (116, 9), (119, 2), (124, 1), (131, 2), (148, 1), (153, 4), (157, 6), (176, 2), (178, 1), (181, 1), (191, 2), (212, 1), (226, 2), (230, 2), (231, 1), (239, 1), (242, 1), (271, 2), (285, 1), (289, 1), (306, 1), (319, 2), (329, 2), (334, 1), (335, 2), (341, 1), (372, 2), (379, 5), (380, 1), (386, 2), (393, 13), (398, 2), (419, 1), (424, 2), (432, 2), (436, 4), (441, 2), (448, 1), (452, 1), (459, 2), (469, 1), (476, 1), (485, 1), (496, 2), (498, 1), (511, 1), (514, 4), (519, 2), (527, 1), (544, 1), (547, 2), (552, 7), (559, 4), (567, 1), (570, 4), (577, 1), (585, 2), (586, 3), (614, 2), (656, 2), (659, 3), (677, 1), (697, 1), (701, 2), (714, 2), (721, 2), (727, 2), (732, 1), (739, 1), (741, 2), (745, 32), (763, 2), (767, 2), (777, 2), (785, 2), (788, 2), (819, 1), (848, 45), (854, 2), (868, 1), (872, 18), (876, 1), (884, 1), (894, 2), (897, 2), (904, 1), (907, 2), (925, 1), (926, 1), (944, 17), (948, 1), (955, 1), (965, 6), (985, 2), (987, 2), (1028, 1), (1050, 2), (1057, 1), (1062, 2), (1067, 1), (1071, 1), (1078, 2)
