secondhand (DF: 2): (25, 2), (241, 1)
secret (DF: 266): (13, 1), (18, 13), (59, 1), (145, 2), (153, 2), (180, 1), (284, 18), (286, 2), (327, 1), (378, 2), (414, 1), (516, 1), (522, 1), (592, 2), (616, 1), (668, 1), (742, 1), (787, 1), (833, 1), (910, 1), (937, 2), (1004, 1), (1051, 1), (1059, 1), (1102, 2), (1109, 1), (1248, 2), (1282, 1), (1312, 1), (1410, 1), (1533, 3), (1536, 1), (1594, 1), (1652, 1), (1656, 1), (1662, 3), (1665, 8), (1680, 1), (1681, 1), (1699, 3), (1728, 2), (1764, 1), (1871, 1), (1887, 1), (1939, 4), (1964, 1), (1976, 6), (2003, 1), (2004, 4), (2006, 2), (2065, 1), (2068, 1), (2113, 14), (2151, 1), (2183, 3), (2219, 1), (2256, 2), (2351, 1), (2362, 1), (2386, 6), (2396, 2), (2408, 4), (2441, 1), (2478, 1), (2488, 1), (2536, 1), (2570, 1), (2571, 3), (2692, 1), (2701, 1), (2760, 1), (2846, 1), (2875, 2), (2877, 1), (2900, 1), (2907, 8), (2914, 1), (2938, 1), (2948, 2), (2968, 4), (2974, 18), (3033, 1), (3076, 2), (3119, 1), (3138, 1), (3195, 1), (3202, 2), (3282, 2), (3300, 1), (3344, 1), (3358, 1), (3376, 6), (3429, 6), (3488, 2), (3503, 1), (3507, 1), (3535, 2), (3542, 2), (3563, 1), (3580, 12), (3597, 1), (3607, 1), (3609, 2), (3678, 1), (3713, 1), (3749, 1), (3827, 21), (3833, 4), (3904, 1), (3912, 5), (3918, 2), (3937, 2), (3990, 2), (4012, 28), (4110, 1), (4113, 4), (4162, 2), (4209, 1), (4235, 1), (4272, 1), (4277, 4), (4332, 1), (4346, 2), (4361, 2), (4448, 1), (4574, 1), (4586, 1), (4678, 2), (4850, 2), (4886, 2), (4897, 1), (4898, 1), (4909, 1), (4954, 1), (4955, 2), (4983, 1), (4988, 1), (5024, 1), (5061, 1), (5081, 1), (5162, 1), (5198, 1), (5235, 2), (5327, 4), (5416, 1), (5451, 1), (5483, 2), (5531, 1), (5574, 1), (5635, 1), (5671, 1), (5690, 1), (5696, 2), (5714, 6), (5753, 1), (5770, 3), (5815, 1), (5862, 1), (6025, 1), (6048, 3), (6060, 1), (6077, 2), (6102, 1), (6185, 1), (6200, 1), (6242, 1), (6243, 1), (6323, 1), (6384, 8), (6559, 3), (6612, 6), (6688, 2), (6716, 2), (6765, 1), (6801, 1), (6811, 1), (6836, 1), (6840, 1), (6851, 1), (6880, 1), (6881, 2), (6962, 3), (6974, 2), (7014, 1), (7031, 3), (7036, 1), (7069, 1), (7082, 1), (7108, 1), (7295, 1), (7324, 2), (7350, 1), (7432, 1), (7498, 2), (7501, 6), (7513, 2), (7536, 1), (7558, 1), (7586, 1), (7641, 4), (7966, 1), (7972, 1), (7998, 1), (8062, 2), (8103, 1), (8131, 1), (8140, 1), (8162, 20), (8171, 4), (8182, 3), (8183, 1), (8267, 1), (8313, 3), (8410, 1), (8412, 2), (8426, 3), (8457, 1), (8550, 1), (8588, 1), (8594, 2), (8630, 1), (8657, 1), (8681, 1), (8709, 1), (8771, 1), (8772, 1), (8795, 1), (8799, 6), (8800, 1), (8806, 1), (8862, 1), (8873, 1), (8931, 2), (8940, 2), (8943, 1), (8947, 2), (9013, 1), (9045, 1), (9054, 1), (9075, 1), (9134, 1), (9141, 1), (9160, 1), (9163, 1), (9176, 1), (9177, 8), (9183, 1), (9184, 1), (9238, 1), (9353, 1), (9399, 1), (9413, 3), (9441, 1), (9488, 1), (9644, 2), (9650, 5), (9667, 1), (9668, 1), (9697, 6), (9846, 1), (9847, 1), (9890, 18), (9916, 2), (9935, 1), (9958, 1), (9988, 1)
secretari (DF: 1): (8475, 1)
section (DF: 28): (168, 1), (528, 1), (643, 2), (775, 2), (915, 1), (1084, 1), (1122, 1), (1391, 3), (1712, 1), (2091, 2), (2356, 1), (2399, 1), (2939, 1), (3084, 3), (4920, 2), (5210, 1), (5937, 1), (7537, 1), (7691, 1), (8060, 1), (8387, 1), (8492, 1), (8559, 1), (8721, 1), (8837, 1), (8969, 1), (9209, 1), (9886, 1)
sector (DF: 4): (2208, 1), (5343, 1), (8009, 1), (8128, 1)
secuel (DF: 2): (4540, 1), (6705, 1)
secuenci (DF: 1): (3104, 2)
secuestr (DF: 5): (1631, 1), (4285, 1), (5674, 1), (7003, 1), (8406, 4)
secuestrart (DF: 2): (2877, 1), (8883, 2)
secur (DF: 30): (746, 1), (1111, 1), (1620, 1), (1657, 1), (1730, 1), (2638, 3), (2669, 1), (2882, 1), (3272, 3), (3797, 1), (4105, 4), (4366, 2), (4503, 1), (4828, 1), (4837, 1), (4877, 1), (5170, 2), (5274, 3), (5456, 1), (5519, 1), (5596, 1), (6052, 2), (6441, 1), (7448, 1), (8299, 1), (9032, 1), (9143, 1), (9226, 1), (9448, 2), (9649, 1)
securr (DF: 1): (5367, 1)
sed (DF: 18): (417, 1), (1424, 1), (1907, 2), (1967, 21), (2354, 1), (3954, 1), (5439, 1), (6248, 1), (6862, 1), (7196, 1), (7251, 1), (7435, 4), (8242, 1), (9410, 1), (9575, 1), (9906, 2), (9938, 3), (9939, 2)
seda (DF: 1): (2680, 1)
sedaka (DF: 1): (4278, 1)
sedal (DF: 1): (417, 1)
sedan (DF: 1): (3152, 1)
sedat (DF: 8): (1335, 2), (2787, 1), (3251, 1), (3972, 1), (4831, 1), (5151, 1), (6457, 1), (9527, 1)
sede (DF: 2): (1415, 2), (3838, 1)
sedic (DF: 1): (3954, 1)
sedient (DF: 5): (1109, 1), (4556, 1), (4908, 2), (6872, 2), (8624, 1)
sedler (DF: 2): (3591, 3), (7200, 1)
sedna (DF: 1): (8509, 1)
seduc (DF: 25): (50, 1), (256, 1), (1061, 1), (1284, 2), (1463, 1), (1555, 1), (2316, 1), (2354, 6), (3344, 1), (4567, 8), (4702, 1), (4763, 4), (5590, 16), (5793, 1), (6043, 1), (6423, 6), (6651, 1), (7925, 1), (8218, 1), (8719, 8), (8924, 40), (8930, 1), (8994, 1), (9319, 8), (9367, 1)
seduccion (DF: 6): (117, 1), (4790, 1), (5502, 1), (7504, 1), (7925, 1), (8255, 1)
seducem (DF: 4): (4790, 1), (5881, 4), (7031, 1), (7734, 1)
seducirt (DF: 1): (4209, 1)
seduct (DF: 12): (449, 1), (457, 1), (904, 2), (1063, 1), (1272, 1), (2034, 2), (2105, 1), (3081, 1), (3865, 1), (5346, 1), (6521, 3), (7889, 4)
seduzc (DF: 1): (7641, 1)
sedúcem (DF: 2): (8765, 2), (9450, 2)
see (DF: 3314): (2, 1), (3, 2), (11, 3), (13, 8), (15, 2), (17, 7), (18, 2), (26, 12), (27, 1), (33, 4), (35, 1), (38, 1), (39, 6), (47, 2), (50, 1), (51, 1), (52, 1), (54, 2), (56, 3), (57, 4), (58, 1), (59, 3), (69, 3), (72, 4), (74, 2), (75, 9), (77, 7), (78, 2), (80, 1), (81, 1), (89, 4), (92, 2), (93, 8), (96, 1), (97, 1), (98, 2), (99, 10), (103, 1), (104, 1), (106, 4), (110, 6), (112, 3), (114, 7), (116, 5), (119, 2), (120, 2), (121, 3), (123, 2), (128, 1), (134, 3), (136, 2), (138, 1), (153, 2), (154, 2), (155, 3), (157, 2), (158, 1), (160, 1), (161, 1), (163, 12), (164, 2), (169, 6), (170, 2), (171, 6), (172, 2), (194, 2), (195, 2), (196, 4), (197, 3), (200, 1), (201, 1), (203, 3), (205, 3), (207, 1), (212, 2), (214, 2), (215, 3), (219, 6), (220, 1), (221, 2), (222, 1), (226, 2), (228, 2), (232, 1), (233, 1), (235, 4), (236, 1), (237, 1), (242, 5), (243, 1), (245, 2), (248, 4), (253, 2), (254, 1), (255, 2), (258, 5), (259, 1), (262, 4), (263, 3), (264, 1), (265, 3), (266, 1), (268, 1), (271, 4), (272, 2), (274, 2), (275, 2), (277, 1), (282, 18), (285, 1), (286, 1), (287, 4), (291, 1), (295, 1), (298, 1), (305, 2), (306, 2), (307, 3), (308, 2), (318, 1), (324, 35), (330, 3), (331, 1), (337, 3), (339, 2), (350, 1), (351, 1), (356, 4), (357, 1), (358, 1), (365, 3), (367, 6), (369, 9), (370, 2), (373, 1), (374, 5), (375, 2), (377, 1), (380, 2), (382, 6), (385, 4), (387, 3), (391, 4), (393, 3), (400, 5), (405, 20), (409, 16), (410, 14), (422, 1), (427, 2), (428, 2), (431, 6), (435, 1), (440, 3), (446, 1), (447, 4), (449, 3), (453, 4), (454, 8), (455, 4), (458, 1), (461, 1), (469, 1), (470, 2), (471, 2), (475, 1), (479, 3), (492, 1), (495, 4), (496, 4), (499, 2), (501, 1), (503, 4), (510, 3), (513, 1), (515, 2), (520, 2), (523, 1), (525, 1), (528, 1), (532, 10), (533, 2), (535, 4), (537, 5), (538, 1), (544, 6), (547, 2), (550, 9), (558, 4), (559, 4), (562, 6), (568, 3), (571, 3), (573, 2), (581, 3), (583, 1), (586, 2), (587, 2), (591, 1), (593, 3), (600, 1), (603, 2), (606, 1), (609, 2), (613, 19), (616, 3), (619, 3), (622, 1), (633, 1), (634, 1), (638, 2), (639, 1), (640, 2), (644, 4), (647, 1), (656, 2), (658, 1), (662, 2), (663, 5), (668, 3), (669, 4), (673, 3), (677, 2), (680, 2), (682, 6), (690, 1), (691, 1), (698, 10), (699, 1), (700, 6), (702, 2), (703, 1), (708, 2), (710, 1), (714, 1), (716, 1), (727, 1), (733, 1), (734, 2), (737, 1), (740, 2), (742, 4), (743, 2), (746, 24), (751, 2), (753, 3), (756, 1), (759, 3), (763, 6), (766, 2), (774, 8), (779, 2), (780, 1), (781, 2), (782, 1), (787, 2), (788, 4), (789, 1), (795, 1), (801, 3), (802, 1), (803, 1), (805, 2), (808, 1), (810, 4), (811, 1), (817, 1), (819, 1), (822, 2), (823, 1), (825, 1), (830, 2), (833, 1), (834, 1), (835, 3), (838, 3), (842, 6), (844, 5), (845, 1), (846, 1), (853, 3), (855, 1), (859, 4), (865, 3), (870, 1), (874, 1), (876, 2), (881, 11), (883, 3), (896, 1), (898, 1), (899, 7), (901, 1), (902, 2), (904, 1), (905, 3), (909, 1), (913, 1), (915, 1), (920, 1), (925, 1), (926, 1), (927, 2), (928, 3), (930, 3), (939, 1), (948, 12), (950, 1), (956, 9), (962, 1), (966, 2), (967, 4), (968, 1), (969, 1), (970, 1), (975, 2), (984, 1), (988, 5), (997, 3), (998, 1), (1001, 4), (1002, 6), (1008, 2), (1011, 4), (1019, 1), (1021, 1), (1024, 1), (1036, 1), (1037, 3), (1038, 6), (1041, 6), (1043, 4), (1045, 2), (1050, 2), (1052, 3), (1057, 1), (1058, 5), (1059, 2), (1060, 1), (1069, 1), (1076, 1), (1078, 2), (1084, 1), (1085, 1), (1088, 5), (1094, 1), (1096, 1), (1097, 18), (1100, 3), (1104, 2), (1106, 6), (1108, 2), (1111, 1), (1114, 3), (1117, 1), (1119, 3), (1120, 1), (1122, 2), (1126, 4), (1127, 2), (1136, 1), (1137, 8), (1145, 4), (1150, 1), (1151, 1), (1152, 1), (1157, 2), (1158, 3), (1163, 2), (1164, 1), (1165, 2), (1169, 2), (1171, 2), (1182, 3), (1185, 4), (1186, 4), (1188, 2), (1191, 4), (1192, 4), (1202, 4), (1203, 3), (1205, 2), (1206, 2), (1209, 6), (1212, 1), (1214, 6), (1216, 2), (1223, 5), (1234, 2), (1242, 2), (1243, 2), (1248, 1), (1249, 2), (1251, 11), (1253, 1), (1256, 1), (1260, 1), (1263, 31), (1270, 1), (1275, 9), (1279, 1), (1281, 1), (1282, 1), (1288, 1), (1290, 4), (1297, 1), (1301, 4), (1304, 2), (1308, 2), (1314, 2), (1322, 1), (1323, 2), (1326, 1), (1328, 4), (1331, 1), (1339, 6), (1350, 1), (1351, 6), (1352, 1), (1353, 57), (1354, 1), (1356, 3), (1363, 2), (1364, 1), (1371, 1), (1372, 2), (1377, 2), (1378, 4), (1381, 10), (1386, 2), (1393, 2), (1396, 1), (1401, 4), (1402, 2), (1405, 1), (1410, 2), (1420, 2), (1423, 2), (1434, 1), (1436, 1), (1437, 4), (1438, 1), (1440, 1), (1442, 1), (1452, 1), (1454, 1), (1455, 1), (1458, 1), (1462, 1), (1463, 2), (1469, 2), (1472, 6), (1473, 1), (1477, 1), (1480, 4), (1487, 6), (1488, 2), (1490, 5), (1493, 1), (1496, 1), (1497, 1), (1498, 3), (1502, 2), (1503, 11), (1508, 2), (1510, 9), (1511, 1), (1512, 4), (1513, 1), (1520, 25), (1522, 1), (1525, 2), (1526, 3), (1529, 16), (1539, 1), (1543, 1), (1545, 1), (1547, 2), (1548, 1), (1549, 1), (1551, 2), (1552, 7), (1553, 9), (1555, 2), (1556, 1), (1559, 6), (1560, 1), (1564, 1), (1570, 1), (1571, 1), (1572, 2), (1574, 1), (1578, 1), (1580, 1), (1587, 2), (1588, 1), (1590, 5), (1593, 1), (1594, 1), (1595, 2), (1597, 3), (1598, 8), (1599, 1), (1600, 3), (1601, 1), (1602, 8), (1604, 2), (1605, 2), (1607, 1), (1617, 1), (1623, 1), (1624, 3), (1629, 4), (1636, 2), (1638, 1), (1641, 2), (1642, 1), (1646, 1), (1647, 1), (1649, 1), (1656, 3), (1657, 6), (1658, 1), (1661, 1), (1666, 2), (1672, 2), (1676, 6), (1680, 4), (1681, 3), (1685, 8), (1692, 1), (1699, 1), (1704, 1), (1705, 1), (1708, 1), (1709, 1), (1711, 2), (1712, 2), (1713, 1), (1725, 18), (1728, 8), (1737, 6), (1738, 1), (1741, 2), (1744, 2), (1748, 2), (1749, 1), (1751, 4), (1754, 24), (1755, 2), (1756, 4), (1759, 4), (1761, 1), (1767, 2), (1770, 1), (1773, 2), (1776, 2), (1781, 1), (1783, 6), (1784, 1), (1785, 1), (1789, 1), (1791, 3), (1792, 1), (1793, 1), (1797, 1), (1799, 1), (1801, 1), (1813, 1), (1815, 1), (1816, 3), (1817, 1), (1820, 3), (1823, 3), (1829, 4), (1832, 1), (1833, 2), (1835, 2), (1836, 1), (1837, 1), (1839, 3), (1841, 3), (1843, 6), (1844, 1), (1846, 2), (1854, 3), (1856, 4), (1860, 1), (1861, 1), (1866, 1), (1868, 3), (1871, 2), (1873, 1), (1875, 2), (1877, 1), (1879, 43), (1880, 1), (1883, 3), (1885, 2), (1892, 1), (1894, 2), (1901, 1), (1904, 1), (1906, 2), (1908, 1), (1910, 4), (1911, 2), (1913, 1), (1916, 1), (1922, 3), (1925, 1), (1926, 2), (1930, 5), (1937, 1), (1946, 1), (1950, 6), (1951, 2), (1952, 6), (1956, 1), (1957, 2), (1961, 7), (1964, 1), (1965, 1), (1972, 2), (1975, 3), (1976, 6), (1977, 13), (1983, 3), (1984, 2), (1985, 2), (1989, 3), (1990, 2), (1994, 2), (1999, 6), (2001, 1), (2002, 2), (2006, 2), (2008, 3), (2011, 1), (2012, 2), (2017, 2), (2023, 1), (2026, 1), (2028, 3), (2030, 3), (2035, 4), (2046, 2), (2048, 1), (2049, 1), (2056, 1), (2060, 1), (2065, 1), (2068, 2), (2073, 1), (2076, 2), (2081, 1), (2083, 2), (2091, 2), (2093, 4), (2097, 4), (2099, 1), (2102, 4), (2103, 2), (2109, 2), (2112, 2), (2113, 4), (2116, 4), (2119, 8), (2120, 2), (2124, 2), (2128, 4), (2134, 1), (2135, 11), (2138, 2), (2139, 2), (2142, 1), (2143, 1), (2146, 12), (2153, 1), (2155, 1), (2166, 1), (2168, 4), (2173, 1), (2175, 2), (2177, 3), (2178, 2), (2179, 3), (2184, 1), (2185, 2), (2186, 1), (2193, 1), (2200, 1), (2201, 1), (2206, 1), (2208, 1), (2209, 2), (2213, 2), (2217, 1), (2218, 1), (2219, 3), (2227, 1), (2230, 1), (2231, 4), (2237, 1), (2240, 1), (2244, 2), (2248, 4), (2249, 2), (2251, 2), (2254, 1), (2256, 1), (2269, 1), (2272, 1), (2273, 2), (2276, 1), (2277, 1), (2278, 3), (2279, 4), (2282, 2), (2286, 1), (2288, 9), (2289, 1), (2294, 2), (2295, 1), (2304, 1), (2305, 1), (2307, 1), (2311, 1), (2313, 1), (2315, 3), (2329, 1), (2332, 1), (2333, 5), (2334, 3), (2340, 1), (2341, 3), (2347, 2), (2348, 2), (2350, 3), (2351, 1), (2353, 1), (2356, 1), (2357, 1), (2359, 2), (2361, 1), (2363, 1), (2364, 1), (2370, 5), (2374, 1), (2375, 1), (2377, 1), (2378, 2), (2381, 2), (2386, 4), (2387, 1), (2388, 2), (2391, 2), (2392, 1), (2394, 1), (2396, 2), (2397, 1), (2399, 3), (2401, 4), (2402, 6), (2405, 1), (2409, 2), (2410, 1), (2411, 1), (2412, 1), (2415, 1), (2421, 2), (2424, 2), (2427, 1), (2434, 3), (2435, 1), (2438, 17), (2442, 2), (2444, 3), (2446, 4), (2448, 6), (2452, 3), (2453, 4), (2457, 1), (2458, 2), (2462, 1), (2466, 3), (2469, 2), (2472, 2), (2474, 4), (2475, 3), (2478, 1), (2482, 8), (2486, 1), (2489, 1), (2491, 1), (2492, 1), (2493, 2), (2495, 1), (2497, 1), (2499, 2), (2500, 1), (2503, 2), (2509, 1), (2511, 2), (2514, 1), (2519, 2), (2521, 4), (2522, 12), (2533, 9), (2534, 3), (2536, 8), (2540, 14), (2541, 12), (2542, 2), (2544, 4), (2551, 2), (2556, 2), (2557, 1), (2561, 3), (2563, 1), (2566, 2), (2572, 1), (2573, 2), (2583, 6), (2586, 1), (2587, 1), (2588, 4), (2591, 2), (2592, 2), (2596, 2), (2600, 1), (2603, 3), (2605, 1), (2607, 1), (2609, 3), (2616, 1), (2624, 1), (2625, 2), (2627, 5), (2628, 31), (2630, 3), (2632, 1), (2633, 1), (2634, 10), (2639, 1), (2644, 2), (2649, 3), (2657, 1), (2660, 3), (2663, 1), (2665, 3), (2666, 1), (2669, 1), (2676, 5), (2677, 2), (2683, 10), (2686, 2), (2692, 2), (2693, 9), (2694, 1), (2696, 2), (2706, 1), (2708, 5), (2715, 2), (2719, 5), (2721, 4), (2723, 1), (2724, 1), (2725, 2), (2730, 1), (2731, 1), (2736, 3), (2737, 2), (2738, 7), (2741, 1), (2748, 1), (2751, 12), (2756, 1), (2760, 6), (2762, 7), (2764, 9), (2769, 9), (2770, 3), (2774, 12), (2776, 5), (2788, 1), (2791, 3), (2793, 1), (2799, 4), (2802, 1), (2804, 7), (2807, 1), (2808, 3), (2810, 1), (2812, 6), (2818, 1), (2819, 2), (2820, 2), (2822, 1), (2825, 1), (2827, 2), (2830, 1), (2831, 1), (2834, 4), (2836, 1), (2840, 2), (2841, 3), (2842, 5), (2845, 4), (2846, 2), (2847, 3), (2850, 4), (2852, 1), (2856, 1), (2858, 2), (2862, 3), (2865, 2), (2868, 4), (2870, 1), (2872, 1), (2874, 2), (2875, 1), (2878, 2), (2882, 1), (2883, 4), (2884, 1), (2886, 6), (2887, 1), (2888, 1), (2892, 1), (2893, 1), (2894, 1), (2895, 4), (2897, 4), (2900, 1), (2901, 1), (2907, 6), (2910, 1), (2911, 3), (2912, 2), (2916, 5), (2920, 3), (2921, 8), (2922, 1), (2927, 3), (2929, 1), (2930, 2), (2935, 2), (2936, 1), (2941, 2), (2942, 13), (2945, 1), (2949, 1), (2950, 2), (2954, 2), (2956, 2), (2963, 6), (2964, 1), (2968, 2), (2969, 4), (2975, 1), (2977, 1), (2979, 2), (2980, 3), (2981, 5), (2982, 1), (2983, 1), (2984, 1), (2991, 6), (2993, 1), (2995, 8), (3001, 1), (3009, 1), (3012, 5), (3018, 4), (3020, 12), (3022, 2), (3027, 1), (3029, 3), (3030, 3), (3043, 4), (3044, 2), (3045, 2), (3050, 2), (3051, 16), (3055, 2), (3057, 1), (3059, 3), (3061, 1), (3063, 1), (3065, 1), (3069, 1), (3072, 12), (3075, 3), (3083, 2), (3084, 3), (3087, 1), (3089, 2), (3094, 3), (3095, 2), (3097, 2), (3100, 1), (3102, 1), (3103, 2), (3109, 2), (3112, 1), (3113, 4), (3117, 1), (3122, 3), (3125, 4), (3129, 1), (3131, 2), (3132, 2), (3135, 1), (3136, 6), (3137, 1), (3138, 3), (3139, 1), (3140, 1), (3142, 5), (3144, 2), (3146, 3), (3148, 12), (3149, 1), (3152, 2), (3162, 14), (3167, 1), (3168, 2), (3169, 2), (3172, 4), (3175, 1), (3180, 4), (3181, 6), (3183, 2), (3184, 1), (3192, 1), (3193, 1), (3194, 3), (3195, 12), (3200, 1), (3202, 2), (3206, 2), (3207, 2), (3216, 1), (3223, 1), (3224, 1), (3227, 1), (3228, 2), (3229, 2), (3230, 2), (3231, 1), (3233, 3), (3234, 6), (3235, 1), (3236, 4), (3237, 10), (3238, 1), (3241, 1), (3248, 2), (3251, 1), (3252, 1), (3253, 1), (3257, 3), (3258, 1), (3260, 1), (3262, 10), (3264, 4), (3265, 2), (3266, 6), (3268, 2), (3271, 2), (3272, 4), (3274, 6), (3276, 1), (3277, 1), (3278, 2), (3280, 20), (3282, 12), (3286, 1), (3288, 1), (3291, 1), (3292, 1), (3293, 2), (3294, 1), (3296, 2), (3298, 4), (3300, 1), (3301, 1), (3302, 2), (3310, 4), (3311, 1), (3312, 3), (3318, 2), (3319, 2), (3321, 1), (3322, 5), (3329, 2), (3331, 4), (3335, 1), (3338, 2), (3339, 1), (3341, 1), (3345, 2), (3350, 2), (3362, 1), (3363, 1), (3366, 4), (3367, 2), (3370, 2), (3374, 4), (3379, 1), (3380, 2), (3388, 1), (3389, 2), (3390, 1), (3391, 3), (3393, 3), (3395, 4), (3400, 2), (3405, 1), (3410, 3), (3412, 8), (3415, 1), (3423, 1), (3428, 2), (3429, 2), (3439, 2), (3443, 2), (3452, 4), (3454, 1), (3457, 6), (3458, 3), (3461, 2), (3464, 6), (3465, 3), (3474, 1), (3476, 2), (3482, 2), (3483, 13), (3486, 2), (3490, 2), (3506, 1), (3507, 2), (3509, 7), (3510, 3), (3511, 1), (3512, 3), (3514, 1), (3515, 10), (3520, 2), (3521, 1), (3528, 1), (3529, 2), (3530, 3), (3533, 9), (3534, 4), (3535, 2), (3537, 1), (3540, 1), (3542, 1), (3543, 8), (3544, 1), (3545, 12), (3547, 1), (3548, 2), (3549, 6), (3551, 1), (3552, 3), (3557, 1), (3560, 1), (3561, 1), (3562, 2), (3564, 1), (3565, 2), (3566, 1), (3571, 7), (3577, 2), (3579, 1), (3583, 6), (3584, 2), (3589, 1), (3593, 1), (3594, 4), (3595, 1), (3597, 1), (3598, 3), (3600, 2), (3601, 2), (3606, 1), (3612, 3), (3617, 2), (3619, 2), (3620, 2), (3624, 3), (3627, 2), (3628, 2), (3629, 2), (3630, 1), (3631, 4), (3632, 2), (3634, 2), (3639, 1), (3641, 6), (3661, 1), (3662, 1), (3672, 1), (3674, 2), (3676, 4), (3677, 2), (3681, 14), (3682, 6), (3685, 4), (3688, 1), (3693, 1), (3694, 1), (3698, 2), (3700, 2), (3706, 1), (3713, 3), (3714, 2), (3715, 4), (3716, 1), (3720, 1), (3726, 2), (3727, 1), (3729, 2), (3731, 1), (3740, 1), (3742, 3), (3743, 6), (3747, 2), (3749, 1), (3753, 6), (3754, 2), (3765, 2), (3769, 1), (3774, 2), (3775, 1), (3778, 3), (3779, 4), (3780, 6), (3790, 3), (3791, 1), (3797, 2), (3798, 1), (3802, 2), (3803, 6), (3804, 4), (3807, 6), (3808, 4), (3809, 1), (3813, 1), (3814, 3), (3815, 12), (3824, 2), (3826, 2), (3827, 2), (3831, 2), (3834, 3), (3845, 2), (3846, 1), (3847, 1), (3852, 8), (3855, 2), (3857, 3), (3861, 2), (3867, 1), (3871, 1), (3882, 6), (3883, 1), (3885, 2), (3888, 1), (3889, 1), (3892, 2), (3894, 1), (3904, 8), (3906, 4), (3907, 2), (3913, 3), (3915, 2), (3917, 2), (3923, 1), (3924, 2), (3927, 1), (3929, 1), (3931, 6), (3933, 16), (3936, 8), (3937, 2), (3939, 1), (3946, 1), (3947, 1), (3950, 1), (3956, 8), (3958, 1), (3959, 2), (3963, 1), (3965, 1), (3968, 1), (3971, 1), (3979, 11), (3982, 3), (3988, 1), (3993, 3), (3997, 4), (3998, 1), (3999, 1), (4003, 1), (4006, 2), (4008, 3), (4012, 5), (4013, 1), (4019, 1), (4021, 3), (4023, 2), (4027, 7), (4037, 1), (4039, 3), (4042, 2), (4044, 1), (4045, 2), (4046, 1), (4047, 1), (4051, 1), (4053, 10), (4055, 2), (4058, 3), (4061, 25), (4062, 3), (4068, 1), (4070, 4), (4071, 1), (4072, 1), (4074, 1), (4082, 3), (4085, 1), (4091, 1), (4092, 1), (4100, 4), (4104, 1), (4110, 7), (4113, 4), (4119, 2), (4121, 3), (4123, 2), (4127, 1), (4128, 2), (4132, 6), (4134, 1), (4139, 36), (4141, 4), (4146, 11), (4148, 1), (4149, 11), (4151, 1), (4153, 6), (4155, 2), (4156, 10), (4157, 3), (4165, 1), (4166, 3), (4168, 1), (4170, 2), (4171, 9), (4173, 1), (4175, 1), (4176, 1), (4177, 3), (4182, 3), (4185, 1), (4190, 3), (4191, 8), (4199, 2), (4206, 1), (4208, 3), (4211, 1), (4213, 1), (4217, 2), (4221, 10), (4222, 2), (4224, 2), (4226, 1), (4229, 4), (4235, 4), (4237, 1), (4239, 1), (4240, 2), (4242, 2), (4243, 1), (4244, 1), (4247, 3), (4250, 1), (4254, 8), (4255, 1), (4260, 3), (4266, 1), (4269, 2), (4271, 2), (4277, 2), (4279, 2), (4282, 1), (4290, 1), (4291, 2), (4298, 3), (4301, 8), (4302, 7), (4304, 1), (4306, 3), (4310, 6), (4313, 1), (4315, 4), (4316, 3), (4319, 2), (4321, 1), (4324, 1), (4326, 1), (4328, 1), (4329, 1), (4330, 1), (4331, 6), (4333, 2), (4335, 1), (4337, 2), (4339, 2), (4341, 2), (4342, 1), (4345, 4), (4346, 1), (4348, 5), (4350, 1), (4351, 1), (4353, 1), (4364, 1), (4365, 5), (4366, 6), (4368, 1), (4370, 1), (4372, 2), (4376, 3), (4380, 6), (4381, 2), (4384, 2), (4385, 1), (4389, 1), (4393, 1), (4394, 3), (4395, 1), (4404, 1), (4409, 3), (4420, 1), (4422, 6), (4426, 2), (4427, 1), (4428, 1), (4429, 2), (4435, 1), (4438, 1), (4447, 1), (4449, 2), (4454, 5), (4460, 1), (4461, 1), (4463, 2), (4465, 1), (4468, 1), (4476, 2), (4480, 4), (4487, 1), (4488, 1), (4489, 2), (4490, 1), (4497, 3), (4500, 8), (4505, 5), (4506, 4), (4508, 2), (4513, 2), (4517, 2), (4521, 4), (4523, 1), (4525, 2), (4530, 2), (4533, 1), (4537, 6), (4542, 1), (4548, 2), (4551, 1), (4558, 28), (4564, 2), (4565, 1), (4566, 6), (4569, 3), (4572, 3), (4574, 3), (4575, 1), (4576, 1), (4580, 2), (4585, 7), (4586, 1), (4588, 6), (4589, 2), (4592, 1), (4600, 2), (4601, 4), (4603, 2), (4608, 1), (4609, 3), (4611, 2), (4612, 13), (4613, 4), (4617, 5), (4618, 2), (4619, 4), (4620, 2), (4621, 3), (4623, 1), (4624, 3), (4625, 1), (4628, 2), (4632, 2), (4634, 1), (4637, 8), (4639, 1), (4644, 5), (4646, 7), (4647, 1), (4649, 1), (4652, 1), (4653, 5), (4656, 1), (4658, 2), (4660, 2), (4662, 1), (4663, 4), (4664, 3), (4668, 2), (4669, 1), (4670, 1), (4679, 1), (4682, 2), (4687, 6), (4694, 3), (4695, 1), (4697, 2), (4699, 2), (4712, 2), (4719, 3), (4720, 1), (4721, 1), (4723, 4), (4724, 4), (4727, 1), (4728, 2), (4731, 2), (4732, 4), (4733, 2), (4736, 7), (4738, 6), (4739, 2), (4740, 9), (4742, 1), (4745, 1), (4749, 1), (4755, 20), (4759, 2), (4762, 3), (4764, 2), (4766, 87), (4767, 1), (4771, 2), (4772, 2), (4773, 1), (4778, 2), (4786, 4), (4787, 1), (4788, 2), (4789, 1), (4793, 3), (4795, 1), (4796, 2), (4798, 1), (4805, 3), (4808, 1), (4809, 1), (4810, 1), (4819, 1), (4823, 10), (4828, 4), (4829, 3), (4830, 9), (4831, 1), (4836, 1), (4838, 1), (4841, 2), (4843, 1), (4844, 4), (4848, 13), (4853, 2), (4854, 2), (4856, 3), (4857, 3), (4858, 1), (4861, 1), (4863, 2), (4866, 3), (4872, 11), (4875, 2), (4878, 1), (4880, 4), (4881, 1), (4887, 3), (4888, 2), (4889, 2), (4892, 1), (4897, 3), (4899, 1), (4903, 1), (4907, 3), (4915, 1), (4921, 1), (4922, 17), (4930, 5), (4931, 6), (4934, 1), (4937, 4), (4941, 1), (4942, 4), (4944, 1), (4945, 1), (4946, 2), (4947, 4), (4956, 6), (4957, 1), (4960, 2), (4963, 5), (4968, 3), (4970, 1), (4971, 1), (4973, 5), (4974, 1), (4977, 1), (4980, 2), (4982, 1), (4984, 1), (4987, 4), (4990, 1), (4995, 1), (5001, 1), (5009, 1), (5010, 1), (5015, 12), (5018, 1), (5021, 2), (5024, 3), (5029, 2), (5030, 5), (5032, 1), (5033, 2), (5034, 1), (5038, 1), (5043, 1), (5044, 2), (5048, 10), (5050, 1), (5052, 1), (5055, 1), (5057, 1), (5061, 1), (5065, 1), (5066, 1), (5068, 7), (5074, 12), (5075, 1), (5079, 2), (5080, 3), (5084, 1), (5085, 1), (5086, 1), (5088, 12), (5089, 1), (5095, 2), (5099, 1), (5105, 1), (5106, 1), (5111, 7), (5115, 4), (5120, 5), (5121, 2), (5123, 1), (5124, 2), (5129, 1), (5130, 6), (5132, 2), (5134, 4), (5137, 3), (5139, 4), (5144, 3), (5145, 2), (5147, 7), (5148, 1), (5150, 2), (5151, 9), (5159, 1), (5162, 3), (5167, 2), (5168, 1), (5170, 2), (5175, 1), (5179, 1), (5185, 4), (5186, 8), (5192, 1), (5200, 2), (5203, 4), (5205, 1), (5210, 1), (5212, 1), (5215, 3), (5219, 5), (5222, 3), (5226, 3), (5228, 1), (5229, 5), (5236, 3), (5237, 1), (5239, 3), (5241, 1), (5245, 4), (5248, 1), (5250, 4), (5251, 1), (5253, 1), (5257, 2), (5258, 4), (5260, 1), (5261, 3), (5262, 4), (5270, 1), (5274, 2), (5279, 1), (5286, 1), (5289, 3), (5290, 8), (5292, 1), (5293, 1), (5294, 2), (5295, 4), (5296, 1), (5297, 2), (5299, 1), (5304, 1), (5305, 2), (5307, 1), (5308, 1), (5310, 2), (5311, 1), (5312, 1), (5315, 1), (5316, 1), (5318, 6), (5322, 1), (5327, 3), (5332, 6), (5333, 2), (5334, 1), (5336, 1), (5337, 1), (5338, 1), (5340, 3), (5345, 1), (5354, 1), (5356, 1), (5359, 1), (5360, 1), (5366, 3), (5367, 2), (5369, 4), (5372, 3), (5379, 1), (5383, 2), (5385, 2), (5386, 1), (5387, 9), (5389, 1), (5393, 2), (5394, 2), (5401, 1), (5403, 1), (5405, 3), (5406, 3), (5407, 1), (5409, 3), (5410, 1), (5413, 2), (5414, 3), (5416, 2), (5419, 1), (5420, 16), (5422, 1), (5424, 1), (5426, 1), (5428, 1), (5432, 1), (5433, 1), (5434, 1), (5437, 2), (5438, 1), (5440, 4), (5444, 5), (5445, 1), (5451, 1), (5452, 1), (5457, 1), (5464, 16), (5466, 1), (5468, 1), (5469, 1), (5472, 5), (5481, 6), (5482, 1), (5483, 2), (5484, 1), (5488, 4), (5494, 3), (5499, 1), (5503, 2), (5506, 2), (5507, 1), (5508, 4), (5513, 2), (5516, 1), (5518, 2), (5519, 3), (5520, 10), (5526, 1), (5529, 1), (5530, 1), (5534, 2), (5536, 4), (5539, 9), (5540, 2), (5549, 1), (5551, 3), (5553, 4), (5555, 1), (5560, 3), (5567, 3), (5570, 2), (5571, 1), (5575, 2), (5576, 3), (5578, 2), (5584, 2), (5589, 4), (5590, 16), (5594, 2), (5596, 1), (5598, 4), (5601, 3), (5602, 1), (5603, 1), (5605, 6), (5612, 3), (5614, 1), (5617, 1), (5618, 2), (5619, 2), (5620, 2), (5625, 15), (5626, 1), (5627, 6), (5629, 4), (5631, 9), (5635, 4), (5639, 3), (5640, 3), (5641, 1), (5642, 2), (5644, 3), (5656, 6), (5666, 1), (5667, 4), (5678, 4), (5682, 2), (5684, 3), (5686, 8), (5687, 1), (5689, 3), (5690, 2), (5694, 1), (5702, 2), (5703, 4), (5705, 2), (5706, 2), (5721, 1), (5724, 3), (5725, 3), (5726, 1), (5730, 3), (5731, 1), (5736, 1), (5739, 1), (5746, 1), (5749, 3), (5753, 6), (5758, 1), (5759, 1), (5761, 3), (5766, 2), (5767, 4), (5772, 1), (5774, 2), (5776, 2), (5779, 3), (5780, 2), (5781, 1), (5782, 4), (5783, 9), (5794, 2), (5797, 12), (5799, 1), (5802, 4), (5808, 1), (5809, 1), (5810, 6), (5812, 2), (5814, 4), (5816, 1), (5819, 1), (5822, 9), (5824, 2), (5828, 1), (5834, 4), (5835, 1), (5836, 2), (5837, 6), (5839, 2), (5840, 1), (5842, 5), (5846, 1), (5847, 1), (5851, 2), (5862, 3), (5865, 1), (5867, 3), (5868, 1), (5872, 1), (5879, 1), (5880, 2), (5887, 5), (5888, 34), (5896, 1), (5898, 2), (5899, 4), (5901, 9), (5903, 1), (5905, 1), (5907, 1), (5912, 4), (5915, 1), (5918, 1), (5919, 2), (5927, 3), (5930, 1), (5934, 1), (5939, 5), (5941, 1), (5944, 3), (5947, 1), (5954, 2), (5957, 4), (5958, 1), (5961, 2), (5963, 3), (5964, 1), (5966, 4), (5967, 1), (5968, 3), (5971, 2), (5972, 1), (5974, 1), (5979, 2), (5984, 2), (5985, 4), (5987, 1), (5989, 2), (5992, 6), (5996, 1), (5997, 3), (6003, 1), (6004, 2), (6006, 1), (6010, 1), (6011, 1), (6014, 1), (6017, 2), (6020, 1), (6031, 1), (6032, 1), (6033, 4), (6035, 3), (6036, 3), (6038, 1), (6044, 4), (6046, 2), (6048, 3), (6049, 1), (6051, 13), (6056, 2), (6061, 1), (6063, 1), (6064, 2), (6068, 4), (6069, 2), (6071, 1), (6072, 5), (6074, 1), (6080, 2), (6081, 4), (6082, 1), (6086, 1), (6094, 4), (6095, 2), (6096, 2), (6098, 2), (6102, 1), (6106, 4), (6107, 1), (6114, 4), (6117, 2), (6118, 1), (6123, 2), (6125, 1), (6128, 1), (6133, 2), (6137, 3), (6144, 1), (6148, 4), (6153, 1), (6156, 2), (6157, 1), (6158, 4), (6159, 1), (6163, 6), (6164, 1), (6167, 3), (6168, 1), (6171, 2), (6172, 9), (6173, 2), (6177, 1), (6178, 1), (6182, 2), (6185, 2), (6192, 1), (6195, 19), (6197, 1), (6199, 2), (6206, 1), (6211, 3), (6212, 1), (6214, 1), (6220, 1), (6223, 2), (6225, 2), (6230, 1), (6231, 2), (6233, 2), (6235, 2), (6236, 3), (6237, 4), (6241, 1), (6254, 4), (6258, 2), (6260, 3), (6265, 2), (6268, 1), (6272, 5), (6275, 4), (6277, 8), (6282, 1), (6287, 9), (6293, 6), (6296, 3), (6300, 1), (6301, 3), (6306, 1), (6307, 3), (6308, 2), (6310, 1), (6312, 1), (6314, 1), (6316, 1), (6323, 1), (6324, 2), (6327, 1), (6328, 1), (6333, 2), (6334, 1), (6335, 1), (6337, 3), (6340, 6), (6342, 3), (6345, 2), (6350, 5), (6352, 1), (6353, 1), (6362, 2), (6367, 3), (6373, 1), (6382, 1), (6391, 12), (6394, 12), (6396, 1), (6401, 10), (6402, 2), (6405, 4), (6407, 2), (6415, 2), (6421, 1), (6431, 2), (6435, 4), (6439, 1), (6440, 4), (6442, 15), (6446, 1), (6452, 3), (6455, 8), (6459, 1), (6461, 7), (6462, 1), (6465, 3), (6468, 8), (6471, 2), (6472, 1), (6475, 4), (6481, 1), (6488, 2), (6489, 2), (6490, 2), (6495, 1), (6498, 3), (6499, 4), (6501, 2), (6505, 4), (6506, 1), (6516, 2), (6517, 4), (6525, 4), (6529, 1), (6530, 1), (6533, 1), (6535, 1), (6538, 2), (6544, 4), (6546, 1), (6550, 2), (6552, 4), (6554, 2), (6556, 3), (6557, 3), (6558, 2), (6560, 1), (6563, 1), (6565, 2), (6567, 1), (6570, 1), (6572, 2), (6573, 1), (6578, 1), (6582, 3), (6585, 4), (6587, 1), (6590, 7), (6592, 3), (6593, 3), (6602, 1), (6604, 6), (6608, 3), (6611, 1), (6612, 3), (6613, 13), (6614, 3), (6615, 1), (6619, 1), (6621, 1), (6622, 1), (6623, 1), (6625, 1), (6627, 1), (6629, 3), (6636, 3), (6637, 2), (6638, 2), (6643, 5), (6644, 5), (6648, 1), (6649, 1), (6652, 3), (6663, 3), (6671, 2), (6673, 4), (6680, 4), (6683, 1), (6684, 3), (6688, 1), (6693, 6), (6698, 2), (6701, 1), (6703, 1), (6704, 2), (6707, 4), (6708, 4), (6714, 36), (6715, 1), (6716, 3), (6718, 2), (6720, 1), (6721, 1), (6727, 1), (6729, 3), (6730, 6), (6734, 3), (6735, 4), (6736, 1), (6738, 1), (6741, 2), (6742, 3), (6743, 4), (6746, 2), (6747, 1), (6749, 4), (6750, 3), (6752, 3), (6753, 2), (6755, 5), (6757, 1), (6758, 1), (6760, 3), (6761, 1), (6770, 1), (6771, 1), (6775, 1), (6777, 1), (6779, 4), (6780, 1), (6782, 7), (6784, 1), (6785, 1), (6786, 1), (6793, 2), (6794, 3), (6799, 2), (6800, 1), (6801, 3), (6805, 4), (6812, 1), (6813, 1), (6816, 1), (6817, 4), (6819, 1), (6822, 2), (6824, 1), (6838, 4), (6840, 2), (6846, 3), (6847, 2), (6848, 2), (6849, 3), (6851, 1), (6853, 1), (6854, 4), (6857, 2), (6858, 2), (6867, 1), (6879, 1), (6880, 4), (6890, 1), (6894, 1), (6896, 3), (6897, 6), (6898, 1), (6901, 2), (6902, 2), (6907, 1), (6908, 1), (6913, 1), (6915, 1), (6916, 2), (6921, 2), (6923, 1), (6925, 24), (6926, 1), (6927, 3), (6929, 2), (6936, 1), (6937, 1), (6941, 1), (6943, 4), (6945, 14), (6946, 7), (6950, 3), (6952, 2), (6955, 1), (6956, 2), (6958, 4), (6962, 1), (6965, 1), (6966, 1), (6970, 1), (6972, 1), (6979, 1), (6995, 2), (6998, 2), (7002, 1), (7004, 2), (7010, 4), (7012, 1), (7017, 2), (7020, 6), (7021, 8), (7023, 2), (7024, 5), (7026, 1), (7029, 1), (7035, 2), (7038, 2), (7039, 4), (7043, 2), (7045, 6), (7047, 4), (7048, 1), (7050, 4), (7051, 2), (7060, 3), (7063, 6), (7064, 4), (7065, 2), (7066, 2), (7067, 1), (7069, 1), (7070, 1), (7076, 14), (7079, 2), (7083, 3), (7084, 2), (7085, 1), (7088, 6), (7090, 3), (7096, 4), (7098, 1), (7101, 1), (7103, 5), (7105, 1), (7106, 1), (7107, 2), (7120, 2), (7121, 2), (7124, 4), (7126, 1), (7128, 1), (7129, 1), (7133, 2), (7134, 1), (7135, 1), (7137, 1), (7138, 3), (7139, 4), (7140, 5), (7142, 1), (7143, 2), (7147, 1), (7148, 1), (7150, 3), (7153, 1), (7154, 2), (7156, 3), (7159, 6), (7160, 1), (7167, 2), (7169, 6), (7170, 10), (7173, 7), (7177, 1), (7178, 1), (7182, 1), (7184, 1), (7186, 2), (7189, 1), (7192, 1), (7195, 1), (7198, 1), (7202, 2), (7204, 4), (7207, 3), (7209, 1), (7213, 6), (7214, 3), (7217, 6), (7225, 19), (7226, 7), (7227, 1), (7228, 1), (7229, 1), (7237, 2), (7244, 1), (7246, 2), (7247, 1), (7249, 1), (7255, 2), (7256, 1), (7257, 3), (7260, 4), (7262, 2), (7264, 3), (7265, 1), (7275, 2), (7277, 6), (7279, 1), (7282, 2), (7292, 20), (7293, 2), (7298, 4), (7304, 2), (7307, 4), (7310, 1), (7311, 4), (7314, 2), (7316, 1), (7317, 1), (7318, 2), (7321, 2), (7322, 1), (7323, 1), (7327, 1), (7330, 9), (7333, 4), (7335, 4), (7337, 1), (7338, 1), (7339, 1), (7341, 5), (7342, 3), (7343, 1), (7347, 2), (7348, 1), (7350, 1), (7357, 18), (7369, 13), (7375, 4), (7378, 2), (7384, 1), (7386, 3), (7387, 1), (7390, 2), (7391, 3), (7392, 2), (7393, 1), (7394, 2), (7398, 3), (7399, 2), (7400, 1), (7404, 4), (7410, 2), (7418, 3), (7421, 1), (7436, 2), (7439, 1), (7442, 2), (7443, 4), (7444, 3), (7445, 1), (7448, 4), (7449, 1), (7456, 2), (7459, 2), (7460, 2), (7461, 2), (7465, 1), (7467, 4), (7470, 2), (7474, 2), (7478, 3), (7480, 2), (7481, 1), (7482, 3), (7483, 3), (7485, 2), (7487, 12), (7488, 2), (7489, 2), (7494, 2), (7496, 12), (7498, 2), (7506, 1), (7509, 1), (7510, 3), (7522, 2), (7524, 1), (7531, 1), (7532, 1), (7536, 2), (7541, 2), (7542, 3), (7549, 1), (7550, 3), (7551, 1), (7552, 4), (7553, 2), (7559, 2), (7560, 12), (7561, 3), (7565, 2), (7566, 8), (7568, 2), (7571, 5), (7574, 1), (7576, 10), (7577, 2), (7580, 3), (7583, 2), (7590, 4), (7593, 6), (7594, 2), (7598, 1), (7608, 4), (7611, 1), (7613, 1), (7615, 3), (7618, 1), (7620, 2), (7622, 1), (7623, 1), (7628, 1), (7629, 2), (7631, 1), (7634, 2), (7636, 1), (7644, 4), (7645, 6), (7648, 2), (7650, 3), (7651, 3), (7659, 2), (7662, 5), (7663, 1), (7669, 2), (7670, 1), (7671, 1), (7672, 14), (7674, 2), (7683, 1), (7685, 1), (7687, 2), (7691, 1), (7696, 2), (7700, 2), (7703, 6), (7707, 3), (7710, 61), (7713, 1), (7715, 3), (7717, 2), (7719, 2), (7721, 2), (7729, 2), (7737, 2), (7739, 1), (7741, 1), (7744, 4), (7745, 5), (7747, 1), (7748, 4), (7751, 3), (7756, 1), (7758, 2), (7764, 4), (7765, 7), (7771, 1), (7772, 2), (7775, 12), (7777, 1), (7785, 3), (7786, 3), (7787, 1), (7788, 1), (7790, 2), (7791, 15), (7797, 1), (7805, 1), (7806, 1), (7810, 18), (7811, 2), (7814, 1), (7821, 2), (7828, 3), (7829, 3), (7833, 1), (7834, 2), (7838, 1), (7839, 5), (7840, 1), (7841, 1), (7844, 28), (7846, 3), (7848, 1), (7857, 2), (7859, 4), (7860, 1), (7862, 1), (7866, 2), (7867, 1), (7868, 1), (7870, 4), (7871, 2), (7873, 2), (7875, 3), (7880, 1), (7882, 1), (7883, 1), (7884, 6), (7887, 1), (7889, 2), (7900, 1), (7901, 2), (7903, 3), (7905, 1), (7906, 1), (7917, 6), (7924, 3), (7926, 2), (7927, 1), (7929, 2), (7932, 3), (7934, 2), (7937, 4), (7939, 1), (7945, 1), (7946, 4), (7949, 1), (7950, 16), (7960, 3), (7964, 4), (7965, 5), (7966, 4), (7967, 1), (7969, 1), (7973, 4), (7977, 1), (7984, 6), (7986, 1), (7988, 1), (7994, 1), (7995, 2), (7997, 2), (8002, 1), (8004, 2), (8008, 3), (8009, 1), (8011, 1), (8014, 6), (8020, 3), (8032, 2), (8037, 1), (8038, 2), (8040, 1), (8044, 2), (8053, 1), (8055, 4), (8063, 27), (8065, 1), (8069, 4), (8074, 1), (8077, 2), (8078, 1), (8079, 1), (8088, 3), (8095, 2), (8096, 18), (8101, 2), (8106, 10), (8108, 2), (8110, 2), (8114, 2), (8115, 8), (8118, 1), (8119, 1), (8125, 2), (8132, 3), (8135, 2), (8141, 2), (8145, 4), (8146, 10), (8148, 5), (8150, 5), (8151, 1), (8152, 3), (8154, 1), (8155, 1), (8156, 3), (8157, 4), (8162, 1), (8166, 1), (8167, 6), (8168, 2), (8169, 2), (8170, 1), (8173, 1), (8174, 5), (8177, 8), (8179, 1), (8180, 1), (8183, 3), (8184, 2), (8190, 3), (8191, 8), (8193, 1), (8197, 1), (8202, 4), (8204, 1), (8206, 2), (8209, 3), (8214, 3), (8216, 2), (8221, 4), (8224, 6), (8230, 1), (8231, 3), (8233, 2), (8240, 5), (8245, 6), (8248, 1), (8250, 9), (8254, 1), (8258, 1), (8259, 1), (8262, 8), (8269, 1), (8272, 1), (8273, 1), (8274, 1), (8276, 2), (8279, 1), (8283, 2), (8285, 1), (8286, 5), (8287, 20), (8291, 1), (8292, 1), (8299, 7), (8302, 2), (8304, 1), (8305, 6), (8306, 1), (8307, 1), (8308, 1), (8309, 1), (8316, 1), (8317, 3), (8319, 4), (8321, 1), (8326, 3), (8327, 1), (8330, 6), (8334, 6), (8336, 3), (8337, 2), (8338, 2), (8341, 3), (8343, 5), (8344, 3), (8347, 1), (8349, 6), (8351, 1), (8354, 5), (8355, 4), (8357, 1), (8358, 2), (8359, 2), (8365, 1), (8367, 2), (8368, 2), (8369, 1), (8370, 1), (8373, 9), (8382, 4), (8383, 2), (8387, 1), (8394, 1), (8395, 1), (8396, 1), (8397, 1), (8398, 4), (8400, 1), (8403, 6), (8410, 2), (8411, 2), (8412, 1), (8414, 3), (8419, 1), (8421, 2), (8423, 4), (8424, 6), (8425, 9), (8426, 2), (8427, 9), (8433, 4), (8435, 8), (8436, 2), (8437, 1), (8440, 1), (8442, 1), (8443, 1), (8445, 5), (8450, 1), (8451, 1), (8456, 2), (8459, 4), (8460, 1), (8462, 1), (8467, 1), (8469, 1), (8470, 4), (8471, 2), (8473, 2), (8476, 5), (8481, 2), (8483, 1), (8484, 2), (8485, 2), (8487, 1), (8489, 1), (8492, 1), (8493, 1), (8495, 1), (8496, 2), (8500, 1), (8502, 1), (8503, 4), (8514, 4), (8515, 2), (8517, 1), (8519, 4), (8520, 1), (8522, 1), (8528, 1), (8536, 3), (8538, 7), (8543, 6), (8544, 1), (8547, 1), (8549, 1), (8551, 1), (8555, 1), (8559, 2), (8560, 3), (8561, 2), (8562, 3), (8563, 2), (8565, 2), (8567, 3), (8570, 3), (8571, 1), (8572, 1), (8577, 3), (8579, 1), (8585, 7), (8587, 3), (8590, 8), (8592, 2), (8594, 1), (8597, 1), (8600, 2), (8602, 1), (8603, 1), (8609, 1), (8611, 2), (8614, 6), (8619, 7), (8620, 1), (8627, 3), (8629, 2), (8635, 2), (8639, 2), (8641, 2), (8647, 1), (8654, 1), (8656, 1), (8658, 1), (8659, 5), (8660, 1), (8661, 2), (8666, 5), (8667, 6), (8668, 2), (8669, 4), (8675, 3), (8677, 4), (8680, 2), (8685, 1), (8686, 1), (8688, 3), (8690, 18), (8692, 5), (8698, 2), (8706, 1), (8708, 1), (8709, 1), (8712, 1), (8714, 1), (8716, 1), (8718, 1), (8720, 2), (8722, 8), (8726, 2), (8730, 2), (8731, 2), (8736, 1), (8739, 2), (8740, 3), (8745, 2), (8746, 1), (8749, 12), (8755, 4), (8759, 5), (8764, 1), (8766, 3), (8769, 5), (8770, 6), (8774, 2), (8776, 9), (8778, 3), (8780, 5), (8786, 2), (8787, 7), (8788, 1), (8796, 2), (8800, 1), (8803, 4), (8806, 1), (8807, 3), (8808, 1), (8811, 4), (8812, 1), (8813, 1), (8816, 1), (8821, 4), (8827, 4), (8830, 1), (8834, 3), (8841, 3), (8843, 1), (8845, 5), (8852, 1), (8853, 1), (8854, 2), (8855, 1), (8859, 2), (8860, 2), (8861, 1), (8862, 17), (8863, 5), (8864, 2), (8871, 1), (8873, 4), (8876, 1), (8878, 1), (8879, 4), (8881, 1), (8885, 2), (8887, 2), (8890, 1), (8891, 1), (8896, 2), (8900, 14), (8901, 1), (8910, 2), (8916, 2), (8917, 1), (8918, 3), (8921, 1), (8924, 2), (8929, 1), (8933, 3), (8935, 2), (8956, 2), (8957, 1), (8960, 1), (8974, 10), (8976, 2), (8980, 2), (8981, 6), (8984, 3), (8986, 4), (8987, 1), (8992, 2), (8995, 1), (8996, 1), (8998, 1), (9003, 6), (9004, 12), (9005, 4), (9007, 1), (9008, 2), (9010, 7), (9011, 1), (9015, 1), (9016, 4), (9020, 2), (9023, 1), (9024, 5), (9032, 4), (9033, 4), (9038, 1), (9042, 1), (9043, 6), (9046, 1), (9051, 3), (9054, 5), (9056, 2), (9057, 2), (9059, 2), (9061, 3), (9063, 2), (9064, 6), (9066, 2), (9068, 10), (9071, 2), (9077, 1), (9080, 1), (9084, 3), (9088, 3), (9096, 3), (9098, 2), (9099, 1), (9100, 2), (9101, 2), (9103, 1), (9104, 1), (9105, 2), (9107, 1), (9113, 1), (9114, 1), (9117, 1), (9118, 8), (9119, 1), (9124, 6), (9125, 1), (9128, 1), (9130, 2), (9131, 6), (9132, 4), (9136, 2), (9137, 2), (9140, 1), (9141, 2), (9148, 1), (9149, 7), (9152, 4), (9153, 1), (9158, 1), (9159, 6), (9160, 1), (9161, 1), (9166, 1), (9171, 1), (9175, 4), (9176, 1), (9177, 2), (9178, 1), (9180, 2), (9183, 8), (9184, 1), (9192, 5), (9201, 1), (9202, 1), (9209, 1), (9211, 1), (9212, 7), (9215, 30), (9218, 10), (9220, 2), (9226, 3), (9229, 3), (9231, 7), (9234, 2), (9237, 2), (9238, 1), (9240, 1), (9241, 1), (9242, 1), (9253, 4), (9254, 1), (9256, 6), (9262, 1), (9263, 5), (9274, 1), (9275, 7), (9278, 1), (9283, 4), (9284, 4), (9287, 12), (9292, 4), (9293, 1), (9295, 14), (9297, 1), (9308, 3), (9315, 1), (9319, 8), (9321, 7), (9322, 3), (9323, 34), (9326, 10), (9328, 1), (9330, 5), (9331, 2), (9336, 2), (9340, 2), (9343, 3), (9347, 1), (9356, 3), (9361, 1), (9369, 32), (9371, 1), (9376, 14), (9379, 2), (9381, 3), (9382, 3), (9385, 1), (9388, 3), (9392, 1), (9394, 2), (9395, 2), (9401, 1), (9409, 8), (9413, 3), (9416, 2), (9418, 8), (9419, 2), (9432, 1), (9435, 3), (9436, 1), (9439, 2), (9442, 2), (9445, 2), (9451, 11), (9453, 2), (9454, 8), (9456, 1), (9459, 4), (9461, 3), (9466, 4), (9467, 1), (9468, 4), (9479, 9), (9482, 12), (9484, 1), (9485, 12), (9488, 1), (9499, 2), (9505, 1), (9507, 1), (9510, 36), (9520, 4), (9522, 1), (9527, 2), (9529, 1), (9535, 2), (9541, 1), (9546, 3), (9549, 1), (9550, 1), (9552, 2), (9554, 2), (9556, 3), (9559, 1), (9565, 3), (9569, 3), (9571, 2), (9573, 12), (9574, 1), (9576, 3), (9577, 1), (9581, 1), (9584, 1), (9597, 2), (9600, 4), (9601, 1), (9605, 1), (9610, 5), (9613, 3), (9614, 1), (9615, 1), (9616, 2), (9617, 2), (9619, 3), (9621, 2), (9622, 2), (9624, 2), (9628, 2), (9633, 1), (9634, 4), (9638, 2), (9639, 1), (9645, 6), (9646, 9), (9649, 2), (9650, 2), (9657, 1), (9659, 1), (9668, 1), (9669, 50), (9676, 7), (9683, 2), (9685, 4), (9689, 1), (9691, 15), (9693, 1), (9696, 1), (9701, 1), (9707, 1), (9711, 3), (9713, 9), (9714, 1), (9715, 4), (9717, 1), (9720, 1), (9726, 2), (9728, 2), (9729, 4), (9730, 1), (9731, 3), (9745, 1), (9748, 5), (9754, 1), (9755, 12), (9758, 1), (9760, 14), (9763, 2), (9764, 2), (9768, 1), (9770, 4), (9771, 1), (9775, 2), (9778, 4), (9780, 1), (9783, 6), (9784, 1), (9785, 1), (9794, 1), (9796, 2), (9799, 1), (9801, 1), (9805, 1), (9808, 1), (9810, 1), (9811, 4), (9823, 3), (9825, 3), (9827, 7), (9829, 3), (9831, 2), (9836, 2), (9839, 3), (9846, 2), (9850, 1), (9851, 1), (9852, 1), (9853, 1), (9858, 1), (9861, 2), (9866, 1), (9868, 1), (9869, 8), (9870, 2), (9871, 2), (9873, 1), (9881, 3), (9886, 1), (9889, 7), (9894, 3), (9896, 4), (9902, 1), (9905, 1), (9910, 1), (9914, 5), (9915, 2), (9917, 3), (9918, 2), (9921, 2), (9922, 1), (9930, 3), (9932, 3), (9933, 2), (9934, 7), (9935, 1), (9936, 1), (9944, 2), (9946, 7), (9947, 6), (9953, 1), (9954, 1), (9955, 6), (9961, 4), (9964, 2), (9965, 1), (9977, 1), (9978, 1), (9987, 1), (9991, 1), (9993, 1), (9994, 2), (9996, 1), (9998, 9)
seeb (DF: 6): (903, 1), (2005, 1), (2200, 1), (2641, 1), (3770, 1), (9840, 1)
seed (DF: 79): (522, 4), (591, 1), (684, 1), (716, 2), (991, 1), (1032, 1), (1172, 1), (1211, 1), (1268, 3), (1509, 1), (1575, 1), (1587, 2), (1708, 1), (1732, 1), (1746, 1), (1760, 1), (1794, 2), (1804, 1), (1894, 1), (1899, 1), (2042, 1), (2151, 4), (2313, 1), (2364, 1), (2523, 1), (2676, 1), (2762, 1), (2807, 1), (3057, 1), (3371, 1), (3594, 1), (3650, 1), (3731, 1), (3861, 2), (3878, 1), (3917, 1), (3921, 1), (3941, 1), (4023, 2), (4044, 1), (4129, 3), (4267, 1), (4404, 1), (4877, 1), (5036, 2), (5122, 1), (5160, 2), (5483, 1), (5514, 1), (5526, 1), (5608, 1), (5715, 1), (5824, 1), (5909, 2), (5966, 1), (6226, 1), (6304, 1), (6332, 1), (6625, 1), (6966, 1), (7317, 1), (7321, 1), (7658, 1), (7748, 1), (7758, 1), (7812, 9), (7924, 4), (8063, 1), (8117, 1), (8492, 1), (8568, 2), (8707, 1), (8819, 1), (8850, 1), (8893, 1), (9011, 1), (9433, 1), (9594, 1), (9668, 1)
seedhi (DF: 1): (149, 1)
seedi (DF: 2): (149, 1), (3741, 1)
seehear (DF: 1): (8716, 1)
seein (DF: 40): (92, 1), (374, 1), (669, 1), (920, 3), (993, 1), (1050, 1), (1498, 6), (2177, 3), (2185, 1), (2562, 1), (2584, 1), (2634, 1), (2794, 1), (2878, 1), (2895, 1), (3185, 3), (3322, 1), (3826, 2), (4404, 1), (4490, 1), (4688, 6), (5842, 1), (5974, 1), (6104, 1), (6367, 1), (6391, 4), (6563, 1), (6572, 1), (6704, 2), (7024, 1), (7134, 1), (7932, 1), (8148, 1), (8182, 4), (8576, 8), (9326, 2), (9451, 2), (9632, 1), (9763, 1), (9905, 1)
seek (DF: 63): (149, 2), (210, 1), (386, 1), (835, 1), (1130, 2), (1240, 1), (1417, 1), (1699, 1), (2042, 2), (2076, 1), (2084, 1), (2299, 1), (2358, 2), (2435, 2), (3379, 1), (3406, 1), (3450, 1), (3648, 13), (3677, 1), (3866, 1), (4045, 1), (4177, 1), (4230, 1), (4262, 1), (4476, 1), (4506, 1), (4617, 1), (4680, 1), (4749, 3), (4764, 2), (4883, 2), (5096, 1), (5129, 5), (5241, 1), (5752, 1), (5897, 1), (6065, 1), (6286, 1), (6324, 1), (6428, 4), (6459, 1), (6614, 3), (6701, 1), (7143, 1), (7363, 1), (7569, 1), (7635, 1), (7929, 5), (8040, 1), (8048, 1), (8398, 1), (8583, 2), (8773, 1), (8788, 1), (8921, 2), (8955, 1), (9261, 1), (9378, 2), (9621, 1), (9729, 1), (9794, 1), (9871, 2), (9907, 2)
seeka (DF: 2): (4256, 1), (5567, 1)
seeker (DF: 2): (2326, 5), (9922, 1)
seekh (DF: 1): (149, 1)
seekha (DF: 1): (9688, 1)
seekin (DF: 5): (1344, 1), (2747, 1), (4536, 1), (6937, 1), (9875, 1)
seeking (DF: 1): (2757, 1)
seel (DF: 10): (437, 11), (3381, 1), (3409, 1), (3466, 1), (3932, 1), (3962, 1), (6139, 1), (6208, 2), (8260, 1), (8340, 3)
seelenschmerz (DF: 1): (6208, 2)
seem (DF: 616): (2, 1), (13, 1), (58, 1), (103, 1), (122, 1), (129, 1), (132, 1), (138, 1), (166, 3), (174, 6), (200, 1), (201, 1), (202, 1), (209, 1), (211, 1), (228, 1), (237, 1), (295, 1), (297, 1), (314, 4), (318, 3), (348, 1), (359, 4), (361, 1), (368, 3), (441, 1), (528, 8), (548, 2), (551, 1), (573, 1), (576, 1), (582, 2), (605, 4), (619, 3), (622, 1), (668, 1), (701, 1), (704, 2), (705, 1), (710, 1), (753, 1), (764, 2), (771, 1), (779, 6), (799, 1), (810, 2), (850, 1), (870, 1), (881, 1), (915, 4), (925, 1), (955, 1), (956, 1), (975, 2), (1043, 1), (1047, 2), (1058, 1), (1083, 2), (1084, 1), (1108, 2), (1121, 1), (1123, 3), (1138, 1), (1189, 1), (1223, 1), (1231, 1), (1252, 2), (1260, 2), (1268, 3), (1297, 1), (1306, 6), (1328, 1), (1344, 1), (1346, 3), (1364, 1), (1387, 2), (1455, 1), (1487, 1), (1504, 1), (1508, 1), (1520, 1), (1522, 2), (1546, 3), (1549, 1), (1562, 2), (1569, 2), (1590, 1), (1600, 1), (1609, 6), (1645, 6), (1656, 1), (1685, 1), (1705, 1), (1710, 6), (1722, 1), (1725, 4), (1735, 2), (1745, 1), (1748, 1), (1761, 1), (1768, 1), (1782, 1), (1797, 3), (1811, 1), (1820, 1), (1860, 1), (1866, 1), (1870, 1), (1872, 1), (1879, 2), (1885, 2), (1908, 1), (1920, 5), (1927, 2), (1931, 4), (1970, 2), (1971, 1), (1973, 1), (1992, 7), (2042, 1), (2060, 1), (2106, 3), (2158, 1), (2167, 1), (2175, 19), (2188, 3), (2202, 1), (2236, 2), (2249, 1), (2259, 1), (2274, 1), (2281, 6), (2285, 1), (2294, 1), (2310, 1), (2318, 1), (2330, 3), (2333, 1), (2340, 1), (2384, 4), (2402, 6), (2416, 4), (2421, 2), (2445, 5), (2459, 1), (2475, 6), (2495, 1), (2508, 1), (2536, 1), (2560, 2), (2562, 1), (2568, 1), (2569, 1), (2607, 1), (2627, 1), (2628, 2), (2634, 4), (2647, 1), (2678, 1), (2691, 1), (2692, 1), (2699, 2), (2708, 1), (2724, 4), (2755, 1), (2760, 1), (2768, 2), (2775, 2), (2778, 1), (2793, 1), (2804, 1), (2808, 1), (2811, 2), (2815, 4), (2844, 4), (2858, 1), (2859, 2), (2907, 2), (2919, 1), (2977, 1), (2995, 1), (3047, 4), (3089, 1), (3098, 1), (3107, 2), (3147, 2), (3166, 1), (3184, 2), (3195, 1), (3203, 2), (3225, 1), (3228, 2), (3265, 2), (3282, 2), (3283, 1), (3319, 1), (3333, 2), (3361, 1), (3387, 1), (3450, 1), (3465, 2), (3484, 2), (3498, 1), (3516, 2), (3535, 2), (3545, 2), (3551, 1), (3566, 1), (3577, 1), (3608, 4), (3612, 6), (3638, 1), (3647, 1), (3677, 1), (3698, 2), (3707, 2), (3720, 1), (3739, 3), (3742, 3), (3758, 2), (3776, 4), (3786, 2), (3807, 8), (3813, 1), (3874, 2), (3882, 2), (3893, 1), (3901, 2), (3904, 1), (3923, 1), (3927, 2), (3964, 1), (3968, 1), (3970, 3), (3971, 1), (3976, 1), (4093, 1), (4109, 1), (4115, 2), (4132, 1), (4142, 1), (4161, 4), (4163, 2), (4199, 1), (4211, 1), (4212, 2), (4217, 1), (4230, 1), (4261, 1), (4291, 1), (4292, 3), (4294, 3), (4305, 2), (4330, 1), (4333, 1), (4340, 1), (4342, 1), (4366, 2), (4385, 1), (4403, 1), (4404, 1), (4447, 1), (4452, 2), (4460, 2), (4525, 2), (4537, 1), (4569, 1), (4578, 2), (4610, 1), (4618, 1), (4623, 1), (4624, 3), (4636, 1), (4643, 2), (4656, 1), (4667, 2), (4691, 3), (4739, 1), (4742, 1), (4781, 1), (4792, 1), (4843, 4), (4844, 1), (4863, 3), (4877, 1), (4878, 1), (4881, 1), (4892, 1), (4893, 1), (4900, 1), (4902, 1), (4913, 2), (4921, 1), (4925, 2), (4926, 1), (4966, 5), (4982, 1), (4983, 1), (4988, 2), (4990, 1), (5047, 2), (5057, 2), (5077, 2), (5098, 2), (5127, 2), (5154, 1), (5155, 2), (5175, 1), (5201, 2), (5210, 1), (5241, 3), (5261, 1), (5264, 1), (5291, 8), (5298, 3), (5301, 1), (5320, 6), (5327, 1), (5337, 1), (5346, 1), (5366, 3), (5367, 2), (5383, 1), (5387, 1), (5419, 1), (5457, 1), (5468, 1), (5482, 1), (5486, 2), (5499, 1), (5537, 2), (5549, 1), (5554, 1), (5568, 3), (5578, 2), (5593, 2), (5614, 4), (5636, 1), (5650, 6), (5658, 3), (5670, 1), (5671, 13), (5673, 1), (5688, 1), (5704, 1), (5706, 1), (5711, 2), (5721, 4), (5723, 3), (5730, 1), (5744, 1), (5753, 1), (5774, 1), (5805, 2), (5828, 1), (5847, 1), (5848, 2), (5854, 1), (5855, 1), (5887, 1), (5903, 1), (5937, 1), (5966, 1), (5984, 1), (6003, 1), (6019, 2), (6055, 1), (6062, 1), (6065, 1), (6084, 3), (6086, 1), (6089, 3), (6116, 1), (6117, 2), (6121, 1), (6122, 2), (6147, 2), (6153, 2), (6164, 1), (6177, 1), (6199, 1), (6218, 3), (6241, 1), (6246, 2), (6247, 1), (6259, 1), (6260, 6), (6271, 2), (6276, 6), (6284, 4), (6296, 1), (6317, 1), (6324, 1), (6340, 1), (6350, 1), (6367, 1), (6375, 1), (6383, 1), (6388, 4), (6390, 1), (6401, 1), (6408, 1), (6412, 2), (6413, 2), (6424, 1), (6440, 6), (6454, 2), (6470, 5), (6505, 1), (6512, 4), (6540, 1), (6544, 5), (6560, 1), (6564, 2), (6565, 2), (6572, 1), (6578, 1), (6593, 2), (6599, 1), (6606, 1), (6629, 1), (6636, 1), (6637, 1), (6643, 5), (6657, 2), (6697, 1), (6766, 4), (6793, 1), (6796, 1), (6801, 1), (6824, 1), (6834, 3), (6864, 2), (6867, 1), (6904, 6), (6915, 1), (6916, 2), (6930, 1), (6958, 3), (6965, 2), (6969, 1), (6989, 1), (6993, 1), (7001, 3), (7009, 1), (7021, 4), (7023, 1), (7044, 3), (7058, 1), (7078, 1), (7124, 1), (7125, 1), (7132, 2), (7146, 2), (7148, 2), (7162, 24), (7164, 5), (7165, 1), (7179, 2), (7181, 1), (7192, 1), (7238, 1), (7240, 1), (7256, 1), (7289, 1), (7335, 2), (7353, 1), (7402, 2), (7453, 1), (7458, 1), (7469, 1), (7470, 2), (7471, 1), (7483, 1), (7498, 2), (7500, 1), (7530, 1), (7544, 1), (7577, 2), (7592, 2), (7605, 2), (7608, 1), (7621, 2), (7660, 1), (7679, 2), (7722, 8), (7753, 3), (7758, 4), (7788, 1), (7790, 2), (7800, 1), (7831, 1), (7833, 2), (7834, 1), (7845, 3), (7848, 1), (7855, 1), (7862, 1), (7884, 1), (7903, 1), (7932, 2), (7949, 2), (7967, 2), (7974, 3), (7988, 1), (7990, 3), (7994, 1), (8017, 1), (8044, 4), (8068, 1), (8102, 4), (8120, 3), (8125, 2), (8180, 1), (8222, 1), (8227, 1), (8228, 2), (8230, 1), (8231, 1), (8233, 1), (8269, 1), (8277, 1), (8290, 1), (8296, 1), (8309, 1), (8322, 2), (8360, 2), (8364, 1), (8391, 1), (8401, 2), (8436, 1), (8442, 1), (8492, 1), (8493, 1), (8561, 3), (8578, 2), (8643, 2), (8644, 1), (8668, 4), (8675, 1), (8680, 5), (8692, 2), (8714, 1), (8716, 2), (8739, 2), (8747, 2), (8753, 1), (8766, 1), (8791, 2), (8804, 2), (8812, 4), (8920, 2), (8947, 16), (8960, 2), (8965, 1), (8972, 1), (8982, 3), (8995, 8), (9027, 1), (9059, 3), (9068, 1), (9073, 1), (9096, 2), (9119, 1), (9128, 1), (9131, 1), (9133, 2), (9137, 2), (9151, 1), (9153, 1), (9157, 1), (9171, 1), (9183, 1), (9190, 1), (9194, 1), (9216, 1), (9220, 3), (9335, 1), (9376, 2), (9382, 1), (9385, 1), (9435, 1), (9459, 6), (9487, 1), (9502, 3), (9537, 1), (9550, 2), (9551, 1), (9559, 1), (9567, 1), (9569, 2), (9581, 1), (9585, 1), (9601, 2), (9621, 2), (9680, 36), (9686, 1), (9726, 1), (9744, 2), (9747, 2), (9750, 1), (9751, 1), (9773, 1), (9801, 1), (9810, 1), (9824, 2), (9826, 1), (9831, 2), (9834, 1), (9847, 3), (9859, 2), (9888, 1), (9924, 1), (9928, 1), (9930, 3), (9992, 1)
seen (DF: 549): (33, 6), (37, 6), (57, 2), (70, 2), (71, 1), (88, 1), (122, 1), (146, 1), (170, 1), (189, 3), (197, 1), (206, 1), (222, 1), (223, 1), (228, 2), (297, 1), (306, 1), (324, 1), (341, 1), (343, 1), (365, 1), (389, 1), (409, 2), (411, 5), (414, 1), (420, 2), (441, 1), (451, 1), (455, 7), (494, 1), (521, 6), (531, 1), (535, 2), (545, 1), (548, 1), (559, 1), (571, 1), (574, 1), (581, 2), (601, 1), (605, 1), (612, 3), (647, 2), (658, 3), (673, 7), (682, 1), (688, 1), (689, 6), (699, 1), (705, 1), (753, 1), (795, 1), (802, 1), (846, 3), (865, 1), (872, 1), (915, 1), (920, 6), (922, 1), (924, 1), (929, 1), (932, 1), (933, 2), (939, 1), (988, 1), (994, 3), (997, 1), (1040, 13), (1045, 1), (1053, 1), (1083, 8), (1085, 1), (1143, 1), (1145, 4), (1186, 2), (1214, 6), (1227, 3), (1237, 3), (1243, 2), (1327, 2), (1334, 4), (1338, 2), (1342, 3), (1351, 2), (1375, 8), (1396, 1), (1410, 1), (1452, 1), (1468, 1), (1513, 1), (1564, 1), (1575, 2), (1600, 1), (1611, 1), (1635, 1), (1636, 1), (1643, 3), (1657, 1), (1669, 1), (1689, 4), (1697, 2), (1708, 2), (1735, 4), (1755, 4), (1760, 2), (1857, 1), (1861, 3), (1877, 1), (1882, 4), (1896, 1), (1919, 1), (1937, 1), (1952, 2), (1975, 6), (1980, 1), (1981, 1), (1995, 1), (2001, 2), (2048, 1), (2062, 1), (2073, 1), (2131, 2), (2139, 4), (2186, 1), (2193, 1), (2197, 2), (2201, 2), (2215, 1), (2228, 1), (2240, 1), (2244, 1), (2251, 2), (2274, 2), (2279, 3), (2282, 2), (2299, 1), (2352, 1), (2356, 1), (2361, 1), (2366, 1), (2373, 1), (2394, 1), (2399, 1), (2405, 6), (2411, 4), (2419, 1), (2421, 2), (2422, 1), (2424, 2), (2468, 6), (2469, 3), (2500, 1), (2522, 4), (2540, 2), (2552, 1), (2583, 1), (2595, 2), (2596, 1), (2628, 2), (2636, 2), (2644, 1), (2665, 1), (2675, 1), (2691, 1), (2706, 1), (2713, 1), (2721, 3), (2750, 1), (2769, 1), (2771, 1), (2806, 3), (2808, 1), (2819, 2), (2838, 1), (2857, 1), (2886, 1), (2912, 4), (2980, 4), (3016, 1), (3030, 1), (3054, 1), (3055, 2), (3100, 1), (3127, 1), (3135, 2), (3179, 1), (3181, 2), (3223, 1), (3248, 1), (3252, 2), (3272, 4), (3301, 6), (3325, 8), (3338, 2), (3374, 3), (3390, 1), (3419, 1), (3427, 6), (3428, 1), (3465, 1), (3574, 1), (3597, 1), (3612, 1), (3638, 2), (3664, 1), (3714, 4), (3727, 3), (3766, 2), (3777, 2), (3789, 1), (3809, 4), (3848, 1), (3871, 3), (3872, 4), (3949, 3), (4019, 1), (4025, 3), (4028, 1), (4041, 1), (4054, 2), (4066, 1), (4070, 2), (4072, 1), (4107, 4), (4110, 1), (4139, 15), (4168, 1), (4171, 3), (4196, 1), (4218, 1), (4233, 1), (4250, 1), (4293, 2), (4298, 2), (4303, 1), (4310, 2), (4334, 2), (4349, 4), (4360, 3), (4372, 1), (4428, 2), (4460, 1), (4486, 1), (4499, 1), (4523, 1), (4525, 4), (4537, 1), (4547, 1), (4570, 1), (4622, 1), (4629, 2), (4705, 1), (4712, 6), (4731, 1), (4739, 1), (4740, 4), (4766, 1), (4773, 1), (4789, 1), (4827, 1), (4831, 1), (4833, 1), (4857, 2), (4877, 1), (4889, 1), (4905, 2), (4917, 1), (4918, 1), (4925, 1), (4967, 2), (4979, 2), (4997, 1), (5015, 2), (5032, 1), (5059, 4), (5085, 2), (5095, 2), (5106, 3), (5111, 7), (5153, 2), (5185, 3), (5199, 1), (5200, 2), (5233, 1), (5241, 1), (5245, 1), (5264, 1), (5266, 3), (5269, 7), (5290, 1), (5299, 1), (5329, 3), (5339, 3), (5405, 1), (5412, 3), (5483, 1), (5494, 1), (5533, 1), (5537, 2), (5552, 3), (5560, 1), (5573, 1), (5587, 2), (5593, 2), (5600, 2), (5650, 23), (5664, 1), (5683, 4), (5706, 1), (5725, 1), (5805, 1), (5840, 1), (5898, 2), (5937, 3), (5947, 1), (5969, 19), (6017, 4), (6032, 2), (6046, 1), (6052, 2), (6075, 1), (6098, 2), (6099, 8), (6102, 1), (6105, 1), (6108, 1), (6115, 1), (6125, 2), (6128, 4), (6136, 2), (6162, 1), (6163, 2), (6191, 1), (6197, 1), (6206, 1), (6217, 1), (6232, 1), (6241, 1), (6244, 1), (6275, 1), (6277, 6), (6311, 1), (6317, 1), (6382, 1), (6399, 1), (6401, 1), (6407, 12), (6409, 1), (6416, 1), (6434, 1), (6440, 1), (6474, 1), (6483, 1), (6487, 1), (6495, 1), (6521, 3), (6523, 2), (6525, 1), (6555, 2), (6558, 1), (6570, 1), (6608, 1), (6630, 2), (6636, 1), (6667, 2), (6671, 1), (6728, 1), (6776, 1), (6779, 2), (6791, 1), (6819, 1), (6870, 2), (6910, 3), (6913, 1), (6925, 10), (6970, 3), (6972, 1), (6979, 1), (7017, 1), (7023, 1), (7033, 2), (7046, 4), (7065, 8), (7075, 1), (7083, 1), (7113, 1), (7127, 1), (7131, 1), (7138, 1), (7154, 1), (7159, 2), (7173, 1), (7177, 1), (7190, 1), (7204, 1), (7207, 5), (7231, 1), (7240, 1), (7256, 2), (7266, 1), (7279, 1), (7332, 2), (7335, 2), (7340, 3), (7352, 3), (7402, 1), (7420, 1), (7436, 1), (7448, 1), (7461, 6), (7500, 1), (7581, 1), (7591, 2), (7615, 1), (7661, 5), (7663, 3), (7664, 1), (7683, 1), (7689, 1), (7732, 2), (7751, 1), (7765, 1), (7767, 5), (7768, 1), (7829, 1), (7857, 1), (7926, 1), (8021, 1), (8038, 1), (8048, 3), (8055, 2), (8070, 2), (8082, 2), (8111, 2), (8132, 1), (8134, 6), (8137, 1), (8150, 1), (8176, 1), (8177, 1), (8181, 1), (8203, 1), (8209, 1), (8237, 2), (8263, 3), (8289, 4), (8299, 1), (8300, 3), (8338, 2), (8382, 3), (8405, 1), (8421, 1), (8422, 2), (8433, 1), (8445, 1), (8460, 1), (8494, 1), (8499, 1), (8534, 2), (8536, 1), (8553, 2), (8555, 1), (8630, 3), (8644, 1), (8650, 3), (8659, 1), (8664, 1), (8675, 1), (8676, 1), (8693, 1), (8705, 1), (8725, 4), (8742, 1), (8745, 1), (8762, 1), (8860, 2), (8863, 1), (8890, 1), (8896, 4), (8913, 1), (8917, 1), (8924, 1), (8939, 2), (8951, 2), (8965, 1), (8976, 1), (9009, 1), (9016, 1), (9024, 1), (9025, 1), (9027, 2), (9030, 4), (9084, 1), (9091, 1), (9092, 1), (9106, 3), (9119, 2), (9125, 1), (9197, 1), (9262, 1), (9287, 3), (9301, 1), (9317, 2), (9322, 1), (9324, 3), (9327, 1), (9354, 1), (9385, 1), (9419, 1), (9429, 1), (9442, 6), (9466, 1), (9497, 1), (9509, 4), (9510, 15), (9519, 1), (9527, 1), (9538, 1), (9552, 4), (9563, 2), (9594, 1), (9600, 2), (9642, 3), (9646, 2), (9657, 1), (9686, 1), (9693, 3), (9715, 2), (9730, 3), (9747, 2), (9751, 2), (9765, 2), (9773, 2), (9782, 2), (9800, 1), (9826, 1), (9827, 3), (9846, 2), (9863, 1), (9879, 2), (9888, 1), (9905, 3), (9914, 2), (9927, 2), (9933, 1), (9954, 2), (9959, 3), (9977, 6), (9983, 1)
seep (DF: 7): (1297, 1), (1344, 1), (1455, 1), (4803, 1), (5928, 4), (8367, 1), (9827, 1)
seer (DF: 2): (3523, 2), (3563, 1)
seersuck (DF: 1): (1732, 2)
seert (DF: 1): (1432, 1)
seesaw (DF: 3): (469, 1), (825, 1), (7131, 2)
seeth (DF: 1): (9328, 1)
seether (DF: 4): (5636, 1), (5944, 1), (7510, 1), (9227, 1)
seft (DF: 1): (2221, 1)
sefyu (DF: 1): (3437, 1)
seg (DF: 1): (34, 2)
sega (DF: 6): (1648, 1), (4148, 1), (5018, 1), (7916, 1), (8959, 1), (9995, 2)
segawa (DF: 1): (4864, 1)
seger (DF: 2): (3286, 1), (3663, 1)
segn (DF: 3): (5020, 4), (8054, 1), (9222, 2)
segnal (DF: 1): (5392, 3)
segredo (DF: 2): (4167, 1), (8363, 1)
segu (DF: 90): (9, 1), (63, 1), (213, 1), (227, 1), (444, 1), (480, 6), (489, 1), (628, 2), (632, 3), (776, 1), (897, 3), (918, 1), (1079, 2), (1109, 1), (1379, 2), (1443, 1), (1677, 1), (1686, 5), (1724, 3), (1778, 3), (2021, 1), (2027, 3), (2043, 1), (2098, 1), (2309, 7), (2342, 3), (2351, 4), (2604, 1), (2606, 2), (2711, 1), (2938, 2), (3070, 2), (3078, 1), (3080, 1), (3106, 4), (3239, 2), (3269, 1), (3504, 2), (3603, 1), (4186, 8), (4193, 2), (4288, 1), (4479, 1), (4518, 2), (4540, 1), (4556, 1), (4633, 2), (4729, 1), (4790, 2), (4948, 3), (4951, 1), (5013, 1), (5020, 1), (5126, 3), (5198, 1), (5606, 1), (5696, 2), (5945, 1), (5991, 3), (6057, 1), (6432, 3), (6436, 18), (6513, 2), (6705, 1), (6851, 4), (6883, 1), (7068, 1), (7309, 1), (7555, 1), (7734, 2), (7780, 1), (8128, 1), (8243, 3), (8415, 4), (8606, 4), (8922, 3), (8994, 1), (9196, 1), (9252, 5), (9279, 1), (9318, 2), (9383, 1), (9384, 1), (9516, 1), (9534, 4), (9568, 1), (9636, 4), (9641, 2), (9792, 1), (9872, 1)
segui (DF: 2): (213, 1), (2805, 1)
seguidor (DF: 4): (707, 1), (3586, 2), (3590, 1), (7508, 1)
seguim (DF: 8): (371, 1), (628, 4), (5126, 1), (6111, 1), (6399, 1), (8415, 4), (8733, 7), (9882, 2)
seguimo (DF: 4): (5569, 12), (8765, 1), (9095, 1), (9450, 1)
seguint (DF: 1): (9087, 1)
seguir (DF: 6): (87, 1), (4518, 1), (4782, 1), (5040, 1), (5762, 6), (7049, 2)
seguirt (DF: 1): (632, 3)
seguist (DF: 1): (4949, 1)
segun (DF: 4): (1079, 1), (4347, 1), (4352, 1), (9302, 1)
