ta (DF: 124): (1803, 1), (1833, 1), (1867, 4), (1918, 1), (1932, 1), (2018, 1), (2034, 2), (2147, 9), (2152, 1), (2275, 1), (2666, 1), (2759, 2), (2943, 1), (2952, 1), (2985, 1), (3060, 1), (3062, 2), (3093, 28), (3219, 4), (3223, 1), (3351, 3), (3453, 1), (3486, 2), (3587, 1), (3603, 1), (3660, 1), (3669, 2), (3674, 12), (3916, 1), (3930, 16), (3999, 3), (4009, 1), (4111, 1), (4386, 1), (4387, 2), (4419, 1), (4434, 2), (4501, 1), (4515, 1), (4646, 1), (4675, 1), (4684, 2), (4707, 48), (4762, 1), (4766, 3), (4790, 1), (4859, 14), (4985, 10), (4991, 16), (5050, 1), (5156, 1), (5172, 1), (5218, 4), (5291, 2), (5406, 1), (5439, 1), (5674, 1), (5766, 2), (5768, 1), (5775, 1), (5786, 3), (5796, 2), (5932, 3), (6025, 1), (6064, 2), (6126, 5), (6239, 3), (6251, 7), (6280, 1), (6292, 3), (6326, 1), (6397, 1), (6399, 3), (6438, 1), (6650, 4), (6674, 1), (6818, 1), (6909, 1), (7000, 2), (7019, 1), (7276, 4), (7301, 1), (7344, 3), (7508, 2), (7583, 8), (7603, 1), (7836, 23), (7857, 4), (7863, 9), (7953, 1), (7989, 1), (8036, 1), (8039, 1), (8091, 1), (8132, 1), (8156, 11), (8170, 1), (8187, 1), (8198, 1), (8353, 5), (8452, 6), (8510, 1), (8564, 1), (8632, 3), (8711, 16), (8733, 4), (8785, 1), (9032, 1), (9049, 10), (9060, 18), (9162, 8), (9185, 1), (9225, 1), (9236, 1), (9322, 1), (9334, 4), (9336, 2), (9381, 10), (9474, 2), (9524, 2), (9532, 1), (9740, 64), (9808, 1), (9960, 56)
ta7aria (DF: 1): (8678, 2)
ta7chich (DF: 1): (246, 1)
ta7schisch (DF: 1): (4387, 1)
ta7schischpaket (DF: 1): (5493, 2)
taa (DF: 3): (276, 1), (871, 1), (3351, 1)
taaa (DF: 2): (2943, 1), (5172, 1)
taai (DF: 2): (3660, 1), (7519, 1)
taaiyon (DF: 1): (5535, 1)
taal (DF: 1): (4849, 1)
taan (DF: 2): (4421, 2), (5582, 1)
taani (DF: 1): (4985, 1)
taaza (DF: 1): (4686, 1)
tab (DF: 18): (480, 1), (1109, 1), (1564, 1), (3223, 10), (4434, 1), (4543, 1), (4686, 1), (4960, 1), (6684, 2), (6758, 1), (6884, 1), (7291, 1), (7749, 4), (7787, 1), (8061, 1), (8653, 1), (9657, 1), (9873, 1)
tabac (DF: 5): (417, 1), (1098, 3), (1411, 1), (1443, 1), (9786, 9)
tabacada (DF: 1): (7270, 1)
tabajara (DF: 1): (7270, 1)
tabe (DF: 1): (9528, 1)
taber (DF: 1): (3527, 1)
tabhi (DF: 1): (9688, 1)
tabibito (DF: 1): (1102, 3)
tabitha (DF: 3): (43, 2), (2011, 1), (6303, 2)
tabl (DF: 127): (145, 2), (178, 1), (185, 2), (302, 1), (337, 1), (369, 1), (379, 1), (386, 3), (393, 1), (488, 3), (660, 1), (675, 2), (731, 1), (744, 1), (767, 2), (834, 1), (922, 1), (1046, 2), (1298, 2), (1399, 1), (1448, 2), (1547, 1), (1610, 1), (1674, 1), (1676, 8), (2077, 4), (2326, 1), (2505, 2), (2540, 2), (2573, 2), (2622, 2), (2625, 2), (2634, 1), (2672, 1), (2691, 1), (2726, 1), (2820, 1), (2949, 1), (2964, 1), (3052, 4), (3079, 4), (3209, 3), (3274, 1), (3549, 2), (3553, 6), (3689, 1), (3727, 1), (3794, 3), (3833, 1), (3930, 1), (3974, 1), (3991, 1), (4048, 3), (4211, 1), (4218, 1), (4337, 2), (4391, 2), (4411, 1), (4460, 1), (4473, 2), (4669, 1), (4686, 1), (4712, 4), (4716, 1), (4831, 1), (4842, 1), (4950, 4), (4984, 1), (5062, 1), (5076, 1), (5090, 1), (5106, 1), (5142, 1), (5281, 1), (5411, 8), (5479, 2), (5529, 1), (5642, 2), (5666, 1), (5751, 1), (5810, 6), (5822, 1), (5912, 3), (6108, 1), (6322, 1), (6380, 1), (6389, 2), (6464, 1), (6567, 1), (6632, 1), (6936, 1), (7015, 1), (7080, 2), (7173, 1), (7261, 1), (7335, 2), (7348, 1), (7444, 1), (7532, 1), (7540, 1), (7564, 1), (7672, 1), (7723, 1), (7752, 1), (7764, 3), (7775, 4), (7848, 1), (7998, 1), (8016, 2), (8078, 1), (8087, 1), (8387, 1), (8511, 3), (8570, 1), (8780, 1), (8839, 1), (8967, 5), (9226, 1), (9432, 1), (9481, 1), (9517, 1), (9742, 1), (9760, 1), (9766, 1), (384, 1), (8713, 1), (8714, 1)
tablecloth (DF: 2): (183, 1), (6212, 1)
tablet (DF: 2): (2102, 1), (8512, 2)
tabletc (DF: 1): (908, 1)
tablett (DF: 2): (246, 1), (6026, 1)
tablill (DF: 2): (3090, 1), (7526, 1)
tabliller (DF: 1): (6321, 1)
tabloid (DF: 1): (2665, 1)
tabon (DF: 1): (5493, 2)
taboo (DF: 3): (2458, 1), (4554, 9), (5983, 1)
taburet (DF: 1): (7982, 2)
tac (DF: 14): (178, 1), (567, 3), (905, 1), (1485, 3), (2967, 1), (4128, 1), (5409, 1), (7207, 1), (7654, 1), (7691, 1), (8026, 1), (8653, 3), (9751, 1), (9905, 2)
taca (DF: 3): (213, 1), (2539, 60), (7795, 2)
tacabro (DF: 1): (7583, 1)
tacata (DF: 1): (7583, 65)
tacatà (DF: 1): (7583, 1)
tacatá (DF: 1): (7583, 60)
tach (DF: 4): (250, 1), (3962, 2), (6025, 1), (9797, 2)
tacho (DF: 2): (1736, 3), (8670, 1)
taci (DF: 1): (1918, 1)
