bedragen (DF: 1): (6641, 1)
bedridden (DF: 1): (6527, 1)
bedrock (DF: 3): (3769, 1), (4629, 1), (7292, 1)
bedroh (DF: 1): (1715, 1)
bedroht (DF: 1): (1484, 1)
bedroom (DF: 63): (195, 2), (285, 1), (404, 2), (601, 3), (691, 1), (1076, 1), (1138, 1), (1789, 1), (1839, 18), (2282, 2), (2340, 2), (2391, 2), (2556, 1), (2634, 1), (2890, 1), (2960, 1), (2961, 1), (3369, 1), (3404, 1), (3447, 2), (3463, 13), (3789, 1), (3820, 1), (4120, 2), (4183, 1), (4396, 1), (4435, 1), (4586, 1), (4688, 3), (4762, 1), (4824, 1), (4864, 1), (5088, 1), (5229, 1), (5666, 5), (5801, 2), (5843, 2), (6039, 1), (6352, 1), (6375, 1), (6409, 1), (6567, 4), (6824, 1), (6905, 2), (6936, 1), (7024, 1), (7041, 19), (7189, 1), (7374, 3), (7553, 2), (7685, 4), (7776, 1), (7998, 1), (8021, 3), (8343, 1), (8576, 4), (8605, 1), (8893, 1), (9286, 1), (9301, 1), (9529, 1), (5841, 2), (5842, 1)
bedsheet (DF: 2): (6751, 1), (7241, 1)
bedsid (DF: 2): (1063, 1), (7500, 1)
bedsit (DF: 1): (1711, 1)
bedsitt (DF: 1): (7706, 1)
bedst (DF: 2): (1465, 4), (4991, 8)
bedtim (DF: 1): (7237, 1)
bee (DF: 32): (202, 1), (984, 1), (1279, 1), (1774, 4), (1922, 1), (2177, 1), (2717, 1), (2879, 2), (2983, 2), (3242, 1), (3543, 1), (3884, 1), (4376, 22), (4387, 1), (4675, 2), (4695, 1), (4779, 4), (4830, 1), (5412, 9), (5470, 1), (6296, 1), (6477, 1), (6607, 1), (6610, 1), (6795, 1), (7213, 3), (7480, 6), (7728, 1), (7839, 1), (7934, 1), (8237, 2), (8301, 1)
beech (DF: 2): (149, 3), (1834, 1)
beeee (DF: 1): (1145, 3)
beef (DF: 108): (72, 1), (121, 1), (149, 1), (222, 1), (246, 1), (306, 1), (350, 1), (490, 1), (558, 1), (606, 2), (696, 1), (737, 1), (829, 7), (1058, 2), (1150, 1), (1238, 12), (1243, 2), (1319, 1), (1469, 2), (1501, 2), (1674, 1), (1704, 1), (1773, 1), (2026, 4), (2177, 1), (2218, 4), (2482, 1), (2573, 1), (2624, 1), (2637, 1), (2822, 1), (3186, 1), (3234, 4), (3310, 1), (3462, 4), (3485, 6), (3650, 1), (3807, 2), (3924, 1), (3941, 24), (3984, 2), (3999, 1), (4128, 1), (4244, 3), (4282, 1), (4515, 2), (4603, 1), (4620, 1), (4627, 1), (4651, 2), (4837, 2), (4941, 1), (5049, 1), (5149, 1), (5309, 1), (5434, 1), (5581, 2), (5722, 1), (5783, 1), (5851, 1), (5862, 2), (5879, 1), (5959, 1), (6098, 1), (6135, 1), (6141, 1), (6174, 2), (6272, 1), (6568, 1), (6585, 4), (6644, 1), (6667, 1), (6767, 2), (6801, 1), (6837, 1), (6895, 1), (7004, 1), (7136, 1), (7192, 1), (7278, 2), (7279, 2), (7518, 1), (7534, 1), (7574, 1), (7745, 1), (7892, 1), (8040, 1), (8141, 1), (8167, 6), (8230, 1), (8358, 1), (8575, 1), (8779, 1), (8795, 1), (8893, 1), (9032, 6), (9057, 4), (9143, 1), (9251, 1), (9309, 1), (9322, 3), (9527, 3), (9576, 2), (9627, 1), (9794, 1), (9933, 2), (9946, 1), (3985, 1)
beefeat (DF: 1): (9540, 1)
beefin (DF: 8): (737, 1), (3310, 1), (4552, 1), (5851, 1), (5974, 1), (8252, 1), (9032, 1), (9322, 1)
beehiv (DF: 2): (3695, 2), (9933, 1)
beeinfluss (DF: 1): (5382, 1)
beelzebub (DF: 3): (2770, 1), (4021, 1), (5612, 1)
beemer (DF: 1): (5641, 1)
been (DF: 9): (2739, 2), (3419, 1), (4124, 1), (4201, 3), (4440, 1), (5105, 2), (5174, 1), (5429, 1), (7786, 1)
beend (DF: 1): (9457, 1)
beeni (DF: 4): (6197, 2), (6206, 2), (8151, 5), (8519, 1)
beeotch (DF: 1): (7492, 8)
beep (DF: 37): (335, 2), (537, 24), (603, 4), (684, 1), (982, 2), (996, 1), (1718, 1), (2084, 2), (2225, 1), (3232, 3), (3612, 1), (3628, 2), (4043, 1), (4150, 8), (4739, 1), (4812, 1), (4919, 28), (4944, 1), (4984, 2), (5277, 1), (5300, 4), (5608, 1), (5757, 1), (5949, 28), (6086, 1), (6266, 1), (6390, 1), (6472, 2), (6755, 1), (7106, 1), (7806, 2), (7998, 1), (8380, 3), (8799, 5), (9348, 1), (9640, 1), (9774, 1)
beepa (DF: 1): (5567, 1)
beepbeeep (DF: 2): (4919, 1), (5949, 1)
beepbeep (DF: 2): (4919, 3), (5949, 3)
beepboom (DF: 2): (4919, 1), (5949, 1)
beepdadadadadadaddadadboom (DF: 2): (4919, 1), (5949, 1)
beepdun (DF: 2): (4919, 1), (5949, 1)
beeper (DF: 8): (669, 1), (2995, 1), (3216, 1), (3803, 1), (5277, 1), (7103, 1), (9873, 1), (9922, 1)
beepin (DF: 3): (1767, 1), (2927, 1), (3628, 1)
beer (DF: 38): (168, 1), (264, 2), (275, 4), (600, 1), (704, 1), (815, 1), (948, 2), (1019, 1), (1134, 1), (1140, 1), (1142, 1), (1210, 1), (1579, 1), (1622, 1), (1661, 1), (1710, 1), (2061, 1), (2592, 1), (2844, 1), (2906, 1), (3138, 1), (4043, 2), (4354, 1), (4645, 1), (4872, 1), (5012, 1), (5030, 4), (5044, 2), (5066, 1), (5300, 1), (5494, 1), (5653, 1), (6147, 1), (6151, 1), (6284, 1), (6464, 2), (6571, 1), (7320, 1)
