charter (DF: 2): (1852, 1), (9538, 1)
chartreus (DF: 1): (578, 2)
chartssturm (DF: 1): (4004, 1)
chase (DF: 250): (92, 1), (102, 4), (122, 1), (139, 2), (145, 2), (191, 1), (200, 5), (218, 4), (220, 3), (222, 1), (265, 2), (442, 3), (490, 1), (531, 1), (555, 2), (596, 6), (718, 1), (736, 1), (799, 1), (849, 1), (895, 1), (942, 1), (1047, 2), (1174, 3), (1187, 1), (1239, 1), (1324, 4), (1401, 3), (1404, 2), (1434, 1), (1535, 4), (1566, 2), (1572, 1), (1613, 1), (1623, 1), (1667, 1), (1672, 1), (1676, 4), (1684, 1), (1700, 1), (1711, 1), (1761, 5), (1862, 4), (1949, 1), (2000, 1), (2014, 72), (2015, 4), (2036, 1), (2076, 2), (2142, 1), (2231, 1), (2270, 3), (2294, 1), (2334, 1), (2387, 2), (2397, 1), (2430, 1), (2455, 3), (2472, 1), (2489, 1), (2491, 1), (2524, 3), (2550, 1), (2676, 2), (2684, 2), (2688, 2), (2706, 2), (2716, 1), (2761, 1), (2821, 1), (2871, 1), (2890, 2), (2899, 4), (3000, 1), (3013, 6), (3019, 1), (3119, 2), (3146, 1), (3191, 4), (3218, 1), (3222, 1), (3258, 1), (3319, 1), (3335, 1), (3367, 3), (3372, 1), (3379, 1), (3396, 2), (3454, 1), (3474, 1), (3479, 1), (3543, 1), (3595, 1), (3693, 1), (3694, 2), (3727, 1), (3746, 1), (3813, 4), (3814, 3), (3824, 1), (3827, 2), (3867, 3), (3900, 1), (3935, 1), (3992, 2), (4059, 3), (4087, 1), (4098, 5), (4183, 2), (4212, 2), (4217, 1), (4243, 3), (4264, 1), (4282, 4), (4363, 5), (4364, 1), (4385, 1), (4446, 1), (4483, 1), (4586, 1), (4599, 1), (4616, 12), (4634, 1), (4645, 1), (4687, 1), (4736, 7), (4751, 1), (4762, 1), (4774, 9), (4792, 1), (4809, 1), (4819, 1), (4885, 1), (4902, 1), (4979, 2), (4996, 2), (5012, 1), (5067, 1), (5103, 1), (5106, 1), (5200, 2), (5288, 2), (5303, 2), (5312, 2), (5401, 1), (5428, 1), (5484, 1), (5539, 4), (5558, 1), (5570, 2), (5584, 1), (5616, 3), (5723, 1), (5724, 1), (5799, 1), (5807, 2), (5853, 2), (5857, 2), (5891, 1), (5897, 1), (5937, 2), (5943, 1), (6089, 1), (6344, 2), (6441, 1), (6442, 2), (6445, 1), (6448, 6), (6617, 1), (6624, 1), (6635, 2), (6649, 2), (6667, 1), (6713, 2), (6740, 5), (6761, 2), (6763, 1), (6903, 1), (6907, 1), (6913, 1), (6921, 1), (6997, 1), (7004, 1), (7029, 1), (7060, 2), (7086, 2), (7103, 1), (7149, 1), (7269, 2), (7345, 1), (7460, 3), (7574, 1), (7580, 1), (7639, 1), (7701, 2), (7844, 2), (7847, 1), (7888, 10), (7897, 1), (7932, 1), (7987, 4), (8006, 2), (8014, 9), (8022, 1), (8023, 4), (8108, 28), (8147, 1), (8194, 1), (8265, 1), (8286, 1), (8325, 1), (8330, 1), (8436, 2), (8445, 4), (8451, 1), (8560, 1), (8583, 1), (8643, 1), (8674, 1), (8736, 1), (8762, 1), (8779, 5), (8784, 48), (8835, 2), (8861, 2), (8879, 1), (8944, 1), (9097, 4), (9115, 1), (9135, 1), (9138, 1), (9144, 10), (9190, 1), (9217, 1), (9313, 2), (9328, 1), (9356, 1), (9452, 4), (9472, 1), (9483, 3), (9491, 4), (9538, 1), (9591, 1), (9628, 1), (9691, 2), (9855, 1), (9896, 2), (9932, 1), (9950, 2), (9958, 1)
chaser (DF: 12): (321, 1), (379, 1), (2104, 1), (2397, 1), (2624, 2), (4779, 4), (4783, 1), (5142, 1), (6644, 1), (6795, 1), (7544, 2), (7634, 1)
chasin (DF: 45): (220, 1), (510, 1), (548, 1), (672, 1), (693, 1), (941, 1), (1354, 1), (1374, 2), (1695, 3), (1767, 1), (2000, 1), (2057, 2), (2104, 1), (2273, 7), (2523, 1), (2563, 1), (3277, 1), (3310, 1), (3727, 1), (3811, 1), (3818, 4), (3900, 1), (4044, 4), (4310, 1), (4569, 2), (5075, 1), (5106, 1), (5205, 2), (5581, 2), (5905, 1), (6217, 3), (6503, 1), (7105, 1), (7516, 1), (7771, 1), (8176, 5), (8181, 2), (8306, 7), (8322, 1), (8568, 2), (8916, 2), (8974, 2), (9482, 8), (9831, 2), (9983, 5)
chasner (DF: 1): (6947, 2)
chasseur (DF: 1): (7607, 1)
chassi (DF: 1): (5841, 2)
chast (DF: 2): (820, 1), (6589, 1)
chastis (DF: 1): (8433, 1)
chat (DF: 37): (17, 1), (250, 1), (379, 1), (746, 14), (779, 1), (870, 1), (2527, 1), (2544, 35), (2604, 1), (2660, 1), (2784, 1), (3048, 1), (3444, 3), (3992, 1), (4019, 1), (4059, 1), (4198, 3), (4244, 1), (4937, 1), (5142, 1), (5206, 1), (5370, 1), (5445, 1), (6462, 1), (7073, 1), (7181, 1), (7262, 6), (7342, 3), (8234, 1), (8787, 2), (8825, 1), (9010, 1), (9316, 3), (9452, 2), (9628, 1), (9801, 1), (9905, 2)
chatarr (DF: 1): (9496, 1)
chateau (DF: 6): (2471, 11), (3995, 1), (4205, 2), (7499, 2), (7954, 1), (9150, 1)
chatouill (DF: 1): (2425, 1)
chatroom (DF: 1): (4008, 1)
chatt (DF: 1): (7607, 1)
chattahooche (DF: 1): (7320, 1)
chatter (DF: 6): (646, 1), (3156, 1), (4668, 1), (8705, 1), (9194, 1), (9597, 1)
chatti (DF: 3): (1021, 1), (2192, 1), (3010, 3)
chattin (DF: 1): (9125, 1)
chau (DF: 2): (7028, 2), (7863, 1)
chaud (DF: 5): (676, 1), (3768, 8), (4287, 8), (4440, 1), (4614, 1)
chaudi (DF: 1): (1834, 1)
chauffeur (DF: 12): (70, 1), (775, 2), (824, 1), (1574, 1), (2083, 1), (3248, 1), (4767, 1), (5459, 1), (5678, 1), (7859, 4), (8209, 1), (9182, 2)
chauffi (DF: 1): (9457, 1)
chauncey (DF: 1): (6219, 1)
chaunki (DF: 1): (4985, 1)
chauss (DF: 1): (540, 1)
chaussur (DF: 1): (7922, 1)
chav (DF: 8): (178, 1), (667, 1), (1474, 1), (2309, 3), (4799, 1), (5035, 3), (8036, 1), (9185, 5)
chavacan (DF: 1): (6917, 1)
chaval (DF: 1): (9516, 1)
chavala (DF: 1): (9368, 2)
chave (DF: 4): (2711, 6), (5859, 1), (7175, 1), (9279, 1)
chavel (DF: 2): (84, 2), (4605, 2)
chavet (DF: 1): (8506, 1)
chay (DF: 1): (3984, 1)
chaya (DF: 1): (3962, 1)
chayann (DF: 4): (1366, 1), (5376, 1), (6808, 1), (8646, 1)
chayas (DF: 1): (681, 1)
chazer (DF: 1): (642, 1)
chaîn (DF: 1): (7254, 1)
chc (DF: 15): (3744, 2), (4311, 8), (4358, 6), (4405, 1), (4582, 1), (4761, 1), (4859, 9), (4914, 4), (6007, 4), (7356, 1), (7916, 9), (8452, 1), (8509, 6), (9162, 1), (9695, 2)
chce (DF: 7): (908, 2), (3744, 2), (6441, 1), (7071, 1), (7344, 1), (8509, 1), (9647, 1)
chcemi (DF: 2): (250, 2), (7916, 7)
chcesz (DF: 4): (1655, 1), (4311, 1), (4859, 2), (9085, 4)
chcia (DF: 10): (250, 1), (1918, 1), (4311, 1), (4582, 2), (4914, 4), (6441, 1), (6678, 2), (7356, 1), (7916, 1), (8509, 6)
chcieli (DF: 1): (8604, 1)
chck (DF: 1): (4515, 4)
chd (DF: 1): (8510, 1)
chdb (DF: 35): (201, 1), (225, 1), (464, 1), (551, 1), (1770, 1), (2047, 1), (2113, 1), (2156, 1), (2222, 1), (2337, 1), (2396, 1), (3129, 1), (3266, 1), (3388, 1), (3556, 1), (3712, 1), (3964, 1), (3968, 1), (5648, 1), (5874, 1), (6058, 1), (6716, 1), (6841, 1), (6873, 1), (7405, 1), (7796, 1), (7816, 1), (8138, 1), (8239, 1), (8267, 1), (8716, 1), (9421, 1), (9707, 1), (9714, 1), (9907, 1)
che (DF: 11): (14, 1), (246, 2), (358, 3), (598, 2), (1668, 2), (2316, 2), (2963, 3), (5156, 2), (5604, 7), (5656, 3), (7863, 1)
chea (DF: 8): (1773, 4), (1805, 2), (2411, 5), (3529, 1), (4042, 1), (6568, 1), (8135, 1), (8381, 1)
cheap (DF: 68): (77, 2), (132, 1), (168, 1), (695, 1), (704, 1), (727, 1), (867, 3), (1012, 1), (1019, 1), (1191, 1), (1274, 1), (1351, 2), (1437, 1), (1594, 1), (1634, 1), (1975, 1), (1976, 3), (2058, 1), (2274, 1), (2422, 1), (2506, 1), (2609, 2), (2701, 1), (3032, 6), (3045, 1), (3085, 2), (3509, 1), (3833, 1), (3869, 1), (3913, 1), (3986, 1), (4476, 13), (4583, 1), (4622, 1), (4944, 1), (5060, 61), (5207, 1), (5261, 1), (5320, 1), (5374, 34), (5418, 1), (5759, 1), (5779, 1), (6147, 1), (6213, 2), (6667, 1), (6721, 1), (7182, 1), (7264, 1), (7291, 1), (7336, 13), (7623, 1), (7635, 1), (7665, 1), (7867, 1), (8261, 1), (8301, 2), (8347, 1), (8369, 1), (8525, 1), (8755, 1), (9026, 2), (9059, 2), (9251, 1), (9292, 1), (9794, 1), (9926, 3), (9927, 1)
cheapen (DF: 1): (1928, 1)
cheaper (DF: 12): (590, 1), (1469, 1), (2459, 1), (2495, 1), (2855, 1), (4767, 1), (4962, 1), (5241, 1), (5316, 1), (5992, 1), (8862, 1), (9933, 2)
cheapsid (DF: 1): (3763, 2)
cheas (DF: 1): (1834, 1)
cheat (DF: 72): (65, 1), (69, 1), (124, 1), (401, 1), (848, 2), (975, 1), (1058, 2), (1110, 6), (1111, 1), (1120, 1), (1256, 1), (1393, 1), (1505, 2), (1675, 1), (1805, 1), (1936, 1), (2000, 1), (2069, 1), (2153, 1), (2405, 1), (2730, 2), (2801, 2), (2811, 2), (2840, 1), (2901, 1), (3315, 1), (3398, 1), (3682, 1), (3815, 2), (4023, 1), (4381, 1), (4384, 1), (4829, 1), (4938, 1), (5667, 2), (5742, 1), (5771, 1), (5832, 1), (5953, 1), (5960, 2), (6064, 2), (6114, 1), (6288, 2), (6392, 1), (6480, 1), (6520, 4), (6572, 2), (6695, 1), (6704, 2), (6942, 1), (6986, 4), (7159, 2), (7163, 21), (7275, 6), (7387, 1), (7444, 3), (7605, 2), (8027, 4), (8251, 2), (8302, 2), (8447, 1), (8557, 1), (8581, 1), (8734, 1), (8741, 2), (8789, 2), (8988, 1), (9010, 1), (9150, 1), (9292, 1), (9727, 1), (9796, 2)
cheater (DF: 4): (1505, 2), (7275, 4), (8470, 1), (9200, 1)
cheatham (DF: 1): (9115, 1)
cheatin (DF: 10): (617, 1), (786, 1), (915, 1), (1111, 1), (3807, 4), (4468, 1), (6288, 16), (7216, 1), (9150, 1), (9846, 2)
chec (DF: 3): (217, 1), (1022, 1), (1788, 1)
check (DF: 504): (38, 1), (82, 2), (113, 1), (153, 4), (155, 9), (172, 2), (182, 1), (202, 1), (246, 2), (248, 6), (273, 48), (292, 1), (306, 1), (324, 1), (387, 1), (436, 2), (449, 16), (486, 1), (525, 1), (583, 1), (616, 1), (631, 2), (658, 1), (673, 2), (684, 1), (696, 3), (731, 1), (737, 1), (740, 1), (742, 1), (782, 3), (786, 1), (821, 1), (829, 2), (833, 1), (846, 3), (859, 1), (862, 1), (870, 1), (888, 1), (925, 1), (964, 1), (973, 1), (975, 1), (1008, 2), (1011, 1), (1028, 1), (1031, 1), (1034, 1), (1050, 1), (1076, 1), (1124, 2), (1135, 1), (1152, 1), (1157, 1), (1174, 2), (1177, 7), (1181, 1), (1188, 1), (1218, 1), (1227, 1), (1230, 1), (1282, 3), (1285, 1), (1304, 1), (1320, 1), (1325, 1), (1331, 1), (1351, 2), (1391, 3), (1402, 1), (1434, 1), (1448, 1), (1513, 1), (1521, 1), (1575, 6), (1587, 2), (1626, 2), (1648, 1), (1649, 1), (1671, 1), (1693, 6), (1760, 6), (1790, 1), (1801, 2), (1849, 2), (1880, 1), (1919, 3), (1952, 2), (1979, 2), (1990, 1), (2002, 1), (2014, 18), (2026, 1), (2032, 2), (2057, 1), (2101, 2), (2102, 1), (2142, 1), (2143, 1), (2154, 11), (2170, 1), (2172, 6), (2178, 2), (2186, 1), (2192, 1), (2194, 1), (2235, 1), (2240, 1), (2251, 1), (2254, 12), (2286, 1), (2324, 1), (2333, 1), (2345, 1), (2356, 2), (2357, 2), (2411, 1), (2423, 1), (2482, 1), (2520, 2), (2522, 2), (2527, 2), (2562, 1), (2566, 2), (2576, 1), (2584, 1), (2588, 2), (2669, 1), (2692, 2), (2718, 1), (2726, 1), (2737, 1), (2745, 4), (2843, 1), (2856, 2), (2857, 6), (2860, 1), (2872, 1), (2896, 1), (2899, 2), (2907, 2), (2963, 112), (2967, 1), (3009, 17), (3018, 2), (3019, 1), (3034, 1), (3048, 1), (3052, 1), (3059, 1), (3079, 2), (3100, 2), (3104, 2), (3118, 1), (3121, 2), (3136, 2), (3155, 1), (3184, 2), (3199, 3), (3248, 1), (3251, 1), (3268, 2), (3365, 1), (3408, 2), (3410, 1), (3440, 6), (3458, 1), (3468, 4), (3478, 1), (3507, 25), (3510, 1), (3525, 1), (3542, 1), (3546, 3), (3581, 2), (3584, 4), (3605, 1), (3627, 3), (3659, 3), (3704, 1), (3736, 1), (3753, 1), (3795, 1), (3803, 2), (3813, 1), (3839, 2), (3852, 4), (3867, 2), (3913, 1), (3917, 1), (3922, 1), (3962, 1), (3967, 4), (4008, 4), (4023, 1), (4091, 1), (4098, 2), (4103, 1), (4121, 1), (4124, 3), (4190, 1), (4222, 2), (4262, 1), (4359, 2), (4361, 2), (4374, 1), (4407, 1), (4410, 2), (4415, 1), (4449, 1), (4460, 3), (4478, 7), (4493, 1), (4522, 1), (4543, 1), (4547, 1), (4575, 1), (4600, 2), (4604, 1), (4641, 1), (4664, 1), (4668, 1), (4669, 2), (4684, 3), (4690, 1), (4715, 1), (4731, 1), (4746, 4), (4762, 1), (4770, 1), (4788, 8), (4811, 1), (4854, 9), (4866, 3), (4876, 1), (4889, 3), (4899, 1), (4907, 1), (4916, 2), (4933, 1), (4937, 6), (4941, 1), (4972, 1), (4984, 1), (5000, 1), (5032, 2), (5037, 2), (5073, 2), (5075, 2), (5088, 2), (5114, 1), (5179, 1), (5225, 1), (5249, 2), (5313, 2), (5316, 1), (5327, 1), (5340, 1), (5349, 1), (5384, 1), (5393, 1), (5398, 1), (5404, 1), (5415, 1), (5453, 1), (5456, 1), (5461, 1), (5479, 1), (5487, 1), (5494, 1), (5495, 1), (5591, 2), (5608, 1), (5623, 1), (5627, 6), (5642, 1), (5656, 112), (5667, 2), (5705, 1), (5707, 1), (5714, 6), (5715, 1), (5725, 8), (5751, 2), (5766, 2), (5773, 1), (5794, 1), (5834, 8), (5837, 1), (5840, 1), (5935, 1), (5957, 2), (5998, 1), (6024, 1), (6029, 2), (6042, 1), (6104, 1), (6144, 1), (6165, 3), (6186, 1), (6189, 1), (6214, 1), (6254, 1), (6396, 2), (6428, 1), (6441, 1), (6472, 3), (6478, 1), (6516, 1), (6569, 1), (6582, 1), (6583, 1), (6607, 4), (6692, 1), (6695, 1), (6743, 1), (6746, 9), (6754, 3), (6760, 1), (6780, 1), (6799, 2), (6829, 2), (6899, 2), (6913, 6), (6921, 1), (6926, 1), (6950, 1), (6952, 1), (7004, 5), (7046, 4), (7096, 1), (7133, 1), (7138, 2), (7154, 1), (7176, 2), (7177, 1), (7178, 1), (7189, 1), (7192, 1), (7217, 2), (7218, 1), (7226, 1), (7227, 2), (7265, 1), (7266, 1), (7272, 2), (7279, 2), (7285, 2), (7297, 1), (7319, 3), (7340, 3), (7355, 1), (7411, 2), (7418, 1), (7419, 1), (7441, 2), (7454, 4), (7458, 1), (7516, 1), (7518, 3), (7520, 1), (7544, 1), (7554, 1), (7580, 1), (7597, 3), (7624, 1), (7650, 2), (7671, 1), (7690, 1), (7767, 5), (7768, 1), (7785, 1), (7789, 1), (7804, 2), (7806, 1), (7844, 2), (7847, 1), (7871, 1), (7888, 15), (7898, 1), (7932, 1), (7960, 3), (7962, 1), (7991, 3), (8007, 1), (8009, 2), (8010, 1), (8040, 2), (8061, 6), (8087, 1), (8107, 1), (8126, 1), (8135, 1), (8154, 2), (8167, 3), (8170, 1), (8197, 1), (8209, 1), (8214, 1), (8235, 1), (8238, 1), (8268, 12), (8299, 3), (8304, 1), (8313, 3), (8316, 2), (8325, 1), (8359, 2), (8369, 4), (8380, 5), (8387, 1), (8424, 17), (8468, 1), (8470, 1), (8491, 1), (8492, 4), (8554, 1), (8575, 1), (8592, 1), (8596, 1), (8597, 1), (8601, 3), (8615, 2), (8629, 2), (8638, 1), (8649, 1), (8668, 2), (8689, 2), (8692, 1), (8705, 1), (8736, 1), (8784, 12), (8800, 1), (8803, 4), (8807, 1), (8812, 2), (8818, 1), (8825, 1), (8829, 3), (8852, 1), (8903, 1), (8908, 1), (8938, 1), (8985, 1), (8988, 1), (9008, 1), (9035, 1), (9054, 2), (9057, 1), (9061, 1), (9066, 3), (9105, 1), (9125, 1), (9130, 1), (9211, 1), (9243, 1), (9249, 2), (9264, 1), (9267, 3), (9283, 12), (9288, 2), (9295, 1), (9303, 24), (9328, 1), (9348, 1), (9351, 4), (9356, 4), (9379, 3), (9394, 1), (9423, 1), (9451, 2), (9458, 4), (9499, 2), (9500, 1), (9515, 1), (9531, 2), (9538, 5), (9579, 2), (9597, 1), (9627, 10), (9628, 3), (9658, 1), (9669, 24), (9689, 2), (9718, 1), (9726, 1), (9729, 2), (9751, 1), (9758, 1), (9777, 4), (9788, 18), (9794, 1), (9795, 1), (9797, 4), (9801, 1), (9826, 1), (9849, 2), (9853, 1), (9866, 1), (9875, 1), (9910, 1), (9922, 1), (9965, 1)
checka (DF: 1): (9244, 4)
checken (DF: 1): (2260, 1)
checker (DF: 5): (449, 1), (7577, 2), (9576, 2), (9729, 1), (9993, 1)
checkerboard (DF: 2): (563, 1), (9739, 12)
checkin (DF: 45): (2, 1), (153, 2), (202, 1), (210, 1), (237, 1), (306, 1), (622, 1), (846, 3), (1547, 1), (1705, 1), (2048, 1), (2278, 1), (2476, 1), (2636, 1), (2927, 1), (3018, 1), (3019, 1), (3075, 1), (3371, 1), (3584, 2), (3707, 2), (4037, 1), (4533, 1), (4828, 1), (4878, 1), (5045, 1), (5168, 1), (5419, 1), (5707, 1), (5842, 1), (5876, 2), (5934, 1), (6464, 1), (6846, 1), (7024, 1), (7138, 2), (7369, 1), (7439, 1), (7700, 1), (7806, 1), (8325, 1), (8951, 1), (9080, 1), (9283, 2), (9879, 1)
checklist (DF: 3): (2471, 2), (2520, 2), (5741, 1)
checkmat (DF: 1): (3288, 1)
checkout (DF: 6): (4229, 2), (5754, 1), (6036, 1), (6044, 2), (6529, 1), (7390, 1)
cheddar (DF: 14): (1031, 1), (1253, 1), (1498, 3), (2472, 1), (2795, 1), (3867, 4), (4303, 1), (4972, 1), (5340, 6), (5461, 3), (7616, 2), (7892, 1), (9527, 1), (9640, 1)
