infinita (DF: 1): (6270, 2)
infinito (DF: 1): (2651, 2)
infinity (DF: 7): (1244, 2), (2739, 1), (5306, 2), (7851, 2), (8719, 6), (8923, 2), (9039, 6)
infiziert (DF: 1): (5890, 1)
inflam (DF: 3): (417, 1), (4186, 2), (9534, 1)
inflar (DF: 1): (5110, 1)
inflat (DF: 5): (1545, 1), (8346, 1), (9277, 1), (9397, 1), (9784, 1)
inflict (DF: 3): (3267, 1), (6158, 1), (8414, 1)
inflictin (DF: 1): (7369, 1)
influ (DF: 1): (4009, 1)
influenc (DF: 7): (1552, 1), (3597, 2), (4420, 1), (7147, 1), (7730, 1), (8135, 1), (8231, 1)
influenci (DF: 1): (5040, 1)
influencin (DF: 1): (7136, 1)
info (DF: 9): (33, 2), (1699, 1), (2649, 1), (4123, 1), (4170, 8), (5711, 2), (5766, 2), (8170, 1), (9320, 1)
inform (DF: 23): (648, 1), (1704, 1), (1770, 2), (1964, 1), (2935, 1), (3479, 1), (3564, 2), (4199, 1), (4320, 1), (4598, 1), (5136, 1), (5777, 1), (6073, 1), (6098, 1), (6649, 1), (6862, 1), (6875, 1), (7114, 2), (7265, 1), (8242, 1), (8475, 1), (8787, 1), (9787, 2)
information (DF: 1): (1845, 1)
informação (DF: 1): (6983, 1)
infra (DF: 1): (6266, 1)
infrang (DF: 2): (8208, 1), (9664, 1)
infrar (DF: 7): (1124, 1), (1547, 1), (3581, 1), (4603, 1), (7237, 1), (8141, 1), (9993, 1)
infus (DF: 3): (3745, 1), (5604, 1), (8374, 1)
ing (DF: 9): (2607, 1), (2795, 1), (6193, 1), (6232, 1), (8360, 2), (8433, 1), (8834, 2), (9739, 3), (9980, 1)
ingann (DF: 1): (1848, 3)
ingen (DF: 10): (2152, 3), (2759, 1), (3527, 6), (4714, 6), (4991, 1), (6292, 1), (6674, 3), (7603, 3), (8564, 1), (9648, 1)
ingeni (DF: 1): (8917, 1)
ingenier (DF: 6): (728, 1), (1215, 1), (1453, 1), (3897, 1), (6884, 1), (7760, 1)
ingent (DF: 1): (9648, 1)
ingenu (DF: 3): (3201, 1), (4238, 2), (6190, 1)
inghiott (DF: 1): (9222, 1)
ingles (DF: 5): (3316, 1), (5026, 2), (5396, 2), (7274, 2), (8526, 1)
inglewood (DF: 13): (441, 4), (2565, 1), (3854, 1), (4784, 3), (5312, 1), (5489, 1), (5513, 4), (6327, 2), (6478, 1), (6761, 2), (7751, 1), (8079, 2), (9646, 1)
inglé (DF: 39): (242, 2), (292, 2), (386, 2), (948, 2), (1169, 2), (1208, 2), (1457, 2), (1529, 2), (1728, 2), (2726, 2), (2971, 2), (3029, 2), (3343, 2), (3378, 2), (3457, 2), (3742, 2), (4020, 2), (4144, 2), (4566, 2), (4932, 2), (5058, 2), (5060, 2), (5332, 2), (5488, 2), (5685, 2), (6795, 2), (6945, 2), (7135, 2), (7176, 2), (7299, 2), (7489, 2), (7576, 2), (7640, 2), (7652, 2), (8409, 2), (8967, 2), (9454, 2), (9635, 2), (9645, 2)
ingnit (DF: 1): (3514, 1)
ingrain (DF: 1): (8987, 1)
ingrat (DF: 4): (4210, 1), (6248, 1), (8763, 1), (9252, 1)
ingredi (DF: 6): (1469, 1), (2795, 1), (3065, 1), (3251, 1), (5523, 1), (9476, 1)
ingrosso (DF: 8): (338, 1), (843, 1), (2394, 1), (3287, 1), (4328, 1), (8600, 1), (9438, 1), (9897, 1)
inguala (DF: 1): (5959, 2)
ingênuo (DF: 1): (5007, 3)
inhaftiert (DF: 1): (2050, 1)
inhal (DF: 24): (74, 2), (602, 1), (801, 2), (1344, 1), (1891, 1), (2676, 2), (2832, 1), (3268, 1), (3776, 1), (4024, 1), (4398, 1), (4675, 1), (4739, 1), (5349, 2), (5495, 1), (5637, 2), (5914, 1), (6872, 1), (7291, 4), (7690, 1), (7889, 1), (8903, 1), (9209, 1), (9886, 1)
inhali (DF: 1): (5051, 1)
inhalin (DF: 1): (5533, 1)
inherit (DF: 20): (200, 1), (251, 1), (581, 1), (1166, 1), (1552, 1), (1802, 1), (3741, 1), (3905, 1), (5227, 2), (5851, 1), (5872, 1), (6011, 1), (6130, 1), (6963, 1), (7806, 1), (8561, 1), (9269, 1), (9305, 1), (9804, 1), (9945, 2)
inhibit (DF: 14): (673, 1), (1509, 1), (1548, 2), (1746, 1), (2362, 1), (2989, 3), (3855, 4), (4850, 4), (5087, 1), (6077, 4), (6785, 1), (7557, 3), (7573, 1), (7621, 1)
inhuman (DF: 3): (443, 1), (4210, 1), (8969, 1)
ini (DF: 2): (3471, 1), (4023, 1)
inici (DF: 6): (489, 1), (2792, 1), (4518, 1), (5991, 1), (6190, 1), (9430, 1)
inicial (DF: 1): (2033, 2)
iniett (DF: 1): (8777, 2)
inigual (DF: 1): (8454, 1)
inimagin (DF: 1): (9410, 2)
inimigo (DF: 2): (5959, 1), (6234, 1)
inimiti (DF: 1): (7607, 1)
iniqu (DF: 1): (3745, 1)
init (DF: 1): (3150, 1)
initi (DF: 9): (69, 1), (2265, 1), (2548, 2), (2918, 6), (3110, 1), (3278, 2), (3797, 2), (4494, 1), (5794, 7)
iniz (DF: 5): (6395, 4), (6691, 1), (7726, 1), (8054, 10), (9203, 3)
inject (DF: 12): (1326, 1), (2815, 1), (3521, 1), (3562, 1), (4830, 1), (5243, 2), (5350, 1), (5766, 1), (7551, 1), (7868, 1), (8170, 1), (9242, 1)
injun (DF: 2): (3238, 1), (5857, 2)
injur (DF: 2): (1613, 1), (4326, 1)
injuri (DF: 2): (5082, 1), (5958, 1)
injustic (DF: 1): (6011, 1)
injustici (DF: 1): (9415, 2)
ink (DF: 30): (65, 1), (379, 1), (1106, 1), (2221, 1), (2422, 1), (2705, 1), (4159, 2), (4625, 1), (5142, 1), (5774, 1), (5862, 1), (6300, 1), (6419, 4), (6732, 1), (6814, 2), (7249, 1), (7606, 1), (7675, 6), (7756, 3), (7984, 1), (8087, 3), (8176, 1), (8424, 2), (8904, 1), (9138, 5), (9173, 4), (9649, 1), (9784, 1), (9977, 1), (9983, 1)
inkl (DF: 1): (8081, 1)
inklusiv (DF: 1): (2881, 1)
inmami (DF: 1): (8940, 2)
inmat (DF: 4): (490, 1), (2439, 1), (5783, 1), (7369, 1)
inmediat (DF: 3): (173, 6), (3226, 1), (7586, 1)
inmens (DF: 4): (580, 1), (2316, 1), (6379, 3), (7056, 2)
inmortal (DF: 8): (4544, 1), (5224, 1), (5381, 2), (6514, 3), (6553, 3), (6808, 1), (6974, 1), (7415, 1)
inmortalizal (DF: 1): (2316, 1)
inmunodeficient (DF: 1): (9469, 1)
inn (DF: 8): (128, 1), (789, 4), (1059, 1), (2104, 1), (2951, 2), (3466, 1), (6214, 1), (9965, 1)
