southern (DF: 374): (4341, 1), (4355, 1), (4360, 2), (4364, 1), (4365, 1), (4374, 1), (4381, 2), (4407, 1), (4460, 1), (4468, 1), (4501, 2), (4525, 2), (4533, 2), (4535, 1), (4547, 2), (4569, 2), (4576, 2), (4585, 1), (4628, 2), (4629, 2), (4661, 1), (4664, 1), (4681, 1), (4684, 2), (4705, 1), (4706, 1), (4731, 3), (4745, 2), (4766, 1), (4770, 2), (4784, 1), (4788, 1), (4793, 2), (4803, 2), (4818, 1), (4827, 1), (4831, 1), (4844, 2), (4851, 2), (4880, 2), (4889, 1), (4895, 1), (4903, 2), (4933, 1), (4938, 2), (4944, 2), (4947, 2), (4963, 1), (4972, 2), (5008, 2), (5018, 2), (5030, 2), (5031, 1), (5037, 1), (5041, 2), (5050, 2), (5055, 1), (5056, 1), (5068, 2), (5076, 2), (5078, 2), (5085, 2), (5091, 1), (5137, 1), (5158, 1), (5190, 2), (5209, 1), (5217, 2), (5249, 1), (5258, 2), (5299, 2), (5309, 1), (5340, 2), (5345, 1), (5347, 1), (5362, 2), (5370, 1), (5438, 1), (5460, 1), (5463, 2), (5467, 2), (5495, 2), (5499, 1), (5564, 1), (5587, 1), (5596, 1), (5608, 1), (5633, 2), (5734, 1), (5766, 2), (5803, 3), (5820, 1), (5828, 2), (5838, 2), (5907, 1), (5918, 2), (5943, 1), (5954, 1), (5972, 2), (5992, 1), (6008, 1), (6019, 2), (6024, 1), (6071, 1), (6092, 1), (6121, 2), (6146, 2), (6151, 1), (6163, 1), (6165, 2), (6168, 1), (6185, 1), (6203, 2), (6217, 1), (6226, 1), (6258, 2), (6266, 2), (6272, 1), (6273, 2), (6296, 4), (6304, 2), (6314, 2), (6319, 2), (6322, 1), (6325, 1), (6327, 2), (6342, 2), (6367, 1), (6375, 2), (6388, 2), (6390, 2), (6392, 1), (6403, 1), (6431, 1), (6452, 1), (6478, 2), (6543, 1), (6558, 1), (6568, 2), (6571, 2), (6573, 2), (6583, 1), (6602, 1), (6636, 1), (6728, 1), (6732, 2), (6738, 1), (6741, 3), (6755, 2), (6761, 1), (6763, 1), (6767, 1), (6771, 2), (6800, 1), (6837, 2), (6840, 1), (6846, 1), (6847, 2), (6853, 1), (6895, 2), (6923, 1), (6937, 2), (6948, 2), (6971, 1), (6995, 1), (7006, 1), (7017, 1), (7020, 2), (7051, 1), (7054, 1), (7070, 2), (7090, 2), (7096, 1), (7098, 1), (7102, 2), (7103, 2), (7105, 1), (7106, 1), (7121, 2), (7123, 1), (7136, 1), (7163, 2), (7173, 1), (7178, 2), (7189, 1), (7227, 1), (7247, 1), (7256, 1), (7266, 1), (7279, 1), (7297, 1), (7304, 1), (7320, 2), (7334, 1), (7339, 1), (7360, 2), (7430, 1), (7441, 2), (7464, 1), (7473, 2), (7474, 2), (7480, 1), (7492, 2), (7520, 2), (7540, 1), (7544, 1), (7559, 2), (7570, 1), (7574, 2), (7591, 2), (7635, 1), (7647, 1), (7650, 2), (7678, 1), (7684, 1), (7707, 1), (7721, 1), (7778, 1), (7829, 1), (7857, 2), (7860, 1), (7892, 2), (7901, 2), (7908, 1), (7924, 1), (7928, 1), (7943, 2), (7949, 1), (7960, 2), (7991, 2), (8009, 1), (8026, 1), (8055, 2), (8060, 1), (8079, 2), (8103, 1), (8107, 2), (8122, 1), (8133, 2), (8156, 1), (8168, 1), (8209, 2), (8235, 1), (8238, 1), (8244, 1), (8248, 2), (8249, 1), (8254, 2), (8316, 3), (8325, 1), (8343, 1), (8347, 2), (8373, 1), (8381, 1), (8383, 2), (8387, 1), (8394, 2), (8407, 1), (8434, 1), (8468, 1), (8470, 2), (8473, 2), (8489, 2), (8536, 1), (8547, 2), (8548, 1), (8555, 2), (8561, 1), (8571, 1), (8592, 1), (8603, 1), (8662, 2), (8676, 2), (8705, 1), (8736, 2), (8745, 1), (8752, 1), (8779, 2), (8780, 1), (8830, 1), (8852, 1), (8862, 2), (8878, 1), (8884, 2), (8929, 1), (8959, 1), (9000, 1), (9033, 1), (9041, 1), (9054, 1), (9059, 2), (9073, 2), (9100, 1), (9102, 1), (9115, 2), (9119, 2), (9132, 2), (9140, 1), (9191, 2), (9209, 2), (9226, 1), (9228, 1), (9256, 2), (9257, 2), (9262, 1), (9283, 1), (9311, 1), (9324, 1), (9325, 1), (9333, 2), (9347, 2), (9377, 1), (9379, 1), (9393, 1), (9419, 1), (9435, 2), (9446, 2), (9498, 1), (9509, 1), (9548, 1), (9572, 1), (9625, 2), (9627, 2), (9628, 1), (9633, 2), (9658, 1), (9668, 2), (9676, 1), (9701, 1), (9725, 1), (9730, 2), (9742, 2), (9751, 1), (9758, 2), (9767, 2), (9794, 1), (9796, 2), (9816, 2), (9823, 1), (9833, 1), (9846, 2), (9866, 2), (9870, 1), (9873, 1), (9879, 1), (9886, 1), (9894, 1), (9944, 1), (9965, 1), (9989, 11), (9992, 1), (9993, 2), (872, 1), (874, 1), (993, 2), (994, 1), (1564, 1), (1565, 2), (5251, 1), (5252, 1), (5267, 2), (5269, 1), (6141, 1), (6142, 1), (7450, 1), (7451, 1), (7751, 1), (7752, 2), (8228, 2), (8229, 1), (9649, 1), (9651, 1), (9759, 1), (9760, 1)
southernplayalist (DF: 1): (6296, 2)
southernplayalisticadillac (DF: 1): (6296, 6)
southernplayalisticadillacmuzik (DF: 3): (4185, 1), (6296, 2), (8884, 1)
southland (DF: 1): (1873, 1)
southlea (DF: 1): (3525, 1)
southpaw (DF: 3): (40, 2), (2644, 1), (6936, 1)
southsid (DF: 26): (660, 1), (1263, 1), (1438, 25), (2083, 1), (2708, 1), (3186, 1), (3356, 1), (3804, 1), (5076, 1), (5367, 4), (6203, 1), (6322, 1), (6777, 2), (6876, 1), (6929, 4), (7297, 2), (7721, 1), (7860, 6), (8238, 1), (8470, 1), (8689, 1), (8852, 3), (8929, 2), (9209, 1), (9363, 1), (9886, 1)
southstar (DF: 1): (4877, 1)
southwest (DF: 5): (993, 1), (1469, 1), (1562, 2), (3300, 1), (6266, 1)
