homicid (DF: 22): (699, 1), (1710, 1), (2332, 1), (3268, 1), (3374, 1), (3821, 5), (4279, 1), (4523, 5), (4645, 1), (4971, 1), (5253, 1), (5570, 2), (5587, 2), (6087, 1), (6558, 1), (6767, 1), (7751, 1), (7857, 1), (8561, 1), (9102, 1), (9324, 1), (9640, 4)
homicidi (DF: 1): (7953, 1)
homm (DF: 5): (540, 1), (676, 1), (4308, 1), (6425, 1), (7607, 4)
hommi (DF: 1): (9845, 1)
hommmmmmm (DF: 1): (6460, 2)
hommmmmmmmm (DF: 1): (6460, 1)
homo (DF: 4): (2104, 1), (5049, 2), (8676, 1), (9668, 1)
homophob (DF: 1): (2160, 1)
homosapien (DF: 1): (1564, 1)
homosexu (DF: 1): (4629, 1)
homs (DF: 1): (178, 1)
hon (DF: 5): (1076, 2), (3161, 1), (7189, 2), (8026, 2), (8534, 1)
hona (DF: 1): (2268, 4)
honcho (DF: 1): (4818, 1)
hond (DF: 5): (651, 1), (1051, 1), (1668, 2), (4678, 2), (9060, 3)
honda (DF: 15): (285, 1), (689, 1), (1282, 3), (2084, 4), (2091, 2), (2100, 14), (2254, 3), (3248, 1), (3408, 1), (5637, 4), (5914, 2), (6092, 1), (8917, 1), (9594, 1), (9640, 1)
honderd (DF: 1): (1432, 1)
hondur (DF: 2): (1476, 2), (8116, 1)
hone (DF: 1): (3010, 1)
honest (DF: 144): (62, 1), (217, 1), (558, 1), (687, 1), (718, 1), (876, 2), (1020, 15), (1067, 4), (1084, 1), (1117, 1), (1140, 1), (1210, 1), (1214, 3), (1223, 1), (1243, 1), (1302, 4), (1387, 1), (1407, 1), (1603, 3), (1638, 1), (1643, 1), (1662, 6), (1698, 9), (1725, 2), (1755, 1), (1823, 1), (1961, 1), (1974, 1), (2068, 1), (2166, 2), (2172, 3), (2210, 2), (2229, 1), (2236, 1), (2273, 1), (2335, 1), (2401, 4), (2456, 1), (2532, 2), (2776, 1), (2831, 2), (2937, 1), (3021, 2), (3207, 1), (3283, 1), (3439, 1), (3553, 16), (3589, 1), (3700, 2), (3714, 1), (3721, 9), (3727, 1), (3776, 1), (3827, 2), (3990, 1), (4030, 1), (4068, 1), (4069, 1), (4101, 1), (4107, 1), (4126, 1), (4137, 3), (4370, 1), (4420, 1), (4488, 1), (4504, 1), (4549, 2), (4634, 1), (4772, 2), (5064, 3), (5067, 1), (5071, 2), (5106, 1), (5237, 3), (5375, 1), (5492, 2), (5526, 1), (5700, 1), (5731, 1), (5759, 1), (5776, 1), (5800, 1), (5848, 1), (5876, 1), (5894, 6), (5942, 1), (5958, 1), (5993, 1), (6017, 1), (6164, 1), (6216, 2), (6244, 1), (6259, 1), (6308, 2), (6380, 1), (6437, 1), (6449, 1), (6483, 1), (6684, 1), (6794, 2), (6949, 4), (6985, 15), (7001, 1), (7167, 6), (7201, 1), (7250, 1), (7335, 2), (7363, 2), (7462, 1), (7634, 1), (7665, 1), (7744, 1), (7748, 1), (7881, 1), (7905, 2), (8071, 1), (8135, 1), (8286, 1), (8334, 8), (8357, 2), (8431, 1), (8436, 1), (8445, 4), (8467, 1), (8475, 1), (8481, 1), (8511, 8), (8537, 2), (8668, 2), (8690, 20), (8701, 1), (8909, 4), (9135, 1), (9369, 8), (9431, 1), (9508, 2), (9509, 1), (9560, 1), (9594, 1), (9632, 1), (9914, 2), (3782, 1), (3783, 1), (6947, 2)
honesti (DF: 27): (319, 4), (780, 2), (865, 2), (1321, 1), (1638, 3), (2712, 5), (2811, 2), (2982, 1), (3259, 1), (3537, 8), (4625, 1), (4632, 6), (5731, 3), (5800, 1), (6427, 2), (6505, 1), (6775, 2), (6938, 10), (7092, 6), (7168, 1), (7715, 1), (8376, 4), (8634, 2), (9404, 2), (9848, 1), (9851, 1), (9875, 1)
honey (DF: 130): (78, 10), (215, 1), (221, 1), (287, 2), (315, 4), (334, 2), (449, 1), (470, 10), (503, 8), (565, 2), (583, 1), (642, 1), (688, 2), (690, 2), (802, 1), (847, 2), (870, 1), (896, 1), (912, 4), (926, 1), (1076, 1), (1094, 1), (1108, 1), (1135, 1), (1200, 4), (1245, 2), (1285, 2), (1388, 5), (1419, 1), (1428, 2), (1463, 2), (1473, 1), (1497, 1), (1502, 4), (1520, 1), (1591, 1), (1688, 3), (1751, 1), (1867, 1), (1892, 2), (1916, 1), (2045, 1), (2093, 4), (2172, 1), (2195, 3), (2239, 1), (2273, 4), (2278, 1), (2297, 1), (2300, 14), (2406, 3), (2452, 5), (2456, 1), (2459, 2), (2558, 8), (2628, 2), (2687, 1), (2707, 1), (2727, 4), (2856, 2), (2857, 7), (2878, 4), (2927, 1), (2953, 1), (2976, 2), (2981, 1), (3027, 2), (3053, 1), (3102, 5), (3124, 1), (3147, 1), (3149, 1), (3251, 1), (3270, 1), (3271, 10), (3294, 1), (3332, 3), (3420, 1), (3468, 2), (3473, 2), (3542, 1), (3548, 1), (3582, 1), (3636, 1), (3671, 5), (3695, 18), (3703, 32), (3746, 4), (3775, 1), (3837, 1), (3967, 2), (3995, 1), (4005, 1), (4008, 1), (4085, 1), (4112, 1), (4168, 1), (4228, 4), (4268, 2), (4459, 3), (4515, 2), (4583, 2), (4628, 2), (4648, 6), (4675, 2), (4695, 4), (4698, 1), (4705, 1), (4723, 1), (4733, 27), (4751, 1), (4777, 2), (4793, 3), (4875, 1), (4899, 2), (4993, 3), (5032, 1), (5211, 1), (5234, 10), (5277, 5), (5281, 1), (5303, 4), (5343, 1), (5362, 8), (5401, 1), (5441, 2), (5509, 1), (5513, 2), (5523, 22), (5564, 4)
