pasa (DF: 11): (1920, 5), (2735, 1), (3146, 1), (4109, 1), (4267, 4), (6408, 1), (6657, 2), (7049, 98), (8560, 1), (9156, 1), (9368, 6)
pasaaaa (DF: 1): (6689, 2)
pasab (DF: 1): (4879, 1)
pasabord (DF: 2): (1099, 2), (6689, 1)
pasach (DF: 1): (9781, 1)
pasadena (DF: 4): (2628, 2), (5513, 2), (6327, 1), (8079, 1)
pasado (DF: 1): (7049, 2)
pasaj (DF: 3): (1005, 1), (3996, 1), (5762, 2)
pasajer (DF: 4): (417, 1), (3342, 4), (7742, 2), (8329, 3)
pasal (DF: 5): (2659, 4), (3219, 4), (4560, 1), (8606, 2), (8994, 1)
pasam (DF: 7): (178, 1), (1284, 1), (1424, 1), (1932, 1), (3418, 16), (3587, 2), (5246, 1)
pasan (DF: 1): (7583, 1)
pasand (DF: 1): (5535, 1)
pasando (DF: 4): (2277, 1), (3001, 1), (5894, 1), (8590, 4)
pasandot (DF: 1): (8805, 9)
pasao (DF: 1): (7049, 2)
pasaport (DF: 1): (6079, 2)
pasar (DF: 1): (9474, 1)
pasarel (DF: 3): (728, 1), (3078, 1), (6057, 1)
pasari (DF: 2): (5696, 12), (7223, 1)
pasart (DF: 1): (3903, 1)
pasará (DF: 1): (9474, 1)
pasatel (DF: 1): (3757, 2)
pase (DF: 7): (2843, 2), (3078, 1), (3669, 1), (4767, 1), (5055, 8), (6057, 1), (7696, 1)
paseam (DF: 1): (8205, 1)
pasem (DF: 2): (109, 1), (4560, 1)
pasenl (DF: 1): (53, 1)
pasesel (DF: 1): (4560, 2)
pash (DF: 1): (1215, 2)
pasha (DF: 2): (3409, 1), (5367, 1)
pashanim (DF: 1): (3409, 1)
pasi (DF: 1): (250, 4)
pasill (DF: 3): (5574, 2), (5973, 2), (9867, 2)
pasin (DF: 4): (44, 1), (5341, 1), (6126, 1), (9049, 2)
pasion (DF: 27): (355, 1), (1939, 1), (2429, 1), (2805, 1), (3031, 1), (3158, 2), (3495, 2), (4236, 1), (4496, 1), (4556, 1), (4711, 1), (4879, 1), (4961, 1), (5276, 1), (5363, 1), (5376, 1), (5512, 1), (6120, 2), (6175, 1), (6243, 1), (6878, 1), (7183, 1), (7501, 1), (7843, 3), (9342, 1), (9470, 1), (9475, 2)
pasional (DF: 1): (3158, 1)
pasit (DF: 2): (7799, 1), (9887, 8)
pasiw (DF: 1): (3902, 1)
paskach (DF: 1): (7313, 1)
paski (DF: 1): (4761, 2)
pasm (DF: 2): (5017, 1), (5621, 1)
paso (DF: 3): (81, 1), (4718, 2), (7049, 2)
paspoort (DF: 1): (8418, 1)
pasqoutank (DF: 1): (80, 1)
pass (DF: 476): (15, 1), (25, 2), (26, 3), (34, 2), (36, 1), (68, 1), (69, 1), (92, 2), (161, 2), (170, 2), (196, 4), (228, 1), (239, 1), (270, 1), (321, 1), (337, 1), (351, 1), (422, 9), (430, 6), (438, 2), (449, 1), (462, 1), (493, 1), (518, 1), (524, 1), (548, 1), (564, 1), (566, 1), (571, 1), (574, 1), (611, 2), (639, 1), (647, 1), (649, 1), (676, 1), (684, 1), (742, 1), (769, 4), (804, 1), (815, 1), (817, 1), (830, 1), (834, 1), (860, 3), (896, 1), (909, 1), (931, 1), (952, 1), (1010, 1), (1025, 4), (1045, 2), (1092, 1), (1138, 1), (1174, 3), (1194, 2), (1211, 1), (1214, 6), (1219, 1), (1301, 1), (1313, 1), (1324, 2), (1344, 2), (1361, 2), (1371, 1), (1381, 1), (1391, 6), (1434, 1), (1460, 4), (1477, 4), (1480, 3), (1487, 1), (1490, 3), (1520, 1), (1539, 2), (1547, 1), (1564, 1), (1579, 1), (1602, 1), (1605, 1), (1625, 5), (1629, 1), (1634, 3), (1638, 1), (1657, 1), (1668, 4), (1688, 2), (1766, 1), (1800, 3), (1827, 1), (1848, 1), (1874, 1), (1882, 1), (1906, 9), (1919, 2), (1949, 1), (1954, 2), (1970, 2), (1971, 1), (1976, 3), (2039, 1), (2053, 1), (2086, 4), (2104, 1), (2145, 1), (2164, 14), (2198, 2), (2199, 2), (2234, 2), (2241, 1), (2249, 1), (2253, 2), (2256, 1), (2278, 1), (2310, 1), (2322, 1), (2338, 2), (2356, 1), (2421, 2), (2472, 1), (2492, 1), (2510, 2), (2538, 2), (2559, 1), (2581, 1), (2636, 1), (2644, 1), (2649, 1), (2657, 1), (2676, 1), (2692, 1), (2720, 1), (2735, 1), (2788, 1), (2809, 1), (2825, 1), (2832, 2), (2849, 1), (2858, 1), (2859, 4), (2863, 1), (2892, 1), (2921, 1), (2923, 2), (2929, 1), (2936, 3), (2944, 1), (2993, 1), (3008, 1), (3084, 3), (3099, 1), (3152, 2), (3164, 1), (3210, 3), (3213, 1), (3232, 1), (3244, 1), (3247, 2), (3295, 1), (3299, 1), (3316, 3), (3320, 2), (3323, 1), (3325, 2), (3343, 8), (3390, 1), (3394, 3), (3397, 1), (3441, 3), (3443, 1), (3454, 1), (3487, 2), (3491, 2), (3499, 1), (3529, 4), (3532, 1), (3577, 1), (3594, 1), (3595, 1), (3688, 2), (3689, 1), (3715, 2), (3775, 1), (3784, 1), (3788, 2), (3812, 1), (3948, 1), (3954, 3), (3964, 1), (3973, 1), (3996, 1), (4042, 4), (4058, 1), (4088, 2), (4104, 1), (4129, 1), (4139, 3), (4165, 3), (4197, 1), (4226, 1), (4239, 1), (4240, 2), (4250, 1), (4279, 1), (4333, 1), (4341, 1), (4360, 3), (4365, 1), (4374, 1), (4376, 1), (4440, 1), (4485, 1), (4490, 1), (4498, 3), (4533, 1), (4555, 1), (4565, 1), (4587, 1), (4588, 1), (4603, 1), (4611, 2), (4614, 1), (4663, 2), (4716, 1), (4723, 1), (4749, 1), (4753, 1), (4766, 1), (4819, 1), (4820, 4), (4833, 1), (4854, 1), (4873, 1), (4877, 1), (4890, 1), (4905, 1), (4907, 1), (4941, 1), (4960, 1), (4967, 1), (4981, 1), (4982, 1), (4998, 1), (5032, 1), (5075, 1), (5078, 1), (5087, 1), (5089, 1), (5091, 1), (5112, 1), (5133, 4), (5195, 1), (5197, 10), (5265, 4), (5289, 2), (5301, 1), (5367, 1), (5385, 1), (5407, 1), (5424, 1), (5429, 2), (5432, 1), (5453, 1), (5456, 1), (5484, 1), (5494, 1), (5519, 1), (5561, 3), (5572, 1), (5581, 1), (5608, 1), (5610, 2), (5617, 1), (5682, 1), (5722, 2), (5731, 1), (5737, 1), (5748, 1), (5751, 9), (5775, 1), (5781, 1), (5783, 1), (5799, 1), (5821, 2), (5825, 3), (5829, 1), (5842, 1), (5846, 1), (5901, 1), (5907, 1), (5939, 7), (5941, 1), (5942, 1), (5982, 1), (6012, 1), (6019, 1), (6032, 1), (6052, 2), (6063, 6), (6094, 1), (6096, 1), (6114, 1), (6157, 1), (6217, 1), (6264, 2), (6273, 4), (6296, 1), (6413, 1), (6447, 1), (6448, 6), (6452, 1), (6481, 1), (6536, 3), (6552, 4), (6560, 1), (6569, 1), (6573, 1), (6585, 1), (6631, 2), (6640, 1), (6684, 5), (6697, 3), (6713, 1), (6727, 1), (6751, 1), (6782, 1), (6784, 4), (6800, 1), (6801, 1), (6858, 1), (6886, 2), (6899, 1), (6902, 1), (6913, 1), (6925, 2), (6951, 3), (6953, 2), (6982, 1), (7020, 1), (7024, 1), (7096, 1), (7106, 1), (7118, 1), (7150, 2), (7180, 1), (7195, 1), (7226, 1), (7266, 2), (7289, 2), (7323, 1), (7349, 1), (7353, 1), (7364, 1), (7403, 1), (7464, 2), (7480, 3), (7516, 1), (7533, 1), (7556, 1), (7570, 2), (7580, 1), (7592, 2), (7597, 1), (7598, 1), (7607, 3), (7620, 1), (7630, 1), (7635, 1), (7643, 1), (7651, 2), (7654, 1), (7663, 3), (7694, 5), (7707, 1), (7720, 1), (7726, 1), (7751, 1), (7758, 1), (7800, 2), (7806, 4), (7867, 1), (7870, 2), (7898, 6), (7901, 1), (7945, 2), (7969, 1), (7983, 1), (8009, 1), (8020, 1), (8054, 2), (8060, 1), (8094, 4), (8107, 1), (8114, 2), (8141, 1), (8167, 6), (8204, 1), (8212, 1), (8231, 1), (8233, 1), (8247, 1), (8262, 1), (8265, 1), (8304, 1), (8336, 1), (8404, 1), (8407, 1), (8411, 4), (8433, 1), (8448, 1), (8498, 1), (8512, 2), (8559, 2), (8561, 1), (8572, 1), (8582, 1), (8587, 2), (8598, 4), (8605, 2), (8661, 1), (8690, 18), (8692, 1), (8705, 1), (8776, 4), (8812, 1), (8891, 1), (8991, 1), (9030, 1), (9071, 1), (9126, 1), (9127, 1), (9131, 1), (9143, 1), (9148, 2), (9199, 1), (9200, 1), (9209, 2), (9222, 1), (9241, 1), (9253, 1), (9267, 1), (9290, 1), (9291, 1), (9349, 2), (9356, 3), (9375, 5), (9394, 2), (9421, 1), (9464, 3), (9510, 3), (9551, 1), (9590, 3), (9594, 1), (9596, 2), (9619, 3), (9696, 1), (9701, 1), (9709, 1), (9717, 1), (9737, 1), (9738, 2), (9745, 1), (9747, 1), (9758, 1), (9764, 12), (9795, 25), (9821, 2), (9823, 1), (9825, 1), (9886, 2), (9902, 2), (9906, 2), (9912, 1), (9924, 1), (9944, 1), (9978, 1), (9992, 1)
passa (DF: 13): (1072, 1), (1415, 2), (1881, 2), (2680, 1), (3353, 1), (4016, 2), (4167, 1), (6397, 1), (7869, 2), (8858, 4), (8938, 1), (9525, 10), (9860, 1)
passado (DF: 5): (2242, 1), (2839, 9), (6289, 2), (8052, 1), (9525, 1)
passag (DF: 1): (9458, 4)
passageira (DF: 1): (4167, 2)
passamo (DF: 1): (1659, 1)
passando (DF: 4): (1881, 2), (2631, 2), (6289, 5), (9494, 1)
passaport (DF: 1): (2711, 1)
passar (DF: 8): (213, 1), (2631, 1), (2680, 1), (2711, 1), (5118, 2), (5606, 1), (7211, 6), (9120, 4)
passaram (DF: 1): (4167, 1)
passat (DF: 2): (2050, 1), (9781, 1)
passeando (DF: 1): (2839, 1)
passei (DF: 3): (213, 1), (3215, 3), (5859, 1)
passen (DF: 1): (9425, 1)
passeng (DF: 22): (735, 2), (1342, 1), (1692, 1), (2008, 1), (2685, 14), (3030, 1), (3204, 1), (3245, 6), (3486, 1), (3584, 20), (4299, 5), (4922, 7), (5863, 3), (5902, 1), (6519, 1), (7517, 1), (7728, 2), (8459, 1), (8570, 1), (8754, 14), (9323, 13), (9922, 1)
passent (DF: 1): (9407, 4)
passer (DF: 4): (462, 1), (2421, 2), (2849, 1), (6328, 3)
passi (DF: 4): (5838, 3), (6008, 1), (9125, 1), (9795, 3)
passiert (DF: 7): (437, 1), (483, 1), (484, 1), (1654, 1), (3409, 1), (4998, 3), (6238, 1)
passin (DF: 25): (17, 3), (1253, 1), (1477, 1), (1490, 1), (1849, 1), (1977, 2), (1984, 1), (2939, 1), (4211, 1), (4339, 1), (4350, 1), (4536, 1), (5078, 2), (5463, 1), (5838, 1), (6244, 1), (6713, 2), (7145, 1), (7537, 1), (7597, 1), (7862, 1), (8551, 1), (8774, 1), (9398, 1), (9944, 1)
passion (DF: 115): (26, 3), (106, 1), (129, 1), (154, 2), (281, 1), (486, 1), (514, 2), (561, 2), (635, 1), (1093, 1), (1290, 1), (1326, 2), (1338, 4), (1508, 2), (1638, 1), (1661, 1), (1751, 3), (1767, 1), (1772, 3), (2000, 1), (2035, 1), (2075, 1), (2105, 1), (2115, 1), (2218, 1), (2427, 4), (2431, 2), (2696, 2), (2753, 1), (2821, 1), (2884, 1), (2916, 2), (2985, 1), (3081, 1), (3084, 3), (3156, 1), (3179, 1), (3217, 1), (3446, 4), (3486, 1), (3767, 1), (4037, 1), (4050, 1), (4365, 1), (4454, 2), (4490, 1), (4717, 1), (4866, 1), (5088, 1), (5097, 1), (5168, 1), (5201, 2), (5263, 1), (5322, 1), (5448, 16), (5537, 1), (5543, 2), (5699, 2), (5704, 1), (5708, 1), (5731, 1), (5872, 1), (5902, 1), (5913, 2), (6103, 1), (6242, 5), (6256, 1), (6362, 1), (6376, 1), (6507, 1), (6556, 1), (6616, 2), (6642, 1), (6830, 1), (6846, 1), (6852, 3), (7110, 1), (7126, 2), (7341, 1), (7471, 2), (7577, 1), (7663, 1), (7867, 1), (7868, 2), (8017, 1), (8063, 1), (8159, 1), (8276, 1), (8286, 1), (8295, 2), (8320, 1), (8384, 1), (8484, 1), (8610, 3), (8635, 1), (8765, 7), (8880, 1), (8934, 1), (8969, 4), (8973, 2), (9003, 6), (9013, 1), (9230, 2), (9242, 2), (9344, 1), (9404, 2), (9450, 7), (9465, 2), (9594, 1), (9624, 1), (9707, 1), (9729, 1), (9810, 1), (9958, 1), (9988, 1)
passionfruit (DF: 1): (5947, 1)
passiv (DF: 1): (6467, 1)
passo (DF: 4): (3305, 2), (6234, 5), (6983, 6), (7211, 1)
passou (DF: 5): (3870, 2), (6289, 1), (7869, 2), (8113, 1), (9860, 1)
passport (DF: 14): (1330, 1), (2131, 1), (2500, 1), (3084, 3), (3300, 1), (4337, 2), (4349, 2), (5851, 1), (5983, 1), (6516, 1), (6782, 1), (8564, 1), (8755, 1), (8986, 1)
passt (DF: 3): (493, 1), (3123, 1), (9788, 1)
password (DF: 2): (6794, 1), (9270, 1)
passá (DF: 1): (2986, 1)
passé (DF: 1): (2490, 4)
past (DF: 390): (1, 1), (25, 2), (50, 3), (68, 1), (69, 1), (88, 1), (144, 1), (152, 1), (170, 1), (205, 1), (210, 2), (211, 1), (222, 1), (253, 1), (267, 2), (336, 1), (351, 1), (358, 1), (384, 1), (388, 1), (391, 4), (419, 1), (431, 6), (461, 1), (496, 3), (561, 2), (593, 1), (607, 1), (668, 4), (769, 3), (788, 1), (833, 1), (864, 1), (870, 1), (946, 2), (1011, 1), (1015, 3), (1063, 1), (1084, 1), (1087, 3), (1093, 1), (1125, 1), (1186, 4), (1257, 1), (1258, 1), (1313, 1), (1324, 2), (1344, 2), (1354, 1), (1361, 3), (1364, 1), (1374, 2), (1431, 3), (1448, 5), (1459, 1), (1471, 1), (1477, 1), (1540, 1), (1600, 2), (1621, 1), (1631, 1), (1649, 1), (1656, 4), (1660, 4), (1675, 2), (1683, 1), (1716, 1), (1727, 1), (1737, 2), (1830, 1), (1861, 1), (1893, 1), (1923, 6), (1931, 2), (1932, 3), (1956, 1), (1980, 1), (2008, 1), (2015, 2), (2031, 2), (2061, 1), (2067, 4), (2075, 1), (2082, 1), (2097, 1), (2145, 2), (2146, 4), (2177, 1), (2198, 2), (2199, 3), (2278, 1), (2286, 2), (2290, 2), (2299, 1), (2359, 2), (2373, 2), (2393, 1), (2416, 2), (2449, 2), (2450, 1), (2501, 2), (2533, 9), (2537, 1), (2540, 2), (2579, 3), (2582, 2), (2598, 1), (2636, 1), (2669, 1), (2676, 4), (2682, 1), (2684, 1), (2712, 2), (2715, 2), (2737, 1), (2758, 1), (2762, 1), (2779, 1), (2808, 2), (2821, 4), (2878, 1), (2887, 1), (2890, 1), (2907, 12), (2927, 1), (2964, 1), (2967, 1), (3025, 1), (3079, 10), (3089, 2), (3103, 1), (3119, 9), (3141, 2), (3171, 1), (3263, 1), (3278, 2), (3319, 2), (3350, 1), (3361, 1), (3406, 1), (3476, 2), (3529, 1), (3633, 2), (3685, 1), (3720, 6), (3807, 2), (3811, 1), (3820, 2), (3833, 1), (3837, 5), (3902, 1), (3907, 1), (3986, 1), (4027, 1), (4030, 2), (4042, 1), (4068, 1), (4110, 1), (4119, 1), (4144, 8), (4176, 1), (4183, 1), (4212, 8), (4217, 2), (4248, 1), (4271, 1), (4355, 1), (4371, 1), (4372, 1), (4383, 5), (4393, 1), (4420, 1), (4427, 1), (4481, 1), (4513, 2), (4522, 1), (4530, 1), (4569, 1), (4601, 1), (4634, 1), (4641, 1), (4647, 1), (4766, 1), (4796, 1), (4820, 1), (4831, 1), (4843, 1), (4884, 2), (4905, 1), (4917, 1), (4918, 1), (4967, 1), (5028, 1), (5041, 1), (5061, 1), (5074, 4), (5092, 1), (5097, 1), (5186, 1), (5224, 1), (5277, 1), (5308, 2), (5327, 6), (5346, 1), (5365, 1), (5367, 1), (5389, 1), (5483, 1), (5494, 1), (5519, 1), (5576, 6), (5591, 4), (5627, 2), (5641, 1), (5699, 2), (5711, 12), (5751, 1), (5765, 1), (5767, 2), (5785, 1), (5814, 1), (5815, 1), (5829, 1), (5873, 2), (5887, 2), (5896, 1), (5913, 2), (5921, 4), (5929, 2), (5937, 3), (5957, 1), (5995, 1), (6056, 2), (6061, 1), (6086, 1), (6102, 3), (6171, 1), (6231, 1), (6268, 1), (6273, 3), (6285, 2), (6315, 1), (6323, 1), (6372, 1), (6375, 1), (6390, 1), (6434, 1), (6440, 1), (6470, 1), (6491, 2), (6516, 1), (6578, 4), (6596, 1), (6639, 1), (6643, 1), (6697, 8), (6701, 1), (6707, 1), (6731, 5), (6732, 2), (6749, 2), (6794, 2), (6839, 2), (6908, 3), (6910, 3), (6948, 4), (6984, 1), (7015, 1), (7018, 1), (7040, 4), (7048, 1), (7051, 1), (7059, 4), (7103, 1), (7107, 1), (7115, 1), (7132, 1), (7146, 4), (7148, 1), (7169, 2), (7173, 1), (7174, 1), (7204, 1), (7231, 1), (7253, 1), (7320, 1), (7343, 3), (7350, 1), (7460, 1), (7462, 1), (7505, 1), (7577, 2), (7631, 1), (7642, 1), (7663, 1), (7680, 1), (7682, 4), (7718, 1), (7747, 1), (7771, 1), (7786, 1), (7789, 1), (7834, 3), (7867, 1), (7889, 1), (7926, 2), (7938, 2), (7960, 1), (8029, 1), (8100, 5), (8146, 2), (8150, 2), (8180, 3), (8183, 1), (8190, 4), (8214, 1), (8226, 1), (8228, 1), (8303, 1), (8367, 1), (8372, 2), (8424, 3), (8436, 1), (8457, 1), (8493, 1), (8527, 1), (8545, 2), (8559, 1), (8582, 1), (8663, 1), (8678, 1), (8695, 3), (8731, 1), (8736, 1), (8788, 1), (8798, 1), (8854, 1), (8862, 1), (8882, 3), (8884, 1), (8895, 3), (8942, 1), (8952, 2), (8995, 1), (9003, 2), (9013, 1), (9053, 1), (9054, 1), (9075, 1), (9103, 1), (9107, 1), (9152, 3), (9175, 1), (9185, 1), (9188, 2), (9250, 1), (9291, 1), (9310, 3), (9327, 1), (9348, 1), (9381, 1), (9418, 4), (9424, 1), (9478, 1), (9483, 1), (9493, 1), (9512, 1), (9516, 1), (9538, 1), (9553, 1), (9569, 1), (9571, 2), (9583, 3), (9624, 1), (9630, 2), (9634, 1), (9635, 1), (9702, 1), (9771, 2), (9801, 1), (9830, 1), (9831, 2), (9835, 1), (9844, 1), (9870, 1), (9871, 1), (9888, 1), (9952, 2), (9974, 1), (9988, 1)
pasta (DF: 7): (181, 2), (1635, 1), (1849, 1), (6913, 1), (7430, 1), (8209, 1), (9509, 1)
pastel (DF: 6): (12, 2), (2967, 1), (6138, 1), (8429, 2), (8542, 1), (9410, 2)
pastellorang (DF: 1): (5955, 1)
pasti (DF: 4): (5674, 2), (7591, 2), (9540, 2), (9607, 1)
pastill (DF: 12): (53, 1), (143, 2), (2564, 1), (4081, 3), (4515, 1), (5674, 1), (6808, 1), (7415, 2), (8342, 1), (8420, 2), (8466, 3), (8928, 2)
pastilla (DF: 1): (8870, 1)
