bring (DF: 110): (9288, 1), (9328, 1), (9349, 2), (9356, 4), (9361, 1), (9388, 2), (9394, 4), (9402, 1), (9426, 5), (9440, 1), (9448, 1), (9451, 1), (9458, 8), (9485, 12), (9517, 3), (9526, 1), (9538, 2), (9567, 1), (9569, 1), (9597, 2), (9632, 2), (9681, 1), (9683, 2), (9689, 1), (9713, 1), (9728, 1), (9729, 2), (9735, 2), (9744, 6), (9763, 11), (9775, 1), (9788, 1), (9830, 1), (9844, 6), (9853, 1), (9890, 2), (9913, 1), (9932, 2), (9934, 1), (9944, 1), (9954, 1), (9988, 1), (9993, 1), (80, 1), (81, 1), (546, 1), (547, 3), (573, 7), (574, 1), (1121, 1), (1122, 1), (1482, 2), (1483, 1), (2274, 1), (2276, 1), (2734, 1), (2735, 1), (3819, 2), (3820, 2), (4232, 7), (4234, 4), (4388, 1), (4389, 1), (4689, 13), (4690, 1), (4742, 1), (4743, 1), (5594, 1), (5595, 2), (5689, 4), (5690, 3), (5750, 4), (5751, 3), (6052, 4), (6054, 1), (6061, 1), (6062, 1), (6193, 3), (6195, 2), (6724, 1), (6726, 1), (6995, 1), (6997, 1), (7227, 1), (7228, 3), (7359, 1), (7360, 1), (7753, 1), (7754, 1), (7829, 1), (7830, 43), (7954, 4), (7955, 1), (8370, 3), (8371, 1), (8372, 9), (8373, 1), (8779, 2), (8780, 1), (8949, 2), (8950, 1), (8958, 1), (8959, 1), (9103, 1), (9105, 1), (9135, 1), (9136, 2), (9888, 1), (9970, 1), (9971, 1)
bringer (DF: 1): (2759, 1)
bringin (DF: 26): (1245, 1), (1829, 1), (2052, 1), (2523, 5), (2563, 1), (2964, 1), (3278, 2), (3594, 1), (3718, 1), (4190, 1), (4669, 1), (4829, 1), (5865, 2), (5942, 3), (6148, 2), (7226, 1), (7707, 1), (7856, 1), (7862, 1), (7900, 1), (7952, 1), (7955, 1), (8147, 4), (8209, 1), (8568, 10), (9527, 1)
bringing (DF: 1): (3071, 1)
bringt (DF: 7): (2328, 1), (2463, 1), (3932, 1), (5559, 9), (8498, 1), (8932, 1), (9788, 1)
brink (DF: 9): (72, 1), (1298, 1), (2154, 1), (2546, 1), (2622, 1), (3414, 1), (3827, 2), (6509, 1), (8830, 1)
brinner (DF: 1): (7603, 1)
brio (DF: 1): (1452, 1)
brioni (DF: 1): (4124, 1)
briosc (DF: 1): (9906, 2)
briquet (DF: 1): (598, 1)
bris (DF: 6): (1366, 1), (3342, 6), (3623, 1), (4702, 2), (4886, 2), (6940, 2)
brisa (DF: 9): (1415, 1), (3364, 1), (3692, 1), (3870, 1), (6270, 3), (7211, 1), (7795, 3), (7869, 1), (9087, 1)
brisban (DF: 1): (4244, 1)
brisbang (DF: 1): (4244, 3)
brisc (DF: 1): (2604, 1)
bristl (DF: 1): (8634, 2)
bristol (DF: 3): (4262, 1), (7070, 1), (8921, 1)
brit (DF: 2): (1688, 2), (3371, 1)
britain (DF: 2): (3043, 1), (4030, 1)
britch (DF: 4): (3374, 1), (4045, 1), (4739, 1), (6899, 1)
british (DF: 5): (1023, 1), (4369, 1), (6429, 1), (7740, 1), (8475, 2)
britney (DF: 7): (2397, 1), (2662, 1), (3789, 1), (8402, 1), (8573, 6), (9301, 1), (9361, 6)
britpop (DF: 23): (126, 1), (131, 1), (939, 1), (1125, 1), (1958, 1), (2001, 1), (2025, 1), (3034, 1), (3426, 1), (4483, 1), (5378, 1), (5504, 1), (5518, 1), (5752, 1), (6919, 1), (7050, 1), (7995, 1), (8076, 1), (8157, 1), (8180, 1), (8277, 1), (9330, 1), (9913, 1)
britt (DF: 3): (3985, 1), (3998, 1), (8797, 1)
brittani (DF: 1): (5496, 3)
brittl (DF: 2): (7628, 3), (7634, 1)
brivid (DF: 2): (3954, 1), (9664, 2)
brixton (DF: 2): (1263, 1), (7180, 1)
brizzl (DF: 1): (6114, 1)
bro (DF: 107): (21, 1), (47, 1), (306, 1), (350, 4), (446, 1), (455, 1), (484, 1), (525, 2), (643, 3), (952, 4), (1004, 1), (1021, 1), (1038, 1), (1436, 1), (1485, 2), (1550, 4), (1649, 2), (1655, 1), (1891, 1), (2000, 1), (2053, 1), (2057, 1), (2116, 2), (2192, 1), (2254, 2), (2399, 2), (2541, 2), (2563, 2), (2573, 1), (2644, 1), (2801, 1), (2967, 2), (3201, 3), (3234, 10), (3383, 6), (3444, 1), (3510, 1), (3568, 6), (3580, 2), (3769, 2), (3781, 1), (3864, 1), (3949, 3), (4044, 1), (4046, 3), (4281, 1), (4386, 1), (4427, 1), (4587, 1), (4723, 1), (4764, 1), (4820, 1), (4874, 1), (4909, 1), (5086, 1), (5296, 1), (5363, 2), (5370, 2), (5392, 1), (5409, 1), (5606, 1), (5667, 2), (5782, 4), (5840, 1), (5865, 1), (5876, 2), (5909, 3), (5955, 2), (6007, 1), (6168, 1), (6265, 1), (6363, 1), (6490, 1), (6577, 7), (6600, 3), (6631, 1), (6667, 2), (6751, 1), (6755, 1), (6885, 1), (6895, 1), (6899, 3), (7082, 1), (7134, 1), (7482, 1), (7485, 1), (7583, 3), (7662, 2), (7863, 1), (7898, 2), (7912, 1), (7977, 1), (8004, 1), (8230, 1), (8369, 1), (8407, 1), (8455, 1), (8467, 1), (8995, 1), (9063, 1), (9138, 3), (9143, 2), (9232, 1), (9412, 2), (9663, 2), (9760, 1), (9905, 1)
broad (DF: 18): (26, 3), (270, 1), (287, 2), (479, 3), (634, 1), (1226, 2), (1334, 2), (1410, 1), (1625, 1), (1704, 1), (1727, 1), (2315, 1), (2646, 1), (2760, 1), (3133, 1), (3282, 2), (3432, 1), (3506, 1)
