sign (DF: 73): (7586, 1), (7616, 1), (7714, 1), (7777, 19), (7789, 1), (7800, 1), (7897, 1), (7937, 2), (7986, 3), (7994, 1), (8032, 1), (8048, 1), (8083, 2), (8101, 3), (8209, 1), (8250, 6), (8294, 1), (8315, 1), (8355, 4), (8400, 2), (8402, 10), (8440, 1), (8448, 1), (8462, 1), (8520, 1), (8570, 1), (8654, 1), (8666, 1), (8668, 2), (8669, 2), (8688, 3), (8733, 1), (8791, 1), (8965, 1), (9010, 1), (9099, 1), (9121, 1), (9176, 3), (9212, 2), (9218, 1), (9234, 1), (9238, 1), (9270, 1), (9273, 3), (9275, 1), (9326, 2), (9335, 1), (9376, 6), (9388, 5), (9424, 1), (9426, 1), (9429, 1), (9435, 1), (9443, 1), (9453, 2), (9480, 1), (9491, 1), (9493, 2), (9500, 1), (9579, 2), (9626, 1), (9752, 1), (9771, 1), (9873, 1), (9990, 1), (2797, 3), (2798, 1), (4390, 1), (4393, 2), (4995, 1), (4996, 3), (5780, 1), (5782, 1)
signal (DF: 26): (69, 1), (174, 1), (656, 1), (1173, 1), (1266, 4), (1402, 1), (2359, 2), (3486, 1), (3651, 1), (4003, 1), (4097, 1), (4153, 2), (4598, 1), (4825, 1), (4928, 2), (5270, 1), (5732, 1), (5760, 1), (6415, 1), (6741, 1), (6875, 1), (7623, 1), (8048, 1), (8403, 2), (8559, 1), (9121, 1)
signati (DF: 1): (8228, 1)
signif (DF: 4): (972, 2), (4518, 1), (6656, 1), (9179, 1)
signifi (DF: 1): (7383, 1)
signific (DF: 2): (2422, 1), (8063, 1)
signor (DF: 1): (9671, 1)
signt (DF: 1): (1218, 1)
sigo (DF: 3): (213, 1), (4016, 8), (9525, 1)
sigrid (DF: 1): (1597, 1)
sigter (DF: 1): (7200, 1)
sigu (DF: 4): (4214, 1), (7049, 2), (7379, 1), (7876, 4)
siguel (DF: 7): (1653, 12), (3816, 6), (3916, 1), (5388, 4), (6682, 4), (8606, 2), (9797, 26)
siguelo (DF: 1): (2277, 1)
siguem (DF: 2): (5547, 1), (8994, 1)
siguet (DF: 3): (1061, 1), (3669, 1), (6450, 1)
sigui (DF: 1): (5436, 1)
siguient (DF: 4): (333, 2), (1633, 7), (5364, 8), (6466, 1)
siguiri (DF: 1): (7068, 1)
siiigh (DF: 4): (2557, 1), (4313, 1), (7509, 1), (8746, 1)
sijagiya (DF: 1): (3690, 1)
sik (DF: 2): (700, 1), (8210, 4)
sikam (DF: 1): (1918, 4)
sikand (DF: 1): (5535, 1)
sikandar (DF: 1): (149, 1)
sikdop (DF: 1): (2151, 2)
sike (DF: 4): (3268, 3), (4551, 1), (5410, 1), (9161, 1)
sikha (DF: 1): (149, 1)
sikhraan (DF: 1): (2268, 1)
siki (DF: 1): (8454, 6)
sikreto (DF: 1): (4563, 1)
sila (DF: 1): (3887, 1)
silb (DF: 2): (151, 1), (2194, 2)
silbern (DF: 1): (1758, 1)
silbi (DF: 1): (9901, 1)
sile7 (DF: 1): (2574, 1)
silenc (DF: 140): (114, 1), (133, 1), (378, 1), (411, 1), (416, 1), (458, 1), (482, 1), (522, 1), (705, 1), (831, 1), (929, 1), (967, 1), (971, 1), (1067, 3), (1078, 2), (1129, 1), (1290, 1), (1350, 1), (1539, 1), (1575, 1), (1608, 1), (1760, 1), (1770, 3), (1794, 9), (1811, 1), (1901, 1), (1944, 3), (1985, 1), (2032, 1), (2047, 1), (2128, 4), (2151, 1), (2160, 1), (2196, 1), (2220, 1), (2248, 1), (2250, 1), (2285, 1), (2310, 1), (2415, 1), (2441, 1), (2453, 4), (2590, 1), (2660, 1), (2675, 1), (2787, 1), (2874, 2), (2935, 1), (3069, 2), (3096, 3), (3115, 1), (3233, 2), (3268, 1), (3400, 2), (3564, 3), (3796, 1), (3938, 1), (4153, 2), (4221, 2), (4394, 3), (4438, 2), (4522, 1), (4546, 6), (4621, 3), (4660, 2), (4677, 4), (4719, 3), (4773, 2), (4896, 5), (5025, 2), (5058, 18), (5167, 1), (5233, 6), (5254, 2), (5393, 1), (5454, 1), (5557, 1), (5619, 4), (5660, 1), (5664, 1), (5695, 2), (5812, 4), (5818, 1), (5861, 6), (5933, 1), (5965, 2), (6110, 2), (6217, 1), (6305, 11), (6381, 1), (6524, 1), (6537, 1), (6558, 1), (6664, 1), (6683, 2), (6868, 2), (7091, 1), (7182, 1), (7261, 3), (7401, 1), (7442, 1), (7529, 6), (7589, 2), (7762, 1), (7768, 1), (7786, 2), (7788, 1), (7866, 4), (7936, 1), (8003, 1), (8056, 2), (8062, 1), (8121, 2), (8194, 2), (8214, 1), (8374, 1), (8403, 2), (8427, 1), (8477, 1), (8481, 1), (8587, 1), (8944, 1), (9038, 1), (9059, 1), (9092, 1), (9153, 1), (9218, 3), (9250, 1), (9417, 1), (9674, 5), (9722, 1), (9763, 2), (9770, 2), (9772, 1), (9826, 1), (9900, 1), (9946, 1), (9977, 3), (9988, 1), (5967, 1)
silenci (DF: 34): (353, 1), (580, 2), (651, 2), (725, 1), (776, 1), (890, 3), (982, 2), (1939, 1), (2111, 1), (2645, 1), (3891, 1), (4591, 1), (4659, 1), (4711, 1), (4799, 1), (5376, 1), (5480, 1), (5696, 2), (6248, 1), (6379, 1), (6414, 1), (6515, 1), (6909, 1), (7172, 2), (7284, 1), (7379, 1), (7782, 2), (7989, 1), (8143, 2), (8691, 2), (9034, 1), (9090, 1), (9306, 1), (9606, 1)
silenciou (DF: 1): (7175, 2)
silent (DF: 25): (104, 1), (289, 3), (383, 1), (432, 1), (518, 1), (618, 1), (695, 3), (698, 2), (705, 1), (864, 1), (1117, 1), (1274, 3), (1359, 1), (1750, 1), (1849, 1), (2147, 1), (2148, 1), (2161, 2), (2310, 1), (2483, 1), (2542, 4), (2626, 1), (2916, 2), (3049, 7), (3138, 1)
