voic (DF: 126): (4872, 3), (4892, 2), (4934, 1), (5027, 8), (5067, 1), (5081, 1), (5083, 1), (5142, 1), (5145, 2), (5151, 1), (5179, 4), (5219, 1), (5232, 1), (5240, 2), (5256, 1), (5262, 1), (5277, 1), (5400, 2), (5417, 2), (5432, 1), (5546, 1), (5658, 2), (5673, 1), (5676, 1), (5684, 1), (5767, 2), (5829, 1), (5855, 2), (5876, 1), (5892, 3), (5920, 2), (6076, 1), (6177, 3), (6228, 2), (6244, 1), (6246, 3), (6323, 1), (6332, 2), (6424, 1), (6486, 6), (6539, 1), (6550, 4), (6615, 1), (6708, 1), (6732, 1), (6864, 2), (6931, 3), (6934, 2), (6998, 1), (7002, 1), (7015, 1), (7091, 3), (7125, 1), (7141, 4), (7142, 1), (7174, 1), (7289, 2), (7292, 1), (7345, 2), (7350, 1), (7358, 1), (7416, 1), (7423, 4), (7430, 9), (7492, 1), (7550, 1), (7552, 1), (7585, 1), (7589, 1), (7593, 1), (7642, 1), (7681, 5), (7695, 2), (7724, 1), (7727, 7), (7751, 2), (7788, 1), (7834, 1), (7951, 1), (8053, 1), (8159, 1), (8177, 1), (8190, 1), (8194, 2), (8201, 1), (8216, 1), (8375, 1), (8380, 1), (8403, 1), (8417, 3), (8476, 1), (8514, 2), (8620, 1), (8634, 1), (8643, 1), (8650, 2), (8752, 2), (8798, 1), (8828, 2), (8907, 2), (8925, 1), (8942, 1), (8968, 1), (8988, 1), (9036, 1), (9059, 1), (9081, 1), (9147, 1), (9227, 1), (9304, 2), (9330, 1), (9449, 6), (9458, 8), (9583, 1), (9604, 1), (9657, 1), (9784, 6), (9935, 1), (9976, 1), (9987, 2), (3488, 1), (3490, 1), (3978, 4), (3979, 3), (7038, 2), (7039, 1)
voicemail (DF: 1): (8953, 2)
voicin (DF: 1): (1733, 1)
void (DF: 21): (368, 1), (1473, 1), (1513, 1), (1643, 1), (2486, 1), (2940, 1), (3012, 1), (4062, 1), (4323, 2), (4843, 4), (5038, 1), (5122, 1), (5317, 1), (5597, 1), (6781, 2), (7177, 1), (8190, 1), (8561, 1), (9549, 1), (9721, 2), (9922, 1)
voidofpop (DF: 1): (3597, 1)
voidz (DF: 2): (939, 1), (7149, 1)
voil (DF: 1): (7607, 1)
voinic (DF: 1): (335, 2)
voir (DF: 6): (30, 1), (34, 1), (598, 1), (4440, 1), (4614, 2), (7533, 4)
vois (DF: 8): (34, 1), (540, 1), (4198, 3), (5622, 1), (7607, 1), (7818, 1), (7922, 1), (9737, 2)
voisin (DF: 1): (3213, 1)
voit (DF: 1): (3453, 1)
voitur (DF: 1): (7922, 4)
voix (DF: 1): (4440, 1)
vokal (DF: 1): (153, 2)
vokuhila (DF: 1): (493, 1)
vol (DF: 174): (9, 7), (173, 2), (178, 9), (187, 1), (301, 1), (438, 6), (456, 1), (478, 1), (591, 1), (676, 1), (821, 1), (910, 1), (926, 1), (973, 1), (1010, 1), (1034, 1), (1087, 1), (1159, 1), (1224, 1), (1306, 1), (1366, 1), (1386, 1), (1440, 1), (1595, 1), (1599, 1), (1798, 1), (1850, 1), (1944, 1), (2029, 1), (2043, 1), (2059, 1), (2070, 1), (2090, 2), (2269, 1), (2434, 1), (2461, 1), (2465, 1), (2560, 1), (2565, 1), (2661, 1), (2684, 1), (2711, 1), (2719, 1), (2753, 1), (2805, 1), (2877, 1), (2916, 1), (2967, 1), (2983, 1), (3048, 1), (3104, 8), (3111, 2), (3197, 4), (3206, 1), (3213, 1), (3219, 4), (3238, 1), (3252, 1), (3269, 1), (3355, 3), (3419, 1), (3421, 1), (3424, 1), (3491, 3), (3492, 1), (3633, 1), (3653, 1), (3825, 1), (3892, 1), (3908, 1), (3942, 2), (4032, 1), (4091, 1), (4121, 1), (4168, 1), (4258, 2), (4285, 8), (4288, 1), (4416, 5), (4544, 7), (4592, 1), (4610, 1), (4702, 1), (4708, 1), (4841, 1), (4849, 1), (4992, 2), (5040, 2), (5109, 2), (5218, 3), (5267, 1), (5342, 1), (5381, 2), (5439, 3), (5502, 4), (5512, 6), (5525, 4), (5541, 1), (5607, 1), (5622, 1), (5696, 1), (5734, 1), (5762, 2), (5765, 1), (5796, 3), (5825, 1), (5871, 1), (5991, 1), (5998, 1), (6106, 1), (6160, 6), (6209, 2), (6249, 1), (6297, 1), (6513, 3), (6528, 1), (6626, 2), (6653, 1), (6681, 1), (6826, 1), (6886, 1), (6889, 2), (6934, 1), (6952, 1), (6961, 1), (7074, 1), (7354, 1), (7381, 1), (7426, 1), (7439, 1), (7495, 3), (7507, 1), (7704, 1), (7815, 1), (7837, 1), (7863, 1), (7922, 1), (8057, 1), (8066, 1), (8097, 1), (8110, 1), (8128, 1), (8198, 2), (8214, 1), (8236, 2), (8245, 1), (8264, 1), (8307, 1), (8415, 4), (8416, 1), (8418, 1), (8542, 3), (8755, 1), (8760, 1), (8805, 3), (9018, 2), (9034, 1), (9130, 1), (9204, 1), (9334, 3), (9376, 1), (9394, 1), (9420, 1), (9431, 1), (9608, 1), (9633, 1), (9672, 1), (9756, 2), (9866, 1), (9886, 1), (9912, 1), (9973, 1), (7357, 1), (7358, 1)
volaill (DF: 1): (4088, 1)
volam (DF: 1): (8406, 2)
volando (DF: 1): (1171, 2)
volant (DF: 2): (2711, 2), (8454, 2)
volar (DF: 1): (5859, 1)
volatil (DF: 1): (6115, 1)
volbeat (DF: 5): (131, 1), (958, 1), (3763, 1), (4508, 1), (8833, 1)
volc (DF: 2): (2889, 1), (8618, 1)
volcan (DF: 8): (1014, 10), (1173, 1), (3111, 1), (3419, 1), (4435, 1), (4484, 1), (8236, 1), (9441, 1)
volcano (DF: 4): (581, 1), (2569, 1), (3251, 1), (4211, 1)
volcán (DF: 3): (3513, 1), (4188, 2), (9095, 1)
vole (DF: 1): (3479, 1)
voleibol (DF: 1): (7773, 3)
voletta (DF: 1): (4874, 1)
