follow (DF: 35): (9316, 1), (9324, 1), (9347, 1), (9381, 1), (9397, 2), (9426, 1), (9442, 2), (9468, 2), (9471, 1), (9478, 1), (9535, 2), (9537, 1), (9572, 24), (9579, 2), (9587, 2), (9612, 2), (9632, 2), (9657, 1), (9714, 3), (9732, 2), (9877, 6), (9934, 2), (9937, 2), (9987, 2), (9998, 2), (1346, 1), (1347, 2), (2809, 1), (2810, 1), (2846, 1), (2847, 10), (4397, 4), (4399, 8), (7556, 1), (7557, 1)
followin (DF: 9): (235, 1), (556, 1), (616, 1), (1964, 1), (3049, 4), (7007, 2), (8842, 1), (9035, 1), (9905, 1)
follows (DF: 1): (9410, 1)
fomo (DF: 4): (144, 4), (546, 1), (1683, 4), (3171, 4)
fon (DF: 3): (1022, 1), (2604, 1), (6553, 3)
fonari (DF: 1): (1033, 1)
fonc (DF: 1): (4308, 4)
fond (DF: 26): (178, 1), (438, 1), (1648, 3), (2059, 6), (3089, 1), (3210, 1), (3316, 1), (3401, 1), (3859, 1), (4049, 1), (4605, 2), (5588, 1), (5762, 3), (7533, 1), (7607, 5), (7735, 1), (7749, 14), (7837, 1), (8227, 1), (8697, 1), (8806, 3), (9060, 3), (9309, 1), (9833, 2), (9906, 1), (9912, 1)
fonda (DF: 1): (4610, 1)
fonder (DF: 2): (3413, 1), (9086, 2)
fondoschien (DF: 1): (1010, 1)
fondu (DF: 1): (9087, 1)
fone (DF: 2): (6804, 2), (9087, 1)
fong (DF: 1): (9463, 1)
fonki (DF: 1): (4933, 2)
fonsec (DF: 1): (9306, 1)
fonsi (DF: 8): (481, 1), (1333, 1), (4195, 1), (4948, 2), (6650, 3), (7513, 5), (9474, 2), (9887, 3)
font (DF: 4): (7254, 2), (7454, 2), (7607, 1), (7922, 1)
fontain (DF: 2): (4122, 1), (7235, 1)
fontainebleau (DF: 1): (6146, 1)
fontana (DF: 1): (2133, 1)
foo (DF: 9): (482, 1), (3488, 1), (3704, 1), (5933, 1), (6034, 1), (8280, 1), (8703, 1), (9629, 1), (9742, 1)
food (DF: 74): (274, 4), (574, 1), (688, 1), (710, 1), (868, 1), (1084, 1), (1147, 1), (1212, 2), (1326, 1), (1469, 11), (1552, 1), (1613, 1), (1741, 1), (1837, 1), (1885, 2), (1909, 1), (2014, 3), (2026, 1), (2075, 1), (2259, 1), (2333, 1), (2399, 1), (2423, 1), (2634, 1), (2691, 1), (2861, 1), (2936, 1), (2990, 1), (3001, 1), (3183, 1), (3186, 1), (3338, 2), (3432, 1), (3498, 1), (4107, 1), (4261, 1), (4281, 1), (4736, 7), (4793, 1), (4905, 1), (5068, 1), (5160, 7), (5228, 1), (5345, 1), (5468, 1), (5824, 4), (5974, 1), (6570, 1), (6684, 1), (6819, 4), (6890, 1), (6950, 1), (7099, 1), (7250, 1), (7321, 4), (7470, 2), (7755, 1), (7868, 1), (8077, 2), (8367, 3), (8380, 1), (8397, 1), (8400, 4), (8561, 1), (8570, 1), (8784, 2), (9242, 1), (9273, 1), (9275, 4), (9288, 1), (9357, 1), (9658, 1), (9796, 1), (9852, 2)
fook (DF: 1): (6135, 1)
fool (DF: 190): (13, 1), (16, 1), (58, 1), (72, 1), (88, 1), (147, 4), (204, 1), (218, 3), (267, 2), (281, 1), (324, 1), (361, 2), (367, 1), (386, 1), (391, 4), (429, 1), (431, 3), (446, 1), (455, 2), (529, 2), (571, 1), (617, 1), (627, 10), (675, 2), (704, 1), (737, 1), (742, 5), (774, 8), (779, 1), (800, 1), (819, 1), (847, 8), (857, 3), (872, 1), (906, 1), (928, 1), (983, 2), (988, 1), (993, 3), (1050, 1), (1107, 1), (1108, 2), (1111, 1), (1121, 1), (1124, 3), (1136, 2), (1140, 2), (1149, 6), (1152, 1), (1175, 1), (1214, 3), (1216, 2), (1227, 1), (1242, 1), (1323, 8), (1354, 1), (1388, 1), (1436, 1), (1454, 1), (1482, 2), (1490, 2), (1505, 4), (1513, 1), (1518, 2), (1541, 1), (1552, 1), (1607, 1), (1618, 6), (1651, 1), (1689, 1), (1704, 1), (1707, 6), (1734, 1), (1750, 1), (1851, 2), (1862, 3), (1870, 1), (1889, 3), (1904, 1), (1908, 3), (1921, 2), (1922, 1), (1934, 13), (1956, 1), (1965, 1), (2026, 3), (2110, 3), (2116, 2), (2129, 2), (2143, 2), (2147, 8), (2154, 1), (2197, 2), (2200, 1), (2229, 13), (2278, 2), (2303, 1), (2330, 9), (2339, 1), (2344, 1), (2349, 2), (2362, 1), (2385, 1), (2409, 4), (2422, 1), (2440, 1), (2444, 1), (2448, 2), (2471, 2), (2489, 1), (2537, 1), (2548, 2), (2558, 1), (2588, 2), (2600, 1), (2626, 1), (2675, 1), (2695, 1), (2713, 2), (2767, 4), (2795, 1), (2820, 1), (2830, 1), (2850, 1), (2936, 1), (2940, 1), (2987, 1), (3016, 1), (3114, 9), (3135, 1), (3147, 3), (3169, 4), (3174, 2), (3180, 4), (3207, 1), (3238, 1), (3242, 5), (3273, 4), (3315, 1), (3385, 3), (3468, 1), (3498, 1), (3526, 1), (3562, 1), (3581, 3), (3594, 3), (3704, 1), (3711, 9), (3773, 2), (3778, 1), (3790, 1), (3845, 1), (3856, 2), (3879, 1), (3900, 1), (3930, 1), (3938, 1), (3963, 2), (3967, 1), (3995, 1), (4007, 1), (4132, 1), (4135, 1), (4148, 1), (4234, 4), (4235, 1), (4261, 3), (4303, 1), (4310, 1), (4332, 1), (4368, 1), (4374, 1), (4381, 1), (4395, 1), (4442, 2), (4460, 1), (4466, 6), (4468, 1), (4494, 1), (4513, 1), (4528, 8), (4533, 1), (4537, 4), (4654, 1), (4728, 1), (4731, 1), (4829, 1), (4844, 1), (4893, 1), (4907, 3)
