older (DF: 111): (343, 1), (384, 7), (516, 3), (585, 4), (609, 2), (737, 1), (1138, 1), (1181, 1), (1260, 1), (1276, 1), (1452, 1), (1695, 1), (1714, 8), (1964, 1), (2005, 2), (2019, 2), (2154, 1), (2184, 1), (2217, 17), (2353, 1), (2381, 1), (2456, 1), (2491, 1), (2562, 1), (2641, 2), (2647, 1), (2744, 2), (2757, 1), (2859, 2), (2886, 2), (3034, 1), (3120, 1), (3383, 1), (3446, 1), (3487, 1), (3512, 3), (3750, 60), (3770, 3), (3917, 1), (4020, 1), (4030, 1), (4166, 3), (4213, 1), (4348, 1), (4365, 1), (4402, 1), (4468, 2), (4547, 1), (4634, 1), (4731, 1), (4748, 1), (4768, 1), (4971, 1), (5068, 1), (5082, 1), (5112, 4), (5135, 4), (5199, 1), (5257, 1), (5366, 1), (5385, 1), (5474, 1), (5637, 4), (5669, 2), (5670, 1), (5779, 1), (5828, 1), (5914, 2), (5929, 2), (5961, 1), (6509, 1), (6536, 1), (6704, 2), (6713, 2), (6726, 4), (6819, 1), (6858, 1), (6934, 2), (7209, 17), (7221, 1), (7234, 2), (7289, 1), (7293, 3), (7413, 3), (7419, 1), (7422, 2), (7439, 2), (7644, 2), (7681, 5), (7707, 1), (7840, 1), (7937, 1), (7988, 2), (8155, 1), (8230, 1), (8480, 1), (8584, 2), (8587, 1), (8695, 3), (8787, 1), (8920, 2), (9006, 3), (9026, 1), (9080, 2), (9321, 7), (9505, 6), (9594, 1), (9646, 1), (9667, 3), (9930, 2), (9995, 1)
oldest (DF: 1): (6196, 3)
oldi (DF: 6): (1649, 1), (2305, 1), (2936, 1), (5967, 1), (8274, 1), (8983, 2)
oldschool (DF: 24): (324, 1), (1536, 1), (2076, 1), (2228, 1), (2500, 1), (2552, 1), (3048, 1), (3253, 1), (3804, 1), (4190, 1), (5133, 1), (5312, 1), (5459, 1), (5513, 1), (5682, 1), (6095, 1), (7130, 1), (7226, 1), (8170, 1), (8416, 1), (8570, 1), (8974, 1), (9183, 1), (9752, 1)
oldskool (DF: 1): (6347, 2)
ole (DF: 7): (1469, 1), (1635, 1), (4793, 1), (5170, 2), (5790, 1), (8248, 1), (9074, 1)
oleand (DF: 2): (6606, 1), (9377, 1)
olek (DF: 1): (6441, 2)
olert (DF: 1): (9034, 1)
olex (DF: 2): (606, 2), (6748, 1)
olexesh (DF: 10): (681, 2), (1176, 1), (3437, 2), (3570, 1), (3962, 2), (4004, 4), (5890, 1), (6600, 1), (6748, 2), (7411, 1)
olga (DF: 1): (3399, 2)
olha (DF: 14): (1415, 1), (2242, 1), (2631, 10), (2711, 1), (3215, 1), (3838, 1), (5859, 1), (5959, 18), (6983, 8), (8938, 10), (8989, 1), (9087, 1), (9120, 2), (9812, 1)
olham (DF: 1): (2833, 1)
olhando (DF: 4): (5719, 1), (6289, 5), (6397, 1), (9860, 1)
olhar (DF: 7): (3364, 1), (3692, 2), (5606, 1), (7649, 1), (9279, 4), (9637, 1), (9860, 6)
olhei (DF: 4): (2651, 14), (3215, 1), (9087, 1), (9838, 1)
olho (DF: 8): (2242, 1), (3215, 2), (4167, 1), (5118, 2), (9087, 1), (9120, 1), (9525, 1), (9876, 1)
olhou (DF: 2): (4357, 1), (5859, 1)
oli (DF: 3): (2170, 1), (6777, 1), (6929, 2)
oliend (DF: 1): (9575, 1)
olimpi (DF: 1): (6889, 1)
oliv (DF: 9): (1062, 1), (1283, 1), (1410, 1), (1755, 2), (3066, 1), (3699, 1), (4122, 1), (7235, 1), (9076, 1)
olivia (DF: 9): (228, 2), (1572, 1), (3675, 1), (3700, 1), (3734, 1), (6670, 1), (8586, 2), (8706, 2), (9149, 1)
olivv (DF: 1): (3788, 1)
oll (DF: 3): (778, 1), (1018, 1), (8759, 1)
olla (DF: 1): (4210, 1)
ollar (DF: 2): (6631, 2), (7000, 2)
olli (DF: 9): (253, 2), (935, 1), (1190, 1), (1880, 1), (2384, 1), (4530, 2), (5911, 1), (6780, 1), (8448, 1)
ollo (DF: 2): (3864, 3), (7519, 2)
olmo (DF: 1): (1686, 1)
olocaust (DF: 1): (5785, 1)
olor (DF: 18): (353, 1), (355, 4), (1022, 1), (2564, 1), (3697, 1), (4189, 1), (4659, 1), (4846, 1), (5022, 1), (5480, 1), (5512, 3), (6041, 1), (6871, 1), (7172, 2), (8482, 2), (9090, 1), (9469, 1), (9786, 10)
olorcit (DF: 1): (1967, 2)
olsen (DF: 2): (1036, 1), (1739, 1)
oluwaburna (DF: 2): (278, 2), (7912, 2)
olvid (DF: 152): (14, 1), (86, 8), (117, 1), (178, 1), (252, 4), (269, 2), (284, 2), (312, 1), (395, 2), (557, 1), (577, 8), (594, 1), (762, 9), (791, 3), (885, 1), (889, 2), (910, 6), (1141, 1), (1159, 1), (1215, 1), (1300, 2), (1441, 6), (1461, 1), (1677, 1), (1932, 3), (1939, 1), (1966, 3), (2090, 3), (2098, 2), (2473, 2), (2487, 1), (2564, 3), (2681, 3), (2782, 3), (2814, 1), (2828, 2), (2972, 42), (3080, 1), (3093, 12), (3106, 1), (3226, 2), (3269, 1), (3399, 1), (3401, 1), (3403, 4), (3419, 3), (3492, 1), (3495, 2), (3588, 2), (3666, 3), (3697, 1), (3851, 1), (3897, 4), (3898, 1), (3902, 1), (3908, 1), (4011, 8), (4032, 1), (4180, 3), (4186, 10), (4344, 4), (4382, 1), (4416, 1), (4560, 1), (4605, 1), (4666, 5), (4711, 4), (4948, 1), (5126, 1), (5156, 1), (5174, 2), (5198, 2), (5224, 1), (5381, 4), (5471, 3), (5547, 1), (5754, 3), (5790, 7), (5975, 3), (6016, 1), (6041, 1), (6120, 2), (6152, 2), (6175, 1), (6179, 2), (6248, 2), (6279, 2), (6339, 1), (6351, 1), (6422, 2), (6438, 1), (6534, 1), (6651, 1), (6659, 5), (6884, 1), (6928, 2), (6932, 2), (6939, 2), (6967, 2), (7151, 12), (7288, 2), (7501, 2), (7513, 4), (7539, 1), (7604, 1), (7646, 2), (7766, 1), (7935, 5), (7961, 1), (8036, 2), (8066, 1), (8097, 2), (8112, 2), (8128, 2), (8429, 4), (8569, 3), (8580, 2), (8624, 2), (8691, 6), (8763, 1), (8785, 9), (8805, 6), (8882, 6), (8961, 3), (8997, 1), (9108, 1), (9204, 1), (9225, 4), (9252, 1), (9414, 6), (9437, 3), (9444, 4), (9470, 1), (9473, 1), (9475, 3), (9492, 2), (9496, 1), (9521, 8), (9534, 5), (9536, 8), (9568, 4), (9575, 3), (9580, 8), (9609, 12), (9690, 4), (9697, 6), (9762, 2), (9786, 12), (9864, 1), (9887, 3), (9903, 3), (9960, 24)
olvida (DF: 1): (2205, 1)
olvidam (DF: 3): (3665, 9), (6422, 6), (9034, 1)
olvidar (DF: 1): (2606, 2)
olvidarn (DF: 1): (2782, 2)
olvidars (DF: 1): (439, 1)
olvidart (DF: 27): (19, 1), (86, 2), (284, 2), (632, 1), (1810, 4), (2645, 1), (2648, 1), (2972, 2), (3239, 2), (3666, 1), (3890, 1), (4049, 2), (4362, 1), (4567, 2), (4763, 1), (5105, 9), (5174, 2), (6321, 1), (6939, 2), (7151, 4), (7632, 1), (8482, 1), (8882, 6), (8961, 1), (9475, 1), (9516, 1), (9660, 2)
olvidat (DF: 8): (1254, 2), (1878, 1), (2668, 3), (2828, 1), (4470, 3), (6974, 1), (9225, 1), (9939, 3)
olvidem (DF: 2): (6205, 2), (6422, 1)
olvidemon (DF: 1): (6422, 1)
olvides (DF: 2): (4081, 1), (8466, 1)
olwik (DF: 1): (1129, 2)
olymp (DF: 4): (969, 1), (1757, 1), (6527, 1), (7479, 1)
olympia (DF: 1): (4107, 1)
olympiqu (DF: 1): (5577, 1)
olympus (DF: 2): (4883, 2), (5096, 1)
om (DF: 24): (43, 1), (175, 2), (229, 1), (852, 2), (1077, 5), (2018, 2), (2152, 3), (2638, 1), (2759, 1), (3527, 4), (3748, 3), (3864, 2), (4295, 1), (4323, 1), (4665, 1), (4991, 2), (6008, 1), (6674, 3), (7077, 13), (7428, 1), (7547, 2), (8564, 1), (9425, 2), (9595, 3)
omaha (DF: 2): (7582, 1), (9207, 2)
omar (DF: 50): (46, 2), (127, 2), (364, 2), (371, 3), (450, 1), (476, 2), (552, 2), (1228, 2), (1309, 1), (2034, 1), (2075, 2), (2429, 2), (3111, 2), (3313, 1), (3495, 1), (3550, 1), (3628, 1), (4034, 7), (4081, 3), (4515, 1), (5016, 1), (5143, 1), (5588, 1), (6001, 6), (6120, 2), (6561, 1), (6645, 2), (6939, 2), (7183, 2), (7397, 3), (7412, 2), (7780, 3), (7886, 2), (7925, 2), (7993, 1), (8047, 1), (8218, 2), (8236, 1), (8420, 1), (8466, 3), (8506, 2), (8846, 2), (8928, 2), (9252, 4), (9475, 1), (9534, 1), (9558, 2), (9719, 2), (9872, 3), (9972, 3)
omarion (DF: 1): (775, 5)
omb (DF: 1): (2020, 1)
ombe (DF: 3): (4238, 1), (7586, 1), (9415, 1)
ombel (DF: 1): (2567, 1)
ombestemt (DF: 1): (4991, 1)
omblig (DF: 2): (1305, 1), (2656, 1)
ombra (DF: 1): (5821, 1)
ombre (DF: 2): (9, 1), (3210, 1)
ombrell (DF: 1): (4890, 1)
ombrellon (DF: 1): (5821, 1)
omd (DF: 2): (9123, 1), (9155, 1)
omdat (DF: 3): (3864, 4), (4849, 1), (6008, 1)
omeeh (DF: 1): (3876, 1)
omeg (DF: 1): (5696, 5)
omega (DF: 2): (2476, 1), (8899, 2)
omelet (DF: 1): (5228, 1)
omen (DF: 11): (702, 1), (1298, 1), (2594, 1), (4098, 1), (4292, 3), (6031, 1), (6276, 6), (6352, 1), (7073, 1), (8998, 1), (9509, 1)
omg (DF: 3): (2048, 1), (2857, 1), (3010, 1)
omgi (DF: 1): (2081, 1)
omhoog (DF: 1): (6303, 2)
omi (DF: 5): (65, 1), (262, 1), (7677, 1), (8091, 1), (9240, 1)
omin (DF: 5): (852, 1), (1077, 1), (3748, 1), (4623, 1), (9581, 1)
omit (DF: 1): (6514, 1)
omk (DF: 1): (7344, 1)
omkr (DF: 1): (4714, 1)
omlaag (DF: 2): (6303, 2), (7421, 6)
