beholden (DF: 1): (5135, 2)
behra (DF: 1): (9688, 1)
behter (DF: 1): (9688, 1)
behøver (DF: 1): (2018, 1)
beibii (DF: 1): (3853, 3)
beibiii (DF: 1): (3853, 1)
beibring (DF: 1): (5149, 1)
beid (DF: 6): (1715, 1), (2194, 1), (3067, 13), (4816, 1), (4998, 1), (7373, 13)
beifahr (DF: 3): (3108, 1), (3849, 1), (4318, 1)
beifahrersitz (DF: 1): (8247, 3)
beifuss (DF: 1): (3048, 1)
beigebracht (DF: 1): (3437, 1)
beij (DF: 4): (1095, 1), (2948, 2), (3902, 1), (8842, 1)
beija (DF: 1): (8052, 1)
beijar (DF: 1): (7211, 1)
beijo (DF: 3): (3870, 1), (4357, 1), (8858, 2)
beim (DF: 9): (1218, 1), (1583, 1), (2170, 1), (2194, 1), (2637, 2), (4816, 1), (5049, 1), (5429, 1), (8670, 2)
bein (DF: 99): (13, 2), (62, 1), (80, 1), (235, 1), (278, 2), (352, 1), (435, 1), (484, 1), (511, 3), (708, 2), (772, 2), (920, 2), (1032, 1), (1276, 1), (1304, 1), (1313, 3), (1448, 2), (1715, 1), (1748, 1), (1812, 1), (2028, 1), (2081, 3), (2084, 1), (2110, 3), (2154, 1), (2634, 1), (2636, 1), (2895, 1), (3055, 2), (3067, 1), (3079, 4), (3138, 1), (3180, 2), (3332, 1), (3409, 1), (3487, 1), (3521, 2), (3904, 2), (4137, 2), (4279, 1), (4468, 1), (4488, 3), (4629, 1), (4754, 1), (4844, 1), (5014, 1), (5068, 1), (5222, 1), (5251, 1), (5401, 1), (5590, 8), (5692, 1), (5797, 6), (5842, 1), (5912, 3), (6019, 1), (6388, 1), (6391, 4), (6563, 1), (6660, 2), (6718, 2), (6728, 1), (6732, 1), (6915, 1), (6926, 1), (7024, 1), (7060, 1), (7283, 1), (7369, 1), (7373, 1), (7459, 1), (7473, 1), (7650, 1), (7732, 2), (7764, 3), (7808, 3), (7907, 2), (8148, 1), (8165, 1), (8181, 1), (8183, 1), (8230, 1), (8260, 1), (8299, 1), (8340, 3), (8381, 1), (8431, 1), (8573, 14), (8692, 1), (8912, 1), (9010, 1), (9102, 1), (9183, 2), (9319, 4), (9369, 8), (9493, 1), (9608, 1), (9670, 2), (9808, 1)
being (DF: 1): (5174, 1)
beinstell (DF: 1): (397, 1)
beinstreck (DF: 1): (246, 1)
beira (DF: 1): (6983, 1)
beirut (DF: 1): (9527, 1)
beiseit (DF: 2): (3108, 1), (7463, 1)
beispiel (DF: 1): (9788, 1)
beiss (DF: 3): (1616, 3), (8340, 1), (8498, 1)
beisst (DF: 2): (2170, 1), (4816, 5)
bejb (DF: 2): (908, 1), (8509, 3)
bejor (DF: 1): (7977, 1)
bekampft (DF: 1): (5429, 1)
bekannt (DF: 1): (3348, 1)
beki (DF: 1): (9647, 1)
bekomm (DF: 2): (4124, 1), (8651, 1)
bekommt (DF: 1): (6748, 1)
beksa (DF: 1): (250, 1)
bel (DF: 18): (179, 1), (540, 2), (649, 4), (1705, 1), (3213, 3), (3355, 1), (3748, 1), (4256, 1), (4440, 1), (4587, 1), (4711, 1), (6136, 1), (6303, 1), (6691, 1), (7070, 1), (8210, 1), (8746, 1), (9757, 1)
bela (DF: 2): (4167, 1), (6139, 5)
belach (DF: 1): (7356, 1)
belafont (DF: 1): (7051, 1)
belair (DF: 5): (2511, 2), (4127, 1), (6728, 1), (7348, 1), (8132, 1)
belairm (DF: 1): (4587, 1)
belangrijk (DF: 3): (175, 1), (2260, 1), (2638, 1)
belanov (DF: 4): (3187, 1), (8429, 1), (9018, 1), (9802, 1)
belast (DF: 1): (880, 1)
belat (DF: 1): (5448, 1)
belchior (DF: 1): (2839, 2)
beleid (DF: 1): (4816, 1)
beleidigt (DF: 1): (1736, 1)
belek (DF: 1): (3213, 1)
belep (DF: 1): (9980, 4)
beleru (DF: 1): (9072, 4)
beleveni (DF: 1): (6008, 1)
beleza (DF: 1): (2839, 1)
belfort (DF: 1): (7860, 1)
belgi (DF: 1): (6238, 1)
belgisk (DF: 1): (8564, 1)
beli (DF: 1): (3976, 1)
belic (DF: 2): (7380, 2), (9246, 1)
beliebt (DF: 1): (7306, 1)
belief (DF: 18): (40, 1), (59, 2), (201, 2), (338, 1), (408, 10), (522, 1), (879, 1), (2151, 1), (3287, 1), (3687, 8), (5478, 1), (6407, 2), (6608, 1), (7741, 1), (9322, 2), (9790, 2), (9897, 3), (9934, 1)
believ (DF: 909): (7, 3), (8, 2), (40, 1), (49, 1), (58, 1), (88, 2), (92, 1), (106, 4), (123, 2), (138, 1), (145, 4), (148, 1), (153, 2), (171, 2), (176, 6), (177, 1), (202, 1), (220, 1), (225, 1), (231, 2), (239, 1), (241, 3), (243, 3), (259, 5), (290, 5), (304, 2), (324, 1), (336, 9), (375, 2), (378, 4), (391, 4), (406, 1), (408, 4), (414, 1), (420, 2), (425, 1), (494, 1), (505, 2), (507, 1), (558, 2), (570, 1), (573, 1), (604, 4), (618, 1), (640, 1), (657, 1), (663, 2), (671, 1), (672, 1), (673, 9), (677, 1), (689, 1), (714, 1), (716, 1), (748, 6), (753, 2), (761, 2), (774, 2), (775, 2), (785, 2), (795, 1), (796, 1), (801, 1), (803, 1), (850, 1), (853, 3), (901, 1), (905, 1), (915, 1), (922, 1), (929, 4), (956, 1), (958, 2), (969, 1), (970, 2), (991, 1), (1017, 3), (1044, 1), (1045, 2), (1046, 4), (1053, 2), (1055, 1), (1057, 1), (1059, 1), (1085, 6), (1094, 1), (1107, 1), (1111, 2), (1121, 3), (1136, 1), (1150, 1), (1162, 12), (1165, 2), (1169, 1), (1182, 3), (1196, 1), (1208, 1), (1216, 1), (1222, 1), (1225, 13), (1231, 2), (1240, 1), (1280, 4), (1282, 1), (1297, 2), (1321, 2), (1325, 2), (1346, 3), (1347, 2), (1369, 2), (1387, 1), (1399, 1), (1401, 1), (1405, 1), (1433, 1), (1436, 2), (1454, 1), (1455, 2), (1506, 1), (1513, 1), (1517, 1), (1526, 1), (1539, 8), (1540, 2), (1544, 3), (1548, 19), (1561, 1), (1573, 1), (1588, 2), (1591, 1), (1610, 1), (1617, 1), (1629, 2), (1649, 1), (1664, 2), (1675, 6), (1681, 2), (1690, 5), (1744, 4), (1765, 2), (1774, 6), (1807, 1), (1829, 1), (1835, 1), (1869, 2), (1872, 1), (1875, 1), (1885, 6), (1888, 1), (1906, 2), (1910, 1), (1911, 2), (1926, 1), (1930, 1), (1935, 2), (1946, 1), (1965, 1), (1977, 1), (1985, 1), (1994, 1), (1995, 1), (2002, 13), (2003, 2), (2022, 2), (2026, 1), (2055, 2), (2056, 1), (2073, 2), (2082, 2), (2103, 1), (2128, 2), (2132, 1), (2137, 5), (2157, 1), (2167, 1), (2177, 1), (2196, 2), (2210, 4), (2213, 1), (2219, 2), (2222, 2), (2237, 1), (2264, 2), (2277, 1), (2282, 2), (2286, 1), (2310, 1), (2318, 1), (2332, 1), (2348, 2), (2353, 1), (2356, 2), (2357, 1), (2359, 8), (2361, 1), (2363, 1), (2370, 4), (2374, 2), (2375, 1), (2378, 1), (2379, 31), (2380, 1), (2381, 8), (2400, 1), (2409, 2), (2411, 10), (2424, 2), (2438, 1), (2445, 1), (2446, 9), (2448, 1), (2491, 4), (2493, 2), (2495, 1), (2497, 1), (2502, 2), (2514, 1), (2533, 18), (2536, 1), (2540, 2), (2568, 1), (2577, 10), (2580, 2), (2603, 1), (2607, 1), (2608, 1), (2639, 3), (2647, 3), (2649, 1), (2663, 2), (2664, 2), (2686, 3), (2698, 1), (2701, 1), (2705, 1), (2707, 10), (2719, 1), (2724, 1), (2742, 2), (2744, 2), (2756, 1), (2780, 1), (2781, 1), (2793, 1), (2800, 1), (2804, 3), (2813, 4), (2819, 2), (2838, 6), (2871, 1), (2878, 1), (2883, 3), (2897, 3), (2915, 2), (2920, 9), (2923, 1), (2935, 1), (2937, 2), (2942, 7), (2945, 1), (2961, 2), (2988, 4), (2992, 3), (2996, 1), (3009, 1), (3030, 3), (3039, 2), (3059, 1), (3086, 1), (3113, 6), (3126, 2), (3136, 6), (3152, 1), (3164, 1), (3167, 6), (3176, 1), (3191, 4), (3235, 1), (3242, 1), (3260, 1), (3266, 1), (3271, 1), (3274, 2), (3291, 1), (3322, 1), (3333, 1), (3335, 6), (3339, 1), (3377, 1), (3388, 1), (3400, 4), (3406, 2), (3413, 1), (3419, 1), (3435, 1), (3439, 1), (3440, 6), (3449, 3), (3458, 3), (3472, 2), (3485, 1), (3490, 1), (3498, 6), (3499, 1), (3514, 1), (3519, 1), (3523, 1), (3537, 1), (3553, 10), (3557, 2), (3560, 1), (3583, 2), (3597, 7), (3601, 2), (3607, 4), (3608, 6), (3610, 1), (3613, 1), (3659, 5), (3671, 6), (3673, 1), (3693, 1), (3702, 3), (3703, 8), (3721, 3), (3727, 1), (3739, 1), (3748, 1), (3749, 1), (3796, 1), (3805, 1), (3824, 1), (3830, 1), (3855, 37), (3880, 3), (3907, 1), (3912, 1), (3917, 1), (3928, 2), (3937, 2), (3949, 3), (3964, 1), (3971, 2), (3976, 1), (3995, 1), (3999, 1), (4008, 1), (4014, 2), (4023, 1), (4051, 1), (4057, 3), (4080, 1), (4113, 2), (4148, 1), (4149, 1), (4166, 15), (4173, 1), (4196, 2), (4199, 1), (4211, 1), (4232, 8), (4233, 2), (4235, 2), (4237, 1), (4266, 1), (4269, 3), (4276, 2), (4278, 1), (4292, 1), (4304, 1), (4320, 1), (4321, 3), (4326, 1), (4331, 4), (4340, 2), (4342, 5), (4347, 2), (4359, 2), (4360, 3), (4370, 4), (4384, 1), (4400, 14), (4401, 1), (4404, 1), (4413, 1), (4460, 1), (4463, 2), (4464, 1), (4468, 1), (4485, 1), (4505, 1), (4509, 2), (4513, 1), (4521, 1), (4534, 1), (4548, 3), (4549, 1), (4551, 1), (4575, 1), (4602, 2), (4611, 1), (4625, 2), (4634, 1), (4643, 1), (4653, 1), (4654, 1), (4660, 1), (4672, 1), (4683, 1), (4685, 5), (4698, 2), (4720, 1), (4727, 1), (4728, 1), (4731, 1), (4756, 1), (4758, 1), (4764, 2), (4767, 1), (4776, 2), (4784, 3), (4801, 1), (4813, 5), (4853, 1), (4877, 1), (4882, 3), (4893, 1), (4894, 1), (4897, 2), (4903, 2), (4911, 1), (4926, 1), (4930, 1), (4934, 1), (4966, 1), (5019, 2), (5027, 2), (5037, 4), (5044, 2), (5068, 1), (5073, 2), (5075, 1), (5084, 1), (5087, 1), (5088, 1), (5095, 2), (5098, 1), (5106, 1), (5107, 1), (5108, 1), (5122, 1), (5136, 1), (5139, 3), (5140, 7), (5151, 6), (5153, 2), (5154, 1), (5167, 1), (5170, 2), (5199, 1), (5208, 3), (5213, 2), (5221, 8), (5228, 1), (5234, 1), (5245, 1), (5250, 2), (5256, 1), (5263, 5), (5277, 1), (5297, 5), (5298, 1), (5315, 3), (5316, 1), (5326, 2), (5332, 2), (5347, 6), (5354, 1), (5366, 3), (5367, 1), (5375, 1), (5385, 6), (5387, 1), (5400, 2), (5410, 1), (5424, 1), (5466, 1), (5467, 1), (5468, 3), (5469, 1), (5479, 1), (5489, 1), (5497, 1), (5510, 1), (5518, 2), (5520, 1), (5526, 2), (5530, 1), (5531, 1), (5537, 3), (5544, 2), (5607, 2), (5614, 1), (5636, 1), (5643, 11), (5653, 1), (5658, 1), (5668, 1), (5673, 2), (5685, 2), (5693, 1), (5718, 2), (5758, 1), (5774, 2), (5780, 2), (5783, 1), (5800, 1), (5802, 4), (5808, 1), (5809, 1), (5819, 1), (5831, 2), (5833, 1), (5853, 1), (5855, 1), (5871, 2), (5874, 2), (5896, 2), (5902, 1), (5915, 1), (5919, 2), (5926, 2), (5957, 1), (5961, 1), (5982, 1), (6018, 3), (6032, 2), (6043, 1), (6049, 1), (6052, 2), (6061, 1), (6064, 2), (6069, 1), (6081, 2), (6086, 2), (6099, 4), (6102, 1), (6104, 1), (6106, 1), (6107, 4), (6140, 1), (6148, 2), (6151, 1), (6169, 3), (6170, 5), (6176, 1), (6178, 3), (6198, 1), (6204, 20), (6210, 1), (6217, 1), (6232, 1), (6235, 3), (6244, 2), (6245, 36), (6255, 2), (6266, 1), (6274, 1), (6275, 1), (6276, 1), (6278, 10), (6281, 2), (6283, 1), (6286, 2), (6298, 4), (6300, 2), (6328, 3), (6334, 1), (6336, 1), (6340, 4), (6349, 1), (6350, 1), (6374, 1), (6390, 1), (6401, 8), (6413, 1), (6421, 1), (6428, 3), (6444, 1), (6456, 2), (6459, 1), (6468, 12), (6506, 36), (6508, 1), (6511, 1), (6517, 2), (6536, 1), (6547, 2), (6560, 1), (6568, 1), (6591, 1), (6593, 1), (6608, 2), (6636, 2), (6638, 1), (6654, 2), (6662, 2), (6663, 3), (6672, 1), (6694, 3), (6696, 1), (6697, 6), (6698, 1), (6701, 1), (6703, 1), (6709, 2), (6747, 1), (6762, 1), (6766, 2), (6767, 1), (6770, 1), (6775, 3), (6793, 2), (6854, 1), (6858, 1), (6867, 1), (6873, 12), (6879, 1), (6895, 1), (6905, 4), (6942, 1), (6947, 4), (6948, 6), (6957, 1), (6958, 5), (6966, 3), (6971, 3), (6989, 2), (6992, 1), (6998, 1), (6999, 1), (7001, 1), (7010, 1), (7034, 2), (7038, 2), (7044, 1), (7058, 1), (7084, 3), (7089, 1), (7094, 1), (7095, 2), (7096, 1), (7107, 1), (7110, 1), (7120, 1), (7125, 1), (7130, 1), (7143, 1), (7153, 14), (7156, 1), (7161, 1), (7164, 4), (7167, 2), (7173, 1), (7176, 36), (7177, 1), (7198, 2), (7207, 4), (7233, 1), (7238, 4), (7249, 1), (7338, 1), (7343, 1), (7345, 5), (7353, 1), (7360, 1), (7363, 1), (7375, 1), (7383, 6), (7391, 3), (7422, 2), (7423, 1), (7440, 1), (7444, 3), (7470, 6), (7473, 4), (7477, 4), (7481, 1), (7493, 1), (7500, 1), (7503, 2), (7506, 1), (7517, 1), (7528, 1), (7542, 3), (7545, 1), (7574, 1), (7580, 1), (7592, 2), (7594, 1), (7612, 1), (7622, 1), (7624, 1), (7631, 1), (7642, 5), (7647, 1), (7666, 2), (7668, 2), (7672, 6), (7674, 1), (7698, 1), (7715, 1), (7717, 4), (7722, 12), (7731, 1), (7743, 1), (7744, 1), (7757, 1), (7768, 1), (7785, 1), (7825, 1), (7882, 1), (7887, 1), (7892, 1), (7893, 1), (7902, 15), (7915, 3), (7959, 3), (7960, 1), (7977, 1), (7979, 1), (7988, 1), (7991, 1), (8002, 1), (8005, 2), (8018, 2), (8021, 1), (8024, 2), (8025, 2), (8044, 1), (8062, 4), (8069, 16), (8073, 1), (8074, 2), (8084, 2), (8095, 2), (8099, 3), (8102, 2), (8153, 3), (8178, 10), (8184, 1), (8214, 6), (8215, 3), (8226, 1), (8228, 1), (8248, 3), (8252, 3), (8272, 1), (8279, 2), (8284, 1), (8293, 2), (8305, 12), (8326, 1), (8355, 1), (8364, 1), (8367, 1), (8375, 1), (8383, 2), (8393, 14), (8402, 16), (8421, 4), (8435, 8), (8438, 3), (8443, 1), (8446, 8), (8450, 1), (8474, 1), (8508, 1), (8511, 5), (8544, 1), (8549, 3), (8552, 4), (8567, 1), (8575, 1), (8592, 1), (8595, 1), (8597, 1), (8602, 2), (8628, 1), (8634, 1), (8638, 1), (8647, 1), (8654, 3), (8661, 1), (8663, 1), (8692, 5), (8708, 1), (8730, 2), (8743, 1), (8755, 1), (8757, 1), (8774, 2), (8778, 1), (8797, 2), (8802, 1), (8807, 3), (8811, 1), (8833, 6), (8839, 1), (8845, 3), (8847, 1), (8853, 1), (8864, 2), (8885, 2), (8887, 3), (8909, 8), (8925, 1), (8930, 2), (8947, 2), (8950, 3), (8952, 3), (8955, 1), (8958, 1), (8982, 1), (9005, 3), (9017, 1), (9019, 1), (9078, 1), (9096, 1), (9100, 1), (9103, 1), (9104, 1), (9117, 1), (9125, 1), (9143, 1), (9149, 1), (9158, 2), (9161, 1), (9191, 1), (9200, 2), (9201, 1), (9209, 3), (9212, 1), (9215, 3), (9226, 1), (9238, 1), (9262, 1), (9266, 3), (9278, 1), (9287, 3), (9290, 3), (9308, 1), (9361, 1), (9385, 2), (9390, 3), (9394, 2), (9408, 1), (9422, 1), (9433, 4), (9479, 6), (9495, 1), (9501, 1), (9502, 3), (9530, 1), (9537, 2), (9543, 5), (9554, 1), (9569, 1), (9572, 2), (9574, 2), (9577, 2), (9604, 1), (9612, 2), (9614, 3), (9616, 2), (9618, 1), (9619, 2), (9632, 9), (9640, 1), (9646, 1), (9670, 2), (9673, 1), (9696, 1), (9729, 2), (9748, 1), (9755, 2), (9770, 2), (9771, 1), (9773, 1), (9782, 8), (9796, 1), (9799, 3), (9800, 1), (9810, 2), (9815, 1), (9834, 4), (9836, 1), (9841, 1), (9844, 1), (9886, 3), (9898, 1), (9899, 2), (9921, 1), (9924, 1), (9931, 1), (9942, 20), (9978, 2), (9986, 1), (9991, 2)
believeth (DF: 1): (2293, 1)
believin (DF: 13): (372, 1), (922, 1), (993, 1), (1809, 1), (2878, 1), (3107, 1), (4377, 1), (6244, 1), (8058, 1), (8525, 4), (8666, 1), (9177, 1), (9926, 10)
belinda (DF: 1): (7358, 2)
beliv (DF: 2): (4453, 1), (4634, 1)
beliz (DF: 1): (168, 1)
bell (DF: 166): (2, 2), (9, 2), (14, 10), (47, 1), (132, 1), (189, 2), (228, 1), (237, 2), (337, 1), (376, 2), (426, 1), (427, 1), (438, 3), (505, 1), (513, 1), (622, 3), (707, 1), (724, 7), (728, 1), (835, 4), (958, 3), (981, 1), (1028, 2), (1061, 6), (1297, 1), (1305, 2), (1375, 24), (1455, 1), (1456, 3), (1705, 2), (1736, 1), (1740, 3), (1752, 6), (1786, 6), (1801, 1), (1818, 1), (1850, 2), (1878, 1), (1898, 2), (2136, 6), (2198, 1), (2399, 2), (2461, 1), (2557, 2), (2636, 1), (2662, 1), (2692, 2), (2805, 1), (2825, 2), (2838, 1), (2938, 2), (3010, 3), (3108, 1), (3164, 1), (3195, 1), (3296, 1), (3316, 2), (3406, 1), (3586, 2), (3588, 2), (3660, 1), (3717, 3), (3721, 9), (3749, 1), (3902, 1), (3933, 1), (3942, 2), (3954, 1), (4129, 3), (4194, 1), (4207, 1), (4223, 5), (4313, 1), (4412, 2), (4459, 1), (4585, 1), (4603, 1), (4633, 2), (4658, 2), (4712, 2), (4799, 1), (4878, 2), (4887, 1), (4959, 1), (5032, 1), (5068, 1), (5088, 1), (5090, 1), (5109, 3), (5321, 16), (5392, 1), (5419, 2), (5473, 6), (5509, 1), (5602, 1), (5604, 1), (5710, 10), (5839, 1), (5852, 1), (5877, 1), (5906, 1), (6159, 12), (6175, 1), (6214, 1), (6243, 2), (6250, 2), (6343, 1), (6374, 1), (6417, 1), (6522, 2), (6626, 1), (6652, 1), (6768, 1), (6810, 9), (6857, 8), (7243, 2), (7255, 1), (7352, 2), (7361, 8), (7466, 2), (7501, 1), (7509, 1), (7587, 1), (7641, 1), (7667, 1), (7758, 2), (7779, 2), (7837, 1), (7897, 1), (7942, 1), (7950, 1), (7961, 1), (7993, 5), (8032, 1), (8047, 5), (8054, 1), (8141, 1), (8143, 1), (8214, 1), (8274, 2), (8300, 2), (8359, 2), (8582, 1), (8746, 1), (8763, 1), (8844, 6), (8857, 1), (8920, 2), (9040, 33), (9130, 1), (9179, 1), (9203, 1), (9206, 8), (9267, 1), (9375, 1), (9400, 4), (9439, 1), (9458, 4), (9492, 2), (9719, 1), (9819, 2), (9867, 5), (9912, 1), (9939, 1), (9965, 1), (9998, 1)
bella (DF: 2): (3832, 1), (6009, 1)
bellac (DF: 11): (364, 2), (996, 1), (1668, 2), (2877, 2), (3631, 3), (4300, 3), (4594, 3), (5352, 1), (6243, 1), (6438, 1), (6808, 6)
bellacon (DF: 1): (4246, 1)
belladonna (DF: 1): (8890, 1)
bellake (DF: 1): (6561, 11)
bellami (DF: 3): (208, 2), (1594, 1), (6837, 1)
bellaqu (DF: 7): (1478, 7), (2898, 15), (3580, 2), (3816, 3), (4300, 3), (4594, 3), (9974, 1)
bellaque (DF: 5): (1932, 2), (2306, 2), (7239, 2), (7367, 16), (9974, 6)
bellaqueam (DF: 1): (1441, 1)
bellaquer (DF: 5): (1478, 1), (2877, 1), (3876, 7), (5224, 1), (9818, 1)
bellaqui (DF: 1): (9652, 2)
bellaquit (DF: 3): (4300, 20), (4484, 2), (4594, 20)
bellboy (DF: 1): (3726, 1)
bellen (DF: 1): (3355, 1)
bellevill (DF: 1): (2981, 1)
bellez (DF: 17): (2354, 1), (3226, 2), (3614, 1), (4236, 1), (4352, 2), (4479, 1), (5754, 1), (5762, 1), (6339, 1), (6399, 1), (6768, 4), (6917, 1), (7780, 1), (8902, 1), (9437, 1), (9872, 1), (9887, 1)
bellfort (DF: 2): (9209, 1), (9886, 1)
bellgot (DF: 1): (8369, 1)
belli (DF: 41): (552, 7), (746, 1), (1847, 1), (2177, 1), (2378, 1), (2701, 1), (2760, 1), (2991, 1), (3074, 10), (3084, 3), (3216, 1), (3254, 1), (3282, 2), (3303, 1), (3867, 1), (3949, 3), (4122, 1), (4420, 1), (4533, 1), (4831, 1), (5102, 1), (5195, 1), (5223, 1), (5753, 1), (5907, 1), (5957, 1), (5974, 1), (6363, 3), (6568, 1), (6585, 2), (6819, 1), (7235, 1), (7540, 1), (7553, 2), (7635, 1), (7778, 1), (8196, 1), (8965, 1), (9147, 2), (9263, 1), (9398, 1)
belliger (DF: 1): (808, 1)
bellion (DF: 2): (1813, 1), (6507, 1)
bellissim (DF: 2): (3316, 1), (8054, 1)
bellot (DF: 1): (1850, 1)
bellsouth (DF: 1): (1145, 1)
bellt (DF: 1): (2194, 1)
bellyach (DF: 1): (4641, 1)
belmez (DF: 1): (417, 1)
belo (DF: 1): (5007, 1)
belong (DF: 194): (30, 1), (72, 1), (74, 2), (83, 1), (103, 1), (170, 3), (196, 4), (219, 3), (286, 3), (302, 1), (323, 1), (372, 2), (384, 3), (432, 1), (714, 1), (785, 1), (859, 1), (876, 2), (950, 5), (955, 1), (970, 1), (994, 12), (1111, 1), (1120, 18), (1167, 6), (1170, 1), (1250, 1), (1261, 3), (1335, 6), (1347, 1), (1384, 4), (1418, 1), (1445, 3), (1581, 2), (1585, 4), (1690, 1), (1791, 2), (1809, 2), (1824, 3), (1840, 6), (1964, 1), (2041, 8), (2072, 13), (2131, 1), (2153, 18), (2156, 3), (2185, 1), (2229, 2), (2365, 1), (2367, 1), (2372, 1), (2398, 2), (2596, 1), (2725, 2), (2735, 1), (2742, 16), (2764, 9), (2767, 1), (2775, 1), (2776, 1), (2832, 1), (2862, 2), (2901, 18), (2914, 5), (2919, 1), (2962, 3), (2996, 7), (3022, 2), (3076, 1), (3175, 1), (3235, 1), (3242, 5), (3262, 1), (3276, 1), (3289, 9), (3331, 2), (3463, 1), (3468, 1), (3520, 1), (3530, 2), (3668, 1), (3739, 1), (3802, 1), (3807, 2), (3847, 14), (3892, 2), (3917, 19), (3967, 1), (4094, 1), (4229, 4), (4301, 2), (4338, 2), (4340, 2), (4346, 1), (4349, 2), (4370, 1), (4376, 1), (4427, 1), (4436, 1), (4502, 5), (4585, 1), (4610, 2), (4625, 1), (4654, 1), (4717, 1), (4801, 1), (4921, 6), (4922, 1), (4946, 2), (5029, 1), (5077, 6), (5088, 1), (5128, 11), (5152, 1), (5181, 2), (5189, 2), (5235, 1), (5280, 11), (5298, 1), (5301, 1), (5312, 1), (5400, 4), (5424, 1), (5552, 12), (5670, 1), (5807, 2), (6000, 2), (6036, 3), (6044, 4), (6119, 1), (6172, 1), (6223, 2), (6241, 1), (6300, 1), (6301, 2), (6311, 12), (6329, 1), (6345, 1), (6376, 1), (6527, 1), (6557, 2), (6660, 2), (6694, 1), (6719, 1), (6740, 1), (6761, 1), (6921, 2), (6934, 8), (6973, 2), (6989, 2), (7326, 3), (7371, 10), (7389, 1), (7390, 2), (7493, 1), (7548, 5), (7570, 2), (7627, 1), (7679, 2), (7682, 4), (7685, 1), (7762, 15), (7777, 5), (7814, 1), (7893, 7), (7894, 3), (7895, 1), (7900, 1), (7929, 1), (7951, 1), (8014, 9), (8025, 1), (8033, 4), (8050, 3), (8058, 2), (8302, 36), (8350, 2), (8481, 1), (8530, 2), (8600, 28), (8628, 1), (8772, 5), (8878, 1), (8982, 1), (9081, 1), (9169, 2), (9177, 1), (9216, 1), (9323, 2), (9349, 6), (9453, 2), (9670, 14), (9709, 1), (9836, 1)
