suga (DF: 6): (16, 18), (298, 6), (2105, 1), (3189, 1), (6861, 3), (9379, 1)
sugar (DF: 117): (16, 5), (129, 1), (200, 1), (210, 2), (331, 1), (346, 1), (382, 1), (384, 1), (607, 2), (688, 2), (694, 1), (708, 1), (772, 2), (805, 1), (884, 2), (1055, 2), (1246, 21), (1528, 77), (1551, 3), (1812, 1), (1840, 1), (1862, 1), (1896, 1), (1949, 6), (1957, 1), (2011, 2), (2085, 3), (2223, 1), (2297, 1), (2300, 14), (2382, 1), (2405, 1), (2490, 6), (2495, 1), (2509, 1), (2698, 1), (2778, 1), (2816, 20), (2837, 20), (3010, 3), (3074, 137), (3277, 6), (3522, 2), (3671, 4), (3933, 7), (4168, 1), (4249, 1), (4431, 12), (4570, 2), (4580, 1), (4589, 1), (4629, 1), (4834, 1), (4897, 1), (4925, 4), (5033, 4), (5130, 1), (5292, 1), (5421, 1), (5453, 1), (5520, 1), (5523, 3), (5533, 1), (5880, 1), (5930, 1), (6020, 1), (6101, 1), (6166, 1), (6176, 1), (6235, 2), (6308, 2), (6345, 1), (6477, 1), (6570, 1), (6719, 1), (6721, 2), (6763, 1), (6783, 20), (6982, 1), (7103, 2), (7262, 4), (7316, 3), (7330, 2), (7378, 2), (7402, 4), (7467, 2), (7514, 2), (7553, 2), (7564, 1), (7697, 1), (7717, 1), (7735, 8), (7883, 1), (7932, 1), (7968, 2), (8074, 1), (8151, 4), (8296, 1), (8351, 3), (8463, 38), (8523, 25), (8775, 1), (8825, 1), (8956, 62), (9023, 1), (9211, 1), (9346, 4), (9476, 3), (9522, 3), (9569, 6), (9594, 1), (9712, 1), (9823, 1), (9907, 1), (9910, 1), (5803, 40), (5805, 4)
sugarcan (DF: 2): (6477, 1), (9868, 1)
sugarcoat (DF: 4): (3789, 1), (4973, 5), (7464, 1), (9301, 1)
sugari (DF: 1): (1949, 1)
suge (DF: 6): (179, 1), (737, 1), (5667, 11), (6846, 1), (7296, 1), (9640, 1)
sugerir (DF: 1): (5859, 1)
suggest (DF: 20): (27, 1), (337, 1), (400, 1), (522, 1), (1588, 1), (2151, 1), (3428, 3), (3487, 1), (4411, 1), (5297, 1), (5456, 1), (5554, 1), (5983, 1), (6655, 1), (6959, 1), (7051, 1), (7458, 1), (8135, 1), (9750, 1), (9790, 1)
suh (DF: 6): (1515, 1), (4771, 2), (7045, 2), (7063, 2), (7645, 2), (9783, 2)
sui (DF: 3): (3660, 1), (7454, 9), (9640, 4)
suic (DF: 1): (2034, 4)
suicid (DF: 64): (646, 1), (803, 1), (1029, 1), (1210, 1), (1383, 1), (1723, 4), (1856, 1), (1990, 1), (1997, 20), (2112, 1), (2230, 1), (2232, 1), (2411, 1), (2940, 1), (3100, 1), (3322, 18), (3440, 73), (3498, 1), (3769, 1), (3807, 2), (4014, 1), (4073, 1), (4177, 1), (4315, 1), (4377, 1), (4420, 1), (4520, 1), (4593, 1), (4842, 1), (4942, 1), (5045, 1), (5092, 1), (5249, 1), (5317, 1), (5411, 12), (5528, 2), (5866, 1), (5871, 1), (6040, 1), (6114, 1), (6225, 2), (6382, 1), (6698, 1), (6766, 1), (6800, 1), (6846, 1), (7192, 1), (7485, 1), (7808, 18), (8016, 1), (8195, 1), (8319, 20), (8561, 1), (8571, 1), (8577, 1), (8641, 2), (8917, 1), (8986, 1), (9231, 3), (9328, 1), (9493, 3), (9518, 5), (9640, 41), (9830, 4)
suicideboy (DF: 1): (407, 1)
suicidi (DF: 1): (972, 2)
suin (DF: 2): (3789, 1), (9301, 1)
suis (DF: 1): (8198, 2)
suit (DF: 111): (92, 1), (141, 1), (183, 1), (444, 1), (612, 3), (660, 1), (676, 1), (752, 1), (922, 1), (965, 6), (1096, 1), (1237, 3), (1243, 2), (1334, 2), (1342, 1), (1465, 7), (1479, 1), (1555, 1), (1732, 2), (2045, 1), (2177, 1), (2186, 1), (2399, 1), (2471, 4), (2511, 2), (2628, 2), (2693, 1), (2804, 1), (2832, 1), (2872, 1), (3029, 3), (3067, 1), (3128, 1), (3138, 1), (3263, 2), (3410, 1), (3451, 3), (3453, 3), (3486, 1), (3661, 1), (4046, 2), (4218, 1), (4282, 1), (4337, 2), (4343, 3), (4389, 1), (4421, 2), (4506, 1), (4547, 1), (4587, 1), (4647, 1), (4686, 1), (4832, 1), (4895, 1), (4990, 1), (5009, 1), (5076, 1), (5222, 1), (5241, 1), (5513, 2), (5678, 1), (5723, 1), (5865, 1), (5954, 1), (5978, 1), (6019, 1), (6079, 6), (6157, 1), (6322, 1), (6323, 1), (6327, 1), (6330, 2), (6385, 1), (6535, 1), (6552, 2), (6568, 1), (6721, 1), (6723, 1), (6861, 1), (6873, 1), (6903, 1), (7067, 1), (7350, 1), (7373, 1), (7376, 1), (7540, 1), (7563, 5), (7580, 1), (7648, 5), (7758, 1), (7969, 1), (8064, 6), (8079, 1), (8168, 1), (8235, 1), (8321, 1), (8551, 1), (8587, 1), (8745, 5), (8755, 1), (8844, 1), (8901, 1), (9071, 1), (9143, 1), (9144, 1), (9236, 4), (9379, 1), (9403, 1), (9573, 1), (9816, 1), (9878, 1)
suitabl (DF: 1): (5836, 2)
suitcas (DF: 15): (293, 1), (1135, 1), (2697, 1), (2999, 1), (3207, 1), (3503, 1), (4371, 2), (5047, 1), (5573, 1), (6759, 1), (6913, 2), (7343, 1), (7704, 1), (9205, 1), (9434, 1)
suivent (DF: 1): (7533, 1)
sujeito (DF: 1): (2839, 3)
sujo (DF: 2): (2242, 2), (3364, 1)
suk (DF: 1): (7313, 1)
suka (DF: 2): (908, 2), (7356, 1)
sukc (DF: 1): (7344, 3)
suki (DF: 1): (2303, 1)
sukkel (DF: 1): (1619, 1)
