suppos (DF: 115): (3537, 5), (3539, 1), (3552, 1), (3780, 4), (3796, 1), (3892, 1), (3904, 1), (3939, 1), (4013, 1), (4166, 3), (4265, 6), (4293, 1), (4332, 1), (4401, 1), (4427, 1), (4449, 1), (4454, 1), (4585, 1), (4592, 1), (4661, 2), (4716, 1), (4747, 4), (4805, 3), (4845, 2), (4918, 1), (4931, 1), (5033, 4), (5059, 1), (5076, 1), (5108, 1), (5289, 1), (5311, 1), (5327, 1), (5434, 1), (5542, 2), (5643, 1), (5685, 2), (5831, 4), (5855, 3), (5897, 1), (5942, 1), (5958, 3), (5993, 1), (6032, 4), (6064, 2), (6210, 1), (6288, 1), (6322, 1), (6350, 1), (6519, 1), (6523, 1), (6556, 4), (6592, 6), (6660, 1), (6704, 2), (6750, 3), (6765, 1), (6905, 4), (6921, 1), (6985, 2), (7084, 2), (7090, 1), (7098, 5), (7130, 1), (7227, 1), (7354, 7), (7369, 1), (7398, 6), (7446, 3), (7511, 3), (7531, 6), (7623, 4), (7643, 1), (7703, 4), (7772, 1), (7874, 1), (7884, 1), (7911, 3), (7991, 1), (8084, 10), (8290, 1), (8310, 6), (8347, 1), (8360, 2), (8402, 4), (8458, 2), (8481, 2), (8550, 14), (8638, 2), (8669, 2), (8672, 2), (8736, 1), (8761, 2), (8789, 2), (8824, 1), (8852, 2), (8900, 12), (8901, 2), (9016, 1), (9028, 1), (9035, 1), (9183, 1), (9563, 1), (9590, 6), (9594, 1), (9758, 1), (9836, 1), (9847, 1), (9866, 1), (9888, 1), (9987, 1), (2810, 1), (2811, 3), (6063, 1), (9585, 1)
suppress (DF: 7): (606, 1), (874, 1), (3089, 1), (3935, 1), (7862, 1), (7867, 1), (8643, 1)
suprem (DF: 25): (63, 2), (802, 2), (1485, 1), (1790, 1), (2687, 1), (2733, 1), (2840, 1), (2916, 1), (3219, 4), (3369, 1), (4124, 1), (4374, 1), (4454, 1), (4641, 1), (5729, 1), (5995, 1), (6403, 1), (6466, 1), (6516, 1), (8004, 1), (8019, 1), (8181, 1), (8953, 2), (9185, 1), (9838, 1)
supremaci (DF: 1): (9456, 4)
supremacist (DF: 1): (4931, 1)
supremos (DF: 1): (1715, 1)
supu (DF: 1): (284, 2)
supuest (DF: 5): (1213, 12), (1974, 1), (4009, 2), (4704, 2), (8353, 1)
sur (DF: 18): (10, 1), (306, 1), (890, 2), (1027, 2), (2735, 1), (3898, 2), (4285, 2), (4675, 1), (4852, 1), (4855, 1), (5574, 1), (5716, 1), (6025, 1), (6207, 1), (6923, 1), (7301, 1), (8128, 1), (8198, 1)
surah (DF: 2): (2916, 1), (4454, 1)
surahn (DF: 1): (5318, 2)
suramer (DF: 2): (4852, 1), (5716, 1)
surburban (DF: 1): (5394, 2)
sure (DF: 227): (25, 1), (26, 2), (56, 1), (70, 2), (81, 1), (121, 1), (132, 1), (160, 3), (167, 3), (182, 1), (188, 4), (194, 1), (197, 1), (212, 2), (226, 1), (255, 1), (297, 1), (298, 2), (300, 1), (308, 1), (313, 1), (374, 2), (389, 2), (409, 1), (418, 1), (422, 1), (435, 5), (490, 1), (494, 1), (526, 3), (541, 1), (549, 1), (618, 2), (641, 1), (647, 1), (650, 1), (694, 2), (708, 1), (718, 1), (731, 1), (746, 2), (749, 1), (783, 1), (802, 1), (805, 3), (815, 1), (826, 1), (846, 2), (870, 1), (909, 1), (925, 1), (932, 1), (937, 2), (942, 1), (973, 2), (978, 2), (991, 1), (1006, 3), (1015, 1), (1100, 1), (1107, 4), (1111, 1), (1198, 1), (1202, 1), (1214, 3), (1222, 1), (1283, 8), (1301, 1), (1324, 2), (1351, 2), (1354, 1), (1372, 1), (1388, 1), (1394, 1), (1399, 1), (1418, 1), (1438, 5), (1442, 1), (1466, 1), (1509, 2), (1534, 3), (1546, 3), (1551, 3), (1621, 2), (1625, 1), (1634, 1), (1650, 1), (1746, 2), (1757, 1), (1766, 1), (1770, 1), (1775, 2), (1783, 6), (1815, 2), (1820, 1), (1838, 2), (1840, 1), (1852, 1), (1868, 2), (1909, 2), (1937, 1), (1954, 1), (1961, 3), (1988, 1), (2012, 1), (2035, 2), (2046, 1), (2057, 1), (2075, 1), (2080, 1), (2085, 1), (2143, 1), (2163, 2), (2278, 1), (2282, 16), (2300, 3), (2317, 6), (2333, 1), (2361, 1), (2388, 1), (2410, 4), (2462, 1), (2466, 1), (2509, 1), (2536, 2), (2573, 1), (2586, 1), (2596, 2), (2607, 1), (2609, 1), (2639, 1), (2663, 4), (2683, 70), (2691, 1), (2692, 1), (2750, 3), (2756, 2), (2760, 1), (2761, 1), (2787, 1), (2799, 1), (2820, 1), (2841, 3), (2868, 6), (2871, 1), (2882, 1), (2910, 1), (2923, 1), (2928, 4), (2930, 1), (2933, 4), (2941, 14), (2945, 7), (2954, 2), (2975, 2), (2988, 2), (3009, 1), (3076, 2), (3101, 1), (3107, 1), (3109, 1), (3114, 1), (3121, 2), (3136, 4), (3138, 1), (3147, 1), (3151, 3), (3192, 1), (3199, 6), (3225, 1), (3238, 1), (3246, 2), (3251, 1), (3278, 2), (3282, 2), (3285, 1), (3335, 1), (3380, 2), (3393, 2), (3429, 2), (3458, 2), (3468, 1), (3472, 12), (3542, 1), (3547, 2), (3558, 2), (3564, 1), (3568, 3), (3593, 2), (3601, 4), (3648, 1), (3664, 1), (3707, 2), (3711, 1), (3715, 4), (3733, 19), (3739, 1), (3741, 1), (3769, 1), (3796, 1), (3806, 4), (3833, 1), (3900, 2), (3922, 2), (3967, 1), (3979, 1), (3988, 1), (4019, 1), (4022, 2), (4023, 1), (4039, 1), (4051, 2), (4078, 2), (4093, 1), (4112, 2), (4116, 2), (4132, 1), (4137, 1), (4147, 1), (4176, 1), (4240, 2), (4249, 2), (4284, 4), (4293, 1), (4294, 3), (4298, 1), (4303, 1)
