aoki (DF: 3): (8832, 1), (9735, 1), (9797, 1)
aol (DF: 2): (586, 1), (2995, 5)
aow (DF: 1): (873, 1)
aoww (DF: 1): (8163, 1)
ap (DF: 45): (567, 6), (1058, 3), (1478, 1), (2192, 1), (2737, 1), (3335, 1), (3991, 2), (4497, 6), (4661, 6), (4704, 1), (4833, 2), (4887, 2), (5055, 8), (5137, 4), (5228, 3), (5445, 1), (5642, 1), (6104, 2), (6214, 1), (6462, 1), (6568, 1), (6695, 1), (6751, 2), (6804, 2), (7006, 1), (7105, 1), (7106, 1), (7258, 2), (7302, 3), (7654, 1), (7691, 1), (7749, 2), (7768, 1), (7835, 1), (7900, 1), (8004, 1), (8113, 1), (8387, 1), (8455, 2), (8725, 4), (8860, 14), (9147, 1), (9245, 1), (9627, 9), (9781, 1)
apa (DF: 2): (1918, 1), (3603, 1)
apach (DF: 2): (3764, 1), (8999, 4)
apaciguao (DF: 1): (6009, 2)
apag (DF: 48): (353, 1), (648, 2), (776, 1), (1653, 12), (2604, 1), (3071, 1), (3093, 2), (3111, 6), (3219, 4), (3340, 1), (3358, 2), (3609, 4), (3669, 1), (3853, 1), (4195, 1), (4288, 1), (4300, 3), (4591, 5), (4594, 3), (4605, 2), (4799, 1), (4916, 1), (5224, 1), (5363, 4), (5770, 3), (6111, 1), (6279, 2), (6436, 6), (6450, 1), (6659, 1), (6932, 2), (7028, 4), (7108, 1), (7196, 1), (7504, 1), (7587, 6), (7653, 1), (7676, 2), (7961, 2), (8036, 1), (8140, 1), (8236, 6), (8352, 2), (8516, 1), (8945, 1), (9575, 1), (9916, 1), (9960, 4)
apaga (DF: 4): (3007, 3), (5042, 2), (8941, 1), (9120, 19)
apagal (DF: 2): (3358, 1), (3609, 2)
apagam (DF: 1): (4032, 1)
apagar (DF: 2): (3305, 2), (4214, 1)
apaixonado (DF: 1): (7175, 1)
apaixonei (DF: 1): (2539, 4)
apambich (DF: 1): (2306, 1)
apambichao (DF: 1): (6009, 4)
apanbicha (DF: 2): (7380, 2), (9246, 1)
apanesi (DF: 2): (7380, 2), (9246, 1)
apani (DF: 1): (4864, 1)
apar (DF: 1): (5363, 1)
aparach (DF: 1): (1677, 1)
aparati (DF: 1): (9162, 1)
aparc (DF: 1): (3898, 2)
aparec (DF: 23): (580, 1), (1051, 3), (1633, 1), (1659, 1), (1953, 2), (2480, 1), (3092, 2), (3859, 2), (3897, 1), (4515, 1), (5246, 1), (5906, 6), (6205, 2), (6336, 1), (6379, 3), (6562, 2), (7183, 1), (7820, 1), (8719, 2), (8922, 6), (9469, 1), (9660, 1), (9719, 1)
aparecee (DF: 2): (4540, 2), (6705, 2)
aparecert (DF: 1): (8961, 1)
apareceu (DF: 1): (7211, 1)
apareci (DF: 1): (1633, 1)
aparent (DF: 11): (728, 4), (1370, 2), (2488, 1), (3881, 1), (4238, 3), (4804, 2), (7258, 2), (7586, 1), (8482, 1), (9172, 6), (9185, 1)
aparesc (DF: 1): (5696, 2)
aparezc (DF: 3): (1295, 2), (1501, 2), (2972, 4)
aparient (DF: 1): (4797, 1)
apart (DF: 184): (36, 6), (58, 1), (177, 1), (196, 4), (207, 1), (304, 1), (368, 1), (432, 1), (457, 1), (510, 1), (522, 1), (636, 8), (643, 1), (678, 3), (683, 2), (709, 5), (716, 2), (734, 1), (735, 1), (763, 6), (787, 1), (814, 1), (847, 2), (953, 2), (1037, 2), (1048, 1), (1065, 2), (1071, 13), (1082, 2), (1088, 1), (1103, 2), (1128, 2), (1132, 1), (1145, 3), (1181, 1), (1245, 2), (1256, 2), (1356, 1), (1364, 2), (1378, 2), (1381, 2), (1400, 1), (1421, 2), (1511, 1), (1535, 2), (1545, 3), (1634, 1), (1680, 2), (1684, 3), (1689, 1), (1735, 4), (1829, 1), (1832, 1), (1860, 1), (1882, 1), (1910, 1), (1938, 1), (1948, 4), (1959, 1), (1965, 1), (1969, 1), (1983, 1), (2020, 1), (2068, 2), (2115, 1), (2121, 1), (2138, 2), (2148, 1), (2151, 1), (2173, 1), (2175, 4), (2206, 2), (2222, 6), (2273, 1), (2294, 1), (2304, 1), (2321, 1), (2335, 3), (2350, 1), (2401, 2), (2421, 10), (2438, 2), (2579, 7), (2602, 2), (2634, 2), (2706, 1), (2775, 1), (2790, 1), (2845, 3), (2877, 1), (2900, 2), (2913, 1), (2919, 2), (2925, 1), (2940, 2), (2945, 1), (2959, 1), (2978, 1), (2980, 1), (3034, 1), (3119, 4), (3151, 1), (3206, 1), (3225, 1), (3230, 5), (3322, 1), (3325, 2), (3394, 3), (3413, 1), (3431, 1), (3447, 2), (3475, 1), (3562, 1), (3572, 3), (3612, 1), (3638, 2), (3689, 2), (3700, 4), (3760, 1), (3761, 1), (3822, 1), (3873, 1), (3901, 5), (3910, 2), (3921, 4), (3946, 2), (3951, 2), (4000, 1), (4107, 1), (4120, 17), (4148, 1), (4158, 1), (4191, 2), (4218, 1), (4250, 1), (4255, 4), (4321, 3), (4334, 1), (4353, 1), (4371, 1), (4372, 4), (4392, 1), (4468, 1), (4533, 1), (4548, 1), (4564, 1), (4613, 1), (4620, 1), (4649, 1), (4689, 2), (4808, 1), (4845, 1), (4934, 1), (4971, 1), (4987, 4), (5002, 1), (5038, 1), (5058, 30), (5072, 1), (5075, 1), (5083, 1), (5199, 1), (5245, 1), (5260, 4), (5297, 1), (5317, 2), (5319, 1), (5328, 6), (5329, 1), (5333, 1), (5346, 2), (5432, 1), (5435, 4), (5498, 1), (5597, 1), (5599, 1), (5666, 5), (5671, 3), (5767, 2), (5772, 1), (5835, 4), (5847, 1), (5917, 1), (5971, 1)
