to (DF: 64): (7508, 6), (7513, 4), (7646, 2), (7766, 8), (7876, 6), (7886, 2), (7904, 14), (7925, 1), (7953, 1), (7956, 2), (7989, 2), (8036, 1), (8066, 1), (8091, 1), (8098, 1), (8131, 6), (8149, 2), (8236, 1), (8278, 5), (8353, 2), (8606, 2), (8699, 17), (8733, 7), (8866, 2), (8883, 1), (8919, 2), (8945, 2), (9040, 2), (9079, 2), (9108, 8), (9172, 1), (9185, 2), (9196, 1), (9204, 1), (9246, 2), (9248, 2), (9252, 8), (9285, 4), (9309, 5), (9318, 4), (9342, 1), (9383, 7), (9410, 1), (9428, 1), (9444, 2), (9516, 1), (9524, 2), (9534, 1), (9536, 1), (9568, 2), (9607, 1), (9652, 1), (9719, 1), (9762, 1), (9797, 2), (9818, 7), (9864, 3), (9882, 4), (9919, 8), (9960, 8), (9974, 2), (283, 1), (284, 3), (8352, 1)
toa (DF: 19): (46, 3), (1098, 2), (1501, 1), (1907, 2), (2354, 7), (3401, 2), (3816, 21), (4470, 1), (6197, 1), (6206, 1), (7019, 1), (7223, 1), (7239, 2), (8039, 1), (8131, 3), (8188, 19), (8218, 2), (8363, 14), (8919, 2)
toad (DF: 1): (2543, 1)
toall (DF: 4): (1563, 1), (2662, 1), (3903, 1), (6207, 1)
toast (DF: 52): (159, 1), (183, 1), (299, 1), (396, 2), (672, 1), (892, 2), (952, 2), (1152, 8), (1448, 1), (1452, 1), (1477, 1), (1492, 1), (1664, 12), (1714, 6), (2014, 3), (2439, 3), (2472, 1), (2573, 1), (3079, 2), (3486, 1), (3726, 1), (4157, 2), (4221, 2), (4311, 1), (4329, 28), (4447, 1), (4641, 1), (4789, 1), (4874, 4), (5066, 1), (5221, 48), (5345, 1), (5414, 1), (5751, 3), (5807, 1), (6338, 1), (6698, 1), (6728, 1), (6858, 1), (6999, 2), (7096, 1), (7445, 1), (7469, 1), (7564, 1), (8156, 1), (8755, 1), (8784, 2), (9240, 1), (9293, 1), (9424, 3), (9670, 4), (5223, 1)
toaster (DF: 10): (535, 2), (591, 1), (1552, 1), (1588, 1), (1714, 6), (3186, 1), (4446, 1), (5082, 1), (7154, 1), (9058, 1)
toastin (DF: 4): (339, 1), (4410, 1), (6363, 1), (9071, 1)
tob (DF: 5): (908, 1), (4761, 2), (6007, 1), (7836, 1), (8452, 1)
tobacco (DF: 4): (2000, 1), (3597, 1), (5078, 1), (7862, 1)
tobey (DF: 1): (1474, 1)
tobi (DF: 3): (121, 1), (846, 1), (7745, 1)
tobill (DF: 1): (7773, 3)
tobt (DF: 1): (5051, 1)
tobu (DF: 1): (7966, 1)
tobymac (DF: 2): (1767, 1), (6232, 1)
toc (DF: 125): (46, 6), (53, 2), (143, 1), (217, 1), (256, 3), (353, 1), (371, 1), (466, 3), (651, 3), (707, 5), (858, 1), (910, 1), (995, 1), (1022, 2), (1095, 2), (1133, 44), (1228, 1), (1255, 1), (1259, 1), (1296, 1), (1300, 2), (1424, 1), (1481, 8), (1677, 2), (1682, 1), (1810, 4), (1907, 1), (2033, 13), (2383, 3), (2473, 1), (2530, 1), (2814, 5), (2938, 2), (3031, 5), (3062, 1), (3071, 1), (3111, 3), (3358, 1), (3586, 10), (3590, 1), (3609, 2), (3623, 1), (3656, 3), (3665, 3), (3903, 3), (3916, 2), (3981, 1), (3996, 5), (4049, 4), (4258, 1), (4356, 2), (4671, 2), (4711, 2), (4780, 1), (4799, 1), (4912, 1), (4954, 1), (5035, 3), (5040, 1), (5126, 1), (5341, 2), (5352, 16), (5388, 1), (5502, 2), (5574, 4), (5588, 1), (5674, 1), (5696, 2), (5790, 1), (5962, 1), (6079, 2), (6131, 6), (6214, 1), (6326, 2), (6438, 3), (6541, 1), (6561, 7), (6656, 1), (6681, 6), (6682, 1), (6768, 1), (6808, 1), (6878, 5), (7003, 1), (7028, 2), (7068, 1), (7395, 3), (7546, 4), (7586, 1), (7646, 1), (7742, 4), (7863, 1), (7886, 1), (7925, 2), (7956, 2), (8236, 3), (8278, 1), (8406, 2), (8420, 5), (8518, 1), (8599, 1), (8646, 1), (8728, 2), (8792, 1), (8866, 6), (8902, 3), (8919, 2), (8928, 5), (8945, 1), (8961, 1), (8994, 1), (9060, 3), (9362, 4), (9431, 1), (9444, 2), (9469, 3), (9737, 4), (9740, 3), (9867, 4), (9916, 24), (9965, 1), (44, 2), (3897, 1), (3898, 1), (5353, 1)
toca (DF: 10): (213, 1), (552, 2), (1072, 2), (1278, 2), (1659, 3), (3902, 1), (4084, 1), (4357, 1), (6804, 1), (9208, 2)
tocada (DF: 13): (60, 1), (1278, 1), (1659, 1), (2308, 1), (2539, 1), (3955, 1), (5118, 1), (8858, 1), (8946, 1), (9045, 1), (9391, 1), (9525, 1), (9981, 1)
tocam (DF: 4): (1300, 1), (2351, 2), (4195, 1), (6851, 2)
tocamel (DF: 1): (4434, 1)
tocando (DF: 2): (3838, 1), (9860, 1)
tocandot (DF: 1): (3342, 1)
tocar (DF: 3): (2711, 1), (7876, 1), (9087, 1)
tocart (DF: 16): (875, 1), (2092, 1), (2383, 3), (2877, 1), (3722, 1), (3942, 1), (4550, 6), (4659, 1), (5022, 1), (5480, 1), (7172, 2), (7641, 1), (7956, 2), (8199, 1), (9090, 1), (9248, 1)
tocará (DF: 1): (7049, 2)
tocat (DF: 1): (1478, 1)
tocc (DF: 2): (3491, 3), (3972, 1)
