given (DF: 38): (5866, 1), (5871, 2), (5993, 1), (6019, 1), (6080, 2), (6147, 1), (6772, 1), (6801, 1), (6993, 2), (7010, 1), (7184, 2), (7202, 1), (7304, 1), (7445, 1), (7756, 1), (7832, 1), (7867, 1), (7914, 1), (7988, 1), (8002, 2), (8319, 1), (8358, 1), (8388, 1), (8492, 1), (8544, 2), (8625, 1), (8839, 7), (8856, 2), (8930, 1), (9161, 1), (9293, 1), (9365, 1), (9385, 1), (9459, 4), (9632, 1), (9729, 2), (1288, 1), (1290, 1)
givenc (DF: 1): (7768, 2)
givenchi (DF: 9): (1531, 9), (4319, 1), (4607, 1), (4995, 4), (5584, 1), (5707, 1), (6165, 1), (8725, 4), (9742, 1)
givenchy (DF: 3): (4614, 1), (4743, 1), (7000, 1)
giveon (DF: 1): (3274, 1)
giver (DF: 3): (576, 2), (1957, 2), (3177, 1)
givin (DF: 98): (13, 1), (27, 1), (159, 1), (337, 1), (369, 1), (563, 1), (647, 1), (916, 1), (1019, 1), (1111, 3), (1319, 1), (1578, 1), (1704, 1), (1763, 1), (1893, 2), (1924, 1), (1964, 1), (2052, 1), (2177, 1), (2185, 2), (2220, 1), (2294, 1), (2459, 1), (2527, 2), (2607, 2), (2624, 1), (2660, 1), (2730, 1), (2741, 1), (2779, 2), (2804, 2), (2825, 1), (2850, 1), (2856, 1), (3033, 1), (3095, 2), (3223, 1), (3260, 1), (3276, 1), (3487, 1), (3624, 1), (3719, 3), (3739, 1), (3789, 1), (3882, 2), (3904, 1), (3947, 1), (4073, 1), (4407, 2), (4784, 3), (4854, 1), (4940, 1), (4941, 1), (5091, 1), (5298, 1), (5349, 1), (5489, 1), (5506, 1), (5516, 1), (5576, 1), (5581, 1), (5672, 2), (5838, 3), (5862, 1), (6298, 12), (6483, 1), (6563, 1), (7206, 1), (7276, 1), (7465, 1), (7483, 1), (7685, 1), (7753, 1), (7814, 1), (7924, 1), (7955, 1), (8154, 1), (8286, 1), (8299, 1), (8373, 6), (8470, 1), (8488, 1), (8641, 2), (8662, 2), (8676, 3), (8756, 1), (8864, 2), (8935, 1), (8982, 1), (9099, 1), (9125, 1), (9183, 1), (9301, 1), (9434, 1), (9451, 1), (9527, 1), (9763, 1), (9853, 1)
giviti (DF: 1): (3271, 1)
giz (DF: 2): (591, 3), (5007, 1)
gizam (DF: 1): (5340, 1)
gizem (DF: 1): (3745, 1)
gizmo (DF: 1): (2058, 1)
gizzay (DF: 1): (2895, 1)
gizzl (DF: 1): (8240, 1)
gizzo (DF: 2): (6114, 1), (6853, 1)
già (DF: 23): (63, 1), (187, 2), (1010, 1), (1485, 6), (1848, 1), (1850, 2), (3954, 3), (4587, 1), (4873, 1), (5116, 4), (5439, 3), (6341, 2), (6395, 2), (6626, 1), (6631, 1), (6691, 7), (6961, 1), (7466, 2), (8671, 1), (8777, 1), (9203, 1), (9596, 3), (9738, 1)
giù (DF: 5): (3717, 1), (4086, 1), (4587, 3), (5825, 1), (9222, 1)
gjynah (DF: 1): (3849, 18)
gka (DF: 1): (4218, 1)
gl (DF: 2): (3849, 1), (5775, 1)
glac (DF: 1): (4614, 1)
glaceo (DF: 1): (5229, 1)
glaci (DF: 2): (1089, 1), (8733, 1)
glacier (DF: 5): (808, 1), (4779, 4), (6795, 1), (7468, 1), (8348, 8)
glad (DF: 127): (141, 1), (171, 1), (232, 2), (239, 1), (303, 4), (332, 1), (372, 1), (411, 1), (425, 1), (435, 1), (455, 1), (662, 14), (774, 1), (950, 1), (956, 4), (1169, 1), (1281, 1), (1301, 1), (1332, 1), (1334, 2), (1369, 4), (1381, 1), (1513, 1), (1591, 1), (1809, 1), (1874, 1), (2054, 1), (2075, 1), (2113, 1), (2157, 2), (2202, 1), (2335, 2), (2388, 1), (2451, 1), (2592, 1), (2600, 1), (2692, 1), (2730, 1), (2830, 1), (2945, 1), (2974, 1), (3095, 2), (3238, 2), (3349, 1), (3408, 1), (3450, 1), (3641, 3), (3707, 2), (3830, 1), (3921, 7), (3959, 15), (4057, 3), (4066, 1), (4080, 1), (4213, 1), (4296, 1), (4310, 1), (4329, 1), (4359, 1), (4395, 1), (4485, 1), (4534, 1), (4569, 1), (4777, 1), (4794, 1), (4856, 1), (4905, 1), (4937, 1), (4993, 1), (5030, 2), (5263, 1), (5387, 4), (5590, 8), (5712, 1), (5876, 1), (5915, 3), (6014, 1), (6086, 1), (6094, 1), (6097, 1), (6197, 2), (6206, 2), (6215, 1), (6281, 2), (6314, 1), (6315, 1), (6345, 1), (6386, 4), (6497, 1), (6571, 1), (6693, 30), (6735, 2), (6873, 4), (7120, 2), (7156, 1), (7177, 1), (7441, 1), (7494, 14), (7627, 5), (7698, 1), (7777, 1), (7859, 4), (7924, 1), (7967, 1), (8058, 1), (8099, 6), (8159, 1), (8250, 3), (8289, 2), (8336, 1), (8459, 1), (8461, 1), (8589, 1), (8636, 15), (8690, 4), (8692, 1), (8757, 1), (9099, 1), (9180, 2), (9253, 1), (9271, 1), (9288, 1), (9319, 4), (9752, 1), (9796, 1), (9890, 1), (9928, 2)
gladd (DF: 1): (7421, 1)
glade (DF: 3): (516, 1), (7140, 1), (9667, 1)
gladi (DF: 5): (2865, 1), (7186, 1), (9209, 1), (9875, 1), (9886, 1)
gladiat (DF: 3): (958, 2), (6018, 5), (9993, 1)
glair (DF: 1): (7671, 1)
glamor (DF: 5): (102, 1), (5735, 1), (6665, 1), (7030, 1), (8793, 1)
glamour (DF: 5): (444, 1), (1053, 1), (7671, 1), (8445, 1), (9087, 1)
glanc (DF: 23): (80, 1), (318, 3), (633, 2), (753, 1), (1092, 1), (1267, 1), (1285, 1), (3238, 1), (3858, 3), (4260, 3), (4526, 1), (5604, 1), (5739, 1), (6012, 1), (6063, 1), (6068, 2), (6124, 1), (6418, 1), (6490, 1), (6636, 1), (7745, 2), (7747, 1), (8774, 1)
