present (DF: 14): (9748, 1), (9784, 1), (9790, 1), (9812, 1), (9872, 1), (9874, 1), (44, 1), (45, 1), (6862, 2), (6864, 1), (7948, 1), (7950, 1), (8515, 1), (8516, 2)
presenta (DF: 3): (1485, 1), (5569, 2), (9967, 1)
presented (DF: 1): (5875, 1)
presentement (DF: 1): (2839, 1)
presenti (DF: 1): (1687, 1)
presents (DF: 9): (2180, 1), (4445, 1), (6209, 1), (6628, 1), (6645, 1), (7056, 1), (7395, 1), (9342, 1), (9558, 1)
presença (DF: 1): (9525, 1)
preserv (DF: 5): (1875, 1), (1994, 1), (3594, 1), (7690, 1), (8272, 1)
presid (DF: 38): (13, 1), (27, 1), (337, 2), (808, 1), (946, 2), (986, 1), (1311, 1), (1375, 8), (1820, 1), (2045, 1), (2061, 1), (2177, 1), (2241, 1), (2584, 1), (2691, 1), (2809, 1), (3553, 4), (3821, 1), (3904, 1), (4054, 2), (4632, 2), (4788, 2), (4844, 1), (4887, 1), (4962, 1), (5289, 1), (5509, 2), (5979, 2), (6144, 1), (7519, 1), (7756, 1), (7867, 1), (8456, 2), (8511, 2), (9183, 1), (9228, 1), (9308, 1), (9794, 1)
presidencial (DF: 1): (6079, 2)
president (DF: 6): (1461, 1), (3492, 1), (7395, 1), (8564, 1), (9236, 4), (9901, 1)
presidenti (DF: 13): (673, 1), (2706, 1), (3152, 1), (4046, 2), (4226, 1), (4341, 1), (5340, 1), (6411, 1), (6573, 1), (8373, 6), (8548, 1), (8755, 1), (8891, 1)
presient (DF: 5): (4011, 4), (6423, 2), (8097, 1), (8205, 1), (9545, 1)
presion (DF: 26): (12, 2), (567, 3), (711, 1), (1277, 2), (1677, 1), (1686, 1), (2021, 1), (2429, 1), (3219, 24), (3313, 4), (3358, 1), (3399, 1), (3609, 2), (4729, 1), (4912, 1), (5512, 1), (6175, 1), (6588, 12), (6872, 1), (7166, 1), (7773, 3), (7925, 1), (8353, 1), (9070, 1), (9225, 1), (9919, 1)
presipici (DF: 1): (7412, 1)
presley (DF: 1): (9749, 1)
preso (DF: 2): (1072, 1), (3215, 1)
presqu (DF: 1): (649, 4)
press (DF: 85): (89, 4), (211, 1), (246, 2), (334, 2), (352, 1), (541, 1), (564, 2), (606, 1), (692, 2), (915, 1), (967, 1), (1028, 1), (1086, 2), (1157, 1), (1214, 3), (1351, 2), (1374, 2), (1510, 3), (1513, 1), (1715, 1), (1820, 1), (2061, 1), (2170, 1), (2521, 4), (2692, 1), (3196, 34), (3543, 1), (3812, 2), (3833, 1), (3848, 1), (3938, 1), (3974, 1), (4019, 1), (4127, 1), (4764, 1), (4911, 1), (5049, 1), (5193, 1), (5453, 1), (5459, 1), (5579, 1), (5616, 1), (5759, 2), (5862, 2), (5872, 1), (6040, 1), (6269, 1), (6274, 1), (6542, 6), (6667, 1), (6765, 1), (6902, 2), (6964, 1), (7051, 1), (7107, 1), (7177, 1), (7297, 1), (7319, 1), (7355, 1), (7462, 1), (7523, 2), (7806, 1), (8007, 3), (8088, 1), (8365, 1), (8369, 1), (8458, 2), (8481, 1), (8680, 1), (8745, 1), (8943, 1), (9019, 1), (9036, 1), (9140, 2), (9147, 3), (9212, 1), (9290, 1), (9347, 1), (9409, 4), (9509, 1), (9672, 1), (9717, 1), (9739, 1), (9820, 2), (9922, 1)
pressa (DF: 2): (5606, 1), (8440, 1)
pressin (DF: 5): (1374, 2), (2356, 1), (3010, 1), (6391, 4), (7806, 1)
presst (DF: 1): (7411, 2)
pressur (DF: 118): (179, 1), (185, 2), (204, 1), (383, 1), (604, 4), (746, 1), (920, 5), (959, 1), (966, 1), (1097, 1), (1103, 1), (1203, 5), (1249, 1), (1269, 1), (1276, 1), (1299, 1), (1331, 11), (1439, 7), (1475, 3), (1573, 4), (1870, 3), (1962, 1), (2052, 1), (2063, 2), (2094, 1), (2232, 1), (2469, 2), (2507, 2), (2596, 1), (2599, 1), (2714, 1), (2723, 1), (2780, 1), (2810, 1), (3044, 1), (3312, 1), (3374, 1), (3380, 1), (3429, 1), (3483, 1), (3484, 1), (3522, 1), (3565, 1), (3602, 1), (3693, 1), (3707, 2), (3761, 5), (3929, 3), (3941, 1), (3960, 1), (4126, 1), (4145, 1), (4366, 10), (4412, 4), (4740, 1), (4844, 1), (4880, 1), (4905, 2), (5014, 1), (5129, 1), (5193, 10), (5207, 1), (5223, 1), (5241, 1), (5346, 2), (5347, 1), (5356, 1), (5367, 1), (5495, 1), (5511, 1), (5579, 10), (5616, 2), (5683, 1), (5838, 1), (5877, 2), (6133, 2), (6167, 1), (6226, 6), (6361, 1), (6380, 2), (6528, 1), (6583, 1), (6796, 1), (6921, 3), (6992, 1), (7007, 6), (7009, 1), (7133, 1), (7442, 1), (7733, 11), (7846, 13), (7875, 4), (7914, 1), (7987, 1), (8007, 1), (8087, 1), (8231, 1), (8234, 2), (8286, 1), (8367, 1), (8388, 1), (8481, 1), (8603, 1), (8610, 3), (8732, 1), (8953, 2), (9047, 1), (9061, 1), (9125, 1), (9229, 3), (9365, 1), (9442, 2), (9629, 1), (9672, 10), (9807, 1), (9846, 1), (9918, 1), (9946, 2)
pressurin (DF: 2): (5075, 1), (5893, 1)
pressão (DF: 2): (3838, 1), (8858, 4)
prest (DF: 20): (269, 1), (283, 2), (1177, 2), (1213, 12), (1850, 1), (3954, 1), (4484, 2), (4532, 1), (4671, 2), (4729, 1), (5522, 2), (5990, 1), (6553, 1), (6928, 20), (7031, 6), (7367, 24), (8149, 1), (8205, 1), (8210, 1), (9797, 2)
presta (DF: 2): (1072, 2), (7175, 1)
prestam (DF: 3): (791, 1), (3908, 1), (6928, 1)
prestig (DF: 3): (345, 2), (4427, 1), (6079, 4)
