yeah (DF: 92): (17707, 2), (17708, 6), (17709, 2), (17742, 9), (17743, 3), (17745, 1), (17837, 3), (17838, 64), (17839, 16), (17872, 4), (17873, 4), (17875, 1), (17882, 1), (17884, 1), (17885, 1), (17911, 5), (17912, 6), (17914, 2), (18121, 8), (18122, 34), (18124, 12), (18166, 2), (18167, 2), (18168, 3), (18260, 2), (18261, 3), (18262, 1), (18361, 4), (18362, 4), (18363, 4), (18387, 8), (18389, 1), (18390, 1), (18403, 3), (18404, 6), (18405, 1), (2467, 12), (2469, 20), (2470, 1), (2471, 1), (3758, 8), (3759, 2), (3760, 3), (3761, 1), (5802, 50), (5803, 18), (5804, 12), (5805, 5), (5814, 1), (5815, 11), (5816, 15), (5817, 1), (5968, 4), (5969, 3), (5970, 111), (5971, 1), (892, 1), (893, 19), (894, 4), (895, 1), (9357, 1), (9358, 8), (9360, 8), (9361, 6), (9916, 2), (9917, 2), (9918, 3), (9919, 1), (10846, 6), (10847, 1), (10848, 22), (10849, 1), (10886, 8), (10887, 16), (10888, 10), (10889, 6), (12259, 1), (12261, 5), (12262, 2), (12264, 1), (12558, 8), (12559, 6), (12560, 4), (12561, 1), (15964, 1), (15965, 6), (15966, 4), (15967, 2), (16085, 4), (16086, 4), (16087, 19), (16088, 4)
yeah285 (DF: 2): (7441, 1), (14570, 1)
yeahe (DF: 1): (8446, 10)
yeaheah (DF: 4): (5309, 13), (5485, 1), (14571, 1), (15405, 1)
yeaheh (DF: 2): (11541, 1), (15882, 1)
yeahh (DF: 9): (4937, 1), (6415, 2), (6650, 2), (9474, 1), (10957, 1), (13868, 2), (14986, 1), (17073, 2), (17365, 2)
yeahheah (DF: 1): (5485, 1)
yeahhh (DF: 14): (2411, 1), (2965, 4), (6038, 4), (7591, 2), (964, 2), (9608, 1), (10957, 1), (1203, 3), (13419, 1), (13925, 2), (14709, 1), (15418, 2), (16518, 1), (16695, 2)
yeahhhh (DF: 5): (4503, 1), (456, 1), (13122, 1), (14133, 1), (16280, 3)
yeahhhhh (DF: 2): (16280, 1), (17875, 1)
yeahhhhhhh (DF: 1): (16280, 1)
yeahhhhhhhhhhh (DF: 1): (10957, 1)
yeahit (DF: 1): (2336, 1)
yeahth (DF: 2): (3079, 2), (1448, 1)
yeahtod (DF: 2): (2383, 3), (7956, 2)
yeap (DF: 1): (11481, 1)
year (DF: 228): (1883, 1), (1899, 1), (1913, 1), (1915, 2), (1922, 2), (196, 4), (1934, 4), (1956, 1), (1959, 3), (1990, 1), (2001, 1), (2005, 2), (2025, 1), (202, 2), (2047, 1), (2054, 1), (2061, 1), (2071, 1), (2081, 1), (204, 1), (2103, 2), (2112, 1), (2142, 1), (2166, 1), (2167, 1), (2185, 1), (2198, 1), (2199, 1), (2220, 1), (2228, 4), (2250, 1), (220, 3), (2253, 6), (2256, 1), (2265, 1), (2294, 2), (2322, 1), (2333, 1), (2343, 1), (2370, 2), (2379, 1), (2393, 1), (2402, 3), (2449, 2), (239, 1), (2514, 1), (2525, 4), (2546, 1), (2561, 1), (2568, 1), (2581, 2), (2588, 1), (2634, 1), (2641, 2), (2664, 1), (2665, 1), (2676, 2), (2678, 1), (2717, 1), (2723, 1), (2728, 1), (258, 5), (2735, 1), (263, 1), (2757, 1), (2761, 1), (2778, 1), (267, 8), (275, 4), (2890, 2), (2894, 5), (2900, 1), (2907, 4), (2929, 1), (2942, 1), (2954, 2), (2965, 1), (2993, 1), (3021, 2), (3041, 10), (3075, 1), (3105, 2), (3113, 2), (3152, 2), (301, 1), (3164, 3), (3170, 2), (306, 1), (3192, 1), (311, 1), (3230, 1), (3253, 1), (322, 1), (3272, 2), (3366, 2), (3368, 2), (3388, 1), (3390, 7), (3444, 1), (3483, 1), (3484, 1), (3487, 1), (3494, 1), (343, 1), (3502, 1), (3521, 3), (3557, 1), (3562, 1), (3571, 1), (3593, 1), (3594, 1), (3597, 1), (3598, 1), (3612, 1), (3681, 2), (3683, 1), (3727, 2), (3746, 1), (3770, 3), (3800, 1), (3828, 1), (3860, 2), (3871, 1), (3880, 3), (3889, 2), (3904, 1), (384, 3), (3923, 1), (3924, 1), (3937, 2), (3950, 1), (3964, 1), (3973, 4), (3976, 2), (3999, 1), (4022, 1), (4028, 2), (4044, 1), (4061, 5), (4064, 1), (4071, 1), (4091, 4), (4127, 1), (4142, 2), (4148, 1), (4183, 2), (4185, 4), (4202, 1), (4250, 1), (4261, 2), (4262, 1), (4291, 1), (4365, 1), (4385, 5), (435, 1), (4401, 1), (4404, 1), (4413, 1), (4446, 1), (4460, 1), (4485, 4), (4490, 1), (4492, 2), (4501, 1), (4536, 1), (4554, 1), (4558, 4), (449, 1), (4639, 1), (4648, 3), (4663, 2), (4664, 1), (455, 1), (4764, 1), (4766, 1), (4785, 1), (4802, 1), (4808, 1), (475, 1), (4866, 1), (4877, 1), (4885, 1), (4895, 2), (4931, 1), (4936, 2), (4962, 1), (5001, 4), (5030, 2), (5032, 1), (5047, 1), (5068, 1), (5070, 3), (490, 1), (5077, 2), (5106, 2), (501, 1), (5160, 1), (507, 2), (5201, 2), (5207, 1), (5228, 2), (5237, 1), (5286, 3), (5299, 2), (5311, 1), (5314, 1), (5316, 1), (5320, 4), (5327, 2), (5357, 3), (5362, 1), (5401, 1), (5416, 2), (5425, 1), (5433, 1), (5454, 1), (5456, 1), (5478, 6), (5483, 1), (5484, 1), (5501, 2), (5513, 2), (548, 1), (5561, 3), (5566, 1), (5581, 1), (5583, 1), (5591, 2)
