lend (DF: 2): (17844, 1), (18232, 1)
lenda (DF: 1): (4985, 1)
lendin (DF: 2): (9808, 1), (10986, 1)
lene (DF: 1): (149, 1)
leng (DF: 2): (12819, 1), (18053, 1)
lenga (DF: 1): (10894, 1)
length (DF: 16): (3201, 1), (3337, 3), (3880, 1), (40, 4), (5707, 1), (6542, 3), (7245, 4), (8519, 1), (10039, 1), (11090, 1), (13318, 2), (13748, 2), (14798, 4), (14877, 1), (16725, 1), (18211, 1)
lengthen (DF: 1): (4570, 1)
lengthi (DF: 3): (616, 1), (7855, 1), (13885, 1)
lengu (DF: 34): (2136, 1), (2183, 1), (24, 2), (2530, 1), (2604, 1), (3890, 1), (3903, 1), (4912, 1), (5592, 1), (5792, 1), (5962, 1), (6808, 1), (8278, 1), (8420, 1), (8919, 2), (8928, 1), (9172, 1), (9682, 3), (10559, 1), (10612, 3), (11017, 1), (11391, 1), (11635, 1), (12964, 1), (14329, 1), (14420, 1), (14437, 1), (14624, 1), (14968, 1), (15775, 1), (16079, 1), (16820, 1), (17931, 1), (18090, 1)
lengua (DF: 2): (8597, 2), (14601, 1)
lenguaj (DF: 5): (2316, 1), (2530, 1), (6175, 1), (13117, 2), (13986, 3)
lengüet (DF: 1): (11938, 1)
lengüit (DF: 2): (9383, 1), (16787, 1)
lenha (DF: 2): (3364, 1), (15274, 1)
leni (DF: 2): (1461, 1), (16377, 1)
leniwa (DF: 1): (16366, 1)
leniwi (DF: 1): (6007, 1)
lenk (DF: 4): (2574, 1), (5429, 1), (6430, 2), (12839, 1)
lenkrad (DF: 2): (4387, 1), (5775, 2)
lenkt (DF: 1): (11122, 1)
lenni (DF: 10): (2741, 1), (3947, 1), (3958, 1), (5236, 1), (5451, 1), (8315, 1), (9651, 1), (1352, 1), (16559, 1), (16955, 2)
lenno (DF: 1): (14445, 1)
lennon (DF: 39): (3033, 1), (3135, 1), (3139, 1), (3164, 1), (4184, 1), (4606, 1), (4639, 1), (4831, 1), (5045, 1), (5049, 1), (6374, 2), (6445, 1), (6475, 1), (6846, 1), (6863, 1), (6911, 1), (7026, 1), (7718, 1), (844, 1), (8495, 1), (8707, 1), (8739, 1), (964, 1), (9586, 1), (10284, 1), (10597, 1), (10608, 1), (11512, 1), (12370, 1), (13287, 1), (13686, 1), (13854, 1), (14498, 1), (14926, 1), (15849, 1), (16395, 2), (1753, 1), (17330, 1), (17709, 1)
lennox (DF: 44): (2604, 1), (2668, 2), (3121, 1), (3777, 1), (4124, 1), (5022, 1), (5766, 2), (6352, 1), (6423, 2), (6980, 1), (7166, 1), (8170, 1), (8259, 1), (8719, 3), (893, 1), (8892, 2), (9026, 1), (9040, 1), (9069, 1), (10793, 4), (1109, 2), (10885, 1), (11436, 1), (11484, 1), (12040, 1), (12107, 1), (12297, 3), (12304, 1), (12658, 3), (13367, 2), (13388, 2), (13709, 2), (14428, 1), (14602, 2), (14722, 1), (15406, 1), (1653, 5), (16437, 4), (16969, 2), (17269, 1), (17319, 1), (17796, 1), (17972, 2), (1878, 1)
lenny (DF: 13): (3816, 2), (3981, 1), (4236, 1), (4300, 6), (4594, 6), (8919, 4), (10807, 2), (11059, 1), (12965, 4), (14953, 2), (16013, 2), (16106, 3), (16843, 1)
lenox (DF: 4): (6728, 1), (1469, 1), (1531, 1), (16812, 1)
lens (DF: 12): (2014, 3), (2166, 1), (2329, 1), (4831, 1), (8784, 2), (9648, 9), (12524, 1), (13479, 1), (14740, 2), (14926, 1), (16897, 1), (1739, 1)
lensless (DF: 1): (16815, 1)
lent (DF: 142): (2136, 1), (2180, 3), (2487, 4), (2518, 6), (2549, 1), (2617, 16), (2631, 1), (2651, 2), (283, 1), (2967, 1), (3062, 1), (3104, 4), (312, 2), (3269, 1), (328, 4), (342, 1), (3536, 8), (3656, 4), (3697, 3), (3723, 1), (3757, 4), (4207, 1), (4659, 1), (4916, 1), (4961, 1), (5480, 1), (557, 2), (5622, 1), (5674, 1), (5696, 2), (6079, 2), (6152, 7), (6179, 4), (6339, 1), (6384, 1), (6450, 1), (6872, 2), (7104, 10), (7166, 5), (7172, 2), (7183, 1), (7379, 1), (7395, 3), (7490, 1), (7953, 1), (8255, 1), (8418, 1), (8479, 1), (8482, 1), (8546, 2), (8547, 1), (8569, 1), (8632, 1), (8751, 5), (8792, 1), (8940, 2), (918, 1), (9040, 2), (9090, 1), (87, 1), (9806, 1), (9819, 2), (1010, 7), (9887, 1), (10031, 3), (1027, 3), (10087, 6), (10193, 2), (10493, 2), (10546, 1), (10566, 2), (10573, 1), (10728, 1), (10780, 1), (10793, 3), (10813, 3), (10838, 2), (10898, 4), (10909, 2), (117, 1), (11335, 2), (1159, 1), (11452, 1), (11540, 6), (11610, 1), (11620, 1), (11642, 2), (11734, 1), (11993, 1), (12073, 2), (12219, 1), (12350, 17), (12403, 1), (1264, 1), (13067, 1), (13090, 1), (13117, 16), (13205, 6), (13370, 2), (14107, 12), (14143, 12), (14187, 3), (14289, 1), (14329, 2), (14408, 4), (14412, 2), (14424, 1), (14526, 1), (14772, 1), (14825, 1), (14884, 1), (14952, 1), (14963, 2), (15051, 4), (1563, 1), (15330, 4), (15560, 1), (15775, 5), (15884, 2), (16106, 1), (1665, 1), (16345, 1), (16678, 1), (16820, 1), (16885, 2), (16910, 1), (17131, 1), (17293, 2), (17405, 1), (17467, 4), (17581, 1), (17594, 1), (17668, 2), (17671, 1), (17909, 1), (17944, 2), (17972, 1), (18151, 1), (18325, 1), (18326, 4), (11746, 6), (11747, 2)
lenta (DF: 1): (6500, 1)
