choc (DF: 20): (10109, 2), (10573, 1), (11155, 1), (11576, 1), (11814, 1), (12841, 1), (13030, 2), (13650, 1), (13973, 1), (14209, 1), (14437, 1), (14525, 1), (1563, 1), (15868, 2), (15894, 46), (16345, 1), (17390, 2), (17748, 1), (17961, 1), (18441, 1)
chocal (DF: 2): (11240, 2), (18441, 1)
choch (DF: 8): (1932, 6), (5352, 2), (5473, 4), (8036, 1), (8728, 1), (12426, 1), (17546, 1), (1786, 4)
chocha (DF: 5): (4222, 1), (7247, 2), (7977, 1), (8156, 2), (15389, 7)
chocho (DF: 1): (3429, 2)
chocia (DF: 9): (4358, 5), (4914, 2), (8717, 1), (908, 1), (10539, 2), (10756, 4), (16848, 1), (17564, 1), (18065, 1)
chock (DF: 1): (13965, 1)
choco (DF: 3): (7635, 1), (8870, 3), (13783, 1)
chocol (DF: 80): (2132, 1), (2225, 1), (2666, 1), (2716, 3), (2781, 1), (2892, 1), (2963, 1), (3117, 1), (3247, 2), (3364, 2), (3529, 1), (3820, 1), (3948, 1), (4042, 1), (4190, 1), (4525, 4), (4703, 1), (4746, 1), (5075, 1), (5150, 2), (5170, 2), (536, 1), (5656, 1), (603, 2), (6270, 1), (6352, 1), (6440, 3), (6607, 2), (6696, 1), (6754, 4), (7237, 1), (7250, 1), (7256, 2), (755, 1), (7829, 1), (7946, 1), (8007, 1), (8244, 1), (8293, 2), (8956, 2), (9019, 2), (9295, 5), (9324, 1), (9346, 1), (964, 1), (9520, 4), (9640, 1), (10010, 1), (10227, 2), (10567, 4), (10661, 1), (10744, 4), (10885, 1), (10977, 3), (1187, 1), (12304, 1), (12373, 2), (12468, 1), (12539, 4), (12696, 1), (12729, 1), (12884, 1), (1391, 3), (13841, 3), (14515, 1), (14519, 1), (15110, 8), (15291, 1), (15406, 1), (15833, 3), (15943, 14), (1635, 4), (16583, 2), (16771, 6), (1712, 1), (16886, 1), (17072, 3), (17914, 1), (18111, 1), (18130, 1)
chocolat (DF: 23): (230, 7), (3071, 1), (3290, 2), (4356, 2), (4386, 3), (4704, 1), (5017, 12), (5621, 12), (8039, 1), (8066, 1), (8131, 1), (8420, 1), (8928, 1), (9204, 1), (9302, 1), (13412, 12), (13650, 1), (14341, 1), (14726, 1), (15736, 11), (16462, 1), (1736, 2), (18050, 4)
chocomenta (DF: 1): (7211, 1)
choconaz (DF: 2): (10233, 1), (17735, 1)
chocou (DF: 1): (17454, 1)
choctaw (DF: 1): (10249, 5)
chod (DF: 4): (4914, 2), (6007, 1), (7313, 1), (17372, 4)
chode (DF: 1): (7707, 1)
chodnik (DF: 1): (10020, 1)
chodnikowi (DF: 1): (16366, 4)
chodniku (DF: 1): (6754, 1)
chodz (DF: 6): (250, 1), (8452, 1), (10436, 4), (15359, 1), (16108, 1), (17071, 1)
chodzi (DF: 8): (4358, 1), (7313, 1), (9647, 1), (9695, 2), (10436, 8), (15698, 1), (16366, 2), (17564, 1)
chodzisz (DF: 3): (4761, 1), (7071, 1), (18065, 1)
chof (DF: 6): (6884, 2), (11312, 2), (11814, 19), (12841, 19), (13576, 1), (17202, 1)
chogchoghan (DF: 1): (13918, 1)
choic (DF: 163): (1922, 1), (2177, 3), (2294, 2), (2295, 1), (225, 1), (2359, 6), (2440, 1), (254, 1), (271, 4), (2859, 4), (2897, 5), (2935, 1), (286, 2), (3100, 1), (298, 1), (3188, 2), (3194, 1), (3206, 1), (3384, 1), (3432, 1), (3727, 3), (3773, 2), (383, 1), (3980, 1), (3983, 3), (4023, 1), (4200, 1), (4211, 1), (4363, 5), (440, 1), (4471, 1), (4522, 1), (455, 1), (4691, 4), (4706, 2), (4808, 1), (4830, 1), (4864, 1), (4934, 7), (4947, 1), (5002, 1), (5025, 2), (5106, 3), (5162, 1), (5222, 1), (5232, 1), (5359, 2), (5395, 1), (5546, 1), (5597, 1), (5604, 2), (5605, 2), (5876, 4), (5948, 3), (5958, 1), (6156, 1), (6164, 1), (6378, 3), (6412, 2), (6533, 1), (6539, 1), (6590, 1), (6711, 1), (6732, 1), (6858, 1), (6931, 3), (6969, 1), (7010, 1), (7015, 1), (702, 1), (7174, 1), (7177, 1), (7289, 2), (7319, 2), (7365, 2), (7523, 1), (7550, 1), (7570, 2), (7683, 1), (785, 1), (7857, 1), (7860, 1), (8035, 1), (823, 1), (8197, 2), (8204, 2), (8228, 1), (8559, 1), (8578, 2), (884, 1), (8752, 1), (8793, 1), (8794, 2), (8868, 1), (8926, 1), (9047, 4), (9283, 2), (9304, 2), (9385, 1), (9569, 4), (9657, 1), (9796, 1), (9870, 6), (9932, 1), (10042, 1), (10095, 1), (10234, 1), (10266, 1), (10341, 1), (10366, 1), (10382, 2), (10408, 1), (10421, 1), (10545, 1), (114, 2), (10978, 1), (11408, 1), (11440, 1), (11600, 1), (11604, 2), (1188, 1), (11624, 1), (1204, 1), (11860, 1), (12110, 1), (12146, 1), (1258, 2), (12401, 1), (12484, 1), (12519, 1), (1282, 1), (12626, 1), (12718, 1), (12726, 8), (1316, 2), (13003, 1), (1330, 1), (13202, 1), (13231, 1), (1351, 2), (13438, 1), (13441, 1), (13451, 2), (13581, 1), (13654, 1), (13661, 3), (13872, 3), (14048, 1), (14051, 1), (14192, 1), (14544, 1), (14577, 1), (14647, 1), (1513, 1), (14809, 4), (14874, 3), (15044, 1), (15074, 1), (15172, 1), (15265, 1), (15365, 2), (15392, 1), (15521, 2)
