inquir (DF: 1): (1226, 1)
inquiri (DF: 3): (7208, 1), (14335, 1), (16274, 1)
inquisit (DF: 3): (10335, 1), (11287, 1), (15365, 1)
ins (DF: 1): (18053, 1)
insaci (DF: 3): (6351, 1), (10939, 1), (14450, 1)
insalatin (DF: 1): (3972, 1)
insan (DF: 338): (1902, 1), (1904, 1), (1964, 1), (1969, 1), (2002, 1), (2015, 8), (204, 1), (2143, 1), (2147, 1), (2154, 1), (2217, 1), (2458, 1), (2494, 1), (2544, 1), (2569, 2), (2684, 4), (2703, 2), (2735, 1), (265, 1), (2790, 2), (279, 1), (2937, 5), (2940, 1), (3025, 1), (3033, 5), (296, 6), (305, 1), (3265, 1), (3333, 1), (3487, 1), (3500, 1), (3544, 2), (3551, 1), (3565, 1), (3576, 1), (3593, 1), (3648, 1), (3654, 2), (3680, 1), (3698, 2), (3741, 1), (369, 1), (3800, 1), (3813, 2), (3852, 4), (3949, 82), (4028, 1), (4056, 4), (4148, 1), (4172, 4), (4224, 5), (4234, 38), (4255, 2), (4337, 12), (4383, 1), (4411, 1), (4414, 1), (4624, 3), (459, 4), (4973, 5), (5014, 1), (5050, 1), (5061, 1), (5178, 3), (5193, 1), (5227, 2), (5230, 3), (5237, 3), (5260, 2), (5274, 1), (5317, 1), (5330, 4), (5363, 1), (5441, 1), (5478, 1), (5496, 3), (5528, 1), (548, 1), (5579, 1), (5722, 1), (5811, 1), (5924, 1), (5931, 1), (6039, 1), (602, 2), (6092, 1), (6130, 1), (6149, 1), (6164, 1), (619, 11), (6253, 1), (6283, 1), (6317, 1), (6474, 6), (6489, 2), (6543, 1), (6565, 1), (6569, 1), (6663, 1), (6847, 2), (6919, 1), (6946, 7), (691, 1), (7009, 1), (7040, 2), (7073, 4), (7089, 1), (7189, 1), (7209, 1), (7221, 1), (7242, 2), (7343, 1), (7577, 1), (7593, 1), (7670, 1), (7970, 1), (7988, 1), (7992, 1), (8100, 1), (8153, 1), (8177, 1), (8229, 3), (8309, 1), (8354, 1), (8397, 1), (8432, 1), (858, 1), (8496, 1), (8499, 1), (867, 3), (8666, 1), (8681, 1), (8726, 1), (8784, 2), (906, 1), (8947, 2), (8969, 1), (9036, 1), (924, 1), (9083, 1), (9109, 3), (928, 4), (9147, 1), (939, 1), (9351, 1), (9417, 1), (980, 1), (9672, 1), (9709, 1), (9777, 1), (9857, 2), (9895, 3), (9918, 1), (10119, 3), (10151, 1), (10290, 1), (10319, 1), (10323, 1), (1057, 1), (10515, 1), (10550, 2), (1076, 1), (10565, 1), (10569, 1), (10622, 2), (10625, 1), (10629, 1), (10678, 1), (10690, 2), (10710, 2), (10837, 1), (10856, 2), (10870, 1), (10889, 1), (11004, 1), (11014, 1), (11089, 1), (11120, 4), (11147, 1), (11218, 1), (11291, 2), (11357, 1), (11368, 1), (11456, 1), (11512, 5), (11621, 1), (1188, 1), (11648, 1), (11708, 1), (11719, 1), (11768, 1), (11790, 1), (11805, 1), (11886, 1), (11970, 1), (12031, 2), (12056, 1), (1226, 1), (12150, 1), (12242, 4), (12270, 1), (12288, 1), (12346, 1), (12484, 1), (12544, 1), (12555, 1), (1276, 1), (12653, 1), (12851, 1), (12860, 1), (12929, 2), (133, 1), (12985, 2), (12990, 1), (13029, 2), (13068, 1), (13094, 2), (13181, 2), (13184, 4), (13206, 2), (13254, 1), (13265, 8), (13292, 1), (13309, 1), (13331, 1), (13334, 1), (13471, 1), (13479, 1), (13498, 1), (13523, 1), (13610, 28), (13655, 2), (13664, 1), (13732, 2), (1403, 4), (13818, 1), (13823, 1), (13873, 1), (13961, 1), (14006, 1), (14067, 1), (146, 2), (14101, 1), (14136, 1), (14167, 16), (14184, 1), (14208, 4), (14212, 1), (14288, 4), (14316, 1), (14337, 2), (14345, 2), (14455, 1), (1482, 12), (14533, 1), (14608, 1), (14641, 2), (14718, 1), (14720, 4), (14740, 2), (14768, 2), (14928, 4), (15022, 3), (15101, 1), (15136, 1), (15160, 1), (15170, 1), (15293, 4), (15448, 2), (15450, 1), (15493, 1), (15522, 1), (15614, 1), (15660, 1), (15784, 1), (15789, 1), (15828, 1), (15873, 1), (15942, 3), (16044, 1), (16066, 1), (16084, 1), (16163, 6), (16181, 1), (16187, 1), (16196, 1), (16206, 2), (16216, 4), (16279, 1), (16362, 1), (16387, 4), (16422, 1), (1676, 6), (16468, 1), (16516, 4), (16521, 1), (16527, 1), (16543, 1), (16619, 2), (16693, 1), (16699, 2), (16703, 1), (16734, 8), (16783, 1), (16816, 4), (16957, 28), (16974, 2), (16977, 1), (17034, 10), (17052, 3), (1734, 1), (17105, 1), (17119, 1), (17139, 3), (17430, 1), (17445, 1), (17513, 1), (17568, 4), (17657, 1), (17915, 1), (17929, 1), (1815, 1), (17971, 3), (17985, 1), (1839, 3), (18303, 1), (18391, 1), (2014, 3), (4756, 1), (4758, 1), (6962, 1), (6963, 1), (8555, 1), (8556, 26), (12231, 1), (12234, 6), (14190, 3), (14192, 11)
insano (DF: 2): (6289, 5), (16626, 2)
insati (DF: 11): (2943, 2), (3584, 2), (4014, 1), (5172, 2), (5931, 1), (9321, 7), (10192, 1), (12737, 1), (12821, 1), (14524, 2), (17421, 2)
inscript (DF: 2): (3183, 1), (7992, 1)
inscrut (DF: 1): (497, 1)
insect (DF: 7): (3505, 2), (668, 1), (6746, 1), (10966, 1), (15291, 1), (15598, 1), (1656, 1)
insecticid (DF: 1): (10966, 1)
insecur (DF: 1): (2433, 1)
