flower (DF: 134): (7178, 1), (7332, 2), (7408, 2), (7424, 1), (745, 2), (756, 1), (7687, 2), (7695, 2), (7728, 1), (7807, 5), (7897, 1), (8007, 1), (8013, 1), (8133, 1), (8138, 2), (8383, 4), (8469, 1), (8707, 1), (8761, 1), (8798, 1), (8943, 1), (8993, 1), (9042, 1), (937, 2), (9221, 1), (9230, 2), (9240, 1), (9389, 2), (9409, 2), (9549, 1), (9721, 1), (9822, 1), (9829, 2), (9875, 15), (9878, 1), (9922, 1), (9978, 1), (9989, 1), (10040, 1), (10051, 2), (10067, 2), (10092, 2), (10141, 1), (10175, 1), (10183, 2), (10197, 5), (10249, 1), (10307, 1), (10391, 1), (10446, 1), (10474, 2), (10526, 1), (10556, 1), (10714, 1), (10730, 2), (10731, 1), (11143, 2), (11297, 1), (11304, 2), (11431, 1), (11629, 1), (11735, 8), (1202, 4), (11848, 3), (11916, 2), (11933, 1), (11970, 1), (11986, 1), (12258, 1), (1248, 3), (12385, 1), (12583, 4), (1281, 1), (12666, 1), (12717, 1), (12781, 1), (12825, 1), (12850, 2), (12928, 1), (1330, 1), (13204, 1), (13218, 1), (13470, 2), (13678, 1), (1392, 6), (13736, 1), (13853, 1), (13871, 1), (1440, 1), (14140, 1), (14249, 1), (14262, 2), (14306, 1), (14359, 1), (14532, 1), (152, 3), (14616, 1), (14661, 1), (1509, 1), (14926, 1), (1533, 1), (15094, 1), (15233, 3), (15357, 3), (15503, 1), (15519, 1), (15613, 1), (1605, 3), (15933, 4), (1636, 4), (16047, 3), (16087, 1), (16189, 1), (16414, 2), (16449, 2), (16518, 1), (16836, 1), (16912, 1), (17086, 1), (17089, 1), (1746, 1), (17348, 1), (17617, 2), (17693, 1), (1797, 21), (17832, 1), (17859, 1), (18033, 2), (18140, 1), (18150, 1), (18303, 1), (7688, 1), (16102, 1), (16103, 1)
flowerb (DF: 1): (7974, 4)
flowerbomb (DF: 1): (8383, 1)
flowers (DF: 2): (9521, 1), (18171, 1)
flowest (DF: 1): (13170, 2)
flowin (DF: 42): (1995, 1), (2495, 1), (3148, 1), (3855, 4), (3960, 1), (4194, 1), (4218, 3), (449, 1), (5478, 1), (6150, 2), (6530, 1), (6923, 2), (742, 1), (7839, 1), (8681, 2), (9262, 1), (993, 1), (10044, 2), (10140, 1), (10144, 1), (10200, 1), (10871, 1), (10879, 2), (11120, 8), (11212, 1), (11848, 1), (12093, 1), (12843, 1), (13435, 1), (13522, 1), (13785, 2), (13855, 1), (14948, 2), (1548, 2), (15128, 2), (15610, 1), (168, 1), (17382, 1), (17450, 1), (17605, 2), (17808, 1), (18291, 1)
flown (DF: 24): (4296, 1), (4404, 1), (4466, 1), (7109, 2), (8473, 1), (8523, 1), (8623, 1), (8682, 1), (9622, 1), (10521, 2), (10554, 1), (116, 1), (11193, 1), (11471, 1), (11876, 2), (12319, 1), (13792, 1), (15242, 2), (15294, 1), (15867, 1), (1707, 1), (16812, 1), (17562, 2), (18403, 1)
flows (DF: 9): (397, 1), (5363, 4), (6249, 2), (6600, 1), (6835, 1), (8311, 1), (11522, 1), (14222, 1), (17534, 2)
flowt (DF: 2): (12839, 1), (14752, 1)
floww (DF: 1): (3853, 1)
floyd (DF: 23): (2010, 1), (2344, 1), (4259, 1), (4326, 1), (4492, 1), (4812, 1), (5136, 1), (5360, 1), (6144, 1), (7515, 1), (884, 1), (8920, 1), (9627, 1), (10339, 1), (10927, 2), (12484, 1), (12753, 1), (13945, 1), (1501, 1), (15489, 1), (1588, 1), (16937, 1), (18149, 3)
flu (DF: 46): (2034, 2), (2967, 1), (3393, 1), (4702, 1), (4770, 1), (5022, 1), (5035, 3), (5228, 1), (5283, 2), (5363, 1), (5535, 1), (7334, 1), (7379, 1), (7504, 1), (7555, 1), (7843, 3), (8719, 2), (9194, 1), (9196, 1), (9692, 1), (9742, 3), (9905, 1), (9916, 2), (10992, 1), (11017, 3), (11090, 1), (11262, 1), (11805, 1), (12674, 1), (12804, 1), (13188, 1), (13437, 1), (13444, 3), (14085, 1), (14704, 14), (14932, 3), (15075, 1), (15328, 1), (16022, 1), (16696, 2), (17058, 3), (17431, 1), (17467, 1), (17481, 1), (17972, 6), (18357, 1)
flucht (DF: 11): (3849, 1), (4816, 4), (5775, 1), (6600, 1), (8260, 1), (11476, 1), (1177, 1), (11551, 1), (1244, 3), (12839, 1), (17021, 2)
fluchtwag (DF: 3): (3108, 4), (14970, 1), (1583, 1)
fluctuat (DF: 2): (2333, 1), (13699, 1)
flud (DF: 1): (14186, 1)
fluent (DF: 5): (4724, 1), (6398, 1), (9734, 2), (11470, 1), (1757, 1)
fluentli (DF: 1): (574, 1)
fluex (DF: 1): (756, 1)
fluff (DF: 2): (8793, 1), (12729, 1)
fluffer (DF: 1): (7892, 1)
fluffi (DF: 4): (553, 4), (6554, 1), (8397, 3), (9343, 1)
flug (DF: 1): (11060, 1)
flugel (DF: 1): (3409, 1)
flugeln (DF: 1): (6835, 1)
flugeltur (DF: 5): (12355, 1), (12822, 1), (13755, 1), (14970, 1), (17630, 1)
fluggesellschaft (DF: 1): (15066, 1)
flughaf (DF: 1): (11552, 1)
flughand (DF: 2): (8642, 1), (15420, 1)
flughoh (DF: 2): (13755, 1), (17630, 1)
flugzeug (DF: 1): (13012, 1)
fluid (DF: 8): (2497, 1), (4177, 1), (4368, 1), (40, 1), (5325, 2), (559, 1), (6627, 1), (9196, 1)
