afraid (DF: 128): (14227, 2), (14292, 1), (14345, 16), (14359, 1), (14431, 1), (14493, 1), (14552, 2), (14581, 1), (14592, 1), (14598, 20), (14647, 1), (14653, 1), (14702, 1), (14712, 2), (14867, 16), (14947, 1), (14949, 4), (15005, 2), (15014, 4), (15096, 2), (15105, 2), (1550, 16), (1552, 13), (15159, 1), (1554, 2), (15181, 1), (15202, 1), (15239, 4), (15272, 1), (15348, 1), (15370, 1), (15384, 8), (15386, 4), (15416, 4), (15433, 2), (15460, 2), (15468, 1), (15493, 2), (15531, 2), (15618, 2), (15641, 1), (15669, 1), (160, 3), (15760, 1), (1617, 2), (15943, 2), (15955, 1), (15983, 1), (16023, 2), (1644, 1), (16062, 2), (16136, 1), (16343, 1), (16363, 2), (16458, 2), (1681, 2), (16566, 4), (16569, 2), (16575, 3), (16582, 3), (16655, 2), (16674, 1), (16694, 1), (16752, 2), (1708, 2), (16880, 2), (16918, 2), (16961, 1), (16972, 4), (1723, 4), (17086, 1), (17106, 1), (17127, 2), (17164, 4), (17174, 6), (17214, 1), (17226, 1), (17229, 1), (17240, 1), (17242, 3), (17251, 30), (17331, 6), (17399, 3), (17420, 2), (17445, 3), (17463, 1), (17488, 5), (17496, 1), (1774, 1), (17644, 4), (17722, 1), (17784, 1), (17791, 1), (17809, 1), (17988, 1), (18013, 1), (18039, 1), (18056, 4), (18164, 2), (18281, 4), (18314, 1), (18381, 2), (18401, 1), (18434, 1), (1857, 11), (188, 1), (2380, 3), (2381, 2), (2393, 1), (2394, 2), (3406, 1), (3407, 9), (5147, 4), (5148, 1), (6574, 1), (6576, 30), (7557, 1), (7559, 1), (8848, 3), (8849, 1), (10264, 2), (10265, 13), (10526, 35), (10529, 1), (14119, 2), (14121, 1), (14913, 2), (14915, 1)
afresh (DF: 1): (8080, 1)
afri (DF: 1): (13201, 1)
afriad (DF: 1): (13449, 1)
africa (DF: 26): (4883, 15), (4911, 1), (5055, 1), (5096, 8), (5961, 2), (6585, 1), (7622, 2), (8853, 2), (10327, 1), (10366, 1), (10690, 2), (12150, 1), (13338, 1), (13448, 2), (1454, 2), (14533, 1), (15628, 1), (15840, 8), (16083, 1), (16180, 1), (16753, 1), (16816, 1), (16909, 2), (17520, 2), (18217, 1), (18243, 1)
african (DF: 35): (2150, 1), (2263, 1), (2399, 4), (3068, 1), (28, 2), (3741, 1), (4003, 1), (4218, 3), (4746, 1), (5055, 1), (5565, 1), (6253, 1), (6367, 1), (6607, 2), (7451, 1), (7707, 1), (7768, 1), (10281, 1), (10421, 1), (11778, 1), (1330, 1), (13568, 1), (13783, 1), (14260, 1), (14374, 1), (14427, 1), (14826, 2), (15108, 2), (15405, 1), (16648, 6), (17024, 7), (17261, 1), (17519, 1), (18152, 1), (18197, 1)
afrika (DF: 7): (681, 8), (15066, 1), (15867, 1), (16764, 1), (17136, 1), (17179, 2), (18253, 1)
afrikan (DF: 3): (5559, 1), (10289, 1), (1238, 1)
afris (DF: 1): (11387, 1)
afro (DF: 154): (1886, 1), (1935, 1), (1959, 1), (203, 1), (2070, 1), (2202, 1), (2369, 1), (2399, 3), (24, 1), (2661, 1), (262, 1), (2760, 1), (2899, 6), (3291, 1), (3464, 1), (3526, 1), (3592, 7), (3633, 1), (3755, 1), (3900, 1), (3926, 1), (4185, 8), (418, 1), (4425, 1), (4505, 1), (4542, 1), (4611, 1), (4991, 1), (5061, 1), (5075, 10), (5311, 1), (5396, 1), (5697, 1), (5728, 1), (6122, 1), (6295, 1), (6373, 1), (6461, 1), (6464, 1), (6524, 1), (6772, 1), (6829, 1), (7012, 1), (7187, 1), (727, 1), (7349, 1), (7482, 1), (7599, 1), (7851, 1), (8087, 1), (8116, 1), (8193, 1), (8563, 1), (8611, 1), (8923, 1), (9049, 1), (9237, 1), (9240, 1), (9521, 1), (9569, 1), (9708, 1), (97, 1), (10035, 6), (10076, 1), (10155, 1), (10279, 1), (10327, 2), (10692, 1), (1107, 1), (10843, 1), (10919, 1), (11134, 1), (11186, 1), (11275, 1), (11285, 1), (11387, 2), (11411, 1), (11649, 1), (1198, 1), (11771, 1), (11832, 1), (11840, 1), (1211, 1), (1222, 1), (12253, 1), (12446, 1), (12693, 1), (12735, 1), (12751, 1), (12841, 1), (12882, 1), (12903, 1), (13169, 1), (134, 1), (13320, 1), (13438, 4), (13456, 1), (13506, 1), (13586, 1), (13931, 1), (13933, 1), (14232, 1), (14278, 1), (14292, 1), (14427, 1), (14604, 1), (14654, 1), (14783, 1), (14887, 1), (14946, 2), (15066, 1), (15205, 1), (15318, 1), (15435, 1), (15442, 1), (15537, 1), (15560, 1), (15627, 3), (15632, 1), (15694, 1), (15775, 1), (16069, 1), (16569, 1), (16659, 1), (16706, 1), (17024, 1), (17043, 1), (17064, 1), (17206, 1), (17269, 1), (17305, 4), (17449, 1), (17520, 1), (17608, 1), (17622, 1), (17646, 1), (17702, 1), (17708, 1), (17746, 5), (17796, 1), (17871, 1), (1806, 1), (17976, 1), (18160, 1), (18225, 2), (18270, 1), (18319, 1), (18357, 1), (1854, 1), (18444, 1), (7122, 1), (7123, 1), (17076, 1), (17077, 1)
afrobeat (DF: 1): (11387, 34)
afrocentr (DF: 3): (5349, 1), (8903, 1), (13836, 1)
afrodisiac (DF: 1): (15333, 1)
afrojack (DF: 4): (2108, 1), (2370, 1), (3141, 2), (3654, 2)
