llam (DF: 17): (18326, 1), (18394, 2), (18407, 2), (18441, 2), (18445, 8), (3665, 3), (3666, 1), (4361, 2), (4362, 2), (5396, 4), (5399, 2), (12331, 2), (12333, 1), (13453, 2), (13454, 2), (16843, 5), (16845, 1)
llama (DF: 18): (2612, 1), (3186, 1), (5228, 1), (51, 1), (6767, 1), (6825, 1), (7342, 9), (8135, 1), (841, 1), (9376, 6), (11161, 1), (12127, 3), (12587, 1), (1315, 1), (15589, 3), (16174, 6), (16264, 2), (17865, 1)
llamal (DF: 4): (4289, 1), (7572, 6), (851, 2), (11442, 6)
llamam (DF: 10): (417, 1), (4886, 12), (6871, 5), (7019, 2), (8318, 2), (918, 1), (11367, 2), (12331, 1), (14217, 1), (18326, 6)
llamandot (DF: 3): (10260, 3), (10676, 1), (12192, 1)
llamarn (DF: 1): (11696, 1)
llamart (DF: 19): (19, 1), (3588, 2), (3631, 3), (4049, 2), (4567, 2), (4692, 1), (4763, 1), (86, 2), (10322, 1), (10877, 1), (10944, 1), (12723, 15), (13033, 1), (143, 2), (15224, 2), (16260, 2), (16373, 3), (16751, 1), (18326, 8)
llamas (DF: 2): (9248, 1), (14961, 1)
llamat (DF: 4): (9607, 4), (1141, 1), (13130, 4), (17566, 2)
llamo (DF: 5): (2210, 1), (6947, 1), (8909, 2), (11631, 1), (13251, 1)
llan (DF: 4): (2316, 1), (9248, 1), (1398, 1), (14136, 1)
llant (DF: 18): (3419, 1), (3724, 1), (4862, 1), (5655, 7), (679, 1), (7042, 3), (8923, 1), (9410, 4), (9492, 1), (9496, 3), (11433, 3), (14136, 1), (14487, 1), (14973, 2), (15219, 1), (16740, 3), (16884, 1), (17685, 7)
llanur (DF: 1): (1411, 1)
llav (DF: 20): (328, 4), (577, 1), (6513, 1), (7392, 2), (8815, 2), (9252, 1), (9536, 1), (9692, 14), (9972, 1), (1027, 2), (12331, 1), (12661, 1), (12901, 1), (12924, 1), (13481, 1), (14087, 1), (14094, 12), (14541, 1), (15297, 3), (18394, 1)
llave (DF: 2): (2843, 1), (7354, 1)
llc (DF: 2): (16473, 1), (17102, 4)
lle (DF: 4): (5399, 4), (6138, 2), (10285, 4), (10838, 6)
llec (DF: 2): (9070, 2), (11911, 1)
lleg (DF: 220): (1963, 2), (1967, 2), (2020, 1), (2033, 5), (2043, 2), (2090, 1), (2098, 1), (2183, 2), (217, 1), (2306, 2), (2309, 1), (2461, 1), (2488, 1), (2530, 2), (2585, 4), (2604, 3), (2606, 1), (2656, 1), (2662, 1), (256, 1), (2785, 1), (2792, 1), (2877, 1), (2972, 2), (3028, 9), (3062, 5), (3070, 2), (3093, 2), (3187, 5), (3214, 1), (312, 1), (3219, 4), (3269, 5), (3290, 4), (328, 1), (3340, 1), (3358, 1), (28, 1), (345, 2), (3572, 1), (3580, 6), (3587, 13), (3588, 4), (353, 1), (3609, 2), (3631, 1), (3669, 2), (3816, 3), (3897, 1), (3898, 1), (3903, 1), (3908, 2), (3916, 8), (3996, 1), (4009, 6), (4011, 4), (4032, 1), (4193, 4), (4219, 1), (4236, 1), (4285, 2), (4300, 12), (4470, 2), (444, 2), (4532, 1), (4550, 1), (4560, 1), (4594, 12), (450, 2), (4651, 2), (4678, 4), (4692, 1), (4702, 2), (4711, 2), (4729, 1), (4780, 3), (476, 3), (4879, 1), (4961, 1), (5017, 2), (5040, 1), (489, 1), (44, 1), (5110, 5), (5156, 2), (5174, 2), (5198, 2), (5218, 7), (512, 2), (5283, 3), (5341, 1), (5352, 7), (5381, 2), (5399, 6), (539, 10), (5541, 1), (5547, 1), (5588, 1), (557, 2), (5621, 2), (5647, 1), (5659, 1), (5740, 1), (5754, 3), (5762, 3), (5770, 3), (5792, 2), (577, 2), (5883, 4), (5906, 2), (5973, 2), (5990, 2), (5991, 2), (6025, 4), (6079, 2), (6131, 1), (6239, 1), (6243, 2), (6251, 1), (6263, 1), (6326, 1), (628, 1), (6336, 1), (6339, 1), (632, 1), (6399, 1), (6438, 1), (6588, 12), (6650, 6), (6659, 3), (6681, 1), (6706, 2), (6808, 7), (6862, 1), (6872, 1), (6909, 2), (6928, 2), (6940, 9), (6976, 1), (7003, 1), (7016, 1), (7028, 8), (7068, 1), (7082, 1), (7166, 3), (707, 1), (725, 1), (7309, 1), (7367, 4), (7379, 2), (7392, 2), (7495, 1), (7546, 4), (7632, 1), (7641, 1), (7646, 13), (7653, 3), (7742, 6), (7780, 1), (7843, 1), (7863, 1), (7925, 1), (7953, 1), (7961, 1), (7989, 2), (8036, 1), (8091, 1), (8097, 1), (8116, 1), (8171, 4), (8188, 1), (8242, 1), (8278, 1), (836, 1), (8353, 1), (8415, 16), (8454, 1), (8516, 1), (8518, 1), (8606, 4), (8691, 2), (8699, 2), (889, 1), (890, 3), (8815, 2), (8846, 2), (8866, 1), (8914, 1), (8923, 1), (8940, 2), (8945, 2), (8961, 4), (9018, 2), (9040, 2), (9067, 2), (9070, 1), (9179, 1), (9185, 2), (9196, 1), (86, 2), (9302, 8), (9334, 7), (9362, 5), (9367, 2), (9410, 1), (9415, 1), (9430, 1), (9431, 3), (9469, 2), (9492, 2), (9532, 3), (9536, 2), (9575, 2), (9580, 2), (9609, 1), (9636, 4), (9660, 2), (9690, 4), (9692, 2), (9719, 3)
