portug (DF: 6): (4016, 1), (13756, 1), (14137, 1), (15794, 1), (17317, 1), (17574, 1)
portugues (DF: 2): (14691, 2), (16965, 2)
portuguê (DF: 2): (6983, 1), (13307, 1)
português (DF: 1): (8526, 1)
portuñol (DF: 1): (12964, 1)
portão (DF: 3): (2631, 1), (4167, 1), (9087, 1)
porucha (DF: 1): (1825, 2)
porul (DF: 1): (3471, 1)
porusza (DF: 1): (7344, 3)
poruszam (DF: 1): (10020, 1)
poruszami (DF: 1): (10436, 1)
porven (DF: 5): (3419, 1), (4382, 1), (4469, 2), (7555, 2), (17426, 1)
porvenir (DF: 2): (3146, 1), (8560, 1)
porwa (DF: 1): (11977, 1)
porycz (DF: 1): (6754, 1)
poryt (DF: 1): (7356, 1)
porywam (DF: 1): (7356, 1)
porywami (DF: 1): (7356, 1)
porém (DF: 1): (11685, 2)
pos (DF: 65): (2877, 2), (3006, 4), (3290, 8), (3580, 8), (3631, 1), (3723, 1), (3757, 12), (3876, 6), (34, 1), (4288, 1), (4379, 1), (4532, 1), (4540, 1), (4568, 2), (4743, 1), (5055, 1), (5363, 1), (5610, 1), (5647, 1), (6705, 1), (6808, 2), (7068, 1), (7166, 1), (7197, 1), (7607, 2), (7771, 1), (7799, 2), (7922, 1), (8054, 1), (8210, 4), (8255, 2), (8882, 6), (9318, 2), (9648, 1), (10676, 1), (10899, 14), (11262, 2), (11361, 1), (11371, 1), (12397, 3), (12744, 4), (12770, 1), (13091, 1), (13205, 6), (13369, 2), (1354, 1), (13453, 1), (13957, 1), (1443, 1), (14260, 1), (1478, 3), (15330, 1), (15469, 5), (15637, 1), (15775, 2), (15914, 2), (16289, 1), (16373, 1), (16470, 3), (16696, 4), (16968, 4), (17275, 1), (17494, 1), (18050, 8), (8883, 1)
pose (DF: 104): (1974, 1), (2242, 1), (3148, 1), (3453, 1), (3541, 1), (3804, 1), (3850, 1), (4315, 1), (4459, 1), (4497, 3), (4622, 1), (4889, 1), (5228, 1), (5291, 1), (5461, 6), (5492, 1), (5925, 1), (6061, 1), (6237, 1), (6447, 1), (6704, 2), (6895, 1), (7121, 1), (702, 1), (7227, 2), (7331, 2), (736, 1), (7464, 1), (7563, 1), (7634, 1), (775, 6), (7690, 1), (7873, 1), (7901, 1), (7947, 1), (804, 1), (8052, 1), (8064, 6), (8103, 1), (8255, 1), (8338, 2), (8787, 4), (915, 1), (9322, 1), (965, 6), (9619, 2), (9905, 2), (9980, 1), (10590, 1), (10767, 1), (10909, 1), (10919, 1), (11337, 15), (11390, 1), (1183, 4), (11693, 3), (11850, 2), (11877, 1), (11898, 2), (1214, 3), (12068, 79), (12672, 1), (12677, 1), (12842, 1), (13006, 3), (1329, 1), (13170, 4), (13207, 3), (1351, 2), (13444, 6), (13848, 2), (13907, 1), (14010, 1), (14061, 1), (14345, 2), (14383, 2), (14479, 1), (14547, 1), (14701, 1), (14767, 1), (14804, 156), (14808, 1), (14835, 1), (14879, 2), (1567, 1), (15379, 1), (15512, 1), (15546, 1), (15694, 3), (15762, 1), (16072, 6), (16280, 1), (16351, 2), (16518, 1), (16592, 1), (16999, 2), (17206, 1), (17245, 1), (17359, 1), (17387, 1), (17483, 1), (17614, 5), (17730, 1), (18099, 4)
poseert (DF: 1): (10461, 1)
poseid (DF: 5): (1296, 1), (13985, 1), (14124, 1), (16905, 2), (17285, 1)
poseidon (DF: 6): (5253, 1), (5483, 1), (6727, 1), (801, 1), (11017, 1), (13141, 1)
posejdoni (DF: 1): (9695, 1)
poser (DF: 5): (3019, 1), (4627, 1), (8325, 1), (9331, 1), (1588, 1)
posess (DF: 2): (8617, 1), (14028, 1)
poset (DF: 1): (13971, 1)
posey (DF: 1): (1409, 1)
posh (DF: 5): (2462, 1), (3451, 1), (4133, 1), (16390, 2), (17125, 1)
posi (DF: 2): (3067, 1), (7373, 1)
posiadam (DF: 1): (9695, 1)
posibil (DF: 1): (7982, 2)
posibl (DF: 16): (4416, 3), (5110, 1), (7760, 1), (7782, 2), (8256, 1), (8479, 1), (9196, 1), (9252, 1), (9972, 1), (11142, 1), (13694, 5), (14260, 1), (15204, 5), (15237, 4), (15622, 3), (15993, 5)
posici (DF: 1): (9797, 2)
posicion (DF: 24): (284, 2), (4236, 4), (4434, 2), (4550, 1), (4704, 1), (5224, 2), (5796, 1), (6079, 2), (7301, 2), (9383, 1), (10, 2), (9652, 2), (10418, 2), (11526, 1), (1215, 1), (14073, 4), (14420, 1), (14953, 8), (15402, 2), (16345, 1), (16373, 1), (16787, 1), (17931, 1), (18090, 1)
posicioncambi (DF: 1): (15598, 1)
posim (DF: 2): (3111, 1), (8236, 1)
posin (DF: 6): (5934, 2), (7137, 2), (7492, 1), (12068, 1), (14804, 2), (18270, 1)
posit (DF: 42): (1902, 2), (1926, 1), (2002, 1), (2028, 1), (2154, 2), (2832, 1), (3079, 4), (3112, 1), (3148, 1), (3161, 1), (3672, 1), (369, 1), (3797, 1), (3821, 1), (3913, 1), (409, 2), (418, 2), (4263, 1), (4310, 1), (4569, 1), (4601, 1), (4603, 1), (4851, 1), (4931, 2), (4963, 1), (5091, 1), (5225, 1), (527, 1), (5529, 1), (5771, 1), (5783, 2), (5926, 24), (5957, 1), (5974, 1), (6032, 1), (6039, 1), (606, 1), (6188, 1), (6248, 1), (6258, 1), (6475, 1), (647, 1)
