tiesto (DF: 28): (6566, 1), (697, 1), (777, 2), (7709, 1), (8030, 1), (8073, 1), (8622, 1), (9106, 1), (9416, 1), (9570, 1), (9923, 1), (10582, 1), (10964, 1), (11790, 1), (11829, 1), (12023, 1), (12651, 1), (1357, 1), (13692, 1), (14666, 1), (16501, 1), (16520, 1), (17122, 1), (17246, 1), (17675, 1), (1795, 1), (18019, 1), (18154, 1)
tieten (DF: 1): (7547, 1)
tif (DF: 1): (524, 1)
tiff (DF: 1): (14121, 2)
tiffani (DF: 25): (2522, 2), (357, 1), (3993, 3), (5065, 1), (5370, 1), (6629, 1), (6763, 1), (7874, 1), (9458, 4), (9576, 2), (10002, 1), (11349, 1), (11430, 2), (12551, 1), (12773, 4), (13291, 1), (1469, 1), (14526, 1), (15018, 1), (1550, 32), (15631, 1), (15967, 1), (16028, 1), (15, 1), (16981, 1)
tiffany (DF: 3): (3570, 1), (5459, 1), (5955, 2)
tig (DF: 19): (4361, 1), (4504, 3), (5013, 4), (577, 5), (6399, 1), (6651, 1), (7495, 3), (8243, 12), (8353, 1), (9536, 5), (12397, 5), (12661, 5), (12698, 1), (13742, 1), (13857, 1), (1474, 1), (1478, 5), (16536, 5), (17405, 1)
tiga (DF: 1): (8505, 1)
tiger (DF: 61): (2593, 7), (3053, 1), (3183, 1), (3526, 1), (3550, 1), (4128, 1), (445, 1), (5016, 1), (5032, 1), (5097, 12), (5137, 1), (5412, 6), (5581, 1), (561, 21), (5699, 22), (5757, 5), (5913, 21), (6426, 1), (6704, 2), (6913, 1), (7213, 3), (7591, 2), (8103, 1), (8575, 1), (8659, 3), (9271, 1), (10066, 1), (1058, 1), (10652, 1), (10661, 1), (1093, 11), (11018, 1), (11989, 3), (1224, 2), (12072, 3), (12102, 1), (12125, 1), (1330, 1), (13600, 1), (13890, 1), (13893, 21), (14114, 2), (14713, 1), (14874, 9), (15146, 11), (1555, 1), (1558, 1), (15272, 3), (15596, 1), (15606, 1), (16059, 2), (16875, 5), (17050, 8), (17206, 1), (17380, 1), (17450, 1), (17507, 1), (17596, 1), (17766, 1), (18132, 1), (18170, 1)
tigerem (DF: 1): (16247, 1)
tigerfell (DF: 1): (1736, 1)
tigerlili (DF: 1): (3630, 1)
tigger (DF: 2): (7465, 1), (8489, 1)
tight (DF: 248): (1916, 1), (1924, 1), (1929, 1), (1956, 1), (1975, 1), (202, 2), (2049, 1), (204, 1), (2071, 1), (2080, 7), (2153, 1), (2192, 1), (2198, 2), (2225, 1), (2239, 1), (2278, 2), (224, 9), (2355, 3), (2357, 1), (2389, 2), (2397, 1), (2406, 1), (2436, 1), (2470, 1), (2578, 2), (248, 6), (2603, 1), (2607, 2), (2627, 1), (2636, 1), (2649, 1), (2667, 1), (2676, 2), (255, 1), (2747, 1), (2749, 2), (2825, 1), (2832, 1), (2847, 1), (2854, 2), (2882, 1), (2887, 2), (2895, 1), (2901, 1), (2939, 1), (2978, 1), (3002, 1), (3026, 1), (3076, 3), (3149, 1), (3173, 1), (308, 6), (3216, 2), (3261, 2), (3287, 4), (3291, 1), (3310, 1), (3327, 1), (3335, 1), (3369, 1), (334, 1), (3420, 2), (338, 4), (3483, 4), (3520, 1), (3524, 1), (3542, 1), (3594, 2), (3674, 2), (3694, 4), (3796, 1), (3803, 2), (3824, 5), (3919, 8), (3963, 1), (4005, 1), (4028, 1), (4052, 3), (4078, 1), (4085, 1), (4106, 2), (4123, 4), (4148, 1), (4165, 3), (411, 1), (4242, 2), (4262, 1), (4292, 1), (4306, 1), (4325, 1), (4377, 1), (4443, 1), (4460, 1), (4477, 4), (4506, 1), (4546, 21), (4559, 2), (4615, 1), (4652, 1), (4703, 7), (459, 18), (4707, 1), (4710, 1), (4738, 1), (4771, 2), (4796, 1), (4830, 1), (4851, 2), (4856, 1), (4880, 1), (4882, 4), (4897, 1), (485, 1), (4970, 1), (5072, 1), (5080, 1), (5085, 1), (5130, 1), (5137, 2), (5139, 1), (5176, 1), (5195, 1), (513, 1), (5225, 2), (5277, 1), (5442, 6), (5445, 1), (5453, 2), (547, 1), (548, 1), (5549, 1), (5571, 2), (551, 1), (5590, 16), (5602, 1), (5633, 2), (5654, 1), (559, 2), (5670, 3), (574, 1), (5822, 1), (52, 1), (5889, 2), (5921, 12), (5974, 1), (595, 2), (6000, 1), (6131, 1), (6133, 2), (6166, 1), (6170, 1), (6183, 2), (6219, 1), (6245, 1), (6269, 1), (6276, 1), (6295, 2), (6319, 1), (6333, 1), (6342, 1), (6355, 3), (6376, 1), (6412, 2), (6462, 1), (6470, 12), (6472, 1), (6474, 1), (6495, 1), (6569, 1), (659, 1), (6681, 1), (6738, 4), (6742, 1), (6773, 2), (6784, 1), (6861, 1), (6885, 1), (6904, 2), (6937, 1), (6955, 1), (6979, 1), (7018, 8), (7020, 2), (7030, 1), (698, 2), (7107, 1), (7134, 1), (7177, 1), (7180, 1), (7224, 1), (7227, 2), (7230, 1), (731, 1), (7346, 3), (733, 2), (739, 1), (7433, 4), (740, 1), (7447, 1), (742, 1), (7465, 1), (7467, 1), (7520, 1), (7537, 1), (7538, 1), (7620, 5), (7668, 1), (7745, 2), (7771, 1), (7788, 1), (786, 4), (7841, 2), (7849, 1), (792, 2), (7860, 1), (7868, 1), (7870, 10), (7914, 1), (7991, 1), (8004, 1), (8006, 4), (8009, 1), (8037, 1), (8048, 1), (74, 4), (818, 1), (8159, 1), (8180, 1), (8231, 1), (8258, 2), (8291, 4), (8302, 2), (8315, 1), (8336, 1), (8358, 1), (8381, 3), (8383, 1), (8388, 1), (8394, 1), (8396, 2), (8419, 1), (8435, 1), (8457, 2), (8592, 1), (8611, 1), (877, 3), (8655, 2), (8669, 1)
