smash (DF: 32): (1436, 1), (14479, 1), (14547, 3), (14574, 4), (1490, 3), (14589, 1), (14755, 2), (15242, 2), (15320, 2), (15518, 1), (15584, 1), (1625, 1), (16138, 4), (16267, 1), (16286, 3), (16527, 1), (16547, 3), (16679, 2), (1708, 1), (16831, 2), (1712, 1), (16993, 1), (17043, 1), (17113, 3), (17466, 1), (1773, 2), (1790, 1), (18099, 2), (18158, 1), (18200, 1), (18291, 1), (1856, 1)
smashen (DF: 1): (13201, 1)
smashin (DF: 12): (2500, 1), (2523, 1), (4381, 1), (8568, 2), (9325, 1), (964, 1), (10834, 10), (12166, 2), (13539, 4), (15189, 2), (15397, 6), (17016, 2)
smashous (DF: 1): (12190, 1)
smear (DF: 11): (4133, 1), (418, 1), (446, 2), (6274, 1), (8007, 1), (8862, 1), (13736, 2), (16390, 2), (16563, 1), (17125, 1), (18203, 1)
smearin (DF: 2): (21, 1), (15101, 1)
smed (DF: 1): (13626, 1)
smedium (DF: 1): (15342, 1)
smeekt (DF: 1): (3453, 1)
smeer (DF: 1): (18210, 1)
smehil (DF: 1): (5493, 1)
smell (DF: 301): (1891, 1), (1899, 1), (2004, 3), (2028, 1), (2058, 3), (2091, 2), (2117, 1), (2143, 1), (2231, 2), (2256, 1), (2274, 1), (2282, 2), (222, 7), (2411, 1), (2512, 1), (2613, 4), (248, 2), (2649, 1), (2658, 2), (2676, 1), (2760, 1), (2832, 1), (2884, 1), (2907, 2), (2927, 1), (2939, 1), (3083, 2), (3143, 1), (3201, 1), (320, 1), (3282, 2), (3363, 1), (3429, 1), (3432, 1), (3487, 1), (3581, 1), (3790, 1), (379, 1), (3919, 1), (4023, 1), (4044, 1), (4073, 1), (4166, 3), (4185, 2), (4267, 1), (4319, 1), (4329, 1), (4364, 1), (4396, 1), (435, 1), (4420, 1), (4459, 6), (446, 2), (4570, 1), (4585, 1), (4675, 2), (4684, 1), (4705, 1), (4712, 2), (4717, 1), (4827, 1), (4867, 3), (4942, 2), (4964, 1), (486, 2), (5006, 1), (5041, 1), (5044, 2), (5088, 1), (5139, 1), (5142, 1), (5158, 1), (5190, 1), (5255, 16), (5277, 1), (5327, 1), (5413, 1), (5495, 1), (5667, 10), (5701, 1), (5753, 1), (5831, 2), (5909, 1), (5934, 2), (5947, 1), (5953, 1), (5961, 1), (5992, 1), (6061, 3), (6098, 8), (6151, 1), (6173, 1), (6256, 1), (6325, 26), (6331, 1), (6380, 1), (6428, 1), (6442, 24), (6475, 1), (6527, 1), (6530, 1), (6558, 1), (665, 1), (6716, 1), (6720, 1), (6746, 1), (6817, 1), (6824, 2), (6950, 1), (691, 1), (7047, 1), (7050, 1), (7133, 1), (702, 1), (7339, 1), (7341, 1), (7399, 1), (740, 6), (7433, 8), (7436, 1), (7473, 2), (7537, 1), (7554, 1), (767, 6), (7681, 5), (7696, 1), (7882, 1), (7901, 1), (7921, 1), (7945, 6), (7973, 1), (8026, 1), (8038, 1), (8040, 1), (8084, 2), (8135, 1), (8172, 2), (8231, 2), (8380, 1), (8387, 1), (8408, 3), (8525, 1), (8657, 1), (8658, 2), (8669, 1), (8818, 2), (8931, 2), (8943, 4), (8986, 1), (922, 1), (9015, 1), (9032, 1), (9116, 1), (9119, 1), (9125, 1), (9308, 1), (9458, 4), (9479, 2), (9593, 2), (9761, 1), (9813, 2), (9892, 1), (9926, 3), (9993, 1), (10002, 1), (1028, 4), (10183, 2), (10195, 1), (10221, 1), (10255, 1), (10297, 1), (10312, 2), (10373, 1), (10382, 2), (10405, 2), (10432, 1), (10497, 1), (10552, 6), (10556, 1), (10626, 2), (10726, 6), (10783, 1), (10839, 1), (1122, 1), (1124, 1), (11032, 1), (11035, 1), (11110, 2), (1136, 1), (11182, 1), (11304, 1), (11319, 1), (1157, 1), (11368, 1), (11397, 1), (11408, 1), (1169, 1), (11434, 1), (11498, 1), (11531, 1), (11563, 2), (11702, 1), (11770, 1), (11811, 1), (11933, 1), (11997, 3), (1219, 1), (12038, 1), (12049, 1), (12135, 2), (12170, 1), (12308, 1), (12372, 1), (12385, 1), (1258, 1), (12484, 1), (12585, 1), (12587, 1), (12636, 4), (12660, 1), (12690, 4), (12706, 1), (12712, 3), (1298, 1), (12781, 1), (1304, 1), (12987, 1), (13045, 2), (13070, 1), (13113, 1), (13119, 3), (13120, 1), (13210, 1), (13221, 4), (13271, 1), (13300, 2), (13310, 1), (1344, 1), (13448, 2), (13685, 1), (13695, 3), (13724, 1), (13766, 1), (13925, 2), (13946, 1), (13975, 1), (14047, 1), (14072, 3), (14078, 1), (14158, 1), (14228, 1), (14337, 4), (14358, 4), (14464, 1), (14532, 1), (14646, 48), (1505, 2), (14839, 1), (14870, 1), (14942, 1), (14991, 4), (14995, 1), (15089, 1), (15111, 6), (15128, 2), (15294, 1), (15313, 1), (15328, 1), (15357, 1), (15368, 1), (15434, 1), (15480, 1), (15486, 2), (15566, 1), (15595, 1), (15604, 1), (15656, 1), (15725, 1), (15745, 1), (15762, 1), (15910, 12), (15933, 2), (15943, 4), (15962, 1), (15963, 1), (16036, 1), (16039, 1), (16060, 1), (16065, 1), (16144, 1), (16180, 1), (16228, 1), (1658, 1), (16271, 1), (16489, 2), (16536, 1), (16546, 2), (16598, 1), (16713, 1), (16790, 1), (16817, 3)
