spoken (DF: 60): (2528, 1), (3089, 1), (3096, 1), (3164, 1), (3220, 1), (3388, 1), (4369, 1), (4677, 1), (5004, 3), (5319, 1), (6374, 2), (6386, 7), (7073, 1), (7279, 2), (7353, 1), (7621, 1), (7929, 1), (8053, 1), (8165, 1), (838, 1), (8414, 1), (8459, 4), (8513, 1), (8920, 2), (8960, 1), (9250, 1), (9269, 1), (9509, 1), (9796, 3), (10199, 1), (10360, 1), (10750, 9), (10765, 1), (10785, 1), (10845, 1), (10923, 1), (11173, 2), (11287, 1), (1162, 1), (11763, 1), (12090, 1), (12583, 1), (12766, 1), (13062, 1), (13083, 1), (1327, 2), (13235, 1), (14142, 1), (14552, 1), (15084, 1), (15118, 1), (16234, 2), (16265, 1), (16468, 1), (16674, 4), (16722, 4), (17086, 1), (1757, 1), (17647, 1), (17851, 1)
spoko (DF: 1): (16726, 4)
spokojni (DF: 2): (6457, 3), (1655, 1)
spokojniej (DF: 1): (6678, 1)
spokój (DF: 4): (4761, 4), (9085, 2), (16526, 2), (17372, 1)
spol (DF: 1): (15844, 1)
spong (DF: 8): (3150, 1), (5082, 1), (5549, 1), (12864, 3), (15092, 1), (16144, 1), (16635, 1), (17094, 1)
spongebob (DF: 1): (10412, 1)
sponsor (DF: 9): (2322, 1), (235, 1), (4880, 1), (56, 1), (1203, 1), (138, 1), (1367, 1), (13852, 1), (15765, 1)
sponsoring (DF: 1): (15517, 1)
spontan (DF: 6): (4427, 1), (4623, 1), (5346, 1), (9581, 1), (1157, 1), (11384, 1)
spook (DF: 5): (7247, 2), (11058, 1), (11678, 3), (13691, 2), (17414, 1)
spooki (DF: 4): (6583, 1), (16379, 5), (16886, 1), (16936, 3)
spookier (DF: 2): (8570, 1), (14668, 1)
spookrijd (DF: 1): (4849, 1)
spoon (DF: 49): (1972, 1), (251, 1), (2697, 1), (2999, 1), (3371, 1), (3393, 5), (386, 1), (4380, 4), (4429, 1), (4629, 1), (4875, 1), (4962, 1), (5041, 1), (5223, 6), (5314, 1), (5495, 2), (5645, 2), (5947, 1), (6458, 1), (6552, 2), (6758, 1), (6813, 1), (67, 2), (9041, 1), (9305, 1), (993, 1), (9804, 1), (9945, 2), (11067, 1), (1166, 1), (1186, 2), (11716, 2), (12124, 1), (12368, 1), (12460, 1), (12510, 2), (12828, 1), (12920, 11), (13473, 1), (13748, 1), (14382, 1), (14580, 3), (14581, 1), (15075, 4), (16669, 5), (16809, 1), (17090, 4), (18190, 1), (18374, 1)
spoonfe (DF: 1): (8930, 1)
spoonman (DF: 1): (5491, 9)
sporad (DF: 3): (1157, 1), (11623, 2), (16450, 2)
sporat (DF: 1): (16971, 1)
sporc (DF: 6): (2567, 2), (5663, 3), (10238, 1), (11298, 1), (11590, 1), (13126, 3)
sporci (DF: 1): (9647, 1)
spore (DF: 2): (7177, 1), (1513, 1)
spori (DF: 2): (8717, 3), (17564, 1)
spork (DF: 1): (2223, 1)
sporo (DF: 4): (6678, 1), (7677, 4), (8717, 1), (17564, 1)
sport (DF: 105): (1922, 1), (1967, 2), (2005, 2), (2357, 1), (245, 1), (2641, 2), (306, 1), (3363, 1), (3444, 1), (3598, 1), (3628, 1), (3769, 1), (3770, 3), (4023, 1), (4641, 1), (4645, 1), (4690, 1), (484, 1), (4972, 1), (5008, 1), (5036, 1), (5049, 1), (5068, 1), (5223, 1), (5273, 1), (5312, 1), (5757, 1), (5821, 1), (6375, 1), (6397, 12), (6490, 1), (6755, 1), (6761, 2), (6788, 1), (7070, 1), (7096, 1), (7200, 3), (7292, 1), (737, 1), (7450, 1), (7508, 1), (7559, 1), (7991, 1), (8107, 1), (8310, 4), (8373, 6), (8548, 1), (8779, 2), (8822, 1), (9063, 1), (9257, 1), (9509, 1), (9549, 1), (9647, 16), (9873, 1), (1031, 1), (10297, 1), (10370, 1), (10571, 1), (1077, 1), (10672, 1), (10679, 12), (10684, 1), (11408, 1), (11536, 6), (1214, 3), (1215, 1), (12168, 1), (12391, 2), (12569, 1), (12605, 1), (12726, 8), (12946, 1), (13242, 1), (13812, 1), (13817, 1), (143, 18), (14188, 1), (14229, 1), (14264, 1), (14377, 1), (14423, 1), (153, 2), (14839, 1), (14942, 1), (15048, 2), (15061, 1), (15190, 1), (1558, 1), (15276, 1), (15299, 1), (15481, 3), (15635, 1), (15638, 2), (15866, 1), (16764, 1), (16848, 1), (16869, 2), (16886, 1), (17102, 1), (17535, 1), (17653, 2), (18051, 1), (18268, 3), (18350, 1)
sporti (DF: 3): (5707, 1), (7928, 1), (16226, 1)
sportin (DF: 3): (5037, 2), (5682, 1), (14021, 1)
sportlich (DF: 1): (13520, 2)
sportpaket (DF: 1): (2050, 1)
sportsbil (DF: 1): (4295, 1)
sportscar (DF: 1): (14838, 1)
sportscent (DF: 1): (5463, 5)
sporttasch (DF: 1): (14254, 1)
sportu (DF: 1): (14869, 1)
sportversion (DF: 1): (11949, 1)
sportwag (DF: 1): (13476, 1)
spos (DF: 1): (6395, 1)
spose (DF: 10): (2198, 1), (313, 4), (3924, 8), (5314, 1), (6061, 3), (6296, 2), (10153, 8), (14307, 8), (15345, 1), (15988, 1)
spost (DF: 3): (5392, 1), (7000, 1), (11590, 4)
sposób (DF: 2): (10436, 4), (16860, 1)
spot (DF: 1): (202, 1)
