dissip (DF: 2): (13716, 5), (1471, 1)
disso (DF: 7): (2711, 1), (6234, 1), (7211, 1), (9637, 1), (11200, 1), (15400, 1), (17652, 1)
dissoci (DF: 1): (14803, 1)
dissolv (DF: 14): (2667, 1), (2984, 1), (4596, 1), (4971, 1), (5676, 2), (582, 2), (6758, 2), (8232, 2), (8668, 4), (9848, 4), (16620, 1), (16635, 1), (1757, 1), (1799, 1)
dissolvin (DF: 1): (6563, 1)
disson (DF: 4): (5934, 2), (6548, 1), (12011, 1), (12600, 1)
dissoudr (DF: 1): (4440, 1)
disst (DF: 2): (12433, 1), (15010, 1)
dissuad (DF: 1): (2425, 1)
dist (DF: 30): (2079, 2), (3158, 4), (4423, 4), (4544, 2), (4846, 1), (5647, 1), (5659, 3), (5801, 8), (6279, 2), (7412, 4), (7742, 10), (8406, 2), (8733, 2), (9070, 1), (10852, 2), (12852, 3), (13026, 1), (13382, 2), (13425, 3), (14085, 2), (14280, 1), (14360, 1), (14389, 1), (14444, 4), (14, 2), (15031, 1), (16121, 2), (16469, 1), (17202, 1), (17279, 1)
distanc (DF: 177): (2311, 1), (228, 1), (2452, 2), (2457, 1), (2537, 1), (2540, 2), (2568, 1), (2649, 1), (2808, 1), (270, 1), (2989, 3), (3138, 1), (3163, 2), (3176, 5), (3195, 2), (3288, 1), (3413, 1), (3448, 4), (3784, 1), (5, 1), (4097, 3), (4398, 1), (4547, 1), (4603, 1), (4627, 1), (4649, 1), (4741, 4), (4905, 2), (4925, 1), (5097, 2), (501, 1), (5182, 2), (5333, 3), (5334, 1), (5520, 1), (5572, 1), (5619, 1), (561, 4), (5699, 4), (5732, 3), (5805, 1), (5913, 4), (5934, 2), (591, 1), (5971, 3), (5996, 1), (6200, 1), (6345, 1), (6602, 1), (6683, 1), (6746, 1), (6774, 1), (6941, 1), (6959, 1), (7001, 1), (7048, 1), (7154, 1), (7173, 1), (7328, 1), (7402, 1), (7688, 3), (7692, 3), (787, 1), (7892, 1), (8045, 1), (8127, 1), (8141, 1), (8475, 2), (8616, 1), (8690, 2), (886, 1), (9045, 1), (9114, 1), (931, 1), (9176, 1), (9320, 1), (9458, 4), (969, 1), (9805, 1), (9821, 1), (9946, 1), (9984, 1), (10002, 1), (10064, 2), (10071, 2), (10297, 1), (10506, 3), (10644, 1), (1093, 2), (10874, 1), (11124, 1), (11181, 1), (11446, 1), (11629, 1), (11934, 2), (12000, 1), (12043, 1), (12193, 3), (12283, 2), (12359, 2), (12423, 1), (12524, 1), (12589, 1), (12831, 2), (12850, 2), (12905, 2), (12910, 2), (13037, 1), (13073, 1), (13312, 2), (13366, 1), (13545, 1), (13575, 1), (13606, 1), (1393, 1), (13893, 4), (13954, 2), (13965, 1), (14176, 1), (14275, 1), (1466, 1), (14374, 1), (14598, 2), (14797, 1), (14803, 2), (14839, 1), (14912, 1), (15146, 2), (15159, 1), (15244, 1), (1568, 1), (15437, 8), (1576, 1), (15552, 2), (15575, 1), (15664, 1), (1600, 1), (15846, 2), (15923, 1), (16010, 4), (16155, 1), (16256, 2), (16335, 1), (16500, 1), (16527, 1), (16620, 1), (16641, 3), (16725, 1), (16778, 1), (16954, 1), (1719, 1), (17050, 2), (17065, 1), (17069, 3), (17147, 3), (17212, 2), (17231, 1), (17240, 1), (17354, 1), (17359, 3), (17471, 1), (17855, 1), (18144, 4), (18162, 1), (18191, 2), (18205, 1), (18239, 4), (18292, 1), (18317, 1), (18348, 1), (18436, 2), (1872, 1), (2165, 1), (2167, 1), (13311, 1), (18002, 1), (18003, 1)
distanci (DF: 21): (217, 5), (3588, 6), (3859, 2), (4846, 2), (6656, 1), (8751, 4), (9609, 1), (995, 1), (1309, 3), (13388, 2), (1366, 1), (13935, 1), (14346, 1), (14856, 1), (15012, 1), (15382, 1), (15791, 1), (16807, 1), (17405, 1), (17459, 1), (17659, 1)
distant (DF: 101): (211, 1), (2294, 2), (25, 2), (2789, 1), (2907, 8), (3012, 2), (3629, 1), (3699, 4), (3784, 1), (3843, 3), (3889, 1), (3904, 1), (3934, 2), (4244, 1), (4248, 1), (4792, 1), (4917, 1), (5105, 1), (496, 1), (5136, 2), (5327, 4), (5572, 1), (6227, 1), (6234, 2), (6615, 1), (6643, 1), (6898, 1), (7317, 1), (7363, 1), (770, 1), (7747, 2), (7813, 1), (7855, 1), (799, 1), (7924, 1), (7930, 2), (8038, 1), (8152, 1), (8265, 1), (8288, 1), (8424, 3), (8582, 1), (8751, 1), (8842, 1), (931, 1), (9183, 1), (9393, 1), (9398, 2), (991, 1), (9875, 5), (10047, 2), (10075, 2), (10174, 2), (10206, 2), (10341, 1), (1062, 4), (10551, 1), (10653, 1), (10800, 1), (1133, 1), (1172, 1), (11501, 1), (11788, 1), (11816, 2), (11876, 2), (11921, 4), (1223, 1), (12090, 1), (12282, 1), (12651, 2), (12753, 6), (12837, 1), (13, 1), (13317, 1), (13391, 1), (13746, 1), (13749, 2), (13751, 4), (13866, 1), (13869, 2), (13884, 1), (14100, 1), (14193, 1), (14280, 1), (14520, 1), (15623, 2), (15849, 1), (16262, 2), (1670, 1), (16451, 14), (16749, 1), (16804, 1), (1714, 2), (17130, 1), (17230, 3), (17305, 1), (17499, 7), (17561, 1), (17806, 1), (17950, 3), (18325, 3)
distanz (DF: 2): (6395, 1), (16746, 1)
distast (DF: 2): (13571, 1), (16046, 1)
distend (DF: 1): (17309, 1)
distil (DF: 1): (7690, 1)
