lose (DF: 40): (16771, 18), (16772, 1), (16857, 1), (16858, 1), (16890, 2), (16891, 1), (1728, 1), (1729, 1), (17654, 1), (17656, 1), (1792, 1), (1793, 1), (17743, 1), (17744, 1), (17762, 30), (17763, 4), (17873, 6), (17874, 1), (17936, 1), (17937, 3), (17998, 1), (17999, 2), (183, 1), (184, 9), (1852, 1), (1853, 4), (1857, 1), (1859, 2), (3166, 4), (3167, 8), (3169, 6), (11892, 4), (11893, 1), (11894, 2), (13887, 4), (13888, 3), (13889, 2), (14505, 1), (14507, 1), (14508, 1)
loser (DF: 71): (2, 1), (2045, 1), (2053, 1), (2360, 3), (237, 1), (2755, 13), (2822, 1), (2835, 3), (3042, 1), (3119, 1), (3490, 1), (3646, 6), (3731, 1), (4138, 3), (4460, 1), (4828, 1), (4878, 1), (4897, 1), (486, 2), (5320, 2), (5419, 1), (5584, 1), (5690, 1), (622, 1), (6312, 1), (6653, 3), (6671, 1), (6678, 1), (6779, 2), (6809, 1), (680, 2), (7131, 1), (7242, 2), (7355, 1), (7492, 1), (7538, 1), (8241, 15), (8520, 2), (8523, 1), (883, 3), (9409, 2), (9831, 2), (10586, 1), (10678, 8), (10795, 1), (10800, 1), (10849, 5), (11405, 1), (11506, 1), (1204, 1), (12862, 3), (13242, 1), (13254, 10), (13331, 10), (1350, 1), (13587, 2), (14104, 7), (14165, 2), (14211, 1), (14375, 1), (14807, 2), (15013, 2), (15089, 1), (15118, 1), (15464, 1), (16009, 1), (167, 9), (1705, 1), (17329, 1), (17485, 1), (17527, 1)
loset (DF: 5): (6872, 1), (11980, 14), (12499, 7), (13335, 7), (17668, 1)
losfahr (DF: 1): (13226, 1)
losi (DF: 1): (1655, 1)
losin (DF: 91): (1931, 2), (1990, 3), (2332, 2), (2627, 1), (2745, 2), (3019, 1), (3033, 1), (3174, 1), (3205, 2), (3253, 1), (3322, 1), (3420, 1), (3521, 1), (3968, 1), (4658, 1), (4661, 1), (4825, 7), (5567, 1), (5974, 2), (6463, 1), (6527, 1), (6544, 1), (7009, 1), (7138, 1), (7178, 1), (7469, 1), (7857, 1), (7952, 1), (8136, 1), (8268, 6), (8299, 2), (8325, 1), (8573, 2), (9569, 1), (9784, 1), (9846, 1), (10000, 1), (10176, 3), (10195, 1), (10492, 1), (10586, 1), (10616, 3), (10621, 12), (10643, 2), (10652, 3), (10816, 1), (10933, 1), (1122, 1), (11191, 7), (11494, 1), (11512, 1), (11539, 1), (11970, 1), (12031, 2), (12170, 1), (12441, 3), (12494, 1), (12534, 12), (12631, 2), (12752, 5), (13287, 1), (1349, 1), (13443, 2), (13617, 1), (13802, 1), (13829, 12), (14068, 1), (14589, 3), (14664, 1), (14792, 5), (14831, 2), (1590, 3), (15635, 1), (15924, 1), (16134, 1), (16337, 1), (16466, 1), (16547, 1), (1693, 3), (16831, 2), (16872, 2), (1727, 1), (17104, 1), (17464, 1), (17550, 1), (1776, 2), (17690, 7), (17849, 3), (18034, 1), (18125, 1), (18291, 1)
losj (DF: 1): (7421, 1)
loslaten (DF: 2): (14553, 1), (16602, 1)
losmarschi (DF: 1): (17704, 1)
loso (DF: 2): (2235, 2), (10366, 1)
loss (DF: 87): (1, 1), (2147, 4), (2310, 1), (2315, 1), (2472, 1), (2545, 1), (2619, 2), (2650, 1), (2687, 1), (2890, 1), (2908, 1), (3009, 1), (3220, 1), (3232, 3), (332, 1), (3370, 1), (3982, 3), (4183, 1), (4420, 4), (4459, 1), (4665, 1), (4700, 1), (4750, 1), (478, 4), (5050, 27), (5091, 1), (5259, 1), (5604, 2), (50, 1), (6137, 1), (6144, 2), (6272, 4), (6809, 1), (7062, 1), (7421, 1), (7462, 1), (764, 1), (8167, 6), (8491, 1), (8726, 1), (8779, 2), (8978, 2), (9578, 1), (10017, 1), (10308, 1), (10480, 1), (10623, 1), (10688, 1), (110, 1), (11254, 1), (11599, 1), (11832, 1), (12210, 1), (12417, 1), (12798, 1), (12922, 1), (13019, 2), (13366, 2), (13539, 1), (13662, 1), (13687, 1), (13691, 2), (13737, 1), (13939, 1), (14078, 1), (14116, 1), (14165, 2), (14674, 1), (14903, 1), (1531, 2), (15013, 2), (15179, 2), (15242, 2), (1574, 2), (15626, 1), (15637, 1), (15813, 1), (15870, 1), (16093, 1), (16954, 6), (17626, 1), (1799, 2), (18149, 6), (18164, 1), (18385, 5), (18428, 2), (18452, 1)
lossas (DF: 1): (13019, 2)
lossin (DF: 1): (12873, 1)
lost (DF: 59): (1897, 3), (1919, 1), (1931, 1), (1945, 1), (1946, 5), (1986, 4), (1990, 1), (2008, 6), (201, 8), (2023, 1), (2036, 7), (2056, 1), (2081, 1), (2102, 2), (2129, 1), (2148, 12), (2160, 1), (212, 6), (2165, 1), (2177, 1), (2220, 1), (2222, 1), (2274, 1), (2276, 1), (2294, 2), (2310, 3), (2315, 1), (2318, 4), (2321, 1), (2347, 1), (2350, 1), (2363, 5), (2372, 4), (2381, 18), (2392, 2), (2399, 1), (2402, 9), (2419, 2), (2423, 1), (2427, 1), (2436, 1), (2439, 2), (2441, 2), (2457, 1), (2462, 1), (2500, 1), (240, 3), (2541, 2), (245, 1), (2559, 2), (2569, 2), (2581, 3), (2630, 1), (2678, 1), (2715, 4), (2726, 1), (2734, 1), (2772, 1), (2802, 1)
