anoth (DF: 309): (17367, 1), (1761, 2), (17371, 1), (17385, 1), (17399, 9), (17409, 2), (17420, 6), (1766, 2), (17446, 1), (17460, 3), (17466, 18), (17473, 2), (17480, 1), (17504, 1), (17517, 2), (1773, 1), (17527, 1), (17533, 1), (17550, 2), (17592, 3), (17595, 6), (17603, 1), (17614, 1), (17626, 8), (17637, 6), (17651, 1), (17661, 4), (1790, 2), (17681, 2), (17699, 1), (17714, 1), (1796, 2), (17723, 17), (17761, 1), (17769, 6), (17773, 2), (17800, 1), (17805, 4), (17808, 3), (17811, 1), (17818, 2), (17835, 1), (17838, 8), (17849, 2), (17853, 2), (17857, 1), (1805, 2), (17865, 1), (17870, 2), (17878, 2), (17881, 2), (17883, 3), (17887, 3), (17907, 1), (17914, 2), (17920, 2), (17927, 2), (17935, 17), (1812, 1), (17943, 1), (17952, 1), (17954, 1), (17958, 1), (17978, 1), (17988, 3), (1820, 2), (17998, 1), (18001, 1), (18005, 1), (18017, 8), (18026, 2), (18027, 2), (18061, 1), (18068, 2), (1828, 1), (18076, 1), (1829, 1), (18098, 1), (18100, 1), (18105, 3), (18115, 8), (18138, 1), (18150, 8), (18164, 4), (18168, 1), (18201, 10), (18203, 3), (18206, 2), (18267, 2), (18282, 1), (18309, 1), (18312, 1), (18324, 2), (18327, 3), (18335, 5), (18343, 18), (18344, 2), (18346, 2), (18350, 2), (18353, 8), (18366, 1), (18382, 2), (18398, 2), (18405, 3), (18429, 8), (18447, 1), (18452, 1), (1860, 1), (188, 1), (1872, 1), (1891, 1), (1892, 1), (2035, 2), (2036, 2), (2067, 4), (2069, 1), (2121, 2), (2123, 1), (2139, 2), (2142, 2), (2166, 1), (2167, 1), (241, 2), (242, 2), (259, 1), (260, 5), (3917, 1), (3918, 4), (3966, 1), (3967, 2), (4364, 1), (4365, 1), (4573, 1), (4575, 1), (4731, 1), (4732, 1), (4739, 1), (4740, 1), (4869, 17), (4872, 1), (5036, 1), (5037, 1), (5127, 2), (5128, 1), (5144, 12), (5146, 1), (5812, 4), (5814, 1), (5963, 1), (5964, 7), (6124, 1), (6125, 1), (6213, 4), (6214, 1), (6258, 2), (6259, 1), (6427, 2), (6428, 1), (6521, 9), (6522, 2), (685, 3), (687, 1), (716, 1), (719, 2), (7662, 1), (7663, 1), (800, 3), (801, 1), (7926, 1), (7927, 4), (809, 3), (810, 2), (8258, 4), (8259, 1), (8280, 4), (8283, 1), (9216, 1), (9217, 2), (9481, 3), (9483, 6), (9642, 1), (9644, 1), (9662, 3), (9663, 6), (987, 1), (988, 1), (9839, 1), (9841, 1), (9922, 1), (9924, 1), (10661, 3), (10663, 2), (10844, 1), (10846, 1), (10920, 1), (10921, 1), (11103, 2), (11106, 1), (11277, 1), (11279, 1), (11691, 5), (11692, 1), (11767, 1), (11768, 1), (12088, 6), (12090, 1), (12643, 2), (12644, 2), (12680, 3), (12682, 6), (12741, 1), (12742, 23), (13122, 2), (13124, 1), (13274, 1), (13275, 2), (13508, 1), (13509, 1), (13627, 2), (13629, 2), (13640, 1), (13641, 1), (1392, 4), (1393, 1), (13811, 1), (13812, 1), (13837, 1), (13838, 2), (13901, 2), (13902, 2), (13912, 1), (13914, 1), (14129, 1), (14133, 1), (14432, 1), (14434, 2), (14519, 2), (14520, 1), (14530, 1), (14531, 1), (14732, 1), (14733, 3), (15104, 1), (15105, 3), (15314, 1), (15315, 1), (15374, 2), (15375, 1), (1586, 2), (1587, 2), (15552, 1), (15553, 2), (15567, 1), (15568, 1), (15668, 1), (15669, 6), (15687, 1), (15688, 1), (15805, 1), (15806, 1), (15875, 3), (15876, 1), (16055, 1), (16056, 4), (16296, 4), (16297, 1), (16325, 5), (16327, 1), (16929, 1), (16930, 1), (17079, 1), (17080, 2), (17215, 6), (17216, 3), (17226, 1), (17228, 2), (1764, 1), (17477, 1), (17478, 1), (17535, 1), (17537, 1), (17653, 7), (17654, 1), (17693, 5), (17694, 2), (17722, 1), (17739, 3), (17740, 1), (17916, 1), (17917, 4), (17919, 1), (17973, 1), (17974, 1), (18002, 2), (18003, 1), (18116, 2), (1835, 3), (1836, 1), (18347, 1), (18349, 9), (8933, 3), (8934, 1), (8935, 8), (13420, 1), (13421, 2), (13422, 1), (16242, 1), (16243, 1), (16244, 1)
anotha (DF: 7): (2562, 2), (6203, 1), (7862, 1), (13949, 2), (17235, 1), (17241, 1), (1833, 2)
another (DF: 2): (5663, 1), (10380, 1)
anotherlov (DF: 1): (10761, 1)
anoté (DF: 4): (1920, 5), (4109, 1), (6408, 1), (6657, 2)
anpanman (DF: 1): (5169, 1)
anpass (DF: 1): (3123, 1)
anpisst (DF: 1): (17780, 1)
anqu (DF: 2): (9252, 1), (9972, 1)
anruf (DF: 2): (4192, 6), (12619, 1)
ans (DF: 6): (3437, 1), (6249, 1), (11459, 1), (14222, 1), (14254, 1), (15867, 1)
ansag (DF: 4): (6139, 1), (12212, 1), (12433, 2), (13476, 1)
ansah (DF: 1): (397, 1)
anschaff (DF: 1): (3108, 1)
anschein (DF: 1): (4816, 1)
anschlag (DF: 3): (5577, 1), (5691, 1), (6620, 1)
anschliess (DF: 1): (12433, 1)
