toss (DF: 27): (14713, 1), (14854, 1), (15013, 2), (15084, 1), (15135, 1), (15142, 1), (15391, 3), (15434, 1), (15466, 1), (15518, 1), (15652, 3), (15687, 1), (15726, 2), (16279, 1), (1692, 2), (16788, 1), (16957, 1), (1744, 6), (17305, 1), (17419, 2), (17675, 1), (17742, 1), (17813, 2), (17914, 1), (18051, 1), (18232, 2), (18450, 1)
tossic (DF: 3): (2567, 2), (4992, 2), (6631, 1)
tossin (DF: 17): (3642, 1), (5050, 1), (6472, 1), (6627, 1), (6923, 2), (7860, 1), (823, 1), (8811, 1), (9191, 1), (9226, 1), (10701, 1), (11624, 1), (11917, 4), (14819, 1), (1733, 1), (17531, 4), (18443, 1)
tost (DF: 3): (216, 1), (3421, 1), (13370, 1)
tosti (DF: 1): (6303, 1)
toston (DF: 2): (4661, 1), (18222, 1)
tot (DF: 64): (2260, 1), (2316, 1), (2327, 6), (2354, 1), (2881, 1), (3230, 1), (3453, 1), (3462, 1), (4356, 4), (5035, 3), (493, 1), (5173, 1), (5352, 1), (6008, 1), (6026, 1), (6184, 26), (6249, 4), (6641, 1), (710, 1), (7310, 1), (7463, 1), (7547, 2), (7820, 1), (8260, 1), (8274, 1), (8311, 1), (9425, 1), (9788, 1), (10074, 1), (10215, 1), (10498, 1), (10780, 1), (11521, 1), (11552, 4), (11673, 1), (1244, 1), (12276, 1), (12363, 2), (1259, 1), (1284, 1), (1318, 5), (13085, 1), (13095, 1), (13808, 3), (1432, 2), (14199, 1), (151, 1), (14613, 1), (14632, 1), (14697, 1), (14704, 2), (15412, 1), (1619, 1), (15867, 2), (16373, 1), (16438, 2), (16507, 1), (16600, 1), (16602, 4), (16644, 1), (16963, 1), (17160, 1), (17704, 1), (17972, 1)
total (DF: 79): (1893, 1), (2048, 1), (2628, 4), (2636, 1), (2779, 1), (316, 1), (3251, 1), (3712, 1), (382, 4), (4008, 1), (4054, 2), (405, 1), (4106, 2), (4404, 1), (455, 1), (4984, 1), (5037, 3), (5102, 1), (5107, 1), (5416, 2), (544, 1), (5729, 1), (5974, 1), (6176, 1), (6445, 5), (6852, 1), (7651, 1), (7713, 1), (8107, 1), (8145, 1), (8319, 1), (8803, 4), (9302, 1), (9351, 1), (9373, 1), (979, 1), (9635, 1), (9690, 4), (9777, 1), (10125, 1), (10542, 1), (10571, 1), (10573, 7), (10641, 6), (1141, 1), (11306, 1), (11329, 1), (11458, 1), (11526, 1), (11550, 24), (11599, 1), (11749, 1), (12027, 1), (12068, 1), (12984, 1), (13085, 1), (1328, 1), (13345, 13), (13370, 1), (13437, 1), (13502, 2), (13545, 1), (13588, 1), (14091, 1), (14366, 1), (14712, 1), (14804, 2), (15220, 1), (15237, 2), (15364, 1), (15392, 1), (15753, 1), (16279, 1), (16863, 1), (17253, 2), (17346, 1), (1766, 2), (17638, 1), (17722, 4)
totcho (DF: 1): (13783, 1)
tote (DF: 60): (2991, 1), (3180, 2), (3485, 1), (3538, 1), (3999, 1), (407, 1), (446, 2), (4767, 1), (4880, 1), (4985, 1), (5583, 1), (5596, 1), (5872, 1), (5918, 1), (7540, 1), (7685, 2), (7892, 1), (7992, 1), (8055, 2), (8237, 6), (8756, 1), (8976, 1), (9152, 1), (9419, 1), (9451, 1), (9493, 3), (9763, 1), (1059, 1), (10454, 1), (10593, 2), (11058, 1), (11293, 2), (11708, 1), (12146, 1), (12184, 2), (12452, 1), (12627, 1), (13172, 1), (13296, 2), (13494, 1), (13637, 1), (14032, 7), (14218, 1), (14642, 1), (14820, 1), (1547, 1), (15093, 1), (15149, 1), (15329, 9), (15371, 2), (15727, 1), (15876, 1), (16039, 1), (16236, 1), (16424, 6), (16897, 1), (1730, 2), (17401, 1), (181, 1), (18051, 1)
toteking (DF: 1): (2316, 1)
totem (DF: 6): (3223, 1), (6458, 1), (6800, 1), (14361, 1), (18173, 1), (1856, 1)
totemo (DF: 1): (10304, 2)
totenkopf (DF: 1): (16290, 1)
toter (DF: 3): (6087, 1), (12146, 1), (12850, 1)
totet (DF: 2): (13755, 1), (17630, 1)
totgenervt (DF: 1): (1244, 1)
totgeschwieg (DF: 1): (14254, 1)
totin (DF: 24): (2276, 1), (21, 1), (2563, 1), (3589, 1), (4652, 1), (4931, 1), (7226, 1), (7691, 1), (8103, 1), (8467, 2), (993, 1), (10415, 4), (10690, 2), (11594, 1), (11681, 1), (1200, 1), (12146, 1), (13769, 1), (14533, 1), (14942, 1), (15175, 1), (15258, 2), (15937, 1), (17540, 1)
totit (DF: 9): (2336, 1), (4704, 1), (6808, 1), (11059, 1), (11442, 1), (15914, 4), (16528, 1), (16843, 1), (16983, 1)
toto (DF: 11): (2104, 1), (2577, 2), (2955, 1), (4883, 2), (5096, 1), (8373, 3), (8870, 2), (9885, 2), (15628, 2), (15826, 1), (15840, 1)
totoo (DF: 4): (0, 1), (11710, 1), (17577, 1), (18453, 1)
totschlag (DF: 1): (16745, 1)
tottenham (DF: 1): (1574, 4)
totter (DF: 3): (1032, 1), (14038, 1), (18309, 1)
totti (DF: 2): (5990, 1), (16226, 1)
totyr (DF: 1): (13988, 1)
toucan (DF: 1): (7339, 1)
touch (DF: 6): (190, 8), (1900, 4), (1904, 9), (1916, 6), (197, 1), (1946, 16)
