96 (DF: 10): (15015, 1), (15084, 1), (15244, 1), (15726, 2), (16322, 1), (16532, 1), (16949, 3), (17683, 1), (18089, 1), (18354, 1)
97 (DF: 11): (3598, 3), (4028, 1), (6527, 1), (7973, 1), (9226, 1), (10593, 1), (13029, 2), (13296, 1), (14260, 1), (14873, 1), (17988, 1)
976 (DF: 1): (9730, 1)
98 (DF: 20): (2002, 1), (2697, 1), (2999, 1), (5401, 1), (5734, 1), (8394, 1), (8778, 2), (9115, 3), (10370, 1), (12657, 2), (12771, 2), (13223, 1), (14078, 1), (14820, 1), (15250, 1), (15495, 1), (15595, 1), (15610, 1), (16265, 1), (18051, 1)
99 (DF: 64): (2399, 1), (2939, 1), (3009, 2), (3322, 1), (3591, 1), (4168, 1), (4373, 1), (479, 6), (5216, 1), (5242, 9), (5658, 1), (5952, 1), (6040, 5), (6933, 1), (6984, 1), (7133, 2), (710, 1), (7217, 1), (7537, 1), (7567, 1), (7798, 1), (7932, 1), (8084, 2), (8155, 2), (8596, 1), (8661, 1), (9070, 1), (9222, 1), (945, 1), (9853, 1), (10421, 13), (10786, 1), (11166, 10), (11369, 1), (11702, 1), (11766, 2), (11772, 12), (11825, 1), (11883, 1), (11936, 1), (12213, 1), (12338, 1), (12972, 1), (13946, 1), (14388, 1), (14741, 1), (15050, 24), (15170, 1), (15625, 2), (15748, 2), (16135, 1), (16330, 2), (17220, 1), (17375, 1), (17460, 3), (17500, 14), (17918, 1), (18051, 1), (18135, 1), (18152, 13), (18245, 2), (18293, 2), (18311, 1), (185, 1)
9and (DF: 2): (10480, 1), (11877, 1)
9bastos (DF: 1): (7607, 1)
9chrome (DF: 1): (15091, 2)
9er (DF: 1): (13091, 1)
9gulli (DF: 1): (16397, 1)
9i (DF: 1): (7892, 1)
9mm (DF: 3): (5382, 4), (13085, 1), (1881, 2)
9navig (DF: 1): (8383, 1)
9s (DF: 8): (2923, 1), (5149, 1), (8662, 2), (12666, 1), (12868, 1), (13315, 1), (1757, 1), (17968, 1)
9say (DF: 1): (12944, 1)
9smokin (DF: 1): (13269, 1)
9th (DF: 7): (3216, 1), (3726, 1), (5014, 1), (6847, 2), (14008, 1), (1613, 1), (18089, 1)
9this (DF: 1): (7206, 3)
9who (DF: 1): (7634, 1)
9x (DF: 1): (2753, 1)
_ (DF: 3): (3888, 1), (6175, 3), (13955, 1)
__ (DF: 2): (472, 4), (5696, 2)
___ (DF: 1): (15415, 3)
____ (DF: 1): (13628, 1)
_________ (DF: 1): (15939, 1)
_hay (DF: 1): (9652, 1)
a (DF: 99): (1942, 1), (198, 1), (2194, 1), (2425, 1), (2463, 1), (2729, 7), (2757, 8), (2881, 2), (3067, 3), (3284, 6), (3381, 1), (3480, 1), (349, 1), (3768, 2), (3909, 22), (3962, 1), (3984, 1), (397, 1), (4088, 1), (4124, 1), (4197, 5), (4287, 2), (4308, 3), (4379, 2), (4440, 11), (4614, 1), (4743, 4), (4816, 3), (483, 2), (5166, 2), (5214, 1), (5382, 2), (540, 1), (5559, 11), (5622, 6), (5801, 1), (5890, 1), (598, 9), (637, 10), (649, 5), (676, 2), (681, 1), (6886, 4), (7254, 1), (7278, 3), (7373, 3), (7411, 1), (7607, 16), (7876, 3), (8210, 7), (9199, 1), (9407, 1), (9457, 1), (9737, 14), (9757, 3), (9788, 1), (9884, 29), (10157, 1), (10194, 4), (1089, 5), (11060, 1), (11341, 16), (11483, 36), (1218, 25), (12042, 8), (12433, 1), (12619, 6), (12822, 1), (13096, 2), (13125, 2), (13476, 1), (13606, 3), (13957, 2), (14199, 23), (14405, 1), (14496, 1), (151, 2), (14613, 1), (14824, 1), (14899, 1), (15161, 2), (15269, 2), (15456, 3), (15469, 81), (15536, 1), (15637, 6), (15867, 3), (15912, 19), (1654, 2), (16579, 2), (16640, 42), (16701, 1), (16745, 9), (16898, 7), (17021, 1), (17140, 4), (17275, 3), (18073, 1), (4198, 5)
a1 (DF: 48): (1922, 1), (2208, 1), (2333, 1), (3075, 1), (3234, 1), (3444, 1), (3598, 1), (4244, 1), (4620, 1), (4627, 1), (525, 1), (528, 1), (5409, 1), (5576, 1), (5584, 1), (5822, 1), (5840, 1), (5851, 1), (5937, 1), (6819, 1), (737, 1), (8496, 1), (8787, 1), (928, 1), (9143, 1), (9245, 1), (9263, 1), (10207, 1), (1045, 1), (10412, 1), (11014, 1), (11160, 1), (11498, 1), (12442, 1), (12864, 1), (13003, 1), (13210, 1), (13909, 1), (14298, 1), (14972, 1), (15268, 4), (15833, 1), (15916, 1), (16021, 1), (16049, 1), (16707, 1), (16993, 1), (179, 1)
a1a (DF: 1): (9267, 1)
a5 (DF: 1): (11179, 1)
a6 (DF: 2): (7278, 1), (13091, 1)
a7 (DF: 2): (14254, 1), (16687, 2)
a8 (DF: 1): (14690, 2)
aa (DF: 33): (2268, 2), (2399, 2), (3093, 1), (3223, 2), (3665, 1), (3666, 1), (3910, 24), (4421, 3), (4985, 7), (5381, 6), (5535, 1), (5582, 4), (5830, 3), (6079, 2), (6135, 14), (6553, 4), (724, 1), (762, 1), (7953, 1), (8785, 1), (9138, 8), (9519, 8), (9792, 1), (10667, 3), (11350, 1), (11358, 10), (11688, 2), (11724, 1), (12368, 2), (13367, 1), (13990, 8), (14335, 7), (14869, 2)
