blaze (DF: 66): (1186, 2), (11686, 1), (11697, 2), (11748, 1), (11960, 2), (12017, 3), (12038, 1), (12569, 1), (12601, 1), (12781, 1), (12900, 2), (13127, 3), (13433, 5), (13619, 1), (13662, 1), (13696, 1), (13763, 1), (13773, 1), (13812, 1), (13828, 1), (13989, 5), (14036, 1), (14078, 1), (14164, 1), (14173, 3), (14188, 1), (14388, 1), (14515, 1), (14526, 1), (14581, 1), (14635, 1), (1514, 5), (15073, 1), (15113, 2), (15138, 1), (15291, 1), (15368, 3), (15397, 3), (15481, 3), (15772, 1), (15832, 1), (1622, 1), (16137, 1), (16242, 2), (16320, 2), (16589, 2), (1699, 1), (16986, 1), (17016, 1), (17043, 1), (17141, 1), (17306, 2), (17326, 2), (17349, 1), (17456, 4), (182, 1), (17795, 2), (17811, 1), (17818, 1), (17964, 1), (17995, 3), (18018, 1), (18051, 1), (18267, 1), (18405, 1), (18410, 1)
blazei (DF: 1): (17043, 1)
blazekonsti (DF: 1): (2729, 1)
blazemaximillion (DF: 1): (17043, 1)
blazer (DF: 5): (242, 2), (13426, 1), (13892, 1), (14942, 1), (16149, 1)
blazi (DF: 1): (17410, 4)
blazin (DF: 20): (2771, 1), (3811, 1), (5120, 5), (5478, 1), (5533, 1), (5872, 2), (6495, 1), (6979, 1), (9800, 3), (9820, 1), (1024, 1), (11374, 1), (11961, 2), (12889, 2), (14164, 1), (15016, 1), (15070, 3), (15573, 6), (15870, 1), (16238, 1)
blazzin (DF: 1): (4251, 1)
blck (DF: 1): (3931, 1)
ble (DF: 1): (6457, 1)
bleach (DF: 25): (4309, 19), (4625, 1), (5757, 1), (6300, 1), (6503, 1), (6895, 1), (8868, 1), (8886, 1), (925, 1), (9322, 1), (10666, 2), (10978, 1), (1200, 1), (11956, 2), (12062, 1), (12706, 1), (12907, 1), (13055, 1), (13441, 1), (13828, 3), (13925, 2), (14466, 2), (15074, 1), (18300, 1), (18363, 1)
bleache (DF: 1): (15369, 1)
bleacher (DF: 14): (2655, 1), (2803, 2), (2890, 1), (3206, 1), (3303, 2), (3824, 1), (4183, 1), (719, 2), (8336, 1), (11290, 1), (12044, 1), (14692, 1), (15857, 1), (17381, 2)
bleak (DF: 9): (2960, 1), (3769, 1), (404, 2), (7335, 2), (7776, 1), (9341, 1), (1344, 1), (15583, 1), (17450, 3)
bleari (DF: 1): (553, 1)
bleblebl (DF: 1): (9179, 1)
blech (DF: 1): (4088, 1)
bled (DF: 36): (1929, 1), (2562, 1), (2775, 1), (3098, 1), (4014, 1), (4626, 4), (5483, 1), (5908, 1), (6711, 1), (6922, 1), (7089, 2), (7606, 1), (7642, 1), (8198, 1), (8577, 1), (9339, 2), (9363, 1), (11180, 2), (11672, 1), (11901, 2), (12035, 1), (12607, 1), (12781, 1), (12894, 1), (13957, 1), (14076, 1), (14154, 1), (14166, 3), (14302, 1), (14661, 1), (15044, 1), (1713, 1), (17118, 1), (17144, 6), (1773, 1), (17790, 1)
bleed (DF: 181): (1929, 18), (1948, 5), (1962, 1), (2006, 2), (2058, 1), (2072, 1), (2272, 1), (2291, 2), (2315, 1), (2372, 1), (2445, 1), (236, 1), (2489, 1), (2506, 4), (2590, 5), (2594, 1), (2669, 1), (2677, 1), (2717, 1), (2727, 14), (2775, 1), (2822, 2), (2840, 1), (2842, 1), (2853, 1), (2918, 6), (2942, 2), (2950, 2), (2979, 2), (2984, 1), (3027, 3), (3050, 1), (3059, 1), (3073, 4), (3077, 1), (3153, 4), (314, 3), (3264, 1), (3334, 6), (3440, 12), (3473, 7), (3485, 11), (3518, 4), (3538, 2), (3594, 17), (3634, 1), (3653, 4), (3670, 3), (3713, 1), (3716, 1), (3741, 1), (3915, 1), (3938, 3), (3940, 1), (3945, 3), (3982, 3), (4151, 1), (4220, 1), (4255, 4), (4309, 1), (4547, 1), (4640, 2), (451, 4), (4675, 1), (4759, 2), (4798, 5), (4813, 1), (4966, 1), (5093, 3), (503, 12), (5238, 1), (5249, 1), (5260, 2), (5274, 1), (5447, 1), (5596, 1), (5604, 1), (5626, 1), (5672, 1), (5684, 1), (5780, 1), (5806, 2), (5862, 1), (5934, 2), (5967, 1), (6018, 1), (6078, 2), (609, 4), (6176, 3), (6256, 1), (640, 2), (6712, 3), (6715, 2), (6734, 1), (6856, 3), (6960, 1), (690, 3), (7006, 1), (7023, 1), (7051, 1), (7089, 2), (7105, 1), (7107, 1), (7113, 2), (702, 1), (7231, 1), (7317, 4), (7502, 4), (7578, 1), (7595, 2), (7658, 1), (7686, 4), (7785, 1), (7797, 1), (7824, 1), (7901, 1), (801, 1), (7913, 2), (7987, 1), (8040, 1), (8083, 1), (8155, 2), (8232, 5), (8261, 1), (8334, 4), (8390, 1), (8414, 1), (8475, 1), (8496, 1), (8515, 1), (8540, 1), (868, 4), (8579, 2), (8709, 1), (8732, 1), (8750, 1), (8788, 1), (8841, 2), (8843, 4), (8850, 6), (8854, 1), (909, 3), (8881, 1), (8904, 1), (920, 1), (9010, 1), (9011, 2), (9044, 1), (9073, 1), (9134, 1), (9254, 3), (9392, 3), (88, 1), (9398, 1), (9659, 1), (991, 1), (9733, 4), (9753, 4), (9771, 1), (9858, 1), (9865, 16), (9900, 1), (9925, 2), (9954, 1), (10003, 2), (10056, 1), (10078, 1), (10110, 1), (10134, 1), (10176, 5), (10221, 1), (10265, 3), (10336, 1), (10365, 2), (10495, 1), (1067, 2), (10529, 2), (1075, 2), (10578, 1), (10599, 3), (10621, 3)
