freestyl (DF: 116): (6889, 2), (6926, 1), (7028, 2), (7178, 1), (7181, 1), (7226, 1), (7386, 1), (7471, 1), (7477, 1), (7492, 1), (7577, 1), (772, 2), (7928, 1), (8015, 2), (8256, 1), (8278, 1), (8347, 1), (8373, 3), (8404, 1), (8407, 1), (8848, 1), (8863, 1), (9024, 1), (9163, 1), (9192, 1), (9251, 1), (9315, 1), (9344, 1), (9399, 1), (9440, 1), (9551, 1), (9742, 1), (9759, 1), (9973, 2), (10077, 1), (10084, 1), (1048, 2), (10370, 1), (10593, 1), (10636, 1), (10691, 1), (10975, 1), (11200, 1), (11330, 2), (11354, 1), (11382, 1), (11391, 1), (1164, 1), (11445, 2), (11568, 1), (11606, 1), (11679, 1), (11852, 1), (11879, 2), (12152, 7), (12195, 1), (12302, 1), (12307, 1), (12334, 1), (12379, 1), (12458, 1), (12588, 1), (12677, 1), (12887, 1), (13075, 1), (13296, 1), (13579, 1), (13655, 1), (13715, 1), (13825, 2), (13877, 1), (13938, 1), (14085, 1), (14218, 1), (14451, 1), (14563, 1), (1508, 1), (14790, 2), (14818, 1), (1524, 1), (14984, 1), (15133, 1), (15160, 1), (1558, 2), (15291, 1), (1564, 1), (15309, 1), (15400, 1), (15402, 1), (15563, 1), (15709, 1), (15814, 1), (16022, 1), (16026, 1), (16029, 2), (16144, 2), (16196, 1), (16241, 1), (16385, 2), (16477, 1), (16505, 1), (16870, 1), (16939, 1), (16995, 1), (17185, 8), (1751, 1), (17325, 1), (17787, 1), (17862, 2), (17934, 1), (1812, 1), (1820, 1), (18009, 2), (18076, 2), (18089, 1), (1868, 1)
freestylers (DF: 1): (11750, 2)
freestylin (DF: 5): (3251, 1), (7247, 2), (7768, 1), (14415, 1), (16627, 1)
freetown (DF: 1): (17179, 2)
freetrack (DF: 1): (7278, 1)
freeway (DF: 56): (2013, 1), (2174, 1), (239, 1), (3075, 1), (3084, 3), (3142, 1), (3284, 2), (4098, 2), (4185, 2), (4359, 1), (4485, 1), (4680, 1), (6302, 4), (6922, 1), (7006, 2), (7332, 2), (9010, 1), (9092, 1), (9339, 2), (9348, 1), (9500, 1), (10653, 3), (10724, 1), (11133, 1), (11145, 1), (11161, 1), (11736, 1), (1226, 1), (12237, 1), (12468, 2), (13196, 1), (13575, 2), (13653, 1), (1402, 1), (14218, 1), (14300, 1), (14651, 1), (153, 2), (14835, 1), (14838, 1), (14970, 1), (15033, 2), (15159, 1), (15870, 1), (15916, 1), (16414, 2), (16620, 4), (16857, 1), (16886, 1), (17423, 1), (17620, 1), (17635, 1), (17865, 1), (17954, 1), (18322, 1), (18344, 2)
freewheel (DF: 1): (9125, 1)
freewil (DF: 1): (6931, 4)
freez (DF: 151): (2, 1), (1946, 1), (1972, 1), (2027, 3), (2126, 2), (2174, 1), (2192, 1), (2251, 1), (2305, 1), (2320, 1), (2342, 3), (2363, 1), (237, 1), (2680, 1), (2975, 1), (3018, 1), (3040, 1), (3251, 1), (3311, 3), (3483, 1), (3494, 3), (3514, 1), (3, 1), (383, 1), (4090, 3), (4106, 1), (4315, 1), (4411, 1), (4497, 6), (4663, 1), (469, 2), (4878, 1), (4897, 1), (4903, 1), (4938, 1), (494, 1), (5312, 1), (5316, 3), (5340, 1), (5419, 1), (5463, 1), (5596, 1), (5705, 1), (5862, 1), (5990, 2), (6039, 4), (6118, 1), (622, 1), (6432, 3), (642, 1), (6542, 3), (6761, 2), (6992, 1), (696, 3), (7083, 1), (7237, 1), (7514, 1), (7518, 3), (7538, 1), (758, 2), (7602, 4), (8026, 1), (825, 6), (8232, 2), (8367, 1), (8467, 2), (8493, 1), (8502, 1), (8718, 2), (897, 3), (8885, 2), (8908, 1), (9089, 1), (938, 12), (9194, 1), (9263, 2), (9331, 1), (967, 1), (9557, 1), (9616, 2), (10001, 1), (10115, 1), (1045, 4), (10385, 3), (10439, 1), (10490, 3), (10556, 1), (10593, 1), (10759, 1), (11110, 1), (118, 1), (11360, 3), (11489, 2), (11796, 1), (11825, 1), (11888, 1), (12041, 3), (12213, 2), (12255, 1), (12484, 1), (12837, 1), (12838, 1), (12946, 1), (13232, 1), (13296, 1), (13603, 4), (13635, 1), (13736, 1), (13769, 1), (13812, 1), (13898, 2), (14120, 1), (14163, 2), (14391, 1), (1474, 1), (14589, 3), (14835, 2), (15016, 6), (1550, 8), (15313, 1), (15357, 1), (15377, 1), (15464, 1), (15573, 3), (15813, 1), (16123, 1), (16127, 1), (16532, 14), (1705, 1), (16815, 1), (16873, 6), (16881, 2), (16926, 1), (17000, 1), (1730, 2), (17133, 2), (17441, 1), (17493, 3), (1773, 1), (1778, 3), (17599, 3), (17683, 14), (1790, 1), (17737, 1), (17755, 2), (17804, 2), (1820, 2), (1829, 1), (18170, 6), (18405, 1), (9264, 1)
freeza (DF: 1): (4411, 1)
freezer (DF: 12): (4944, 1), (5707, 1), (8893, 1), (10207, 1), (10316, 1), (10634, 2), (11673, 1), (12060, 3), (12733, 1), (12917, 6), (14410, 3), (15314, 1)
freezi (DF: 3): (202, 1), (2228, 2), (9594, 1)
freezin (DF: 14): (1919, 1), (2068, 2), (3356, 1), (350, 1), (5902, 1), (6903, 6), (8299, 2), (10648, 2), (1157, 1), (1498, 3), (15258, 1), (15789, 1), (15860, 2), (18183, 6)
freg (DF: 1): (3586, 2)
