krawatem (DF: 1): (6441, 1)
krawatt (DF: 1): (1715, 1)
krawczyk (DF: 1): (16442, 1)
kray (DF: 1): (3402, 2)
krayzi (DF: 6): (3009, 1), (3238, 3), (5050, 1), (8299, 4), (10480, 1), (16319, 1)
krazi (DF: 12): (2923, 1), (3174, 1), (4523, 1), (5603, 1), (642, 1), (7004, 1), (92, 1), (1354, 1), (1404, 1), (15647, 1), (17938, 1), (18099, 2)
krazy (DF: 2): (7495, 1), (15939, 1)
krazyi (DF: 1): (3238, 1)
kream (DF: 3): (2733, 1), (10345, 1), (16922, 2)
kreatur (DF: 1): (18073, 1)
krec (DF: 1): (17222, 1)
kreditkart (DF: 2): (2170, 1), (8678, 1)
kredytu (DF: 1): (15698, 1)
kreeft (DF: 1): (6641, 1)
kreeg (DF: 1): (6008, 2)
kreep (DF: 5): (3979, 1), (8358, 1), (12436, 1), (17800, 3), (18287, 2)
kreepin (DF: 2): (3979, 1), (17800, 1)
kreid (DF: 1): (11476, 1)
kreis (DF: 6): (3437, 1), (3962, 1), (6600, 4), (12760, 8), (15766, 1), (16839, 1)
kreisch (DF: 4): (2496, 1), (13012, 1), (13755, 1), (17630, 1)
kreischend (DF: 2): (13755, 1), (17630, 1)
kreislauf (DF: 2): (8260, 1), (10239, 1)
kreissag (DF: 1): (8670, 1)
krejt (DF: 2): (10700, 1), (11447, 2)
kreme (DF: 3): (8135, 1), (12587, 1), (17392, 2)
kremlin (DF: 2): (3541, 1), (6715, 1)
kremont (DF: 4): (4467, 1), (41, 1), (9811, 1), (12782, 1)
krenten (DF: 1): (8418, 1)
krepierst (DF: 1): (5051, 1)
krept (DF: 4): (2192, 1), (5370, 1), (11151, 1), (13072, 1)
kreska (DF: 1): (14869, 1)
kress (DF: 2): (8882, 3), (1668, 2)
kretsen (DF: 2): (571, 2), (15783, 1)
kreuger (DF: 2): (9000, 1), (12777, 1)
kreuj (DF: 1): (6007, 1)
kreuz (DF: 3): (2100, 1), (397, 1), (17704, 1)
kreuzberg (DF: 1): (2463, 1)
kreuzfeu (DF: 1): (8098, 1)
kreuzritt (DF: 1): (10659, 1)
krew (DF: 1): (18094, 1)
krewella (DF: 4): (9472, 1), (11737, 1), (12161, 1), (16094, 1)
kreyn (DF: 1): (8872, 1)
krez (DF: 2): (823, 1), (15680, 1)
kri (DF: 2): (2268, 1), (8210, 1)
kribipos (DF: 1): (15766, 1)
kriecht (DF: 1): (11552, 1)
krieg (DF: 56): (2170, 1), (2328, 4), (2729, 1), (3048, 1), (3108, 1), (3462, 1), (397, 3), (4387, 1), (437, 1), (483, 2), (5049, 1), (5053, 1), (5149, 1), (5429, 2), (6139, 1), (6835, 2), (7278, 2), (7463, 1), (7479, 1), (8260, 1), (8932, 1), (9236, 4), (9788, 1), (10074, 1), (10215, 1), (10239, 5), (10498, 3), (10523, 4), (10603, 2), (11522, 1), (11538, 1), (11654, 1), (11772, 3), (12839, 1), (13093, 1), (13190, 2), (13245, 1), (13755, 2), (14153, 1), (14254, 2), (1484, 1), (151, 3), (14613, 2), (14659, 1), (15010, 1), (15050, 6), (15517, 1), (1616, 1), (1654, 2), (16290, 3), (16777, 1), (1715, 1), (1736, 1), (17204, 1), (17630, 2), (17716, 1)
kriegsbeil (DF: 1): (14254, 1)
kriegsch (DF: 1): (4816, 1)
kriegsgebiet (DF: 3): (3849, 1), (4318, 1), (14419, 2)
kriegskun (DF: 1): (5049, 1)
kriegsminist (DF: 2): (11772, 2), (15050, 4)
kriegt (DF: 24): (2050, 1), (2170, 1), (2194, 2), (2463, 1), (3067, 2), (493, 1), (5459, 1), (5577, 1), (6026, 1), (6139, 1), (7373, 2), (8247, 1), (9236, 1), (10074, 1), (10215, 1), (10239, 1), (10603, 1), (1238, 1), (12453, 1), (14254, 1), (14659, 1), (14752, 2), (1736, 1), (18073, 1)
krig (DF: 1): (7603, 1)
kriger (DF: 1): (16718, 1)
krijg (DF: 3): (9425, 2), (12767, 1), (16435, 1)
krijgen (DF: 3): (4665, 1), (6008, 2), (17327, 1)
krijgt (DF: 7): (2260, 1), (4297, 1), (1077, 2), (12243, 1), (12446, 2), (13611, 1), (17663, 1)
krillin (DF: 2): (6766, 1), (11020, 1)
kriminal (DF: 1): (15010, 1)
kriminalitatsrat (DF: 1): (5382, 1)
kriminell (DF: 13): (2078, 1), (3123, 1), (3932, 1), (778, 1), (10239, 1), (10523, 1), (1238, 1), (13091, 2), (14254, 2), (14613, 1), (1715, 1), (17021, 1), (1736, 1)
kringl (DF: 2): (7779, 1), (14996, 1)
kripo (DF: 8): (2463, 1), (778, 7), (1176, 1), (1177, 6), (11551, 1), (12839, 1), (15458, 1), (1715, 1)
kripo31 (DF: 1): (3480, 1)
kripos (DF: 6): (3108, 2), (5577, 3), (8678, 1), (9236, 1), (14254, 1), (14263, 1)
krippy (DF: 4): (5373, 3), (11734, 1), (15369, 1), (17607, 2)
krippysill (DF: 1): (10838, 8)
kris (DF: 20): (2881, 1), (3356, 2), (3740, 1), (4267, 2), (5037, 29), (540, 1), (6102, 1), (8039, 1), (8247, 1), (8977, 1), (10239, 1), (12398, 1), (13851, 2), (14254, 1), (14538, 2), (14996, 1), (15328, 1), (16279, 1), (16309, 1), (16507, 1)
krischvn (DF: 1): (16389, 1)
krisenherd (DF: 1): (16290, 1)
krisensich (DF: 1): (14752, 1)
krisenzeit (DF: 1): (13755, 1)
