tomorrow (DF: 63): (16793, 6), (16795, 5), (16913, 1), (16989, 1), (1726, 3), (17025, 1), (17067, 6), (17126, 1), (17130, 1), (17208, 3), (17235, 1), (17278, 1), (17331, 3), (17377, 1), (17382, 1), (1768, 1), (17466, 1), (17473, 1), (17569, 1), (17587, 1), (17599, 3), (17692, 1), (17711, 1), (17737, 1), (17805, 1), (17853, 1), (17863, 1), (17882, 4), (17948, 6), (17954, 2), (18012, 1), (1830, 1), (18118, 5), (183, 1), (18157, 1), (18182, 1), (18185, 2), (18196, 1), (18224, 1), (18289, 1), (18297, 1), (18335, 4), (18344, 4), (18392, 1), (18401, 1), (1860, 1), (7375, 2), (7376, 1), (8594, 2), (8595, 6), (10057, 6), (10059, 1), (10574, 11), (10577, 2), (1344, 1), (1346, 1), (13775, 1), (13776, 1), (14430, 5), (14431, 1), (15059, 4), (15061, 1), (18333, 10)
tomorrowland (DF: 35): (1993, 1), (2065, 1), (294, 1), (3309, 1), (4475, 1), (4819, 1), (5616, 1), (6356, 1), (6566, 1), (697, 1), (777, 1), (7709, 1), (8030, 1), (8073, 1), (8622, 1), (9106, 1), (9416, 1), (9570, 1), (9923, 1), (11790, 1), (11829, 1), (12651, 1), (12714, 2), (1357, 1), (13692, 1), (14666, 1), (16501, 1), (16520, 1), (17122, 1), (17167, 1), (17246, 1), (17675, 1), (1795, 1), (18019, 1), (18154, 1)
tomou (DF: 5): (9223, 2), (9494, 1), (12128, 1), (12348, 1), (16035, 1)
tomó (DF: 1): (7049, 2)
ton (DF: 80): (2198, 1), (217, 1), (2985, 2), (3320, 1), (3437, 1), (3571, 1), (3660, 2), (3681, 2), (417, 1), (4222, 1), (4479, 2), (4558, 4), (4912, 1), (4985, 2), (5373, 129), (5495, 1), (5646, 1), (5659, 1), (5745, 4), (5830, 1), (6886, 1), (7045, 1), (7063, 1), (7349, 1), (7645, 1), (7818, 2), (8418, 1), (8532, 1), (880, 1), (9519, 2), (9783, 1), (9873, 1), (9944, 2), (10233, 1), (10278, 4), (10975, 1), (11015, 1), (1136, 1), (11378, 2), (11447, 1), (11489, 1), (11786, 2), (12323, 2), (12363, 1), (12368, 1), (12479, 1), (12662, 2), (12726, 8), (12863, 2), (12964, 1), (1318, 1), (13290, 2), (13398, 1), (1358, 2), (13740, 6), (13990, 2), (14032, 7), (1451, 2), (14335, 5), (1491, 1), (14642, 1), (14841, 1), (14911, 3), (1564, 1), (15357, 1), (15530, 2), (15693, 1), (16026, 1), (1677, 1), (16600, 1), (175, 6), (16784, 1), (16889, 2), (17191, 1), (17245, 1), (1772, 6), (17500, 1), (17735, 1), (17888, 1), (18151, 1)
tona (DF: 2): (2839, 1), (15407, 1)
tonc (DF: 4): (4852, 1), (5716, 1), (7863, 1), (10180, 1)
tone (DF: 139): (16, 1), (1922, 1), (1989, 2), (2026, 1), (2028, 1), (202, 1), (2174, 1), (2300, 1), (2422, 1), (2522, 2), (2636, 1), (2667, 1), (3052, 1), (3128, 4), (3300, 1), (3807, 2), (3931, 1), (4065, 1), (4082, 1), (4139, 1), (4313, 1), (4533, 1), (5014, 1), (5115, 4), (5176, 1), (5343, 1), (5387, 1), (5650, 1), (563, 1), (5776, 1), (5809, 1), (5907, 1), (606, 1), (616, 1), (6214, 1), (6556, 1), (6612, 3), (6615, 1), (6722, 1), (6741, 2), (6799, 1), (6925, 1), (7138, 2), (7192, 1), (7376, 4), (7754, 1), (8083, 1), (8304, 1), (8541, 1), (8601, 1), (8631, 4), (8755, 1), (9125, 1), (9278, 1), (9343, 1), (9510, 1), (9538, 1), (9853, 1), (9965, 1), (10017, 1), (10160, 1), (10269, 2), (1083, 1), (10655, 1), (10690, 2), (10856, 1), (11007, 3), (11180, 2), (11267, 1), (11849, 3), (11860, 1), (11902, 1), (11986, 1), (12005, 3), (12097, 5), (12125, 1), (12166, 2), (12233, 1), (12379, 1), (12575, 2), (12596, 2), (12606, 1), (1297, 1), (12850, 1), (12994, 1), (13072, 4), (1329, 1), (13148, 1), (13150, 3), (13175, 1), (13302, 1), (13554, 1), (13569, 1), (13691, 3), (13778, 1), (13905, 2), (13931, 1), (14109, 1), (14119, 2), (1455, 1), (14290, 1), (1471, 1), (14533, 1), (14948, 1), (15084, 1), (15215, 1), (15311, 1), (15553, 1), (15591, 1), (15610, 1), (15631, 1), (15639, 1), (15665, 1), (15750, 1), (16050, 2), (16216, 14), (16427, 1), (16481, 3), (16510, 1), (16518, 1), (16765, 1), (1710, 1), (17042, 1), (17118, 1), (17211, 2), (17449, 1), (17509, 5), (17635, 1), (1790, 1), (17768, 2), (17869, 1), (17921, 1), (17956, 1), (17967, 2), (18014, 1), (18088, 1), (18217, 1), (18243, 1), (12165, 2)
tonel (DF: 1): (14093, 1)
toney (DF: 1): (10975, 1)
tong (DF: 6): (8001, 1), (8831, 1), (9682, 1), (11761, 1), (1668, 2), (17094, 1)
tonga (DF: 2): (2208, 1), (9245, 1)
tongha (DF: 1): (12323, 2)
tongol (DF: 1): (8768, 1)
tongu (DF: 26): (17, 2), (1911, 2), (1928, 6), (1949, 1), (2030, 1), (2038, 1), (2060, 1), (2102, 1), (2116, 2), (2133, 2), (2210, 1), (2252, 24), (2255, 1), (2303, 1), (2322, 1), (2340, 1), (2378, 1), (2399, 1), (2415, 1), (2563, 1), (2602, 1), (2655, 2), (2730, 1), (2733, 1), (2746, 1), (2866, 1)
