cobr (DF: 10): (11018, 1), (11371, 2), (11576, 1), (11774, 3), (13707, 2), (14543, 1), (16022, 1), (16079, 1), (16373, 2), (16378, 2)
cobra (DF: 19): (2583, 1), (2610, 1), (2680, 1), (27, 2), (3251, 1), (5015, 2), (5068, 1), (5349, 1), (51, 4), (6032, 1), (6936, 1), (7554, 1), (8779, 2), (10701, 1), (12308, 1), (13338, 1), (14859, 2), (1799, 1), (17766, 1)
cobrança (DF: 2): (2833, 1), (15322, 1)
cobrar (DF: 1): (5959, 1)
cobrart (DF: 1): (1563, 1)
coburn (DF: 1): (10114, 2)
cobweb (DF: 5): (2580, 1), (4885, 1), (6922, 1), (9339, 2), (9585, 1)
coc (DF: 45): (1932, 10), (24, 1), (2656, 2), (3210, 3), (371, 1), (5674, 1), (53, 1), (6631, 1), (676, 2), (7466, 3), (9, 1), (8728, 1), (9532, 1), (109, 1), (10625, 3), (10937, 1), (11407, 7), (11576, 1), (11750, 1), (11752, 2), (11783, 1), (11944, 2), (12055, 2), (12426, 1), (13367, 2), (13370, 1), (13487, 1), (13808, 1), (143, 2), (14063, 1), (14379, 1), (14743, 2), (15161, 1), (15169, 2), (15178, 3), (15922, 1), (16143, 2), (16711, 1), (16885, 1), (17255, 1), (17418, 1), (17462, 1), (18000, 1), (18187, 3), (18302, 1)
coca (DF: 32): (2241, 1), (2809, 1), (3100, 1), (3772, 1), (3984, 1), (4410, 1), (5312, 1), (5503, 2), (5589, 1), (51, 1), (6096, 1), (6761, 2), (6988, 1), (7194, 1), (8151, 1), (9951, 1), (11936, 1), (12267, 1), (12868, 1), (12946, 1), (13251, 1), (13263, 1), (13685, 1), (13812, 1), (15114, 1), (15342, 1), (1574, 2), (15439, 1), (15595, 1), (15665, 1), (18082, 1), (18083, 1)
cocacol (DF: 1): (1653, 4)
cocain (DF: 137): (1972, 1), (1975, 1), (2031, 1), (2084, 1), (220, 2), (2256, 1), (2356, 1), (2357, 2), (2511, 2), (2572, 5), (2701, 1), (2706, 1), (2850, 1), (3009, 1), (3135, 1), (3163, 6), (3356, 2), (343, 3), (3543, 1), (3930, 1), (3941, 1), (4533, 1), (4645, 1), (4736, 7), (4895, 2), (5045, 1), (5261, 1), (5418, 3), (5535, 2), (548, 1), (5573, 1), (5633, 2), (5907, 1), (5961, 1), (595, 2), (6164, 1), (6258, 1), (6309, 11), (6312, 1), (6631, 1), (6658, 21), (6767, 1), (6799, 1), (6806, 11), (675, 2), (6828, 1), (6844, 1), (6846, 1), (6847, 2), (7043, 1), (7070, 1), (69, 3), (7520, 1), (7527, 4), (7685, 2), (72, 1), (8055, 2), (8122, 1), (8195, 5), (8244, 1), (8726, 1), (8862, 1), (8960, 1), (8976, 1), (9050, 2), (938, 1), (9209, 1), (9311, 11), (9408, 1), (9419, 1), (9593, 8), (9625, 1), (9886, 1), (1011, 1), (9944, 2), (9993, 1), (10119, 3), (10346, 1), (10458, 1), (10505, 1), (10626, 2), (10672, 1), (10766, 1), (10956, 1), (11132, 1), (11287, 1), (11349, 1), (11415, 3), (11634, 1), (11719, 1), (11735, 1), (11767, 1), (11797, 1), (12000, 1), (12033, 4), (12064, 11), (12128, 3), (12553, 1), (12828, 1), (13125, 1), (13172, 1), (13232, 1), (13242, 1), (13254, 1), (13331, 1), (13381, 1), (13411, 3), (13435, 1), (13647, 3), (13792, 1), (14032, 21), (14078, 1), (14196, 3), (14477, 4), (1490, 1), (14789, 1), (15056, 11), (15080, 1), (15278, 4), (15332, 1), (15342, 1), (15487, 1), (15675, 11), (15845, 26), (1623, 1), (15875, 2), (16048, 1), (16079, 1), (16493, 2), (16723, 4), (178, 1), (17512, 2), (17770, 5), (17916, 1), (18245, 1), (18351, 1), (18450, 1)
cocaina (DF: 4): (4761, 12), (12668, 1), (14604, 100), (16963, 1)
cocaína (DF: 2): (4493, 1), (12128, 2)
cocaïn (DF: 2): (676, 1), (6886, 6)
cocc (DF: 2): (11590, 1), (18442, 1)
cocco (DF: 1): (10700, 1)
coccodrillo (DF: 1): (10700, 1)
coch (DF: 19): (2107, 3), (2498, 1), (3401, 1), (345, 2), (3631, 1), (4560, 1), (4939, 1), (6251, 4), (7879, 1), (9737, 1), (11371, 1), (12539, 2), (13362, 4), (14596, 1), (14685, 1), (16373, 1), (16969, 2), (17115, 2), (18398, 2)
cochin (DF: 1): (16295, 2)
cochina (DF: 1): (18359, 1)
cochiner (DF: 1): (11356, 1)
cochran (DF: 6): (369, 1), (5601, 1), (931, 1), (10690, 2), (14533, 1), (14800, 1)
cocin (DF: 27): (4799, 1), (5173, 2), (5353, 1), (5436, 1), (5475, 2), (5674, 6), (8091, 1), (8255, 1), (8728, 1), (8733, 10), (9079, 2), (9248, 1), (9575, 1), (10036, 1), (10223, 1), (10804, 8), (11620, 1), (12351, 1), (12426, 1), (13165, 1), (13808, 1), (14011, 2), (14550, 1), (14627, 1), (16004, 1), (16968, 4), (18123, 1)
cocinart (DF: 1): (5563, 2)
cociner (DF: 1): (9845, 1)
cock (DF: 10): (1929, 1), (200, 1), (2050, 1), (2076, 1), (2230, 1), (2251, 1), (2276, 1), (2402, 9), (2493, 1), (2527, 1)
