pale (DF: 34): (7777, 2), (9177, 1), (950, 2), (963, 1), (9647, 1), (11151, 1), (11646, 1), (11777, 1), (11822, 1), (12188, 1), (12477, 1), (12691, 1), (12997, 1), (13025, 1), (1324, 2), (1426, 1), (13998, 5), (14042, 1), (149, 1), (14604, 1), (14651, 1), (15370, 1), (15748, 2), (15806, 1), (1636, 1), (16375, 1), (16597, 2), (16604, 1), (1697, 2), (17523, 1), (17916, 1), (17918, 1), (1846, 1), (1877, 1)
paleni (DF: 1): (8717, 1)
palenqu (DF: 1): (16648, 2)
paleontologist (DF: 1): (11830, 1)
paler (DF: 2): (3314, 1), (91, 1)
palerm (DF: 1): (1424, 1)
palest (DF: 1): (559, 1)
palestan (DF: 1): (9509, 1)
palestin (DF: 2): (7697, 1), (16438, 7)
palestr (DF: 1): (10546, 3)
palet (DF: 7): (3269, 1), (3587, 2), (9302, 13), (11734, 1), (11980, 2), (12499, 1), (13335, 1)
paleto (DF: 1): (14970, 1)
palett (DF: 7): (469, 1), (825, 3), (9331, 1), (14372, 2), (17075, 1), (17755, 1), (18170, 3)
palg (DF: 1): (3916, 7)
pali (DF: 12): (6007, 1), (7836, 1), (8604, 3), (10436, 1), (10838, 2), (11175, 2), (13770, 2), (15402, 1), (1655, 1), (1668, 2), (18065, 1), (18094, 1)
paligo (DF: 1): (10227, 1)
palimi (DF: 1): (10020, 1)
palin (DF: 1): (7070, 1)
palisad (DF: 7): (2286, 1), (223, 1), (4543, 1), (4574, 1), (6458, 1), (10417, 1), (17247, 1)
palisz (DF: 2): (661, 1), (7836, 1)
palitroqu (DF: 1): (9682, 1)
paliwo (DF: 2): (8604, 1), (1655, 3)
pall (DF: 5): (5190, 1), (10238, 2), (14029, 6), (15566, 1), (16749, 1)
palla (DF: 2): (443, 1), (10700, 1)
pallaba (DF: 1): (5559, 1)
palladium (DF: 4): (2399, 1), (8532, 1), (10044, 1), (14400, 1)
pallas (DF: 1): (13245, 1)
pallbear (DF: 2): (13279, 1), (15079, 1)
pallet (DF: 3): (3118, 1), (3310, 1), (15705, 2)
palli (DF: 2): (1982, 20), (8407, 1)
pallida (DF: 1): (11419, 1)
pallor (DF: 1): (15200, 1)
pallottol (DF: 1): (5439, 1)
palm (DF: 163): (1946, 1), (1950, 2), (200, 1), (2105, 1), (2143, 1), (216, 2), (2255, 1), (2267, 6), (2363, 1), (2831, 1), (278, 4), (285, 2), (3112, 1), (3166, 1), (325, 2), (3291, 1), (328, 2), (3421, 1), (3514, 1), (4044, 1), (4053, 2), (4124, 1), (4198, 1), (4294, 18), (4354, 1), (4360, 3), (438, 1), (4693, 6), (4697, 1), (4760, 3), (4880, 1), (4939, 1), (4960, 1), (4992, 1), (5006, 1), (5020, 1), (5116, 2), (5160, 1), (5238, 1), (5449, 1), (5467, 1), (5610, 1), (5633, 2), (5876, 16), (5950, 2), (5957, 1), (5963, 1), (595, 2), (6009, 18), (6160, 2), (6164, 1), (6168, 1), (6341, 1), (6405, 1), (643, 1), (6772, 1), (6867, 1), (702, 1), (7163, 1), (7197, 1), (68, 2), (7343, 1), (7369, 1), (7459, 1), (7511, 1), (7538, 1), (7617, 3), (7726, 2), (782, 1), (7837, 1), (7892, 1), (7917, 2), (8125, 1), (8189, 1), (846, 3), (8457, 1), (8893, 1), (9054, 3), (9122, 2), (9235, 2), (9256, 1), (9585, 1), (9616, 2), (9625, 1), (9652, 2), (9998, 1), (10044, 2), (10167, 2), (1032, 1), (10195, 1), (1041, 2), (10377, 1), (1059, 1), (10624, 3), (10634, 1), (10977, 1), (10998, 1), (11128, 2), (1150, 1), (11287, 1), (11376, 1), (11877, 1), (1217, 2), (12149, 1), (12226, 3), (12396, 1), (12428, 1), (12818, 1), (12882, 2), (12917, 3), (12989, 1), (12998, 1), (13103, 5), (13251, 1), (1342, 1), (13279, 1), (13334, 1), (13501, 1), (14038, 1), (14068, 1), (14162, 1), (14195, 1), (14226, 1), (14257, 1), (14328, 2), (14698, 2), (14773, 1), (14840, 2), (14869, 1), (14887, 1), (14961, 3), (15016, 1), (15066, 1), (15149, 1), (15189, 2), (15193, 1), (15242, 2), (15407, 1), (1588, 1), (15624, 1), (15782, 1), (16006, 2), (16050, 4), (1657, 1), (16240, 1), (16510, 1), (16595, 3), (16717, 2), (17099, 1), (17212, 2), (17270, 1), (17587, 1), (17736, 1), (1800, 3), (17967, 2), (1831, 2), (18206, 2), (18221, 1), (18223, 1), (18309, 1), (18316, 1), (1848, 1), (18390, 1)
palma (DF: 3): (13591, 2), (17454, 9), (18163, 2)
palmer (DF: 14): (2215, 1), (497, 1), (5287, 2), (6890, 1), (7508, 1), (8914, 2), (9806, 16), (10965, 1), (11407, 3), (1242, 1), (12861, 1), (1381, 1), (14092, 1), (17181, 2)
palmero (DF: 2): (13415, 1), (1642, 1)
palmetto (DF: 2): (2340, 1), (3731, 1)
palmi (DF: 2): (1918, 1), (11977, 1)
palmin (DF: 1): (369, 1)
palmqvist (DF: 1): (2667, 2)
palnej (DF: 1): (9781, 1)
palo (DF: 6): (5610, 1), (7029, 1), (7197, 1), (8132, 2), (9368, 2), (10176, 1)
palom (DF: 12): (2585, 2), (364, 2), (417, 1), (6818, 1), (7508, 1), (84, 4), (9524, 1), (14311, 1), (16223, 1), (17059, 3), (17343, 1), (18132, 1)
paloma (DF: 2): (3469, 1), (18330, 1)
palomaz (DF: 1): (13370, 1)
palomin (DF: 1): (9040, 2)
