river (DF: 106): (12549, 6), (1286, 1), (12701, 2), (1299, 1), (12936, 6), (12938, 6), (12973, 11), (13011, 1), (13057, 1), (13128, 12), (13215, 2), (13319, 1), (13351, 1), (13381, 5), (13446, 1), (13457, 1), (13506, 1), (13578, 1), (1378, 2), (13685, 1), (13727, 1), (13748, 7), (13885, 1), (13940, 2), (14111, 1), (14163, 2), (14256, 3), (1472, 6), (14409, 1), (14435, 1), (14498, 1), (14558, 1), (1488, 2), (14631, 1), (14642, 2), (14710, 3), (14716, 1), (14907, 1), (14948, 1), (14993, 9), (15016, 1), (15223, 9), (15241, 2), (15353, 1), (15442, 1), (15471, 1), (15495, 1), (15548, 2), (15616, 4), (15649, 2), (1607, 1), (15735, 2), (15740, 1), (1613, 1), (15759, 1), (15828, 6), (15861, 1), (15883, 18), (15921, 4), (16001, 9), (16031, 1), (16089, 1), (16155, 4), (16201, 2), (16277, 6), (16452, 7), (16474, 3), (16489, 1), (16492, 1), (16520, 1), (16563, 1), (16597, 1), (16835, 2), (16936, 1), (16978, 3), (16986, 1), (17019, 3), (17075, 2), (17157, 4), (17179, 3), (17196, 10), (17428, 4), (17503, 8), (17556, 1), (17567, 1), (17621, 6), (17628, 1), (17684, 3), (17770, 1), (17779, 1), (17782, 55), (17808, 1), (17851, 2), (17866, 2), (17877, 1), (17895, 1), (17906, 1), (17927, 2), (18001, 2), (1824, 2), (18058, 3), (18431, 3), (6838, 1), (6839, 1), (18283, 1), (18284, 4)
rivera (DF: 1): (17331, 3)
riverb (DF: 1): (10390, 1)
riverboat (DF: 4): (8592, 1), (1216, 1), (14993, 1), (15713, 1)
rivermaya (DF: 3): (9703, 2), (16246, 1), (17455, 1)
riversid (DF: 9): (3286, 1), (5617, 1), (7353, 2), (7964, 2), (11369, 1), (11830, 1), (12636, 2), (14633, 2), (17761, 1)
rivi (DF: 1): (4197, 1)
riviera (DF: 4): (7649, 2), (10491, 1), (12103, 1), (16485, 1)
rivka (DF: 1): (13426, 1)
rivogl (DF: 1): (14629, 1)
rivotril (DF: 2): (1424, 1), (1501, 1)
rix (DF: 1): (1089, 1)
rixton (DF: 2): (3901, 1), (10437, 1)
riz (DF: 6): (1896, 1), (631, 1), (6514, 2), (11413, 1), (13813, 2), (15159, 1)
rizla (DF: 3): (4027, 1), (5370, 1), (11961, 1)
rizo (DF: 1): (7876, 1)
rizz (DF: 5): (2509, 1), (6020, 2), (9130, 1), (14045, 1), (17586, 1)
rizzi (DF: 2): (6969, 1), (17083, 1)
rizzid (DF: 1): (3018, 1)
rizzla (DF: 1): (16868, 1)
rizzow (DF: 1): (3018, 1)
rizzuto (DF: 1): (17920, 1)
riéndono (DF: 1): (17917, 1)
riñ (DF: 1): (1563, 1)
rj (DF: 5): (2242, 1), (3144, 1), (3353, 1), (9356, 1), (18166, 1)
rjd2 (DF: 1): (14986, 1)
rk (DF: 2): (1900, 1), (247, 1)
rkcb (DF: 3): (716, 1), (11365, 2), (16652, 1)
rkh (DF: 1): (11024, 1)
rko (DF: 4): (11980, 2), (12499, 1), (13335, 1), (1631, 1)
rkom (DF: 2): (3210, 2), (11821, 1)
rl (DF: 12): (6528, 1), (8524, 1), (10352, 1), (10562, 2), (11348, 1), (14053, 1), (14134, 1), (14454, 1), (14493, 1), (15338, 1), (15965, 2), (18396, 1)
rlah (DF: 1): (637, 2)
rlndt (DF: 1): (15764, 1)
rm (DF: 2): (5363, 2), (10175, 1)
rmx (DF: 2): (10232, 1), (18370, 1)
rmxz (DF: 1): (10232, 1)
rn (DF: 4): (7253, 1), (786, 1), (15567, 1), (17463, 1)
rnb (DF: 152): (2, 1), (16, 1), (1886, 1), (1935, 1), (1959, 1), (2048, 1), (203, 1), (2070, 1), (2153, 1), (2171, 1), (2202, 1), (2260, 1), (2369, 1), (24, 1), (237, 1), (2634, 1), (262, 1), (2760, 1), (2804, 1), (2811, 1), (2878, 1), (3022, 1), (3033, 1), (3248, 1), (3265, 1), (3291, 1), (3338, 1), (3404, 1), (3464, 1), (3526, 1), (352, 1), (3633, 1), (3755, 1), (3773, 1), (372, 1), (3900, 1), (3926, 1), (4037, 1), (4050, 1), (418, 1), (4297, 1), (4298, 1), (4319, 1), (4425, 1), (4460, 1), (4505, 1), (4527, 1), (4542, 1), (4580, 1), (4585, 1), (4611, 1), (4643, 1), (4668, 1), (4784, 1), (4789, 1), (4895, 1), (4991, 1), (486, 1), (5061, 1), (490, 1), (5222, 1), (5249, 1), (5311, 1), (5365, 1), (5396, 1), (5554, 1), (5608, 1), (5658, 1), (5697, 1), (5728, 1), (5758, 1), (583, 1), (5926, 1), (5954, 1), (6008, 1), (6114, 1), (6401, 1), (6461, 1), (6464, 1), (6480, 1), (6524, 1), (6618, 1), (6636, 1), (6772, 1), (6829, 1), (6846, 1), (6912, 1), (6992, 1), (7012, 1), (7051, 1), (7098, 1), (7122, 1), (7138, 1), (7177, 1), (7186, 1), (7187, 1), (7458, 1), (7599, 1), (7732, 1), (789, 1), (7851, 1), (7924, 1), (8058, 1), (8087, 1), (8094, 1), (8099, 1), (8116, 1), (8154, 1), (8193, 1), (8244, 1), (8252, 1), (8326, 1), (8380, 1), (8381, 1), (8468, 1), (8563, 1), (8611, 1), (8692, 1), (8782, 1), (8923, 1), (8939, 1), (9033, 1), (9035, 1), (9049, 1), (9100, 1), (9109, 1), (9237, 1), (9240, 1), (9521, 1), (9569, 1), (9582, 1), (9676, 1), (9708, 1), (9750, 1), (97, 1), (9801, 1), (9823, 1), (9834, 1), (100, 1), (10021, 1), (10076, 1), (10155, 1), (10279, 1), (10346, 1), (10372, 1), (10431, 1), (10538, 1), (10653, 1), (10684, 1), (10687, 1), (10690, 1), (10692, 1)
