vária (DF: 12): (3467, 1), (6500, 1), (8113, 1), (8938, 1), (9355, 1), (1183, 1), (12128, 1), (14182, 1), (16533, 1), (17649, 1), (18166, 1), (18271, 1)
vário (DF: 12): (2833, 1), (3215, 1), (3353, 1), (3467, 1), (5011, 1), (6804, 1), (9087, 1), (11504, 2), (12375, 1), (15274, 1), (17899, 1), (18163, 4)
vão (DF: 15): (7211, 1), (7563, 1), (8052, 1), (8989, 6), (9637, 1), (13647, 1), (14095, 5), (14182, 1), (14580, 1), (16522, 1), (16626, 1), (16738, 1), (17454, 1), (17899, 1), (18397, 1)
vän (DF: 1): (7603, 1)
vänt (DF: 1): (7603, 3)
världen (DF: 1): (18172, 1)
värre (DF: 1): (2152, 1)
väska (DF: 1): (7603, 1)
växt (DF: 1): (7603, 1)
vågen (DF: 2): (13659, 1), (17567, 4)
vågner (DF: 1): (11953, 1)
væk (DF: 17): (2018, 2), (2952, 1), (3591, 1), (413, 2), (4295, 1), (4714, 3), (4991, 9), (6292, 3), (7077, 5), (7397, 1), (10592, 1), (11019, 1), (11364, 8), (12273, 1), (15844, 8), (16307, 8), (17567, 4)
vælter (DF: 2): (4425, 9), (1465, 1)
vær (DF: 9): (6292, 4), (7077, 3), (10050, 1), (10543, 1), (13626, 1), (15844, 1), (16307, 8), (16718, 1), (17567, 8)
værdsæt (DF: 1): (17294, 1)
være (DF: 6): (2952, 1), (3527, 1), (6292, 1), (10543, 1), (15844, 10), (16208, 1)
værelset (DF: 1): (17294, 1)
været (DF: 3): (3527, 1), (7077, 1), (7200, 1)
vécu (DF: 1): (4197, 1)
véget (DF: 1): (16701, 1)
véhicul (DF: 1): (4197, 1)
vélo (DF: 1): (14405, 1)
vérit (DF: 1): (540, 8)
vérité (DF: 1): (3660, 1)
vê (DF: 28): (2680, 2), (3353, 2), (5118, 2), (5860, 4), (6500, 1), (6844, 1), (8113, 1), (8858, 4), (9494, 1), (10316, 5), (10679, 1), (11200, 1), (1183, 2), (11808, 2), (11835, 1), (12348, 1), (12649, 1), (13713, 1), (1415, 1), (14285, 2), (15322, 2), (16035, 1), (16533, 1), (16738, 3), (16847, 1), (17096, 1), (17397, 4), (18397, 1)
vêt (DF: 1): (6425, 1)
vício (DF: 1): (9812, 1)
víctima (DF: 1): (13305, 1)
vídeo (DF: 1): (18397, 1)
vírgula (DF: 1): (10637, 1)
vívelo (DF: 1): (9095, 1)
vó (DF: 3): (10131, 1), (11200, 1), (15617, 1)
vós (DF: 1): (11685, 1)
vôtr (DF: 1): (14824, 1)
w (DF: 174): (1918, 21), (1964, 2), (2057, 1), (2225, 1), (2256, 4), (2276, 1), (2286, 1), (2305, 1), (2322, 1), (246, 3), (2585, 4), (250, 28), (257, 1), (2758, 2), (2814, 6), (2951, 10), (284, 2), (3047, 2), (3090, 2), (3101, 1), (3112, 5), (3358, 2), (3364, 1), (338, 2), (3480, 2), (3598, 1), (3609, 4), (3660, 8), (3744, 10), (4069, 1), (4148, 1), (4311, 18), (4358, 10), (4389, 4), (4405, 8), (4475, 2), (4582, 13), (449, 1), (4656, 1), (4664, 1), (4669, 1), (4761, 9), (4790, 2), (476, 2), (4859, 1), (4863, 1), (4914, 14), (44, 4), (5130, 1), (5331, 1), (5341, 4), (5569, 4), (5708, 1), (577, 5), (6007, 17), (6131, 1), (6345, 1), (6441, 2), (6457, 9), (6527, 12), (661, 26), (6678, 17), (6681, 1), (6713, 2), (6721, 1), (6722, 1), (6754, 9), (681, 1), (6889, 1), (7071, 17), (7183, 6), (7220, 1), (7226, 1), (7255, 2), (7313, 7), (7344, 21), (7356, 4), (7526, 2), (755, 1), (7587, 3), (7639, 2), (774, 1), (7677, 10), (782, 1), (7772, 2), (7780, 1), (7836, 11), (7868, 1), (7873, 3), (7916, 4), (7958, 2), (8122, 1), (8132, 1), (8156, 2), (8210, 1), (8452, 43), (8478, 6), (8482, 1), (8509, 11), (8545, 2), (8551, 2), (8604, 7), (8629, 1), (8655, 1), (8717, 8), (908, 10), (8866, 1), (8900, 1), (8998, 6), (9032, 3), (9085, 8), (9162, 9), (9536, 5), (9647, 4), (9666, 6), (9669, 1), (9695, 12), (9719, 2), (9781, 15), (9812, 1), (9860, 1), (9872, 1), (9883, 1), (9974, 2), (9995, 1), (10011, 1), (10020, 12), (10133, 3), (10138, 40), (10144, 1), (10306, 1), (10322, 3), (10362, 15), (10417, 1), (10436, 10), (10539, 6), (10660, 2), (10756, 20), (10784, 6), (10866, 2), (10945, 1), (11109, 4), (11160, 1), (11230, 2), (1151, 3), (11378, 7), (11446, 1), (1187, 1), (11671, 1), (1197, 12), (11726, 3), (11737, 2), (11910, 1), (11977, 4), (12168, 1), (12187, 1), (12351, 1), (12457, 2), (12636, 6), (12659, 1), (12661, 5), (12687, 1), (12738, 1), (12941, 6), (13069, 1), (13164, 4), (13527, 4), (13551, 1), (13591, 34), (13625, 1), (13628, 1), (13669, 1), (13770, 11), (1405, 1)
