hung (DF: 33): (13012, 1), (13076, 2), (13102, 2), (13254, 1), (1343, 1), (13331, 1), (13408, 1), (13522, 1), (13632, 1), (14055, 2), (14100, 1), (14162, 1), (14449, 1), (14693, 1), (14901, 1), (1536, 1), (15075, 1), (16214, 2), (16521, 1), (1692, 2), (17049, 2), (17348, 1), (1771, 1), (17481, 1), (17613, 3), (17908, 1), (17974, 1), (1822, 1), (18073, 10), (18267, 1), (18291, 1), (18296, 2), (1851, 2)
hunger (DF: 77): (2077, 1), (2315, 1), (2378, 1), (2404, 1), (2428, 2), (2458, 1), (2620, 1), (2623, 1), (2636, 1), (2723, 1), (2742, 1), (2873, 1), (3027, 1), (3137, 1), (4272, 1), (4460, 1), (4732, 1), (4764, 1), (4898, 1), (4982, 1), (503, 4), (5160, 3), (5581, 1), (5747, 1), (6164, 1), (6273, 1), (636, 2), (6767, 1), (6911, 1), (690, 1), (723, 1), (7334, 1), (7788, 1), (8475, 1), (8617, 1), (9468, 2), (9546, 1), (9657, 1), (9917, 1), (10298, 2), (11547, 1), (11738, 2), (12125, 1), (12168, 1), (12424, 2), (12781, 1), (13087, 1), (13187, 2), (13237, 1), (13310, 1), (13338, 1), (13692, 1), (13722, 1), (13861, 2), (14233, 1), (14258, 4), (14378, 1), (1473, 1), (149, 1), (14421, 1), (1502, 2), (1553, 3), (15183, 1), (15327, 1), (1575, 1), (16659, 1), (16748, 2), (16750, 1), (16827, 1), (17010, 8), (17052, 3), (1760, 2), (17517, 1), (17606, 2), (18013, 2), (18091, 3), (18176, 1)
hungerlohn (DF: 1): (12356, 1)
hungov (DF: 11): (3001, 1), (4543, 4), (4965, 1), (5275, 2), (6890, 1), (7856, 1), (9649, 1), (9746, 4), (10394, 1), (10443, 22), (15073, 1)
hungri (DF: 165): (1885, 2), (1941, 1), (2001, 1), (2032, 2), (2075, 1), (2077, 17), (2083, 1), (2162, 9), (2202, 1), (2658, 2), (2676, 1), (2771, 1), (2778, 1), (2960, 1), (3034, 1), (3103, 1), (3303, 1), (3319, 2), (3331, 1), (3540, 1), (3775, 2), (3793, 1), (3904, 1), (3990, 1), (4028, 1), (404, 2), (4083, 3), (4217, 2), (4468, 1), (443, 1), (5050, 1), (5092, 1), (5097, 1), (5468, 1), (561, 2), (5699, 2), (5862, 1), (5913, 2), (5942, 1), (5957, 1), (6108, 4), (6164, 1), (6586, 3), (6704, 2), (6819, 1), (6857, 2), (6937, 1), (699, 3), (7182, 1), (7231, 1), (7250, 1), (7279, 1), (7323, 1), (7343, 1), (7419, 1), (7433, 37), (7437, 1), (7470, 2), (751, 2), (7550, 1), (7564, 1), (7635, 1), (7776, 1), (7831, 1), (8077, 2), (841, 1), (846, 5), (8380, 1), (8475, 1), (8819, 1), (8850, 3), (9007, 1), (9008, 1), (9183, 1), (9325, 1), (9498, 1), (9700, 9), (9717, 1), (10056, 3), (1025, 4), (10480, 1), (10621, 1), (10652, 1), (10701, 1), (1093, 1), (10788, 1), (10941, 1), (10954, 1), (10977, 2), (11107, 1), (11193, 1), (11336, 1), (11349, 1), (11376, 1), (11510, 4), (11525, 4), (1181, 1), (11637, 1), (11804, 1), (11915, 1), (12037, 2), (12136, 6), (12289, 2), (12432, 2), (12440, 1), (12534, 1), (12602, 1), (12692, 6), (1304, 1), (12858, 1), (12989, 1), (13087, 1), (13, 1), (13232, 2), (13298, 2), (13421, 3), (13541, 1), (13556, 1), (13568, 2), (13645, 2), (13787, 1), (13829, 1), (13893, 2), (1471, 1), (14400, 1), (14403, 2), (14484, 1), (14513, 1), (14934, 2), (15005, 1), (15073, 1), (15146, 1), (15170, 1), (15455, 1), (1581, 1), (15654, 1), (15701, 1), (15788, 1), (15818, 1), (1622, 1), (15861, 1), (15937, 2), (15970, 1), (168, 3), (16094, 3), (16476, 2), (16577, 1), (17001, 2), (17050, 1), (17092, 1), (17105, 1), (17206, 1), (17224, 1), (17356, 1), (17361, 1), (17363, 1), (17560, 1), (17582, 3), (17611, 2), (17737, 1), (17881, 1), (1833, 1), (18291, 1), (18426, 1), (18430, 1)
hungria (DF: 1): (7649, 1)
hungriest (DF: 1): (490, 1)
hungrig (DF: 5): (4004, 1), (5559, 1), (880, 1), (15867, 1), (18073, 1)
hunk (DF: 3): (9486, 1), (15504, 1), (17274, 1)
hunker (DF: 1): (2121, 1)
hunkey (DF: 1): (15034, 1)
hunki (DF: 7): (3601, 4), (4051, 2), (4720, 2), (8708, 2), (10274, 2), (1260, 1), (15034, 1)
hunn (DF: 2): (6648, 1), (16186, 10)
hunna (DF: 6): (3507, 2), (6146, 1), (11780, 1), (11928, 1), (15612, 4), (17047, 27)
hunni (DF: 9): (2208, 1), (3781, 2), (3982, 3), (5814, 1), (1218, 1), (13210, 1), (14456, 2), (16539, 1), (17990, 1)
hunnid (DF: 47): (2053, 1), (2116, 1), (2231, 1), (2270, 1), (2612, 1), (2746, 1), (2964, 1), (2991, 2), (3589, 1), (3598, 1), (3826, 2), (4046, 3), (407, 1), (4211, 1), (436, 8), (4707, 1), (537, 1), (6602, 1), (6734, 6), (6876, 1), (7001, 1), (759, 6), (8103, 2), (8167, 3), (8259, 6), (8367, 1), (8860, 2), (9093, 1), (9509, 1), (9538, 1), (9590, 3), (9593, 2), (9754, 1), (9760, 1), (11489, 2), (11658, 6), (11687, 1), (1217, 2), (12015, 3), (12483, 26), (12666, 1), (12698, 1), (13235, 1), (13280, 1), (1378, 4), (13642, 1), (13687, 1)
