ignor (DF: 197): (4776, 1), (4828, 1), (4886, 4), (4931, 4), (4934, 1), (4984, 2), (5087, 1), (5174, 2), (5179, 1), (5270, 1), (5273, 1), (5276, 2), (5446, 2), (5469, 9), (5586, 8), (5714, 2), (5791, 9), (5837, 1), (5962, 2), (6019, 1), (6205, 2), (6247, 1), (6269, 1), (6317, 1), (6351, 1), (6401, 1), (6514, 1), (6534, 2), (6638, 1), (6703, 9), (6858, 1), (6890, 6), (682, 1), (6921, 2), (6926, 1), (6962, 1), (6969, 1), (7021, 4), (7141, 3), (7282, 1), (7394, 1), (7482, 4), (7537, 1), (7761, 1), (7816, 2), (7936, 1), (808, 1), (74, 4), (8127, 1), (8165, 1), (8222, 2), (8276, 1), (8313, 1), (8330, 2), (8425, 1), (8559, 1), (8635, 1), (8755, 1), (8955, 1), (8960, 1), (8965, 1), (8980, 1), (8991, 2), (9038, 1), (9175, 1), (9182, 1), (9211, 1), (9212, 1), (9215, 3), (9376, 2), (9394, 1), (9509, 2), (9579, 2), (9646, 1), (9692, 1), (98, 1), (1019, 1), (10077, 2), (10118, 1), (10240, 1), (10285, 1), (10421, 1), (10426, 3), (10542, 2), (10628, 2), (1085, 1), (10676, 7), (10681, 3), (10939, 1), (10943, 1), (10960, 1), (10982, 1), (11073, 1), (11141, 1), (11236, 2), (1149, 3), (11246, 1), (11332, 1), (11350, 1), (11371, 2), (11540, 2), (11583, 1), (11627, 1), (11684, 18), (11702, 1), (11767, 1), (11774, 3), (11856, 2), (11906, 1), (1215, 1), (12124, 1), (12137, 1), (12295, 1), (12430, 2), (12436, 1), (12529, 1), (12551, 4), (12618, 1), (1289, 5), (1298, 1), (12778, 1), (12922, 2), (13038, 3), (13068, 1), (13228, 3), (1336, 1), (1343, 1), (13282, 1), (13295, 1), (13581, 1), (13624, 1), (13696, 1), (13744, 7), (13750, 3), (13752, 2), (13834, 1), (14085, 1), (14183, 1), (14246, 1), (14408, 9), (14526, 1), (14529, 1), (14554, 2), (14569, 1), (14576, 1), (14756, 1), (14815, 1), (14848, 1), (14941, 2), (1541, 1), (15080, 1), (15116, 1), (15130, 1), (15170, 3), (15177, 2), (15210, 5), (15309, 1), (15466, 1), (15623, 1), (15725, 1), (15758, 1), (15873, 1), (1635, 3), (1643, 1), (16093, 1), (16210, 1), (16266, 2), (16364, 1), (16392, 1), (16427, 1), (16664, 1), (16730, 1), (16748, 3), (17003, 1), (17086, 1), (1757, 1), (17329, 1), (17373, 2), (17462, 6), (17533, 1), (17616, 1), (17793, 2), (17833, 6), (18009, 1), (18053, 1), (18152, 1), (18165, 2), (18167, 1), (18343, 2), (18378, 1), (18383, 1), (18452, 1), (1867, 2), (187, 1), (3925, 2), (3926, 1), (10629, 2)
ignorai (DF: 1): (16565, 1)
ignoramus (DF: 1): (13769, 1)
ignorant (DF: 1): (2539, 4)
ignorin (DF: 7): (4045, 1), (6890, 6), (1196, 1), (15373, 2), (16210, 5), (16806, 1), (17943, 1)
ignoro (DF: 1): (16738, 1)
igo (DF: 2): (34, 1), (11798, 2)
igor (DF: 5): (270, 1), (4405, 1), (11448, 3), (12773, 5), (16028, 1)
igot (DF: 2): (10323, 1), (13855, 1)
igreja (DF: 1): (10131, 1)
igu (DF: 5): (213, 2), (5959, 1), (11200, 3), (13717, 1), (17899, 2)
iguai (DF: 1): (3467, 2)
igual (DF: 152): (1920, 15), (1979, 2), (2033, 2), (2043, 3), (19, 1), (2136, 1), (213, 2), (2242, 1), (2659, 4), (2662, 1), (2792, 1), (2833, 1), (2839, 1), (283, 1), (2967, 1), (3007, 3), (3071, 1), (3104, 2), (3106, 2), (3159, 4), (3342, 8), (3504, 1), (3724, 3), (3890, 1), (3898, 1), (3908, 1), (4016, 1), (4109, 3), (4143, 1), (4236, 1), (4352, 3), (4382, 2), (4518, 1), (4540, 6), (4544, 1), (4804, 4), (476, 1), (4846, 2), (4862, 3), (4879, 4), (5022, 7), (5218, 2), (5224, 2), (5246, 1), (5306, 2), (5352, 2), (5358, 1), (5512, 6), (5606, 1), (5754, 1), (5778, 2), (53, 1), (6160, 1), (6179, 2), (6197, 2), (6205, 2), (6206, 2), (6279, 12), (6393, 1), (6397, 1), (6408, 3), (6414, 1), (6656, 1), (6657, 6), (6705, 6), (6808, 1), (6823, 1), (6844, 4), (7016, 5), (7426, 1), (7501, 1), (7563, 1), (7604, 2), (7646, 2), (7782, 2), (7935, 1), (8113, 1), (8128, 1), (8143, 2), (8323, 3), (8546, 1), (8919, 2), (8946, 1), (9087, 1), (9196, 1), (9223, 3), (9334, 2), (9362, 1), (9384, 2), (9430, 1), (9469, 1), (9494, 2), (9606, 1), (9609, 3), (9636, 2), (9692, 1), (9719, 1), (995, 2), (996, 1), (1005, 6), (1022, 1), (10189, 1), (1039, 1), (10322, 1), (10452, 4), (10607, 1), (10637, 1), (10728, 2), (1098, 2), (10877, 2), (11046, 1), (117, 1), (11132, 6), (11317, 5), (11356, 1), (11433, 1), (11464, 2), (11504, 1), (11517, 1), (11526, 2), (11968, 1), (11993, 2), (1221, 2), (12030, 2), (12130, 1), (12307, 3), (12348, 2), (12456, 1), (12639, 1), (1284, 3), (12949, 3), (12970, 5), (13034, 1), (13066, 2), (13138, 1), (13141, 1), (13412, 6), (13576, 1), (1379, 1), (13694, 3), (13806, 1), (13857, 2), (13892, 6), (13973, 1), (14087, 3), (1447, 1), (14187, 5), (14289, 1), (14392, 4), (14481, 2), (14512, 6), (14541, 1)
