chulit (DF: 1): (17972, 3)
chulo (DF: 8): (9595, 30), (12752, 6), (13932, 1), (14156, 2), (14792, 6), (15591, 1), (16, 1), (17005, 1)
chum (DF: 1): (15726, 1)
chumash (DF: 1): (4905, 2)
chumb (DF: 2): (4347, 1), (9682, 1)
chumbawamba (DF: 2): (13458, 1), (14015, 1)
chumdo (DF: 1): (7941, 1)
chummi (DF: 2): (16532, 1), (17683, 1)
chump (DF: 43): (2154, 1), (2466, 1), (346, 1), (3612, 1), (3804, 1), (6543, 1), (6824, 1), (7090, 1), (7221, 6), (7540, 1), (7574, 1), (7707, 1), (8009, 1), (8248, 1), (8407, 1), (8528, 1), (9267, 3), (9784, 1), (1011, 1), (11291, 2), (11539, 1), (11575, 1), (11637, 6), (11970, 1), (13111, 1), (13309, 1), (13637, 1), (13884, 1), (13897, 2), (14427, 1), (1564, 1), (15477, 2), (15904, 1), (16026, 1), (16167, 1), (16236, 1), (1661, 1), (16477, 1), (16924, 1), (17182, 1), (17241, 1), (17367, 1), (17596, 1)
chumpin (DF: 1): (16132, 1)
chun (DF: 1): (6677, 1)
chunder (DF: 3): (7770, 1), (9704, 1), (12278, 1)
chune (DF: 5): (7229, 1), (8603, 1), (9905, 1), (13444, 3), (15576, 1)
chunfly (DF: 1): (9682, 1)
chung (DF: 2): (14754, 1), (17627, 1)
chunk (DF: 13): (3077, 2), (3174, 1), (4647, 1), (5075, 1), (5604, 1), (924, 1), (9451, 1), (10085, 4), (11110, 1), (16650, 1), (17305, 1), (17818, 1), (18069, 2)
chunki (DF: 9): (3667, 2), (5734, 1), (7250, 1), (8778, 2), (9363, 1), (15170, 1), (15937, 1), (16476, 8), (17993, 1)
chunnnnn (DF: 1): (10645, 2)
chup (DF: 22): (1932, 2), (1953, 2), (283, 1), (4515, 1), (6808, 1), (8510, 1), (8518, 1), (8728, 1), (8765, 1), (9302, 8), (9431, 1), (9450, 1), (9682, 1), (10400, 1), (10937, 1), (10975, 1), (11433, 1), (12426, 1), (1501, 2), (15192, 5), (16802, 1), (1834, 1)
chupa (DF: 4): (3364, 1), (5011, 1), (6844, 1), (11870, 2)
chupacabr (DF: 1): (15192, 11)
chupal (DF: 1): (9302, 2)
chupam (DF: 1): (10651, 4)
chupana (DF: 1): (2086, 2)
chupando (DF: 4): (6844, 1), (9494, 3), (12348, 3), (16035, 3)
chupar (DF: 2): (3353, 1), (6844, 1)
chupars (DF: 1): (2322, 1)
chupart (DF: 1): (14247, 1)
chupel (DF: 1): (11371, 1)
chupet (DF: 2): (14260, 1), (14329, 2)
chupetaz (DF: 1): (15333, 2)
chupit (DF: 2): (5574, 1), (13337, 1)
chupo (DF: 2): (7211, 2), (18359, 1)
chupulel (DF: 1): (10894, 1)
chur (DF: 1): (13601, 1)
church (DF: 160): (1972, 1), (1975, 1), (200, 2), (2032, 1), (2076, 1), (204, 1), (2143, 1), (2145, 1), (2176, 1), (2220, 2), (2315, 1), (2497, 2), (2767, 1), (2903, 1), (2923, 1), (2960, 8), (3008, 1), (3134, 3), (3164, 1), (3258, 2), (3291, 2), (3673, 1), (3913, 1), (4015, 15), (404, 15), (4131, 1), (419, 1), (4310, 1), (4427, 2), (4617, 1), (472, 1), (4849, 1), (4905, 2), (4938, 1), (488, 2), (5078, 1), (5152, 1), (5228, 1), (5250, 2), (5741, 6), (5810, 2), (5842, 1), (6104, 1), (6255, 4), (6374, 2), (6380, 1), (6396, 1), (6470, 1), (6481, 1), (6535, 1), (6563, 8), (6732, 2), (6782, 1), (7024, 1), (7060, 1), (7159, 2), (7474, 1), (7492, 1), (772, 2), (72, 1), (7776, 8), (74, 2), (8148, 1), (8248, 1), (8317, 1), (8438, 1), (8496, 1), (862, 8), (8597, 1), (8729, 1), (8755, 1), (8813, 1), (9171, 1), (9245, 1), (9325, 1), (9640, 1), (9816, 1), (9971, 1), (1021, 1), (10025, 1), (10141, 1), (10249, 1), (10355, 1), (10415, 2), (10468, 4), (1063, 1), (10799, 1), (10808, 1), (10816, 1), (10834, 1), (11016, 1), (11116, 1), (11448, 1), (11481, 2), (11639, 1), (11681, 1), (11751, 2), (11956, 2), (12109, 1), (12209, 1), (12347, 1), (12370, 2), (12377, 1), (12696, 2), (12781, 1), (12783, 1), (12897, 1), (13044, 1), (13077, 2), (13351, 1), (13545, 1), (1378, 2), (13632, 1), (13949, 2), (14017, 1), (14068, 1), (14219, 1), (1469, 1), (14473, 2), (14564, 2), (14767, 1), (14823, 1), (14849, 3), (15038, 1), (15110, 1), (15231, 3), (15313, 1), (159, 1), (15376, 2), (15444, 1), (15455, 2), (15496, 1), (15541, 1), (15547, 1), (15578, 1), (15597, 4), (15619, 1), (15937, 2), (16088, 1), (16337, 1), (16501, 2), (1690, 1), (16703, 1), (1720, 1), (16982, 1), (17169, 5), (17235, 1), (179, 1), (17423, 1), (17435, 1), (17496, 1), (17812, 1), (17834, 12), (17910, 4), (1812, 1), (18300, 1), (18354, 1), (18368, 1), (18374, 1), (201, 1)
churchi (DF: 1): (5865, 1)
churchil (DF: 2): (6715, 1), (7114, 1)
churi (DF: 1): (17390, 1)
churn (DF: 2): (11791, 1), (16177, 1)
churnin (DF: 3): (5972, 1), (10890, 2), (14473, 2)
churrasco (DF: 2): (3007, 1), (3692, 1)
churro (DF: 1): (16812, 1)
churupac (DF: 1): (8961, 2)
chut (DF: 1): (4308, 1)
chuva (DF: 1): (3305, 2)
