empti (DF: 264): (8284, 1), (8312, 1), (8343, 1), (8364, 1), (856, 1), (8561, 1), (8573, 6), (8577, 1), (8692, 1), (8700, 2), (8772, 2), (8796, 2), (909, 1), (8884, 1), (8887, 2), (8955, 1), (8998, 1), (83, 2), (9036, 1), (9038, 1), (9052, 4), (9081, 1), (9126, 2), (9160, 1), (9169, 1), (9178, 1), (9184, 1), (9212, 1), (9227, 3), (9258, 1), (9271, 1), (951, 1), (9339, 2), (9373, 1), (88, 1), (9413, 3), (9493, 7), (9513, 2), (9621, 8), (9646, 1), (9722, 1), (9752, 2), (9830, 3), (1007, 1), (9877, 2), (9986, 1), (10009, 1), (10019, 2), (10051, 1), (10094, 1), (10103, 1), (10113, 1), (10120, 3), (10198, 6), (10279, 1), (10308, 1), (10330, 4), (10360, 2), (10364, 2), (10367, 2), (10371, 1), (10431, 1), (10440, 6), (10449, 1), (1063, 1), (10517, 1), (10621, 1), (10624, 3), (10627, 1), (10811, 5), (10884, 2), (1126, 2), (11177, 1), (11222, 2), (11254, 1), (11279, 1), (11376, 1), (11385, 1), (11415, 3), (11440, 1), (11461, 1), (11515, 1), (11587, 1), (11594, 1), (11650, 1), (11663, 1), (11680, 1), (11703, 1), (11738, 2), (11795, 1), (11810, 1), (11839, 1), (11849, 1), (11858, 8), (11867, 1), (11926, 1), (11930, 3), (12035, 1), (12086, 1), (12132, 4), (12148, 1), (12156, 1), (12209, 3), (12306, 2), (12360, 1), (12364, 1), (12392, 2), (12445, 1), (12454, 2), (12467, 1), (12534, 1), (12556, 1), (12588, 1), (1281, 1), (12643, 2), (12645, 1), (12681, 2), (12757, 1), (12778, 1), (12795, 2), (12800, 8), (12876, 1), (12904, 1), (12905, 1), (12913, 2), (12941, 1), (12994, 1), (12997, 1), (13024, 1), (13121, 1), (13124, 3), (13203, 1), (13271, 1), (13297, 16), (13315, 1), (13328, 1), (13377, 1), (13432, 1), (1356, 1), (13435, 1), (1359, 1), (13486, 1), (13521, 1), (13553, 1), (13575, 1), (13622, 1), (13629, 1), (13644, 1), (13705, 1), (13748, 1), (13820, 3), (13829, 1), (13834, 1), (13858, 3), (13896, 1), (13961, 1), (13984, 2), (14024, 1), (14181, 1), (14245, 2), (14253, 1), (14308, 1), (14333, 1), (14432, 1), (14435, 1), (14528, 1), (14536, 1), (14568, 5), (14640, 1), (14648, 2), (14676, 1), (14739, 2), (14747, 1), (1510, 9), (14816, 4), (14862, 3), (14908, 1), (14955, 1), (15001, 1), (15008, 16), (15104, 1), (15138, 1), (157, 1), (15176, 1), (15183, 1), (15248, 1), (15255, 3), (15301, 8), (15356, 1), (15376, 6), (15398, 1), (15433, 1), (15434, 1), (15438, 1), (15465, 1), (15531, 1), (15568, 1), (15597, 4), (15704, 3), (15715, 1), (1614, 1), (15772, 1), (15793, 2), (15873, 5), (15904, 2), (16067, 2), (16089, 1), (16147, 1), (16219, 1), (16249, 2), (16281, 1), (16292, 1), (16298, 1), (16337, 1), (16367, 13), (16595, 1), (16731, 1), (1704, 1), (16757, 1), (16788, 2), (16819, 1), (16906, 1), (1719, 2), (17027, 3), (17143, 1), (17166, 2), (17168, 1), (17217, 6), (17259, 3), (1754, 16), (17322, 1), (17367, 2), (17389, 1), (17420, 2), (17535, 1), (17646, 1), (17666, 1), (17710, 1), (17730, 1), (17812, 3), (17853, 1), (17910, 12), (17939, 1), (18002, 1), (1822, 1), (18044, 16), (18074, 1), (18114, 1), (18127, 2), (18158, 1), (18194, 8), (18207, 1), (18250, 1), (18265, 3), (18329, 5), (18393, 1), (18426, 1), (1874, 1), (7472, 1), (7473, 1), (7664, 1), (7665, 1), (16501, 2), (16502, 1)
emptier (DF: 1): (2003, 1)
emptyin (DF: 1): (6684, 1)
empuj (DF: 10): (276, 1), (3351, 1), (4591, 1), (5198, 1), (5745, 2), (87, 1), (9492, 3), (11517, 7), (15594, 2), (17522, 1)
empuja (DF: 1): (552, 2)
emput (DF: 1): (14087, 1)
empuñ (DF: 1): (7948, 1)
emr (DF: 1): (2729, 1)
emrindeyim (DF: 1): (11144, 1)
emul (DF: 2): (16364, 1), (17949, 1)
emz (DF: 1): (5851, 2)
en (DF: 79): (194, 1), (1920, 30), (2018, 3), (2075, 1), (2152, 3), (2205, 1), (2210, 3), (2260, 8), (2322, 1), (229, 2), (242, 1), (2638, 5), (2726, 1), (2730, 1), (2759, 5), (2843, 11), (2847, 2), (2952, 6), (2971, 1), (3001, 3), (3029, 1), (292, 1), (3095, 2), (299, 2), (3146, 1), (306, 1), (3216, 1), (3343, 1), (3378, 1), (3453, 2), (3457, 1), (3471, 6), (3527, 5), (3591, 2), (3660, 1), (3742, 1), (3748, 4), (3860, 1), (3864, 3), (3902, 3), (386, 1), (3962, 1), (4020, 1), (4109, 6), (4144, 1), (413, 14), (4214, 2), (4256, 3), (4267, 2), (4295, 4), (4297, 5), (4298, 1), (4405, 1), (4407, 2), (4425, 1), (4566, 1), (4665, 2), (4675, 3), (4849, 2), (4932, 1), (4991, 3), (5051, 1), (5058, 1), (5060, 1), (5143, 4), (5206, 1), (5332, 1), (5369, 1), (5488, 1), (5506, 1), (5569, 2), (5600, 2), (5610, 1), (5685, 1), (5811, 3), (5917, 3), (5957, 1), (6006, 5), (6008, 2)
