dispô (DF: 1): (8052, 1)
disqu (DF: 4): (3909, 2), (4532, 1), (5166, 1), (637, 1)
disquer (DF: 6): (5436, 1), (7863, 1), (10584, 1), (11393, 2), (15598, 1), (16438, 1)
disra (DF: 4): (5231, 1), (13956, 1), (14917, 1), (1541, 1)
disrecpet (DF: 1): (3538, 1)
disregard (DF: 16): (2757, 1), (3310, 1), (3769, 1), (4222, 1), (4931, 3), (5469, 1), (6703, 1), (10297, 1), (11082, 1), (11684, 2), (12150, 1), (14839, 1), (15705, 2), (1634, 1), (16175, 1), (18002, 1)
disregardin (DF: 1): (14564, 2)
disrepair (DF: 1): (7570, 5)
disrepect (DF: 2): (15407, 1), (1657, 1)
disrepectin (DF: 1): (3483, 1)
disrespect (DF: 81): (2424, 4), (2586, 1), (2819, 4), (297, 1), (3156, 1), (3186, 1), (3268, 1), (3300, 1), (3753, 1), (3923, 1), (4100, 1), (4148, 1), (4468, 1), (4481, 1), (4717, 1), (5082, 1), (5087, 1), (5088, 1), (5095, 4), (5667, 2), (51, 1), (5715, 1), (5837, 1), (6258, 1), (6467, 3), (6490, 1), (658, 14), (7051, 1), (7178, 2), (8060, 1), (8136, 1), (8319, 1), (8383, 1), (8446, 1), (8755, 1), (922, 1), (9057, 1), (9063, 1), (9086, 1), (9226, 1), (9295, 1), (9321, 7), (9363, 1), (9767, 1), (10404, 1), (10690, 2), (11327, 1), (11825, 1), (11950, 1), (12034, 1), (1223, 1), (12185, 1), (12838, 1), (12998, 1), (13212, 3), (13223, 1), (13619, 1), (13873, 1), (13939, 1), (14200, 1), (14400, 1), (14456, 1), (14502, 1), (14513, 1), (14533, 1), (14820, 1), (15016, 1), (15209, 1), (15276, 1), (15407, 1), (15546, 1), (1594, 1), (16427, 1), (1704, 2), (16926, 1), (17142, 2), (1801, 2), (18012, 1), (18027, 1), (18051, 1), (1847, 1)
disrespectin (DF: 3): (7574, 1), (11925, 1), (1790, 1)
disrespekt (DF: 1): (1244, 1)
disrupt (DF: 1): (3479, 1)
diss (DF: 143): (1902, 2), (213, 1), (2221, 1), (221, 2), (2637, 1), (2767, 1), (2832, 1), (3019, 1), (27, 2), (3108, 1), (3123, 1), (3215, 1), (3300, 1), (3310, 1), (3420, 1), (3521, 2), (3597, 1), (3692, 3), (3813, 2), (4016, 1), (405, 1), (4128, 1), (4468, 1), (4523, 1), (4645, 1), (4829, 1), (4942, 2), (5072, 1), (5082, 1), (5107, 1), (5152, 1), (5312, 1), (5862, 1), (581, 1), (5876, 4), (5959, 1), (6087, 1), (6140, 1), (6234, 1), (6270, 1), (6289, 1), (6304, 1), (6398, 1), (6727, 4), (6761, 2), (6835, 1), (6837, 2), (6844, 1), (6847, 2), (6936, 1), (689, 1), (6969, 1), (7090, 2), (7147, 3), (7751, 2), (7928, 1), (7960, 1), (8113, 1), (8325, 1), (8407, 1), (8433, 1), (8498, 1), (8519, 1), (8669, 1), (8780, 1), (8903, 1), (8938, 2), (8946, 6), (9010, 1), (9087, 2), (9120, 1), (9212, 1), (9322, 2), (9812, 1), (9873, 1), (10039, 1), (1037, 1), (1044, 1), (10382, 1), (10404, 1), (10672, 1), (10808, 1), (1132, 1), (11145, 1), (11165, 1), (11200, 2), (1157, 2), (11559, 1), (11658, 2), (11660, 1), (11805, 6), (11862, 1), (11909, 1), (11929, 2), (12029, 16), (12252, 1), (12412, 1), (12636, 2), (12946, 1), (12985, 2), (13078, 1), (1367, 1), (13632, 3), (13696, 1), (13802, 1), (13834, 1), (13836, 1), (13994, 1), (14006, 1), (14010, 1), (14049, 4), (14254, 1), (14496, 1), (14835, 1), (14877, 1), (14996, 1), (15400, 1), (15518, 1), (15534, 1), (15612, 1), (15671, 3), (15705, 2), (15845, 1), (16199, 4), (16317, 1), (16337, 1), (16351, 6), (16362, 4), (16850, 2), (1715, 2), (16868, 1), (17305, 1), (17346, 1), (17359, 1), (17761, 1), (17899, 1), (1820, 1), (18027, 1), (18168, 1), (18179, 1), (1844, 1), (1847, 1), (18378, 1)
dissapear (DF: 3): (9093, 1), (11160, 1), (13280, 1)
dissapoint (DF: 1): (13529, 1)
dissatisfi (DF: 2): (373, 1), (12035, 1)
dissda (DF: 1): (16186, 1)
dissect (DF: 1): (15291, 1)
dissector (DF: 1): (9993, 1)
disser (DF: 2): (1304, 1), (17652, 1)
disseram (DF: 7): (8938, 2), (9494, 1), (9812, 1), (12348, 1), (13307, 1), (16035, 1), (17325, 1)
dissert (DF: 1): (10140, 1)
dissimul (DF: 1): (4308, 1)
dissin (DF: 47): (2064, 2), (2906, 1), (3439, 1), (4059, 3), (4128, 2), (5312, 1), (5401, 1), (5817, 2), (5862, 1), (6398, 1), (6403, 1), (6761, 2), (689, 6), (7017, 1), (7250, 1), (7323, 1), (7554, 1), (7751, 2), (7928, 1), (8155, 1), (8407, 1), (9322, 1), (964, 1), (9905, 1), (10404, 1), (10448, 1), (11293, 2), (12266, 1), (12335, 1), (12850, 2), (1313, 1), (12946, 1), (13444, 3), (13632, 1), (13921, 1), (13994, 1), (1491, 1), (1498, 3), (1547, 3), (16100, 2), (16156, 1), (181, 1), (1790, 1), (17983, 3), (1847, 1), (18346, 1), (1849, 1)
dissip (DF: 1): (11124, 1)
