pizza (DF: 20): (5641, 1), (6008, 1), (6950, 1), (691, 1), (9944, 2), (10138, 1), (10700, 1), (12044, 1), (12581, 1), (12654, 1), (13113, 1), (13241, 2), (13676, 1), (14186, 1), (15680, 1), (15814, 1), (16713, 1), (17300, 17), (17567, 1), (17610, 2)
pizzahut (DF: 1): (6184, 2)
pizzark (DF: 1): (669, 1)
pizzi (DF: 1): (6457, 1)
pizzimp (DF: 1): (204, 1)
pizzl (DF: 2): (6114, 1), (11373, 2)
pizznac (DF: 1): (17481, 1)
piç (DF: 5): (2729, 1), (6139, 1), (11493, 1), (12355, 2), (14690, 1)
pièc (DF: 1): (14496, 1)
piétin (DF: 1): (4614, 1)
piñ (DF: 4): (3401, 2), (3603, 1), (1008, 2), (14685, 1)
piña (DF: 3): (5707, 1), (988, 1), (17988, 1)
piñata (DF: 5): (418, 1), (11877, 1), (12127, 6), (15066, 1), (16264, 4)
più (DF: 2): (10700, 2), (11419, 1)
pj (DF: 24): (2534, 1), (2573, 1), (2932, 1), (3909, 2), (3923, 1), (6157, 1), (6407, 1), (668, 1), (7189, 1), (7969, 1), (9092, 2), (9166, 6), (9775, 1), (10418, 8), (1076, 1), (10622, 2), (11698, 1), (11797, 1), (12540, 4), (13135, 2), (14032, 7), (145, 1), (15154, 1), (179, 1)
pjanoo (DF: 1): (747, 2)
pjsthink (DF: 1): (13135, 1)
pjz (DF: 1): (12395, 2)
pk (DF: 5): (2631, 2), (3364, 3), (6837, 1), (1278, 4), (15018, 2)
pks (DF: 2): (252, 1), (9324, 1)
pl (DF: 2): (1919, 5), (6903, 30)
pla (DF: 12): (1926, 1), (3590, 1), (4790, 1), (5109, 18), (9162, 1), (9196, 2), (9695, 5), (10700, 1), (10894, 3), (15637, 1), (17573, 1), (17861, 1)
plaat (DF: 2): (2260, 2), (12745, 1)
plac (DF: 74): (1974, 1), (2659, 8), (2757, 1), (3006, 4), (3071, 1), (3580, 2), (353, 1), (4011, 4), (417, 1), (439, 4), (4484, 3), (4518, 1), (4961, 4), (5224, 2), (5388, 3), (6248, 1), (6251, 2), (6438, 1), (6466, 1), (6682, 3), (6808, 1), (6932, 2), (7258, 1), (8097, 1), (8342, 2), (8719, 2), (8902, 1), (9079, 1), (9172, 1), (9225, 2), (9248, 1), (9521, 4), (9652, 2), (10461, 2), (10513, 1), (10982, 3), (11203, 1), (11401, 3), (11535, 1), (11576, 1), (11741, 2), (11814, 1), (11924, 1), (11932, 1), (12192, 1), (12205, 1), (12381, 1), (12599, 2), (12841, 1), (1305, 1), (13033, 1), (13307, 6), (13362, 2), (13986, 3), (14301, 1), (14405, 1), (14497, 1), (14579, 1), (14856, 1), (14863, 1), (14899, 1), (15587, 1), (15719, 1), (15775, 5), (15912, 9), (1686, 1), (17006, 1), (17140, 1), (17171, 1), (178, 1), (17525, 2), (17685, 7), (18171, 4), (18398, 2)
placa (DF: 3): (10257, 1), (11650, 1), (13432, 1)
placard (DF: 3): (4088, 3), (11483, 1), (14547, 1)
placat (DF: 2): (796, 1), (17331, 3)
place (DF: 156): (1896, 1), (194, 3), (1920, 5), (1922, 1), (1929, 1), (197, 2), (1952, 2), (1958, 4), (1962, 1), (1972, 3), (1977, 1), (1981, 2), (1994, 1), (2012, 2), (2035, 2), (2046, 1), (2061, 1), (2064, 2), (2071, 3), (2087, 2), (2104, 1), (2116, 1), (2131, 1), (2158, 4), (2162, 3), (2164, 1), (2166, 1), (2174, 2), (2177, 2), (2199, 1), (2201, 3), (2204, 10), (2220, 3), (2221, 1), (2232, 1), (2241, 1), (2244, 1), (2249, 2), (2274, 3), (2281, 2), (2293, 2), (2311, 1), (2333, 1), (2334, 1), (2340, 1), (2361, 1), (2372, 1), (2386, 10), (2423, 1), (2432, 1), (2439, 1), (2446, 1), (2485, 2), (2489, 1), (2512, 1), (2534, 1), (2538, 2), (2540, 2), (2548, 10), (2557, 1), (2559, 4), (2571, 3), (2577, 3), (2586, 2), (2592, 1), (2611, 4), (2636, 1), (2640, 2), (2646, 3), (2653, 2), (2665, 1), (2693, 1), (2710, 8), (2723, 1), (257, 1), (2733, 1), (2740, 5), (2745, 4), (2747, 1), (2752, 1), (2755, 1), (2760, 1), (2763, 3), (2773, 2), (2776, 1), (2787, 4), (2801, 1), (2809, 1), (2820, 1), (2824, 1), (270, 1), (2827, 2), (2832, 1), (2841, 2), (2842, 1), (2845, 1), (2849, 1), (2850, 1), (2858, 2), (2884, 1), (2886, 1), (2900, 1), (2902, 4), (2911, 3), (278, 2), (2927, 1), (2936, 1), (2944, 1), (2949, 1), (2958, 48), (2976, 3), (2993, 1), (3025, 1), (27, 2), (3034, 1), (3056, 3), (289, 1), (3089, 1), (3107, 1), (3119, 1), (3121, 4), (3141, 10), (3147, 1), (3164, 1), (3167, 15), (3176, 2), (3182, 1), (3190, 1), (3201, 1), (3204, 2), (3227, 2), (3235, 3), (3238, 1), (3243, 1), (3246, 1), (3271, 2), (3272, 1), (3276, 1), (3282, 1), (3283, 2), (3288, 1), (3332, 1), (3366, 4), (3374, 1), (3376, 6), (3426, 3), (3428, 1), (3436, 1), (3444, 1), (3446, 1), (3468, 1), (3476, 2), (3479, 1), (3487, 1), (3522, 1), (3529, 3)
