pong (DF: 31): (16593, 1), (16787, 1), (16843, 1), (16905, 2), (16921, 1), (16968, 4), (16979, 4), (16998, 1), (17171, 1), (1752, 1), (17293, 4), (17309, 4), (17343, 1), (17418, 1), (17522, 1), (17546, 1), (17604, 4), (17641, 5), (17706, 1), (17779, 1), (17788, 6), (1803, 1), (17961, 1), (18046, 3), (18050, 28), (18248, 1), (18267, 1), (3665, 3), (3666, 1), (9412, 1), (9415, 1)
ponga (DF: 1): (10895, 1)
pongal (DF: 5): (3816, 3), (4567, 12), (4763, 6), (5475, 2), (15237, 1)
pongan (DF: 1): (299, 2)
ponganl (DF: 1): (13650, 1)
pongans (DF: 2): (2487, 1), (4532, 1)
pongo (DF: 3): (4465, 2), (6006, 1), (14370, 2)
ponho (DF: 2): (2839, 1), (18036, 6)
poni (DF: 30): (2192, 4), (2546, 1), (4148, 1), (4994, 92), (5970, 3), (603, 2), (738, 7), (8548, 1), (9308, 1), (10116, 1), (10435, 1), (121, 1), (11581, 1), (11593, 11), (1223, 1), (12157, 11), (12539, 2), (12578, 1), (12620, 11), (13000, 1), (13522, 1), (13873, 1), (14199, 2), (14732, 1), (15528, 31), (1625, 1), (16039, 1), (16726, 1), (16775, 1), (17519, 1)
poniendomel (DF: 1): (17494, 1)
ponl (DF: 27): (3071, 6), (5770, 6), (6967, 2), (7886, 1), (8116, 1), (8719, 2), (8846, 2), (9252, 1), (9558, 12), (9972, 1), (10244, 1), (10838, 4), (10866, 1), (11235, 2), (11437, 1), (12350, 1), (13650, 1), (13742, 1), (14035, 10), (14172, 2), (1476, 2), (15112, 20), (1563, 1), (17594, 1), (1803, 1), (17905, 18), (18220, 12)
ponm (DF: 7): (6450, 1), (7274, 6), (10728, 8), (11517, 1), (14512, 2), (16968, 4), (17594, 1)
ponmel (DF: 2): (9070, 1), (11037, 2)
ponosi (DF: 1): (6678, 1)
pons (DF: 2): (1039, 3), (17660, 2)
pont (DF: 79): (1932, 2), (2476, 4), (2739, 1), (2898, 45), (2967, 1), (3316, 1), (3491, 1), (3586, 2), (3757, 2), (3996, 4), (4081, 1), (417, 1), (4300, 15), (4550, 3), (4594, 15), (4671, 2), (4729, 1), (5218, 3), (6025, 1), (6079, 6), (6160, 1), (6190, 1), (6438, 1), (6450, 1), (6541, 1), (6872, 1), (7068, 1), (707, 1), (7239, 4), (7258, 1), (728, 1), (7504, 1), (7863, 1), (8218, 1), (8466, 1), (9095, 7), (9334, 3), (9383, 1), (9407, 2), (9757, 1), (9818, 2), (10321, 1), (10607, 1), (10728, 1), (10899, 16), (11059, 2), (117, 1), (11280, 1), (11303, 9), (1213, 2), (11968, 1), (12167, 3), (12350, 5), (12674, 1), (13078, 1), (13107, 1), (13389, 8), (13985, 6), (14011, 2), (14106, 8), (14390, 11), (14579, 1), (14856, 2), (15143, 1), (15174, 2), (15732, 1), (15737, 1), (16253, 1), (16345, 1), (16373, 1), (16780, 4), (16787, 1), (16843, 2), (16905, 12), (17522, 4), (17566, 1), (17668, 1), (18050, 4), (18442, 1)
ponta (DF: 6): (3692, 3), (3745, 1), (6028, 2), (11943, 5), (12128, 1), (12677, 1)
pontchartrain (DF: 1): (8822, 1)
ponteiro (DF: 3): (13713, 1), (15274, 1), (1881, 1)
pontel (DF: 2): (2461, 1), (10607, 1)
pontem (DF: 5): (3580, 4), (724, 1), (14390, 1), (14602, 2), (1878, 1)
pontiac (DF: 2): (7992, 1), (16144, 1)
ponto (DF: 7): (6028, 1), (8574, 1), (8946, 1), (9812, 1), (10637, 1), (11835, 2), (17652, 3)
pontoni (DF: 1): (9695, 1)
pontoon (DF: 1): (7320, 1)
pony (DF: 2): (4434, 1), (18000, 1)
ponytail (DF: 4): (5413, 1), (738, 1), (7756, 1), (11397, 1)
poo (DF: 10): (2228, 2), (6442, 42), (8151, 1), (9368, 2), (9594, 1), (14135, 2), (14642, 2), (14646, 84), (15263, 1), (16232, 2)
poochh (DF: 1): (16397, 5)
poochi (DF: 4): (5529, 1), (9432, 1), (11716, 2), (16897, 1)
poodl (DF: 8): (2198, 1), (4736, 7), (5958, 1), (8467, 1), (10856, 2), (14477, 4), (15937, 1), (1773, 1)
poof (DF: 13): (2116, 3), (2545, 1), (331, 1), (3374, 1), (4028, 1), (9057, 1), (9332, 1), (9479, 3), (11898, 19), (11920, 2), (12295, 2), (14532, 1), (14932, 1)
poogl (DF: 1): (7677, 2)
pooh (DF: 18): (4866, 1), (5173, 1), (5667, 2), (6086, 2), (6390, 3), (6450, 1), (6809, 1), (7743, 3), (8026, 1), (8489, 12), (10859, 1), (1249, 1), (13803, 1), (14165, 2), (14942, 1), (15013, 2), (1671, 1), (1833, 1)
poohbutt (DF: 1): (14028, 1)
pook (DF: 4): (3768, 36), (34, 1), (4287, 36), (5773, 1)
pooki (DF: 2): (6583, 1), (10653, 1)
pool (DF: 25): (16, 1), (1919, 1), (2116, 1), (2124, 2), (2261, 1), (2320, 1), (2322, 1), (2471, 2), (2563, 2), (2695, 1), (2737, 1), (2820, 1), (273, 4), (2896, 1), (3535, 2), (3605, 1), (379, 1), (3930, 1), (4059, 1), (4072, 1), (4122, 1), (4261, 1), (4302, 1), (4381, 1), (446, 2)
