anim (DF: 154): (490, 1), (5107, 1), (5121, 2), (503, 4), (511, 36), (5255, 125), (5392, 1), (5406, 1), (5590, 8), (5626, 5), (5672, 1), (5739, 6), (5742, 1), (5767, 1), (5785, 2), (5832, 1), (581, 1), (585, 2), (5981, 1), (6272, 1), (6403, 1), (6549, 4), (6597, 1), (6642, 1), (6694, 6), (6966, 1), (690, 1), (6988, 1), (7115, 1), (702, 1), (7194, 1), (7497, 1), (7622, 1), (7743, 1), (8145, 21), (8303, 1), (8395, 1), (8467, 1), (8584, 1), (8825, 1), (8853, 1), (9205, 2), (9224, 1), (948, 1), (9301, 1), (9319, 4), (961, 4), (9376, 2), (964, 1), (9499, 1), (9553, 1), (9793, 4), (9912, 3), (10040, 1), (1025, 1), (10118, 1), (10153, 1), (10378, 1), (10407, 1), (10410, 2), (10458, 1), (10618, 4), (10658, 1), (10787, 1), (113, 1), (1113, 1), (10919, 4), (1122, 1), (11107, 12), (1144, 1), (1150, 1), (11283, 6), (11353, 2), (1157, 1), (1164, 1), (1171, 1), (11517, 1), (11850, 2), (11958, 1), (11962, 1), (12053, 19), (12150, 1), (12449, 1), (12544, 9), (12843, 1), (12849, 1), (12888, 24), (12963, 1), (1315, 1), (13017, 28), (13151, 12), (13181, 6), (13187, 2), (13260, 1), (13311, 4), (13354, 2), (13390, 1), (1361, 2), (13488, 1), (13588, 1), (13793, 1), (13851, 1), (14059, 2), (14129, 6), (14190, 3), (14194, 2), (1454, 1), (14273, 1), (14307, 1), (14358, 33), (1482, 1), (14530, 1), (14581, 1), (1502, 2), (14741, 1), (14898, 1), (15177, 1), (15192, 2), (15267, 2), (15445, 4), (15478, 1), (1584, 2), (1588, 1), (15687, 1), (15765, 1), (16015, 2), (16030, 1), (16119, 2), (16165, 1), (16363, 1), (16536, 1), (16569, 1), (1690, 1), (1694, 14), (16699, 1), (16746, 1), (16761, 6), (1711, 1), (17062, 3), (17240, 1), (17307, 2), (17520, 1), (17648, 2), (17669, 4), (17829, 1), (1805, 1), (1818, 1), (17979, 2), (18027, 1), (18063, 4), (18234, 32), (18264, 1), (18397, 2), (5735, 1)
anima (DF: 2): (749, 1), (11419, 2)
animal (DF: 30): (227, 4), (3492, 7), (353, 1), (4152, 1), (4257, 5), (4550, 1), (5173, 48), (5306, 6), (5364, 1), (63, 1), (7426, 1), (9203, 3), (9469, 1), (9575, 3), (9641, 8), (10804, 1), (11242, 1), (11433, 1), (11980, 2), (12499, 1), (13145, 1), (13335, 1), (13967, 1), (15011, 1), (15169, 2), (15889, 8), (16715, 1), (16915, 12), (17418, 1), (18321, 1)
animalist (DF: 2): (7062, 1), (17987, 1)
animalit (DF: 1): (10158, 2)
animaz (DF: 1): (7690, 1)
animens (DF: 1): (3158, 1)
animos (DF: 9): (1964, 1), (3420, 1), (5483, 1), (9993, 1), (12035, 6), (12215, 1), (14717, 2), (16100, 6), (16543, 1)
animot (DF: 1): (5984, 1)
animus (DF: 1): (510, 1)
anin (DF: 2): (12911, 1), (14754, 1)
anino (DF: 1): (3150, 1)
anio (DF: 2): (8452, 1), (16726, 1)
aniquil (DF: 6): (2180, 2), (3419, 3), (3875, 1), (8902, 1), (11203, 1), (14863, 1)
aniquila (DF: 1): (552, 1)
anise (DF: 1): (5059, 1)
anit (DF: 2): (8128, 1), (13601, 1)
anita (DF: 8): (2500, 1), (2865, 6), (6771, 1), (7017, 1), (7186, 3), (9147, 1), (16418, 1), (16627, 1)
anitt (DF: 6): (3401, 1), (4948, 2), (7942, 2), (8632, 2), (1627, 2), (17706, 3)
anitta (DF: 7): (5271, 1), (11487, 2), (11870, 2), (1415, 3), (14370, 1), (15400, 1), (16071, 2)
aniu (DF: 1): (6007, 1)
aniversari (DF: 4): (8997, 1), (10189, 1), (10705, 1), (12493, 5)
anja (DF: 2): (10718, 1), (14600, 3)
anjaam (DF: 1): (4686, 1)
anjeolbujeolhaneun (DF: 1): (12323, 2)
anjo (DF: 2): (3497, 6), (16738, 1)
anjuli (DF: 1): (2813, 2)
ank (DF: 3): (7356, 2), (14869, 1), (16962, 1)
anka (DF: 2): (6457, 1), (18045, 1)
anker (DF: 1): (3748, 1)
ankh (DF: 8): (4421, 1), (5523, 1), (8534, 1), (9476, 1), (11078, 1), (1629, 1), (16694, 1), (17988, 1)
ankha (DF: 1): (13515, 1)
ankho (DF: 1): (4686, 1)
anki (DF: 2): (2761, 2), (8509, 1)
ankl (DF: 29): (1908, 3), (1949, 1), (285, 1), (321, 4), (3483, 1), (3628, 1), (486, 2), (5170, 2), (5957, 1), (6273, 1), (6560, 1), (7685, 4), (8803, 4), (10066, 1), (10085, 4), (10593, 1), (10599, 1), (10766, 1), (12358, 1), (13296, 1), (14547, 1), (15089, 1), (15665, 1), (17013, 2), (17370, 1), (17695, 1), (17878, 1), (17904, 1), (18342, 1)
anklag (DF: 5): (5775, 1), (8260, 1), (11019, 1), (1177, 1), (13476, 1)
anklageren (DF: 2): (2759, 1), (7077, 3)
anklet (DF: 1): (15595, 1)
ankomm (DF: 1): (3466, 1)
ankommet (DF: 1): (11953, 1)
ankurbeln (DF: 1): (13091, 1)
anlad (DF: 1): (11144, 1)
anlag (DF: 2): (6835, 1), (11538, 1)
anlaufszeit (DF: 1): (4004, 1)
anlieg (DF: 1): (6026, 1)
anlo (DF: 1): (4604, 1)
anmasun (DF: 1): (16496, 2)
anmerk (DF: 1): (7306, 1)
anmut (DF: 1): (1758, 1)
