skrizzli (DF: 1): (8206, 1)
skrobi (DF: 1): (1197, 1)
skrobn (DF: 1): (8604, 1)
skrong (DF: 1): (15357, 1)
skroni (DF: 1): (11378, 1)
skrr (DF: 32): (2287, 3), (2833, 1), (4295, 1), (5156, 1), (5370, 2), (5959, 1), (7806, 32), (8039, 1), (8232, 1), (8641, 2), (8799, 2), (9648, 12), (1021, 1), (1030, 1), (10207, 1), (1046, 4), (11953, 1), (12442, 32), (12723, 9), (12744, 2), (13876, 1), (13914, 1), (13971, 3), (15008, 4), (15627, 4), (16199, 2), (16525, 1), (16578, 6), (17699, 1), (17954, 2), (18194, 2), (18344, 4)
skrra (DF: 1): (16232, 1)
skrrr (DF: 7): (5570, 4), (7768, 1), (12554, 2), (14053, 3), (1587, 4), (15929, 1), (16015, 2)
skrrrt (DF: 3): (15929, 1), (16605, 1), (1727, 1)
skrrt (DF: 220): (1887, 1), (1919, 2), (1987, 6), (2231, 1), (2256, 3), (2290, 1), (2405, 1), (2494, 1), (2567, 1), (2596, 1), (2650, 5), (2730, 2), (268, 1), (3095, 4), (3205, 8), (3356, 6), (3549, 1), (350, 1), (3598, 1), (3826, 8), (4192, 6), (4282, 1), (4339, 2), (436, 4), (4587, 4), (4608, 1), (4680, 4), (4700, 5), (4736, 14), (4754, 1), (469, 4), (4837, 8), (4918, 8), (4992, 3), (5082, 1), (5109, 2), (511, 3), (5200, 2), (5251, 20), (5294, 1), (524, 8), (5581, 2), (5782, 4), (5838, 74), (5851, 2), (5902, 1), (6061, 7), (6289, 2), (643, 1), (658, 3), (6646, 2), (6691, 2), (6695, 1), (6734, 1), (673, 13), (6903, 12), (6970, 1), (6999, 1), (7004, 4), (7018, 2), (7046, 8), (696, 5), (7204, 2), (7220, 24), (711, 4), (7229, 1), (7287, 1), (7432, 1), (7454, 1), (7461, 2), (7464, 2), (7518, 5), (759, 1), (7768, 1), (7775, 2), (7806, 4), (7810, 9), (8036, 5), (8103, 1), (8167, 6), (825, 12), (8232, 1), (8331, 2), (8373, 42), (8452, 10), (8564, 3), (8631, 2), (8666, 4), (8733, 2), (8777, 1), (8803, 4), (81, 1), (8870, 1), (9093, 8), (9099, 2), (9152, 12), (9166, 4), (9627, 1), (9640, 1), (9730, 1), (9922, 1), (9944, 4), (1030, 2), (10187, 1), (10237, 6), (10269, 4), (10366, 2), (10436, 4), (10543, 7), (10643, 8), (10784, 2), (10834, 11), (10879, 2), (11123, 6), (11207, 2), (11273, 1), (11295, 1), (11313, 3), (11468, 1), (11508, 10), (11536, 9), (1183, 2), (11590, 2), (11663, 1), (11812, 1), (11862, 1), (11953, 8), (12026, 2), (12029, 16), (12061, 11), (12068, 1), (12127, 6), (12128, 2), (12141, 12), (12142, 16), (12213, 24), (12310, 1), (12398, 3), (12483, 2), (12634, 2), (12726, 4), (12756, 1), (12767, 2), (12777, 1), (12797, 12), (12843, 4), (12888, 2), (13019, 2), (1318, 1), (13144, 2), (13151, 1), (13280, 8), (13308, 4), (13381, 3), (1367, 6), (1375, 8), (13635, 3), (13643, 2), (13647, 4), (13872, 12), (13971, 1), (14017, 2), (14029, 32), (14049, 4), (14184, 1), (14216, 13), (14256, 6), (14379, 1), (14443, 2), (14477, 8), (14496, 4), (14517, 1), (14554, 4), (14743, 1), (14766, 1), (14804, 2), (14857, 4), (14978, 8), (15099, 1), (15108, 2), (15175, 11), (15207, 2), (15260, 1), (15309, 1), (15357, 5), (15371, 8), (15487, 8), (15524, 2), (15576, 1), (15595, 1), (15627, 3), (15865, 4), (16043, 4), (16138, 8), (16208, 2), (16238, 1), (16264, 4), (16473, 2), (16636, 1), (17008, 4), (17123, 1), (179, 1), (17219, 3), (17299, 1), (17457, 8), (17540, 3), (17607, 1), (17663, 16), (17739, 6), (17755, 4), (1799, 2), (17793, 4), (17899, 3), (17902, 2), (18027, 2), (18158, 17), (18188, 4), (18232, 2), (18298, 1), (18308, 3)
skrt (DF: 39): (2877, 1), (2991, 10), (3568, 2), (4386, 3), (4607, 1), (4820, 2), (4920, 11), (494, 1), (5126, 2), (5962, 2), (6457, 3), (6876, 3), (711, 1), (7319, 2), (7339, 12), (8132, 1), (9036, 1), (9147, 10), (9532, 1), (11073, 3), (11080, 2), (11142, 9), (11367, 2), (11371, 2), (11673, 1), (11944, 2), (12077, 2), (1293, 3), (13389, 4), (13435, 1), (15157, 2), (1587, 8), (16271, 4), (16503, 1), (17013, 2), (17721, 7), (17861, 2), (18157, 3), (18253, 2)
skrtt (DF: 2): (1979, 2), (5860, 2)
