suen (DF: 31): (13663, 34), (13935, 1), (13971, 1), (1424, 1), (13985, 1), (14087, 1), (14379, 1), (1474, 1), (1476, 2), (1501, 2), (14988, 1), (15098, 1), (15112, 2), (15169, 1), (15208, 1), (15382, 1), (15598, 2), (15638, 4), (15653, 1), (15889, 2), (15913, 5), (16321, 1), (1668, 2), (16657, 1), (16905, 2), (17443, 1), (17566, 3), (17673, 1), (17678, 1), (17975, 1), (18264, 13)
suena (DF: 3): (299, 2), (8132, 2), (12453, 1)
suenal (DF: 2): (5373, 3), (18441, 2)
suer (DF: 3): (7586, 1), (8733, 2), (16113, 1)
suero (DF: 1): (6009, 1)
suert (DF: 64): (1974, 5), (2098, 1), (2529, 2), (2645, 1), (269, 1), (444, 2), (4515, 1), (4605, 1), (4949, 1), (4951, 3), (5574, 1), (5792, 1), (6179, 2), (6263, 1), (6279, 2), (6414, 1), (6466, 1), (6808, 1), (7223, 1), (7513, 4), (7851, 1), (7863, 3), (8342, 1), (8454, 1), (858, 1), (890, 3), (8922, 6), (9039, 3), (9606, 1), (9636, 2), (9919, 1), (10046, 4), (10158, 2), (1159, 3), (11391, 1), (11800, 1), (12087, 1), (12493, 10), (1284, 1), (13337, 1), (13442, 1), (1370, 3), (14222, 5), (14260, 1), (14344, 2), (14346, 1), (14437, 3), (14510, 1), (14550, 4), (14627, 1), (15369, 1), (15594, 3), (16079, 1), (16295, 2), (16321, 1), (16593, 4), (16668, 1), (16715, 1), (17058, 3), (17202, 2), (17623, 1), (17673, 1), (17678, 1), (18145, 3)
suet (DF: 1): (17678, 1)
suey (DF: 3): (5411, 1), (8838, 1), (13759, 1)
suez (DF: 1): (7697, 1)
sueñ (DF: 161): (1939, 5), (1966, 12), (2034, 4), (2070, 1), (2090, 4), (2092, 1), (2414, 4), (2585, 2), (2645, 1), (2889, 1), (2938, 1), (3031, 1), (3093, 1), (3214, 2), (312, 1), (3504, 2), (353, 1), (3623, 1), (355, 1), (3851, 1), (3908, 1), (403, 1), (4236, 1), (4362, 1), (4504, 38), (4591, 5), (4651, 3), (4678, 2), (4879, 1), (4916, 1), (489, 1), (5198, 1), (5358, 1), (5471, 12), (5475, 4), (5512, 1), (5574, 1), (557, 1), (5659, 6), (5735, 1), (5796, 2), (580, 2), (5975, 1), (5990, 2), (6131, 3), (6321, 1), (6336, 1), (6450, 2), (6513, 1), (6514, 1), (6645, 4), (6656, 1), (6681, 3), (679, 1), (6878, 1), (6940, 1), (7415, 2), (7457, 2), (7546, 3), (776, 1), (7766, 1), (7935, 1), (7993, 2), (8047, 2), (8406, 4), (8478, 2), (858, 1), (8646, 1), (891, 6), (8866, 3), (9001, 1), (9018, 2), (9196, 4), (9470, 1), (9532, 3), (9568, 1), (9845, 1), (10322, 1), (10399, 1), (10564, 1), (10705, 1), (10822, 1), (1109, 1), (10866, 1), (10908, 1), (10944, 1), (11199, 4), (11243, 1), (1159, 1), (11576, 1), (11752, 2), (11932, 1), (11944, 4), (12381, 1), (12639, 2), (12672, 1), (12804, 2), (12885, 1), (1309, 3), (13066, 4), (13084, 2), (13153, 2), (13161, 2), (13188, 2), (13197, 1), (13337, 1), (13382, 1), (13428, 2), (13442, 1), (13588, 1), (1379, 2), (13857, 1), (14094, 2), (1441, 1), (14143, 9), (14172, 2), (14222, 1), (14240, 2), (14260, 3), (14280, 1), (14471, 1), (14481, 2), (14572, 1), (14596, 1), (14677, 1), (14685, 1), (14727, 1), (14785, 1), (14953, 2), (15186, 1), (15224, 2), (15330, 1), (15382, 1), (15657, 6), (15673, 1), (15678, 1), (15719, 1), (15791, 3), (15799, 1), (16465, 3), (1677, 1), (16663, 2), (16668, 1), (16715, 1), (16807, 3), (16884, 3), (17059, 3), (17343, 1), (17555, 1), (17623, 1), (17819, 1), (17896, 9), (1826, 6), (18087, 1), (1842, 1), (18375, 2), (1878, 1), (1295, 3), (1296, 1), (15011, 1), (15012, 4)
sueño (DF: 5): (194, 1), (3217, 2), (8590, 8), (16174, 6), (16855, 1)
sueñowisin (DF: 1): (8478, 2)
suffer (DF: 99): (1936, 3), (2038, 3), (2056, 1), (2115, 1), (2247, 2), (2310, 1), (2466, 2), (2569, 2), (281, 1), (3019, 1), (3178, 2), (3194, 2), (3479, 1), (368, 1), (4351, 4), (4424, 3), (4538, 1), (4773, 1), (4999, 4), (5064, 2), (5178, 1), (517, 1), (5626, 4), (560, 1), (5739, 1), (6019, 2), (6214, 1), (6266, 1), (6323, 3), (6484, 1), (6700, 2), (6923, 2), (6948, 6), (6971, 1), (7058, 1), (7350, 3), (7360, 1), (7628, 1), (7705, 4), (7892, 2), (7912, 1), (7973, 1), (8325, 1), (8348, 1), (8394, 1), (8396, 1), (879, 1), (8952, 3), (9010, 1), (9019, 1), (9201, 1), (979, 6), (9629, 3), (1015, 1), (9965, 1), (10008, 1), (10535, 1), (10628, 2), (10658, 3), (10869, 1), (10954, 1), (11145, 1), (1186, 2), (11626, 1), (11708, 1), (11777, 1), (11891, 1), (12218, 4), (12571, 1), (12835, 1), (12937, 1), (12961, 1), (12977, 2), (13452, 1), (13495, 1), (13568, 2), (13881, 1), (145, 2), (13933, 1), (13961, 1), (14156, 1), (1449, 1), (14328, 1), (1473, 1), (14577, 1), (14614, 2), (14642, 1), (14760, 2), (14805, 1), (14850, 2), (158, 1), (15312, 2), (15433, 2), (15602, 1), (1608, 1), (15734, 1), (15872, 2), (16083, 1), (16205, 1)
