perfum (DF: 27): (15237, 1), (15355, 3), (15434, 1), (15480, 1), (15566, 1), (15737, 5), (15894, 1), (16037, 1), (16039, 2), (16074, 1), (16373, 2), (16437, 9), (16518, 1), (16728, 1), (16817, 3), (16885, 1), (17029, 1), (17421, 1), (17586, 2), (17627, 1), (1789, 1), (17678, 1), (17797, 1), (17861, 1), (18163, 4), (18213, 1), (1841, 1)
perfuma (DF: 2): (4434, 1), (13986, 3)
perfumau (DF: 1): (10559, 3)
pergunta (DF: 10): (3364, 1), (6983, 1), (8113, 1), (8574, 9), (9120, 1), (9876, 1), (12649, 1), (13078, 1), (13647, 2), (18136, 1)
perguntando (DF: 2): (6804, 1), (1659, 1)
perguntar (DF: 5): (3838, 1), (3870, 2), (10131, 2), (16738, 1), (17652, 1)
perguntaram (DF: 2): (3838, 4), (1072, 1)
perguntava (DF: 1): (3692, 1)
perguntei (DF: 1): (9087, 1)
perguntou (DF: 4): (3838, 1), (8113, 1), (13078, 1), (17652, 1)
perh (DF: 1): (12368, 1)
perhap (DF: 16): (2489, 1), (3791, 1), (464, 1), (7237, 1), (7690, 1), (9846, 1), (10312, 2), (10328, 2), (11050, 1), (11623, 12), (1242, 1), (14642, 1), (16450, 12), (16873, 1), (17373, 1), (17481, 1)
peric (DF: 11): (1932, 2), (2656, 1), (4916, 1), (7392, 2), (7508, 1), (8188, 1), (10781, 1), (10838, 2), (16657, 1), (178, 1), (17368, 1)
perico (DF: 10): (5137, 1), (6157, 1), (7969, 1), (8870, 1), (1058, 1), (12127, 3), (13251, 1), (16264, 2), (17968, 1), (17993, 1)
pericol (DF: 4): (4992, 1), (6395, 1), (8130, 2), (17369, 1)
periculoso (DF: 1): (1881, 6)
perienc (DF: 2): (5452, 2), (11844, 1)
perifer (DF: 1): (5439, 1)
periferia (DF: 2): (4167, 1), (16626, 1)
perignon (DF: 15): (229, 1), (2442, 1), (3669, 1), (4875, 1), (586, 1), (6095, 1), (628, 1), (6367, 1), (7016, 1), (740, 1), (10567, 4), (11734, 1), (14589, 1), (17401, 1), (18104, 4)
perigo (DF: 5): (6270, 1), (6500, 2), (9812, 4), (15274, 7), (16353, 1)
perigoso (DF: 1): (17652, 1)
peril (DF: 3): (4623, 1), (9581, 1), (12288, 2)
perimet (DF: 3): (5091, 1), (15291, 1), (1594, 1)
perin (DF: 3): (10399, 1), (10992, 1), (15934, 1)
period (DF: 24): (2045, 1), (2174, 1), (21, 1), (2594, 1), (5267, 1), (5717, 4), (7073, 1), (7465, 3), (7924, 1), (8171, 1), (8755, 1), (9875, 5), (10534, 1), (10543, 1), (11023, 1), (12052, 1), (12483, 2), (14260, 1), (14642, 1), (15263, 1), (15937, 1), (17859, 1), (18054, 1), (18187, 3)
periodiek (DF: 1): (14757, 1)
perionn (DF: 1): (16854, 1)
peripher (DF: 2): (2357, 1), (8077, 2)
periqu (DF: 1): (11371, 4)
periquin (DF: 1): (11371, 1)
periscop (DF: 1): (18287, 1)
perish (DF: 13): (200, 1), (3456, 1), (3479, 1), (443, 1), (6228, 2), (6517, 1), (864, 1), (10056, 1), (12737, 1), (14848, 2), (16130, 1), (16411, 1), (17434, 2)
perit (DF: 1): (7392, 2)
periwinkl (DF: 1): (9200, 1)
perjuici (DF: 1): (9415, 2)
perjur (DF: 1): (12924, 1)
perjuri (DF: 2): (15587, 1), (16816, 1)
perk (DF: 10): (5258, 3), (5437, 1), (7105, 1), (8383, 1), (9878, 1), (10141, 1), (14249, 3), (14564, 2), (16065, 1), (16897, 1)
perker (DF: 1): (7077, 1)
perki (DF: 13): (2064, 5), (3163, 2), (5865, 1), (7220, 24), (7290, 2), (7441, 1), (8232, 1), (11536, 2), (12142, 1), (14570, 1), (16032, 1), (16138, 2), (18099, 2)
perkin (DF: 5): (3486, 1), (6912, 1), (11942, 1), (15677, 1), (17139, 3)
perkusja (DF: 1): (11378, 2)
perl (DF: 12): (6835, 1), (7251, 1), (9040, 2), (11452, 1), (12191, 1), (1255, 1), (13481, 1), (13935, 1), (15824, 1), (16253, 1), (1800, 2), (17819, 1)
perlnappa (DF: 1): (4124, 1)
perlomen (DF: 1): (4992, 1)
perlu (DF: 1): (12477, 1)
perlweiss (DF: 1): (9788, 3)
perm (DF: 75): (1931, 1), (2159, 1), (254, 1), (2707, 1), (2724, 1), (2757, 1), (2886, 1), (3203, 1), (3299, 1), (3772, 1), (3995, 1), (4008, 2), (4293, 1), (4321, 1), (4365, 1), (5155, 1), (5270, 1), (540, 1), (5617, 1), (5670, 1), (612, 1), (6311, 1), (6552, 1), (6721, 1), (6782, 1), (7168, 1), (7180, 1), (7545, 1), (7554, 1), (7560, 1), (7639, 1), (7666, 1), (7736, 1), (7774, 1), (786, 1), (7973, 1), (8300, 1), (8405, 1), (8535, 1), (8675, 1), (8806, 1), (9460, 1), (10371, 1), (10484, 4), (11531, 1), (11618, 1), (11628, 1), (12300, 1), (12383, 1), (1260, 1), (12602, 1), (129, 1), (13215, 1), (13247, 1), (13583, 1), (1377, 1), (13619, 1), (13630, 1), (13796, 1), (13805, 1), (14297, 1), (14354, 1), (14442, 1), (14881, 1), (1549, 1), (15251, 1), (1602, 1), (15781, 1), (15805, 1), (15920, 1), (16068, 1), (16239, 1), (16279, 1), (16535, 1), (16719, 1)
