livin (DF: 144): (13829, 1), (13837, 1), (13841, 2), (13860, 1), (13867, 1), (13909, 1), (13949, 2), (14010, 1), (148, 1), (14115, 16), (14133, 3), (14139, 1), (1442, 1), (1446, 12), (14179, 2), (14197, 6), (14216, 2), (14218, 1), (14227, 1), (14255, 2), (14287, 1), (14320, 1), (14351, 1), (14361, 1), (14455, 2), (14544, 1), (14628, 1), (14718, 8), (14740, 2), (14805, 1), (14819, 10), (14887, 1), (14903, 1), (14926, 4), (14929, 1), (1528, 4), (14948, 2), (156, 2), (15003, 2), (15015, 1), (15072, 1), (15084, 2), (15099, 4), (15108, 2), (15113, 2), (15170, 1), (15190, 1), (15201, 1), (15260, 1), (15289, 1), (15328, 1), (15392, 1), (1575, 1), (15459, 1), (15607, 2), (15610, 1), (15635, 1), (15654, 1), (15660, 2), (15666, 1), (15734, 1), (1613, 1), (15833, 2), (15835, 3), (15852, 4), (15858, 1), (15924, 1), (15929, 1), (15937, 1), (16020, 2), (16054, 1), (16072, 6), (16077, 6), (16091, 2), (16140, 1), (16180, 1), (16187, 2), (16324, 1), (16328, 1), (16364, 2), (16391, 1), (1671, 1), (1676, 4), (16489, 7), (16543, 3), (16564, 1), (16618, 6), (16627, 1), (16767, 1), (16771, 6), (16794, 1), (16817, 9), (16870, 3), (16878, 1), (16909, 2), (16986, 1), (17052, 3), (17089, 3), (17099, 2), (17104, 1), (17173, 1), (17182, 1), (17219, 8), (17257, 1), (17329, 1), (1760, 2), (17353, 1), (17377, 1), (1767, 12), (17466, 1), (17481, 1), (17533, 1), (17550, 4), (17651, 1), (17725, 6), (17729, 1), (17775, 1), (17786, 3), (17815, 52), (17825, 2), (1805, 2), (17865, 11), (17925, 28), (17943, 2), (18012, 1), (18080, 12), (1837, 1), (18206, 13), (18212, 1), (18322, 1), (18358, 1), (18378, 1), (573, 1), (574, 1), (1110, 1), (1111, 1), (11306, 11), (11308, 1), (11512, 2), (11514, 1), (13640, 1), (13642, 1), (16542, 2), (17051, 1)
living (DF: 3): (4361, 1), (10635, 1), (15054, 1)
livonia (DF: 1): (8921, 1)
livorn (DF: 1): (3316, 2)
livr (DF: 7): (2631, 1), (4197, 1), (6983, 1), (7270, 1), (9981, 2), (10598, 1), (16117, 1)
livramento (DF: 2): (3215, 1), (15617, 1)
livrer (DF: 1): (3195, 1)
livro (DF: 3): (3870, 1), (9525, 1), (12375, 1)
livsstilen (DF: 1): (17567, 1)
livstil (DF: 1): (7077, 2)
liwanag (DF: 2): (6224, 3), (9703, 12)
liwo (DF: 1): (4405, 1)
liwsz (DF: 1): (250, 4)
lixo (DF: 1): (2680, 1)
lixx (DF: 1): (4674, 1)
liy (DF: 6): (2086, 6), (9688, 1), (10442, 1), (10833, 4), (12819, 1), (15929, 1)
liya (DF: 2): (3660, 43), (18053, 1)
liyah (DF: 4): (4937, 1), (5708, 1), (14224, 2), (17080, 2)
liyo (DF: 1): (18053, 1)
liz (DF: 3): (3985, 1), (616, 4), (11744, 2)
liza (DF: 1): (3985, 1)
lizarazu (DF: 1): (14752, 1)
lizard (DF: 5): (9231, 2), (11570, 2), (12008, 1), (1226, 1), (14998, 2)
lizards (DF: 1): (10501, 2)
lizett (DF: 1): (18359, 1)
lizot (DF: 2): (6710, 1), (9462, 1)
lizz (DF: 1): (13910, 1)
lizzay (DF: 1): (2895, 1)
lizzi (DF: 20): (1919, 1), (4111, 1), (4290, 1), (4516, 1), (5755, 1), (6310, 1), (6729, 2), (6903, 6), (7741, 1), (7745, 2), (9447, 1), (9561, 1), (11076, 1), (11086, 2), (1162, 1), (14265, 2), (14738, 3), (16120, 1), (1674, 1), (1721, 1)
lizzo (DF: 4): (273, 1), (6437, 1), (9303, 1), (10590, 1)
lizzook (DF: 1): (18018, 1)
liéson (DF: 1): (15912, 3)
ljk (DF: 1): (3832, 1)
lk (DF: 2): (438, 1), (6341, 1)
lka (DF: 6): (2170, 1), (2574, 1), (8260, 1), (11654, 1), (13085, 1), (16507, 1)
lkebda (DF: 1): (3660, 1)
lkeep (DF: 1): (4106, 1)
ll (DF: 14): (2757, 1), (3419, 1), (3697, 1), (3823, 1), (5522, 2), (7948, 1), (8260, 1), (9309, 1), (11141, 1), (11608, 2), (11750, 1), (1241, 1), (17594, 2), (18087, 1)
lla (DF: 6): (6541, 1), (9682, 2), (9818, 3), (1116, 2), (14266, 1), (17418, 8)
llac (DF: 13): (3133, 1), (369, 1), (4731, 5), (4784, 3), (4851, 1), (5267, 1), (5489, 1), (6771, 1), (802, 1), (10745, 1), (12079, 1), (13812, 1), (17297, 1)
llag (DF: 1): (11142, 1)
llam (DF: 31): (1932, 2), (1966, 3), (2033, 2), (2088, 1), (2108, 1), (2183, 2), (2275, 3), (2325, 1), (2351, 3), (2354, 1), (227, 4), (2480, 1), (2488, 1), (2604, 1), (2648, 2), (2668, 1), (2743, 1), (2814, 2), (2877, 1), (2898, 5), (284, 4), (3006, 4), (3071, 2), (3106, 2), (3158, 2), (3214, 3), (3308, 1), (3401, 1), (3403, 2), (3489, 1), (3587, 2)
