jerom (DF: 2): (8779, 1), (9007, 1)
jerp (DF: 2): (8676, 2), (10981, 2)
jerr (DF: 1): (15565, 1)
jerri (DF: 21): (2333, 1), (2539, 1), (3420, 1), (5687, 1), (6144, 1), (7635, 1), (7798, 1), (8870, 1), (9234, 1), (1197, 1), (11705, 1), (12243, 1), (12405, 1), (12767, 2), (1334, 2), (13400, 1), (15342, 1), (1580, 1), (18149, 3), (18217, 1), (18243, 1)
jerry (DF: 2): (9903, 1), (11993, 9)
jersey (DF: 47): (221, 2), (2286, 1), (3101, 1), (3657, 1), (3741, 1), (4030, 1), (5158, 10), (6365, 1), (6438, 1), (6728, 1), (7960, 1), (8009, 1), (845, 6), (8407, 1), (8662, 4), (9016, 1), (9816, 1), (9875, 5), (10137, 1), (10148, 2), (10417, 1), (10927, 1), (1136, 1), (11313, 1), (12132, 1), (1336, 1), (1343, 1), (13435, 1), (14010, 1), (1438, 1), (14108, 1), (14579, 1), (15154, 1), (15371, 4), (15619, 1), (15714, 1), (16200, 1), (16317, 1), (16464, 1), (16631, 1), (16873, 2), (17737, 1), (17808, 2), (17823, 1), (17993, 6), (18073, 1), (18441, 1)
jeru (DF: 3): (3288, 1), (14006, 1), (16236, 1)
jerusalem (DF: 2): (3721, 9), (1186, 2)
jeruz (DF: 1): (14815, 1)
jerz (DF: 1): (2221, 1)
jese (DF: 1): (9688, 6)
jess (DF: 29): (1897, 1), (3367, 1), (3434, 1), (4028, 2), (5045, 1), (5773, 1), (598, 1), (6846, 1), (7657, 1), (7841, 1), (8542, 1), (8814, 2), (914, 2), (9576, 2), (9693, 1), (10762, 1), (11058, 1), (1145, 1), (12970, 1), (1412, 1), (14180, 1), (14197, 2), (14410, 1), (15025, 1), (15940, 1), (16923, 1), (17877, 1), (17895, 2), (18096, 1)
jessacoo (DF: 1): (6035, 1)
jessi (DF: 29): (1913, 5), (4182, 2), (4572, 2), (494, 1), (5571, 1), (5578, 1), (5683, 2), (6446, 2), (7142, 4), (7338, 1), (7779, 1), (8966, 1), (9372, 1), (11202, 1), (11347, 1), (11520, 2), (11941, 2), (1229, 1), (13493, 29), (14113, 1), (14347, 2), (14448, 2), (1559, 3), (15255, 1), (15955, 1), (1651, 1), (16266, 2), (17106, 1), (1866, 15)
jessica (DF: 10): (1913, 2), (2726, 1), (7142, 2), (7892, 1), (1097, 1), (10749, 1), (11870, 8), (12996, 1), (15838, 1), (16611, 1)
jest (DF: 63): (197, 2), (250, 3), (2757, 1), (2951, 1), (3744, 2), (4311, 1), (427, 1), (4358, 3), (4405, 4), (4761, 6), (6007, 3), (6441, 1), (6457, 6), (661, 4), (7313, 1), (7344, 1), (7356, 2), (7677, 6), (7836, 7), (7916, 7), (8452, 2), (8509, 1), (8536, 1), (8604, 3), (8717, 1), (9085, 18), (9162, 2), (9647, 2), (9695, 4), (9781, 3), (10020, 2), (10362, 3), (10436, 1), (10539, 5), (10784, 2), (11378, 2), (1197, 1), (11977, 9), (13591, 14), (13770, 1), (14869, 1), (15359, 1), (15698, 1), (15726, 2), (15814, 8), (16108, 1), (1655, 2), (16247, 1), (16366, 2), (16442, 2), (16833, 5), (16848, 3), (16860, 1), (16962, 2), (17210, 1), (17222, 3), (17372, 4), (17410, 2), (17564, 1), (17720, 10), (1825, 6), (18065, 1), (18094, 10)
jestem (DF: 39): (4405, 2), (4582, 1), (4859, 1), (4914, 4), (6007, 2), (661, 4), (7836, 2), (8452, 1), (908, 2), (9085, 2), (9647, 1), (9695, 3), (10020, 1), (10138, 1), (10362, 1), (10539, 1), (10756, 3), (10784, 1), (11378, 3), (1197, 2), (13591, 2), (15698, 3), (15770, 7), (16108, 1), (1655, 1), (16247, 1), (16366, 1), (16442, 1), (16526, 4), (16833, 2), (16848, 2), (16860, 3), (17071, 1), (17210, 1), (17222, 15), (17372, 1), (17410, 3), (17564, 2), (18065, 1)
jester (DF: 9): (3164, 3), (5090, 2), (5245, 1), (6275, 1), (6374, 6), (7897, 1), (9287, 3), (12644, 1), (13371, 3)
jesu (DF: 1): (4003, 1)
jesucrist (DF: 5): (3723, 2), (7646, 1), (8036, 1), (14207, 1), (1631, 1)
jesucristo (DF: 2): (12127, 3), (16264, 2)
jesus (DF: 62): (1919, 1), (1984, 3), (2000, 1), (200, 1), (2204, 4), (21, 1), (2320, 1), (2472, 2), (2495, 1), (2500, 1), (2565, 1), (2592, 1), (2747, 1), (2762, 1), (2822, 1), (275, 1), (3115, 9), (3135, 2), (3261, 1), (3272, 1), (3298, 1), (3371, 2), (3372, 2), (3483, 1), (3526, 2), (352, 1), (3695, 1), (3723, 1), (3759, 1), (3797, 1), (3854, 1), (3986, 1), (4105, 2), (4165, 1), (4175, 6), (4289, 1), (4315, 12), (4592, 4), (4602, 7), (4711, 1), (4764, 2), (4827, 2), (4833, 1), (4895, 2), (4941, 1), (5014, 4), (5045, 3), (5078, 1), (5418, 1), (5576, 2), (5610, 1), (5862, 1), (6032, 1), (6092, 1), (6103, 8), (6127, 1), (6217, 1), (6391, 1), (642, 1), (6503, 1), (6534, 4), (650, 1)
