papit (DF: 7): (3881, 1), (11517, 1), (11786, 1), (13370, 1), (14035, 4), (1724, 1), (17660, 2)
papito (DF: 5): (672, 1), (9498, 1), (12539, 2), (15589, 1), (18359, 1)
papitw (DF: 1): (3942, 1)
papkin (DF: 1): (6087, 1)
papo (DF: 19): (2242, 2), (2839, 1), (5011, 1), (5606, 4), (6289, 2), (6844, 1), (8363, 1), (8938, 1), (9494, 1), (10131, 1), (11132, 1), (11808, 1), (11979, 1), (12348, 1), (14285, 2), (15898, 1), (16035, 1), (18163, 2), (18166, 1)
papoila (DF: 1): (4849, 1)
papolla (DF: 1): (15565, 3)
papoos (DF: 3): (1919, 1), (6903, 6), (8995, 1)
papooz (DF: 2): (629, 1), (12899, 1)
papp (DF: 2): (2078, 1), (3570, 1)
pappa (DF: 5): (1957, 4), (6861, 1), (7040, 2), (9498, 1), (17185, 24)
pappadeaux (DF: 5): (5076, 1), (6322, 1), (660, 1), (12843, 1), (15595, 1)
pappagall (DF: 1): (8054, 1)
papparazzi (DF: 2): (558, 1), (123, 1)
pappaufstell (DF: 1): (12872, 1)
pappell (DF: 1): (15565, 1)
pappi (DF: 15): (2154, 1), (3429, 5), (7547, 2), (7988, 1), (9046, 1), (9152, 1), (11357, 1), (12597, 2), (13309, 1), (1622, 1), (16351, 2), (16709, 1), (1711, 1), (17377, 1), (17663, 1)
pappiya (DF: 1): (5582, 1)
pappmaul (DF: 1): (12355, 1)
pappnas (DF: 2): (2078, 1), (17136, 1)
paprika (DF: 1): (18253, 1)
papu (DF: 1): (6179, 2)
papuan (DF: 1): (18173, 1)
paqu (DF: 1): (24, 1)
paquet (DF: 4): (10180, 1), (10321, 1), (10780, 1), (17658, 2)
paquit (DF: 2): (16289, 2), (16801, 1)
par (DF: 248): (2018, 1), (2027, 1), (2033, 1), (2086, 3), (2306, 1), (2336, 1), (2342, 1), (2369, 2), (2500, 1), (2604, 2), (2656, 1), (2659, 2), (2662, 1), (2669, 1), (2805, 1), (2828, 1), (2898, 15), (2967, 1), (3062, 1), (3078, 1), (3080, 2), (3093, 2), (3214, 3), (3251, 1), (3288, 1), (3401, 4), (3486, 1), (345, 2), (3555, 6), (3569, 1), (3572, 1), (3590, 4), (353, 1), (3603, 2), (3660, 1), (3666, 4), (3744, 2), (3816, 23), (3875, 1), (3898, 1), (3903, 1), (3909, 2), (3942, 1), (412, 2), (4186, 2), (4207, 1), (4246, 4), (4258, 1), (4288, 2), (4356, 2), (4357, 1), (4421, 1), (444, 2), (4507, 1), (4550, 1), (4633, 4), (4651, 2), (4671, 4), (4686, 10), (4729, 2), (4780, 2), (4790, 1), (4852, 1), (477, 1), (4879, 1), (480, 2), (4908, 4), (4916, 1), (4948, 8), (4992, 1), (4995, 3), (5014, 1), (5017, 16), (5022, 8), (5040, 1), (5109, 2), (5110, 1), (5126, 4), (5174, 2), (5218, 3), (5306, 6), (5353, 1), (5364, 2), (5376, 3), (5436, 1), (5502, 1), (5529, 1), (5535, 3), (5541, 1), (5547, 34), (5574, 1), (5621, 16), (5663, 1), (5716, 1), (5768, 1), (5862, 1), (5881, 2), (6057, 1), (6064, 2), (6079, 2), (6190, 1), (6243, 6), (6249, 5), (6336, 1), (6380, 1), (6393, 1), (6399, 8), (6414, 1), (6432, 1), (6436, 6), (6466, 1), (6485, 1), (6553, 2), (6561, 2), (648, 2), (6678, 4), (667, 1), (6791, 1), (6808, 1), (6818, 1), (676, 1), (6871, 8), (6909, 4), (6912, 1), (6928, 2), (6983, 1), (7016, 1), (7031, 1), (7108, 8), (7151, 16), (7183, 1), (711, 1), (7239, 36), (7255, 1), (7301, 2), (7380, 2), (7392, 2), (7454, 1), (7455, 1), (7501, 1), (7504, 1), (7508, 1), (7604, 1), (7641, 1), (7646, 7), (7676, 7), (7677, 2), (7734, 1), (7843, 2), (7863, 9), (7876, 7), (7879, 2), (7904, 2), (7910, 1), (7916, 1), (7982, 1), (7989, 4), (8128, 1), (8140, 8), (8187, 2), (8218, 1), (8255, 1), (8278, 1), (8454, 3), (8478, 8), (8510, 2), (8564, 1), (8606, 4), (8618, 1), (8632, 1), (8728, 1), (8733, 6), (897, 1), (905, 1), (8820, 21), (8882, 6), (910, 1), (8902, 2), (8940, 6), (8945, 14), (8995, 1), (9070, 3), (9079, 1), (9138, 1), (9225, 4), (9246, 1), (9334, 3), (9387, 1), (10, 1), (9412, 1), (9428, 1), (9432, 1), (9519, 2), (9527, 1), (9606, 1), (9682, 1), (9688, 1), (995, 8), (9762, 1), (996, 1), (9786, 8), (9797, 4), (1005, 1), (9882, 1), (9884, 1), (1010, 1), (9892, 2), (9939, 1), (9960, 4), (9974, 2), (10020, 1), (10209, 3), (1039, 1), (10321, 2), (10363, 2), (10380, 1), (10385, 1), (10442, 4), (10490, 1), (10513, 2), (10559, 4), (10573, 2), (10612, 3), (1079, 2), (10660, 1), (10670, 1), (10682, 1), (10728, 10), (10780, 2), (10813, 1), (10833, 4), (10838, 14), (10866, 1), (1112, 2), (10899, 2), (10908, 1), (10909, 4), (10982, 1), (11000, 2), (11064, 2), (11068, 3), (11073, 1), (11095, 1), (11112, 2), (1141, 3), (11169, 27), (11175, 2), (11272, 1)
