stripp (DF: 5): (5173, 1), (5224, 2), (6835, 1), (14209, 2), (16373, 1)
stripper (DF: 45): (2048, 1), (2198, 1), (4211, 12), (4552, 1), (4766, 1), (4831, 1), (4884, 4), (4950, 4), (5056, 1), (5082, 1), (5943, 1), (6006, 1), (6032, 2), (7121, 1), (7276, 1), (7516, 1), (7591, 8), (7874, 1), (8132, 1), (8795, 1), (8960, 1), (9324, 1), (9526, 1), (10648, 6), (10956, 2), (11805, 1), (12141, 4), (12237, 1), (12483, 1), (13667, 1), (13846, 1), (14383, 2), (14547, 1), (14796, 1), (14926, 1), (15211, 1), (16032, 1), (1661, 1), (1692, 2), (16790, 1), (17296, 2), (17351, 4), (17899, 1), (17902, 6), (18168, 3)
stripperin (DF: 1): (3570, 2)
stripperinn (DF: 1): (9457, 1)
strippers (DF: 1): (996, 1)
strippi (DF: 1): (13846, 1)
strippin (DF: 12): (2840, 1), (4585, 1), (4851, 1), (8705, 1), (10346, 3), (11698, 1), (12360, 1), (13449, 1), (15004, 2), (15504, 1), (17274, 1), (17974, 1)
strippt (DF: 2): (198, 1), (3570, 7)
stripsach (DF: 1): (15814, 1)
stripteas (DF: 2): (2653, 2), (8124, 2)
strisc (DF: 1): (2567, 1)
strive (DF: 36): (1922, 1), (2241, 1), (2509, 1), (2809, 1), (3940, 1), (4575, 1), (4788, 2), (571, 1), (6020, 1), (6558, 1), (7634, 1), (7946, 1), (8761, 1), (9102, 1), (10137, 1), (10273, 1), (11212, 1), (11482, 1), (12976, 2), (12996, 1), (13263, 1), (14045, 1), (14164, 1), (14190, 3), (14399, 1), (14637, 1), (1533, 3), (15788, 1), (16266, 2), (1696, 3), (17044, 1), (17586, 1), (17809, 1), (18083, 1), (18085, 1), (18371, 1)
striver (DF: 1): (17811, 1)
strivin (DF: 3): (4731, 1), (5947, 3), (10044, 6)
stro (DF: 2): (7028, 2), (12256, 1)
strobe (DF: 15): (2538, 2), (2737, 1), (3441, 5), (4463, 2), (4612, 2), (4848, 2), (6043, 1), (7034, 4), (7874, 1), (944, 2), (9514, 1), (10568, 5), (1122, 1), (11422, 12), (15666, 2)
strode (DF: 1): (3249, 1)
strofin (DF: 1): (9906, 1)
stroke (DF: 76): (1916, 10), (2829, 1), (3149, 10), (3592, 2), (3593, 1), (4085, 10), (4407, 1), (4669, 1), (4766, 1), (4837, 1), (4887, 1), (553, 5), (5654, 1), (5926, 32), (5950, 2), (5982, 1), (6577, 7), (6910, 3), (7123, 2), (68, 1), (7553, 2), (7561, 3), (7857, 1), (7868, 1), (8037, 10), (8532, 1), (8538, 1), (8705, 1), (8838, 1), (8855, 1), (926, 10), (9242, 1), (9281, 1), (963, 1), (9467, 10), (1037, 1), (10970, 1), (11107, 1), (11379, 1), (11469, 10), (1196, 1), (11901, 73), (12044, 1), (12099, 1), (12675, 1), (12687, 14), (12838, 1), (13025, 1), (1326, 1), (13551, 1), (13961, 1), (14670, 1), (15093, 1), (15189, 2), (15263, 2), (1564, 1), (15521, 1), (15614, 1), (15675, 1), (16026, 1), (16073, 1), (16454, 1), (16926, 1), (17057, 1), (1739, 1), (17151, 1), (17243, 1), (17498, 1), (17550, 1), (17746, 10), (17751, 1), (1815, 1), (17985, 1), (18193, 4), (18225, 4), (11466, 27)
stroker (DF: 4): (2733, 1), (7121, 1), (17938, 1), (18099, 4)
strokin (DF: 2): (8183, 1), (8338, 2)
stroll (DF: 53): (1977, 1), (2032, 1), (2054, 1), (204, 1), (2305, 1), (3455, 2), (4218, 3), (4381, 6), (4634, 1), (456, 1), (4990, 4), (5343, 1), (5567, 1), (568, 1), (571, 1), (6064, 2), (6134, 1), (7943, 1), (8380, 1), (8407, 1), (8492, 1), (8929, 1), (9133, 2), (9257, 1), (10088, 1), (10309, 1), (10511, 3), (10815, 2), (10842, 1), (10900, 1), (11023, 1), (11679, 1), (11794, 1), (11807, 1), (12412, 1), (12469, 1), (12974, 1), (12988, 1), (13655, 1), (13884, 1), (13916, 3), (14676, 1), (14829, 4), (15776, 2), (15870, 1), (16319, 1), (1717, 2), (17423, 1), (17481, 1), (17599, 3), (17925, 2), (18245, 1), (18267, 1)
stroller (DF: 5): (222, 1), (8627, 1), (9000, 1), (10690, 2), (14533, 1)
strollin (DF: 15): (2692, 1), (2762, 1), (5085, 1), (669, 1), (7179, 1), (8804, 1), (8814, 4), (921, 2), (9579, 2), (11041, 1), (12269, 1), (14180, 4), (14298, 3), (16282, 1), (17353, 11)
strom (DF: 4): (2535, 1), (8498, 1), (13755, 1), (17630, 1)
stroma (DF: 2): (349, 1), (15456, 1)
stromzahl (DF: 1): (16745, 1)
stron (DF: 3): (10138, 7), (10436, 1), (1197, 1)
strong (DF: 55): (1893, 1), (196, 4), (1925, 15), (1943, 1), (1964, 1), (1976, 3), (1977, 1), (2004, 1), (2022, 3), (2039, 2), (2045, 1), (2087, 2), (2104, 1), (2164, 1), (2191, 1), (2216, 1), (2224, 1), (2232, 1), (2237, 1), (2244, 2), (2264, 2), (2304, 3), (2321, 1), (2367, 1), (2373, 8), (2398, 2), (2403, 1), (2408, 1), (2456, 1), (2500, 1), (2510, 3), (2635, 1), (2666, 4), (2699, 1), (2735, 3), (2767, 1), (2773, 1), (2779, 1), (2787, 1), (2831, 19), (2832, 1), (2847, 1), (2853, 2), (2884, 1), (2944, 1), (2993, 1), (3084, 3), (3102, 1), (298, 1), (3131, 2), (299, 1), (3137, 5), (3183, 2), (3194, 3), (3265, 1)
