crib (DF: 136): (10207, 1), (1038, 1), (10240, 1), (10269, 2), (10341, 1), (10346, 1), (10366, 1), (10396, 2), (10404, 1), (10491, 1), (10567, 1), (10626, 1), (10675, 1), (10883, 4), (10885, 1), (10927, 1), (10929, 1), (10945, 1), (11143, 1), (11225, 2), (1150, 2), (11295, 1), (11368, 2), (11373, 8), (11524, 2), (11716, 2), (11825, 1), (11898, 6), (11935, 1), (12164, 1), (12210, 3), (12254, 1), (12295, 2), (12545, 2), (12731, 1), (1304, 1), (12930, 2), (12944, 10), (13104, 1), (13140, 2), (13220, 1), (13231, 4), (13381, 2), (13696, 1), (13825, 1), (1410, 1), (13860, 1), (13920, 1), (14008, 1), (14032, 7), (1448, 1), (14234, 2), (14361, 2), (14377, 1), (14415, 1), (14446, 1), (14452, 4), (14565, 1), (14574, 1), (14601, 1), (14637, 1), (14653, 1), (14766, 2), (14812, 1), (1515, 1), (15003, 2), (15041, 2), (15061, 1), (15093, 1), (15101, 1), (15122, 1), (15189, 2), (15201, 1), (15305, 1), (1564, 1), (15311, 1), (15313, 1), (15337, 2), (15368, 1), (15376, 2), (15459, 1), (15460, 2), (15479, 1), (15529, 1), (15610, 1), (15631, 1), (15665, 1), (15669, 1), (15677, 1), (15718, 2), (1613, 1), (15788, 1), (1619, 1), (16026, 1), (16138, 2), (16156, 1), (16473, 2), (16605, 1), (16722, 10), (16744, 1), (175, 1), (16886, 1), (16890, 2), (16996, 2), (17102, 1), (17160, 1), (17336, 1), (17371, 1), (17417, 1), (17450, 1), (17460, 3), (17559, 2), (17599, 3), (17635, 1), (17773, 1), (17812, 1), (17910, 4), (17990, 1), (18005, 1), (18054, 1), (18102, 1), (18116, 1), (18118, 1), (1833, 1), (18128, 9), (18149, 3), (18245, 1), (1847, 1), (1849, 1), (2821, 1), (2822, 1), (12209, 1), (12602, 1), (12603, 3), (17296, 1), (17297, 1)
cribbi (DF: 2): (15968, 2), (16261, 2)
cribs (DF: 1): (15157, 1)
cric (DF: 1): (567, 12)
crick (DF: 1): (4028, 1)
cricket (DF: 6): (8995, 1), (9262, 1), (10398, 1), (13398, 1), (13522, 1), (18444, 1)
cricl (DF: 1): (12048, 1)
cried (DF: 1): (2757, 1)
criei (DF: 1): (12375, 1)
crier (DF: 4): (4137, 1), (5715, 1), (9347, 1), (14014, 1)
crill (DF: 1): (2053, 1)
crim (DF: 13): (3409, 1), (4916, 1), (5110, 2), (5735, 1), (6423, 7), (676, 2), (8569, 7), (10193, 6), (11750, 1), (12658, 14), (13771, 1), (13897, 4), (16701, 1)
crime (DF: 194): (1922, 1), (1941, 1), (2010, 1), (2035, 1), (2147, 1), (2184, 1), (2222, 1), (2232, 5), (2253, 4), (2263, 1), (2294, 4), (2360, 1), (2464, 12), (2489, 1), (2500, 1), (2510, 6), (245, 1), (2578, 1), (2588, 1), (2595, 3), (2649, 1), (2685, 1), (2765, 4), (2839, 1), (3009, 2), (3046, 1), (3138, 1), (3223, 1), (3257, 1), (3322, 1), (3330, 12), (3388, 1), (3402, 1), (3439, 1), (3441, 1), (3468, 1), (3557, 1), (3582, 1), (3646, 2), (3655, 1), (3802, 1), (3904, 1), (3939, 1), (3967, 1), (4045, 1), (4148, 1), (4259, 1), (4357, 1), (472, 2), (4903, 1), (5011, 1), (490, 1), (5134, 1), (5158, 3), (5245, 1), (5318, 1), (5374, 2), (5470, 1), (5537, 1), (548, 1), (5596, 8), (5872, 1), (5964, 14), (6029, 1), (6032, 1), (6055, 1), (6275, 1), (6367, 1), (6397, 1), (6461, 2), (6472, 1), (6482, 1), (6653, 1), (6764, 6), (6816, 1), (6827, 10), (6873, 1), (6923, 2), (7037, 3), (7110, 1), (7123, 1), (7134, 1), (7182, 1), (7227, 2), (7266, 1), (7323, 2), (7349, 2), (7472, 3), (7515, 2), (7536, 1), (7559, 1), (7634, 1), (7649, 1), (7698, 2), (7707, 1), (7829, 2), (7867, 1), (794, 2), (72, 2), (7943, 2), (8113, 1), (8155, 1), (842, 5), (8344, 1), (8347, 1), (8384, 1), (8468, 2), (8484, 6), (8491, 1), (8592, 1), (8596, 2), (8662, 2), (8673, 1), (8716, 1), (8754, 1), (8755, 1), (8757, 2), (8884, 1), (8921, 1), (8960, 2), (9007, 1), (9073, 1), (9183, 1), (9287, 3), (963, 1), (9394, 1), (9494, 1), (9509, 2), (980, 1), (9977, 1), (1021, 1), (10119, 1), (10236, 1), (10258, 3), (1045, 1), (10341, 2), (10376, 2), (10413, 1), (10480, 2), (10495, 1), (10568, 1), (10721, 1), (10799, 1), (10829, 2), (10868, 1), (10919, 1), (1128, 2), (11123, 1), (1136, 1), (11133, 1), (11137, 2), (11140, 3), (11246, 1), (11329, 2), (11332, 1), (11470, 1), (11594, 1), (11677, 1), (1196, 1), (11717, 8), (11797, 1), (11804, 1), (11915, 1), (1216, 1), (11956, 2), (11970, 1), (11979, 2), (12137, 1), (12348, 1), (12406, 1), (12490, 4), (12644, 1), (12704, 3), (12736, 1), (1310, 4), (13025, 1), (13052, 1), (13075, 1), (13140, 1), (13, 1), (13201, 2), (13269, 1), (1343, 3), (13371, 3), (13495, 1), (13601, 1), (13665, 1), (13802, 1), (13873, 1), (13937, 1), (14010, 1), (14148, 2), (14218, 1), (14283, 1)
