chiquitit (DF: 5): (10233, 14), (11000, 2), (15894, 1), (17594, 1), (17735, 14)
chiquta (DF: 1): (15595, 1)
chiraant (DF: 1): (18053, 1)
chiraq (DF: 2): (15371, 1), (16618, 2)
chiratsuka (DF: 1): (13524, 1)
chiribamet (DF: 1): (4373, 2)
chiricuas (DF: 1): (9431, 1)
chiropractor (DF: 3): (12752, 1), (14792, 1), (16006, 2)
chirp (DF: 13): (2026, 1), (2855, 1), (5751, 1), (6086, 2), (6390, 3), (8172, 1), (1011, 6), (9922, 4), (10859, 1), (14019, 1), (14190, 3), (14903, 1), (17129, 4)
chirpin (DF: 5): (5018, 1), (6104, 4), (1011, 1), (11448, 1), (14637, 1)
chirul (DF: 1): (16295, 2)
chirurg (DF: 1): (5049, 1)
chisel (DF: 7): (1922, 1), (2462, 1), (3779, 1), (6766, 1), (7927, 1), (924, 1), (17344, 2)
chism (DF: 7): (217, 1), (2656, 1), (4540, 1), (6705, 1), (10285, 1), (1461, 1), (16377, 1)
chisme (DF: 1): (13650, 1)
chismos (DF: 1): (4210, 1)
chisp (DF: 7): (1932, 2), (2034, 4), (7653, 1), (12804, 2), (13188, 2), (1366, 1), (16295, 2)
chispa (DF: 1): (306, 1)
chiss (DF: 9): (5392, 1), (6395, 2), (9, 2), (8198, 4), (9671, 1), (11272, 1), (15449, 2), (16746, 2), (16810, 1)
chissa (DF: 1): (11387, 1)
chist (DF: 13): (2316, 1), (3401, 1), (3902, 1), (5663, 1), (6961, 1), (8131, 1), (8817, 1), (13389, 1), (13694, 1), (14471, 3), (15204, 1), (15653, 1), (15993, 1)
chiste (DF: 1): (1803, 1)
chit (DF: 21): (17, 1), (2198, 1), (2527, 1), (2660, 1), (4937, 1), (5445, 1), (6462, 1), (646, 1), (7262, 6), (9905, 2), (10693, 1), (11102, 1), (11327, 1), (11541, 1), (13444, 6), (14235, 1), (15850, 1), (15882, 1), (16981, 1), (17829, 1), (17942, 1)
chitarr (DF: 2): (9, 2), (17273, 1)
chitlin (DF: 2): (4185, 2), (4365, 1)
chito (DF: 3): (10227, 7), (13968, 1), (14250, 11)
chitt (DF: 1): (9138, 1)
chitta (DF: 2): (4421, 1), (5535, 1)
chitter (DF: 3): (9194, 1), (10044, 2), (13685, 1)
chitti (DF: 3): (3010, 3), (9026, 2), (11862, 2)
chiu (DF: 1): (5214, 1)
chiud (DF: 5): (3316, 8), (5392, 3), (6250, 1), (9222, 1), (18325, 1)
chiunqu (DF: 1): (6395, 2)
chius (DF: 6): (2518, 1), (4587, 1), (7000, 1), (9, 2), (8936, 2), (11878, 1)
chiv (DF: 4): (8218, 1), (10407, 1), (15192, 1), (15369, 6)
chivalri (DF: 6): (2509, 4), (4648, 3), (5361, 1), (6020, 4), (14045, 4), (17586, 4)
chivas (DF: 2): (10498, 1), (11020, 1)
chivato (DF: 1): (2050, 1)
chivo (DF: 1): (4267, 10)
chivv (DF: 8): (2638, 2), (6303, 1), (8418, 2), (13201, 2), (1432, 2), (17008, 2), (17663, 1), (18253, 2)
chixtap (DF: 55): (1896, 1), (1972, 1), (2084, 1), (2192, 1), (2256, 1), (4003, 1), (4046, 1), (4088, 1), (4107, 1), (34, 1), (536, 1), (6363, 1), (6382, 1), (6885, 1), (6886, 1), (6926, 1), (7214, 1), (7616, 1), (7768, 1), (7912, 1), (8040, 1), (8232, 1), (8870, 1), (8953, 1), (9689, 1), (1030, 1), (10237, 1), (10281, 1), (10358, 1), (10764, 1), (10816, 1), (11397, 1), (11705, 1), (12021, 1), (12252, 1), (12479, 1), (12483, 1), (1334, 1), (13516, 1), (13643, 1), (13676, 1), (13848, 1), (14262, 1), (14443, 1), (15685, 1), (15865, 2), (16083, 1), (16084, 1), (16271, 1), (16473, 1), (16897, 1), (1736, 1), (17275, 1), (1799, 1), (18027, 1)
chiyuu (DF: 1): (11688, 1)
chiz (DF: 1): (17129, 1)
chizzi (DF: 2): (7006, 1), (9509, 1)
chizzl (DF: 2): (6114, 1), (11373, 2)
chiéan (DF: 1): (8210, 1)
chiù (DF: 1): (5663, 2)
chk (DF: 4): (3628, 2), (5426, 4), (925, 4), (13635, 2)
chka (DF: 3): (2211, 1), (16254, 4), (17818, 2)
chkk (DF: 2): (248, 1), (17105, 1)
chlamydia (DF: 1): (2174, 1)
chleb (DF: 3): (2951, 7), (6457, 4), (9085, 4)
chlen (DF: 1): (11024, 1)
chloe (DF: 7): (6123, 1), (7514, 1), (8761, 1), (8809, 1), (106, 11), (13667, 1), (16016, 1)
chlorin (DF: 3): (4901, 8), (8232, 1), (12706, 1)
chloé (DF: 1): (8396, 1)
chlu (DF: 1): (10362, 5)
chmur (DF: 2): (10436, 1), (16860, 1)
chmurach (DF: 1): (16860, 1)
chmuri (DF: 2): (16108, 1), (16366, 1)
chmurz (DF: 1): (8452, 1)
cho (DF: 25): (3076, 1), (4405, 1), (4743, 1), (5173, 1), (5801, 1), (6678, 7), (8452, 1), (8554, 1), (8717, 1), (908, 1), (9451, 1), (9647, 1), (9781, 1), (11814, 48), (11977, 2), (1218, 1), (12841, 48), (13125, 4), (14017, 1), (151, 1), (15736, 10), (16366, 4), (16526, 2), (17564, 1), (17632, 1)
choc (DF: 14): (2020, 1), (3555, 3), (476, 1), (5017, 4), (5040, 1), (5621, 4), (5770, 6), (7068, 1), (7301, 1), (7607, 1), (858, 1), (10, 1), (9469, 10), (9719, 1)
