szlifowan (DF: 1): (6754, 1)
szlugi (DF: 1): (4405, 1)
szmal (DF: 1): (13591, 2)
szmat (DF: 2): (7677, 2), (16962, 1)
szmata (DF: 3): (13770, 1), (15814, 1), (16726, 1)
szmato (DF: 2): (7836, 1), (13591, 2)
szmeri (DF: 1): (13770, 1)
szminki (DF: 1): (908, 1)
szmula (DF: 1): (7916, 6)
szn (DF: 3): (4497, 1), (8553, 1), (13135, 2)
sznyt (DF: 1): (7916, 6)
szpital (DF: 1): (14869, 1)
szrami (DF: 1): (250, 1)
szroeder (DF: 1): (10756, 1)
sztam (DF: 1): (16833, 1)
sztuczki (DF: 1): (15770, 1)
sztuk (DF: 4): (8452, 1), (10784, 1), (13770, 2), (17245, 1)
sztuka (DF: 1): (16726, 1)
sztuki (DF: 4): (6754, 1), (8452, 7), (16366, 1), (17071, 1)
szuka (DF: 3): (10362, 5), (17210, 1), (18094, 6)
szukaj (DF: 1): (16366, 1)
szukam (DF: 1): (10756, 5)
szukasz (DF: 1): (10784, 1)
szyb (DF: 1): (17564, 2)
szybciej (DF: 1): (16366, 1)
szybka (DF: 4): (7916, 1), (8509, 1), (14899, 1), (17410, 1)
szybki (DF: 4): (10539, 1), (16366, 1), (17245, 1), (17410, 1)
szybko (DF: 6): (1918, 2), (6007, 1), (9695, 1), (13591, 2), (16848, 1), (17210, 1)
szych (DF: 1): (10138, 1)
szyi (DF: 2): (8452, 1), (10436, 1)
szykuj (DF: 1): (8452, 1)
szym (DF: 1): (8452, 1)
szymi (DF: 1): (8452, 2)
szynka (DF: 1): (15814, 1)
szyszki (DF: 1): (8452, 1)
szósta (DF: 2): (1655, 4), (16442, 1)
szóstej (DF: 1): (16860, 1)
sábado (DF: 1): (16850, 1)
sã (DF: 2): (5449, 2), (13501, 2)
são (DF: 28): (2242, 1), (2680, 2), (2833, 3), (2839, 2), (3007, 2), (5007, 1), (5011, 1), (6234, 1), (6804, 1), (6983, 4), (7869, 1), (8113, 1), (9812, 2), (10060, 2), (10316, 5), (10637, 2), (11979, 1), (12177, 4), (13710, 1), (14095, 1), (14182, 1), (15617, 1), (16522, 1), (17096, 1), (17325, 2), (17649, 1), (18136, 6), (1881, 1)
sängar (DF: 1): (2152, 1)
sätt (DF: 1): (2152, 1)
så (DF: 41): (2018, 3), (2152, 3), (229, 19), (2952, 6), (3527, 8), (3591, 23), (413, 9), (4295, 3), (4425, 2), (4714, 1), (4991, 4), (6292, 9), (6674, 10), (7077, 2), (7200, 1), (8564, 10), (9498, 1), (10050, 1), (10543, 6), (10592, 8), (11019, 1), (11071, 1), (11364, 24), (11953, 3), (12273, 2), (13626, 12), (13659, 4), (13988, 1), (14092, 4), (1465, 3), (15844, 1), (16208, 2), (16226, 2), (16307, 1), (16525, 1), (16718, 6), (16869, 1), (17294, 7), (17567, 39), (17702, 3), (18172, 1)
sådan (DF: 1): (2952, 1)
såg (DF: 1): (18172, 4)
sånn (DF: 1): (9498, 10)
sæt (DF: 3): (7200, 1), (1465, 1), (15844, 1)
sætt (DF: 1): (7200, 1)
sè (DF: 6): (9906, 2), (10546, 1), (11878, 1), (14799, 1), (14961, 1), (1800, 1)
sènon (DF: 1): (5187, 2)
sé (DF: 21): (1920, 5), (4109, 1), (5042, 2), (6137, 1), (6408, 1), (6657, 2), (7049, 8), (7342, 6), (7835, 1), (8210, 3), (9474, 8), (1171, 1), (11525, 32), (13305, 2), (13377, 2), (13765, 2), (15589, 10), (15919, 1), (16555, 1), (16855, 5), (17697, 1)
séanc (DF: 2): (5495, 1), (17276, 2)
sébastien (DF: 1): (3297, 1)
século (DF: 1): (3467, 1)
sélection (DF: 1): (3453, 1)
sémaphor (DF: 1): (5166, 2)
séria (DF: 1): (12677, 1)
sério (DF: 9): (2839, 1), (3215, 2), (4357, 1), (6844, 2), (7211, 1), (8363, 1), (13647, 1), (13713, 1), (14182, 1)
séroposit (DF: 1): (4308, 1)
séver (DF: 1): (4197, 1)
sì (DF: 36): (2518, 1), (3972, 1), (5109, 3), (5116, 2), (5321, 4), (5821, 1), (6395, 1), (6631, 1), (6691, 1), (63, 1), (7251, 2), (8198, 3), (8264, 11), (8777, 2), (9671, 2), (1010, 1), (10238, 8), (11298, 1), (11314, 3), (11419, 8), (11821, 1), (12256, 1), (13019, 5), (14517, 1), (14778, 1), (14961, 1), (15449, 3), (15757, 3), (15824, 1), (16451, 1), (17014, 4), (17369, 3), (17487, 1), (187, 6), (1850, 1), (18408, 15)
sí (DF: 6): (2476, 8), (6006, 1), (8597, 1), (1171, 1), (13932, 3), (15589, 1)
síguelo (DF: 1): (13932, 1)
síput (DF: 1): (11424, 1)
só (DF: 26): (1979, 1), (213, 2), (2242, 1), (2631, 16), (2651, 4), (2680, 4), (2833, 5), (2839, 3), (2986, 8), (3007, 4), (3215, 1), (3353, 5), (3364, 6), (3467, 1), (3692, 3), (3838, 3), (3870, 2), (3955, 3), (4016, 3), (4167, 1), (4357, 1), (5007, 2), (5606, 5), (5719, 3), (5860, 3), (5959, 1)
