filosof (DF: 6): (7172, 4), (9090, 2), (11932, 1), (13090, 2), (15330, 1), (15560, 2)
filosofi (DF: 2): (4210, 1), (791, 3)
filote (DF: 1): (7392, 4)
filous (DF: 11): (2338, 1), (5936, 2), (7364, 1), (9105, 2), (12532, 2), (1460, 1), (15508, 1), (16224, 2), (17228, 1), (18084, 1), (18255, 1)
filozoficzni (DF: 1): (16247, 1)
filt (DF: 1): (9788, 1)
filter (DF: 16): (2906, 1), (3280, 4), (5503, 2), (6031, 1), (6849, 1), (8168, 1), (9426, 1), (10369, 1), (11212, 1), (1173, 1), (12422, 1), (14235, 1), (14829, 1), (15439, 1), (161, 1), (16402, 1)
filth (DF: 5): (3267, 1), (3729, 1), (546, 1), (8190, 2), (10335, 1)
filthi (DF: 47): (1929, 1), (1948, 1), (2198, 1), (2679, 1), (2869, 1), (3010, 1), (3172, 3), (3632, 6), (3731, 1), (3804, 1), (4038, 1), (5394, 1), (5418, 5), (6098, 1), (692, 2), (7089, 6), (7707, 1), (8346, 1), (8581, 1), (879, 1), (9256, 1), (9501, 1), (9627, 2), (9875, 5), (105, 2), (11215, 1), (11784, 1), (11797, 1), (12034, 1), (1253, 1), (12412, 1), (13246, 1), (13581, 1), (14101, 1), (14739, 1), (15263, 1), (15309, 3), (15505, 8), (15568, 1), (1622, 1), (16039, 1), (17102, 1), (17833, 3), (17974, 3), (18056, 4), (18359, 1), (1874, 1)
filthiest (DF: 1): (17974, 3)
filthy (DF: 1): (17594, 1)
filtr (DF: 5): (3290, 12), (5363, 1), (9318, 10), (9410, 1), (17390, 1)
filud (DF: 1): (16378, 1)
filé (DF: 1): (13892, 1)
fim (DF: 21): (2839, 1), (3007, 1), (3467, 1), (3838, 2), (6983, 1), (8113, 3), (8574, 1), (8989, 2), (9087, 1), (9391, 3), (9525, 1), (1183, 1), (12375, 1), (12668, 1), (13078, 1), (1415, 1), (16353, 4), (16522, 1), (16533, 1), (17397, 2), (17899, 1)
fin (DF: 247): (1978, 2), (2027, 2), (2255, 1), (2342, 2), (229, 1), (2425, 1), (2656, 1), (2940, 1), (3009, 1), (3090, 2), (3158, 5), (3214, 1), (3269, 1), (3344, 1), (3453, 1), (3483, 4), (349, 1), (3614, 4), (371, 1), (3897, 1), (3920, 2), (3972, 2), (4032, 1), (4034, 1), (4086, 3), (4190, 1), (4197, 2), (4295, 1), (4308, 1), (4315, 1), (438, 2), (4501, 2), (444, 2), (4532, 2), (4569, 1), (4591, 3), (468, 1), (4764, 1), (4782, 2), (4799, 1), (476, 1), (4912, 1), (4939, 1), (4951, 5), (4992, 2), (44, 1), (5109, 2), (5110, 1), (5116, 2), (5156, 1), (5173, 1), (5183, 6), (524, 2), (5317, 1), (5341, 1), (5376, 1), (5381, 22), (5399, 8), (539, 8), (5439, 1), (5622, 1), (5707, 1), (5735, 1), (5768, 1), (5785, 1), (5801, 2), (5821, 1), (5825, 1), (5852, 3), (5856, 1), (5945, 1), (6001, 1), (6041, 1), (598, 5), (6138, 1), (6190, 1), (6250, 2), (6280, 8), (6326, 1), (6342, 1), (6432, 2), (6450, 2), (649, 1), (6626, 1), (6628, 3), (6659, 3), (6808, 5), (676, 2), (6909, 2), (6961, 1), (7028, 2), (7178, 1), (711, 2), (7251, 1), (724, 1), (7369, 1), (7455, 1), (9, 3), (7526, 2), (7607, 1), (776, 2), (7694, 3), (7742, 2), (7773, 3), (7904, 2), (7989, 2), (8036, 2), (8188, 1), (8255, 1), (8278, 1), (8454, 7), (8606, 2), (8671, 7), (8699, 2), (8728, 3), (8745, 1), (897, 2), (910, 1), (8936, 3), (9016, 1), (924, 1), (9040, 2), (9070, 1), (9079, 1), (934, 1), (9203, 1), (9222, 1), (9362, 2), (9431, 1), (9521, 1), (9532, 3), (9596, 4), (982, 2), (9660, 2), (9664, 1), (9719, 1), (9797, 2), (1010, 1), (9903, 1), (9906, 4), (9974, 1), (10238, 1), (10379, 6), (10380, 1), (10385, 2), (10410, 2), (10490, 2), (10513, 1), (10543, 1), (10559, 2), (10584, 1), (10690, 2), (10892, 1), (10982, 1), (11235, 2), (11272, 1), (12, 2), (11298, 1), (11314, 1), (11341, 1), (11413, 4), (11533, 1), (11590, 1), (11620, 2), (11642, 1), (11644, 4), (11649, 1), (11696, 1), (11750, 1), (11783, 8), (11800, 1), (11814, 3), (11821, 1), (12025, 2), (12042, 1), (12276, 1), (12277, 2), (12302, 1), (12351, 1), (12381, 6), (12404, 1), (12421, 4), (12426, 3), (12449, 1), (1297, 1), (12833, 1), (12841, 3), (1305, 3), (12985, 2), (13019, 3), (13023, 1), (13084, 2), (13095, 1), (13096, 1), (13164, 1), (13398, 2), (13416, 1), (13468, 1), (13580, 1), (13588, 2), (13650, 3), (1395, 1), (13754, 1), (13986, 3), (14011, 6), (1455, 1), (14260, 2), (14280, 1), (14429, 1), (14533, 1), (14600, 3), (14685, 1), (1501, 1), (14799, 1), (14884, 6), (14963, 4), (14, 6), (15112, 4), (15192, 1), (15234, 1), (15292, 1), (15402, 1), (15456, 2), (15570, 1), (15633, 1), (15716, 1), (15821, 1), (15824, 12), (15899, 1), (1631, 1), (16024, 1), (16321, 2), (1682, 4), (16767, 1), (16810, 2), (1724, 1), (16998, 1), (17014, 1), (17059, 3), (17140, 1), (17146, 1), (178, 2), (1748, 1), (17245, 1), (17299, 1), (17336, 2), (17427, 1)
