stoppin (DF: 49): (7409, 4), (7662, 1), (7926, 1), (8007, 1), (8170, 1), (8413, 1), (8416, 1), (904, 2), (9166, 6), (9374, 1), (9608, 1), (9611, 1), (980, 1), (9713, 1), (10044, 4), (10629, 1), (10774, 1), (11218, 2), (11327, 1), (11679, 1), (1219, 1), (12104, 2), (12166, 2), (12543, 4), (12616, 1), (13158, 4), (13170, 1), (1343, 1), (13593, 1), (13619, 1), (13972, 1), (14142, 1), (14428, 1), (14490, 1), (15070, 1), (15089, 5), (15260, 1), (15708, 2), (16053, 2), (16328, 1), (16519, 1), (16873, 3), (17081, 1), (17336, 1), (17349, 1), (18018, 1), (1829, 1), (18259, 1), (18351, 1)
stoppt (DF: 1): (6835, 1)
stopro (DF: 2): (15359, 1), (17245, 4)
stopt (DF: 1): (812, 1)
stopwatch (DF: 3): (6780, 9), (9852, 1), (1880, 6)
stor (DF: 20): (2952, 1), (3295, 4), (3316, 1), (5187, 1), (5775, 2), (5801, 1), (7281, 1), (7726, 1), (8671, 1), (8777, 1), (9203, 3), (9648, 1), (11298, 1), (15824, 3), (16746, 2), (16919, 1), (17021, 1), (17294, 1), (17648, 4), (18370, 1)
storch (DF: 10): (2644, 1), (3652, 1), (8168, 1), (8235, 2), (10558, 1), (11294, 1), (1243, 1), (12396, 1), (15048, 2), (15190, 1)
storchbein (DF: 1): (15766, 1)
store (DF: 221): (197, 2), (2076, 1), (2192, 1), (25, 2), (2522, 2), (2630, 1), (2692, 1), (2708, 1), (2872, 1), (285, 4), (3079, 2), (3101, 1), (3105, 1), (3152, 2), (3164, 1), (324, 1), (3338, 2), (3404, 1), (3474, 1), (3619, 1), (3671, 2), (3706, 1), (365, 1), (3804, 4), (3860, 1), (384, 1), (3937, 2), (389, 1), (405, 5), (4128, 1), (4148, 1), (4185, 2), (4226, 1), (4229, 2), (4267, 2), (4553, 2), (4620, 1), (4634, 1), (4715, 1), (4762, 1), (4789, 1), (4864, 1), (4874, 1), (4933, 1), (4944, 1), (5036, 1), (5190, 1), (5303, 3), (5367, 2), (5494, 1), (5567, 1), (5583, 1), (5584, 2), (5627, 8), (5667, 2), (5702, 1), (5842, 1), (5902, 1), (6012, 1), (6024, 1), (6036, 1), (6044, 2), (6085, 2), (6096, 1), (6287, 1), (6374, 2), (642, 1), (6516, 6), (6570, 1), (6573, 1), (6585, 2), (6587, 1), (6613, 2), (6674, 1), (6759, 1), (6969, 1), (7009, 1), (7024, 1), (7060, 1), (699, 3), (7163, 1), (7187, 1), (7276, 1), (7290, 1), (7390, 1), (7721, 1), (782, 1), (789, 1), (7991, 1), (8133, 1), (8148, 1), (8168, 1), (8331, 1), (8367, 1), (8400, 1), (8425, 1), (8530, 1), (8536, 1), (865, 1), (8592, 1), (8596, 1), (8716, 1), (8759, 2), (8780, 1), (9061, 1), (9069, 2), (9284, 1), (964, 2), (9403, 1), (9429, 1), (9498, 1), (9751, 2), (9759, 1), (9878, 1), (10008, 2), (10141, 1), (10234, 1), (10249, 1), (10269, 4), (10307, 1), (1092, 1), (10744, 2), (10945, 1), (11041, 1), (11123, 1), (11143, 1), (11340, 1), (11376, 1), (11406, 2), (11525, 4), (11634, 1), (11663, 1), (11665, 1), (11671, 1), (11784, 1), (11825, 1), (11848, 1), (11859, 2), (1216, 1), (12104, 1), (1243, 1), (12227, 1), (12394, 2), (12396, 1), (12418, 3), (12551, 1), (12654, 1), (12795, 2), (1304, 2), (12859, 1), (12889, 1), (12986, 1), (13011, 1), (13202, 2), (13326, 1), (1351, 2), (13405, 1), (13408, 1), (13619, 1), (13691, 2), (13732, 2), (13769, 1), (13802, 1), (13812, 1), (13873, 1), (14001, 1), (14054, 1), (14080, 1), (14092, 1), (14100, 1), (1448, 1), (14256, 3), (14388, 1), (14391, 1), (14490, 1), (14504, 1), (14812, 1), (14848, 1), (14900, 1), (14934, 1), (15101, 3), (15110, 1), (15113, 1), (15188, 6), (15262, 1), (15305, 3), (15320, 2), (15334, 1), (15595, 3), (15631, 1), (15683, 4), (15713, 1), (15743, 1), (15750, 1), (16271, 1), (16282, 1), (16707, 1), (16779, 1), (1708, 1), (16831, 1), (16886, 1), (16894, 12), (16929, 1), (16949, 1), (16953, 1), (17019, 1), (17067, 1), (17079, 1), (17135, 1), (17346, 5), (17353, 1), (17401, 1), (17452, 2), (17524, 1), (17672, 2), (17695, 1), (18118, 1), (1841, 1), (18382, 1), (18448, 1), (188, 2)
storey (DF: 1): (12835, 1)
stori (DF: 63): (1965, 1), (1981, 1), (1994, 1), (2003, 2), (2016, 3), (2061, 1), (209, 1), (2174, 1), (2181, 2), (2225, 1), (2244, 1), (2290, 1), (2299, 1), (2352, 1), (2395, 1), (231, 2), (2423, 1), (2432, 1), (2534, 1), (2570, 3), (2588, 2), (2605, 5), (2622, 3), (2665, 1), (2720, 3), (2791, 6), (2799, 4), (2803, 1), (2817, 1), (2830, 1), (2831, 2), (2870, 1), (2871, 1), (2880, 1), (2930, 1), (3089, 1), (3097, 2), (3109, 1), (3126, 1), (3142, 1), (3186, 1), (3244, 1), (3301, 1), (3321, 5), (3341, 1), (3350, 1), (3371, 1), (3391, 1), (3412, 2), (3444, 2), (3476, 2), (3518, 1), (3624, 1), (3641, 3), (3653, 1), (3690, 2), (3750, 6), (3791, 1), (3795, 1), (3827, 2), (3841, 1), (3861, 1), (3907, 1)
