pocket (DF: 214): (11110, 5), (11195, 6), (11212, 1), (11247, 1), (11255, 2), (11295, 1), (11300, 3), (11482, 1), (11489, 1), (11492, 1), (11498, 2), (11500, 1), (11594, 2), (11634, 1), (11660, 2), (11702, 5), (11807, 1), (11881, 1), (12005, 1), (12019, 1), (124, 4), (12035, 1), (12079, 1), (12097, 5), (12154, 1), (12200, 1), (12209, 1), (12259, 1), (12267, 1), (12289, 2), (12324, 10), (12336, 1), (12383, 1), (12396, 1), (12405, 1), (12414, 1), (12432, 2), (12539, 2), (12578, 1), (12580, 10), (12585, 1), (12600, 1), (12627, 1), (12690, 2), (12777, 1), (12793, 1), (12797, 3), (12832, 1), (12851, 1), (12868, 1), (12944, 1), (12962, 4), (12985, 2), (12987, 1), (12989, 1), (13052, 1), (13070, 2), (13111, 1), (13114, 1), (13192, 1), (13202, 1), (13210, 1), (13223, 1), (13260, 1), (13261, 4), (13269, 1), (13280, 1), (13315, 1), (13435, 6), (13472, 1), (13554, 1), (13573, 1), (13601, 1), (13750, 1), (13778, 1), (13885, 1), (13891, 1), (13961, 1), (13965, 1), (13969, 4), (14007, 2), (14027, 2), (1436, 1), (14216, 1), (14316, 1), (14388, 1), (14403, 2), (14443, 1), (14452, 1), (14483, 1), (14526, 1), (14547, 1), (14591, 4), (1491, 1), (14665, 1), (14667, 1), (14742, 1), (14788, 12), (1510, 9), (14900, 1), (14942, 1), (14950, 1), (14971, 1), (14975, 1), (14978, 8), (14980, 2), (15003, 2), (15093, 1), (15130, 1), (1552, 2), (15189, 2), (15239, 2), (15250, 1), (15268, 4), (1561, 1), (1564, 1), (15313, 1), (15328, 1), (15342, 1), (15371, 2), (15376, 2), (1574, 2), (15434, 1), (15479, 1), (15524, 8), (15529, 1), (15541, 3), (15568, 1), (15573, 6), (15584, 1), (15595, 1), (15620, 1), (15627, 1), (15630, 1), (15637, 1), (15688, 1), (15937, 1), (15943, 2), (15956, 1), (15963, 1), (15978, 2), (15988, 1), (16019, 1), (16026, 1), (168, 2), (16070, 3), (16072, 18), (16089, 1), (16140, 1), (16164, 1), (16216, 2), (16242, 1), (16248, 1), (16271, 1), (16460, 1), (16513, 1), (16790, 1), (16806, 1), (1712, 1), (16870, 2), (16913, 1), (16947, 7), (16977, 3), (17040, 8), (17067, 1), (1747, 1), (17206, 1), (17241, 1), (17257, 1), (17267, 1), (17322, 1), (17334, 2), (17349, 1), (17354, 1), (17417, 1), (17533, 1), (1775, 1), (17550, 2), (17587, 1), (17657, 1), (17677, 1), (17752, 1), (17766, 1), (17812, 1), (17910, 4), (1816, 1), (1820, 1), (1829, 1), (18103, 1), (18170, 1), (18207, 3), (18259, 1), (18291, 2), (18378, 1), (18382, 1), (18385, 5), (18417, 1), (18448, 1), (4837, 1), (4840, 2), (8555, 1), (8556, 2), (8700, 1), (8702, 1), (12060, 1), (12061, 1), (15267, 4), (15846, 1), (15847, 1), (16129, 1), (16130, 1), (17042, 1), (18126, 1), (18127, 2)
pocketa (DF: 1): (7279, 1)
pocketbook (DF: 2): (9288, 1), (18110, 1)
pocketful (DF: 1): (2757, 1)
pocketknif (DF: 1): (8122, 1)
poco (DF: 9): (2205, 1), (6822, 1), (8870, 1), (11563, 2), (11685, 2), (1256, 6), (1257, 1), (16405, 6), (16645, 1)
pocono (DF: 1): (3774, 1)
pocus (DF: 10): (1894, 1), (2489, 1), (3485, 2), (5942, 1), (8316, 1), (11351, 1), (15206, 1), (15612, 1), (15871, 1), (17306, 1)
poczekaj (DF: 1): (16108, 1)
poczekasz (DF: 1): (16848, 1)
poczt (DF: 1): (10756, 1)
pocztówka (DF: 1): (10138, 2)
pod (DF: 117): (1907, 1), (1963, 3), (1967, 4), (2033, 3), (2107, 1), (2111, 2), (216, 2), (2606, 2), (250, 2), (2682, 1), (276, 2), (3090, 1), (312, 1), (3351, 2), (3421, 2), (3434, 1), (3459, 2), (371, 1), (3898, 1), (4358, 1), (4361, 1), (4445, 6), (4470, 2), (4567, 2), (4651, 2), (4659, 1), (468, 2), (4763, 1), (4782, 2), (4846, 1), (4954, 1), (5017, 1), (5183, 2), (5224, 2), (5352, 3), (5480, 1), (5541, 1), (5613, 4), (5674, 1), (577, 2), (5826, 6), (5975, 2), (6007, 1), (6025, 1), (6041, 4), (6179, 2), (6263, 2), (6326, 2), (6336, 1), (6379, 1), (6441, 3), (6466, 1), (6513, 5), (6515, 3), (6562, 3), (6651, 1), (6656, 1), (6706, 1), (6808, 1), (6884, 1), (6917, 1), (7108, 1), (7172, 2), (7205, 1), (715, 1), (7251, 3), (7255, 1), (7288, 2), (7309, 2), (7392, 2), (7462, 1), (7526, 1), (7677, 2), (7760, 1), (8140, 1), (8187, 1), (8255, 1), (8352, 1), (8452, 1), (8509, 5), (8516, 1), (8518, 1), (8618, 1), (8820, 5), (8882, 18), (8902, 3), (8914, 2), (8945, 7), (924, 1), (9090, 1), (9162, 1), (9196, 1), (9259, 1), (9309, 1), (9367, 2), (9469, 1), (9475, 2), (9524, 1), (9536, 2), (9545, 2), (9609, 1), (9695, 1), (9762, 7), (9845, 1), (1013, 2), (10193, 2), (10239, 1), (10321, 1), (10322, 1), (10362, 1), (10584, 6), (10660, 1), (10679, 1), (1095, 1), (10756, 1), (10781, 3), (10784, 1)
