attitud (DF: 17): (16967, 1), (16971, 1), (17083, 1), (1773, 1), (17626, 1), (17761, 1), (17836, 1), (17845, 4), (17958, 3), (17983, 1), (18089, 1), (18149, 3), (18168, 1), (18180, 1), (18203, 1), (18253, 1), (18381, 1)
attituuuuuuud (DF: 1): (10329, 4)
attituuuuuuuud (DF: 1): (10329, 2)
attiv (DF: 1): (4587, 1)
attla (DF: 1): (3785, 1)
attom (DF: 3): (2763, 1), (11731, 2), (12115, 2)
attorn (DF: 1): (7837, 1)
attorney (DF: 5): (606, 1), (9054, 1), (11214, 1), (13769, 1), (17657, 1)
attract (DF: 96): (1964, 1), (2048, 1), (232, 1), (3057, 1), (3084, 3), (3156, 1), (3244, 1), (3402, 1), (3472, 2), (29, 2), (3956, 4), (3960, 1), (3985, 1), (4014, 3), (4877, 1), (5019, 1), (5036, 1), (5171, 2), (5289, 1), (5336, 1), (5349, 1), (548, 1), (5608, 1), (556, 1), (5886, 2), (5915, 1), (5918, 1), (6087, 1), (6253, 1), (6483, 1), (6509, 1), (645, 4), (6629, 1), (6847, 2), (684, 2), (7001, 1), (7349, 1), (740, 1), (7707, 1), (7729, 2), (8135, 1), (8204, 1), (8494, 3), (8847, 2), (9376, 6), (9495, 1), (9509, 1), (9991, 1), (10076, 1), (10106, 4), (106, 1), (10614, 1), (10684, 1), (11125, 4), (12125, 1), (12551, 1), (12569, 1), (12587, 1), (12810, 1), (13129, 4), (13283, 1), (136, 1), (13564, 1), (1410, 1), (1413, 1), (13961, 1), (14057, 2), (14188, 1), (14405, 1), (14441, 2), (14562, 2), (14759, 1), (15033, 2), (1544, 1), (15124, 4), (15189, 2), (15481, 3), (15518, 1), (15790, 1), (15976, 1), (16218, 2), (16256, 1), (16342, 1), (16543, 1), (16610, 1), (16737, 1), (15, 1), (16851, 1), (16857, 1), (16994, 1), (17035, 1), (17226, 5), (17331, 3), (17509, 3), (18028, 1), (18411, 13)
attractin (DF: 5): (1949, 1), (7220, 2), (15687, 1), (16355, 1), (18342, 1)
attraktiv (DF: 1): (14613, 1)
attrap (DF: 3): (10194, 1), (11982, 1), (12323, 2)
attrapent (DF: 1): (4308, 1)
attrapp (DF: 1): (3123, 1)
attravers (DF: 1): (1818, 1)
attrezz (DF: 1): (2567, 1)
atuar (DF: 2): (5719, 2), (9355, 1)
atuend (DF: 1): (7948, 1)
aturar (DF: 1): (9355, 1)
aturd (DF: 2): (9296, 1), (16951, 2)
atv (DF: 3): (802, 1), (13321, 1), (15610, 1)
atwa (DF: 1): (8717, 9)
atwo (DF: 3): (6457, 1), (1655, 1), (16247, 1)
atyp (DF: 1): (11089, 3)
atypisk (DF: 2): (2759, 1), (16208, 2)
atz (DF: 2): (4989, 1), (5370, 1)
atzend (DF: 1): (15458, 1)
até (DF: 36): (213, 1), (3353, 2), (3467, 1), (3692, 2), (5719, 1), (5860, 1), (6500, 1), (60, 2), (6983, 1), (7211, 8), (7563, 1), (7869, 1), (9120, 2), (9355, 1), (9391, 2), (1072, 2), (10637, 6), (11504, 1), (1183, 1), (11808, 4), (13304, 2), (1415, 2), (14580, 2), (15898, 1), (16071, 1), (16117, 1), (16199, 2), (1659, 2), (16522, 2), (16798, 3), (16847, 1), (17397, 2), (17551, 4), (17650, 4), (18136, 1), (1881, 1)
au (DF: 32): (2260, 1), (2490, 4), (3364, 12), (4012, 1), (4153, 1), (4193, 2), (4652, 1), (6151, 2), (6346, 4), (6544, 1), (6663, 1), (6808, 1), (7454, 1), (8198, 2), (8403, 1), (9792, 1), (10838, 4), (11243, 2), (12241, 1), (12643, 2), (12734, 1), (13019, 2), (13617, 1), (13700, 15), (13707, 4), (16208, 4), (16209, 2), (16706, 1), (17066, 1), (1736, 2), (17750, 1), (18244, 1)
au5 (DF: 1): (10241, 1)
aub (DF: 1): (4379, 2)
aubad (DF: 1): (15912, 1)
aubain (DF: 1): (13019, 1)
aubergina (DF: 2): (3067, 1), (7373, 1)
aubert (DF: 1): (14824, 1)
aubrey (DF: 1): (6913, 1)
auburn (DF: 6): (6262, 1), (6479, 1), (6539, 1), (10917, 1), (13361, 4), (15265, 1)
aucenci (DF: 1): (11203, 1)
auch (DF: 1): (11179, 1)
auci (DF: 2): (13770, 1), (16860, 1)
auction (DF: 7): (1899, 1), (4319, 1), (5066, 1), (6704, 2), (15085, 1), (17206, 1), (17483, 1)
aucun (DF: 2): (4197, 1), (4308, 2)
aud (DF: 2): (4339, 1), (18408, 1)
audac (DF: 6): (3807, 2), (4669, 1), (7138, 1), (9143, 7), (11559, 1), (13551, 1)
audaci (DF: 6): (2981, 1), (5792, 1), (8068, 1), (9143, 1), (11391, 1), (11559, 1)
audaz (DF: 1): (18145, 1)
audemar (DF: 25): (2164, 1), (2315, 1), (229, 1), (246, 1), (3248, 1), (350, 1), (3589, 1), (3826, 2), (4318, 1), (5056, 1), (5082, 1), (6144, 1), (7070, 1), (7516, 1), (8932, 1), (9061, 1), (9728, 1), (11123, 2), (11716, 2), (14032, 21), (14443, 1), (15018, 1), (16777, 1), (17021, 2), (18149, 3)
audemars (DF: 1): (1850, 2)
audi (DF: 8): (2050, 1), (246, 1), (3064, 1), (3067, 2), (5149, 1), (5212, 7), (5294, 1), (5775, 1)
