gunnin (DF: 18): (8548, 1), (8713, 1), (8818, 1), (10480, 1), (10841, 1), (12019, 1), (1230, 1), (14055, 1), (1471, 1), (14479, 1), (15904, 1), (16190, 1), (16220, 1), (16570, 1), (17083, 1), (17367, 1), (17596, 1), (18042, 4)
gunplay (DF: 1): (1622, 1)
gunpowd (DF: 7): (2943, 3), (40, 1), (5172, 3), (9032, 1), (12170, 1), (14524, 3), (17421, 3)
gunpowder911 (DF: 1): (2004, 1)
guns (DF: 1): (17546, 1)
gunship (DF: 4): (8303, 1), (8907, 1), (13784, 2), (17517, 1)
gunshot (DF: 24): (2100, 1), (26, 3), (2822, 1), (3602, 1), (4420, 2), (4603, 1), (5434, 1), (5565, 1), (6367, 1), (6452, 1), (7207, 8), (7227, 2), (8141, 1), (9073, 1), (9267, 1), (9763, 1), (9861, 2), (10195, 1), (1164, 2), (11725, 1), (13543, 1), (15113, 1), (15727, 1), (17809, 1)
gunsl (DF: 1): (11946, 1)
gunslingin (DF: 1): (9604, 1)
gunsmok (DF: 1): (350, 1)
guntalk (DF: 1): (2637, 2)
gunter (DF: 3): (5177, 1), (7295, 1), (10219, 1)
guord (DF: 2): (5792, 1), (11391, 1)
gupit (DF: 1): (10596, 1)
guppi (DF: 9): (3790, 1), (5312, 2), (6761, 4), (6788, 1), (7751, 2), (12904, 1), (12946, 2), (1556, 1), (15303, 1)
gur (DF: 1): (9519, 2)
gurante (DF: 1): (15149, 1)
guranteein (DF: 1): (15407, 1)
gurdi (DF: 1): (6828, 1)
gureuramyeon (DF: 1): (15773, 2)
gurgl (DF: 1): (11090, 1)
gurglin (DF: 1): (16155, 1)
gurhti (DF: 1): (9138, 1)
guria (DF: 1): (10131, 1)
gurl (DF: 4): (16, 3), (7159, 2), (15591, 3), (16050, 17)
gurley (DF: 1): (1336, 1)
gurney (DF: 1): (1336, 1)
gurrl (DF: 2): (2899, 1), (10035, 1)
gurtel (DF: 1): (14254, 1)
gurtelschnall (DF: 2): (5691, 2), (6620, 2)
guru (DF: 13): (2845, 10), (3135, 1), (668, 2), (8510, 1), (10615, 22), (11329, 1), (11936, 1), (13619, 1), (14006, 2), (14055, 1), (14399, 1), (1656, 2), (16518, 1)
gurur (DF: 2): (2921, 4), (1602, 4)
guruv (DF: 2): (2921, 1), (1602, 1)
gus (DF: 8): (227, 3), (4933, 1), (8603, 2), (8779, 2), (9641, 6), (15334, 1), (15781, 4), (15889, 6)
gusan (DF: 4): (2316, 1), (4210, 1), (15402, 1), (17439, 4)
gusano (DF: 2): (5610, 1), (7197, 1)
gush (DF: 3): (1131, 9), (14273, 1), (16981, 1)
gusher (DF: 1): (9036, 1)
gushi (DF: 6): (3121, 4), (3565, 1), (966, 1), (14262, 2), (17276, 2), (17382, 2)
gushin (DF: 3): (2561, 1), (4211, 1), (15041, 2)
gusi (DF: 1): (2805, 1)
gust (DF: 181): (1932, 2), (1967, 1), (2021, 1), (2027, 3), (2114, 24), (2136, 2), (2183, 2), (2306, 1), (2342, 3), (2351, 1), (227, 53), (2429, 2), (2461, 1), (2642, 26), (2659, 8), (256, 4), (2743, 2), (2785, 1), (2792, 1), (2805, 8), (2814, 1), (2877, 1), (2938, 20), (2948, 4), (3006, 4), (3031, 1), (3070, 4), (3078, 5), (3080, 1), (3090, 8), (3104, 2), (3214, 1), (3226, 3), (3290, 2), (3308, 2), (3358, 1), (3489, 2), (3555, 3), (3580, 6), (3588, 2), (3603, 3), (3609, 2), (3631, 2), (3697, 1), (3722, 1), (366, 2), (3816, 6), (3881, 1), (3897, 1), (3916, 1), (3972, 1), (3996, 2), (4034, 1), (399, 7), (4162, 4), (412, 6), (4189, 3), (4193, 14), (4209, 1), (4238, 1), (4246, 2), (4285, 2), (4356, 4), (4423, 1), (4448, 10), (4469, 4), (4479, 1), (4560, 3), (4567, 14), (450, 14), (4633, 2), (4763, 7), (4780, 1), (476, 3), (477, 1), (4912, 1), (4916, 5), (4939, 1), (4951, 2), (4961, 1), (5022, 1), (5026, 2), (5105, 1), (5126, 1), (5156, 1), (5173, 1), (5218, 1), (5224, 4), (5352, 1), (5396, 2), (5473, 12), (5502, 1), (5512, 14), (5547, 4), (5647, 3), (5696, 16), (5713, 14), (567, 3), (5745, 40), (5796, 4), (580, 1), (5990, 1), (5991, 1), (6001, 1), (6025, 1), (6057, 5), (6079, 6), (6111, 4), (6179, 2), (6190, 3), (6205, 2), (6207, 3), (6243, 2), (6249, 3), (6326, 1), (6384, 1), (6414, 1), (6432, 3), (6466, 1), (6485, 1), (6541, 6), (6588, 6), (6645, 12), (6650, 12), (6659, 9), (6768, 2), (6808, 2), (6851, 1), (6871, 2), (6878, 1), (6909, 2), (6932, 2), (6974, 4), (7016, 3), (7028, 2), (7104, 4), (7166, 3), (7183, 1), (7239, 26), (7255, 1), (724, 1), (7301, 4), (7380, 8), (7408, 1), (7435, 4), (7455, 2), (7504, 1), (7526, 8), (7641, 3), (7676, 1), (7749, 14), (7799, 1), (791, 1), (7863, 1), (7904, 4), (7925, 7), (7935, 4), (7942, 7), (7989, 2), (8036, 1), (8039, 4), (8149, 5), (8199, 1), (8218, 3), (8342, 1), (8406, 4), (8415, 4), (8518, 1), (875, 1), (8606, 2), (885, 1), (8699, 1), (891, 6), (897, 3), (8846, 3), (8914, 2), (8923, 1), (8940, 8), (8994, 2), (9012, 3), (9040, 16)
