thousand (DF: 88): (15315, 1), (15336, 2), (15384, 22), (15401, 2), (1575, 1), (15564, 1), (15573, 6), (15610, 1), (15635, 2), (15642, 1), (15681, 1), (15693, 1), (1605, 3), (15743, 1), (15755, 3), (15822, 1), (1622, 1), (15872, 1), (15873, 2), (15918, 4), (15961, 1), (16025, 9), (16046, 1), (16063, 1), (16065, 2), (1648, 2), (16086, 8), (16109, 1), (16244, 1), (16251, 1), (16374, 1), (16376, 1), (16380, 10), (16417, 1), (16440, 1), (16458, 1), (16471, 1), (16502, 1), (16575, 1), (16608, 2), (16620, 1), (16635, 1), (16775, 1), (16822, 2), (16842, 2), (16852, 4), (16866, 2), (16909, 2), (17000, 1), (17043, 1), (17047, 1), (17079, 1), (1735, 2), (1739, 1), (17169, 5), (17177, 1), (17212, 4), (17246, 2), (17277, 1), (1760, 2), (17360, 2), (17373, 1), (17591, 1), (17603, 1), (17654, 1), (17681, 1), (1799, 1), (17790, 1), (17806, 1), (1807, 1), (17928, 1), (17933, 1), (1817, 1), (17988, 1), (1821, 3), (18149, 3), (18168, 1), (18190, 1), (18194, 2), (18214, 2), (18270, 1), (18311, 1), (18351, 1), (18380, 4), (18448, 1), (1872, 2), (7721, 2), (7722, 2)
thov (DF: 1): (17403, 1)
thow (DF: 1): (15405, 3)
thowin (DF: 2): (7860, 1), (11624, 1)
thr (DF: 1): (6151, 1)
thrasher (DF: 1): (17517, 2)
thrashin (DF: 2): (2422, 1), (12190, 1)
thrax (DF: 3): (8604, 3), (15004, 2), (15084, 1)
thre (DF: 12): (5306, 1), (6650, 10), (8923, 1), (9387, 1), (9580, 2), (10838, 2), (11017, 1), (12276, 1), (14973, 2), (15219, 1), (16915, 2), (16990, 1)
thread (DF: 43): (1922, 1), (2061, 1), (2128, 2), (3207, 1), (3374, 1), (3490, 1), (3608, 1), (3661, 1), (4596, 1), (4660, 1), (5314, 1), (7067, 1), (7642, 1), (7722, 2), (8600, 2), (9061, 1), (9392, 7), (10214, 1), (10246, 2), (10690, 2), (10766, 1), (10770, 7), (11183, 1), (12049, 1), (12116, 1), (12123, 1), (12923, 7), (12962, 4), (14302, 1), (14533, 1), (14564, 2), (1510, 6), (15084, 1), (15432, 1), (15704, 2), (15715, 1), (15979, 2), (16452, 2), (16481, 1), (1697, 2), (177, 1), (18019, 1), (18144, 1)
threadin (DF: 1): (16831, 2)
threat (DF: 60): (1919, 1), (2399, 1), (2500, 1), (2552, 1), (2771, 1), (2836, 2), (3050, 4), (3185, 1), (3280, 6), (332, 1), (3507, 1), (3521, 1), (3597, 1), (4151, 2), (4218, 3), (4244, 3), (4459, 1), (471, 1), (5495, 1), (643, 1), (6799, 1), (6817, 1), (6903, 6), (740, 1), (7800, 1), (8235, 1), (8446, 5), (8570, 1), (9036, 1), (9194, 1), (9668, 1), (9820, 1), (10118, 1), (10708, 1), (10800, 1), (11232, 1), (11332, 1), (11454, 1), (11587, 1), (12236, 1), (12645, 1), (12828, 1), (13006, 3), (13052, 1), (13208, 1), (14345, 1), (14668, 1), (14800, 1), (15043, 2), (15175, 1), (1574, 2), (16107, 2), (16279, 1), (16351, 2), (16971, 1), (17738, 1), (18118, 1), (18231, 1), (18351, 1), (18383, 1)
threaten (DF: 13): (2042, 1), (3563, 1), (4490, 1), (4717, 1), (4764, 1), (5082, 1), (5088, 1), (8921, 1), (991, 1), (12998, 1), (1657, 1), (1690, 1), (16971, 1)
threatenin (DF: 1): (1055, 1)
threatin (DF: 1): (1226, 1)
three (DF: 129): (1885, 6), (1891, 1), (1904, 1), (1922, 2), (2014, 6), (202, 2), (2026, 2), (2046, 11), (2142, 1), (2149, 2), (2154, 1), (2166, 1), (2186, 1), (2198, 1), (2218, 1), (2241, 1), (2255, 2), (2256, 1), (2278, 1), (2286, 2), (2291, 1), (2292, 6), (2301, 1), (2307, 6), (2312, 1), (2322, 4), (2329, 2), (2357, 1), (2387, 1), (2422, 1), (2442, 1), (2462, 1), (2476, 9), (239, 1), (2500, 1), (2594, 1), (26, 9), (2676, 14), (2680, 1), (2687, 1), (2703, 3), (2733, 1), (2747, 1), (2765, 1), (2778, 1), (2795, 4), (2801, 2), (270, 1), (2809, 1), (2855, 1), (2859, 8), (275, 1), (2879, 1), (2887, 1), (2892, 1), (2896, 1), (2923, 1), (2976, 1), (2978, 1), (3023, 1), (3052, 1), (291, 2), (3076, 1), (3077, 3), (296, 9), (3112, 3), (3113, 1), (3152, 2), (3156, 2), (3249, 1), (3298, 1), (3300, 1), (3326, 2), (3363, 1), (3432, 1), (3444, 1), (3474, 1), (3479, 1), (3507, 1), (3513, 1), (3521, 3), (3531, 4), (3542, 1), (350, 3), (3565, 3), (3573, 2), (352, 1), (3612, 1), (3652, 1), (3654, 1), (3673, 1), (3691, 4), (3753, 1), (369, 1), (3781, 1), (3793, 18), (3800, 1), (374, 1), (3914, 1), (3923, 4), (387, 1), (3950, 1), (3963, 1), (4019, 1), (4046, 1), (4056, 6), (4059, 1), (4063, 1), (4066, 1), (4119, 1), (4137, 1), (4150, 1), (4165, 1), (4185, 4), (4188, 2), (414, 2), (4228, 2), (4294, 18), (4317, 2), (4341, 1), (4374, 1), (4376, 1), (4390, 2), (4401, 1), (4420, 1), (441, 1), (4485, 1), (4493, 2), (4501, 2)
