clock (DF: 275): (2927, 1), (27, 4), (3188, 2), (3238, 1), (3406, 1), (3439, 1), (3493, 2), (3503, 1), (3538, 1), (3545, 2), (3644, 1), (360, 1), (3745, 1), (3775, 2), (3913, 1), (3988, 1), (4218, 3), (4313, 1), (4360, 3), (4374, 1), (4490, 1), (4503, 1), (445, 2), (4551, 1), (4565, 1), (4785, 1), (4810, 7), (4866, 1), (5008, 1), (5044, 2), (5054, 2), (5286, 1), (5362, 1), (5407, 1), (5410, 1), (538, 1), (5494, 1), (5513, 2), (5534, 1), (5591, 5), (5594, 1), (553, 1), (5610, 1), (5633, 2), (563, 1), (5707, 1), (5749, 1), (5885, 3), (5891, 1), (5918, 1), (5933, 1), (5989, 1), (595, 2), (6027, 1), (6032, 1), (611, 12), (6150, 2), (6196, 4), (616, 1), (6214, 1), (6244, 1), (6261, 3), (6266, 2), (6284, 1), (624, 1), (6327, 1), (6472, 2), (6624, 1), (6933, 1), (7017, 1), (7027, 1), (7109, 1), (702, 1), (7197, 1), (7217, 2), (7218, 1), (7247, 2), (7369, 1), (7445, 1), (7454, 1), (7509, 1), (7643, 1), (7697, 1), (7721, 4), (7758, 2), (7862, 1), (7882, 1), (7909, 4), (8061, 12), (8079, 1), (8103, 1), (8226, 1), (8338, 2), (8380, 1), (8383, 1), (8407, 1), (8448, 1), (8455, 1), (8557, 1), (8559, 1), (8705, 1), (8746, 1), (8786, 1), (8884, 1), (8980, 1), (9042, 1), (9161, 1), (9261, 1), (948, 12), (9293, 1), (9348, 1), (9377, 2), (9429, 2), (9549, 2), (9625, 1), (9776, 4), (9863, 1), (9965, 1), (9993, 1), (9995, 1), (10119, 2), (10140, 1), (1032, 1), (10199, 1), (10297, 1), (10330, 1), (10342, 1), (1050, 1), (10429, 1), (10455, 1), (1063, 1), (10488, 1), (10689, 1), (10696, 1), (10732, 1), (10779, 1), (10854, 3), (10916, 1), (10994, 1), (11012, 7), (1153, 1), (11329, 1), (11402, 2), (11494, 1), (11599, 1), (11661, 1), (11719, 2), (11806, 4), (11892, 1), (11958, 2), (11981, 2), (12056, 1), (12075, 1), (12100, 3), (12125, 1), (12308, 1), (12756, 1), (12818, 2), (12966, 1), (13002, 2), (13011, 4), (13032, 2), (1322, 1), (1336, 1), (13217, 1), (13260, 6), (13263, 2), (1349, 1), (1363, 1), (13470, 2), (13625, 1), (13644, 1), (13726, 1), (13778, 1), (13802, 1), (13846, 1), (1429, 1), (14038, 1), (14093, 1), (14127, 2), (14161, 1), (14167, 4), (14226, 2), (14369, 1), (14391, 1), (14466, 4), (14494, 1), (14507, 1), (14557, 1), (14654, 4), (14773, 1), (14815, 1), (14839, 1), (14918, 1), (14928, 1), (14938, 1), (14984, 2), (15018, 1), (15081, 4), (15115, 2), (15118, 2), (15175, 1), (15188, 1), (1555, 1), (15193, 1), (1558, 1), (15266, 2), (15461, 1), (15502, 1), (15585, 1), (15607, 1), (15632, 1), (15680, 1), (15787, 2), (15800, 1), (15831, 5), (15974, 2), (16047, 3), (16061, 2), (16086, 24), (16239, 2), (1661, 1), (16319, 1), (16375, 1), (1671, 1), (16426, 1), (16464, 1), (16467, 1), (16546, 2), (16547, 1), (16620, 1), (16650, 1), (16733, 2), (16764, 1), (16790, 1), (16812, 1), (16822, 1), (16886, 1), (1717, 1), (17168, 1), (17177, 1), (1748, 4), (17221, 3), (17276, 2), (17354, 1), (17361, 1), (17517, 1), (17519, 1), (1779, 1), (17626, 1), (17759, 2), (17805, 1), (17811, 1), (17857, 4), (17881, 1), (17887, 1), (17958, 1), (17998, 1), (18083, 2), (18103, 1), (18115, 8), (18309, 1), (18317, 2), (18372, 1), (18378, 1), (18386, 1), (18402, 1), (18414, 2), (18444, 1), (1910, 1), (1912, 1), (2015, 1), (2017, 1), (14228, 1), (14229, 1)
clocker (DF: 1): (2545, 1)
clockin (DF: 24): (2, 1), (237, 1), (3018, 1), (3487, 1), (4878, 1), (5419, 1), (563, 1), (5779, 1), (622, 1), (7218, 1), (8107, 1), (949, 1), (9760, 1), (10256, 3), (10272, 1), (10571, 1), (11902, 1), (12041, 5), (12184, 16), (13196, 1), (15464, 1), (16650, 1), (1705, 1), (16831, 10)
clockwatch (DF: 1): (11012, 2)
clockwis (DF: 3): (7611, 1), (16180, 1), (18082, 1)
clockwork (DF: 4): (4831, 1), (11092, 1), (14926, 1), (17997, 1)
clog (DF: 5): (2002, 1), (7973, 1), (10593, 1), (10744, 2), (13296, 1)
clon (DF: 5): (2967, 1), (4009, 1), (10546, 1), (10838, 2), (1686, 2)
clonacion (DF: 1): (5363, 1)
clonador (DF: 1): (4288, 1)
clonazepam (DF: 2): (1686, 2), (17534, 1)
clone (DF: 45): (2164, 1), (2978, 1), (3205, 2), (3525, 1), (4062, 1), (4481, 1), (4533, 1), (4622, 1), (4740, 1), (469, 1), (5050, 1), (5200, 1), (5461, 24), (5862, 1), (5907, 1), (6475, 1), (7959, 1), (825, 3), (8467, 1), (8955, 1), (9036, 1), (9308, 2), (9343, 1), (9549, 1), (9833, 1), (9988, 1), (10012, 1), (10643, 2), (1211, 1), (12171, 2), (1304, 1), (12960, 1), (13001, 1), (15018, 1), (15301, 1), (1648, 2), (16635, 1), (16831, 2), (17037, 1), (17123, 1), (17401, 1), (17755, 1), (17811, 1), (18217, 1), (18243, 1)
clonin (DF: 1): (469, 1)
