dropo (DF: 2): (12348, 2), (16035, 3)
dropout (DF: 16): (3291, 1), (4681, 1), (5227, 2), (5367, 1), (6130, 1), (6732, 1), (6963, 1), (7186, 1), (8016, 4), (10044, 1), (10785, 1), (12990, 1), (14227, 1), (14977, 1), (16139, 12), (16947, 28)
dropp (DF: 1): (5459, 1)
droppen (DF: 1): (13611, 1)
dropper (DF: 3): (7745, 1), (10119, 1), (14759, 1)
droppin (DF: 108): (1964, 1), (2091, 2), (2147, 1), (2489, 1), (2831, 1), (2884, 1), (3037, 1), (3170, 1), (3205, 2), (3356, 5), (3408, 1), (3507, 1), (3680, 1), (4026, 1), (4690, 1), (4766, 1), (4918, 2), (4937, 1), (5050, 1), (5068, 2), (5610, 1), (558, 1), (5766, 2), (5941, 1), (5981, 1), (6442, 1), (6627, 1), (6636, 1), (6844, 1), (6867, 1), (7009, 1), (7197, 1), (68, 2), (7473, 1), (753, 1), (7523, 1), (7635, 1), (7932, 1), (8061, 3), (8170, 1), (829, 1), (8666, 1), (8705, 1), (9435, 1), (9451, 1), (9608, 1), (9713, 1), (9873, 1), (9905, 1), (10083, 1), (10195, 1), (10240, 1), (10462, 1), (10643, 2), (10701, 1), (10815, 1), (1114, 1), (1136, 1), (1157, 1), (11848, 1), (1211, 1), (11925, 2), (12104, 1), (12379, 1), (12484, 1), (12535, 1), (12690, 2), (1313, 5), (1343, 1), (13444, 3), (13449, 1), (13474, 1), (13817, 1), (13876, 1), (13916, 3), (14093, 1), (14142, 1), (14255, 2), (14320, 1), (14428, 1), (14438, 2), (14592, 1), (14646, 2), (15084, 1), (15085, 1), (15315, 2), (15357, 1), (15547, 1), (1587, 2), (15620, 1), (15855, 1), (16077, 1), (16135, 1), (16364, 1), (16543, 1), (16635, 1), (16650, 1), (16767, 1), (16794, 1), (16886, 1), (17083, 1), (17276, 4), (17540, 3), (17603, 1), (17859, 1), (17959, 2), (18018, 1), (1829, 1)
droppt (DF: 1): (14496, 1)
drops (DF: 1): (5476, 1)
droptop (DF: 6): (3487, 1), (536, 1), (9008, 1), (9634, 1), (10424, 1), (1837, 1)
droptopwop (DF: 1): (6876, 1)
drought (DF: 27): (2230, 1), (2541, 2), (2644, 1), (5551, 1), (6225, 2), (6704, 2), (6988, 1), (7133, 1), (7181, 1), (8571, 1), (9623, 2), (10013, 1), (1038, 1), (1045, 1), (10977, 1), (11594, 1), (1281, 1), (14156, 1), (14604, 1), (14820, 1), (15595, 1), (16238, 1), (16863, 2), (1717, 1), (1741, 1), (17206, 1), (18419, 2)
drove (DF: 112): (2041, 2), (2296, 2), (2399, 1), (2495, 2), (263, 1), (295, 1), (3101, 1), (3164, 7), (3188, 2), (3638, 2), (3756, 1), (3788, 2), (3821, 1), (3845, 1), (393, 1), (4490, 1), (4882, 1), (488, 1), (5085, 1), (5367, 2), (5829, 1), (6086, 4), (6092, 1), (6349, 1), (6374, 14), (6390, 6), (642, 1), (6572, 3), (6661, 1), (6857, 17), (7128, 1), (7424, 1), (7459, 1), (7544, 2), (7585, 1), (7595, 2), (7648, 1), (7705, 4), (7724, 1), (8055, 2), (8099, 1), (8397, 1), (8705, 1), (8976, 1), (9010, 1), (9267, 1), (9419, 1), (978, 2), (9663, 3), (9842, 1), (9854, 1), (9888, 1), (10122, 1), (10166, 1), (10213, 4), (10297, 1), (1057, 1), (10468, 1), (10505, 1), (10600, 2), (10723, 2), (10816, 1), (10859, 2), (11145, 1), (11735, 1), (11753, 1), (11787, 1), (11898, 1), (12047, 1), (12052, 1), (12295, 1), (12512, 1), (12636, 2), (12729, 1), (12935, 1), (12957, 2), (13029, 2), (13050, 1), (13065, 8), (13072, 1), (13172, 1), (13514, 1), (13578, 1), (13651, 1), (13732, 2), (14158, 1), (14573, 1), (14608, 1), (14839, 1), (1552, 1), (15218, 2), (15462, 1), (15525, 1), (15568, 1), (15745, 1), (1642, 1), (16399, 1), (16453, 1), (16549, 5), (16831, 2), (16870, 1), (1720, 2), (1735, 4), (17344, 1), (17362, 3), (17517, 1), (17582, 1), (17632, 1), (17761, 1), (17768, 1), (18105, 3), (18444, 1)
drow (DF: 2): (13848, 1), (1854, 1)
drown (DF: 91): (1988, 2), (1990, 2), (1997, 1), (2015, 2), (2036, 3), (2121, 2), (2174, 1), (2261, 6), (2380, 1), (2432, 1), (2439, 1), (2456, 1), (2569, 2), (2593, 1), (2667, 1), (2675, 1), (2684, 1), (257, 1), (2774, 6), (2783, 1), (2807, 1), (2826, 4), (2869, 6), (2953, 1), (288, 12), (3033, 1), (3144, 1), (3169, 1), (310, 2), (3237, 2), (3270, 1), (3298, 1), (3301, 9), (3361, 1), (3405, 2), (3604, 1), (3612, 1), (361, 1), (3787, 1), (3855, 2), (3869, 1), (3871, 1), (3921, 8), (386, 1), (4046, 1), (4052, 1), (4135, 3), (4271, 1), (4321, 1), (4345, 2), (4383, 2), (4401, 1), (4442, 2), (4468, 1), (4620, 1), (4644, 1), (4938, 2), (4983, 1), (4988, 1), (5024, 1), (5054, 2), (5210, 1), (5238, 1), (520, 2), (5325, 2), (5465, 5), (5646, 2), (5685, 2), (5901, 2), (5908, 1), (592, 1), (6100, 2), (6123, 1), (6158, 1), (6178, 1), (6210, 1), (618, 3), (6325, 1), (6506, 1), (6518, 1), (6575, 2), (6614, 3), (6625, 1), (6686, 1), (6751, 1), (6827, 10), (6953, 8), (7124, 1), (720, 1), (7332, 2), (7522, 6)
