explot (DF: 4): (17528, 3), (18087, 1), (18187, 3), (18298, 1)
explota (DF: 1): (11525, 4)
explotal (DF: 2): (3111, 4), (8236, 4)
explotam (DF: 2): (5592, 1), (14963, 1)
explotart (DF: 1): (12833, 1)
exploteparec (DF: 1): (1686, 1)
explotó (DF: 2): (3513, 1), (4188, 2)
explícito (DF: 1): (15617, 1)
expo (DF: 2): (5729, 1), (7991, 1)
expon (DF: 3): (7820, 1), (1136, 1), (14697, 1)
exponent (DF: 1): (16668, 1)
exponenti (DF: 2): (3408, 1), (7846, 1)
export (DF: 5): (2034, 2), (12804, 1), (13188, 1), (14474, 1), (14899, 1)
exporta (DF: 1): (17649, 1)
expos (DF: 61): (2028, 1), (2310, 1), (3563, 1), (3985, 1), (4120, 2), (4148, 1), (5091, 2), (535, 2), (5422, 1), (5695, 1), (5780, 1), (578, 1), (5843, 2), (597, 1), (6061, 3), (6936, 1), (7136, 2), (7237, 1), (7245, 1), (7279, 1), (775, 2), (8121, 1), (9624, 1), (9720, 1), (9820, 1), (9905, 1), (10017, 1), (10444, 1), (10648, 2), (11321, 1), (1168, 2), (11680, 1), (11757, 1), (12483, 1), (12736, 1), (1312, 1), (12968, 1), (1343, 2), (13444, 3), (13635, 3), (13873, 1), (13994, 1), (14010, 1), (14278, 2), (14773, 1), (14798, 1), (15101, 1), (15193, 1), (15632, 3), (15636, 2), (15694, 1), (16196, 11), (16722, 1), (17008, 1), (17199, 10), (17536, 1), (17611, 2), (18027, 1), (1833, 1), (18288, 1), (186, 1)
exposin (DF: 1): (15870, 1)
exposur (DF: 7): (4524, 1), (5401, 1), (5974, 1), (8627, 1), (12195, 1), (1508, 1), (16196, 1)
exposé (DF: 3): (12195, 1), (1508, 1), (16196, 1)
expre (DF: 2): (11169, 6), (18119, 8)
expres (DF: 21): (2309, 1), (3631, 1), (3823, 1), (3875, 1), (4009, 1), (4189, 1), (4288, 1), (6466, 1), (8902, 1), (9387, 1), (12381, 1), (13442, 1), (14011, 2), (14863, 1), (15868, 8), (1631, 1), (16183, 1), (16373, 1), (1686, 1), (17779, 1), (18310, 2)
expresart (DF: 2): (11480, 2), (16717, 2)
expresion (DF: 1): (1963, 1)
express (DF: 90): (2069, 1), (2228, 2), (2832, 1), (3064, 1), (3102, 1), (3510, 4), (3769, 1), (4036, 1), (4276, 1), (4436, 1), (4488, 1), (4631, 1), (5129, 1), (5149, 3), (5223, 1), (5258, 1), (5349, 1), (5631, 1), (5701, 1), (5872, 1), (6012, 1), (6053, 1), (6367, 1), (6460, 1), (6582, 1), (6801, 1), (7027, 1), (7114, 1), (7178, 1), (7387, 1), (7508, 1), (7538, 1), (7868, 1), (7955, 1), (8192, 2), (8492, 1), (8692, 1), (8848, 1), (9060, 3), (9242, 1), (9594, 1), (9884, 1), (9935, 1), (10154, 1), (10273, 1), (10443, 1), (10609, 1), (1092, 1), (11040, 18), (11329, 1), (11384, 1), (11541, 1), (11559, 1), (11902, 1), (11964, 1), (12155, 2), (12385, 1), (12747, 2), (12942, 1), (1326, 1), (14075, 1), (14087, 2), (14223, 1), (14249, 1), (14400, 1), (14422, 2), (14653, 1), (14712, 1), (14930, 2), (1536, 1), (15313, 1), (1599, 1), (15728, 1), (15849, 2), (15882, 1), (15892, 1), (1639, 2), (16331, 1), (16348, 1), (16497, 1), (17031, 1), (17138, 1), (17336, 1), (17354, 1), (1790, 1), (17860, 1), (17954, 1), (17955, 1), (1820, 1), (18344, 2)
expressar (DF: 2): (7649, 1), (15898, 1)
expressin (DF: 1): (13756, 1)
expressway (DF: 1): (8774, 2)
expressão (DF: 1): (12677, 1)
exprim (DF: 2): (2414, 2), (7818, 9)
expuest (DF: 2): (4238, 1), (7415, 3)
expulso (DF: 1): (2839, 1)
expôr (DF: 1): (2833, 1)
exquisit (DF: 4): (4833, 1), (5040, 1), (11374, 1), (13474, 1)
extaci (DF: 1): (5072, 1)
extas (DF: 1): (649, 1)
extasi (DF: 7): (7625, 1), (9743, 1), (10018, 1), (11262, 1), (11572, 1), (14259, 1), (16696, 2)
extasis (DF: 12): (5647, 2), (6079, 2), (651, 1), (6808, 1), (8420, 1), (8928, 1), (9540, 2), (11968, 3), (12205, 1), (14012, 1), (14624, 4), (16013, 2)
extend (DF: 77): (2507, 1), (2563, 1), (2624, 2), (2792, 1), (3017, 1), (3064, 1), (3417, 1), (373, 1), (3863, 1), (3992, 1), (425, 1), (4830, 1), (4972, 1), (5018, 1), (5027, 1), (5349, 1), (5543, 2), (5640, 1), (5797, 6), (6006, 1), (6047, 1), (6066, 2), (6865, 1), (6935, 1), (6936, 1), (6994, 1), (7005, 1), (7086, 2), (717, 1), (7480, 1), (7497, 1), (7535, 1), (829, 3), (8894, 1), (9063, 1), (9430, 1), (9452, 1), (9469, 1), (9514, 1), (9543, 1), (9607, 2), (9627, 1), (9655, 1), (9733, 1), (9754, 2), (10083, 1), (1031, 1), (10237, 1), (10332, 1), (1048, 1), (11056, 1), (11073, 1), (11293, 2), (11448, 1), (11716, 6), (11813, 1), (11879, 1), (12051, 1), (12431, 1), (12672, 1), (12678, 8), (12685, 1), (13358, 2), (13393, 1), (13496, 1), (13499, 1), (1381, 1), (14004, 1), (14017, 1), (14032, 7), (14400, 2), (14438, 2), (14443, 3), (1479, 1), (14976, 1), (15058, 1), (15190, 1)
