touch (DF: 130): (18398, 7), (18410, 1), (1856, 1), (18437, 1), (1879, 2), (2022, 1), (2023, 1), (2944, 1), (2946, 1), (3386, 2), (3387, 1), (3455, 3), (3457, 6), (391, 4), (393, 1), (3989, 3), (3990, 1), (4331, 1), (4332, 1), (5062, 1), (5064, 1), (5085, 1), (5086, 1), (5711, 8), (5712, 1), (5729, 1), (5731, 1), (5894, 6), (5896, 2), (6029, 1), (6030, 1), (6479, 1), (6480, 3), (6814, 1), (6816, 1), (6820, 3), (6822, 1), (6972, 1), (6973, 1), (739, 1), (740, 1), (7871, 1), (7873, 1), (7898, 1), (7900, 1), (8271, 2), (8272, 1), (8502, 1), (8503, 2), (8729, 29), (8730, 2), (8779, 2), (8780, 1), (904, 1), (905, 1), (9176, 8), (9178, 3), (9662, 1), (9663, 3), (9713, 2), (9714, 2), (9715, 2), (9814, 2), (9816, 1), (9989, 1), (9990, 3), (9996, 1), (9998, 1), (10561, 3), (10562, 6), (10933, 1), (10934, 1), (11107, 1), (11108, 4), (11129, 2), (11130, 2), (11183, 5), (11184, 4), (11956, 1), (11958, 2), (12049, 1), (12050, 1), (12154, 1), (12155, 2), (12410, 2), (12411, 2), (12481, 3), (12483, 1), (12524, 1), (12525, 1), (12621, 5), (12622, 1), (13115, 2), (13116, 1), (13333, 1), (13334, 1), (13536, 6), (13537, 1), (13570, 2), (13571, 6), (1407, 6), (1409, 3), (14065, 1), (14067, 1), (14777, 1), (14779, 1), (15096, 6), (15097, 1), (15152, 2), (15154, 1), (15386, 1), (15388, 1), (16136, 1), (16138, 3), (16204, 1), (16205, 2), (16389, 1), (16391, 1), (16554, 2), (16556, 2), (16607, 2), (16609, 2), (17060, 1), (17062, 3), (1753, 2), (1754, 40), (17428, 4), (17429, 2), (17990, 1), (17992, 1)
touchabl (DF: 3): (2515, 1), (7728, 2), (11208, 1)
touchdown (DF: 23): (5249, 1), (5686, 3), (6144, 1), (6734, 1), (6910, 3), (7018, 1), (719, 2), (759, 1), (7954, 4), (10050, 1), (13817, 1), (13932, 1), (15036, 2), (15337, 2), (15411, 3), (15524, 2), (15857, 1), (16688, 3), (17007, 4), (17137, 1), (17930, 4), (18149, 3), (18224, 3)
touched (DF: 1): (2328, 1)
toucher (DF: 4): (1151, 1), (15002, 4), (16236, 1), (17043, 1)
touchi (DF: 1): (13972, 1)
touchin (DF: 42): (4523, 1), (5413, 1), (5879, 4), (616, 1), (6704, 6), (6723, 1), (672, 1), (7164, 6), (7436, 1), (8183, 1), (8244, 8), (8701, 1), (9605, 3), (9663, 3), (103, 1), (10259, 2), (10588, 1), (10704, 1), (1097, 6), (10883, 4), (11397, 1), (11595, 1), (12418, 1), (13009, 1), (1471, 1), (14452, 4), (1491, 1), (153, 2), (14838, 1), (15189, 2), (15553, 3), (15582, 1), (15858, 2), (15904, 1), (15961, 1), (16037, 6), (16594, 1), (17089, 1), (17137, 1), (17206, 3), (17367, 1), (1840, 1)
touchston (DF: 1): (515, 1)
touché (DF: 4): (2322, 1), (2490, 4), (4319, 1), (12323, 2)
touchéti (DF: 1): (6497, 1)
tougaloo (DF: 3): (5076, 1), (6322, 1), (660, 1)
tough (DF: 157): (2035, 4), (2069, 2), (2142, 1), (2279, 1), (2333, 1), (2357, 1), (2361, 2), (2382, 1), (2466, 1), (2614, 1), (2721, 1), (2765, 1), (2794, 1), (287, 2), (3124, 1), (3180, 2), (3206, 1), (3234, 6), (3385, 1), (3537, 1), (3776, 1), (3856, 2), (3936, 4), (4196, 1), (4388, 4), (4403, 1), (4407, 1), (4583, 2), (4664, 1), (4746, 1), (4756, 1), (4814, 1), (4844, 1), (4947, 1), (5075, 1), (5082, 1), (5097, 1), (5107, 1), (5124, 1), (5245, 1), (5250, 2), (5289, 2), (5293, 1), (5309, 1), (5401, 1), (5414, 3), (5543, 2), (5553, 1), (5590, 16), (561, 2), (5699, 2), (5746, 1), (574, 1), (5828, 1), (5840, 10), (5851, 1), (5872, 1), (5913, 2), (5941, 1), (6098, 1), (6114, 1), (6140, 1), (6275, 1), (6277, 2), (6310, 1), (6363, 1), (6388, 1), (6478, 2), (6484, 1), (6607, 2), (6633, 8), (6649, 1), (6837, 1), (6870, 2), (6894, 1), (6895, 1), (6901, 1), (7043, 1), (696, 1), (7194, 1), (7323, 1), (7368, 4), (7387, 2), (7445, 1), (7462, 14), (7518, 1), (7528, 1), (7683, 2), (7745, 5), (7892, 1), (7988, 1), (8065, 1), (8081, 3), (8153, 1), (8167, 150), (8237, 2), (8382, 1), (8520, 2), (868, 1), (8601, 4), (8662, 2), (9143, 1), (9198, 8), (9287, 3), (9293, 1), (9316, 1), (9319, 8), (9332, 1), (9493, 1), (9509, 1), (9866, 1), (9873, 2), (9933, 2), (9961, 1), (10085, 4), (1035, 12), (1044, 1), (10346, 4), (10370, 1), (10608, 2), (10690, 2), (1093, 1), (10732, 2), (10837, 1), (1113, 1), (11004, 3), (11007, 2), (11014, 1), (11021, 1), (1132, 1), (11058, 1), (11107, 1), (1147, 1), (11357, 1), (11373, 2), (11432, 1), (11574, 3), (11613, 3), (11633, 1), (11658, 1), (11754, 1), (11921, 18), (11987, 2), (12046, 4), (12104, 1), (12184, 2), (12342, 1), (12402, 2), (1272, 1), (12522, 1), (12524, 1), (12643, 2), (12644, 1), (12781, 1), (12864, 9), (12966, 1), (13196, 1)
