tattoo (DF: 38): (13657, 1), (13748, 1), (13834, 1), (13896, 3), (13955, 16), (14093, 1), (14297, 2), (14667, 2), (14705, 8), (14927, 1), (15093, 1), (15222, 1), (15245, 1), (15573, 3), (15631, 1), (15665, 1), (15691, 19), (15826, 1), (16009, 1), (16051, 1), (16089, 1), (1661, 1), (16305, 2), (16323, 12), (16783, 3), (17034, 30), (17119, 3), (17251, 1), (17257, 1), (17492, 1), (17535, 2), (17542, 4), (17606, 2), (17766, 1), (17845, 1), (17870, 2), (17875, 1), (18397, 2)
tattooin (DF: 1): (13183, 1)
tattoos (DF: 4): (3123, 4), (3962, 1), (5429, 4), (14496, 1)
tatu (DF: 10): (283, 1), (6515, 3), (8255, 1), (11750, 4), (14260, 1), (14346, 1), (1631, 2), (1677, 2), (16983, 1), (17374, 3)
tatuagem (DF: 1): (11200, 4)
tatuagg (DF: 3): (2567, 2), (4873, 1), (8777, 1)
tatuaggi (DF: 1): (10700, 1)
tatuaj (DF: 16): (2877, 1), (3358, 1), (3596, 1), (3609, 2), (4797, 1), (476, 1), (724, 1), (7851, 1), (9039, 3), (9431, 1), (9719, 1), (11393, 2), (13672, 2), (15006, 1), (15297, 3), (18421, 2)
tatuart (DF: 1): (15054, 1)
tatum (DF: 2): (7202, 1), (7266, 1)
tatverdacht (DF: 1): (13085, 1)
tatyana (DF: 1): (8782, 10)
tatzeit (DF: 1): (1484, 1)
tau (DF: 1): (908, 1)
taub (DF: 3): (2463, 1), (3984, 1), (8670, 1)
tauch (DF: 3): (3984, 1), (5049, 1), (11863, 1)
taught (DF: 166): (1957, 2), (2131, 1), (2241, 1), (2305, 1), (2423, 1), (2580, 1), (2584, 3), (2649, 1), (2671, 4), (2794, 3), (2809, 1), (2835, 1), (270, 1), (2935, 1), (3112, 2), (3198, 2), (3291, 2), (3310, 1), (337, 1), (3426, 2), (3440, 12), (3612, 1), (3621, 2), (3769, 1), (3879, 3), (3919, 1), (3999, 1), (4127, 1), (4243, 1), (4338, 2), (4349, 2), (4547, 1), (4551, 2), (40, 1), (4669, 1), (4684, 1), (4843, 1), (4844, 1), (4962, 1), (5383, 1), (5410, 2), (548, 1), (571, 2), (5872, 1), (5898, 2), (5941, 1), (5961, 1), (6018, 1), (6254, 2), (6375, 2), (6465, 6), (6505, 1), (6524, 1), (6690, 1), (6788, 1), (6972, 1), (7115, 1), (7125, 1), (7498, 2), (7590, 1), (7696, 1), (7748, 1), (7783, 1), (7791, 30), (7857, 2), (7926, 1), (7936, 1), (8034, 2), (8136, 1), (8213, 4), (8346, 1), (8662, 2), (8862, 2), (8896, 2), (8921, 1), (9000, 1), (9035, 1), (9041, 1), (925, 1), (9161, 2), (9538, 1), (9582, 1), (9759, 1), (9789, 2), (9816, 1), (9846, 1), (9920, 1), (10025, 1), (10076, 1), (10237, 1), (10370, 1), (1084, 1), (10792, 2), (10921, 1), (11117, 1), (1140, 1), (11269, 1), (11290, 1), (11292, 1), (11319, 1), (1163, 8), (11491, 6), (11527, 1), (11589, 1), (11594, 5), (11748, 1), (11909, 1), (1219, 1), (12424, 1), (12585, 1), (12625, 1), (12641, 4), (1288, 7), (12729, 1), (13263, 1), (13278, 1), (13551, 1), (13622, 1), (13652, 1), (1399, 1), (13761, 2), (13896, 1), (14064, 2), (14193, 1), (1462, 1), (14297, 1), (14352, 1), (14474, 1), (14494, 2), (14642, 1), (14868, 1), (15124, 1), (15135, 3), (15137, 2), (15229, 1), (15248, 1), (15312, 1), (15320, 2), (15579, 1), (15610, 1), (15705, 2), (15827, 4), (16039, 1), (16215, 2), (16219, 1), (16250, 1), (16343, 1), (16461, 1), (16493, 1), (16706, 1), (1702, 2), (16764, 1), (16781, 1), (16913, 2), (17005, 1), (17070, 1), (17149, 1), (17314, 4), (17449, 2), (17550, 2), (17599, 3), (18083, 1), (18096, 2), (18378, 1), (18424, 8), (1861, 2)
tauis (DF: 2): (3067, 2), (7373, 2)
taul (DF: 1): (637, 1)
taunt (DF: 6): (3562, 1), (6350, 1), (10335, 1), (16805, 1), (17005, 1), (17449, 1)
taunus (DF: 1): (12356, 1)
taupin (DF: 1): (6416, 1)
taur (DF: 2): (4421, 1), (14335, 1)
taureador (DF: 1): (10194, 1)
taureau (DF: 1): (10194, 4)
tauren (DF: 1): (12359, 1)
taureros (DF: 1): (10194, 4)
taurus (DF: 6): (7863, 5), (7977, 1), (13729, 2), (1474, 1), (17277, 1), (17938, 1)
tausch (DF: 2): (12872, 1), (14752, 1)
tauscht (DF: 1): (151, 1)
tausend (DF: 12): (3048, 1), (3409, 1), (4876, 5), (6835, 1), (8311, 1), (11493, 1), (11538, 1), (1238, 1), (12872, 1), (16640, 1), (16811, 1), (18073, 1)
tausenderquot (DF: 1): (4387, 1)
tausendfach (DF: 1): (16919, 1)
taux (DF: 1): (17275, 8)
tava (DF: 39): (2631, 1), (3215, 4), (3353, 1), (3364, 2), (3497, 1), (3692, 1), (3838, 1), (4167, 1), (5011, 1), (5859, 1), (5959, 1), (6844, 5), (8946, 1), (9525, 1), (9812, 1), (9876, 1), (10080, 2), (10131, 1), (1072, 1), (11504, 2), (1183, 1), (11808, 1), (11835, 4), (12375, 2), (13078, 1), (1415, 1), (14580, 6), (15274, 1), (15400, 1), (15562, 6), (15605, 1), (16199, 1), (1659, 1), (16522, 1), (16847, 1), (16850, 3), (17551, 2), (17899, 1), (18136, 2)
tavar (DF: 1): (16013, 2)
tavarez (DF: 4): (3816, 2), (4300, 6), (4594, 6), (8919, 4)
