young (DF: 166): (17876, 1), (17877, 1), (17887, 1), (17907, 1), (17914, 2), (1811, 2), (17932, 12), (17935, 1), (17939, 1), (183, 2), (17966, 2), (17993, 1), (1821, 1), (18013, 1), (18022, 1), (18027, 6), (18038, 1), (18051, 1), (18065, 1), (18082, 1), (18089, 7), (18095, 2), (18099, 6), (18106, 2), (18121, 1), (18143, 1), (18152, 1), (18158, 2), (18165, 2), (18167, 2), (18179, 1), (1836, 1), (18188, 1), (18194, 2), (1839, 1), (18221, 1), (18236, 1), (18253, 1), (18281, 1), (18284, 10), (18294, 7), (18307, 1), (18318, 1), (185, 1), (1849, 1), (18342, 1), (18351, 1), (18354, 2), (18368, 1), (18376, 3), (18390, 1), (18414, 2), (18417, 1), (18428, 4), (18449, 6), (1873, 2), (3098, 1), (3099, 1), (3166, 1), (3167, 4), (3183, 1), (3184, 2), (3397, 1), (3398, 4), (3578, 2), (3579, 19), (3641, 3), (3644, 3), (3856, 2), (3857, 7), (4046, 4), (4047, 1), (4368, 1), (4369, 2), (4834, 1), (4836, 2), (4864, 1), (4865, 1), (5041, 1), (5042, 1), (5265, 4), (5266, 1), (5746, 2), (5748, 1), (5914, 1), (5915, 1), (599, 1), (601, 1), (6471, 2), (6472, 1), (6875, 16), (6876, 1), (7390, 1), (7391, 1), (8022, 1), (8023, 1), (855, 1), (856, 1), (8986, 2), (8987, 1), (9060, 6), (9061, 1), (9144, 4), (9147, 1), (9360, 2), (9361, 7), (9372, 1), (9373, 1), (9932, 1), (9933, 1), (10013, 1), (10014, 1), (10073, 1), (10075, 2), (10089, 1), (10090, 6), (109, 1), (110, 1), (10861, 1), (10862, 3), (1138, 1), (1139, 1), (11136, 2), (11137, 1), (11336, 1), (11338, 1), (11526, 1), (11527, 1), (11899, 4), (11900, 1), (12029, 1), (12031, 1), (12094, 3), (12097, 5), (12431, 1), (12432, 2), (12851, 1), (12852, 1), (13086, 1), (13087, 1), (13573, 1), (13575, 1), (14026, 1), (14028, 2), (14090, 3), (14091, 1), (14483, 4), (14484, 2), (15225, 2), (15227, 1), (1574, 1), (1575, 1), (15493, 1), (15494, 1), (15688, 1), (15690, 1), (15918, 2), (15919, 1), (16572, 1), (16574, 1), (17004, 4), (17005, 2), (17236, 6), (17237, 1), (17553, 6), (17554, 1)
youngblood (DF: 10): (2716, 1), (4739, 1), (5802, 30), (6747, 9), (7238, 1), (7540, 1), (11150, 2), (11646, 2), (12016, 9), (13637, 1)
youngbloodz (DF: 4): (3133, 1), (7540, 2), (12079, 2), (13637, 2)
youngboy (DF: 5): (3568, 1), (7691, 2), (12077, 2), (14978, 2), (15329, 2)
youngen (DF: 1): (47, 1)
younger (DF: 91): (220, 2), (2294, 4), (2381, 1), (2723, 1), (2737, 1), (2791, 1), (2859, 2), (2902, 1), (3223, 1), (3337, 9), (3432, 1), (3444, 3), (3521, 1), (4401, 1), (4460, 1), (4646, 1), (4823, 2), (4874, 1), (4907, 1), (5044, 2), (508, 2), (585, 6), (5961, 1), (6273, 1), (6409, 8), (6898, 28), (6908, 1), (6934, 2), (7032, 4), (7075, 3), (7289, 1), (7391, 1), (7605, 2), (7882, 1), (853, 1), (8475, 1), (8533, 2), (8584, 3), (873, 1), (9341, 1), (9514, 1), (990, 49), (9847, 1), (9917, 1), (10005, 4), (10075, 54), (10297, 1), (10341, 2), (10748, 1), (10759, 1), (11479, 1), (11509, 2), (1182, 1), (1185, 4), (12521, 2), (12963, 3), (13134, 3), (13270, 1), (13405, 1), (13601, 1), (13681, 2), (13780, 1), (13961, 1), (14193, 1), (1452, 1), (14336, 1), (14391, 1), (14467, 12), (14834, 3), (14839, 1), (14908, 8), (14910, 1), (1588, 1), (16250, 1), (16363, 3), (16546, 2), (16564, 1), (1695, 1), (16659, 1), (17295, 2), (1767, 1), (17511, 50), (17517, 1), (17640, 2), (17651, 1), (17971, 1), (1829, 1), (18176, 1), (18211, 3), (18277, 49), (1861, 1)
youngest (DF: 7): (669, 1), (7276, 1), (71, 1), (8488, 1), (14781, 4), (15870, 1), (18386, 1)
youngheart (DF: 1): (6506, 1)
youngin (DF: 39): (2541, 2), (3183, 1), (3565, 1), (3598, 1), (3923, 1), (4627, 2), (4837, 2), (5082, 1), (5779, 1), (5851, 1), (5934, 2), (591, 1), (6071, 14), (6516, 2), (69, 3), (737, 1), (7696, 1), (8367, 1), (8953, 2), (1038, 1), (10237, 1), (10491, 1), (11663, 1), (11864, 1), (13480, 1), (1429, 1), (14055, 2), (14835, 8), (15048, 2), (15189, 2), (15294, 1), (15329, 3), (15666, 1), (16364, 1), (16870, 1), (16993, 1), (17093, 1), (17611, 2), (18346, 13)
youngja (DF: 1): (8783, 2)
youngn (DF: 3): (5937, 3), (16049, 2), (16993, 1)
youngsta (DF: 10): (3913, 1), (966, 1), (9640, 1), (10355, 3), (11942, 1), (13876, 2), (16179, 1), (16619, 1), (17123, 1), (17235, 1)
youngster (DF: 13): (2423, 1), (3238, 1), (3428, 1), (4731, 1), (6164, 3), (8445, 1), (949, 1), (12659, 1), (13242, 1), (13390, 1), (16753, 4), (18221, 1), (18382, 1)
youngstown (DF: 1): (6937, 1)
youngun (DF: 2): (1922, 2), (4254, 1)
younha (DF: 1): (10175, 1)
youni (DF: 1): (15485, 2)
