prosperarei (DF: 1): (3467, 1)
prosperidad (DF: 1): (4167, 1)
prost (DF: 2): (16108, 2), (17720, 2)
prostat (DF: 1): (17331, 3)
prostej (DF: 1): (9695, 1)
prosthesi (DF: 1): (11380, 1)
prosthet (DF: 1): (13279, 1)
prostitu (DF: 3): (5224, 2), (15369, 1), (16567, 1)
prostituiert (DF: 1): (9999, 1)
prostitut (DF: 28): (2771, 1), (2847, 1), (346, 1), (369, 1), (4319, 1), (4669, 1), (5082, 1), (5107, 1), (5800, 1), (6442, 1), (6742, 1), (8156, 2), (9261, 1), (10036, 1), (10834, 1), (11470, 1), (12150, 1), (13269, 1), (13551, 1), (1463, 1), (14298, 3), (14646, 2), (15263, 1), (1618, 1), (16924, 1), (17309, 1), (18270, 1), (18359, 1)
prostitution (DF: 1): (2328, 1)
prosto (DF: 3): (8604, 3), (9695, 1), (10756, 1)
prostrat (DF: 1): (4177, 1)
prostu (DF: 3): (6007, 1), (9781, 1), (16833, 1)
prostytutki (DF: 1): (14199, 1)
prosz (DF: 12): (4582, 1), (7356, 1), (7916, 1), (9695, 2), (10138, 4), (10756, 1), (1197, 3), (16526, 2), (16848, 1), (16860, 5), (17564, 1), (18065, 8)
proszki (DF: 1): (11378, 1)
prot (DF: 1): (7632, 1)
protagon (DF: 9): (3344, 1), (3903, 1), (577, 1), (5852, 1), (7641, 1), (9536, 1), (10612, 3), (11030, 1), (12661, 1)
protagonista (DF: 3): (9355, 8), (10679, 1), (1669, 2)
proteccion (DF: 2): (13930, 8), (18222, 1)
protect (DF: 161): (2042, 1), (204, 1), (2126, 1), (2161, 6), (2192, 1), (2254, 3), (2361, 1), (2584, 1), (2592, 1), (248, 1), (2658, 1), (2773, 1), (2811, 2), (2900, 1), (3133, 1), (3238, 1), (3288, 2), (3347, 1), (3568, 1), (3701, 3), (3759, 2), (3900, 1), (4148, 1), (4218, 16), (4254, 1), (4330, 1), (4353, 1), (4830, 1), (4897, 1), (4904, 1), (5030, 1), (5175, 1), (5279, 1), (5389, 1), (5478, 1), (6, 1), (5787, 1), (5831, 4), (6029, 1), (642, 1), (6467, 1), (6510, 1), (6568, 1), (6613, 1), (6735, 1), (6790, 1), (6847, 2), (6858, 1), (6972, 1), (7004, 1), (7114, 15), (7120, 1), (7136, 1), (7335, 6), (7538, 2), (7544, 2), (7615, 1), (7691, 1), (7790, 2), (7807, 2), (7857, 1), (74, 2), (8084, 12), (8155, 1), (8324, 1), (8596, 1), (8657, 1), (8750, 1), (8787, 1), (8822, 1), (9363, 1), (9416, 2), (9548, 2), (9559, 1), (9730, 1), (9878, 1), (10011, 1), (10057, 1), (10090, 1), (10257, 1), (10331, 1), (10373, 1), (10704, 4), (10957, 1), (11110, 1), (1196, 1), (11709, 1), (12077, 1), (12079, 1), (12086, 1), (12146, 1), (12152, 1), (12242, 1), (12257, 2), (12364, 1), (12379, 1), (1263, 1), (12525, 1), (12591, 1), (12666, 1), (12729, 1), (12846, 1), (13092, 1), (13114, 1), (1330, 1), (13201, 1), (13212, 1), (13231, 1), (13270, 1), (13619, 1), (13652, 1), (13665, 1), (13762, 1), (13782, 4), (13873, 1), (13937, 1), (13946, 6), (13972, 1), (14154, 1), (14218, 1), (14377, 1), (14460, 1), (1515, 1), (14922, 1), (14989, 1), (15073, 1), (1547, 14), (15240, 3), (15250, 1), (159, 1), (15339, 1), (15433, 1), (15434, 1), (15438, 1), (15448, 1), (15460, 1), (1581, 1), (15690, 1), (15930, 1), (16012, 4), (16053, 3), (16093, 1), (16279, 1), (16316, 2), (16326, 2), (16661, 1), (16711, 1), (1704, 2), (16964, 1), (17043, 3), (17278, 1), (17461, 1), (17550, 1), (17762, 1), (17785, 2), (17933, 1), (18061, 1), (1835, 1), (18367, 1), (18385, 5), (18452, 1)
protectin (DF: 10): (6266, 1), (8286, 1), (8953, 2), (9084, 2), (9681, 1), (11439, 1), (13449, 1), (13769, 1), (16662, 2), (17800, 1)
protector (DF: 9): (3177, 1), (4236, 1), (4808, 1), (5751, 1), (9993, 1), (12626, 1), (13043, 1), (13887, 1), (14953, 2)
proteg (DF: 16): (2098, 1), (5906, 1), (5991, 4), (7380, 2), (791, 1), (8128, 1), (9246, 1), (10260, 3), (10564, 3), (11778, 1), (12672, 1), (13442, 1), (13647, 1), (1582, 1), (16626, 1), (16940, 3)
protegert (DF: 4): (5655, 1), (8542, 1), (14471, 2), (15775, 1)
protegetem (DF: 1): (13986, 3)
protegg (DF: 1): (9912, 3)
protein (DF: 5): (3985, 1), (6382, 1), (7944, 1), (15066, 1), (17541, 1)
protej (DF: 3): (460, 1), (8091, 1), (18421, 1)
proteja (DF: 1): (11685, 1)
protest (DF: 17): (2750, 1), (3184, 1), (5984, 1), (7291, 1), (7690, 1), (9848, 1), (10881, 1), (11473, 1), (11576, 1), (11938, 1), (12976, 2), (1345, 2), (13994, 1), (16365, 2), (16765, 1), (17919, 1), (1833, 1)
protestin (DF: 1): (5934, 2)
protocol (DF: 3): (5483, 1), (10295, 1), (15594, 1)
protokol (DF: 1): (7077, 8)
protokoll (DF: 1): (16640, 1)
proton (DF: 5): (4244, 1), (8002, 2), (8544, 2), (10124, 2), (11090, 1)
prototip (DF: 3): (3111, 1), (4210, 1), (8236, 1)
prototyp (DF: 2): (3718, 4), (597, 1)
