tônica (DF: 1): (7211, 1)
tømmer (DF: 1): (4295, 3)
tør (DF: 2): (13659, 1), (16208, 2)
tørre (DF: 1): (8564, 1)
tøsern (DF: 1): (2018, 1)
tøv (DF: 1): (11364, 1)
tù (DF: 2): (1411, 4), (14961, 1)
tú (DF: 44): (1920, 5), (2205, 5), (2277, 1), (2476, 8), (3001, 1), (3513, 1), (4109, 1), (4188, 2), (4652, 1), (5369, 5), (5569, 12), (6006, 1), (6408, 1), (6657, 2), (7049, 2), (7477, 2), (7583, 5), (7622, 1), (7876, 1), (8132, 5), (8597, 3), (8765, 3), (8775, 12), (8853, 1), (9095, 1), (9450, 3), (9474, 9), (9595, 2), (1087, 1), (11424, 1), (1171, 9), (11487, 1), (11525, 8), (12127, 6), (1257, 1), (13932, 1), (1454, 1), (15589, 4), (16174, 4), (16264, 4), (16555, 1), (16855, 1), (17520, 1), (17749, 2)
tü (DF: 1): (16496, 3)
tüm (DF: 1): (17712, 1)
u (DF: 305): (197, 3), (1945, 1), (198, 1), (2006, 1), (2069, 1), (2102, 42), (2110, 3), (2174, 1), (2208, 1), (2255, 1), (228, 4), (2377, 2), (2466, 3), (2552, 1), (250, 2), (2648, 1), (2656, 1), (2665, 4), (2692, 2), (262, 1), (2802, 1), (2825, 1), (2895, 1), (282, 2), (2951, 1), (284, 2), (3018, 1), (3031, 6), (3047, 6), (3057, 1), (3065, 1), (3248, 1), (3343, 2), (3358, 2), (335, 6), (3437, 4), (3483, 1), (3535, 1), (3586, 2), (3594, 1), (3609, 4), (3700, 2), (3704, 1), (3715, 9), (3731, 1), (3744, 4), (3781, 1), (3843, 1), (3875, 4), (3903, 2), (3923, 1), (3928, 1), (3973, 1), (32, 1), (4028, 8), (4037, 1), (4124, 1), (4186, 2), (4218, 3), (4331, 1), (4381, 2), (4389, 2), (4398, 2), (4405, 2), (4406, 1), (4503, 1), (4603, 1), (4642, 12), (4684, 1), (4750, 1), (4761, 1), (4793, 2), (4828, 49), (476, 1), (4872, 1), (483, 1), (4942, 4), (4963, 5), (5032, 1), (5037, 2), (498, 1), (5168, 1), (5273, 1), (5316, 1), (47, 1), (5461, 6), (5494, 1), (5502, 2), (5560, 1), (5561, 1), (5663, 8), (5664, 1), (5692, 1), (5773, 2), (5807, 1), (5811, 1), (52, 1), (5979, 2), (6007, 1), (6029, 17), (6131, 1), (6151, 1), (6173, 1), (6203, 1), (6296, 2), (6339, 3), (6345, 28), (6353, 2), (6401, 1), (6465, 2), (6606, 1), (6678, 1), (6681, 1), (6862, 1), (6870, 1), (6872, 4), (6878, 6), (6894, 2), (6909, 2), (688, 1), (6951, 1), (65, 1), (691, 1), (6996, 2), (7079, 1), (707, 1), (7294, 1), (7301, 1), (7304, 2), (7313, 1), (7356, 9), (7362, 20), (7387, 1), (7432, 1), (7512, 1), (7520, 3), (7540, 1), (7553, 2), (771, 6), (7628, 1), (7697, 1), (7734, 2), (7791, 2), (7836, 2), (7837, 1), (7901, 1), (7910, 1), (7955, 1), (7989, 2), (7991, 2), (8127, 1), (8141, 1), (8233, 2), (8242, 1), (828, 2), (8311, 1), (8316, 1), (8369, 1), (8452, 1), (8456, 2), (859, 1), (8509, 1), (8536, 1), (8551, 1), (8580, 10), (8589, 2), (8627, 1), (8641, 1), (8648, 1), (881, 1), (8709, 1), (8787, 1), (8826, 1), (908, 2), (8866, 1), (8932, 1), (9019, 1), (9070, 4), (9104, 2), (9162, 5), (946, 2), (9255, 1), (9276, 16), (9290, 2), (9330, 7), (9331, 1), (9509, 2), (9534, 1), (9542, 8), (9579, 1), (9648, 1), (9652, 1), (9661, 1), (9662, 2), (9695, 1), (9719, 1), (9746, 2), (9770, 2), (9831, 16), (9837, 3), (9846, 1), (9873, 1), (9957, 1), (98, 1), (9988, 1), (10011, 1), (10187, 2), (10190, 1), (10263, 12), (10271, 6), (10362, 5), (10424, 1), (10436, 1), (10472, 11), (10496, 10), (10503, 1), (10543, 8), (10612, 6), (10645, 2), (10664, 1), (10696, 1), (10700, 1), (10756, 1), (10782, 1), (10784, 18), (10788, 1), (10805, 2), (10829, 2), (10868, 1), (11024, 1), (11041, 2), (11087, 2), (11144, 1), (11170, 2), (11227, 1), (10, 1), (118, 1), (11295, 1), (11329, 1), (1157, 1), (11426, 1), (11447, 2), (11629, 28), (11668, 1), (11972, 1), (12051, 1), (12142, 1), (12266, 1), (12301, 2), (12308, 1), (12379, 1), (12593, 65), (12716, 1), (12776, 1), (12834, 1), (12927, 3), (13002, 2), (13043, 2), (13091, 1), (13140, 2), (13166, 2), (13176, 1), (1338, 1), (13242, 1), (13286, 18), (13289, 2), (13300, 1), (13310, 1), (13314, 1), (13329, 1), (13389, 14), (13466, 1), (13591, 6), (13637, 1), (13658, 1), (13665, 17), (13670, 1), (13720, 1), (13755, 1), (13770, 3), (13825, 2), (13885, 1), (13901, 2), (13914, 1), (13925, 6), (13975, 6), (14035, 4), (14074, 4), (14093, 2), (1442, 2), (14199, 1), (14248, 1), (1465, 2), (14431, 1), (14456, 16), (14595, 2), (14696, 1), (14700, 2), (14715, 1), (14747, 6), (14757, 1), (14765, 1), (14796, 1), (1519, 2), (14890, 1)
