woozi (DF: 1): (18027, 2)
wop (DF: 33): (1977, 1), (2490, 1), (2981, 3), (3128, 1), (3356, 3), (4365, 1), (449, 1), (5779, 1), (6287, 1), (6595, 1), (6876, 3), (7106, 1), (7376, 1), (7464, 2), (8103, 2), (8551, 1), (8596, 1), (924, 1), (9748, 1), (10144, 1), (10182, 1), (10725, 1), (10750, 2), (11212, 1), (12585, 2), (13530, 1), (14135, 1), (15042, 1), (15309, 1), (1574, 2), (15528, 1), (15956, 1), (17048, 1)
wope (DF: 1): (15042, 1)
wopo (DF: 1): (5779, 1)
wopones (DF: 1): (5779, 1)
woppiti (DF: 1): (10750, 1)
woptob (DF: 1): (12585, 1)
wor (DF: 1): (14899, 1)
worauf (DF: 1): (8498, 1)
worcestershir (DF: 2): (7130, 1), (14070, 1)
word (DF: 352): (1902, 2), (1911, 1), (1922, 2), (1929, 2), (1944, 7), (1948, 1), (1949, 15), (1956, 1), (1965, 1), (1985, 1), (2002, 2), (2004, 1), (2016, 3), (2028, 2), (2032, 1), (2045, 1), (2069, 1), (2075, 1), (2076, 2), (2110, 3), (2143, 1), (2154, 1), (2181, 3), (2198, 1), (2206, 1), (2210, 1), (2222, 1), (2225, 1), (2227, 1), (2228, 4), (2240, 1), (2252, 2), (220, 3), (2255, 1), (2260, 1), (2293, 1), (2310, 1), (2312, 2), (2329, 1), (2338, 2), (2359, 2), (2362, 1), (2370, 2), (2378, 1), (2382, 2), (2387, 1), (2399, 1), (2411, 1), (2415, 2), (2423, 1), (2424, 4), (2426, 2), (2441, 1), (2446, 2), (2452, 1), (2460, 1), (2462, 1), (2479, 1), (2504, 1), (2506, 1), (2509, 2), (2523, 1), (2537, 1), (2544, 3), (245, 1), (2568, 1), (2569, 2), (2580, 6), (2589, 6), (2628, 2), (2639, 5), (2660, 1), (2665, 4), (2692, 1), (2730, 2), (2753, 1), (2761, 2), (2765, 1), (266, 2), (2771, 2), (2775, 1), (2789, 1), (2794, 2), (2807, 2), (2825, 1), (2850, 1), (2856, 4), (2862, 5), (2878, 3), (2880, 1), (2883, 1), (2894, 1), (2903, 2), (2906, 1), (2916, 1), (2936, 1), (2945, 1), (2955, 2), (2975, 2), (2991, 2), (2996, 1), (3019, 1), (3037, 2), (3081, 2), (3087, 1), (3089, 1), (295, 1), (3095, 2), (3096, 6), (3101, 1), (3105, 1), (3115, 1), (3143, 2), (3148, 1), (3155, 1), (3156, 1), (3160, 3), (3170, 2), (3175, 1), (3183, 2), (3184, 4), (3189, 1), (3217, 1), (3244, 2), (319, 4), (3262, 1), (3265, 1), (3275, 14), (324, 1), (3301, 1), (3318, 1), (3327, 2), (3334, 6), (3335, 1), (332, 1), (3392, 1), (3412, 2), (3436, 1), (3452, 2), (3486, 1), (3490, 1), (3498, 1), (3518, 1), (3523, 1), (3530, 5), (3535, 2), (3538, 1), (3545, 1), (3551, 1), (3575, 2), (3589, 2), (3594, 2), (3618, 1), (3634, 4), (3640, 1), (3653, 1), (3698, 2), (3721, 12), (3731, 1), (3738, 1), (3762, 1), (3775, 1), (3779, 1), (3782, 1), (370, 1), (372, 1), (3832, 1), (3845, 1), (3855, 2), (3863, 7), (3882, 2), (3886, 1), (3899, 1), (3923, 1), (3931, 2), (389, 2), (393, 1), (4013, 1), (4019, 3), (4026, 1), (4035, 1), (4045, 1), (4057, 3), (4068, 2), (4071, 1), (4080, 1), (4090, 1), (4127, 2), (4132, 5), (4149, 2), (409, 4), (4168, 1), (4176, 1), (411, 1), (4201, 3), (4214, 3), (4220, 1), (4222, 3), (4247, 1), (4250, 1), (4261, 1), (4266, 1), (4281, 1), (421, 1), (4327, 1), (429, 1), (4354, 1), (432, 2), (4402, 1), (4403, 1), (436, 1), (4427, 1), (4428, 2), (4436, 1), (4443, 1), (4450, 1), (4459, 1), (4490, 1), (4508, 2), (4516, 3), (4553, 2), (4584, 10), (4607, 6), (4624, 3), (4626, 4), (4629, 1), (4639, 2), (4641, 1), (4645, 1), (452, 1), (4661, 1), (4677, 7), (4681, 1), (456, 1), (4715, 1), (4722, 1), (4723, 1), (461, 6), (4746, 1), (4757, 5), (4778, 4), (4788, 2), (4798, 1), (4809, 3), (4841, 1), (4843, 1), (4854, 1), (4864, 1), (4866, 1), (4871, 6), (4875, 3), (4883, 1), (4905, 2), (4918, 8), (4931, 2), (4934, 2), (4938, 1), (4962, 1), (4965, 1), (4969, 1), (4975, 9), (4982, 1), (4983, 2), (5001, 1), (5002, 1), (5008, 1), (5010, 1), (5014, 1), (5025, 4), (5032, 2), (5036, 1), (5037, 4), (5042, 1), (5050, 1), (5073, 1), (490, 1), (5082, 1), (5086, 1), (494, 1), (5091, 1), (5107, 1), (5124, 2), (5129, 1), (499, 2), (5140, 8), (5146, 3), (5171, 1), (5179, 1), (5182, 2), (5193, 1), (5207, 1), (5227, 2), (5239, 15), (5259, 1), (5270, 1), (5273, 1), (5286, 1), (5291, 1), (5305, 1), (5318, 2), (5339, 1), (5345, 1), (5346, 1), (5372, 1), (5378, 1), (5383, 1), (5420, 4), (5426, 6), (5437, 1), (5441, 1), (5445, 1), (5453, 3), (5470, 2), (5486, 1), (5499, 4), (49, 3), (5507, 1), (5511, 1), (5516, 4), (5521, 1), (5544, 2), (5560, 1), (5576, 1), (5579, 1), (5587, 6), (5594, 1), (554, 2), (5610, 3), (5624, 2), (5640, 3), (5651, 1), (5658, 1), (5671, 2), (563, 2), (5687, 10), (5692, 1), (5715, 1), (5729, 1), (5755, 3), (5759, 2), (5764, 1), (5767, 6), (5772, 1), (5773, 12), (5794, 1), (5802, 4), (5809, 2), (5842, 2), (5844, 4), (5853, 3), (5862, 2), (581, 1)
