val (DF: 123): (2107, 1), (2260, 1), (2369, 1), (2604, 2), (2656, 1), (283, 1), (3092, 2), (3316, 1), (3550, 5), (3875, 1), (4009, 1), (4143, 1), (4193, 2), (4210, 1), (4288, 1), (4729, 1), (4752, 5), (4852, 3), (4879, 1), (5016, 5), (5156, 2), (5352, 1), (5525, 4), (5647, 1), (5663, 1), (5687, 1), (5716, 3), (5735, 1), (6321, 17), (6450, 6), (6514, 3), (6691, 1), (6808, 1), (7056, 2), (7068, 1), (711, 1), (7426, 1), (7466, 1), (9, 3), (7604, 2), (7726, 10), (7782, 2), (7863, 1), (7942, 1), (8066, 1), (8256, 2), (8478, 8), (8518, 1), (8945, 2), (9196, 3), (9204, 1), (9431, 1), (9437, 1), (9636, 8), (9792, 1), (9797, 2), (9938, 3), (9974, 2), (1022, 3), (10291, 1), (10407, 1), (10584, 1), (10705, 3), (10781, 3), (10838, 2), (11689, 1), (11696, 2), (11726, 1), (11750, 1), (11774, 18), (11932, 1), (12256, 1), (12297, 1), (1259, 1), (12421, 2), (12456, 1), (1277, 1), (12852, 1), (12901, 1), (12965, 4), (13095, 1), (13138, 1), (13161, 1), (13442, 1), (13930, 1), (13971, 1), (13990, 1), (14011, 2), (14239, 4), (14260, 1), (14329, 1), (14331, 1), (14389, 1), (1481, 6), (14541, 1), (14685, 1), (1501, 1), (14743, 1), (14757, 1), (1519, 2), (15143, 1), (1580, 1), (15587, 1), (15733, 1), (16289, 1), (16456, 2), (16462, 1), (16602, 1), (16717, 1), (16749, 3), (16810, 1), (17033, 7), (17059, 3), (17192, 1), (17368, 1), (17534, 2), (17555, 17), (17685, 7), (17779, 1), (18187, 9), (18264, 1), (18302, 1), (6513, 1)
valderram (DF: 1): (4347, 4)
valdosta (DF: 1): (9385, 1)
valdr (DF: 4): (3159, 1), (11750, 1), (16557, 6), (1752, 1)
vale (DF: 17): (2839, 1), (3007, 1), (3234, 2), (3467, 2), (3838, 1), (3955, 2), (7649, 1), (7745, 1), (9368, 2), (10442, 1), (13078, 1), (13932, 1), (15322, 1), (15605, 1), (16117, 31), (1659, 1), (16850, 1)
valem (DF: 1): (13713, 1)
valenci (DF: 2): (7258, 1), (14143, 3)
valendo (DF: 1): (11132, 3)
valent (DF: 1): (6379, 1)
valenteen (DF: 1): (1030, 1)
valentin (DF: 30): (2054, 1), (2716, 9), (3538, 1), (3574, 1), (4882, 2), (528, 6), (5583, 1), (6664, 2), (6689, 3), (6805, 1), (7605, 4), (805, 1), (8137, 1), (8657, 1), (8883, 1), (9278, 1), (10100, 1), (10518, 3), (10945, 1), (1122, 1), (12493, 5), (12935, 2), (14143, 3), (15718, 12), (16964, 1), (17213, 1), (17368, 1), (17949, 1), (18112, 1), (18431, 1)
valentina (DF: 2): (16661, 1), (1861, 6)
valentino (DF: 20): (2054, 1), (3037, 1), (3170, 1), (4994, 1), (5197, 1), (528, 8), (6139, 4), (6528, 1), (698, 4), (7908, 1), (8779, 4), (8860, 2), (9705, 1), (10342, 1), (10474, 2), (14355, 1), (15315, 2), (15718, 13), (16057, 1), (17720, 1)
valentín (DF: 2): (12127, 3), (16264, 2)
valenzuel (DF: 1): (5183, 1)
valer (DF: 3): (7270, 1), (9087, 3), (15274, 1)
valeri (DF: 3): (7478, 7), (10266, 9), (14706, 18)
valet (DF: 42): (197, 2), (2286, 1), (3486, 1), (3676, 2), (3937, 2), (3975, 1), (4214, 1), (4566, 3), (4608, 1), (4789, 1), (6912, 1), (7133, 1), (7732, 1), (789, 1), (8060, 1), (8087, 1), (8536, 1), (8929, 1), (9166, 2), (9628, 1), (9993, 1), (10004, 1), (10417, 1), (11349, 1), (11794, 1), (11933, 1), (12042, 5), (1243, 1), (12377, 1), (12698, 1), (13674, 5), (14017, 1), (14168, 2), (14443, 3), (14547, 1), (15182, 2), (15211, 1), (15677, 1), (16144, 1), (16605, 1), (16790, 1), (17354, 1)
valg (DF: 15): (3569, 2), (3590, 1), (3851, 2), (3916, 2), (4032, 1), (6175, 1), (7056, 6), (7196, 1), (10584, 1), (1277, 9), (12984, 2), (14627, 1), (15182, 6), (15598, 1), (17534, 3)
valgam (DF: 1): (16295, 2)
valgo (DF: 1): (8132, 2)
valgt (DF: 1): (6674, 1)
valhalla (DF: 2): (15324, 1), (16849, 3)
valho (DF: 1): (3692, 1)
vali (DF: 7): (2604, 1), (9296, 1), (10442, 1), (12192, 1), (14550, 1), (16973, 2), (18301, 2)
valid (DF: 20): (1922, 1), (3453, 1), (386, 1), (4505, 1), (40, 1), (562, 1), (6098, 1), (676, 6), (6946, 1), (7006, 1), (7580, 3), (7856, 1), (8380, 1), (8944, 3), (9657, 1), (9977, 1), (10302, 1), (10491, 1), (10644, 1), (15446, 2)
validasi (DF: 1): (12477, 1)
valient (DF: 8): (6263, 1), (6339, 1), (8792, 1), (8919, 2), (16148, 1), (16171, 2), (16678, 1), (18264, 1)
valig (DF: 1): (6961, 1)
valij (DF: 2): (13986, 3), (14988, 1)
valio (DF: 1): (11026, 1)
valios (DF: 1): (10821, 1)
valis (DF: 1): (637, 1)
valium (DF: 11): (3789, 1), (5862, 1), (688, 1), (7892, 1), (8842, 1), (925, 1), (9301, 1), (10195, 2), (13289, 2), (13545, 2), (1587, 2)
valkyri (DF: 3): (10126, 1), (12057, 1), (14034, 1)
vall (DF: 1): (4780, 2)
