foxx (DF: 1): (15314, 2)
foxxi (DF: 1): (8583, 2)
foxy (DF: 1): (5459, 1)
foy (DF: 1): (13549, 1)
foyer (DF: 6): (4552, 3), (4701, 3), (9527, 1), (13794, 1), (15823, 1), (17053, 1)
fozzi (DF: 2): (10473, 1), (12958, 1)
fr (DF: 2): (6824, 1), (9418, 1)
fra (DF: 61): (2018, 2), (2498, 1), (2567, 1), (2759, 15), (2952, 2), (3591, 5), (4088, 4), (413, 15), (4714, 2), (524, 2), (5663, 2), (6292, 2), (6395, 4), (637, 4), (6626, 2), (6674, 15), (6716, 1), (63, 4), (7077, 10), (7200, 1), (7251, 1), (7397, 1), (7694, 1), (8198, 1), (8671, 1), (8777, 2), (9648, 6), (1010, 1), (10034, 1), (10543, 2), (10592, 5), (11019, 6), (11111, 2), (11298, 1), (11314, 3), (11490, 1), (11590, 1), (11812, 1), (11878, 1), (11953, 11), (12273, 3), (13626, 1), (13659, 5), (14029, 4), (14092, 3), (14517, 8), (15844, 2), (16208, 1), (16307, 8), (16525, 2), (16718, 1), (16746, 4), (16749, 2), (17294, 2), (17487, 1), (17567, 13), (17718, 1), (18035, 1), (187, 2), (1850, 1), (18442, 9)
frabi (DF: 2): (4704, 1), (17418, 1)
frac (DF: 1): (3909, 2)
fracas (DF: 18): (2782, 1), (2792, 2), (5906, 3), (6321, 5), (7982, 1), (8255, 1), (8352, 1), (8817, 1), (9430, 2), (11433, 1), (12615, 1), (14260, 1), (14346, 1), (14437, 1), (15054, 1), (16740, 1), (16968, 4), (17555, 5)
fracass (DF: 1): (598, 1)
fraco (DF: 5): (1979, 1), (5959, 1), (8113, 1), (11200, 1), (17652, 3)
fractal (DF: 3): (2462, 1), (2808, 1), (1600, 1)
fraction (DF: 15): (2727, 2), (3057, 3), (3473, 1), (3999, 1), (5598, 4), (9152, 1), (9509, 1), (11014, 1), (11090, 1), (11650, 1), (12793, 1), (13269, 1), (13432, 1), (15373, 2), (17938, 1)
fractur (DF: 16): (2852, 1), (4289, 1), (5358, 1), (6921, 3), (7184, 1), (934, 1), (10066, 1), (10298, 16), (10994, 1), (1343, 1), (1395, 1), (14291, 1), (15587, 1), (15888, 1), (16601, 1), (18013, 16)
frag (DF: 42): (2100, 1), (2328, 1), (2535, 1), (246, 4), (3108, 2), (3466, 1), (3849, 1), (397, 2), (4387, 1), (6835, 2), (7306, 6), (7411, 1), (7479, 1), (7720, 1), (8247, 2), (8311, 1), (8932, 1), (8999, 1), (10157, 1), (10603, 1), (10958, 8), (11122, 1), (11493, 5), (1176, 1), (11521, 1), (11949, 1), (1218, 1), (1238, 1), (12839, 1), (13226, 3), (14199, 1), (14254, 3), (14659, 3), (15066, 4), (16644, 1), (16777, 1), (16919, 1), (1736, 3), (1771, 2), (17780, 1), (18223, 3), (1845, 1)
fraga (DF: 1): (8574, 1)
fragalist (DF: 1): (11265, 1)
fraganci (DF: 6): (7780, 1), (9001, 1), (9872, 1), (13454, 1), (18213, 1), (1842, 1)
fraganti (DF: 1): (6889, 1)
fragezeich (DF: 1): (3048, 1)
fragil (DF: 51): (2059, 1), (3316, 1), (3596, 1), (3776, 1), (3890, 1), (3954, 3), (4740, 1), (6386, 6), (6700, 2), (7490, 2), (7628, 1), (8056, 1), (8070, 1), (8542, 4), (8666, 1), (898, 1), (8931, 4), (9573, 1), (10173, 3), (10180, 1), (10315, 1), (10424, 5), (10669, 4), (10820, 1), (11090, 1), (11727, 1), (12080, 1), (12092, 1), (12352, 1), (12497, 1), (12909, 1), (14058, 1), (14966, 1), (15076, 1), (15330, 1), (15382, 1), (15469, 1), (15501, 1), (16228, 1), (16249, 3), (17273, 1), (17350, 1), (17369, 4), (17420, 2), (17554, 3), (17701, 2), (17733, 1), (17806, 1), (17867, 1), (18151, 2), (18434, 1)
fragma (DF: 1): (6456, 1)
fragment (DF: 5): (13366, 1), (1590, 3), (16378, 1), (16477, 1), (17431, 1)
fragmentari (DF: 1): (11925, 1)
fragranc (DF: 11): (2322, 1), (6253, 1), (7050, 1), (7247, 2), (7341, 1), (8383, 1), (9878, 1), (10526, 1), (15788, 1), (16554, 2), (16790, 1)
fragrenc (DF: 1): (15291, 1)
fragt (DF: 5): (2078, 1), (3381, 1), (397, 1), (5459, 1), (12619, 1)
fraid (DF: 8): (5581, 1), (6452, 1), (7085, 8), (8009, 1), (8716, 1), (8987, 1), (12326, 1), (15518, 1)
frail (DF: 13): (4905, 2), (5744, 14), (5944, 5), (6031, 1), (7510, 5), (8554, 1), (10330, 1), (10373, 1), (12756, 1), (13443, 1), (13998, 5), (17260, 1), (18089, 1)
frais (DF: 3): (7254, 1), (13019, 1), (17960, 2)
frajo (DF: 1): (12989, 1)
fralda (DF: 1): (16850, 1)
fram (DF: 2): (4795, 2), (18172, 1)
frambues (DF: 1): (16717, 2)
frame (DF: 34): (1922, 1), (1992, 2), (2137, 1), (2381, 1), (2436, 1), (2444, 1), (2466, 1), (2667, 1), (2706, 1), (2746, 1), (2776, 2), (3435, 1), (3487, 1), (3494, 3), (3549, 1), (3652, 1), (3680, 1), (3726, 1), (3820, 1), (3956, 2), (4053, 6), (4059, 6), (4121, 1), (4218, 6), (4315, 1), (436, 4), (4645, 1), (4663, 1), (4764, 1), (4942, 2), (4970, 1), (5033, 2), (5349, 1), (5450, 1)
