rope (DF: 45): (12650, 1), (12666, 1), (12787, 1), (12953, 1), (13042, 1), (13449, 1), (13474, 1), (13897, 2), (13926, 1), (14009, 4), (14017, 1), (14038, 1), (1433, 1), (14165, 2), (14229, 1), (14296, 1), (14356, 2), (1469, 1), (14438, 2), (14470, 1), (14528, 1), (14901, 2), (15013, 2), (15190, 1), (15266, 1), (15320, 2), (15446, 2), (1622, 1), (15943, 2), (15989, 6), (16279, 1), (16432, 1), (174, 1), (16731, 1), (16986, 1), (17186, 1), (17206, 1), (1748, 1), (17257, 1), (17703, 2), (17737, 1), (17841, 1), (17990, 1), (18256, 10), (18309, 1)
ropin (DF: 2): (8493, 1), (15687, 1)
roqu (DF: 3): (9410, 7), (9525, 1), (11018, 10)
roro (DF: 5): (2692, 1), (669, 1), (11041, 1), (1558, 1), (16282, 1)
rorruec (DF: 1): (17779, 1)
ros (DF: 99): (2059, 1), (2150, 2), (2194, 1), (2425, 2), (3212, 12), (312, 1), (3570, 1), (3586, 2), (3631, 3), (3669, 1), (3890, 2), (3897, 2), (4193, 2), (4289, 1), (4423, 1), (450, 2), (4692, 1), (4790, 1), (4873, 2), (5051, 1), (5574, 1), (5793, 1), (6205, 2), (637, 1), (6414, 23), (6808, 3), (6884, 2), (7068, 1), (707, 1), (728, 3), (7412, 1), (762, 1), (7734, 1), (7782, 1), (7925, 1), (8128, 13), (8429, 2), (858, 1), (8624, 1), (8785, 1), (8945, 1), (9431, 1), (9575, 2), (9606, 23), (9636, 2), (9786, 2), (9792, 1), (9797, 2), (1033, 1), (10498, 1), (10838, 2), (11037, 2), (11081, 1), (11312, 2), (1215, 1), (11997, 3), (1307, 1), (13084, 3), (13337, 1), (13367, 12), (13369, 2), (13370, 1), (13412, 3), (13576, 1), (13973, 1), (1453, 5), (14260, 1), (14379, 1), (14420, 4), (14525, 1), (1484, 1), (14880, 1), (14968, 1), (15237, 1), (15737, 1), (15775, 1), (15815, 1), (15835, 1), (15894, 1), (16033, 1), (16373, 3), (16668, 1), (16701, 1), (16979, 1), (17115, 6), (17140, 3), (17146, 1), (17403, 1), (17462, 3), (17494, 1), (17573, 1), (17706, 8), (17931, 4), (18043, 2), (18090, 4), (18132, 1), (18301, 1), (8882, 3), (8883, 1)
rosa (DF: 9): (3986, 2), (702, 1), (8001, 1), (9658, 1), (11761, 1), (13078, 4), (15400, 1), (15478, 1), (1766, 1)
rosal (DF: 3): (4300, 3), (4594, 3), (9074, 1)
rosaleem (DF: 2): (15519, 1), (16449, 2)
rosalía (DF: 2): (8560, 1), (17457, 1)
rosann (DF: 1): (5223, 1)
rosanna (DF: 2): (4017, 4), (5223, 1)
rosari (DF: 7): (4598, 1), (6782, 1), (6875, 1), (8255, 1), (11214, 1), (15598, 1), (1631, 1)
rosay (DF: 1): (535, 2)
rosco (DF: 10): (5401, 1), (5456, 1), (6168, 1), (8026, 1), (8347, 1), (124, 13), (14980, 8), (17083, 1), (17603, 1), (17934, 1)
rose (DF: 183): (1894, 1), (1896, 2), (1936, 1), (1948, 1), (2003, 1), (2117, 8), (2124, 3), (2147, 1), (2177, 2), (2198, 1), (2249, 2), (2297, 2), (2360, 1), (2447, 1), (2454, 2), (2471, 10), (2495, 2), (2509, 1), (2649, 1), (2907, 2), (2937, 1), (2969, 1), (3004, 1), (3027, 1), (3059, 1), (3195, 1), (3217, 1), (3232, 9), (3317, 7), (3468, 2), (343, 2), (3500, 2), (3528, 1), (3577, 1), (3601, 2), (3606, 2), (3646, 2), (3662, 1), (3777, 1), (3967, 2), (4028, 2), (4051, 1), (4068, 1), (405, 1), (407, 1), (4333, 1), (4337, 2), (4365, 1), (4459, 4), (4552, 1), (4557, 1), (4604, 1), (4662, 1), (4720, 1), (4727, 9), (4845, 1), (4950, 30), (4993, 2), (5021, 2), (5059, 1), (503, 1), (5245, 1), (5300, 1), (5310, 2), (5327, 1), (5379, 2), (5431, 2), (5441, 2), (5537, 2), (548, 1), (5564, 2), (51, 1), (5759, 1), (5772, 7), (6013, 2), (6020, 1), (6021, 1), (6060, 1), (6101, 1), (6116, 1), (6194, 2), (6221, 1), (6245, 2), (6271, 1), (6275, 1), (6288, 2), (6306, 1), (6312, 2), (6333, 1), (6442, 25), (6481, 5), (6490, 1), (645, 1), (6550, 2), (6649, 1), (6652, 1), (6653, 1), (6661, 2), (6728, 1), (6759, 2), (672, 1), (6799, 3), (690, 1), (6972, 1), (699, 2), (7128, 1), (7179, 1), (69, 1), (7351, 1), (7420, 1), (7445, 1), (7453, 2), (7606, 1), (7623, 2), (7663, 2), (7670, 1), (7688, 5), (7691, 1), (7728, 11), (7752, 1), (7785, 1), (7786, 2), (7811, 1), (7923, 1), (805, 1), (8083, 1), (8103, 1), (8183, 1), (8234, 1), (8283, 9), (8343, 1), (8500, 2), (873, 2), (8604, 1), (8697, 2), (8708, 1), (8716, 2), (8800, 1), (8804, 1), (8830, 1), (8861, 11), (8884, 1), (8931, 2), (9063, 1), (9112, 2), (9265, 1), (9287, 2), (9293, 1), (9393, 1), (9417, 1), (9493, 1), (9565, 19), (9566, 1), (9648, 1), (9679, 2), (993, 1), (9822, 1), (9833, 1), (9875, 2), (9898, 1), (9946, 1), (1017, 2), (9977, 2), (10066, 4), (1026, 1), (10110, 1), (10120, 3), (10122, 2), (10133, 1), (10205, 1), (10221, 3), (10274, 1), (10303, 2), (10345, 1), (10435, 1), (10445, 6), (10547, 1), (10593, 1), (10653, 1), (10681, 3), (10744, 2), (10777, 1), (10984, 1)
