auld (DF: 1): (17866, 11)
auldist (DF: 1): (13477, 1)
aull (DF: 3): (7539, 1), (1724, 1), (17058, 13)
aullart (DF: 1): (12331, 1)
aum (DF: 1): (6808, 1)
aument (DF: 16): (283, 1), (4445, 2), (5826, 2), (5906, 1), (1079, 1), (10909, 1), (11111, 1), (11113, 1), (11142, 30), (11452, 1), (11734, 2), (13157, 2), (14856, 5), (17213, 2), (18213, 1), (18442, 1)
aumenta (DF: 4): (3692, 1), (6844, 2), (8858, 4), (18271, 2)
aumental (DF: 1): (11142, 1)
aumentar (DF: 1): (6500, 1)
aumm (DF: 1): (4496, 3)
aun (DF: 102): (2043, 2), (2090, 3), (2325, 1), (2530, 1), (2662, 1), (2967, 1), (3092, 2), (3093, 2), (3106, 3), (3239, 1), (3340, 2), (3403, 14), (28, 2), (3631, 1), (3723, 1), (3920, 3), (417, 2), (5198, 3), (5353, 1), (5792, 1), (5793, 1), (577, 2), (6175, 1), (6209, 1), (6263, 2), (6351, 4), (6514, 2), (6645, 4), (7104, 2), (7288, 8), (7742, 8), (7820, 1), (7851, 3), (7935, 1), (7948, 1), (7993, 5), (8047, 5), (8131, 1), (8255, 1), (8482, 1), (885, 10), (8792, 1), (8914, 2), (9039, 9), (87, 8), (9296, 1), (9516, 1), (9536, 2), (9960, 4), (10322, 4), (10763, 1), (10804, 2), (10909, 7), (10939, 4), (11005, 2), (1133, 1), (11081, 1), (11096, 1), (11237, 1), (11391, 1), (12087, 1), (12092, 1), (12175, 1), (12297, 2), (12397, 1), (12661, 2), (12808, 1), (12852, 2), (1305, 1), (12885, 1), (12965, 4), (13034, 1), (13153, 2), (13406, 3), (14327, 4), (14329, 2), (14437, 1), (1478, 1), (14510, 1), (1481, 2), (14561, 1), (14685, 1), (14697, 1), (15224, 8), (15821, 1), (16295, 2), (16373, 1), (16820, 1), (16840, 1), (16910, 5), (16973, 1), (17213, 2), (17431, 1), (17604, 2), (17803, 1), (17821, 2), (17909, 5), (17980, 1), (18047, 1), (18375, 5), (3158, 4), (3159, 1)
auna (DF: 1): (5830, 1)
aunda (DF: 1): (16186, 1)
aundi (DF: 1): (2268, 1)
aunqu (DF: 225): (1932, 2), (1939, 1), (1953, 4), (1966, 6), (1978, 1), (2043, 2), (2079, 2), (2088, 2), (2090, 2), (2092, 1), (2243, 1), (2309, 3), (2316, 1), (2354, 1), (2645, 12), (2656, 1), (2792, 1), (2805, 1), (269, 1), (2938, 2), (3080, 2), (3159, 1), (3211, 5), (3239, 1), (333, 4), (3403, 12), (3419, 3), (3459, 4), (342, 1), (3489, 1), (3495, 2), (3504, 1), (3555, 3), (3588, 6), (3603, 1), (354, 4), (3665, 6), (366, 1), (3851, 4), (3876, 1), (3897, 1), (3903, 1), (3908, 1), (3920, 7), (3981, 2), (4009, 1), (4049, 9), (4180, 1), (4189, 1), (4193, 2), (417, 2), (4236, 4), (4288, 1), (4289, 1), (4479, 1), (4507, 3), (4518, 2), (4560, 1), (4591, 4), (4605, 2), (4797, 1), (4804, 4), (476, 3), (5022, 1), (5040, 2), (5126, 3), (5183, 3), (5198, 3), (5224, 2), (539, 1), (5471, 6), (5525, 4), (5745, 16), (5790, 1), (5852, 2), (5856, 2), (5990, 1), (5991, 1), (6120, 2), (6160, 1), (6190, 2), (6205, 10), (6239, 4), (628, 4), (6321, 1), (6339, 1), (6346, 1), (6438, 1), (6513, 2), (648, 4), (6706, 2), (6808, 1), (679, 1), (6939, 7), (6967, 1), (6974, 1), (7031, 2), (7056, 2), (7108, 7), (7171, 5), (7205, 2), (7239, 2), (7274, 4), (7288, 4), (7392, 2), (7395, 1), (7632, 4), (7760, 1), (7766, 1), (7782, 4), (7854, 5), (7935, 4), (7948, 2), (8091, 1), (8112, 2), (8140, 7), (8171, 1), (8205, 1), (836, 1), (8353, 6), (858, 1), (8526, 2), (8765, 1), (8817, 1), (8820, 1), (8846, 6), (8945, 3), (84, 1), (9034, 1), (9060, 3), (9108, 2), (934, 1), (9252, 4), (9285, 2), (9362, 3), (9383, 6), (9412, 1), (9414, 1), (9430, 1), (9450, 1), (9473, 2), (9492, 1), (9545, 1), (9636, 4), (9682, 1), (9719, 3), (9756, 1), (9762, 2), (9792, 1), (9818, 1), (9819, 2), (9845, 4), (9903, 2), (1013, 1), (9963, 2), (9972, 4), (9974, 1), (10047, 1), (10189, 19), (10217, 1), (1039, 1), (10322, 1), (10399, 2), (10407, 1), (10418, 2), (10461, 1), (10530, 14), (10559, 1), (10612, 3), (10757, 2), (10781, 3), (10804, 4), (10819, 8), (10822, 1), (10852, 1), (10943, 7), (10952, 1), (10982, 1), (11018, 1), (11073, 1), (11081, 1), (11155, 5), (11350, 1), (11526, 1), (11576, 1), (11605, 2), (11610, 1), (11620, 4), (11724, 2), (11726, 1), (11734, 2), (11750, 1), (11924, 6), (11999, 5), (12030, 8), (12082, 2), (12087, 1), (12092, 2), (1228, 2), (12167, 3), (12297, 1), (12350, 1), (1254, 2), (1259, 2), (12421, 1), (12656, 2), (12686, 1), (1296, 1), (12794, 1), (13066, 2), (13095, 2), (13193, 1), (13205, 2), (13437, 2), (13442, 3), (13468, 1), (1379, 1), (13650, 1), (13672, 2), (1395, 1), (13799, 2), (13806, 1), (13857, 8), (143, 1), (13935, 2)
