distinct (DF: 3): (6081, 1), (7634, 1), (11406, 2)
disting (DF: 1): (5110, 1)
distingu (DF: 3): (2098, 1), (11335, 1), (11452, 1)
distinguish (DF: 1): (270, 1)
distint (DF: 23): (355, 2), (3898, 1), (4344, 5), (4423, 1), (6346, 1), (6513, 1), (6862, 1), (6940, 2), (7415, 1), (8242, 1), (9252, 1), (9318, 2), (9972, 1), (10892, 1), (11750, 1), (12276, 1), (12297, 3), (12924, 1), (13272, 1), (14085, 1), (14389, 1), (15939, 1), (17549, 4)
distinta (DF: 1): (16353, 1)
distorcion (DF: 1): (9803, 3)
distorsion (DF: 1): (17664, 2)
distort (DF: 15): (3317, 7), (5876, 4), (5934, 2), (646, 1), (7855, 5), (8492, 1), (8850, 3), (915, 1), (10610, 1), (10681, 3), (13175, 5), (13302, 5), (14372, 2), (15291, 1), (18088, 5)
distorted (DF: 1): (13789, 1)
distortin (DF: 1): (5041, 1)
distr (DF: 2): (12901, 1), (14222, 1)
distra (DF: 1): (6889, 1)
distrab (DF: 1): (11932, 1)
distraccion (DF: 1): (8744, 1)
distract (DF: 47): (2423, 1), (2957, 1), (3794, 3), (3873, 1), (4281, 1), (4641, 1), (4712, 2), (4905, 2), (5289, 1), (5598, 2), (556, 3), (5789, 1), (5921, 4), (642, 1), (645, 1), (6866, 1), (7835, 4), (794, 2), (8272, 1), (8559, 1), (8840, 1), (8967, 5), (9013, 1), (9036, 1), (9298, 2), (9518, 1), (9635, 1), (9946, 1), (10106, 1), (11302, 3), (12149, 1), (12545, 2), (1293, 1), (12793, 2), (13724, 1), (13766, 2), (14955, 1), (15621, 1), (16536, 1), (16592, 1), (16661, 1), (16974, 6), (1727, 1), (17103, 1), (17513, 3), (18030, 1), (1835, 1)
distraid (DF: 5): (4352, 1), (5126, 1), (10322, 1), (14063, 1), (15224, 2)
distraig (DF: 1): (6808, 1)
distraiu (DF: 1): (16353, 1)
distratt (DF: 4): (8130, 1), (11452, 1), (11490, 1), (1850, 1)
distraída (DF: 1): (9860, 1)
distress (DF: 16): (1957, 2), (2097, 1), (3079, 2), (3923, 3), (5085, 1), (9937, 1), (11602, 3), (12254, 1), (12805, 1), (13797, 1), (1448, 1), (14745, 1), (1574, 2), (15399, 1), (16460, 1), (17264, 1)
distribu (DF: 1): (3269, 1)
distribut (DF: 11): (3597, 1), (5225, 1), (8055, 4), (8976, 2), (9000, 1), (9419, 2), (980, 2), (13172, 2), (13405, 1), (14713, 1), (16863, 1)
distributeur (DF: 1): (12042, 1)
distributin (DF: 1): (16582, 1)
distributor (DF: 2): (8208, 1), (17970, 1)
distribuía (DF: 1): (3467, 1)
district (DF: 20): (1962, 1), (2561, 1), (2820, 1), (3487, 1), (369, 1), (490, 1), (5717, 1), (737, 1), (802, 1), (8473, 9), (10901, 6), (12127, 9), (12242, 1), (12414, 1), (13578, 1), (13848, 2), (14088, 1), (16180, 1), (16264, 6), (17224, 1)
distrit (DF: 1): (16657, 1)
distrito (DF: 1): (6224, 1)
distrubut (DF: 1): (4303, 1)
distrust (DF: 1): (2075, 1)
distrutt (DF: 1): (16451, 2)
disturb (DF: 50): (2225, 1), (2974, 3), (3347, 1), (3439, 1), (3741, 1), (3753, 2), (4045, 1), (5274, 1), (5751, 1), (5837, 2), (6246, 1), (6608, 1), (63, 1), (7192, 1), (7591, 2), (789, 2), (72, 1), (8172, 1), (8177, 1), (8316, 1), (9459, 1), (9548, 1), (991, 1), (9890, 3), (9977, 1), (10240, 1), (10474, 1), (10478, 1), (11594, 1), (11680, 1), (11933, 1), (11962, 2), (12383, 1), (12743, 4), (12849, 2), (13003, 1), (13959, 1), (1477, 1), (14745, 1), (15368, 1), (15866, 1), (15872, 1), (16191, 1), (16748, 1), (16806, 1), (16902, 1), (17361, 3), (17878, 4), (1823, 1), (1824, 3)
disturbed (DF: 1): (2535, 1)
disturbin (DF: 5): (2198, 1), (4045, 1), (909, 1), (14142, 4), (16806, 1)
distância (DF: 2): (16522, 3), (18186, 2)
disuelv (DF: 1): (9070, 2)
disus (DF: 1): (10371, 1)
disziplin (DF: 2): (6835, 1), (1715, 1)
dit (DF: 66): (2260, 10), (2638, 3), (2952, 2), (3213, 1), (3295, 1), (3387, 1), (349, 7), (3748, 1), (3909, 4), (4197, 2), (4278, 12), (4295, 7), (4308, 3), (4379, 2), (4440, 2), (4614, 1), (4665, 2), (4849, 2), (4991, 1), (5187, 2), (524, 1), (5392, 1), (540, 9), (6008, 1), (598, 3), (6626, 1), (6641, 1), (676, 2), (6886, 3), (7428, 1), (7607, 2), (7728, 3), (7922, 1), (8671, 3), (9222, 1), (9737, 3), (10284, 4), (10501, 24), (1089, 4), (11071, 2), (11570, 24), (11669, 1), (11673, 1), (11812, 1), (11953, 1), (12042, 6), (12446, 2), (1318, 4), (13019, 1), (14405, 2), (14553, 2), (14555, 2), (14757, 7), (14952, 1), (15205, 2), (15345, 4), (15456, 23), (15469, 1), (15565, 1), (15637, 1), (15912, 1), (16309, 1), (175, 2), (17140, 4), (17663, 1), (1848, 1)
dita (DF: 5): (434, 1), (5940, 5), (14899, 1), (15832, 3), (16826, 2)
ditado (DF: 1): (11685, 1)
