90 (DF: 26): (18018, 1), (18037, 1), (18069, 1), (18104, 1), (18128, 1), (18184, 1), (1838, 1), (18201, 2), (18243, 1), (18309, 1), (18378, 1), (18382, 1), (18391, 1), (1860, 1), (3288, 1), (3289, 1), (4612, 1), (4613, 1), (4937, 1), (4938, 1), (12299, 1), (12301, 1), (13522, 1), (13523, 1), (1595, 1), (1596, 1)
900 (DF: 4): (5107, 1), (8363, 3), (12944, 1), (16539, 1)
9000 (DF: 1): (17324, 1)
901 (DF: 1): (11109, 4)
90125 (DF: 2): (680, 1), (883, 1)
905 (DF: 1): (14637, 1)
909 (DF: 1): (12515, 1)
90er (DF: 4): (2881, 1), (1177, 1), (13085, 1), (13520, 2)
90ern (DF: 2): (11459, 1), (12356, 1)
90s (DF: 385): (16, 1), (1885, 1), (1944, 1), (1977, 1), (200, 1), (2075, 1), (2093, 1), (2104, 1), (2143, 1), (2147, 1), (2198, 1), (2232, 1), (2262, 1), (2264, 1), (2266, 1), (2301, 1), (2304, 1), (2340, 1), (2357, 1), (2388, 1), (2409, 2), (2431, 1), (2434, 1), (2444, 1), (2464, 2), (2489, 1), (2531, 2), (2571, 1), (2632, 1), (2635, 1), (249, 1), (2678, 1), (257, 1), (2734, 1), (2765, 1), (2771, 1), (2811, 1), (2820, 1), (2847, 1), (2850, 1), (2856, 1), (2878, 1), (2882, 1), (2895, 1), (2901, 1), (2915, 1), (3019, 1), (3076, 1), (3101, 1), (3216, 1), (3249, 1), (3271, 1), (3276, 2), (3279, 1), (3289, 1), (3375, 1), (335, 1), (3428, 1), (3446, 1), (3455, 1), (3476, 1), (3483, 1), (3538, 1), (3544, 1), (3559, 1), (3573, 2), (3581, 1), (352, 2), (3625, 2), (3708, 1), (3726, 1), (365, 1), (3739, 1), (3775, 1), (3790, 1), (3803, 1), (372, 1), (3911, 1), (3933, 1), (3941, 1), (3982, 2), (3999, 1), (4008, 1), (4015, 1), (4019, 1), (4037, 1), (4075, 1), (4090, 1), (405, 1), (4121, 1), (409, 1), (4161, 2), (4222, 1), (4251, 1), (4303, 1), (4436, 1), (4447, 2), (4463, 2), (4629, 1), (4641, 1), (4643, 1), (4645, 1), (4684, 1), (455, 1), (4690, 1), (4745, 1), (4789, 1), (4808, 1), (4863, 1), (4866, 1), (4877, 1), (4919, 1), (4937, 1), (4944, 1), (4947, 1), (485, 1), (5008, 1), (5026, 1), (5044, 2), (5050, 1), (5107, 1), (5130, 1), (5134, 1), (5164, 1), (5222, 1), (5223, 1), (5225, 1), (5247, 1), (5258, 1), (5286, 1), (5299, 1), (5331, 1), (527, 1), (5340, 1), (5349, 1), (5365, 1), (5390, 1), (5401, 1), (5419, 1), (5423, 1), (541, 1), (5483, 1), (544, 1), (5565, 1), (5643, 1), (5680, 1), (5687, 1), (5692, 1), (5704, 1), (5708, 1), (5715, 1), (566, 1), (5729, 1), (5758, 1), (5773, 1), (581, 1), (5897, 1), (5950, 1), (5977, 1), (5981, 1), (6060, 1), (6086, 1), (6114, 1), (6157, 1), (6265, 1), (624, 1), (6345, 1), (6357, 1), (6401, 1), (6412, 1), (57, 2), (6474, 1), (6504, 1), (6520, 1), (6570, 1), (6576, 1), (6607, 1), (6610, 1), (656, 1), (6624, 1), (6721, 1), (6722, 1), (6742, 1), (6755, 1), (6852, 1), (6870, 1), (6897, 1), (6938, 2), (6962, 1), (6982, 1), (6992, 1), (7009, 1), (7027, 1), (7030, 1), (7093, 1), (7177, 1), (7178, 1), (7186, 1), (7201, 1), (7237, 1), (7335, 2), (7349, 1), (731, 1), (7365, 2), (7369, 1), (736, 1), (7387, 1), (7433, 1), (7458, 1), (742, 1), (7469, 1), (7531, 1), (753, 1), (7592, 2), (7620, 1), (7671, 1), (7690, 1), (7728, 1), (7732, 1), (7772, 1), (785, 1), (7777, 1), (789, 1), (7867, 1), (7868, 1), (7901, 1), (7914, 1), (7943, 1), (7960, 1), (7969, 1), (7977, 1), (8122, 1), (8133, 1), (8136, 1), (8148, 1), (8151, 1), (8206, 2), (8252, 1), (8254, 1), (8290, 1), (8312, 1), (8326, 1), (8336, 1), (8350, 1), (8356, 1), (8401, 1), (8402, 1), (8422, 2), (8446, 1), (8460, 1), (8532, 1), (8596, 1), (8629, 1), (8645, 1), (8676, 1), (8734, 1), (8746, 1), (8781, 1), (8826, 1), (8843, 1), (8862, 1), (8903, 1), (8913, 1), (8921, 1), (8956, 1), (8982, 1), (9035, 1), (9053, 1), (9073, 1), (9110, 1), (9129, 2), (9180, 1), (9267, 1), (9278, 1), (950, 1), (9325, 1), (9349, 2), (9360, 2), (9373, 1), (9448, 1), (9465, 1), (9615, 1), (980, 1), (9669, 1), (987, 1), (9750, 1), (9764, 2), (9801, 1), (9808, 1), (9883, 1), (9889, 1), (9949, 1), (9975, 2), (9991, 1), (10011, 1), (10023, 1), (10041, 1), (1040, 2), (10273, 1), (1044, 1), (10306, 1), (10313, 1), (10341, 1), (10370, 1), (10480, 1), (10515, 1), (10614, 1), (10629, 1), (10703, 1), (10707, 1), (10713, 1), (1094, 1), (10731, 1), (10774, 1), (10783, 1), (10796, 1), (1110, 1), (10870, 1), (1111, 1), (10900, 1), (10922, 1), (11036, 1), (11062, 2), (11067, 1), (11090, 1), (11172, 1), (11212, 1), (11226, 1), (1150, 1), (11259, 2), (11304, 1), (11329, 1), (11357, 1), (11372, 1), (11374, 1), (11395, 1), (11396, 1), (11408, 1), (11429, 1), (11438, 1), (11446, 1), (1182, 1), (11545, 7), (11565, 1), (11622, 1), (11681, 1), (11754, 1), (11785, 1), (11825, 1), (11844, 1), (11850, 1), (11888, 1), (11907, 2), (11910, 1), (11972, 1), (12187, 1), (12202, 1), (12210, 1), (12262, 2), (1245, 1), (12308, 1), (12312, 1), (12365, 1), (12454, 2), (12465, 1), (12468, 1), (12507, 1), (12569, 1), (12620, 1), (12625, 1), (12685, 1), (12687, 1), (12696, 1), (12720, 1), (12727, 1), (12738, 1), (12776, 1), (12813, 1), (1306, 2), (12879, 2), (12904, 1), (12913, 1), (12939, 1), (12946, 1), (12976, 1)
