chanc (DF: 149): (15974, 2), (16015, 2), (16025, 12), (16055, 3), (16065, 1), (16070, 3), (16088, 15), (1649, 1), (16136, 1), (16211, 2), (16225, 1), (16233, 1), (171, 1), (16259, 1), (16264, 2), (1660, 4), (16303, 1), (16324, 6), (16354, 1), (16367, 1), (16371, 8), (16412, 2), (16430, 1), (16458, 6), (1678, 3), (16503, 1), (16518, 1), (16532, 1), (16539, 1), (16541, 1), (16559, 1), (16612, 1), (16619, 1), (16640, 1), (16641, 3), (16662, 3), (16669, 1), (16687, 12), (16694, 6), (16728, 1), (16762, 3), (16794, 2), (16816, 2), (16822, 2), (16935, 1), (16950, 1), (16958, 1), (16961, 1), (16972, 2), (16993, 1), (17000, 1), (17025, 3), (17042, 1), (17050, 1), (17072, 1), (17074, 1), (17120, 2), (17138, 1), (17177, 2), (17226, 1), (17277, 1), (17291, 2), (17298, 2), (17312, 3), (1759, 4), (17348, 1), (17349, 1), (17376, 1), (17389, 3), (17420, 4), (17438, 1), (17503, 1), (17524, 1), (17532, 1), (17554, 4), (17569, 1), (17616, 1), (17626, 1), (17637, 2), (17661, 2), (17673, 1), (17679, 1), (17683, 1), (17696, 1), (17722, 1), (17734, 6), (17752, 1), (17763, 1), (17782, 8), (17794, 1), (17848, 1), (17897, 1), (17907, 1), (17948, 1), (17971, 3), (17975, 1), (17982, 1), (18004, 2), (18008, 2), (18022, 1), (18071, 5), (18097, 1), (18147, 1), (18161, 1), (18190, 1), (1838, 1), (18215, 1), (18252, 9), (18257, 1), (18309, 6), (18312, 1), (18315, 1), (18353, 12), (18366, 2), (18371, 2), (18378, 1), (18381, 1), (18393, 1), (18402, 2), (18447, 1), (5112, 1), (5113, 1), (5759, 6), (5760, 6), (6356, 4), (6357, 6), (7812, 1), (7814, 2), (921, 3), (922, 1), (9121, 2), (9123, 1), (10063, 1), (10064, 1), (11186, 2), (11187, 1), (11567, 1), (11568, 4), (11730, 3), (11732, 1), (13551, 1), (13552, 1), (16563, 3), (16564, 1), (1709, 2), (1710, 1), (16864, 1), (16866, 2), (17419, 1)
chancellor (DF: 1): (7973, 1)
chancer (DF: 1): (13128, 1)
chancin (DF: 1): (6824, 1)
chancl (DF: 3): (4532, 1), (10285, 1), (14856, 1)
chanclaso (DF: 2): (11650, 1), (13432, 1)
chanclet (DF: 6): (6872, 1), (891, 1), (14457, 1), (17668, 1), (17861, 1), (1826, 1)
chancleta (DF: 1): (4282, 1)
chand (DF: 2): (3732, 36), (9533, 36)
chanda (DF: 1): (11725, 1)
chandeli (DF: 24): (1896, 1), (3310, 1), (3937, 2), (4037, 1), (4552, 7), (5168, 1), (5484, 1), (6492, 9), (7711, 10), (9135, 1), (9409, 2), (10739, 1), (11123, 1), (11258, 1), (11502, 33), (11921, 2), (12563, 3), (13708, 1), (13756, 1), (14032, 7), (14547, 1), (15705, 2), (15860, 1), (18183, 3)
chandigarh (DF: 4): (4421, 1), (8510, 12), (9519, 4), (12819, 1)
chandler (DF: 1): (5238, 2)
chandon (DF: 16): (2651, 2), (2943, 1), (4357, 6), (5172, 1), (6114, 4), (681, 1), (7130, 1), (7171, 1), (7554, 1), (7854, 1), (11373, 8), (143, 2), (14070, 1), (14524, 1), (15098, 1), (17421, 1)
chandra (DF: 1): (17635, 1)
chane (DF: 1): (268, 1)
chanel (DF: 93): (2164, 1), (2256, 4), (2760, 1), (3232, 9), (3282, 2), (3424, 3), (3510, 6), (3549, 1), (3571, 1), (3681, 2), (3913, 1), (4425, 1), (4446, 1), (4558, 4), (4585, 1), (469, 2), (5413, 1), (5753, 1), (5817, 8), (6006, 1), (6964, 1), (7004, 1), (7278, 2), (7319, 1), (7775, 2), (7916, 1), (8168, 1), (825, 6), (8574, 1), (9182, 2), (9451, 1), (9627, 1), (9786, 9), (9875, 10), (9944, 2), (1028, 26), (10237, 1), (10269, 2), (10626, 1), (11073, 3), (11123, 1), (11397, 1), (11476, 1), (11498, 1), (11536, 2), (11693, 3), (1197, 1), (11977, 1), (12029, 8), (12060, 1), (12157, 1), (12290, 1), (12479, 1), (12483, 1), (12690, 2), (12706, 1), (12723, 3), (12868, 1), (13070, 1), (13095, 1), (13221, 26), (13573, 6), (13694, 1), (13765, 2), (13848, 2), (14049, 2), (14196, 3), (14262, 2), (14443, 1), (14457, 3), (14841, 1), (14942, 2), (155, 15), (15204, 1), (15357, 1), (15573, 20), (15589, 1), (1625, 1), (15993, 1), (16355, 2), (16440, 1), (16636, 1), (1736, 1), (17123, 1), (17219, 1), (17401, 4), (17732, 1), (17755, 2), (1799, 2), (17768, 2), (17785, 1), (17938, 5), (18179, 1)
chaney (DF: 2): (6135, 2), (15340, 2)
chang (DF: 12): (1888, 1), (1896, 1), (1902, 1), (1904, 1), (1910, 3), (196, 4), (1925, 2), (1945, 4), (1958, 5), (1964, 1), (1975, 1), (1992, 1)
