almighty (DF: 4): (3214, 1), (5224, 4), (6808, 3), (13141, 6)
almir (DF: 1): (858, 1)
almism (DF: 1): (9803, 1)
almoh (DF: 20): (269, 1), (5770, 3), (5852, 1), (8546, 1), (890, 1), (8902, 1), (87, 1), (9496, 3), (10217, 6), (10607, 4), (11155, 1), (11689, 1), (11747, 1), (12082, 1), (12192, 1), (13030, 4), (14471, 2), (1481, 6), (14863, 1), (16717, 2)
almond (DF: 10): (2397, 1), (2646, 1), (3076, 1), (9119, 1), (15110, 1), (15173, 2), (15519, 1), (16144, 1), (16449, 2), (16598, 1)
almorz (DF: 1): (13442, 1)
almost (DF: 273): (1913, 1), (1961, 3), (1995, 1), (2083, 1), (2172, 1), (2199, 1), (2220, 1), (2224, 2), (2321, 1), (2334, 4), (2365, 1), (2382, 1), (2485, 2), (2514, 1), (2552, 1), (2556, 1), (2634, 2), (2687, 1), (2734, 12), (2804, 1), (2891, 4), (2930, 2), (2949, 1), (2989, 3), (3030, 1), (3109, 2), (3206, 1), (313, 1), (3246, 1), (3310, 3), (334, 1), (3470, 1), (3503, 1), (3545, 2), (3573, 2), (3579, 3), (3634, 2), (3688, 2), (3852, 4), (3923, 1), (3946, 1), (4092, 2), (4097, 1), (4206, 1), (415, 2), (4242, 1), (425, 1), (4321, 2), (4449, 1), (4460, 1), (4538, 2), (4612, 1), (4848, 1), (4918, 1), (4928, 1), (5052, 2), (5068, 1), (5069, 8), (5171, 1), (5217, 1), (5264, 1), (5270, 1), (5334, 1), (5386, 1), (5426, 1), (48, 6), (5618, 2), (5714, 6), (5732, 1), (5739, 1), (5829, 1), (5834, 2), (5925, 7), (5936, 1), (5961, 1), (6046, 1), (6060, 2), (629, 2), (6350, 3), (6355, 1), (6465, 1), (6512, 1), (6516, 6), (6522, 2), (59, 1), (6701, 1), (6732, 1), (6837, 1), (6934, 2), (7098, 1), (7142, 1), (706, 14), (7332, 4), (7748, 3), (7763, 2), (7791, 5), (7805, 1), (7930, 2), (7947, 7), (8060, 1), (8159, 1), (8254, 1), (8294, 1), (8313, 3), (8433, 1), (8445, 1), (8589, 1), (877, 1), (8634, 2), (8718, 1), (8748, 6), (8764, 1), (9010, 1), (9028, 1), (9046, 1), (9057, 1), (9104, 1), (9137, 2), (959, 1), (9481, 5), (9515, 1), (9566, 1), (9646, 1), (9707, 1), (93, 3), (9796, 1), (9823, 2), (9978, 1), (10021, 1), (10067, 2), (10150, 2), (10164, 2), (10227, 1), (10240, 1), (10283, 1), (10312, 2), (10371, 1), (10433, 1), (10538, 1), (10675, 2), (10791, 1), (10824, 1), (10976, 1), (10990, 1), (11002, 2), (1126, 2), (11145, 1), (11220, 2), (11323, 1), (11390, 7), (11510, 35), (1185, 1), (11587, 3), (11634, 3), (11753, 1), (11769, 1), (11793, 1), (11872, 3), (124, 2), (1223, 1), (1243, 1), (12311, 1), (12347, 1), (12353, 1), (12418, 1), (12568, 10), (12645, 3), (12651, 2), (12664, 4), (1299, 3), (12781, 1), (12783, 1), (12812, 2), (12887, 1), (12899, 2), (12902, 1), (12954, 1), (1315, 1), (13037, 1), (13120, 1), (13156, 3), (13167, 1), (13250, 7), (13255, 1), (138, 1), (13354, 1), (13400, 1), (1361, 1), (13462, 1), (13545, 1), (13641, 1), (13651, 1), (13676, 1), (1400, 1), (13824, 1), (13833, 1), (13888, 1), (13898, 1), (144, 1), (13939, 1), (14055, 4), (14083, 5), (14130, 1), (14164, 1), (14223, 1), (14227, 1), (14267, 1), (14418, 1), (14522, 1), (14549, 1), (14633, 2), (14637, 2), (14701, 7), (14718, 2), (14782, 1), (14867, 8), (14980, 1), (15015, 1), (157, 1), (15163, 4), (15250, 1), (15379, 7), (15386, 2), (15463, 3), (15495, 1), (15545, 4), (15570, 2), (15662, 1), (15674, 1), (1603, 3), (15705, 6), (1613, 1), (15854, 4), (15962, 1), (15970, 1), (16125, 1), (16329, 2), (1683, 1), (16619, 1), (16707, 1), (1718, 2), (17000, 1), (17028, 1), (17144, 4), (17174, 1), (17286, 1), (17329, 1), (17446, 6), (17565, 4), (17730, 1), (17738, 1), (17849, 1), (17920, 1), (17943, 1), (17971, 1), (18010, 4), (18197, 1), (18215, 1), (18231, 1), (18246, 1), (18282, 1), (18314, 1), (18363, 1), (18422, 2), (18447, 1), (3171, 1), (3173, 2), (6177, 1), (6178, 2), (7667, 1), (7668, 1), (12415, 1), (12417, 1)
almuerz (DF: 7): (353, 1), (3875, 3), (4504, 1), (5990, 1), (7415, 1), (11540, 2), (15237, 1)
almus (DF: 1): (17760, 3)
alo (DF: 27): (2720, 1), (335, 6), (3714, 1), (4011, 4), (4973, 10), (5475, 2), (6017, 1), (6856, 1), (7239, 2), (8097, 1), (8107, 1), (9368, 2), (10159, 1), (10271, 6), (10571, 1), (11812, 1), (1284, 1), (12858, 1), (12947, 3), (13085, 1), (13177, 2), (13375, 1), (14543, 1), (15767, 1), (1755, 1), (17321, 1), (17929, 2)
aloc (DF: 12): (3031, 1), (371, 6), (44, 4), (5341, 4), (6878, 1), (7016, 4), (13164, 4), (15473, 1), (15914, 12), (16751, 3), (17528, 9), (17747, 1)
aloca (DF: 2): (7342, 3), (15914, 2)
alocat (DF: 3): (6588, 6), (12130, 4), (13095, 1)
alofok (DF: 1): (13107, 1)
aloh (DF: 2): (836, 8), (11812, 1)
alok (DF: 4): (2744, 1), (7300, 1), (7422, 1), (15194, 2)
