anschwarz (DF: 1): (2637, 1)
anseh (DF: 1): (11949, 2)
anseia (DF: 1): (16522, 1)
ansel (DF: 1): (7606, 1)
ansi (DF: 12): (3908, 1), (7000, 7), (7694, 1), (12256, 1), (13817, 1), (13935, 1), (14341, 1), (14856, 1), (15449, 3), (16749, 1), (17718, 1), (18213, 1)
ansied (DF: 8): (345, 4), (3876, 1), (4289, 1), (7982, 1), (9285, 1), (10676, 1), (11324, 2), (17213, 2)
ansieh (DF: 1): (4876, 1)
ansigt (DF: 2): (3527, 1), (17567, 2)
ansios (DF: 5): (4189, 1), (6249, 1), (12672, 1), (13388, 4), (180, 1)
ansioso (DF: 2): (2839, 1), (3955, 2)
anson (DF: 4): (3846, 1), (4743, 1), (493, 1), (15269, 2)
anstand (DF: 2): (681, 1), (9236, 1)
anstatt (DF: 1): (8498, 1)
anstell (DF: 1): (7411, 8)
anstieg (DF: 2): (483, 1), (1654, 1)
anstreng (DF: 2): (10074, 3), (11949, 4)
anstændigh (DF: 1): (10592, 1)
ansvar (DF: 1): (10543, 1)
answer (DF: 323): (3, 1), (189, 2), (1896, 1), (1902, 1), (2001, 1), (2080, 1), (2102, 1), (2134, 1), (2151, 1), (2244, 1), (2300, 1), (2320, 4), (2462, 1), (2552, 1), (2643, 1), (251, 1), (2689, 1), (2831, 1), (2910, 2), (2956, 1), (3097, 6), (3152, 1), (3180, 2), (3183, 1), (3189, 1), (3253, 1), (3339, 1), (3371, 5), (3389, 1), (3429, 2), (3441, 3), (3558, 1), (3628, 1), (3641, 6), (3679, 2), (3714, 1), (3866, 1), (3915, 1), (387, 1), (390, 1), (3995, 1), (4006, 1), (4093, 1), (4173, 3), (4175, 1), (4196, 12), (4305, 2), (427, 1), (4338, 12), (4471, 1), (4481, 1), (4523, 1), (4543, 1), (4547, 1), (4622, 1), (4626, 4), (4639, 1), (4658, 1), (4715, 1), (4716, 1), (4733, 1), (4776, 1), (4785, 1), (4794, 1), (4863, 1), (4911, 1), (4945, 1), (5027, 4), (5045, 1), (5127, 2), (5169, 1), (5201, 4), (5210, 1), (520, 1), (5418, 3), (5435, 2), (5461, 6), (5704, 2), (5757, 1), (5759, 1), (5774, 1), (5809, 1), (5836, 4), (5862, 1), (5960, 4), (5989, 1), (6017, 1), (6045, 1), (6049, 1), (6096, 1), (6181, 1), (6269, 1), (6305, 1), (6323, 1), (6545, 2), (6584, 2), (6590, 2), (6596, 2), (6637, 8), (6670, 2), (674, 1), (6882, 4), (6992, 1), (6999, 2), (7098, 1), (7135, 3), (7265, 2), (7308, 4), (7350, 1), (7352, 2), (7465, 2), (7469, 1), (7523, 3), (761, 2), (7623, 1), (7638, 2), (7759, 2), (7779, 2), (7821, 1), (7874, 7), (7884, 1), (805, 1), (7987, 1), (8006, 1), (8092, 3), (8162, 5), (8222, 1), (8235, 1), (8269, 1), (8286, 1), (8300, 2), (835, 2), (8307, 1), (8437, 5), (8502, 1), (8623, 1), (8644, 3), (8707, 2), (8725, 12), (8741, 4), (8752, 1), (8753, 1), (8786, 1), (8797, 1), (8824, 1), (8847, 1), (8885, 4), (8924, 1), (8981, 1), (9010, 1), (9048, 1), (9066, 1), (9088, 3), (9113, 2), (936, 1), (9197, 1), (9220, 1), (9258, 1), (9305, 1), (9337, 1), (9398, 1), (9443, 1), (9479, 3), (9491, 1), (9570, 2), (9604, 1), (9654, 4), (9683, 1), (990, 1), (9804, 1), (9817, 1), (9852, 1), (9922, 1), (9945, 2), (10104, 1), (1029, 2), (10159, 1), (10243, 1), (10281, 2), (10313, 1), (10331, 1), (10353, 1), (10485, 1), (10517, 1), (10568, 3), (10636, 1), (10693, 1), (10730, 1), (10792, 1), (10976, 1), (11023, 1), (11077, 2), (11089, 1), (11125, 13), (11145, 1), (1140, 3), (11153, 1), (11227, 2), (11229, 1), (11278, 2), (11304, 1), (1166, 1), (11524, 2), (11757, 2), (1203, 5), (11958, 2), (11986, 1), (11995, 1), (12091, 1), (12132, 1), (12137, 1), (12146, 5), (12163, 2), (12170, 2), (12196, 1), (12230, 4), (12359, 1), (12441, 3), (1263, 2), (12510, 2), (1270, 1), (12559, 3), (12571, 1), (12695, 3), (12718, 1), (12737, 1), (12806, 1), (12858, 5), (12994, 1), (13047, 3), (13056, 2), (13071, 6), (13128, 2), (13142, 1), (1331, 1), (13191, 1), (13301, 1), (13405, 1), (13463, 1), (13519, 1), (1391, 9), (13741, 1), (13768, 1), (13807, 1), (13841, 1), (13872, 3), (1414, 1), (13940, 6), (13958, 2), (14003, 1), (14096, 3), (14101, 1), (14156, 1), (14160, 1), (14258, 1), (14270, 1), (14330, 1), (14367, 1), (14396, 1), (14431, 1), (14522, 1), (14574, 1), (14625, 3), (14638, 2), (14649, 2), (14662, 1), (14672, 1), (14695, 1), (14714, 1), (14762, 27), (14800, 1), (15065, 4), (1546, 3), (15100, 1), (15187, 2), (15209, 1), (15284, 1), (15309, 1), (15433, 2), (15441, 2), (15446, 6), (15506, 1), (1588, 1), (15554, 1), (15608, 1), (15611, 1), (15618, 2), (15661, 2), (15679, 1), (15687, 1), (1607, 3), (15781, 1), (15833, 1), (15880, 2), (15900, 10), (15924, 1), (15933, 2), (15970, 2), (16019, 1), (16327, 1), (16392, 1), (16471, 2), (16518, 2), (16527, 2), (16581, 4), (16615, 1), (16730, 1), (16772, 1), (16913, 2), (16918, 4), (16949, 3), (16974, 2), (16989, 1), (17010, 2), (17029, 8), (17049, 1), (17073, 1), (17104, 1), (17163, 3), (17259, 3), (1755, 1), (17295, 2), (17307, 1)
