damn (DF: 225): (16532, 5), (16569, 1), (16585, 1), (16598, 1), (16600, 11), (16645, 1), (16650, 1), (16679, 1), (16697, 1), (16699, 2), (16700, 3), (16703, 2), (16707, 1), (16742, 1), (16747, 6), (16756, 1), (16766, 3), (16767, 3), (16771, 3), (16788, 1), (16791, 1), (16812, 1), (16816, 1), (16819, 3), (16851, 1), (16868, 1), (16886, 2), (16906, 4), (16926, 1), (16933, 9), (1718, 2), (16957, 1), (1720, 5), (16977, 3), (16981, 4), (1725, 2), (17008, 2), (17031, 1), (1730, 4), (17049, 1), (17069, 4), (17073, 1), (17083, 1), (17093, 1), (17099, 2), (17100, 1), (17105, 2), (17123, 1), (17129, 2), (17133, 2), (17174, 6), (1744, 2), (17193, 6), (17201, 2), (17209, 1), (17219, 1), (17220, 1), (17235, 2), (17241, 11), (17253, 1), (17264, 1), (17272, 2), (17318, 3), (17331, 3), (17336, 1), (17340, 1), (17348, 1), (17349, 2), (17354, 1), (17365, 1), (17371, 1), (17392, 2), (1766, 2), (17481, 1), (1773, 5), (17514, 4), (17516, 4), (17533, 1), (17540, 1), (17554, 1), (17599, 3), (17603, 1), (1783, 2), (17626, 3), (17663, 3), (17683, 5), (17695, 1), (17705, 10), (17734, 2), (17746, 1), (1799, 1), (17761, 2), (17816, 2), (17841, 4), (17845, 4), (1805, 1), (17883, 1), (17887, 1), (17902, 2), (17916, 4), (17939, 2), (17959, 4), (17971, 1), (17987, 1), (17990, 1), (1820, 1), (18005, 1), (18012, 1), (18039, 8), (18062, 1), (18089, 2), (18104, 1), (18106, 8), (18110, 1), (1833, 1), (18126, 1), (18128, 1), (18135, 1), (18138, 1), (18190, 1), (18193, 1), (1837, 1), (18199, 2), (1840, 1), (18225, 1), (18266, 1), (18267, 1), (18291, 1), (18292, 1), (18308, 2), (18312, 4), (1847, 2), (18323, 1), (18327, 3), (18335, 1), (18350, 1), (18354, 3), (18368, 2), (1851, 2), (18382, 2), (1856, 1), (18416, 4), (18444, 1), (1880, 2), (1997, 3), (1999, 1), (2332, 1), (2333, 2), (2422, 1), (2423, 1), (2476, 1), (2477, 1), (2519, 2), (2520, 34), (2592, 1), (2593, 1), (280, 2), (281, 1), (3167, 1), (3169, 2), (3909, 1), (3910, 2), (691, 1), (692, 1), (7292, 1), (7293, 1), (8442, 1), (8444, 10), (8876, 5), (8878, 1), (9041, 3), (9043, 1), (9267, 1), (9268, 1), (10098, 1), (10100, 1), (10185, 4), (10187, 1), (1110, 1), (1111, 2), (10881, 1), (10883, 1), (11246, 1), (11247, 1), (12265, 1), (12266, 1), (12514, 1), (12516, 12), (12546, 6), (12549, 3), (13054, 6), (13055, 1), (1334, 4), (1336, 5), (13396, 4), (13398, 1), (13561, 2), (13562, 1), (13636, 1), (13637, 4), (13765, 3), (13766, 3), (1409, 1), (1410, 1), (14353, 2), (14355, 1), (14934, 3), (14935, 1), (15664, 1), (15665, 1), (16138, 2), (16139, 1), (16248, 1), (16249, 1), (16322, 1), (16323, 1), (16435, 2), (16436, 3), (16748, 2), (17035, 1), (17037, 1), (17126, 1), (17808, 1), (17809, 3), (17811, 1)
damnat (DF: 1): (12866, 1)
damner (DF: 1): (13949, 2)
damni (DF: 2): (446, 2), (13087, 1)
damnit (DF: 9): (3811, 1), (3924, 1), (4045, 1), (10153, 1), (11058, 1), (11671, 1), (14307, 1), (15263, 1), (16806, 1)
damo (DF: 1): (8574, 1)
damon (DF: 2): (8298, 1), (183, 1)
damp (DF: 4): (10713, 1), (12292, 1), (13959, 1), (17358, 1)
dampen (DF: 2): (13883, 1), (14418, 1)
dampfbad (DF: 2): (11551, 1), (16507, 2)
dampfick (DF: 1): (5559, 1)
dampft (DF: 1): (1244, 1)
damsel (DF: 1): (13797, 1)
damselfli (DF: 1): (7181, 1)
damso (DF: 1): (4308, 1)
damus (DF: 1): (441, 1)
dan (DF: 91): (2048, 1), (2098, 3), (2210, 1), (2260, 2), (2414, 1), (2588, 2), (2604, 6), (2674, 1), (283, 2), (2967, 1), (3279, 2), (3390, 1), (3453, 3), (3513, 1), (3587, 2), (3660, 2), (364, 2), (3723, 1), (393, 1), (4188, 2), (4284, 1), (4288, 7), (4365, 1), (4476, 17), (4511, 1), (4532, 1), (450, 2), (4675, 1), (4678, 2), (4845, 1), (4855, 1), (43, 2), (4991, 1), (5121, 2), (5156, 1), (5281, 1), (5306, 2), (5358, 1), (5399, 1), (5731, 1), (5792, 1), (579, 1), (6008, 7), (53, 1), (6151, 1), (6184, 2), (6303, 2), (6606, 1), (6641, 1), (6808, 1), (6947, 1), (6961, 1), (7042, 1), (7380, 2), (7392, 4), (7421, 16), (7454, 2), (7487, 1), (7519, 3), (7570, 1), (7892, 1), (7904, 6), (7925, 1), (8009, 1), (8036, 1), (8218, 1), (8278, 1), (852, 2), (8418, 1), (858, 1), (8518, 6), (8624, 1), (8632, 1), (8713, 2), (8719, 4), (8787, 4), (8817, 1), (8909, 2), (9196, 1), (9246, 1), (9352, 1), (9431, 1), (9595, 2), (9688, 1), (9882, 3), (9929, 8), (10036, 1), (10543, 2), (1077, 4), (10678, 2), (10700, 1)
