harmoni (DF: 56): (2147, 1), (2178, 1), (2566, 1), (3009, 1), (3483, 2), (3601, 2), (4051, 1), (4720, 1), (5050, 2), (5157, 1), (5490, 1), (5867, 1), (6065, 1), (6167, 1), (6907, 1), (7423, 5), (7715, 1), (7985, 1), (74, 2), (8629, 1), (8708, 1), (9036, 1), (9122, 1), (9214, 2), (968, 1), (9485, 1), (10242, 1), (10313, 1), (10349, 1), (10445, 1), (10480, 1), (10746, 1), (11023, 1), (11114, 1), (11154, 1), (11316, 1), (11351, 1), (11530, 1), (12208, 1), (12234, 4), (12379, 1), (12988, 1), (1331, 1), (13236, 4), (14409, 4), (14790, 1), (15184, 1), (15876, 4), (16319, 1), (16357, 3), (172, 1), (1777, 1), (18184, 1), (1854, 2), (10273, 1), (10274, 1)
harmonica (DF: 4): (772, 2), (12271, 1), (14519, 1), (1812, 1)
harmonis (DF: 1): (12538, 2)
harmonizin (DF: 2): (7007, 2), (16753, 1)
harmony (DF: 9): (3062, 1), (4356, 4), (7646, 1), (1039, 2), (1046, 6), (11540, 2), (13205, 4), (16578, 9), (178, 1)
harna (DF: 1): (14869, 1)
harnett (DF: 6): (3256, 1), (13045, 1), (13069, 1), (14870, 1), (1644, 1), (17044, 1)
harold (DF: 4): (316, 1), (9816, 1), (10373, 2), (18018, 1)
harp (DF: 4): (10199, 2), (10469, 1), (11701, 1), (17964, 1)
harper (DF: 3): (4286, 1), (4915, 1), (13495, 1)
harpi (DF: 2): (3479, 2), (12377, 1)
harpoon (DF: 3): (6746, 1), (6865, 2), (9267, 1)
harpoonin (DF: 1): (15870, 1)
harpun (DF: 1): (16860, 1)
harr (DF: 1): (13990, 1)
harras (DF: 1): (11188, 1)
harrasin (DF: 1): (16426, 1)
harrass (DF: 1): (14391, 1)
harrassin (DF: 3): (6644, 2), (9143, 3), (11470, 1)
harri (DF: 91): (196, 1), (2002, 2), (2295, 1), (271, 1), (3074, 1), (3240, 1), (3243, 1), (3607, 1), (3617, 1), (3703, 1), (4106, 1), (424, 1), (4451, 1), (4545, 1), (4645, 1), (4726, 1), (4850, 1), (4895, 2), (4932, 1), (5241, 1), (5305, 1), (5698, 1), (6077, 1), (6293, 1), (6362, 1), (6483, 1), (7051, 1), (7263, 1), (7673, 1), (7697, 1), (7774, 2), (7789, 1), (7797, 1), (7884, 1), (8178, 1), (8359, 2), (8362, 1), (79, 1), (9097, 2), (9143, 1), (942, 1), (9463, 1), (9997, 2), (10107, 1), (10412, 1), (10524, 1), (10672, 1), (10872, 1), (1137, 1), (11222, 1), (11386, 2), (11767, 1), (11954, 1), (12283, 1), (12576, 1), (13163, 1), (13247, 2), (13324, 1), (13532, 2), (13547, 1), (13696, 1), (13764, 1), (13879, 2), (14312, 1), (14598, 1), (1492, 1), (14710, 3), (1527, 1), (15008, 1), (15075, 1), (15389, 7), (15740, 1), (15860, 1), (15881, 2), (16096, 1), (16455, 1), (16512, 1), (16691, 1), (17003, 1), (17009, 1), (17012, 1), (17081, 2), (17248, 1), (17280, 2), (17331, 3), (17417, 2), (17880, 1), (18183, 3), (18194, 1), (18289, 2), (18297, 1)
harriet (DF: 4): (9576, 4), (12581, 1), (15462, 1), (17535, 1)
harris (DF: 1): (7287, 1)
harrison (DF: 24): (2921, 1), (3787, 2), (4753, 1), (5121, 2), (5155, 1), (5270, 1), (6087, 1), (6782, 1), (7168, 1), (8535, 1), (9239, 1), (10902, 1), (11628, 1), (11766, 2), (13160, 2), (13313, 1), (14065, 2), (14418, 2), (14881, 1), (1602, 1), (15805, 1), (16786, 1), (17292, 2), (18395, 1)
harrod (DF: 2): (4995, 3), (47, 1)
harrojna (DF: 1): (11447, 1)
harrowin (DF: 1): (11212, 1)
harry (DF: 3): (4614, 1), (5206, 1), (9070, 2)
harsh (DF: 6): (2500, 1), (5082, 1), (683, 4), (10404, 1), (11915, 1), (1847, 1)
hart (DF: 52): (198, 1), (2194, 1), (2328, 1), (3437, 1), (3570, 1), (3984, 1), (397, 1), (4671, 4), (484, 2), (5382, 2), (5577, 1), (5792, 1), (5917, 1), (6008, 1), (6835, 1), (7278, 1), (7720, 1), (8019, 1), (8046, 1), (8311, 2), (10022, 1), (10157, 2), (10523, 1), (10603, 3), (11024, 1), (1129, 2), (11280, 2), (11391, 1), (11493, 1), (1177, 1), (11521, 1), (11654, 4), (12212, 3), (1244, 4), (12243, 1), (12453, 1), (12760, 2), (13093, 1), (13734, 1), (14254, 2), (14426, 2), (14555, 1), (14613, 1), (15412, 1), (16148, 1), (16230, 2), (16319, 1), (1715, 1), (17136, 1), (17160, 1), (17861, 1), (1845, 9)
hartendief (DF: 1): (14555, 1)
hartman (DF: 1): (17164, 1)
hartsfield (DF: 1): (15015, 1)
hartstikk (DF: 1): (15164, 2)
hartz (DF: 2): (14254, 1), (14899, 5)
haru (DF: 2): (13096, 1), (15485, 1)
harutga (DF: 1): (13488, 1)
harutgaey (DF: 1): (13488, 1)
harv (DF: 1): (3174, 1)
harvard (DF: 5): (1994, 1), (471, 1), (4962, 1), (13270, 1), (1875, 1)
harvest (DF: 21): (2984, 1), (3796, 1), (4023, 1), (4036, 1), (435, 5), (4618, 1), (486, 2), (5726, 1), (7473, 1), (7870, 1), (8189, 2), (11408, 1), (11498, 1), (13070, 1), (14862, 1), (15089, 1), (1635, 3), (16048, 1), (16055, 1), (16348, 1), (18218, 1)
harvey (DF: 5): (2531, 3), (4931, 2), (5082, 1), (5797, 6), (6407, 1)
