wan (DF: 45): (8168, 1), (829, 1), (841, 4), (8629, 1), (8765, 3), (8910, 14), (8916, 1), (9019, 2), (9191, 1), (9336, 5), (9450, 3), (9590, 1), (9825, 3), (9929, 2), (10018, 1), (10118, 3), (10281, 2), (10439, 1), (10746, 1), (10829, 6), (10883, 1), (10957, 1), (11206, 1), (11231, 4), (11530, 1), (11778, 1), (1299, 1), (12797, 3), (13055, 1), (13076, 2), (1375, 8), (1391, 3), (1430, 1), (1443, 1), (14452, 1), (14826, 2), (15461, 1), (16391, 1), (172, 1), (17109, 1), (1739, 1), (17299, 3), (17324, 1), (17340, 1), (17908, 1)
wana (DF: 2): (9336, 4), (15606, 3)
wanai (DF: 1): (7990, 1)
wanakin (DF: 1): (7415, 2)
wand (DF: 23): (2376, 1), (3019, 1), (4318, 4), (483, 1), (7341, 1), (8325, 1), (8340, 1), (9199, 1), (9216, 1), (9236, 1), (10215, 29), (11024, 1), (11521, 1), (11654, 2), (11949, 2), (13091, 1), (13190, 9), (14254, 1), (151, 1), (15458, 1), (1654, 1), (17704, 1), (18073, 2)
wanda (DF: 1): (8510, 1)
wandel (DF: 1): (14555, 1)
wandell (DF: 2): (3897, 4), (16940, 3)
wander (DF: 71): (1965, 1), (2209, 1), (2432, 1), (2871, 1), (3200, 1), (3217, 1), (3242, 1), (3629, 3), (3672, 1), (3689, 1), (3779, 1), (4061, 5), (4708, 1), (4726, 1), (4990, 2), (5083, 1), (5604, 1), (5874, 2), (6439, 1), (6922, 1), (7115, 1), (7170, 2), (7623, 1), (8322, 2), (8334, 3), (8675, 1), (8926, 1), (9275, 9), (9339, 2), (9538, 1), (9601, 3), (9623, 2), (9784, 1), (9863, 1), (10656, 2), (10848, 1), (10875, 1), (10940, 1), (11477, 1), (11539, 1), (11578, 1), (1281, 1), (12903, 2), (13092, 4), (1329, 1), (13215, 1), (13567, 3), (13736, 2), (13875, 6), (14225, 1), (14334, 2), (15117, 1), (15391, 1), (15541, 1), (1590, 3), (15601, 16), (15826, 1), (15829, 2), (15888, 1), (15996, 1), (16082, 1), (16360, 1), (16486, 1), (17284, 2), (17408, 11), (17582, 3), (17670, 1), (17684, 3), (17791, 2), (17952, 1), (18239, 2)
wanderess (DF: 3): (1167, 3), (12448, 3), (14349, 3)
wanderin (DF: 5): (4320, 1), (5566, 1), (9572, 1), (9784, 1), (11539, 1)
wanderlust (DF: 2): (4822, 13), (4835, 2)
wandi (DF: 1): (14552, 7)
wandtresor (DF: 2): (13755, 1), (17630, 1)
wane (DF: 4): (4490, 1), (4775, 1), (15655, 2), (17843, 1)
waneun (DF: 1): (13096, 1)
wang (DF: 11): (4833, 1), (5862, 1), (6319, 1), (6627, 1), (673, 1), (8548, 1), (9147, 1), (13051, 9), (14216, 1), (14745, 1), (1771, 2)
wangu (DF: 2): (5535, 4), (16186, 1)
wanjeon (DF: 1): (13488, 4)
wankelen (DF: 1): (13783, 3)
wankelmut (DF: 3): (706, 1), (7980, 2), (1785, 1)
wanker (DF: 1): (11215, 1)
wanksta (DF: 1): (6137, 1)
wankster (DF: 1): (15961, 1)
wann (DF: 31): (256, 2), (3419, 1), (3631, 3), (5785, 2), (6650, 2), (9070, 4), (9283, 2), (9781, 1), (10958, 8), (11068, 3), (11141, 6), (11517, 1), (11608, 1), (11750, 1), (12363, 1), (12839, 1), (13226, 1), (13931, 1), (1438, 1), (16373, 3), (16777, 6), (16811, 2), (17059, 3), (17115, 1), (1771, 2), (17546, 1), (17594, 5), (17685, 7), (17823, 1), (17921, 1), (18398, 2)
wanna (DF: 127): (17, 3), (1883, 1), (1891, 1), (1893, 1), (1896, 1), (194, 1), (1915, 2), (1930, 1), (1941, 4), (1949, 1), (1952, 44), (1964, 1), (1965, 1), (1972, 1), (1975, 1), (1977, 2), (1984, 3), (1988, 1), (1995, 2), (1999, 15), (2005, 20), (2011, 2), (2016, 1), (202, 6), (2026, 1), (2028, 2), (2030, 7), (2036, 4), (2048, 6), (203, 1), (2053, 2), (2055, 1), (2057, 3), (2064, 4), (2069, 1), (2071, 2), (2076, 7), (2080, 1), (2081, 4), (204, 6), (2085, 2), (2091, 2), (2101, 4), (2102, 4), (2110, 3), (2119, 2), (205, 1), (2126, 2), (2140, 5), (2142, 1), (209, 1), (2147, 1), (2164, 3), (210, 1), (2168, 2), (2174, 11), (2177, 1), (2182, 8), (2185, 11), (2187, 2), (2198, 3), (2199, 4), (2200, 1), (2205, 3), (2211, 3), (2221, 5), (2224, 1), (2225, 1), (2231, 4), (2236, 1), (2244, 1), (2251, 3), (21, 1), (221, 12), (2255, 2), (2256, 2), (2272, 1), (2276, 4), (2278, 1), (2282, 16), (2285, 1), (2288, 3), (2294, 6), (2302, 4), (2305, 8), (2307, 7), (2311, 1), (222, 1), (2322, 1), (2332, 1), (224, 9), (2333, 1), (2349, 2), (2353, 1), (2355, 99), (2357, 1), (2377, 4), (2381, 1), (2389, 3), (2390, 45), (2393, 7), (2400, 1), (2402, 12), (2405, 1), (2406, 9), (2408, 5), (2415, 3), (232, 2), (2421, 2), (2433, 1), (2440, 3), (235, 7), (2456, 1), (2465, 1), (2470, 1), (2472, 1), (2478, 3), (2486, 14), (2494, 1), (2497, 8), (2502, 16), (2511, 4), (2515, 1), (2534, 1), (2540, 2), (2542, 2), (2545, 1)
