singl (DF: 14): (6302, 1), (6303, 1), (7345, 2), (7347, 1), (8354, 1), (8356, 1), (11587, 1), (11588, 1), (1470, 1), (1472, 1), (14474, 1), (14476, 1), (14818, 1), (14819, 1)
singles (DF: 1): (8777, 1)
singleton (DF: 2): (4690, 1), (5742, 1)
singlin (DF: 1): (1343, 1)
singol (DF: 2): (4890, 3), (9906, 1)
singt (DF: 2): (10719, 4), (14690, 1)
singuila (DF: 1): (13288, 1)
singular (DF: 7): (2416, 1), (6087, 1), (9175, 1), (9241, 1), (13802, 1), (15630, 1), (17801, 1)
singurna (DF: 1): (5978, 1)
sini (DF: 2): (6370, 1), (6675, 1)
sinisid (DF: 1): (4563, 1)
sinisiraan (DF: 1): (11710, 1)
sinist (DF: 10): (204, 1), (2194, 1), (3251, 1), (5934, 2), (6171, 1), (6349, 1), (10914, 1), (1552, 1), (15726, 6), (16212, 1)
sinistr (DF: 1): (7910, 3)
sink (DF: 217): (1970, 2), (2056, 1), (2096, 1), (2116, 1), (2148, 1), (211, 1), (2177, 1), (2298, 1), (2426, 1), (2456, 1), (2460, 1), (2556, 1), (2574, 1), (2806, 1), (2821, 1), (2866, 2), (3077, 1), (3534, 2), (3598, 1), (3706, 2), (3752, 4), (3777, 1), (3796, 1), (3803, 2), (3840, 1), (3886, 1), (3950, 1), (4099, 1), (4231, 2), (4309, 1), (4401, 1), (442, 3), (4491, 1), (4524, 1), (4634, 1), (4658, 1), (4861, 1), (4885, 1), (4962, 1), (5025, 2), (5081, 1), (5122, 1), (5465, 4), (5636, 3), (5646, 1), (5685, 2), (5909, 1), (592, 1), (600, 2), (6078, 1), (603, 2), (6103, 2), (6158, 2), (6210, 1), (6258, 1), (6398, 1), (6410, 1), (6443, 1), (6614, 24), (6686, 2), (6786, 1), (6814, 2), (7094, 1), (7121, 2), (7252, 1), (7339, 1), (7353, 1), (7468, 3), (7589, 3), (7747, 1), (7774, 2), (7853, 4), (7858, 2), (7892, 1), (7974, 2), (819, 1), (8183, 1), (8280, 1), (8282, 2), (8294, 2), (8310, 6), (8332, 2), (8441, 4), (8827, 2), (8884, 1), (8920, 2), (9047, 1), (9052, 1), (925, 1), (9072, 2), (9173, 4), (9177, 1), (9219, 1), (9282, 1), (9329, 2), (9472, 1), (9527, 1), (9642, 1), (9650, 2), (9685, 1), (9898, 1), (9913, 3), (9933, 2), (1014, 1), (10102, 1), (10156, 1), (10214, 1), (10330, 1), (10346, 1), (10528, 2), (10685, 1), (1103, 5), (10849, 1), (10956, 1), (10967, 2), (11011, 2), (1144, 3), (11284, 3), (11318, 2), (1158, 3), (11443, 1), (11492, 1), (11511, 1), (11760, 1), (11817, 1), (11946, 1), (11992, 1), (12001, 1), (12031, 2), (12107, 1), (12121, 1), (12161, 2), (12322, 1), (12396, 1), (12528, 8), (12673, 4), (1293, 1), (12721, 2), (12769, 2), (12805, 1), (12818, 1), (12825, 1), (12962, 4), (12993, 2), (13131, 5), (134, 1), (13224, 1), (13303, 1), (13328, 1), (13424, 1), (1364, 2), (13624, 1), (13677, 1), (1396, 8), (13750, 1), (13757, 1), (14008, 1), (14031, 1), (14226, 1), (14228, 1), (14253, 2), (14276, 2), (14339, 1), (14417, 1), (14608, 1), (14621, 2), (14763, 4), (14809, 1), (14843, 1), (14950, 1), (15023, 1), (15085, 4), (15159, 1), (1562, 6), (15304, 1), (15518, 1), (15643, 1), (15783, 1), (1618, 1), (15806, 3), (15853, 1), (15871, 1), (16001, 8), (16039, 2), (16159, 6), (16176, 4), (16303, 1), (16316, 2), (16376, 1), (16595, 1), (16604, 10), (16613, 1), (16652, 1), (16664, 4), (16737, 1), (16805, 1), (16815, 1), (16946, 2), (177, 1), (17065, 1), (17198, 2), (17234, 1), (17337, 1), (17386, 2), (17591, 1), (17651, 3), (17730, 1), (17796, 1), (17871, 1), (17900, 1), (18089, 1), (18167, 1), (18190, 1), (18217, 2), (18243, 2), (18440, 6), (6812, 3)
sinkend (DF: 1): (16724, 1)
sinker (DF: 2): (2490, 2), (5635, 1)
sinkhol (DF: 2): (2174, 1), (8801, 6)
sinkin (DF: 13): (4723, 1), (5707, 1), (6411, 1), (7484, 1), (7520, 1), (7908, 1), (10023, 2), (10200, 1), (11004, 1), (1276, 1), (13616, 1), (15221, 1), (18133, 2)
sinkt (DF: 3): (14752, 1), (16290, 1), (16507, 1)
sinn (DF: 4): (2078, 1), (2535, 1), (15269, 1), (16777, 1)
sinner (DF: 75): (1976, 3), (2064, 1), (2204, 2), (2690, 1), (2748, 1), (2868, 8), (2916, 1), (3248, 1), (3373, 1), (3511, 1), (4243, 1), (4454, 1), (4598, 2), (5014, 1), (5127, 1), (5230, 1), (5270, 1), (50, 3), (5974, 1), (6085, 2), (6142, 2), (6192, 1), (6475, 1), (6558, 2), (650, 1), (6875, 2), (693, 1), (7107, 1), (7153, 1), (7333, 8), (7375, 2), (7517, 1), (7702, 1), (815, 4), (8223, 1), (8337, 2), (8438, 1), (8531, 1), (80, 1), (8824, 1), (8916, 1), (8948, 1), (9136, 2), (9514, 2), (9644, 3), (9658, 1), (9815, 1), (9839, 10), (9875, 5), (1015, 1), (10398, 1), (10575, 5), (10924, 1), (11206, 1), (11405, 1), (11438, 1), (11481, 1), (1204, 1), (11901, 6), (12502, 3), (12511, 3), (12540, 9), (12545, 1), (1292, 1), (12743, 2), (12897, 1), (13111, 1), (13349, 1), (13739, 2), (13769, 1), (1409, 3), (13855, 1), (14235, 1), (14548, 1), (14626, 1)
