hopin (DF: 67): (8299, 9), (8416, 1), (8685, 1), (8850, 6), (8912, 5), (8987, 1), (9026, 1), (9046, 1), (9063, 1), (9295, 3), (9435, 1), (9520, 20), (9527, 1), (9646, 1), (10155, 1), (10176, 2), (10341, 1), (1059, 1), (10774, 1), (10879, 1), (10945, 1), (11304, 1), (11329, 1), (11357, 1), (11781, 4), (12040, 1), (1227, 1), (12237, 1), (12254, 1), (12261, 1), (12373, 10), (12635, 3), (12640, 1), (12689, 12), (12697, 1), (12887, 2), (13083, 1), (13169, 1), (13788, 2), (14547, 1), (14586, 36), (14807, 1), (14900, 1), (15189, 4), (15241, 2), (15276, 1), (15291, 1), (15312, 2), (15553, 1), (15575, 1), (15597, 4), (15677, 1), (15696, 2), (15806, 1), (15933, 2), (1657, 1), (16501, 2), (16563, 1), (16771, 30), (17052, 3), (17144, 2), (17161, 1), (17353, 1), (1790, 1), (17729, 1), (18004, 4), (18399, 1)
hopkin (DF: 2): (16276, 1), (16694, 1)
hopp (DF: 1): (2221, 1)
hoppa (DF: 1): (2333, 1)
hopper (DF: 5): (2892, 1), (3527, 2), (4468, 1), (563, 1), (9648, 6)
hopperman (DF: 1): (11185, 1)
hoppin (DF: 51): (1919, 1), (2305, 1), (2762, 1), (2895, 1), (3652, 1), (5273, 1), (5425, 1), (5766, 2), (6214, 1), (6441, 1), (6903, 6), (6914, 1), (7130, 4), (7635, 1), (7654, 1), (8103, 1), (8170, 1), (8596, 1), (8662, 2), (9759, 1), (9965, 1), (10558, 1), (1136, 1), (12543, 1), (12588, 1), (13158, 1), (13310, 1), (13359, 1), (13398, 1), (13435, 1), (13817, 2), (13909, 1), (13914, 1), (14070, 4), (14428, 1), (14637, 1), (14810, 1), (14903, 2), (155, 9), (15008, 4), (1558, 1), (16019, 3), (16700, 1), (16882, 1), (17186, 1), (17599, 3), (17699, 1), (1799, 3), (18027, 1), (18194, 2), (18350, 1)
hops (DF: 1): (13476, 1)
hopscotch (DF: 5): (3549, 2), (7775, 4), (9061, 4), (16636, 2), (16765, 1)
hopsin (DF: 3): (2333, 4), (6560, 1), (15306, 1)
hor (DF: 206): (1932, 2), (1939, 1), (1967, 2), (2043, 1), (2325, 3), (2739, 3), (3062, 4), (3080, 1), (3093, 2), (3104, 4), (3340, 1), (3409, 1), (3466, 1), (3489, 2), (3588, 2), (3623, 1), (3665, 9), (366, 2), (3768, 8), (3816, 9), (3849, 1), (3898, 1), (3916, 4), (412, 2), (4197, 1), (417, 1), (4544, 1), (4550, 3), (4702, 1), (466, 2), (4752, 1), (4790, 4), (4816, 1), (4876, 1), (4886, 4), (481, 4), (4908, 12), (4986, 4), (489, 1), (5110, 2), (5198, 1), (5381, 6), (5459, 1), (5502, 1), (5512, 2), (5541, 1), (5754, 1), (5890, 1), (5973, 3), (6160, 6), (6251, 1), (6339, 1), (6351, 1), (6414, 1), (6430, 1), (6515, 1), (6645, 8), (6651, 16), (6659, 1), (6808, 2), (6835, 1), (679, 1), (6883, 1), (6986, 4), (7108, 8), (7171, 2), (7183, 1), (7287, 2), (7415, 1), (7720, 1), (7734, 4), (7760, 1), (7851, 1), (7854, 2), (8140, 8), (8251, 2), (8316, 1), (8340, 1), (8510, 1), (891, 1), (8763, 2), (8994, 2), (8999, 3), (9039, 3), (9225, 1), (9362, 1), (9428, 1), (9431, 3), (9519, 2), (9606, 1), (9867, 2), (9916, 1), (1013, 1), (9960, 4), (10074, 1), (10493, 1), (109, 1), (10566, 1), (10632, 1), (10804, 2), (10866, 4), (10899, 2), (10937, 1), (10939, 1), (10944, 1), (11068, 1), (11122, 8), (11199, 1), (11203, 2), (11262, 2), (11413, 1), (11464, 2), (11543, 1), (11576, 2), (11582, 2), (11620, 1), (11638, 10), (11642, 1), (11734, 1), (11741, 1), (11924, 1), (11931, 1), (11932, 2), (12082, 2), (12212, 1), (12354, 1), (1277, 1), (12615, 13), (12639, 8), (12686, 1), (12770, 1), (12895, 2), (13085, 1), (13107, 1), (13141, 2), (1333, 8), (13153, 4), (13157, 2), (13193, 1), (13272, 1), (13442, 1), (13755, 1), (13806, 1), (13950, 9), (13986, 3), (14124, 1), (1441, 2), (14172, 8), (14222, 1), (14266, 6), (14289, 1), (14301, 1), (14335, 3), (14344, 2), (14379, 1), (14408, 3), (14424, 1), (1481, 2), (14613, 1), (14743, 1), (14772, 1), (14880, 1), (14899, 5), (14940, 6), (14941, 4), (15192, 1), (15269, 1), (15297, 3), (1582, 1), (1583, 1), (15922, 1), (16004, 12), (16080, 3), (16186, 1), (16230, 4), (16290, 1), (16373, 1), (16456, 6), (1682, 6), (16507, 1), (16593, 1), (16696, 4), (16717, 2), (16751, 1), (16802, 1), (16885, 1), (1715, 1), (16968, 8), (16979, 2), (17058, 6), (17171, 1), (17194, 2), (17255, 1), (17462, 1), (17573, 4), (17630, 1), (1788, 1), (17704, 3), (17747, 2), (17944, 2), (1826, 1), (1845, 1), (4287, 8), (4288, 1), (12191, 1), (12192, 3)
hora (DF: 1): (2651, 2)
