bun (DF: 14): (15405, 2), (1588, 3), (15963, 1), (16050, 2), (16794, 1), (16868, 2), (17150, 4), (17359, 1), (17657, 1), (17752, 1), (17785, 1), (18012, 1), (18104, 1), (18450, 5)
buna (DF: 1): (11144, 1)
bunbury (DF: 1): (8329, 1)
bunch (DF: 107): (2230, 1), (2305, 7), (2329, 1), (2357, 1), (2466, 1), (2489, 1), (248, 1), (270, 1), (3075, 1), (3161, 1), (324, 1), (3338, 2), (3439, 1), (3444, 1), (3769, 1), (3879, 1), (3923, 2), (4008, 1), (4527, 1), (4557, 2), (446, 2), (4661, 1), (4933, 1), (4942, 4), (5031, 2), (5426, 1), (5797, 12), (5954, 1), (5974, 1), (5983, 1), (6068, 2), (6071, 1), (6225, 2), (6342, 1), (633, 2), (6520, 2), (6560, 1), (6570, 1), (6585, 1), (6799, 1), (7297, 1), (737, 1), (7892, 1), (7908, 2), (804, 1), (8002, 2), (8238, 1), (8473, 4), (8544, 2), (8571, 1), (8577, 9), (909, 1), (8980, 1), (9228, 1), (9257, 3), (9331, 1), (9343, 1), (9628, 1), (9710, 2), (999, 1), (10124, 2), (10167, 2), (10484, 4), (10511, 3), (10534, 1), (10653, 1), (10693, 1), (10816, 1), (11105, 4), (11188, 2), (11287, 1), (11663, 2), (11674, 1), (11770, 2), (11848, 1), (12100, 3), (1250, 1), (12581, 1), (12776, 2), (13261, 1), (13885, 1), (13969, 1), (13994, 1), (14156, 1), (14972, 12), (1550, 4), (15127, 1), (15254, 3), (15334, 1), (15393, 2), (15573, 6), (15752, 1), (15916, 1), (15943, 2), (16085, 2), (16197, 1), (16953, 1), (17102, 1), (17165, 4), (17219, 1), (17257, 1), (17378, 1), (17496, 1), (17599, 21), (17881, 1), (18197, 1), (18267, 1)
buncha (DF: 5): (2040, 1), (6913, 2), (7857, 1), (16054, 1), (17550, 1)
bunci (DF: 1): (16247, 1)
bund (DF: 3): (4991, 1), (11071, 1), (17260, 3)
bunda (DF: 29): (2631, 1), (2680, 3), (3364, 3), (3692, 3), (3838, 1), (5011, 2), (6015, 1), (6500, 1), (6804, 3), (7211, 2), (7270, 1), (7563, 1), (8113, 1), (9860, 1), (1072, 2), (10598, 8), (10679, 1), (11673, 1), (12649, 1), (13307, 1), (13647, 1), (13892, 1), (1659, 1), (16310, 10), (16738, 1), (17454, 10), (17899, 3), (18136, 1), (18271, 8)
bundan (DF: 1): (16496, 2)
bundch (DF: 1): (11538, 1)
bundel (DF: 4): (2463, 1), (3466, 9), (3480, 1), (7278, 1)
bunden (DF: 3): (14092, 1), (15844, 2), (17294, 1)
bundesland (DF: 1): (4004, 1)
bundespolizei (DF: 1): (11654, 1)
bundesweit (DF: 1): (5775, 2)
bundl (DF: 16): (3802, 1), (4723, 1), (4880, 2), (5482, 1), (6061, 1), (6287, 1), (7448, 1), (7644, 2), (8822, 1), (10412, 1), (12698, 1), (14081, 1), (15228, 1), (16267, 1), (16693, 1), (18051, 1)
bundt (DF: 1): (8564, 6)
bundy (DF: 1): (2194, 1)
bundyand (DF: 1): (4547, 1)
bundão (DF: 1): (5719, 6)
buneun (DF: 1): (13488, 2)
buneya (DF: 1): (9138, 3)
bungalow (DF: 5): (3581, 1), (4043, 2), (490, 1), (1124, 1), (11478, 2)
bunganga (DF: 1): (14250, 1)
bunge (DF: 5): (4447, 1), (4942, 2), (12354, 7), (17043, 1), (17244, 4)
bunger (DF: 1): (4627, 1)
bungi (DF: 2): (3769, 1), (16476, 1)
bunion (DF: 1): (17043, 1)
bunjuhaedo (DF: 1): (2817, 1)
bunk (DF: 43): (2574, 1), (3108, 1), (3213, 1), (3238, 1), (3403, 2), (3437, 2), (3462, 4), (346, 1), (3984, 1), (4318, 1), (4420, 1), (4446, 1), (4933, 1), (5366, 1), (5890, 1), (5934, 2), (6600, 1), (7278, 1), (7441, 1), (7983, 1), (8670, 1), (9236, 1), (9451, 1), (10945, 1), (11949, 1), (12084, 2), (12627, 1), (13696, 1), (13755, 1), (14570, 1), (14752, 1), (1564, 1), (15334, 1), (1583, 9), (15536, 1), (16026, 1), (16226, 1), (16507, 1), (16924, 1), (17630, 1), (18073, 11), (18223, 1), (18415, 2)
bunker (DF: 1): (4931, 1)
bunkert (DF: 2): (3108, 1), (8670, 2)
bunki (DF: 1): (210, 1)
bunkin (DF: 2): (17501, 1), (17603, 1)
bunlar (DF: 1): (16496, 6)
bunn (DF: 1): (8400, 1)
bunni (DF: 29): (1913, 1), (2278, 1), (2378, 1), (2887, 1), (3913, 1), (3962, 9), (3963, 1), (4942, 2), (5445, 1), (6462, 1), (7142, 1), (7514, 2), (8380, 35), (9509, 1), (9823, 1), (10675, 1), (10764, 1), (10855, 1), (11102, 1), (1214, 3), (12127, 3), (14008, 1), (14061, 1), (14423, 1), (15635, 1), (16130, 1), (16264, 2), (16868, 1), (18027, 1)
bunnin (DF: 3): (631, 1), (9729, 1), (9951, 1)
bunny (DF: 25): (2383, 4), (2498, 1), (2729, 1), (2877, 4), (3219, 8), (3587, 5), (3962, 1), (4143, 2), (444, 1), (484, 2), (5035, 1), (5352, 1), (6239, 1), (6588, 7), (6808, 2), (7288, 1), (7956, 3), (7983, 1), (8091, 4), (8131, 1), (996, 2), (9818, 3), (10418, 1), (10546, 1), (11081, 1)
