trap (DF: 174): (181, 1), (1778, 1), (17575, 1), (17603, 1), (17607, 1), (17649, 1), (17659, 3), (17677, 3), (17678, 2), (17697, 2), (17718, 2), (17720, 2), (17727, 1), (17730, 1), (17779, 2), (17790, 1), (17799, 2), (17800, 1), (17809, 1), (17814, 2), (17841, 1), (17850, 4), (17852, 1), (17856, 1), (17858, 2), (17859, 1), (17899, 1), (17902, 2), (17925, 2), (17931, 3), (17940, 1), (17968, 1), (17988, 2), (17993, 1), (18032, 1), (18050, 2), (18054, 4), (18065, 2), (1826, 1), (18069, 1), (18086, 1), (18088, 1), (18090, 2), (18094, 5), (18113, 2), (18119, 2), (18136, 2), (183, 1), (18152, 1), (18155, 2), (18163, 2), (18166, 1), (18178, 2), (18179, 1), (1835, 2), (18187, 1), (18188, 1), (18199, 1), (18208, 2), (18246, 1), (18249, 2), (18271, 1), (18287, 1), (18298, 1), (18326, 1), (18341, 1), (1850, 2), (18368, 1), (18370, 2), (18385, 5), (18397, 2), (18408, 3), (18429, 2), (18442, 2), (18448, 1), (187, 3), (1881, 4), (1895, 2), (1896, 2), (3310, 2), (3311, 1), (3507, 1), (3510, 1), (3838, 2), (3839, 1), (4772, 1), (4773, 1), (4806, 1), (4807, 2), (5260, 2), (5261, 1), (5334, 2), (5335, 1), (47, 1), (49, 2), (5859, 2), (5860, 1), (637, 1), (638, 1), (6818, 26), (6819, 1), (7337, 2), (7339, 3), (7844, 2), (7846, 1), (8185, 1), (8186, 2), (8198, 2), (8199, 2), (8231, 1), (8232, 4), (8717, 2), (8718, 1), (8987, 1), (8988, 1), (9393, 1), (9394, 1), (9396, 2), (9397, 1), (9845, 2), (9846, 3), (10465, 1), (10466, 1), (10472, 2), (10473, 1), (109, 2), (110, 1), (10643, 2), (10644, 1), (1113, 1), (1114, 1), (11155, 3), (11160, 1), (12410, 1), (12411, 1), (12769, 2), (12770, 2), (12877, 1), (12878, 2), (13013, 1), (13014, 1), (13389, 1), (13390, 1), (13483, 1), (13484, 2), (13846, 2), (13848, 1), (13971, 1), (13972, 1), (1424, 3), (1425, 1), (14310, 1), (14311, 1), (14420, 2), (14421, 1), (14561, 3), (14564, 1), (15041, 1), (15042, 3), (15965, 2), (15966, 2), (16022, 1), (16023, 1), (16466, 2), (16467, 1), (16581, 2), (16582, 2), (16843, 2), (16844, 2), (16973, 1), (16975, 2), (598, 1), (599, 2), (600, 7)
trapdoor (DF: 1): (3200, 1)
trape (DF: 1): (11750, 1)
trapeci (DF: 1): (4651, 1)
traper (DF: 5): (4361, 1), (667, 1), (8733, 2), (1296, 1), (14379, 1)
traperhoff (DF: 1): (4582, 1)
trapez (DF: 2): (16532, 1), (17683, 1)
traphaus (DF: 1): (16579, 1)
trapholizay (DF: 1): (14589, 1)
traphous (DF: 5): (2573, 2), (10321, 1), (13808, 1), (16605, 1), (16894, 3)
traphousi (DF: 1): (17245, 4)
trapical (DF: 7): (3757, 2), (4386, 5), (8406, 2), (9575, 1), (1112, 2), (10892, 2), (17788, 1)
trapicana (DF: 1): (5728, 5)
trapor (DF: 1): (1030, 1)
trapp (DF: 9): (4614, 2), (5126, 2), (7411, 1), (7415, 1), (8036, 1), (8256, 1), (11073, 2), (13197, 1), (17607, 2)
trapper (DF: 18): (2872, 4), (3356, 1), (3923, 1), (7441, 1), (7650, 1), (908, 1), (9263, 1), (9838, 1), (10050, 1), (11848, 9), (12142, 1), (12190, 1), (12757, 1), (13315, 1), (14570, 1), (1547, 1), (16226, 1), (16440, 4)
trappers (DF: 5): (347, 4), (9196, 6), (9387, 4), (9410, 1), (13971, 1)
trapperz (DF: 111): (1979, 1), (2242, 1), (2354, 1), (2487, 1), (2651, 1), (2662, 1), (283, 1), (3007, 1), (3104, 1), (347, 1), (4016, 1), (4515, 1), (4752, 1), (5011, 1), (5035, 1), (5110, 1), (5126, 1), (5173, 1), (5218, 1), (5592, 1), (5606, 1), (5674, 1), (5786, 1), (5860, 1), (6251, 1), (6289, 1), (6513, 1), (6804, 1), (6818, 1), (6844, 1), (6889, 1), (7019, 1), (7028, 1), (711, 1), (7563, 1), (7649, 1), (7749, 1), (8027, 1), (8036, 1), (8039, 1), (8052, 1), (8113, 1), (8256, 1), (8278, 1), (8574, 1), (8580, 1), (8941, 1), (8989, 1), (9070, 1), (9309, 1), (9334, 1), (9410, 1), (9532, 1), (9540, 1), (9606, 1), (9660, 1), (9838, 1), (9919, 1), (10203, 1), (10321, 1), (1046, 1), (10400, 1), (1072, 1), (10559, 1), (10584, 1), (10908, 1), (10943, 1), (11018, 1), (11073, 1), (11132, 1), (1139, 1), (11200, 1), (1183, 1), (11911, 1), (12098, 1), (12348, 1), (12375, 1), (12474, 1), (12649, 1), (1296, 1), (13197, 1), (13307, 1), (13389, 1), (13647, 1), (13714, 1), (13717, 1), (13808, 1), (13892, 1), (13971, 1), (14182, 1), (14207, 1), (14697, 1), (1501, 1), (14743, 1), (14825, 1), (15182, 1), (15321, 1), (15473, 1), (15653, 1), (15673, 1), (15922, 1), (16022, 1), (16035, 1), (16801, 1), (17347, 1), (17607, 1), (17649, 1), (17899, 1), (18166, 1), (18298, 1), (1881, 1)
trappin (DF: 25): (2563, 1), (2650, 1), (2872, 1), (3205, 4), (3371, 1), (3598, 1), (4046, 3), (4651, 1), (4700, 1), (5126, 21), (5137, 1), (5251, 1), (5728, 3), (5909, 1), (6272, 1), (6876, 1), (7028, 6), (7554, 1), (7924, 1), (8039, 3), (8373, 6), (8812, 2), (9833, 1), (1058, 1), (10643, 2)
