melodi (DF: 56): (12860, 1), (13056, 1), (13066, 2), (13089, 1), (1329, 1), (13446, 1), (13513, 1), (13517, 34), (13564, 2), (13619, 8), (1379, 1), (13788, 22), (13952, 6), (13996, 2), (14001, 2), (14165, 2), (14234, 2), (14279, 4), (14409, 6), (14530, 1), (14550, 1), (14562, 2), (14588, 1), (1504, 2), (14786, 1), (14805, 1), (14829, 2), (14873, 2), (15013, 2), (15027, 1), (15553, 1), (15568, 1), (15580, 1), (15755, 2), (15840, 1), (15855, 1), (15883, 3), (1626, 8), (15897, 6), (16091, 2), (16210, 1), (16309, 1), (16351, 2), (16546, 6), (16630, 4), (16970, 1), (17061, 1), (17148, 1), (17224, 1), (17242, 3), (17555, 1), (17959, 2), (1820, 1), (18173, 5), (18219, 34), (1841, 1)
melodownz (DF: 1): (4620, 1)
melodram (DF: 1): (10821, 1)
melodrama (DF: 5): (2839, 1), (13554, 1), (1449, 1), (15139, 1), (15152, 1)
melodramat (DF: 4): (13755, 1), (15378, 3), (17630, 1), (17878, 1)
melody (DF: 5): (2092, 2), (4949, 1), (628, 1), (10822, 1), (14785, 2)
melodía (DF: 1): (16676, 1)
melon (DF: 13): (2797, 1), (5622, 3), (6895, 1), (7538, 1), (9185, 1), (10645, 2), (10682, 1), (11329, 1), (1474, 1), (14856, 1), (16066, 2), (17349, 1), (18253, 1)
melophobia (DF: 1): (6637, 1)
melros (DF: 5): (1950, 1), (7917, 1), (1041, 1), (10474, 1), (12288, 1)
melt (DF: 128): (1960, 3), (1991, 1), (21, 1), (2285, 1), (2340, 1), (2458, 2), (2491, 1), (2652, 1), (253, 2), (2766, 1), (2912, 12), (2937, 1), (3014, 2), (3101, 1), (3136, 2), (3312, 1), (3458, 1), (3549, 1), (3801, 1), (3802, 1), (3889, 1), (4165, 1), (4443, 1), (4530, 2), (448, 8), (4791, 1), (4955, 1), (4976, 1), (5223, 1), (5235, 2), (5450, 1), (5518, 1), (6, 1), (581, 1), (5950, 2), (6194, 2), (6214, 1), (6330, 1), (6357, 2), (6475, 1), (6960, 1), (7384, 1), (7468, 1), (7474, 1), (7511, 1), (7731, 1), (7775, 2), (7906, 1), (7973, 1), (8348, 8), (8523, 1), (8684, 1), (8807, 1), (904, 1), (8870, 1), (9119, 1), (9217, 1), (9507, 2), (9717, 1), (9726, 1), (9965, 1), (10392, 1), (10435, 2), (10529, 2), (10744, 2), (10988, 1), (11177, 1), (11193, 5), (11209, 1), (11239, 1), (11351, 1), (1157, 1), (11411, 1), (11454, 1), (1173, 1), (11766, 8), (12070, 1), (12085, 1), (12173, 2), (12203, 1), (12264, 1), (12301, 1), (1262, 1), (12856, 1), (12881, 2), (13250, 1), (1344, 1), (13447, 2), (13583, 1), (13721, 1), (13731, 1), (13962, 1), (14083, 2), (14537, 1), (14671, 1), (14756, 1), (14808, 1), (14813, 1), (14998, 2), (15282, 1), (15510, 1), (15533, 1), (1603, 1), (15708, 1), (166, 1), (15909, 2), (15943, 4), (16050, 6), (16099, 2), (16144, 2), (16196, 3), (16236, 1), (1663, 1), (16402, 1), (16560, 2), (16598, 1), (16636, 1), (16856, 12), (16904, 1), (17079, 1), (17229, 1), (17366, 1), (17730, 1), (17841, 1), (17871, 1), (18003, 1), (18319, 2), (18338, 2)
meltdown (DF: 5): (6353, 1), (6894, 1), (7652, 1), (12936, 2), (1442, 1)
meltin (DF: 4): (4218, 3), (6527, 1), (12585, 1), (17235, 1)
melvin (DF: 3): (3440, 1), (14383, 1), (18018, 1)
melvitto (DF: 1): (12865, 1)
melyssa (DF: 1): (7459, 2)
melón (DF: 1): (8132, 1)
mem (DF: 5): (2092, 1), (6680, 3), (10335, 1), (10822, 1), (14785, 1)
memb (DF: 5): (5214, 1), (5382, 1), (10157, 1), (11493, 1), (13093, 1)
member (DF: 54): (2223, 1), (2294, 2), (2706, 1), (268, 1), (2831, 1), (3930, 1), (5082, 1), (5137, 1), (5667, 2), (5840, 1), (5934, 2), (6144, 1), (6585, 1), (675, 2), (6994, 1), (7218, 1), (7220, 4), (7554, 1), (819, 2), (8168, 1), (9226, 2), (9262, 1), (9634, 4), (9640, 1), (9646, 1), (9933, 4), (10044, 1), (1030, 4), (10200, 1), (10237, 1), (10341, 1), (1058, 1), (10653, 1), (11051, 3), (11294, 6), (11428, 1), (11559, 1), (11573, 12), (11862, 1), (12414, 1), (12543, 1), (1304, 2), (13158, 1), (13170, 1), (13266, 1), (14377, 1), (14907, 1), (15190, 2), (15278, 4), (16946, 4), (17971, 3), (18082, 1), (18149, 3), (18245, 1)
membership (DF: 7): (2045, 1), (7349, 1), (7462, 2), (11781, 4), (11807, 2), (12091, 1), (14564, 2)
membran (DF: 9): (2765, 1), (3680, 1), (3949, 36), (4731, 1), (12484, 1), (13523, 1), (13610, 12), (1515, 1), (16957, 12)
membres (DF: 1): (1803, 1)
meme (DF: 4): (3498, 1), (6572, 3), (12868, 1), (16232, 1)
memento (DF: 2): (13544, 1), (16383, 1)
memikirkan (DF: 1): (12477, 1)
memo (DF: 21): (2576, 1), (2839, 2), (4825, 1), (5860, 1), (5959, 1), (6804, 2), (8052, 1), (8113, 1), (1072, 1), (11191, 1), (11942, 1), (12128, 1), (12356, 1), (13307, 4), (13621, 1), (13717, 1), (15847, 1), (1636, 1), (16850, 2), (17690, 1), (17899, 2)
