earli (DF: 69): (13421, 2), (13427, 11), (13545, 1), (13561, 3), (1378, 4), (13629, 1), (13960, 1), (1429, 1), (14001, 1), (14067, 1), (14122, 2), (14140, 1), (14149, 1), (1455, 1), (14337, 2), (14430, 2), (1490, 1), (14606, 1), (14642, 2), (14651, 2), (14748, 1), (14780, 1), (14868, 1), (14930, 1), (15073, 2), (15082, 2), (15149, 1), (15171, 4), (15368, 1), (15439, 1), (15493, 1), (1593, 1), (15729, 1), (15750, 1), (1622, 1), (1639, 1), (16054, 1), (16093, 1), (16152, 2), (16161, 12), (16205, 1), (1661, 1), (16324, 1), (16618, 2), (16636, 4), (16647, 1), (16822, 1), (16838, 2), (16926, 1), (16952, 1), (17003, 2), (17042, 1), (17076, 22), (17177, 1), (17384, 2), (17420, 2), (1777, 2), (17695, 1), (17723, 1), (17811, 1), (17922, 1), (17935, 1), (182, 1), (18018, 1), (18089, 1), (1838, 1), (1844, 2), (18335, 1), (18411, 1)
earlier (DF: 5): (2649, 1), (823, 1), (9576, 2), (13545, 1), (16250, 1)
earlob (DF: 8): (1975, 1), (4106, 1), (5583, 1), (9576, 4), (10511, 3), (15101, 1), (15371, 2), (18267, 1)
early (DF: 1): (10501, 1)
earmuff (DF: 1): (2177, 1)
earn (DF: 89): (1885, 2), (1962, 1), (2104, 1), (2208, 1), (2423, 1), (2588, 1), (3183, 1), (3374, 1), (3589, 2), (3601, 2), (3845, 1), (4051, 1), (440, 1), (4481, 1), (4497, 9), (4627, 1), (4720, 1), (4788, 2), (5045, 1), (5468, 1), (5605, 2), (5679, 1), (5725, 1), (5749, 1), (6582, 1), (6636, 1), (6654, 1), (6819, 2), (6846, 1), (7220, 2), (7227, 4), (737, 1), (7470, 2), (69, 1), (753, 1), (7520, 1), (757, 1), (7666, 1), (7862, 1), (8269, 4), (8325, 1), (8345, 1), (8708, 1), (9000, 1), (963, 1), (9395, 1), (9950, 2), (10025, 1), (10234, 1), (10257, 1), (10274, 1), (10965, 1), (11014, 6), (11246, 1), (11347, 2), (11374, 1), (11784, 1), (12047, 1), (12075, 1), (12141, 12), (1251, 1), (12440, 1), (12507, 1), (12535, 1), (12731, 1), (12977, 15), (13025, 1), (13075, 3), (13083, 1), (13464, 1), (13494, 1), (13660, 1), (14055, 1), (14515, 1), (14688, 2), (14857, 2), (14874, 3), (14946, 2), (14971, 1), (15094, 1), (15585, 2), (15679, 1), (15783, 1), (15855, 1), (17299, 1), (1766, 2), (17496, 1), (1805, 1), (17959, 2)
earner (DF: 4): (2319, 1), (5865, 1), (8472, 1), (11229, 1)
earnhardt (DF: 4): (2584, 1), (10485, 1), (15937, 1), (16489, 1)
earnin (DF: 4): (280, 23), (5014, 1), (5309, 1), (16650, 1)
earnt (DF: 1): (3628, 1)
earp (DF: 1): (2584, 1)
earpiec (DF: 1): (13029, 2)
earring (DF: 26): (2198, 1), (2214, 2), (2399, 1), (3174, 1), (3521, 1), (4168, 1), (4552, 1), (5829, 2), (6721, 1), (8240, 1), (893, 1), (8865, 6), (938, 1), (11534, 1), (11714, 1), (11753, 1), (12972, 1), (13509, 4), (13651, 1), (13769, 1), (14634, 1), (14991, 4), (15212, 1), (15251, 1), (16068, 1), (16144, 1)
earshot (DF: 5): (7439, 1), (9080, 1), (16152, 2), (17723, 1), (17935, 1)
earth (DF: 162): (1909, 1), (1951, 1), (1968, 1), (200, 6), (2156, 5), (2315, 1), (2332, 2), (2452, 1), (2462, 2), (2524, 1), (2592, 3), (2621, 2), (2665, 24), (2710, 8), (2747, 1), (262, 1), (2865, 1), (2866, 1), (2896, 1), (2903, 2), (2910, 1), (2918, 6), (2929, 1), (2934, 1), (2946, 1), (2960, 1), (2962, 5), (3075, 2), (3185, 1), (3201, 1), (3218, 1), (3258, 3), (3262, 1), (3288, 1), (3303, 1), (326, 1), (3320, 1), (3372, 2), (3477, 3), (3519, 2), (3525, 1), (3608, 5), (3649, 1), (3664, 1), (369, 2), (3802, 4), (404, 2), (4173, 3), (4190, 1), (4199, 1), (4225, 1), (4241, 5), (4296, 1), (4303, 1), (4378, 8), (441, 1), (4513, 2), (4597, 1), (4623, 1), (455, 2), (4681, 1), (4732, 1), (4885, 1), (4969, 1), (5041, 1), (5182, 2), (5252, 1), (5349, 1), (5375, 6), (5464, 1), (5565, 1), (554, 1), (5721, 1), (5729, 1), (5957, 1), (5974, 1), (6202, 1), (619, 1), (6320, 1), (6367, 1), (6411, 1), (6512, 1), (6516, 1), (6521, 6), (646, 1), (6535, 1), (6634, 1), (6638, 1), (6676, 2), (6699, 18), (6740, 5), (6763, 2), (6867, 1), (6910, 11), (7009, 1), (7026, 3), (7040, 4), (693, 1), (7062, 1), (696, 1), (7101, 1), (7186, 1), (7291, 2), (7358, 18), (7433, 4), (7439, 1), (7518, 1), (756, 1), (7663, 1), (7698, 1), (7722, 10), (7730, 1), (7776, 1), (787, 2), (7954, 1), (7973, 1), (7992, 1), (815, 1), (8088, 3), (8297, 1), (8378, 2), (8419, 1), (8422, 2), (8532, 1), (8557, 4), (886, 1), (8707, 1), (8726, 1), (8755, 1), (8757, 1), (8790, 2), (8833, 1), (8893, 1), (8947, 4), (8998, 1), (9080, 1), (9096, 1), (9129, 2), (930, 1), (9163, 1), (939, 1), (9269, 1), (9284, 2), (9357, 1), (9530, 1), (9581, 1), (9610, 2), (9752, 1), (9820, 1), (1006, 1), (9881, 1), (9889, 1), (9951, 1), (1026, 1), (10141, 1), (10162, 1), (10224, 3), (10309, 1), (10324, 1), (10406, 1), (10442, 1), (10529, 1)
