chase (DF: 178): (12511, 19), (12554, 1), (12634, 1), (12689, 6), (12793, 1), (12835, 3), (12838, 4), (12886, 2), (12914, 2), (12946, 2), (13018, 2), (13046, 1), (13072, 1), (13082, 3), (13083, 1), (1324, 4), (13128, 4), (13182, 1), (13338, 1), (13398, 1), (13440, 1), (13473, 4), (13479, 24), (13512, 7), (139, 2), (13531, 4), (13545, 1), (13582, 4), (13607, 1), (13623, 1), (13657, 1), (13667, 2), (13676, 2), (13704, 1), (13719, 3), (13775, 1), (1401, 3), (13779, 1), (13797, 1), (1404, 2), (13828, 1), (13833, 1), (145, 2), (13933, 1), (14017, 1), (14023, 2), (1434, 1), (14088, 1), (14096, 1), (14167, 8), (14205, 2), (14218, 2), (14391, 1), (14474, 1), (14477, 4), (14598, 8), (14646, 4), (14654, 1), (14740, 48), (14819, 1), (14839, 1), (14900, 1), (14903, 1), (14912, 1), (14928, 2), (14950, 1), (14960, 1), (1535, 4), (15005, 1), (15068, 1), (15093, 1), (15150, 3), (15190, 1), (15228, 2), (15268, 4), (15331, 14), (1566, 2), (1572, 1), (15394, 6), (15432, 1), (15462, 2), (15537, 1), (15571, 2), (15601, 4), (15743, 2), (1613, 1), (15789, 3), (15798, 1), (15820, 3), (15828, 6), (15841, 2), (15850, 1), (1623, 1), (15895, 1), (15904, 1), (15905, 1), (16040, 3), (16046, 1), (16065, 1), (16094, 1), (16100, 2), (16105, 2), (16130, 1), (16227, 1), (16242, 1), (1667, 1), (16347, 1), (16375, 1), (1672, 1), (16440, 1), (1676, 4), (1684, 1), (16627, 1), (1700, 1), (16728, 1), (16739, 1), (16772, 3), (1711, 1), (16864, 1), (16904, 6), (16926, 4), (17082, 1), (17112, 1), (17122, 2), (17155, 1), (17195, 2), (17205, 1), (17233, 3), (17262, 1), (17333, 1), (1761, 5), (17364, 1), (17367, 1), (17371, 1), (17382, 1), (17414, 1), (17416, 2), (17430, 6), (17441, 1), (17505, 1), (17519, 1), (17611, 3), (17675, 7), (17684, 3), (17693, 15), (17745, 1), (17781, 2), (17829, 1), (18005, 1), (18014, 1), (18051, 1), (18052, 1), (18124, 1), (18152, 1), (18156, 1), (18275, 1), (18290, 1), (1847, 2), (18329, 1), (18342, 1), (18402, 1), (18429, 1), (18433, 1), (1862, 4), (2014, 64), (2015, 1), (218, 4), (220, 1), (4363, 5), (4364, 1), (5723, 1), (5724, 1), (8022, 1), (8023, 4), (13087, 1), (13088, 1), (17906, 1), (17907, 2)
chaser (DF: 19): (2104, 1), (2276, 1), (2397, 1), (2624, 2), (321, 1), (379, 1), (4779, 4), (4783, 1), (5142, 1), (5872, 1), (6644, 2), (6795, 1), (7226, 1), (7544, 12), (7634, 1), (10912, 3), (12032, 1), (14902, 8), (14946, 2)
chasi (DF: 1): (14335, 1)
chasin (DF: 89): (2000, 1), (2057, 2), (2104, 1), (2174, 2), (220, 1), (2273, 7), (2523, 1), (2563, 1), (3277, 1), (3288, 1), (3310, 1), (3727, 1), (3811, 1), (3818, 4), (3900, 1), (4044, 4), (4310, 1), (4569, 2), (486, 2), (5075, 1), (5106, 1), (510, 1), (5205, 2), (5286, 1), (548, 1), (5581, 2), (5905, 1), (6071, 1), (6217, 3), (6503, 1), (6527, 1), (672, 1), (6937, 1), (693, 1), (7105, 1), (7516, 1), (7771, 1), (8176, 5), (8181, 2), (8306, 7), (8322, 1), (8568, 2), (8779, 2), (8916, 2), (8974, 2), (941, 1), (9482, 8), (9831, 2), (9983, 5), (10141, 2), (10272, 1), (10297, 1), (10383, 1), (10454, 1), (10462, 3), (10834, 1), (10986, 1), (11109, 2), (11206, 2), (11524, 2), (11909, 1), (12207, 2), (12280, 2), (12698, 6), (13273, 4), (1354, 1), (1374, 2), (13749, 4), (14088, 1), (14151, 8), (14176, 1), (14566, 1), (14839, 1), (15089, 1), (15705, 2), (16045, 1), (16489, 1), (1695, 3), (16692, 1), (16818, 1), (17257, 1), (17371, 1), (17442, 1), (1767, 1), (17815, 4), (17825, 2), (17902, 1), (18005, 1), (18179, 1)
chasm (DF: 1): (2462, 1)
chasner (DF: 1): (6947, 2)
chass (DF: 3): (10194, 1), (15469, 2), (15637, 1)
chasseur (DF: 1): (7607, 1)
chassi (DF: 1): (5841, 2)
chast (DF: 2): (6589, 1), (820, 1)
chastis (DF: 3): (8433, 1), (11382, 1), (12869, 1)
chastisin (DF: 1): (6788, 1)
chat (DF: 60): (17, 1), (2198, 1), (2221, 1), (2527, 1), (2544, 35), (2604, 1), (250, 1), (2660, 1), (2784, 1), (3048, 1), (3444, 4), (379, 1), (3992, 1), (4019, 1), (4059, 1), (4198, 3), (4244, 1), (4937, 1), (5142, 1), (5206, 1), (5370, 1), (5445, 1), (6462, 1), (7073, 1), (7098, 1), (7181, 1), (7262, 6), (7342, 3), (746, 14), (779, 1), (8234, 1), (870, 1), (8787, 2), (8825, 1), (9010, 1), (9316, 3), (9452, 2), (9628, 1), (9801, 1), (9905, 2), (10533, 2), (10617, 1), (10661, 1), (10784, 3), (10866, 1), (10977, 3), (11014, 1), (11060, 1), (11102, 1), (11145, 1), (11285, 4), (11327, 1), (11424, 1), (11526, 10), (11813, 1), (12308, 1), (12475, 2), (12987, 1), (13193, 1), (13444, 2)
