dal (DF: 33): (16990, 11), (17171, 1), (17279, 1), (17343, 12), (17368, 1), (17390, 3), (17405, 1), (17522, 2), (17534, 5), (17566, 2), (17594, 9), (17625, 12), (17668, 6), (17817, 1), (17861, 3), (17896, 3), (18132, 1), (18187, 12), (18326, 4), (18394, 1), (18427, 34), (4032, 1), (4034, 3), (4469, 2), (4470, 1), (11533, 14), (11535, 1), (12350, 1), (12351, 1), (15913, 4), (15914, 1), (17747, 6), (17748, 3)
dala (DF: 2): (17071, 1), (18065, 6)
dalagang (DF: 1): (3887, 1)
dalai (DF: 6): (2612, 1), (3037, 1), (3170, 1), (1330, 1), (15315, 2), (15823, 1)
dalang (DF: 2): (8001, 1), (11761, 1)
dalangi (DF: 1): (6826, 2)
dalast (DF: 1): (15703, 1)
dalawa (DF: 1): (3150, 2)
dalbicc (DF: 1): (32, 1)
dalbicceuro (DF: 1): (32, 1)
dalbicci (DF: 1): (32, 3)
dale (DF: 31): (2476, 6), (2584, 1), (299, 1), (3363, 1), (3853, 2), (5369, 3), (7583, 25), (7622, 6), (7835, 1), (8681, 2), (8759, 2), (8765, 4), (8853, 6), (9095, 1), (9251, 4), (9450, 4), (9552, 4), (9595, 1), (9844, 1), (10485, 1), (10895, 1), (11120, 8), (11487, 2), (13436, 2), (13611, 1), (1454, 6), (14242, 2), (15389, 14), (17520, 6), (17708, 1), (17993, 1)
dalej (DF: 8): (6007, 2), (6678, 2), (10020, 1), (10436, 4), (1197, 1), (16366, 1), (16726, 1), (16833, 1)
daleka (DF: 1): (3744, 4)
daleko (DF: 2): (1197, 1), (18094, 1)
daleun (DF: 1): (13918, 1)
dalex (DF: 13): (1932, 2), (3722, 2), (3816, 2), (4300, 4), (4594, 4), (5547, 2), (8199, 2), (875, 2), (11317, 1), (13572, 6), (13832, 2), (15914, 2), (16968, 1)
daley (DF: 1): (13833, 1)
daleyeah (DF: 1): (7415, 1)
dali (DF: 5): (3789, 1), (5250, 2), (9301, 1), (14869, 1), (17071, 1)
dalijk (DF: 1): (18253, 1)
dalkomha (DF: 1): (14754, 2)
dall (DF: 4): (13606, 1), (13990, 1), (15637, 2), (16565, 3)
dalla (DF: 17): (2692, 6), (2765, 1), (3640, 1), (5934, 2), (6203, 1), (6876, 1), (8492, 1), (9933, 2), (10441, 1), (11041, 6), (12152, 1), (12484, 1), (13860, 1), (14338, 2), (15201, 1), (16282, 6), (16703, 1)
dallajin (DF: 1): (13096, 1)
dallamana (DF: 1): (6035, 1)
dallasgo (DF: 1): (17750, 1)
dallask (DF: 3): (7633, 1), (12020, 1), (12156, 1)
dallass (DF: 1): (7270, 2)
dallerium (DF: 1): (11609, 2)
dalli (DF: 4): (6197, 1), (6206, 1), (8407, 1), (16375, 1)
dallyeo (DF: 1): (15773, 2)
dalmat (DF: 4): (1932, 2), (2972, 2), (1284, 2), (15237, 2)
dalmatian (DF: 2): (14321, 1), (1555, 1)
dalmatin (DF: 1): (14254, 1)
dalmation (DF: 1): (15237, 1)
daloy (DF: 1): (9528, 1)
dalsch (DF: 1): (18415, 1)
dalton (DF: 4): (3423, 2), (7580, 1), (8457, 2), (14257, 2)
dalua (DF: 1): (2711, 1)
dalvin (DF: 2): (8233, 3), (9910, 1)
dalwa (DF: 1): (3150, 1)
dalé (DF: 3): (6102, 1), (7397, 2), (14242, 1)
dam (DF: 142): (1932, 2), (2108, 2), (2309, 1), (229, 4), (24, 1), (2461, 2), (2488, 6), (250, 2), (2668, 1), (2792, 1), (2805, 3), (2814, 2), (2828, 2), (284, 2), (3269, 1), (328, 5), (3344, 1), (3358, 5), (3403, 2), (3492, 1), (3495, 2), (3580, 12), (3586, 4), (3587, 4), (3598, 1), (3609, 10), (355, 3), (3656, 2), (3669, 1), (3674, 8), (3744, 2), (3876, 1), (3903, 1), (4032, 2), (4186, 2), (4236, 1), (4423, 1), (4470, 1), (4484, 2), (444, 2), (4507, 2), (4678, 10), (4729, 1), (4761, 1), (476, 7), (5183, 6), (5198, 1), (5473, 2), (5502, 2), (5541, 1), (548, 1), (5696, 8), (5770, 6), (5786, 4), (577, 2), (5881, 2), (5962, 1), (594, 6), (6120, 2), (6131, 3), (6152, 7), (6160, 1), (6336, 1), (6399, 1), (6414, 2), (6423, 2), (6491, 36), (6534, 5), (648, 4), (6681, 3), (6808, 1), (6865, 1), (6884, 5), (6939, 1), (7016, 1), (7031, 2), (707, 2), (724, 2), (7344, 1), (7395, 1), (7508, 1), (757, 17), (7725, 2), (7867, 16), (7879, 1), (7904, 4), (8218, 2), (8482, 1), (8671, 1), (8728, 1), (8866, 3), (84, 1), (9115, 1), (9162, 2), (9285, 2), (9383, 1), (9415, 1), (9430, 1), (9470, 1), (9534, 1), (9536, 2), (9575, 3), (9606, 2), (9609, 4), (9719, 7), (9762, 1), (996, 1), (9781, 1), (9818, 4), (9916, 2), (9929, 14), (9939, 1), (9974, 10), (1022, 4), (10138, 1), (10235, 1), (1039, 2), (10291, 1), (10400, 1), (10467, 1), (10493, 1), (10566, 1), (10612, 3), (1079, 1), (10625, 2), (10728, 1), (10756, 1), (10757, 2), (1098, 3), (10784, 1), (10838, 4), (1109, 1), (10909, 7), (10937, 2), (10944, 2), (11024, 1), (11059, 1), (11141, 1), (11190, 5), (11312, 5), (11572, 1), (11576, 2)
