mcclenney (DF: 1): (18418, 1)
mccluskey (DF: 1): (3309, 2)
mccomb (DF: 5): (1965, 1), (10349, 1), (13735, 1), (14657, 1), (15248, 1)
mcconaughey (DF: 1): (10491, 1)
mccoy (DF: 8): (2190, 1), (4326, 1), (7178, 1), (8378, 1), (9527, 1), (987, 1), (1306, 1), (13509, 1)
mccurdi (DF: 1): (5635, 1)
mcd (DF: 1): (8555, 1)
mcdonald (DF: 11): (4282, 1), (4410, 14), (5601, 1), (5862, 1), (6258, 1), (7165, 2), (9167, 1), (10157, 1), (11536, 1), (1294, 1), (14405, 1)
mcdonaldyou (DF: 1): (6403, 1)
mcdoubl (DF: 1): (1623, 1)
mcdriv (DF: 1): (14517, 5)
mcenro (DF: 1): (8959, 1)
mcfli (DF: 2): (4811, 6), (15620, 2)
mcflurri (DF: 1): (11080, 2)
mcg (DF: 1): (9263, 1)
mcghee (DF: 3): (5712, 1), (14976, 1), (18299, 1)
mcgirt (DF: 1): (7829, 1)
mcgradi (DF: 2): (9166, 2), (16788, 1)
mcgrady (DF: 1): (7392, 2)
mcgraw (DF: 4): (3161, 1), (11016, 1), (11925, 1), (13557, 8)
mcgriddl (DF: 1): (8467, 1)
mcgriff (DF: 1): (6403, 1)
mcgruff (DF: 3): (7758, 1), (8026, 1), (10370, 1)
mcgwir (DF: 1): (1474, 1)
mcgwire (DF: 1): (5228, 1)
mcgyver (DF: 1): (6342, 1)
mci (DF: 1): (2995, 5)
mcid (DF: 1): (17640, 1)
mckee (DF: 2): (9504, 1), (14296, 1)
mckenna (DF: 3): (10985, 1), (12287, 1), (16699, 1)
mckenzi (DF: 2): (636, 1), (15943, 2)
mckinni (DF: 1): (3939, 1)
mcklopedi (DF: 1): (14685, 1)
mcknight (DF: 10): (2435, 1), (2635, 1), (9665, 2), (10319, 1), (10515, 1), (1094, 2), (11456, 1), (1522, 1), (14964, 1), (15523, 1)
mclachlan (DF: 1): (14955, 1)
mclaren (DF: 12): (4833, 1), (5413, 1), (8803, 24), (9036, 2), (9147, 1), (9922, 1), (1030, 1), (11397, 1), (1197, 1), (13170, 1), (13523, 1), (17908, 1)
mclean (DF: 2): (3164, 1), (6374, 2)
mcloughlin (DF: 3): (3120, 1), (11392, 1), (17289, 1)
mclovin (DF: 5): (4386, 1), (486, 2), (6151, 1), (11236, 4), (15089, 1)
mclyte (DF: 2): (3965, 1), (12763, 1)
mcm (DF: 3): (2254, 1), (8387, 1), (12678, 4)
mcmahon (DF: 3): (3766, 2), (11475, 1), (16089, 1)
mcmillan (DF: 1): (16427, 1)
mcmorrow (DF: 1): (10812, 1)
mcnasti (DF: 1): (6151, 1)
mcnugget (DF: 4): (2241, 1), (2809, 1), (13263, 1), (18083, 1)
mcphatter (DF: 1): (4223, 1)
mcpherson (DF: 2): (6473, 1), (11221, 1)
mcqueen (DF: 6): (7106, 1), (11314, 1), (11489, 10), (12553, 1), (16698, 3), (18450, 1)
mcrae (DF: 1): (10602, 1)
mcs (DF: 38): (2039, 3), (248, 1), (4522, 1), (4739, 1), (5049, 1), (5206, 1), (5349, 1), (5587, 2), (5792, 1), (6087, 1), (6835, 1), (7538, 3), (7745, 1), (8255, 1), (9143, 1), (9267, 1), (9315, 1), (9567, 1), (9794, 2), (10119, 3), (10977, 5), (1150, 1), (11391, 1), (11634, 1), (11925, 1), (12227, 1), (12822, 1), (13655, 3), (13755, 1), (151, 3), (14687, 1), (14907, 1), (15937, 1), (17043, 1), (17325, 1), (17630, 1), (1790, 11), (17750, 2)
mcscari (DF: 1): (5779, 1)
mcsund (DF: 1): (13102, 1)
mcthe (DF: 1): (16362, 1)
mcvay (DF: 4): (2048, 1), (702, 1), (13696, 1), (15263, 2)
mcveigh (DF: 1): (6452, 1)
mcvillain (DF: 1): (10012, 1)
md (DF: 5): (2733, 1), (5674, 1), (5959, 1), (11483, 78), (11902, 1)
mda (DF: 1): (16496, 2)
mdma (DF: 8): (250, 2), (7479, 2), (8491, 1), (9509, 1), (11483, 1), (13520, 1), (16726, 8), (18358, 1)
mdot (DF: 1): (17490, 1)
mdrn (DF: 1): (6191, 1)
me (DF: 88): (1987, 5), (2059, 19), (2498, 5), (2518, 2), (2549, 3), (2881, 1), (3067, 1), (3210, 1), (3348, 10), (3717, 3), (4124, 3), (4587, 1), (4873, 2), (4890, 4), (4992, 1), (5020, 13), (5187, 1), (524, 4), (5392, 2), (5429, 1), (5439, 1), (5663, 6), (5825, 1), (5955, 1), (6341, 4), (6368, 3), (6691, 1), (6798, 1), (6961, 4), (7373, 1), (7466, 2), (9, 2), (7694, 1), (8054, 1), (8130, 2), (8161, 1), (8198, 3), (8208, 8), (8264, 2), (8671, 4), (8777, 1), (8829, 4), (8936, 5), (9222, 5), (9596, 2), (9664, 1), (9738, 5), (1010, 7), (9906, 2), (10238, 2), (10380, 10), (10501, 1), (10997, 10), (11111, 1), (11272, 2), (11298, 3), (11314, 2), (11743, 2), (11812, 1), (11878, 5), (12256, 1), (13117, 4), (14134, 40), (1447, 8), (14517, 21), (1485, 2), (14629, 1), (14799, 1), (14961, 3), (15449, 2), (15707, 2), (15757, 1), (15864, 7), (16451, 18), (16810, 1), (17427, 10), (17487, 1), (17718, 3), (1800, 3), (17970, 1), (18023, 3), (18325, 1), (1848, 3), (1850, 1), (18408, 3), (18442, 1), (16745, 2), (16746, 7)
me1 (DF: 1): (14119, 2)
me11 (DF: 1): (14517, 1)
