chiefin (DF: 11): (2636, 1), (2832, 1), (3133, 1), (7006, 1), (9567, 1), (1084, 2), (10945, 2), (1217, 2), (12079, 1), (17319, 1), (17349, 14)
chien (DF: 5): (637, 1), (7254, 1), (7931, 8), (17245, 1), (17275, 1)
chies (DF: 1): (63, 1)
chiest (DF: 4): (6250, 1), (8130, 2), (16451, 2), (16746, 1)
chiev (DF: 1): (9019, 4)
chife (DF: 1): (16054, 1)
chiffr (DF: 2): (676, 1), (15161, 1)
chifl (DF: 3): (2088, 1), (13026, 2), (16469, 2)
chigga (DF: 1): (18245, 1)
chiggidi (DF: 1): (159, 1)
chih (DF: 2): (4919, 1), (5949, 1)
chihuahu (DF: 1): (2088, 2)
chihuahua (DF: 1): (7178, 1)
chiiild (DF: 1): (13281, 1)
chij (DF: 1): (10442, 1)
chik (DF: 2): (5170, 2), (17760, 1)
chika (DF: 2): (6087, 21), (9657, 1)
chiki (DF: 1): (4849, 2)
chikk (DF: 1): (5199, 1)
chiko (DF: 1): (2884, 1)
chil (DF: 19): (216, 1), (2733, 1), (2967, 1), (3421, 1), (395, 1), (4419, 2), (4532, 1), (8036, 3), (8116, 1), (10240, 1), (1098, 2), (11558, 1), (11750, 1), (13930, 1), (14260, 2), (1476, 2), (15335, 2), (1741, 1), (17673, 1)
chilang (DF: 1): (2564, 3)
child (DF: 290): (1894, 1), (1952, 2), (2032, 1), (204, 1), (2109, 3), (206, 1), (2161, 2), (2218, 1), (2222, 2), (2232, 1), (2244, 1), (2249, 9), (2255, 1), (2284, 6), (2362, 1), (2462, 1), (2464, 4), (2483, 1), (2658, 1), (254, 1), (2696, 2), (2720, 1), (2738, 2), (2775, 6), (2829, 5), (273, 4), (2858, 9), (2872, 1), (3069, 1), (3103, 2), (3105, 1), (298, 1), (3124, 2), (3156, 1), (3186, 1), (3188, 2), (3266, 3), (3276, 1), (3330, 4), (3374, 1), (3393, 1), (337, 2), (3432, 1), (3450, 1), (3451, 1), (3482, 3), (3500, 2), (3505, 2), (3540, 2), (3542, 1), (3577, 9), (3658, 1), (3674, 4), (3726, 1), (3743, 4), (3796, 1), (3850, 1), (3860, 1), (3865, 1), (3953, 1), (4030, 4), (4069, 1), (411, 1), (4278, 2), (4333, 9), (4346, 16), (4438, 1), (443, 1), (4523, 6), (4561, 2), (4583, 4), (4634, 1), (455, 1), (4691, 2), (4696, 2), (4717, 1), (4847, 1), (4963, 2), (4979, 2), (487, 1), (5075, 1), (5088, 1), (5136, 3), (5145, 1), (5253, 1), (5366, 1), (5462, 2), (5486, 1), (5505, 3), (5542, 1), (5603, 2), (5641, 1), (5658, 1), (6, 1), (5748, 1), (5751, 1), (5812, 2), (5876, 2), (585, 4), (5967, 1), (5995, 4), (6136, 1), (6171, 2), (6228, 2), (619, 1), (6286, 4), (6302, 2), (6349, 1), (644, 14), (6510, 1), (6545, 5), (6585, 1), (6589, 1), (6636, 1), (666, 1), (6714, 20), (6741, 2), (6847, 2), (6899, 2), (7001, 2), (7009, 1), (7061, 1), (7103, 1), (7227, 2), (7310, 1), (7363, 1), (753, 1), (7544, 2), (7569, 2), (7581, 1), (7634, 1), (7707, 1), (7815, 1), (7857, 2), (7924, 1), (7929, 1), (7943, 1), (7973, 1), (7981, 1), (7988, 8), (820, 1), (8192, 1), (8254, 1), (8274, 1), (8339, 2), (8399, 1), (8470, 1), (8535, 4), (8584, 2), (873, 2), (8639, 7), (8657, 3), (8672, 1), (8715, 2), (8750, 1), (8764, 2), (8781, 1), (8862, 1), (8965, 1), (9000, 6), (9025, 1), (9051, 1), (9061, 1), (9164, 1), (9193, 2), (9224, 1), (942, 4), (9244, 2), (9262, 1), (9278, 1), (949, 1), (9303, 2), (9370, 2), (9408, 1), (975, 3), (9600, 1), (9657, 1), (9668, 1), (9747, 1), (9878, 1), (9889, 1), (9947, 5), (9977, 1), (10008, 1), (10042, 1), (10101, 4), (10119, 1), (10141, 3), (10188, 4), (10313, 1), (10329, 1), (10373, 1), (10374, 1), (10404, 2), (10430, 2), (10500, 4), (10615, 3), (10629, 3), (10644, 1), (10650, 1), (10696, 1), (10777, 17), (10810, 1), (10820, 1), (1105, 2), (10948, 1), (10954, 1), (11011, 1), (11013, 1), (11053, 1), (11058, 1), (11278, 2), (11288, 2), (11357, 8), (11443, 1), (11481, 1), (11511, 4), (11566, 1), (121, 1), (11757, 1), (1202, 3), (11781, 14), (11822, 1), (11864, 1), (11873, 2), (11942, 1), (12086, 1), (12185, 1), (12213, 1), (12227, 1), (12254, 1), (12316, 4), (12469, 1), (12484, 1), (12535, 1), (12581, 1), (12584, 1), (12597, 2), (12634, 12), (1287, 9), (12753, 9), (12759, 1), (12791, 1), (12816, 1), (12844, 1), (12904, 1), (12963, 2), (1317, 1), (13018, 1), (13073, 1), (13075, 1), (13083, 1), (13087, 1), (13147, 2), (13218, 2), (13338, 1), (13345, 2), (1351, 2), (13451, 1), (13464, 1), (13500, 3), (13558, 2), (13695, 1), (13758, 2), (13769, 2), (13881, 3), (13925, 2), (13926, 1), (1419, 1), (14001, 1), (14026, 3), (14028, 1), (14140, 1), (14166, 1), (14206, 1), (14228, 1), (14255, 2), (14264, 1), (14303, 1), (14320, 1), (14357, 11), (14385, 1), (14410, 1), (14494, 1), (14521, 1), (14552, 3), (14578, 2), (14638, 2), (14653, 2), (14658, 1)
