kehda (DF: 1): (5582, 1)
kehdi (DF: 1): (10667, 1)
kehel (DF: 1): (11725, 1)
kehena (DF: 1): (11725, 1)
kehl (DF: 3): (11122, 1), (14419, 1), (16963, 1)
kehlani (DF: 12): (3079, 4), (3089, 1), (5237, 2), (9372, 2), (10226, 1), (12447, 1), (1448, 3), (14756, 1), (14909, 1), (15529, 1), (17230, 1), (17869, 1)
kehn (DF: 3): (4686, 2), (10442, 2), (13990, 1)
kehna (DF: 4): (5535, 1), (7475, 2), (9138, 1), (1834, 1)
kehnd (DF: 6): (4421, 3), (5830, 1), (9138, 1), (9519, 2), (10667, 2), (13990, 1)
kehnda (DF: 1): (10975, 1)
kehndi (DF: 1): (16186, 1)
kehndiya (DF: 1): (13515, 1)
kehni (DF: 1): (2268, 4)
keho (DF: 1): (8510, 1)
kehra (DF: 1): (9688, 1)
kehrseit (DF: 1): (778, 1)
keht (DF: 1): (10442, 1)
kehta (DF: 2): (4686, 1), (9688, 1)
kehti (DF: 1): (10442, 6)
kei (DF: 1): (5559, 1)
kein (DF: 4): (2637, 2), (11123, 1), (11179, 2), (16777, 1)
keiou (DF: 1): (6651, 2)
keisha (DF: 8): (3174, 2), (5529, 1), (6092, 1), (6999, 1), (9432, 1), (9576, 2), (14337, 2), (17035, 1)
keita (DF: 1): (5978, 1)
keith (DF: 55): (1919, 1), (2011, 2), (2865, 2), (3310, 1), (3705, 2), (4925, 2), (5082, 1), (5292, 1), (5712, 1), (5805, 1), (5817, 2), (6480, 1), (6780, 3), (6903, 6), (7186, 1), (7402, 1), (7622, 1), (7932, 1), (7946, 3), (8104, 1), (8853, 1), (909, 1), (8884, 1), (9290, 3), (9486, 2), (9784, 1), (100, 2), (10372, 2), (10593, 1), (10695, 2), (11109, 2), (1145, 3), (11253, 2), (11446, 2), (11539, 1), (12438, 1), (13296, 1), (1454, 1), (14500, 2), (14958, 2), (14976, 2), (15019, 1), (15268, 2), (15284, 1), (15427, 1), (15705, 2), (15936, 1), (16303, 1), (17361, 1), (17520, 1), (17897, 1), (18054, 1), (18062, 3), (18299, 1), (1880, 2)
keityn (DF: 5): (4300, 3), (4594, 3), (5224, 2), (14572, 1), (16230, 2)
kejser (DF: 1): (12273, 1)
kejt (DF: 3): (6126, 1), (9049, 2), (11447, 1)
kek (DF: 5): (5881, 2), (9236, 1), (13267, 1), (17136, 5), (17607, 2)
keke (DF: 11): (2527, 1), (5445, 1), (6462, 1), (7860, 1), (10623, 3), (11102, 1), (11624, 1), (11867, 1), (11964, 1), (12854, 7), (13629, 1)
kekos (DF: 1): (11459, 3)
kel (DF: 8): (4003, 1), (7826, 1), (10569, 1), (11144, 1), (14985, 9), (14989, 2), (15665, 1), (17493, 1)
kelan (DF: 1): (18247, 2)
kelb (DF: 2): (12433, 2), (17886, 1)
kelch (DF: 1): (8019, 1)
kele (DF: 1): (10975, 1)
kelela (DF: 1): (11769, 1)
keli (DF: 11): (2482, 1), (4613, 1), (6800, 1), (7459, 1), (8139, 1), (10236, 1), (10727, 1), (1342, 2), (14361, 1), (14555, 1), (16461, 1)
keliy (DF: 1): (10833, 1)
kelkheim (DF: 1): (10958, 1)
kell (DF: 20): (3048, 1), (3381, 1), (3521, 2), (397, 1), (5577, 1), (6600, 1), (681, 1), (7411, 1), (110, 2), (1176, 1), (12468, 2), (12872, 1), (1319, 2), (13091, 1), (1402, 1), (14116, 2), (14989, 6), (15536, 1), (15665, 2), (16644, 1)
kellerasseln (DF: 1): (397, 1)
kelli (DF: 72): (2255, 1), (2472, 1), (2939, 1), (318, 2), (3521, 3), (3834, 1), (4008, 1), (4733, 1), (4920, 1), (4937, 1), (4941, 1), (5082, 1), (613, 1), (6195, 1), (6509, 3), (6845, 1), (7225, 1), (7275, 1), (7323, 1), (737, 1), (7537, 1), (7940, 1), (7985, 1), (8380, 1), (856, 1), (8755, 1), (9197, 2), (9255, 1), (9330, 1), (10078, 1), (10222, 1), (10510, 1), (10520, 1), (10886, 1), (10998, 1), (11293, 2), (11634, 1), (11702, 1), (11787, 1), (12031, 1), (12468, 1), (12525, 1), (12667, 1), (1287, 1), (12733, 1), (12996, 1), (13052, 1), (1319, 1), (13140, 1), (13207, 2), (1343, 1), (1391, 3), (1402, 1), (14175, 1), (14195, 1), (1466, 3), (14989, 2), (15119, 1), (15275, 1), (1566, 1), (15434, 1), (15665, 1), (15671, 1), (15738, 1), (15854, 1), (15969, 4), (1661, 1), (17329, 1), (17378, 1), (17540, 1), (181, 1), (17936, 3)
kellin (DF: 1): (4196, 2)
kelln (DF: 1): (16409, 1)
kellogg (DF: 1): (4890, 1)
kelly (DF: 3): (6835, 1), (681, 1), (10031, 2)
kelmitt (DF: 1): (2336, 2)
kelner (DF: 1): (10138, 1)
keloid (DF: 1): (270, 1)
kelok (DF: 1): (4651, 1)
kelow (DF: 3): (8733, 4), (1296, 1), (15098, 1)
kelsea (DF: 1): (2570, 1)
kelsey (DF: 1): (12887, 1)
kelvin (DF: 1): (16782, 1)
kelvis (DF: 2): (4423, 2), (7042, 1)
kelvyn (DF: 2): (12798, 1), (13378, 1)
kem (DF: 3): (8053, 1), (13798, 2), (15199, 2)
kemando (DF: 1): (3902, 1)
kemb (DF: 1): (7392, 4)
kembali (DF: 1): (12477, 1)
kembot (DF: 1): (4815, 1)
kemistri (DF: 1): (8053, 1)
kemo (DF: 1): (3902, 3)
kemosab (DF: 1): (7685, 1)
