enamor (DF: 129): (10363, 2), (10461, 7), (10559, 1), (10564, 1), (1079, 6), (10676, 6), (10763, 6), (10807, 2), (10813, 7), (10899, 2), (10939, 2), (10982, 1), (11018, 1), (11030, 2), (11059, 1), (11112, 13), (11303, 6), (11371, 1), (11638, 3), (11724, 2), (11726, 1), (11740, 5), (11993, 6), (1221, 12), (1228, 1), (12167, 9), (1241, 4), (12235, 1), (12297, 1), (12352, 3), (12431, 1), (12574, 1), (1284, 1), (12656, 1), (12744, 2), (12794, 1), (12863, 2), (1305, 1), (1309, 3), (13023, 1), (13066, 2), (13138, 4), (13141, 3), (1333, 20), (13233, 3), (13257, 1), (13272, 1), (1370, 1), (13576, 1), (1379, 1), (13663, 6), (13672, 12), (13707, 1), (1395, 5), (13982, 7), (14012, 12), (14085, 1), (14094, 2), (1441, 8), (14209, 1), (14239, 4), (14280, 1), (14291, 5), (14327, 2), (14341, 2), (14344, 16), (14424, 1), (14541, 1), (14596, 1), (14600, 1), (14772, 1), (14825, 1), (14863, 1), (14941, 30), (14963, 7), (14973, 2), (14, 1), (15219, 1), (15234, 1), (15297, 15), (15349, 1), (15633, 1), (15673, 10), (15732, 3), (15753, 16), (15821, 1), (15899, 2), (15914, 4), (15926, 1), (16024, 1), (16293, 3), (16407, 2), (173, 6), (16456, 1), (16557, 3), (16717, 9), (16802, 11), (16843, 1), (16884, 12), (16889, 2), (16973, 2), (16983, 1), (17033, 1), (17058, 12), (17095, 6), (1740, 30), (17146, 4), (17194, 6), (17213, 2), (1752, 3), (17338, 4), (17467, 1), (17528, 2), (17555, 4), (17566, 3), (17747, 1), (17779, 1), (17788, 3), (17896, 3), (1810, 4), (17941, 1), (17965, 1), (17980, 3), (18043, 2), (18169, 1), (18171, 8), (18249, 14), (14725, 6), (14726, 3)
enamora (DF: 5): (7395, 1), (7820, 1), (1116, 2), (14697, 1), (16401, 1)
enamorada (DF: 2): (4643, 1), (5098, 1)
enamoramo (DF: 1): (6009, 1)
enamorart (DF: 17): (3403, 8), (3489, 1), (366, 1), (7546, 15), (791, 1), (8914, 2), (10944, 1), (12214, 3), (14360, 4), (14703, 1), (14941, 2), (15753, 1), (17279, 4), (17338, 1), (17405, 2), (17980, 1), (18046, 6)
enamorau (DF: 1): (10559, 3)
enamorehoy (DF: 1): (3623, 3)
enamoró (DF: 1): (6009, 1)
enamour (DF: 2): (2854, 2), (136, 1)
enan (DF: 1): (2369, 2)
enantat (DF: 3): (9236, 1), (12355, 1), (12433, 1)
encabron (DF: 2): (11356, 1), (16373, 1)
encabrona (DF: 1): (10780, 1)
encaden (DF: 4): (4288, 1), (4470, 1), (5745, 2), (17097, 2)
encaiss (DF: 2): (5801, 1), (676, 1)
encaix (DF: 1): (14511, 2)
encaixa (DF: 3): (9279, 1), (10131, 1), (16850, 1)
encaj (DF: 8): (4289, 1), (4912, 1), (7587, 1), (9285, 1), (10952, 6), (13973, 2), (15297, 3), (1668, 2)
encam (DF: 1): (9318, 2)
encamin (DF: 1): (5740, 1)
encaminart (DF: 1): (5283, 2)
encan (DF: 2): (2354, 2), (16230, 2)
encandil (DF: 2): (9532, 1), (17678, 1)
encant (DF: 135): (2088, 2), (2136, 1), (2183, 3), (2336, 1), (2564, 1), (2585, 2), (2743, 1), (2814, 1), (2967, 1), (3031, 1), (3308, 1), (3572, 2), (3580, 12), (3665, 3), (4246, 1), (4300, 3), (4386, 6), (4448, 12), (4470, 8), (4567, 2), (4594, 3), (4633, 2), (4763, 1), (4908, 2), (44, 1), (5105, 1), (5341, 1), (5696, 4), (5754, 1), (5793, 1), (5962, 1), (6025, 1), (6131, 1), (6179, 2), (6207, 1), (6243, 1), (6280, 1), (6339, 1), (6423, 2), (6532, 1), (6561, 1), (6681, 1), (6808, 2), (679, 1), (6872, 1), (6878, 1), (6917, 1), (7166, 2), (7457, 4), (7587, 2), (7632, 1), (7820, 1), (885, 1), (8699, 1), (889, 6), (8866, 1), (8945, 1), (9070, 1), (9172, 6), (9179, 1), (9252, 2), (9296, 2), (9387, 1), (9682, 1), (9972, 2), (10278, 2), (10321, 1), (10399, 1), (1061, 1), (10813, 1), (10838, 2), (1112, 3), (10992, 1), (11064, 1), (11190, 2), (11235, 2), (11331, 2), (11350, 1), (11361, 1), (11407, 1), (11442, 10), (11486, 1), (11605, 3), (11750, 2), (11968, 1), (12098, 1), (12276, 3), (127, 5), (12656, 1), (12658, 4), (12863, 1), (13078, 1), (13164, 1), (13742, 1), (13935, 2), (14011, 6), (14239, 1), (14543, 1), (14630, 1), (14677, 3), (14697, 1), (14704, 12), (14825, 1), (14856, 1), (14956, 4), (15031, 1), (15234, 6), (15369, 1), (15633, 6), (15775, 2), (15815, 1), (15926, 1), (15934, 1), (16143, 6), (16253, 1), (16293, 1), (16345, 2), (173, 1), (16439, 2), (16475, 2), (16820, 1), (16845, 4), (16889, 1), (16921, 1), (16973, 4), (17115, 12), (1740, 3), (17192, 3), (17213, 1), (17237, 1), (17343, 1), (17522, 1), (17534, 1), (17668, 1), (17747, 2)
