older (DF: 182): (4348, 1), (4365, 1), (4402, 1), (4468, 2), (4547, 1), (4634, 1), (4731, 1), (4748, 1), (4768, 1), (4971, 1), (5068, 1), (5082, 1), (5112, 4), (5135, 4), (5199, 1), (516, 3), (5257, 1), (5366, 1), (5385, 1), (5474, 1), (5637, 4), (5779, 1), (5828, 1), (585, 4), (5914, 2), (5929, 2), (5961, 1), (609, 2), (6509, 1), (6536, 1), (6704, 2), (6713, 2), (6726, 4), (6819, 1), (6858, 1), (6934, 2), (7209, 17), (7221, 1), (7234, 2), (7289, 1), (7293, 3), (737, 1), (7413, 3), (7419, 1), (7422, 2), (7439, 2), (7644, 2), (7681, 5), (7707, 1), (7840, 1), (7857, 1), (7937, 1), (7988, 2), (8155, 1), (8230, 1), (8480, 1), (8584, 2), (8587, 1), (8596, 1), (8695, 3), (8779, 2), (8787, 1), (8920, 2), (9006, 3), (9026, 1), (9080, 2), (9321, 7), (9505, 6), (9594, 1), (9646, 1), (9667, 3), (9930, 2), (9995, 1), (10091, 1), (10199, 1), (10335, 3), (10337, 6), (10370, 1), (10386, 16), (10750, 1), (10788, 1), (10861, 5), (10920, 1), (11045, 1), (1138, 1), (11136, 4), (11151, 1), (11172, 1), (11188, 1), (11269, 1), (11290, 2), (11357, 2), (11432, 1), (11479, 1), (1181, 1), (11557, 1), (11770, 1), (11897, 8), (12287, 1), (12389, 6), (1260, 1), (12465, 1), (12476, 3), (1276, 1), (12610, 1), (12736, 1), (12816, 5), (12930, 4), (12940, 4), (12963, 2), (13008, 1), (13056, 2), (13108, 2), (13309, 1), (13426, 1), (13435, 1), (13462, 1), (13564, 1), (13688, 4), (13691, 2), (13786, 1), (13796, 1), (13960, 2), (13994, 1), (1452, 1), (14354, 1), (14356, 1), (14417, 2), (14423, 2), (14560, 1), (14949, 16), (15101, 1), (15170, 2), (15241, 2), (15252, 1), (15393, 5), (15397, 3), (15410, 4), (15486, 2), (15503, 1), (15547, 1), (15571, 1), (15612, 2), (15681, 1), (15788, 2), (15800, 1), (15964, 1), (16152, 4), (16267, 1), (16363, 2), (16364, 1), (16454, 2), (16543, 1), (16616, 1), (1695, 1), (16783, 17), (16863, 1), (1714, 8), (16997, 1), (17016, 1), (17034, 170), (17112, 3), (17119, 17), (17180, 1), (17206, 1), (17220, 2), (17257, 1), (17289, 1), (17363, 1), (17499, 28), (17550, 1), (17640, 2), (17723, 2), (17730, 1), (17856, 2), (17935, 2), (18205, 1), (18239, 4), (18268, 3), (5669, 2), (5670, 1), (10862, 3)
oldest (DF: 6): (6196, 3), (11045, 1), (13400, 1), (15108, 2), (15612, 1), (16485, 4)
oldi (DF: 17): (2305, 1), (2936, 1), (5967, 1), (8274, 1), (8983, 2), (10783, 1), (11370, 2), (11671, 1), (12602, 1), (12738, 1), (14164, 1), (14807, 1), (16127, 2), (1649, 1), (16619, 1), (17599, 3), (18089, 1)
oldish (DF: 1): (6969, 1)
oldschool (DF: 44): (2076, 1), (2228, 1), (2500, 1), (2552, 1), (3048, 1), (3253, 1), (324, 1), (3804, 1), (4190, 1), (5133, 1), (5312, 1), (5459, 1), (5513, 1), (5682, 1), (6095, 1), (7130, 1), (7226, 1), (8170, 1), (8416, 1), (8570, 1), (8974, 1), (9183, 1), (9752, 1), (10195, 1), (10859, 1), (10883, 1), (13338, 1), (13390, 1), (13610, 1), (13769, 1), (13817, 1), (13972, 1), (14093, 1), (14307, 1), (14815, 1), (1536, 1), (15144, 1), (16971, 1), (17105, 1), (17136, 1), (17168, 1), (17651, 1), (17939, 1), (18152, 1)
oldskool (DF: 1): (6347, 2)
oldu (DF: 1): (17712, 1)
ole (DF: 21): (4793, 1), (5170, 2), (5790, 1), (7697, 1), (8248, 1), (9074, 1), (10172, 2), (10485, 1), (10645, 2), (11140, 1), (11594, 1), (12038, 1), (13472, 1), (14093, 1), (1469, 1), (15112, 6), (15866, 1), (1635, 1), (16378, 1), (17158, 1), (17740, 1)
oleand (DF: 2): (6606, 1), (9377, 1)
olek (DF: 2): (6441, 2), (17410, 1)
oler (DF: 1): (9692, 1)
olert (DF: 3): (9034, 1), (10087, 2), (14107, 4)
olewam (DF: 1): (17720, 1)
olex (DF: 2): (606, 2), (6748, 1)
olexesh (DF: 14): (3437, 2), (3570, 1), (3962, 2), (4004, 4), (5890, 1), (6600, 1), (6748, 2), (681, 2), (7411, 1), (10958, 2), (1176, 1), (12760, 1), (13093, 1), (13102, 2)
olfat (DF: 1): (14063, 1)
olga (DF: 1): (3399, 2)
olguin (DF: 1): (14143, 3)
olh (DF: 1): (14615, 2)
olha (DF: 45): (2242, 1), (2631, 16), (2711, 1), (3215, 1), (3353, 1), (3838, 1), (5859, 1), (5860, 2), (5959, 18), (6844, 7), (6983, 8), (8574, 2), (8938, 10), (8989, 1), (9087, 1), (9120, 2), (9812, 2), (10080, 1), (10679, 4), (11132, 2), (11200, 6), (11979, 2), (12375, 3), (12649, 29), (13078, 1), (13307, 2), (13717, 2), (1415, 1), (14182, 2), (15400, 3), (16117, 2), (16199, 1), (16310, 2), (16533, 1), (16738, 1), (16762, 2), (16792, 2), (16850, 1), (17347, 1), (17649, 6), (17899, 8), (18166, 1), (18227, 1), (18271, 5), (1881, 1)
olham (DF: 1): (2833, 1)
olhando (DF: 2): (5719, 1), (6289, 5)
