apn (DF: 2): (16397, 1), (1834, 1)
apna (DF: 2): (2086, 1), (13682, 1)
apnea (DF: 1): (16411, 1)
apni (DF: 3): (12819, 1), (13990, 2), (16397, 1)
apocalyps (DF: 18): (2225, 1), (2795, 1), (369, 1), (4746, 1), (5483, 1), (5836, 3), (6607, 2), (7153, 1), (7690, 1), (8177, 1), (10301, 4), (10946, 4), (11023, 1), (14237, 2), (14844, 4), (1676, 8), (17331, 3), (18228, 2)
apocalypto (DF: 1): (3357, 2)
apod (DF: 8): (2585, 2), (8902, 12), (10676, 1), (11356, 1), (11620, 1), (14863, 12), (16900, 4), (17343, 1)
apoder (DF: 6): (3419, 1), (5502, 2), (762, 1), (8785, 1), (11324, 2), (14429, 1)
apoderau (DF: 1): (6243, 1)
apodit (DF: 1): (9079, 1)
apoiado (DF: 1): (13892, 1)
apoiando (DF: 1): (3692, 1)
apold (DF: 1): (5354, 1)
apoli (DF: 1): (15518, 1)
apollo (DF: 22): (3179, 1), (6043, 1), (688, 1), (702, 1), (7344, 9), (7505, 1), (882, 1), (10097, 1), (121, 1), (12160, 2), (12298, 1), (12344, 1), (12997, 2), (13289, 2), (13308, 1), (13761, 2), (14732, 1), (14998, 2), (16178, 1), (16341, 1), (16572, 1), (1768, 1)
apollonia (DF: 1): (1122, 1)
apolog (DF: 115): (212, 6), (2202, 1), (2356, 3), (2569, 2), (2677, 1), (2893, 1), (3026, 1), (297, 1), (319, 4), (3300, 1), (3404, 4), (3441, 1), (3528, 2), (3680, 1), (3707, 2), (3741, 1), (381, 2), (3933, 2), (4023, 1), (4066, 2), (4115, 2), (4575, 1), (4866, 1), (5014, 1), (5021, 4), (5036, 4), (5179, 1), (5199, 1), (5308, 1), (5350, 1), (5938, 1), (6037, 1), (597, 1), (6337, 1), (6387, 1), (6715, 1), (6824, 1), (6949, 4), (6958, 2), (6962, 1), (7080, 6), (7143, 1), (7167, 6), (7219, 1), (7386, 1), (7606, 7), (7687, 2), (8119, 1), (8241, 1), (8394, 1), (8450, 2), (8505, 1), (8553, 2), (8806, 2), (9042, 3), (9284, 1), (975, 30), (9527, 1), (9632, 1), (9642, 3), (9691, 1), (9989, 1), (10283, 1), (10404, 1), (10479, 1), (10492, 1), (10502, 1), (10568, 1), (10668, 1), (10785, 1), (10820, 1), (11408, 1), (11728, 1), (11903, 3), (11906, 1), (11992, 1), (12198, 1), (12304, 1), (12527, 1), (12986, 1), (13256, 1), (13355, 1), (13396, 1), (13408, 1), (13467, 4), (1392, 2), (13922, 1), (13953, 1), (14279, 1), (14303, 2), (14415, 1), (14480, 1), (14498, 1), (14559, 2), (14590, 1), (14612, 2), (14885, 1), (15874, 1), (1626, 2), (15953, 1), (16047, 9), (16052, 3), (16057, 1), (16272, 3), (1671, 1), (16477, 1), (16550, 2), (1710, 1), (16917, 1), (17179, 2), (17249, 2), (17733, 1), (17808, 1), (1847, 1), (18448, 1)
apologet (DF: 1): (6019, 1)
apologin (DF: 1): (235, 1)
apologis (DF: 3): (3371, 1), (10371, 1), (11920, 1)
apologizin (DF: 1): (8819, 1)
apon (DF: 1): (15512, 5)
apont (DF: 1): (9040, 4)
aport (DF: 2): (9437, 1), (16962, 1)
apos (DF: 1): (9331, 1)
aposent (DF: 2): (9196, 1), (11938, 1)
aposentadoria (DF: 1): (3364, 2)
apost (DF: 2): (1974, 5), (15011, 2)
aposta7 (DF: 1): (10203, 1)
apostasi (DF: 1): (9354, 1)
apostel (DF: 1): (2637, 1)
apostl (DF: 1): (17737, 1)
apostol (DF: 1): (4289, 1)
apostou (DF: 1): (8858, 2)
apostroph (DF: 6): (5312, 1), (553, 1), (6761, 2), (10507, 1), (12946, 1), (15808, 1)
aposté (DF: 1): (13305, 1)
apotac (DF: 1): (178, 1)
apoy (DF: 12): (4210, 1), (4651, 2), (6810, 1), (9179, 1), (9819, 2), (11558, 1), (13197, 1), (13930, 1), (14260, 1), (1461, 1), (1519, 2), (16377, 1)
app (DF: 18): (2531, 3), (3232, 3), (3590, 1), (6179, 2), (6631, 1), (6751, 1), (7047, 1), (8960, 1), (10513, 1), (11073, 1), (11424, 1), (11493, 1), (12060, 3), (12930, 1), (12944, 1), (1375, 24), (14496, 1), (17534, 1)
appa (DF: 2): (4421, 1), (15773, 2)
appal (DF: 5): (3769, 1), (8326, 1), (1021, 2), (17331, 3), (17496, 1)
appallin (DF: 1): (2646, 2)
appan (DF: 3): (5830, 3), (12368, 3), (15773, 2)
appar (DF: 14): (2286, 1), (3335, 5), (3769, 1), (4866, 1), (4995, 3), (6791, 1), (7133, 1), (10417, 1), (11878, 1), (1671, 1), (16791, 3), (17052, 3), (17648, 1), (17809, 1)
apparatus (DF: 2): (7044, 1), (16144, 1)
apparaît (DF: 1): (6886, 1)
appareil (DF: 1): (3909, 8)
apparel (DF: 8): (2953, 4), (3270, 4), (6265, 1), (6585, 1), (10626, 2), (11269, 1), (17964, 1), (18089, 1)
apparit (DF: 1): (16197, 1)
appart (DF: 2): (540, 1), (15359, 1)
appartien (DF: 1): (17140, 1)
appartient (DF: 1): (11341, 1)
appartment (DF: 1): (9457, 1)
appass (DF: 1): (4873, 2)
appeal (DF: 5): (2507, 2), (3019, 18), (3424, 1), (3672, 1), (3904, 1)
