rav (DF: 2): (7495, 1), (17702, 3)
ravag (DF: 2): (7605, 2), (14848, 1)
rave (DF: 24): (2784, 1), (2833, 4), (278, 2), (3745, 1), (4353, 2), (5751, 1), (689, 6), (7745, 2), (8343, 1), (9416, 4), (1021, 1), (10041, 1), (10195, 1), (10977, 1), (11128, 1), (11258, 1), (11829, 2), (12606, 1), (12987, 1), (1345, 6), (14538, 22), (15101, 1), (17263, 45), (17772, 28)
raven (DF: 5): (16, 1), (8020, 1), (8872, 1), (14382, 1), (15591, 1)
raveolog (DF: 1): (11829, 2)
raver (DF: 3): (2266, 11), (3563, 1), (18286, 2)
ravet (DF: 1): (16745, 1)
ravin (DF: 4): (1941, 1), (7182, 1), (10141, 1), (11804, 1)
raviol (DF: 1): (5801, 1)
ravioli (DF: 2): (4641, 1), (15328, 2)
ravish (DF: 3): (3582, 1), (4578, 2), (510, 1)
ravyn (DF: 3): (4135, 1), (8028, 1), (9064, 1)
raw (DF: 176): (1941, 1), (1995, 1), (2069, 1), (2177, 1), (2254, 1), (222, 1), (2333, 1), (245, 1), (2646, 1), (2649, 2), (2666, 1), (2669, 1), (2760, 5), (2771, 1), (2855, 2), (3019, 1), (27, 2), (3282, 10), (3598, 1), (3731, 1), (3999, 3), (4069, 1), (4170, 1), (4681, 1), (4690, 1), (4703, 11), (4815, 1), (4818, 2), (4827, 1), (4903, 1), (4916, 1), (4933, 1), (4950, 12), (5075, 1), (5137, 1), (5199, 1), (5249, 1), (5274, 1), (5358, 1), (5434, 1), (5456, 1), (5564, 22), (5583, 1), (5587, 4), (5722, 1), (5753, 5), (574, 1), (5817, 2), (5974, 1), (6203, 1), (6258, 1), (6265, 1), (6287, 1), (6442, 1), (6474, 1), (6527, 1), (6560, 1), (6629, 1), (6644, 2), (6826, 7), (6847, 2), (6923, 2), (6959, 3), (6972, 1), (698, 2), (7150, 1), (7182, 1), (7218, 1), (7291, 1), (7298, 2), (7304, 1), (731, 1), (7360, 1), (7387, 1), (740, 1), (7480, 21), (7538, 3), (7553, 2), (7559, 1), (7580, 3), (7596, 23), (7690, 1), (7810, 18), (7924, 1), (7973, 1), (7977, 1), (7991, 1), (8026, 1), (8177, 1), (8325, 1), (8470, 1), (8532, 1), (862, 1), (8755, 1), (8931, 1), (9231, 2), (9256, 1), (9324, 1), (9633, 1), (9640, 1), (1001, 3), (9993, 1), (10073, 1), (10191, 1), (10370, 1), (10373, 3), (1058, 1), (10421, 1), (10458, 1), (10480, 1), (10545, 1), (10696, 1), (10834, 1), (11026, 1), (11406, 2), (11634, 3), (1196, 1), (11804, 1), (11849, 1), (11925, 4), (11970, 1), (1226, 1), (12125, 1), (1243, 2), (12335, 3), (12398, 1), (12423, 3), (12561, 4), (12685, 21), (12944, 1), (13170, 1), (13186, 3), (1343, 1), (13338, 1), (13655, 1), (13664, 1), (13778, 1), (13802, 1), (13846, 1), (13925, 4), (13961, 1), (1429, 1), (14223, 1), (14353, 1), (14410, 1), (14646, 2), (1498, 3), (14768, 2), (1529, 12), (15042, 2), (15101, 1), (15250, 1), (15334, 1), (15518, 1), (15610, 5), (15804, 1), (15871, 1), (16044, 1), (16070, 3), (16238, 4), (16279, 3), (16300, 2), (16351, 2), (16936, 1), (17329, 1), (17351, 12), (17457, 16), (17992, 21), (1829, 2), (1833, 1), (18152, 1), (1841, 1), (18378, 1), (18382, 1), (16364, 1), (16365, 1)
rawayan (DF: 2): (7457, 1), (11407, 1)
rawayanaland (DF: 1): (7457, 1)
rawdi (DF: 1): (3084, 3)
rawhid (DF: 2): (16, 3), (15591, 3)
rawkus (DF: 3): (3941, 1), (9010, 1), (11145, 1)
rawl (DF: 6): (2399, 1), (2646, 1), (4468, 1), (10172, 1), (1146, 1), (1565, 1)
rawn (DF: 2): (5860, 1), (16183, 1)
rawr (DF: 1): (15371, 2)
rawsrvnt (DF: 1): (1869, 1)
raww (DF: 5): (3248, 2), (10693, 1), (11313, 1), (11870, 2), (16126, 1)
rawwest (DF: 1): (9628, 1)
ray (DF: 115): (1932, 2), (1974, 1), (2150, 1), (2174, 1), (2316, 1), (2462, 1), (2537, 1), (2561, 1), (2604, 1), (2669, 1), (2741, 1), (2804, 1), (2967, 1), (299, 1), (3293, 1), (3429, 2), (3565, 1), (3636, 2), (3691, 1), (364, 6), (3914, 3), (3921, 1), (3947, 1), (4210, 1), (4224, 1), (4250, 6), (420, 3), (4352, 1), (4697, 2), (4854, 1), (5031, 2), (5040, 1), (5110, 1), (5237, 1), (5460, 6), (5573, 1), (571, 1), (5986, 1), (6051, 1), (6141, 1), (6235, 2), (6248, 1), (6917, 1), (7085, 2), (7194, 1), (720, 2), (7448, 1), (7501, 3), (7538, 1), (7580, 4), (7697, 1), (7745, 1), (7866, 1), (824, 3), (8255, 1), (8457, 2), (858, 1), (9023, 1), (9122, 1), (9141, 1), (9196, 1), (9356, 1), (964, 1), (9470, 1), (9473, 1), (9524, 1), (9624, 2), (9682, 1), (9710, 2), (9818, 1), (9830, 1), (9871, 2), (1018, 1), (10229, 5), (10259, 2), (10285, 1), (10373, 1), (10444, 2), (10521, 1), (10536, 2), (10767, 1), (1099, 5), (116, 2), (11014, 1), (11026, 1), (11109, 2), (11112, 2), (11174, 2), (11450, 1), (11471, 2), (11574, 2), (11616, 1), (11659, 1), (11690, 2), (11752, 2), (11902, 1), (12237, 1), (12354, 1), (12355, 1), (12385, 1), (12406, 1), (12442, 1), (12484, 1), (12895, 2), (12904, 1), (1336, 1), (13258, 1), (13261, 1), (13370, 1), (13403, 2), (13440, 1), (13517, 1), (13670, 1), (13678, 1), (13756, 1)
