guilti (DF: 23): (133, 3), (13318, 1), (13803, 1), (13859, 3), (14007, 4), (14101, 16), (14705, 2), (1536, 1), (15101, 1), (15116, 3), (15187, 4), (15309, 3), (15568, 1), (1622, 1), (15990, 1), (1673, 2), (16494, 1), (1722, 1), (17057, 2), (17138, 1), (17181, 2), (17292, 10), (17934, 1)
guiltless (DF: 1): (11627, 1)
guiltr (DF: 1): (4434, 1)
guin (DF: 6): (4864, 1), (7302, 1), (10567, 1), (11007, 1), (11241, 1), (17750, 1)
guinch (DF: 1): (4954, 1)
guind (DF: 1): (5276, 1)
guinea (DF: 5): (11387, 1), (11434, 2), (17205, 1), (17378, 1), (18173, 1)
guinean (DF: 1): (18173, 1)
guiness (DF: 1): (6450, 1)
guinness (DF: 5): (44, 1), (5341, 1), (6553, 2), (13164, 1), (18298, 1)
guinzagl (DF: 1): (3491, 4)
guionel (DF: 1): (14627, 1)
guirnald (DF: 1): (417, 1)
guis (DF: 3): (342, 1), (9387, 5), (12789, 1)
guit (DF: 1): (5962, 1)
guitar (DF: 191): (2005, 2), (2167, 1), (2220, 1), (2255, 1), (2344, 2), (25, 12), (2481, 9), (2524, 3), (2568, 1), (2618, 1), (2641, 2), (2679, 1), (261, 1), (2747, 1), (2871, 1), (2895, 1), (2897, 1), (2899, 1), (3053, 1), (306, 1), (3251, 1), (3277, 1), (3647, 1), (363, 1), (3770, 3), (3842, 1), (379, 1), (4218, 3), (4342, 1), (4466, 3), (4535, 2), (4662, 1), (4874, 1), (5142, 1), (5259, 1), (5285, 1), (5346, 1), (5474, 1), (5571, 1), (5578, 2), (5673, 1), (601, 1), (6097, 1), (6105, 1), (6221, 1), (6302, 1), (6406, 1), (6431, 1), (57, 2), (674, 1), (6950, 1), (7001, 1), (7044, 1), (7143, 1), (7231, 1), (7403, 6), (7647, 2), (777, 1), (7813, 3), (7877, 2), (7986, 1), (8078, 1), (74, 2), (819, 1), (8133, 1), (8330, 2), (8359, 4), (8360, 2), (8512, 2), (8582, 1), (8625, 3), (8682, 3), (8739, 3), (9177, 1), (9234, 4), (9395, 1), (9447, 1), (978, 2), (9715, 2), (9787, 2), (9829, 1), (9831, 2), (1017, 1), (10035, 1), (10063, 1), (10173, 1), (102, 1), (10299, 1), (10324, 2), (10502, 1), (10554, 3), (10594, 1), (10733, 1), (10792, 1), (10930, 1), (10934, 1), (10986, 1), (11062, 6), (11124, 1), (11181, 1), (11204, 1), (11322, 1), (11334, 1), (11351, 1), (11440, 1), (11534, 3), (11563, 2), (1194, 2), (11686, 1), (11714, 3), (11755, 1), (11788, 1), (11861, 1), (11954, 2), (1219, 1), (12047, 2), (12232, 2), (12293, 1), (12336, 1), (12377, 1), (12536, 2), (12562, 1), (12564, 1), (12606, 1), (13064, 1), (13086, 2), (13092, 1), (13113, 1), (13154, 2), (13254, 1), (13331, 1), (13351, 1), (13448, 2), (1371, 2), (13866, 1), (13874, 1), (14023, 2), (1431, 1), (14100, 6), (14115, 2), (1455, 1), (14269, 1), (14297, 1), (14576, 1), (14634, 3), (14696, 1), (14710, 6), (1539, 3), (15155, 1), (15212, 3), (1569, 2), (1576, 1), (15454, 1), (15486, 1), (1585, 1), (15584, 1), (15740, 2), (15758, 1), (15994, 1), (16002, 1), (16031, 1), (16141, 1), (16240, 1), (16262, 2), (16372, 11), (16382, 6), (16434, 1), (16599, 1), (1697, 4), (16713, 1), (1707, 3), (16909, 2), (16946, 2), (17070, 1), (17291, 1), (17370, 1), (17450, 1), (17554, 1), (17562, 6), (17711, 1), (17801, 1), (17833, 3), (17845, 1), (1811, 2), (17922, 1), (18190, 1), (18268, 3), (185, 2), (1872, 1), (1720, 2), (1721, 1)
guitarr (DF: 13): (1978, 1), (3981, 1), (417, 1), (858, 1), (87, 1), (11605, 1), (11610, 1), (13362, 2), (13370, 1), (14299, 1), (16004, 1), (1677, 1), (16740, 2)
guitarra (DF: 2): (6289, 5), (14182, 1)
guitarras (DF: 1): (14799, 1)
guitarrit (DF: 1): (13370, 1)
guiton (DF: 1): (4912, 1)
guiñ (DF: 2): (2429, 1), (9652, 3)
guiñadit (DF: 2): (9383, 1), (16787, 1)
gujarati (DF: 1): (9356, 1)
guji (DF: 1): (2817, 1)
gul (DF: 5): (692, 2), (858, 1), (10780, 1), (12034, 1), (15844, 1)
gulaam (DF: 1): (9688, 1)
gulay (DF: 1): (9901, 1)
guld (DF: 2): (3527, 6), (14092, 1)
guldplad (DF: 1): (7397, 3)
gulf (DF: 2): (8209, 1), (14163, 2)
gulfway (DF: 3): (2278, 1), (2887, 1), (3963, 1)
gull (DF: 2): (6960, 1), (18173, 1)
gullah (DF: 1): (10008, 62)
gulleo (DF: 1): (15773, 2)
gullet (DF: 2): (8263, 1), (18200, 1)
gulli (DF: 18): (2086, 5), (2328, 1), (2442, 1), (380, 1), (4318, 1), (4827, 1), (586, 1), (6095, 1), (7133, 2), (7758, 1), (8234, 1), (10567, 1), (10833, 65), (11775, 1), (13682, 1), (15442, 1), (16397, 8), (17021, 1)
gullibl (DF: 5): (2891, 1), (8330, 1), (8375, 1), (9322, 1), (15545, 1)
gullineun (DF: 1): (8505, 1)
gully (DF: 2): (5775, 1), (7278, 1)
gullyeo (DF: 1): (12323, 1)
gulo (DF: 1): (9703, 1)
gulong (DF: 1): (15763, 2)
gulp (DF: 4): (7006, 2), (9026, 1), (13398, 1), (15580, 1)
gulpihang (DF: 1): (10227, 1)
gulvet (DF: 1): (11953, 3)
gum (DF: 1): (357, 1)
