asterisc (DF: 2): (10866, 1), (14172, 2)
asterisk (DF: 1): (14814, 1)
asterix (DF: 1): (18442, 1)
asteroid (DF: 2): (9018, 1), (15937, 1)
asthet (DF: 1): (5149, 1)
asthma (DF: 14): (2231, 2), (2676, 1), (3156, 1), (4575, 1), (5570, 2), (7266, 1), (8360, 2), (10511, 3), (12554, 1), (13755, 1), (1547, 1), (15328, 1), (17630, 1), (18267, 1)
asthmat (DF: 3): (10044, 2), (15016, 1), (16971, 1)
asti (DF: 4): (6214, 1), (9965, 1), (11298, 1), (16464, 1)
astig (DF: 2): (4563, 1), (14250, 2)
astley (DF: 1): (17398, 1)
aston (DF: 22): (2760, 1), (3282, 2), (3603, 1), (4069, 1), (5463, 1), (5753, 1), (6032, 1), (6146, 1), (6627, 1), (7479, 1), (7983, 1), (8172, 1), (8666, 3), (938, 1), (10653, 6), (12363, 1), (13125, 1), (13170, 1), (13755, 1), (15960, 1), (16734, 1), (17630, 1)
astonish (DF: 2): (510, 1), (6613, 1)
astoria (DF: 2): (7598, 1), (13520, 2)
astound (DF: 8): (1922, 1), (1995, 1), (7247, 2), (13649, 1), (14264, 1), (1569, 1), (16020, 1), (17769, 1)
astr (DF: 2): (6501, 1), (16992, 1)
astra (DF: 2): (13841, 1), (15833, 1)
astral (DF: 11): (5606, 1), (6234, 2), (6397, 1), (7349, 1), (7836, 2), (10088, 1), (11144, 1), (13725, 1), (15829, 1), (16279, 1), (16690, 2)
astray (DF: 37): (1910, 1), (2811, 2), (2954, 6), (3192, 3), (3477, 1), (4538, 3), (4741, 2), (5673, 3), (5680, 1), (5720, 1), (621, 1), (6337, 1), (7809, 1), (8024, 1), (8075, 1), (8425, 1), (8947, 2), (9272, 2), (10438, 1), (10552, 1), (1125, 1), (11004, 2), (12628, 1), (12805, 1), (12981, 3), (13087, 1), (13341, 2), (15670, 1), (1613, 1), (15774, 1), (16009, 1), (16136, 4), (16357, 3), (16610, 1), (17292, 1), (18028, 1), (18401, 1)
astrein (DF: 1): (9236, 1)
astrid (DF: 11): (2504, 1), (3425, 1), (3738, 1), (576, 1), (6518, 1), (722, 1), (833, 1), (11201, 1), (13838, 1), (14145, 2), (18285, 1)
astro (DF: 11): (1919, 2), (2737, 1), (6234, 1), (6289, 1), (6903, 12), (7644, 1), (1045, 1), (10780, 1), (13732, 2), (15847, 1), (18311, 1)
astrolog (DF: 2): (6915, 1), (15829, 2)
astronaut (DF: 9): (4044, 1), (6182, 1), (1045, 6), (10635, 1), (1414, 1), (17401, 1), (1845, 1), (18317, 2), (18321, 2)
astronav (DF: 1): (18442, 1)
astronom (DF: 3): (10387, 1), (15620, 1), (18311, 1)
astronomi (DF: 1): (13619, 1)
astros (DF: 2): (11938, 1), (15764, 1)
astroworld (DF: 4): (6903, 1), (15578, 1), (17768, 1), (18311, 1)
astuci (DF: 3): (5852, 1), (6450, 1), (813, 1)
astut (DF: 3): (2585, 2), (6917, 2), (17343, 1)
asud (DF: 2): (10410, 2), (12449, 1)
asuk (DF: 1): (9901, 1)
asum (DF: 3): (7773, 6), (9919, 1), (12672, 1)
asumal (DF: 1): (9919, 1)
asund (DF: 2): (8647, 1), (9541, 1)
asunt (DF: 8): (371, 1), (4189, 3), (4729, 1), (9470, 1), (11393, 2), (11635, 1), (14412, 2), (15143, 1)
asunto (DF: 1): (11685, 1)
asusen (DF: 2): (10233, 1), (17735, 1)
asust (DF: 26): (4210, 1), (4285, 2), (4633, 2), (5990, 1), (6466, 1), (6541, 1), (6650, 4), (8218, 1), (8518, 1), (9040, 2), (9762, 1), (10285, 1), (10682, 1), (12833, 1), (13145, 1), (13370, 1), (14063, 1), (15169, 2), (15369, 1), (15678, 1), (1631, 2), (16998, 1), (180, 1), (18050, 4), (18264, 1), (18398, 10)
asusta (DF: 3): (5990, 1), (9474, 2), (15589, 1)
asylant (DF: 2): (4004, 1), (397, 1)
asylanten (DF: 1): (11179, 1)
asylatenheim (DF: 1): (10958, 1)
asylbewerb (DF: 1): (484, 2)
asyltricks (DF: 1): (1244, 1)
asylum (DF: 10): (3479, 1), (5483, 1), (6608, 1), (7591, 2), (8481, 1), (8947, 1), (9269, 1), (14363, 1), (14718, 1), (16752, 1)
asymmetr (DF: 1): (2170, 1)
async (DF: 1): (12059, 1)
asz (DF: 2): (13591, 2), (18094, 1)
asznikow (DF: 1): (16442, 1)
asì (DF: 1): (1447, 10)
así (DF: 19): (2205, 2), (3146, 1), (3513, 1), (4188, 2), (5859, 1), (7622, 8), (8444, 2), (8560, 1), (8765, 8), (8853, 8), (9376, 6), (9450, 8), (9851, 2), (13305, 4), (1454, 8), (15589, 4), (15954, 4), (17520, 8), (17968, 1)
at (DF: 20): (3284, 2), (3623, 1), (3631, 2), (4440, 1), (5525, 4), (5588, 1), (5663, 1), (5796, 2), (5955, 1), (6399, 1), (6872, 1), (724, 1), (7948, 1), (9882, 1), (10380, 1), (1284, 1), (13830, 5), (13967, 1), (16525, 2), (17668, 1)
ata (DF: 4): (4686, 1), (8043, 10), (12350, 1), (16289, 1)
atac (DF: 14): (3875, 1), (6243, 1), (6399, 4), (648, 1), (7068, 1), (7879, 1), (9318, 2), (10047, 2), (10952, 1), (11243, 1), (12276, 1), (14082, 1), (14087, 1), (14215, 1)
ataca (DF: 1): (7583, 2)
atacabrò (DF: 1): (7583, 1)
atacada (DF: 1): (7583, 1)
atack (DF: 1): (7583, 4)
