troux (DF: 7): (9812, 1), (11808, 1), (12348, 1), (13307, 2), (15605, 1), (15617, 1), (16035, 1)
trouxa (DF: 4): (60, 5), (9494, 1), (12348, 1), (16035, 1)
trov (DF: 23): (3210, 2), (3295, 1), (3316, 1), (4587, 1), (4873, 2), (5392, 1), (5825, 1), (6395, 1), (9, 2), (8264, 1), (8671, 1), (9222, 1), (9596, 1), (9671, 1), (10546, 1), (11490, 1), (12277, 1), (14961, 1), (17369, 1), (17487, 1), (18023, 1), (18325, 1), (18442, 6)
trovac (DF: 1): (10238, 2)
trovador (DF: 1): (14299, 1)
trove (DF: 4): (253, 1), (4530, 1), (4596, 2), (6375, 1)
trovão (DF: 1): (5007, 1)
trow (DF: 2): (2856, 1), (8154, 1)
troy (DF: 44): (2278, 1), (2377, 1), (2592, 2), (2887, 1), (2947, 1), (3014, 1), (3809, 1), (3963, 1), (4091, 4), (4434, 1), (4442, 1), (4552, 1), (4641, 1), (5598, 2), (6128, 1), (6304, 2), (6319, 1), (6616, 1), (6734, 1), (6771, 2), (7319, 1), (759, 1), (8032, 2), (909, 1), (9387, 1), (9633, 4), (10846, 1), (10929, 2), (11902, 1), (12228, 1), (1253, 4), (12553, 1), (12654, 1), (13139, 1), (14078, 4), (1494, 1), (15339, 2), (15397, 1), (15524, 2), (17241, 1), (17601, 1), (18000, 1), (1829, 1), (18450, 1)
troz (DF: 2): (2967, 1), (6248, 1)
trr (DF: 6): (5392, 2), (6457, 1), (15157, 3), (15198, 2), (15913, 30), (16579, 1)
trra (DF: 7): (4387, 4), (4799, 6), (6438, 1), (9845, 5), (14579, 1), (15598, 4), (17368, 2)
trrah (DF: 1): (4992, 1)
trrr (DF: 1): (8418, 3)
trrra (DF: 1): (10860, 3)
trsch (DF: 1): (12433, 1)
tru (DF: 27): (2147, 1), (2309, 1), (3249, 1), (3538, 1), (3594, 1), (4916, 1), (5340, 2), (5345, 1), (5535, 1), (7297, 4), (7485, 2), (7943, 1), (8238, 4), (8592, 3), (9070, 1), (9073, 3), (9845, 1), (1216, 3), (11942, 1), (12927, 1), (13308, 1), (15041, 2), (15607, 18), (15703, 2), (15713, 3), (16140, 3), (17257, 2)
truanci (DF: 3): (3291, 1), (3484, 1), (3510, 4)
truant (DF: 1): (9567, 1)
truc (DF: 26): (2033, 1), (2967, 1), (3403, 6), (371, 1), (4614, 1), (5110, 1), (5352, 1), (5881, 2), (598, 1), (6339, 1), (6808, 1), (7454, 1), (7455, 1), (7604, 2), (8131, 4), (8188, 1), (858, 1), (9387, 2), (10148, 8), (11371, 2), (12970, 1), (13267, 1), (14488, 1), (15237, 1), (15637, 1), (16968, 4)
trucc (DF: 3): (3954, 1), (9203, 1), (18023, 1)
truce (DF: 10): (3991, 1), (441, 1), (6472, 1), (6906, 1), (7474, 1), (760, 1), (7919, 1), (8259, 1), (9668, 1), (15175, 1)
truch (DF: 3): (5990, 1), (16079, 1), (16998, 2)
trucha (DF: 4): (988, 1), (13937, 1), (14840, 2), (16619, 1)
truck (DF: 154): (1922, 1), (1984, 1), (2102, 1), (2120, 2), (2143, 1), (2158, 1), (2216, 3), (2263, 1), (2274, 1), (2305, 1), (2399, 1), (2494, 1), (2511, 2), (2523, 1), (2541, 2), (2733, 1), (3152, 5), (3164, 1), (3232, 6), (3624, 1), (3726, 1), (3813, 1), (3821, 1), (3999, 1), (4019, 1), (4222, 1), (4226, 1), (4535, 15), (4585, 1), (4668, 2), (4789, 1), (5030, 3), (5076, 2), (494, 1), (5124, 2), (5667, 2), (5782, 4), (5851, 1), (5885, 3), (6024, 1), (6064, 2), (6220, 1), (6261, 3), (6322, 2), (6342, 1), (6363, 3), (6374, 2), (6464, 1), (6472, 1), (6573, 1), (6627, 1), (6629, 1), (660, 2), (7076, 2), (7138, 1), (7214, 1), (7237, 1), (7279, 1), (7297, 1), (7323, 1), (7465, 1), (7550, 1), (7622, 1), (7690, 1), (7806, 2), (7922, 1), (802, 1), (7973, 1), (7991, 2), (8167, 6), (8172, 1), (8209, 1), (8238, 1), (8347, 1), (8407, 1), (8547, 1), (8568, 2), (8745, 4), (8762, 1), (8830, 1), (8838, 2), (8853, 1), (8859, 2), (8931, 1), (9115, 2), (9290, 1), (9325, 1), (952, 1), (9509, 1), (9538, 1), (978, 2), (9597, 2), (9640, 1), (9668, 1), (9730, 3), (9816, 1), (9861, 2), (9873, 1), (9933, 8), (10116, 1), (1038, 1), (10525, 2), (10758, 1), (10838, 4), (10919, 1), (10986, 1), (11110, 1), (11175, 2), (11236, 2), (11294, 1), (11374, 1), (11440, 1), (11489, 1), (11541, 1), (11692, 1), (11770, 7), (12015, 1), (12025, 8), (1223, 1), (12104, 1), (12157, 1), (12237, 1), (12304, 1), (12336, 1), (12417, 1), (12454, 2), (12484, 1), (12540, 1), (12588, 1), (12627, 1), (12659, 1), (12876, 1), (13082, 1), (13122, 18), (13124, 3), (13223, 2), (13275, 2), (13480, 1), (13488, 2), (13521, 1), (13557, 1), (13573, 4), (13635, 3), (13914, 1), (14032, 21), (14093, 1), (14129, 1), (1454, 1), (1471, 1), (14388, 1), (14457, 1), (14709, 1), (14766, 1), (14796, 1)
