rack (DF: 183): (2254, 1), (2255, 1), (2303, 1), (2522, 2), (2544, 1), (2619, 1), (2650, 4), (2660, 2), (2797, 1), (2840, 1), (2923, 1), (3205, 4), (3248, 2), (3356, 1), (3507, 9), (3510, 6), (350, 6), (3930, 2), (4122, 2), (4150, 1), (4211, 1), (4410, 1), (4627, 1), (4700, 4), (4723, 2), (4818, 85), (4854, 1), (4905, 2), (4920, 1), (5008, 1), (5066, 1), (5251, 1), (5294, 1), (5312, 1), (5314, 1), (5496, 3), (5583, 1), (5797, 12), (5810, 6), (6273, 1), (6761, 2), (675, 4), (6895, 1), (7004, 1), (7006, 1), (7106, 1), (7190, 1), (7192, 1), (7213, 6), (7235, 2), (7319, 1), (7441, 1), (7465, 1), (7554, 3), (7758, 4), (7768, 2), (7869, 2), (7900, 2), (7945, 3), (7973, 1), (7992, 1), (8165, 1), (8167, 9), (8234, 2), (8481, 2), (8553, 2), (8577, 8), (8725, 36), (924, 1), (9166, 2), (9288, 1), (9290, 1), (952, 1), (9490, 14), (9493, 1), (9576, 2), (9590, 10), (9593, 8), (9933, 16), (9944, 8), (10013, 1), (10016, 1), (10083, 2), (10116, 1), (10147, 21), (10151, 1), (10599, 1), (10643, 4), (10690, 2), (10764, 3), (10825, 1), (10956, 2), (10993, 48), (11088, 1), (11109, 6), (11294, 1), (11322, 1), (1157, 3), (11536, 1), (11778, 4), (11784, 3), (11868, 2), (11898, 2), (11937, 2), (12029, 8), (12061, 5), (12185, 1), (12190, 1), (12209, 3), (12286, 4), (12406, 1), (12483, 1), (12540, 1), (12634, 1), (12690, 16), (12726, 4), (12777, 1), (12797, 3), (12946, 1), (13009, 1), (13235, 1), (13381, 1), (13448, 2), (13662, 1), (1391, 6), (13876, 6), (1414, 1), (13937, 1), (14008, 1), (14017, 5), (14032, 7), (14049, 2), (14212, 1), (14229, 1), (14438, 4), (14443, 1), (14533, 1), (14570, 1), (14589, 1), (14835, 4), (14942, 1), (15175, 2), (15320, 34), (15328, 2), (15376, 6), (15389, 7), (1574, 2), (15631, 1), (15675, 1), (15726, 2), (1625, 1), (15952, 2), (16100, 2), (16216, 2), (16300, 86), (16414, 12), (16536, 1), (16553, 5), (16909, 2), (17083, 1), (17105, 2), (17137, 1), (17141, 1), (17219, 2), (17296, 2), (17304, 1), (17331, 3), (17359, 3), (17445, 1), (17611, 2), (17768, 2), (17812, 3), (17902, 2), (17910, 12), (18027, 5), (18062, 1), (18086, 1), (18106, 12), (18110, 1), (18158, 4), (18188, 10), (18253, 1), (12060, 1)
rackad (DF: 2): (9152, 3), (1391, 6)
rackaid (DF: 3): (3205, 8), (10643, 8), (11489, 2)
racket (DF: 13): (2031, 1), (587, 1), (749, 1), (7591, 2), (8551, 1), (9873, 1), (10197, 1), (10586, 1), (11117, 1), (13087, 1), (13729, 2), (18018, 1), (18207, 1)
racki (DF: 1): (10993, 4)
rackin (DF: 4): (2733, 1), (343, 1), (4911, 1), (1140, 3)
racks (DF: 1): (16022, 2)
racksyeah (DF: 1): (18158, 1)
racl (DF: 1): (7607, 1)
racol (DF: 1): (34, 1)
racont (DF: 3): (7607, 2), (9757, 1), (11341, 4)
racutacutantacunpa (DF: 1): (11361, 1)
racz (DF: 1): (16860, 1)
raczej (DF: 8): (3744, 4), (6678, 1), (7356, 1), (10138, 1), (10362, 1), (1197, 1), (17410, 1), (18065, 1)
raczi (DF: 1): (1655, 1)
rad (DF: 12): (5040, 1), (5785, 1), (6600, 1), (6754, 1), (7521, 1), (8264, 1), (9738, 2), (10362, 1), (13520, 1), (14514, 1), (14752, 1), (16749, 9)
rada (DF: 2): (13841, 1), (15833, 1)
radar (DF: 22): (2423, 1), (2816, 1), (2837, 1), (3138, 1), (4100, 1), (4341, 1), (4421, 1), (5829, 10), (6783, 1), (6819, 1), (9068, 1), (11197, 1), (11753, 10), (11857, 20), (1246, 1), (13651, 10), (1528, 4), (16322, 20), (16724, 1), (17294, 1), (17347, 1), (17396, 1)
rade (DF: 1): (3800, 2)
raden (DF: 1): (15412, 1)
radi (DF: 29): (2785, 1), (3308, 1), (3572, 2), (4219, 12), (4916, 2), (5035, 3), (7003, 1), (7426, 1), (9079, 1), (9516, 1), (10180, 1), (10407, 1), (1141, 3), (11643, 5), (11752, 4), (12623, 24), (12727, 1), (12841, 1), (13233, 1), (14073, 1), (15031, 1), (15147, 3), (16004, 1), (16079, 1), (17309, 1), (17678, 1), (17705, 1), (17944, 24), (18151, 2)
radiacion (DF: 1): (12302, 1)
radiact (DF: 1): (12302, 1)
radiador (DF: 1): (10728, 1)
radial (DF: 1): (4953, 1)
radianc (DF: 1): (14526, 2)
radiant (DF: 1): (3320, 1)
