mayhem (DF: 2): (14668, 1), (14768, 2)
mayimb (DF: 1): (5883, 1)
mayn (DF: 42): (2045, 1), (2198, 1), (221, 2), (2440, 1), (2855, 7), (3487, 1), (3612, 2), (3773, 2), (3900, 3), (4226, 2), (4503, 1), (4931, 1), (6573, 2), (6771, 3), (7121, 1), (7249, 1), (7650, 2), (7960, 1), (8235, 2), (9379, 1), (993, 1), (9751, 1), (9993, 2), (10505, 2), (11015, 2), (11265, 1), (118, 4), (11482, 1), (11807, 1), (11867, 1), (1226, 1), (12266, 2), (13398, 2), (13449, 1), (13629, 1), (14337, 12), (1490, 2), (14820, 2), (15530, 4), (16317, 1), (17626, 7), (1805, 1)
maynard (DF: 4): (4316, 2), (4725, 2), (550, 2), (6709, 1)
mayo (DF: 8): (4614, 1), (4645, 1), (5941, 1), (6527, 1), (10672, 1), (12911, 1), (13308, 1), (15294, 1)
mayonnais (DF: 4): (11327, 1), (12034, 2), (1243, 1), (17577, 1)
mayor (DF: 60): (2316, 2), (2733, 1), (2814, 1), (3117, 1), (3238, 1), (3580, 2), (4190, 1), (4420, 1), (4641, 1), (4651, 1), (476, 9), (5316, 1), (5358, 1), (5588, 1), (5601, 1), (5778, 3), (5962, 1), (6040, 1), (6137, 1), (6422, 1), (6817, 1), (6909, 1), (6932, 2), (699, 1), (7258, 1), (7943, 1), (7989, 1), (8036, 1), (8329, 1), (8352, 1), (8817, 1), (8903, 1), (9697, 3), (9719, 10), (9867, 1), (10180, 1), (11368, 1), (11437, 1), (11944, 2), (11968, 1), (12505, 1), (131, 3), (12984, 1), (13209, 1), (13305, 1), (13338, 1), (13442, 1), (13836, 1), (14888, 1), (14940, 3), (14942, 1), (15234, 1), (15351, 1), (15633, 1), (16242, 1), (16657, 1), (17643, 2), (17658, 8), (18000, 1), (18043, 2)
mayorcit (DF: 1): (9070, 2)
mayori (DF: 1): (9437, 1)
mayron (DF: 2): (8001, 1), (11761, 1)
mayt (DF: 1): (16648, 5)
maytag (DF: 3): (9996, 1), (10470, 1), (12484, 1)
mayuscul (DF: 1): (8526, 3)
mayweath (DF: 13): (2004, 1), (4100, 1), (4550, 3), (5559, 1), (5647, 1), (702, 1), (9185, 7), (10148, 1), (12167, 3), (12553, 1), (15732, 1), (15937, 1), (18450, 1)
maza (DF: 2): (4686, 1), (18053, 1)
mazd (DF: 2): (4916, 1), (5224, 2)
mazda (DF: 1): (148, 1)
maze (DF: 48): (2274, 1), (2375, 2), (2865, 2), (3200, 1), (3435, 1), (3565, 1), (4250, 1), (4696, 1), (4942, 12), (6082, 1), (7134, 1), (7186, 1), (7237, 1), (7245, 1), (7436, 1), (72, 1), (8101, 1), (8294, 1), (8330, 1), (8559, 1), (899, 1), (9146, 2), (9680, 4), (9948, 1), (10357, 1), (10442, 1), (11310, 1), (11656, 1), (11760, 1), (11767, 1), (12218, 1), (12419, 1), (1273, 1), (12614, 1), (12847, 1), (13942, 1), (14798, 1), (14945, 2), (15015, 1), (15383, 1), (15488, 1), (15666, 1), (15772, 1), (16486, 1), (16554, 1), (17203, 2), (17826, 1), (18053, 1)
mazel (DF: 4): (11494, 2), (1349, 2), (16547, 2), (17750, 1)
mazela (DF: 1): (2839, 1)
mazer (DF: 1): (11389, 1)
mazi (DF: 1): (6071, 1)
mazis (DF: 1): (16759, 1)
mazopaski (DF: 1): (12989, 1)
mazorc (DF: 1): (9682, 1)
mazorque (DF: 1): (1803, 1)
mazowieckiej (DF: 1): (10020, 1)
mazucamb (DF: 1): (17418, 24)
mazur (DF: 1): (6109, 1)
mazz (DF: 1): (11743, 2)
maço (DF: 1): (11808, 1)
maçon (DF: 1): (3909, 2)
maçonner (DF: 1): (4308, 1)
maçoswag (DF: 1): (18397, 1)
maîtr (DF: 1): (4440, 1)
maîtris (DF: 1): (4197, 1)
mañ (DF: 11): (6251, 1), (6532, 1), (8518, 1), (9431, 1), (9516, 1), (12276, 1), (13369, 2), (15678, 1), (16475, 2), (16715, 1), (16759, 1)
mañan (DF: 92): (1932, 2), (1967, 4), (2309, 3), (2325, 2), (2429, 1), (2828, 1), (2938, 2), (3062, 2), (3070, 6), (3093, 4), (3214, 1), (328, 6), (3403, 2), (353, 1), (3816, 3), (3875, 1), (4009, 1), (4032, 2), (4186, 8), (4246, 2), (4386, 3), (4518, 1), (4532, 1), (4568, 1), (476, 1), (477, 1), (4879, 1), (4948, 1), (5022, 1), (5218, 1), (5399, 3), (5541, 1), (5588, 1), (557, 3), (5659, 1), (5770, 3), (5796, 4), (5975, 2), (6079, 2), (6138, 1), (6179, 4), (6239, 1), (6279, 2), (6326, 3), (6384, 1), (6466, 1), (6485, 1), (6588, 6), (6645, 4), (6650, 2), (6651, 1), (6884, 6), (6928, 2), (7587, 2), (7851, 4), (836, 2), (858, 1), (885, 4), (890, 2), (8763, 1), (8883, 1), (8902, 46), (9039, 12), (9079, 1), (934, 1), (9306, 1), (9334, 1), (9383, 1), (9470, 1), (9496, 3), (9534, 4), (9652, 3), (9719, 1), (1008, 2), (9939, 1), (9960, 8), (1033, 1), (10217, 6), (10229, 1), (10321, 1), (1051, 2), (10379, 1), (10400, 1), (10418, 2), (10419, 1), (10559, 3), (10607, 3), (1099, 1), (10838, 2), (10852, 8), (10944, 1), (11005, 2)
