entend (DF: 78): (8143, 1), (8187, 15), (8199, 6), (8255, 1), (8256, 1), (858, 1), (8574, 1), (8597, 1), (875, 6), (8691, 2), (8902, 1), (9060, 6), (9087, 1), (9120, 1), (9362, 2), (9660, 1), (9692, 1), (9884, 1), (10131, 1), (10148, 3), (10260, 6), (10322, 1), (10838, 2), (11095, 4), (11155, 1), (11393, 2), (11403, 1), (1183, 2), (11696, 1), (12092, 1), (12456, 6), (1296, 2), (13010, 1), (13084, 2), (13233, 2), (13307, 1), (13442, 1), (13454, 1), (1366, 1), (1370, 1), (13580, 1), (13707, 1), (13806, 1), (13930, 1), (14087, 1), (14182, 1), (14405, 1), (14510, 1), (14541, 1), (14561, 1), (14817, 2), (14863, 1), (14, 1), (15224, 2), (15424, 1), (15673, 1), (15716, 1), (15737, 1), (15898, 1), (15926, 1), (1659, 1), (16401, 1), (16626, 2), (16738, 1), (16898, 1), (16910, 1), (17064, 1), (17275, 1), (17309, 3), (17494, 2), (1788, 1), (17649, 5), (17700, 18), (17909, 1), (18025, 8), (18136, 1), (10635, 1), (10637, 1)
entenda (DF: 2): (3692, 1), (5118, 2)
entendel (DF: 1): (9108, 1)
entendem (DF: 2): (6438, 1), (14579, 1)
entendemo (DF: 1): (2205, 1)
entendendo (DF: 1): (13307, 1)
entenderia (DF: 1): (3838, 1)
entenderr (DF: 1): (3853, 1)
entendert (DF: 2): (6384, 1), (1665, 1)
entendeu (DF: 1): (2839, 2)
entendi (DF: 3): (11026, 1), (13078, 1), (13713, 1)
entendim (DF: 1): (14207, 1)
entendo (DF: 4): (4167, 1), (9637, 1), (15400, 1), (16626, 2)
entendr (DF: 6): (2583, 2), (2797, 1), (4308, 1), (5015, 4), (7922, 1), (13545, 1)
entendu (DF: 1): (7607, 1)
enter (DF: 243): (1910, 1), (2060, 1), (2127, 1), (2177, 1), (217, 1), (2221, 1), (2255, 1), (2316, 1), (2383, 3), (2421, 1), (2422, 1), (2488, 1), (2592, 1), (2656, 2), (2948, 2), (3092, 3), (3112, 1), (3219, 28), (328, 1), (3327, 9), (3356, 1), (3404, 1), (337, 2), (3479, 1), (342, 1), (3538, 1), (3587, 2), (354, 1), (3731, 1), (3875, 3), (3881, 1), (4049, 1), (407, 1), (4193, 2), (4218, 4), (4246, 1), (4300, 24), (4352, 1), (4407, 1), (4419, 1), (4430, 1), (4594, 24), (449, 1), (4692, 1), (4879, 1), (5126, 7), (5574, 2), (5587, 2), (5659, 1), (5754, 1), (5813, 1), (5872, 1), (591, 1), (6214, 1), (6258, 2), (6339, 1), (642, 1), (6466, 1), (6472, 1), (6562, 1), (6628, 2), (6651, 1), (667, 1), (6741, 2), (6819, 4), (6847, 2), (6853, 2), (6884, 1), (7007, 2), (7095, 1), (7130, 1), (7266, 1), (7538, 1), (7546, 1), (7632, 4), (7646, 15), (7782, 2), (7843, 1), (7938, 2), (7942, 2), (7946, 1), (7956, 2), (7973, 1), (8009, 1), (8116, 1), (8496, 1), (8542, 1), (8547, 1), (8561, 1), (8580, 4), (884, 1), (8684, 1), (8758, 2), (82, 1), (8890, 1), (910, 1), (8907, 1), (8945, 1), (9012, 6), (9019, 2), (924, 1), (9046, 1), (958, 2), (9380, 4), (9383, 1), (9387, 1), (9403, 1), (9431, 1), (9568, 2), (9580, 2), (9604, 1), (9729, 1), (9792, 1), (9965, 1), (10119, 1), (10144, 1), (10193, 2), (10260, 6), (10281, 1), (10418, 18), (10573, 1), (10676, 1), (10696, 1), (10763, 2), (10793, 6), (11037, 14), (11059, 2), (11169, 30), (11190, 2), (11214, 1), (11238, 1), (11287, 1), (11312, 1), (11367, 10), (11634, 4), (11689, 2), (11774, 3), (11840, 1), (11925, 1), (12021, 2), (12055, 1), (12082, 11), (12092, 1), (12191, 1), (12294, 5), (12308, 1), (12350, 1), (1254, 7), (1261, 1), (1264, 1), (12631, 2), (12643, 2), (12798, 1), (12828, 1), (12895, 2), (13095, 2), (13117, 4), (13197, 1), (13242, 1), (13297, 2), (13337, 2), (13369, 2), (13453, 1), (13542, 5), (1377, 2), (13715, 1), (13770, 3), (13787, 1), (13802, 1), (13806, 1), (1411, 1), (13897, 2), (13925, 1), (1422, 2), (14042, 1), (14070, 1), (14124, 1), (14146, 1), (1443, 1), (14207, 1), (14260, 1), (14344, 2), (14391, 1), (14408, 1), (1474, 1), (1475, 1), (1476, 2), (1481, 2), (14526, 1), (14543, 2), (14600, 2), (14624, 1), (14685, 1), (14687, 1), (14703, 7), (14878, 8), (1520, 1), (1524, 1), (14, 1), (15237, 2), (15250, 1), (15339, 1), (15382, 1), (15424, 1), (15726, 2), (15914, 6), (1631, 1), (16013, 4), (16085, 1), (16143, 2), (16260, 1), (16362, 1), (16419, 1), (1677, 2), (16518, 1), (16618, 2), (16663, 1), (16668, 5), (1699, 1), (16787, 1), (16843, 2), (16868, 1), (17329, 1), (17368, 1), (17405, 1), (17448, 3), (17468, 1), (17546, 4), (17596, 1), (17710, 2), (17890, 1), (1810, 2), (17961, 1), (17972, 1), (17980, 1), (18025, 4), (18050, 4), (18119, 40), (18192, 1), (18222, 1), (18264, 1), (18378, 1), (18382, 1)
entera (DF: 3): (4214, 1), (6197, 1), (6206, 1)
enterart (DF: 3): (284, 4), (7380, 2), (9246, 1)
enterin (DF: 1): (11212, 1)
