access (DF: 14): (2390, 2), (2878, 1), (3599, 1), (4622, 1), (5332, 1), (5342, 1), (5937, 1), (12384, 1), (13407, 1), (14491, 1), (16274, 2), (16539, 1), (17176, 2), (18009, 1)
accessor (DF: 1): (11214, 1)
accessori (DF: 1): (4552, 1)
accett (DF: 3): (4873, 4), (14517, 1), (14629, 1)
accha (DF: 1): (10833, 1)
accid (DF: 30): (1995, 1), (2174, 1), (2276, 1), (2464, 2), (3330, 2), (4955, 3), (5494, 1), (7226, 1), (803, 1), (9322, 1), (9517, 3), (9629, 3), (10195, 1), (10785, 1), (1128, 2), (11021, 2), (1184, 2), (12210, 1), (14564, 2), (14996, 1), (15268, 2), (159, 1), (1606, 1), (15870, 1), (15928, 1), (1647, 1), (1690, 1), (16693, 1), (17065, 1), (17373, 1)
accident (DF: 12): (3438, 1), (418, 1), (5102, 1), (7070, 1), (7668, 1), (7701, 1), (11814, 3), (12021, 2), (12841, 3), (16821, 2), (17664, 1), (1870, 1)
accion (DF: 34): (1932, 4), (2877, 1), (3313, 4), (3344, 1), (450, 2), (4912, 1), (5792, 1), (6179, 2), (6862, 1), (7166, 4), (7504, 1), (7904, 2), (7925, 1), (8149, 2), (8187, 1), (8242, 1), (8733, 2), (1022, 3), (117, 1), (11391, 1), (11774, 3), (12674, 1), (12833, 1), (13030, 4), (14012, 1), (14082, 5), (14124, 1), (14239, 1), (14627, 1), (14630, 4), (15192, 1), (16295, 4), (16990, 2), (17146, 4)
accir (DF: 1): (6961, 1)
acción (DF: 1): (13765, 1)
acclaim (DF: 4): (2552, 1), (1374, 2), (17738, 1), (18231, 1)
accolad (DF: 4): (4121, 1), (13400, 1), (15018, 1), (15937, 1)
accoll (DF: 2): (12256, 1), (1485, 1)
accommad (DF: 1): (13196, 1)
accommod (DF: 1): (9486, 1)
accomod (DF: 1): (1515, 1)
accompagn (DF: 2): (2425, 1), (12277, 1)
accompagnep (DF: 1): (349, 1)
accomplish (DF: 38): (2132, 1), (2708, 1), (3156, 1), (3582, 1), (4619, 1), (4707, 1), (4848, 1), (510, 1), (5199, 1), (5942, 1), (6398, 1), (6602, 1), (6695, 1), (673, 1), (6850, 1), (6921, 1), (7465, 1), (7764, 1), (8061, 1), (8088, 1), (8204, 1), (8802, 1), (10182, 1), (10240, 1), (10417, 1), (10454, 1), (10666, 1), (10688, 1), (11013, 1), (12575, 1), (12734, 1), (13601, 1), (14766, 1), (14946, 1), (16560, 2), (16790, 1), (17026, 1), (18164, 1)
accontent (DF: 2): (5321, 1), (11812, 1)
accord (DF: 19): (2318, 1), (4100, 1), (4903, 1), (6969, 1), (7323, 1), (7459, 1), (9, 2), (9818, 1), (1229, 2), (12414, 1), (12507, 1), (13126, 1), (13885, 1), (14526, 1), (15637, 1), (16130, 1), (16417, 1), (16493, 1), (17908, 1)
accordion (DF: 1): (4099, 1)
accorg (DF: 2): (11878, 1), (13126, 1)
account (DF: 92): (2052, 1), (2255, 1), (2333, 1), (2423, 1), (2923, 1), (3184, 1), (3498, 1), (4121, 1), (4122, 1), (4421, 1), (4506, 2), (4842, 1), (4972, 4), (5137, 2), (5158, 3), (5294, 1), (5434, 1), (5492, 1), (5570, 37), (5576, 1), (5794, 1), (5862, 1), (5955, 1), (647, 1), (6709, 2), (6800, 1), (7123, 1), (7235, 1), (7605, 2), (772, 2), (7771, 3), (7884, 1), (8132, 8), (8244, 2), (8347, 1), (8755, 1), (915, 1), (10089, 1), (1031, 4), (1058, 2), (10690, 2), (10693, 1), (11254, 1), (11294, 1), (1178, 1), (11807, 1), (11877, 1), (12068, 2), (12164, 1), (12185, 1), (12347, 1), (12452, 1), (12554, 19), (12575, 1), (12636, 2), (12793, 1), (13315, 1), (1354, 3), (13472, 2), (13512, 7), (14053, 1), (14101, 1), (14223, 1), (14361, 1), (14400, 1), (14533, 1), (14804, 4), (14818, 3), (14857, 1), (15008, 16), (15305, 1), (15442, 1), (15565, 1), (16135, 1), (16242, 1), (16453, 1), (1692, 4), (1717, 1), (179, 1), (17373, 1), (17746, 5), (17761, 1), (1801, 1), (17914, 1), (1812, 1), (17954, 1), (18116, 1), (18168, 1), (18179, 1), (18194, 8), (18225, 2), (18344, 2)
accounti (DF: 1): (16083, 1)
accros (DF: 1): (3213, 6)
accroup (DF: 1): (34, 1)
accumul (DF: 5): (3909, 2), (5794, 1), (9733, 1), (16236, 1), (18116, 1)
accur (DF: 3): (10191, 1), (11395, 1), (14459, 1)
accus (DF: 23): (3042, 1), (3207, 1), (4433, 1), (40, 1), (5915, 1), (6800, 1), (7014, 1), (7051, 1), (7106, 1), (7444, 1), (823, 1), (8680, 1), (1140, 2), (11664, 1), (11709, 2), (11717, 1), (11825, 1), (14219, 1), (14361, 1), (14388, 1), (15962, 1), (1697, 2), (17435, 1)
accustom (DF: 4): (3278, 2), (8193, 1), (928, 2), (9936, 1)
ace (DF: 36): (1896, 1), (2377, 1), (2431, 1), (276, 1), (2939, 1), (3079, 4), (3100, 1), (3272, 1), (3276, 1), (3351, 1), (3590, 1), (3778, 4), (4907, 1), (5140, 2), (5425, 1), (5495, 1), (5610, 1), (5811, 1), (6046, 1), (6287, 1), (646, 1), (658, 1), (6819, 1), (6914, 1), (7197, 1), (7339, 1), (7397, 1), (7499, 2), (7537, 1), (7751, 2), (7777, 1), (7873, 1), (8132, 1), (8394, 1), (8593, 1), (8597, 1)
