envolv (DF: 7): (16522, 1), (16533, 15), (17058, 3), (17146, 1), (17202, 1), (17260, 4), (18166, 1)
envolvendo (DF: 2): (16071, 2), (18166, 1)
envolvent (DF: 3): (10007, 2), (10560, 2), (15286, 2)
envolver (DF: 1): (16979, 1)
envolvert (DF: 5): (2529, 2), (6384, 1), (10676, 1), (1665, 1), (18213, 2)
envolvi (DF: 6): (3504, 1), (7395, 2), (13066, 2), (1379, 1), (14596, 1), (15617, 1)
envolvia (DF: 1): (3467, 1)
envout (DF: 1): (15469, 3)
envoût (DF: 1): (9737, 1)
envrag (DF: 1): (10379, 1)
envuelt (DF: 28): (3031, 2), (4361, 1), (4556, 1), (4860, 1), (5696, 2), (6025, 1), (6878, 2), (7309, 1), (7555, 1), (7641, 1), (8961, 4), (10418, 2), (11030, 1), (11924, 4), (12381, 2), (13453, 1), (13572, 5), (13832, 1), (14217, 1), (14301, 4), (15186, 1), (15894, 1), (16253, 1), (17171, 4), (17192, 6), (17403, 1), (17462, 1), (17528, 1)
envuelv (DF: 21): (1939, 1), (2617, 4), (3536, 2), (5502, 1), (577, 1), (5881, 4), (6808, 1), (7780, 1), (8846, 1), (9536, 1), (9872, 1), (10418, 2), (12661, 1), (13095, 1), (13267, 2), (14596, 1), (14600, 1), (14799, 1), (15237, 3), (15939, 1), (18145, 3)
envuelvel (DF: 1): (11824, 2)
envuelvem (DF: 2): (2948, 6), (17192, 1)
envuelvet (DF: 1): (4434, 1)
envy (DF: 1): (3419, 1)
enxergo (DF: 2): (2711, 6), (7869, 2)
enxuga (DF: 1): (2839, 1)
enya (DF: 1): (6992, 1)
enz (DF: 1): (8981, 2)
enzo (DF: 9): (4328, 1), (4827, 1), (4914, 2), (524, 4), (13125, 1), (13626, 9), (13685, 1), (16085, 1), (18442, 5)
enzorr (DF: 2): (10036, 1), (1441, 1)
enzym (DF: 1): (1942, 1)
eo (DF: 10): (2070, 4), (3690, 1), (6326, 2), (10530, 6), (1109, 1), (11037, 2), (13487, 3), (13918, 1), (17625, 4), (1810, 10)
eob (DF: 2): (3690, 1), (13918, 2)
eobeobeo (DF: 1): (8505, 1)
eobeobeobeobeobeo (DF: 1): (8505, 1)
eobseo (DF: 1): (15773, 2)
eobsneun (DF: 1): (13918, 1)
eodi (DF: 2): (32, 1), (8505, 1)
eodil (DF: 1): (7941, 1)
eodiro (DF: 1): (12323, 1)
eodumui (DF: 1): (13096, 1)
eoeo (DF: 1): (14624, 3)
eoh (DF: 4): (2518, 12), (580, 2), (851, 2), (9296, 2)
eojang (DF: 1): (15773, 2)
eojjeoda (DF: 1): (14754, 1)
eojjeogil (DF: 1): (8505, 1)
eojupjanheun (DF: 1): (12911, 1)
eojyeo (DF: 1): (13918, 2)
eolda (DF: 1): (12323, 1)
eolumanjyeo (DF: 1): (13918, 1)
eomeo (DF: 1): (14754, 1)
eomma (DF: 1): (15773, 2)
eomneun (DF: 4): (2817, 1), (7941, 1), (12911, 1), (13286, 1)
eon (DF: 7): (2230, 1), (3389, 1), (6225, 2), (6413, 1), (8571, 1), (13003, 1), (15930, 1)
eoneu (DF: 1): (2817, 1)
eongeong (DF: 1): (13488, 1)
eonjekkajina (DF: 1): (32, 3)
eopirharyeogo (DF: 1): (15773, 2)
eopseo (DF: 2): (12323, 5), (12911, 1)
eopseul (DF: 1): (2817, 1)
eopsi (DF: 1): (32, 2)
eopsneungeol (DF: 1): (32, 1)
eoptdeon (DF: 1): (12911, 1)
eoptgetji (DF: 1): (14754, 2)
eoptjanha (DF: 1): (12911, 1)
eoptneun (DF: 1): (13096, 2)
eoseo (DF: 1): (13286, 1)
eotteohg (DF: 1): (15773, 4)
eotteok (DF: 1): (12323, 1)
eova (DF: 2): (12822, 1), (15867, 1)
eowa (DF: 2): (4387, 1), (7411, 1)
ep (DF: 123): (2215, 1), (2277, 1), (2288, 1), (2403, 1), (235, 1), (2473, 1), (2602, 1), (2775, 1), (2817, 1), (3004, 1), (3066, 1), (3100, 1), (3115, 1), (3123, 1), (3565, 1), (3592, 1), (3615, 1), (3745, 1), (380, 1), (3934, 1), (4029, 1), (4332, 1), (4393, 1), (437, 1), (4437, 1), (4648, 1), (4885, 1), (5038, 1), (5069, 1), (5122, 1), (5146, 1), (5156, 1), (5233, 1), (5318, 1), (5382, 1), (5443, 1), (5453, 1), (5611, 1), (5775, 1), (5784, 1), (574, 1), (5875, 1), (5914, 1), (5928, 1), (5943, 1), (6090, 1), (6126, 1), (6145, 1), (6501, 1), (6526, 1), (6577, 1), (6849, 1), (6906, 1), (6986, 1), (7069, 1), (7117, 1), (7185, 1), (7189, 1), (709, 2), (7393, 1), (739, 1), (7527, 1), (7573, 1), (7598, 1), (7609, 1), (7823, 1), (7842, 1), (8028, 1), (8080, 1), (8186, 1), (8360, 1), (874, 1), (8727, 1), (8738, 1), (8933, 1), (9036, 1), (9064, 1), (9157, 1), (9186, 1), (9233, 1), (9239, 1), (9382, 1), (9385, 2), (9411, 1), (91, 1), (9776, 1), (1003, 1), (9861, 1), (9877, 1), (9976, 1), (10003, 1), (10115, 1), (10204, 1), (10362, 1), (10434, 2), (10502, 1), (1076, 1), (10622, 2), (1086, 1), (10722, 1), (10790, 1), (10963, 1), (11173, 1), (11258, 1), (11, 1), (11703, 1), (11732, 1), (11737, 1), (11795, 1), (11811, 1), (11851, 1), (11919, 1), (11933, 1), (11949, 1), (11951, 1), (11986, 1), (12088, 1), (1227, 1), (12159, 1), (12208, 1), (12212, 1), (12363, 1), (12369, 1)
