lp (DF: 22): (4490, 1), (4816, 1), (5314, 1), (5785, 4), (5862, 1), (6771, 1), (7754, 2), (7973, 1), (8664, 1), (9010, 1), (9301, 1), (10141, 1), (1157, 1), (1172, 1), (12789, 1), (14868, 1), (15101, 1), (159, 1), (15375, 1), (15916, 1), (15937, 1), (16870, 1)
lp1 (DF: 3): (6646, 1), (10068, 1), (1535, 1)
lp2 (DF: 6): (2174, 1), (4490, 1), (9784, 1), (11539, 1), (1344, 1), (15937, 1)
lpg (DF: 1): (16998, 1)
lpi (DF: 1): (11382, 1)
lpr (DF: 1): (14061, 1)
lps (DF: 3): (6524, 1), (7538, 1), (11212, 1)
lq (DF: 1): (16854, 1)
lqwhen (DF: 1): (2002, 1)
lrig (DF: 1): (14891, 4)
ls (DF: 6): (2771, 1), (1028, 2), (13221, 2), (16018, 1), (18170, 1), (1835, 6)
lschool (DF: 1): (5349, 1)
lsd (DF: 7): (2354, 1), (4016, 1), (9019, 1), (1167, 1), (12448, 1), (14349, 1), (15863, 1)
lsg (DF: 4): (6480, 2), (1145, 2), (15759, 1), (17631, 2)
lsn (DF: 2): (5258, 1), (14249, 1)
lsu (DF: 1): (235, 1)
lt (DF: 1): (17271, 1)
lt3 (DF: 1): (16337, 1)
ltd (DF: 4): (882, 1), (10097, 1), (16341, 1), (16572, 1)
lte (DF: 1): (1135, 1)
lu (DF: 42): (2488, 1), (2898, 40), (3093, 2), (3587, 4), (3596, 2), (4032, 2), (4185, 4), (5399, 4), (5562, 2), (5582, 1), (5906, 1), (6179, 2), (6844, 9), (6884, 2), (7367, 8), (7495, 3), (8882, 18), (9960, 4), (10607, 7), (10944, 1), (11262, 1), (11303, 8), (11312, 2), (11484, 2), (11540, 2), (11734, 1), (11752, 20), (12397, 6), (13369, 8), (13389, 2), (14444, 8), (1478, 6), (14491, 1), (14510, 1), (14522, 6), (15062, 5), (15424, 1), (16696, 2), (17059, 3), (17191, 1), (1771, 4), (18065, 1)
lua (DF: 5): (5859, 14), (9279, 1), (13078, 1), (1659, 1), (16626, 1)
luan (DF: 1): (6243, 1)
lub (DF: 2): (7836, 1), (17564, 1)
lube (DF: 3): (2084, 1), (2563, 2), (14789, 1)
lubi (DF: 14): (204, 1), (4405, 1), (6007, 6), (7071, 1), (7677, 2), (7836, 1), (9162, 3), (9781, 4), (15698, 1), (1655, 1), (16247, 1), (16366, 1), (17720, 1), (18094, 16)
lubimi (DF: 2): (250, 4), (8717, 1)
lubisz (DF: 6): (8452, 1), (9162, 4), (10756, 1), (16526, 4), (17071, 1), (17372, 1)
lublini (DF: 1): (15162, 1)
lubric (DF: 5): (3084, 3), (3111, 5), (8236, 5), (8596, 1), (13196, 1)
lubriderm (DF: 1): (10975, 1)
lubriqu (DF: 2): (4009, 1), (16979, 1)
luc (DF: 76): (2034, 2), (2354, 6), (2480, 1), (2662, 1), (256, 1), (3210, 4), (3572, 2), (4550, 1), (4605, 2), (4790, 1), (4799, 1), (4860, 1), (5306, 1), (5358, 1), (5786, 1), (6079, 2), (6179, 2), (6207, 1), (6248, 1), (6249, 1), (6691, 1), (6974, 1), (7000, 6), (7003, 1), (776, 1), (7734, 1), (8036, 7), (8161, 1), (8352, 2), (9012, 6), (9206, 1), (9318, 2), (9, 1), (9532, 1), (9580, 8), (1033, 1), (10363, 1), (10625, 1), (10632, 3), (10838, 2), (11000, 12), (11190, 2), (11243, 2), (11298, 1), (11452, 1), (11490, 1), (11638, 4), (11750, 1), (11805, 1), (12167, 6), (12350, 3), (1264, 1), (1284, 1), (12804, 1), (13188, 1), (13193, 1), (13588, 1), (13985, 1), (15011, 3), (15234, 1), (15587, 3), (15633, 1), (15707, 2), (15732, 2), (15835, 1), (16401, 2), (16801, 2), (16905, 2), (16915, 2), (17146, 2), (17194, 4), (17494, 4), (17573, 1), (17758, 1), (1818, 1), (18445, 1)
luca (DF: 28): (2748, 1), (4124, 1), (4179, 1), (531, 1), (7092, 1), (7113, 1), (7323, 1), (8043, 1), (8103, 1), (8366, 1), (8376, 1), (8909, 2), (8938, 1), (9371, 1), (9844, 2), (10102, 1), (10674, 1), (11066, 1), (11092, 1), (11131, 1), (12850, 1), (13003, 1), (13722, 1), (13895, 1), (14156, 1), (15079, 1), (16616, 2), (17906, 1)
lucah (DF: 1): (13034, 1)
lucario (DF: 1): (1351, 2)
lucas (DF: 1): (16745, 1)
lucc (DF: 2): (4440, 1), (6837, 1)
lucca (DF: 1): (2631, 2)
lucci (DF: 4): (9263, 1), (11051, 1), (12698, 2), (16794, 1)
luccic (DF: 1): (5392, 1)
luce (DF: 2): (10327, 1), (11685, 1)
lucenzo (DF: 3): (5143, 4), (12779, 1), (14783, 1)
lucer (DF: 5): (4692, 1), (9342, 1), (13964, 1), (15716, 2), (16884, 1)
lucern (DF: 1): (13885, 1)
lucet (DF: 6): (3697, 2), (10866, 1), (117, 1), (11968, 2), (14172, 2), (18248, 11)
luch (DF: 32): (2662, 7), (2792, 1), (3028, 1), (4236, 4), (4423, 1), (4939, 1), (5735, 1), (5852, 1), (8036, 2), (8482, 1), (8518, 1), (9430, 1), (9939, 1), (10400, 1), (10804, 1), (10982, 2), (11932, 3), (11938, 1), (12404, 2), (12456, 2), (12885, 1), (13141, 1), (14011, 2), (14260, 2), (1501, 2), (14953, 8), (16121, 2), (16148, 1), (16403, 4), (16820, 1), (17487, 1), (17607, 1)
lucha (DF: 1): (14840, 2)
luchador (DF: 1): (5576, 4)
