shootin (DF: 22): (15705, 1), (15713, 1), (1613, 1), (15855, 1), (15870, 1), (15988, 1), (16084, 1), (16477, 1), (16577, 2), (17257, 1), (17354, 1), (17550, 1), (17695, 1), (17769, 1), (17959, 2), (17971, 1), (18069, 1), (18082, 1), (18106, 2), (18291, 1), (18346, 12), (18430, 1)
shootout (DF: 14): (2669, 1), (2822, 1), (4933, 1), (5225, 1), (6895, 1), (10083, 1), (12553, 1), (13897, 2), (14438, 2), (1491, 1), (15334, 1), (16684, 1), (1718, 1), (18450, 1)
shoott (DF: 1): (11734, 2)
shooz (DF: 3): (341, 1), (4512, 1), (135, 1)
shop (DF: 217): (1912, 6), (1941, 7), (1950, 1), (2041, 2), (2143, 2), (2251, 1), (21, 1), (221, 2), (2442, 1), (2511, 2), (2512, 1), (249, 1), (2672, 1), (2680, 2), (2682, 1), (2747, 1), (270, 1), (2833, 1), (2867, 1), (2927, 1), (2939, 6), (3101, 1), (3142, 1), (3215, 5), (3249, 1), (3467, 1), (3483, 1), (3541, 2), (3618, 1), (3673, 1), (365, 1), (3731, 1), (3821, 1), (3833, 1), (3843, 5), (3864, 2), (3999, 2), (4106, 3), (4298, 1), (4557, 1), (4559, 2), (4833, 1), (4918, 3), (4937, 1), (4956, 2), (4972, 1), (5228, 1), (47, 2), (5425, 1), (541, 1), (5492, 1), (5518, 1), (5584, 18), (5589, 2), (5641, 1), (5653, 1), (5667, 2), (51, 1), (5722, 1), (5810, 2), (5983, 1), (6092, 1), (6230, 2), (6287, 1), (6365, 1), (6396, 1), (637, 1), (6458, 1), (642, 1), (6585, 1), (6613, 1), (6667, 1), (6895, 1), (6914, 1), (6935, 3), (6969, 1), (7015, 1), (7046, 4), (7113, 1), (7163, 1), (7182, 7), (7292, 1), (737, 1), (7468, 1), (7537, 5), (7544, 2), (7580, 3), (7721, 1), (7756, 1), (7917, 1), (7960, 1), (8107, 1), (8347, 1), (8489, 1), (8530, 1), (8652, 2), (8692, 1), (8755, 3), (904, 7), (8860, 2), (8884, 1), (8959, 1), (9073, 1), (928, 1), (9135, 1), (9278, 1), (9290, 1), (9315, 1), (9363, 4), (9627, 1), (9759, 1), (9873, 1), (10006, 1), (10010, 1), (10017, 1), (10119, 1), (1029, 1), (1031, 1), (10171, 1), (10225, 1), (1041, 1), (10335, 1), (10517, 1), (10571, 1), (10700, 1), (10713, 1), (1094, 2), (10800, 1), (11166, 1), (11269, 1), (118, 1), (1156, 4), (11653, 1), (11702, 5), (11804, 7), (11807, 1), (11825, 2), (1214, 3), (11947, 1), (11956, 2), (11959, 2), (12209, 1), (12227, 2), (12308, 1), (12483, 1), (12690, 2), (12976, 1), (13011, 1), (13307, 1), (13320, 1), (13343, 1), (13364, 1), (13383, 1), (13405, 1), (13509, 1), (1374, 2), (13564, 1), (13664, 1), (13765, 1), (14010, 1), (14053, 3), (14142, 2), (14186, 1), (14262, 2), (14355, 1), (14504, 1), (14584, 1), (14706, 1), (14768, 2), (14781, 4), (14906, 1), (14946, 1), (14952, 1), (15122, 1), (15130, 1), (15137, 1), (15311, 1), (15342, 1), (15344, 1), (15376, 2), (15397, 3), (15434, 1), (15461, 1), (15708, 8), (15725, 1), (15943, 2), (15961, 1), (16044, 1), (16215, 1), (16271, 1), (16317, 1), (16358, 1), (16414, 2), (1704, 7), (16816, 1), (16823, 1), (16982, 1), (17016, 1), (17023, 1), (17133, 2), (17267, 1), (17291, 1), (17342, 1), (17567, 9), (17635, 1), (17812, 1), (17899, 2), (17908, 1), (17910, 4), (17934, 1), (18007, 1), (18062, 1), (18221, 1), (18300, 1), (1881, 1), (2356, 1), (2357, 1)
shoplift (DF: 3): (4866, 1), (15028, 1), (1671, 1)
shopp (DF: 1): (14153, 1)
shoppa (DF: 1): (7603, 1)
shopper (DF: 7): (3804, 13), (841, 1), (12283, 2), (1282, 1), (14598, 2), (14812, 1), (15250, 1)
shoppin (DF: 41): (2322, 1), (2991, 1), (3205, 2), (352, 1), (440, 1), (4918, 5), (4947, 1), (536, 3), (5581, 1), (5605, 2), (6363, 1), (6627, 2), (6704, 2), (7213, 3), (7250, 1), (7348, 1), (7635, 1), (928, 1), (9166, 2), (993, 1), (9845, 2), (9875, 5), (10259, 1), (10643, 2), (11026, 1), (11080, 1), (11247, 1), (12040, 1), (12418, 1), (12690, 2), (12843, 1), (14564, 2), (14812, 2), (1564, 1), (16026, 1), (16391, 1), (16920, 1), (179, 1), (17206, 1), (17261, 1), (18188, 2)
shopping (DF: 2): (8264, 1), (11968, 1)
shoppingspre (DF: 1): (17204, 1)
shor (DF: 1): (11993, 6)
shore (DF: 40): (1888, 1), (1911, 1), (2395, 1), (2491, 1), (2911, 1), (2982, 1), (295, 1), (3100, 1), (306, 2), (3183, 1), (3475, 1), (3477, 1), (3488, 1), (3531, 2), (352, 1), (3706, 1), (3784, 1), (3, 1), (3964, 1), (4030, 1), (4104, 1), (4250, 1), (4401, 1), (4458, 2), (4955, 1), (541, 1), (5572, 1), (5616, 2), (5619, 2), (5685, 2), (5752, 3), (5767, 12), (5777, 1), (5836, 2), (585, 2), (5926, 1), (600, 1), (6210, 1), (6496, 1), (6555, 1)
