faust (DF: 13): (2376, 1), (2463, 1), (5149, 1), (5429, 1), (6835, 1), (778, 1), (8577, 1), (10215, 1), (10239, 1), (13789, 3), (14254, 2), (17136, 4), (18073, 1)
faustfeuerwaff (DF: 1): (2881, 1)
faustix (DF: 4): (2041, 1), (3395, 1), (718, 1), (14776, 1)
faut (DF: 21): (3660, 1), (4197, 15), (4198, 8), (4308, 1), (4614, 6), (4986, 4), (540, 1), (7254, 1), (7454, 1), (7922, 1), (8198, 1), (9737, 2), (9757, 5), (11341, 2), (12042, 1), (15161, 1), (15469, 4), (15637, 1), (15912, 1), (17006, 2), (17275, 1)
faux (DF: 8): (3156, 1), (4197, 1), (4440, 1), (68, 1), (7454, 1), (8619, 1), (16764, 1), (17275, 1)
fav (DF: 3): (9285, 4), (10780, 1), (13095, 4)
fave (DF: 3): (12283, 2), (14598, 2), (15417, 1)
favel (DF: 6): (3603, 1), (8632, 1), (10060, 3), (12042, 1), (12177, 6), (18187, 3)
favela (DF: 17): (3215, 1), (4167, 10), (4357, 1), (4991, 1), (5860, 1), (7270, 13), (7649, 2), (8858, 2), (9494, 1), (9812, 1), (11487, 1), (12348, 1), (13647, 1), (13892, 7), (16035, 1), (16071, 1), (18166, 1)
favelado (DF: 2): (3007, 5), (7270, 2)
favelas (DF: 1): (12355, 2)
favella (DF: 1): (9234, 1)
favi (DF: 2): (3062, 2), (1039, 3)
favn (DF: 1): (2952, 2)
favol (DF: 3): (3491, 1), (6250, 2), (16451, 1)
favor (DF: 186): (1966, 6), (2046, 1), (2172, 1), (2293, 1), (2315, 1), (2430, 1), (234, 1), (2609, 1), (2692, 1), (2711, 1), (2878, 1), (2896, 1), (2925, 3), (2972, 6), (3031, 1), (3070, 2), (3086, 1), (3138, 1), (3156, 1), (3158, 2), (3383, 6), (3459, 2), (3492, 1), (3603, 1), (3669, 1), (3692, 1), (3741, 15), (395, 2), (4152, 8), (4189, 1), (4207, 1), (4257, 40), (439, 1), (4532, 2), (4628, 2), (4632, 4), (4690, 1), (4764, 1), (469, 1), (4790, 1), (4857, 1), (4879, 1), (5050, 1), (5471, 6), (5482, 2), (5794, 1), (5852, 1), (5861, 2), (5991, 1), (6205, 2), (6339, 1), (6399, 1), (6503, 1), (6558, 1), (6561, 3), (6651, 1), (6671, 1), (6755, 1), (6779, 2), (6790, 1), (6798, 1), (6878, 1), (6932, 2), (6939, 5), (7131, 1), (7191, 1), (7205, 1), (7222, 3), (7361, 4), (7504, 2), (7529, 2), (7586, 1), (776, 1), (7734, 1), (8052, 1), (8055, 2), (8133, 1), (825, 3), (8482, 1), (8597, 1), (8775, 1), (8903, 1), (8906, 2), (918, 2), (8976, 1), (9034, 1), (9036, 1), (9181, 3), (946, 2), (9313, 2), (9419, 1), (9470, 6), (9579, 2), (9690, 6), (9711, 1), (1013, 2), (1022, 1), (10059, 1), (10141, 1), (10162, 1), (10257, 1), (10335, 1), (10370, 1), (10472, 1), (10513, 1), (10559, 1), (10586, 1), (10676, 5), (10690, 2), (10771, 1), (10807, 2), (1113, 1), (10918, 2), (11027, 1), (11041, 1), (11046, 1), (11064, 3), (11242, 8), (11317, 1), (11407, 2), (11486, 3), (11757, 1), (1221, 4), (12087, 2), (12333, 2), (12514, 1), (12674, 2), (12686, 1), (12869, 1), (12897, 1), (1313, 1), (13172, 1), (13314, 1), (13472, 1), (1372, 1), (13545, 1), (13587, 2), (13806, 1), (13836, 1), (13928, 1), (14081, 2), (14115, 2), (14143, 6), (14163, 2), (1461, 1), (14321, 1), (14341, 2), (14444, 18), (14456, 1), (14533, 1), (1485, 3), (1501, 1), (14857, 3), (14968, 1), (15062, 2), (15221, 1), (1592, 1), (15657, 2), (15678, 1), (15899, 2), (15958, 1), (16106, 1), (16113, 1), (16282, 1), (16377, 1), (16407, 2), (16751, 1), (16820, 1), (16938, 1), (17063, 4), (17095, 2), (17132, 1), (17161, 6), (17373, 1), (17401, 3), (17459, 1), (17573, 1), (17649, 1), (17755, 1), (17970, 1), (18116, 1), (18209, 1), (18272, 3), (18321, 1), (12983, 2), (12984, 1)
favorec (DF: 1): (8606, 12)
favoriet (DF: 1): (2260, 1)
favorit (DF: 91): (1891, 1), (2061, 1), (19, 2), (2177, 1), (2214, 2), (2307, 2), (2322, 2), (2383, 3), (2394, 1), (232, 1), (2511, 2), (2522, 2), (2552, 1), (2685, 1), (2690, 1), (2725, 1), (2846, 2), (283, 1), (2991, 1), (3039, 2), (3084, 3), (3156, 1), (3188, 2), (3208, 1), (3277, 2), (3323, 1), (3493, 1), (3565, 1), (3628, 1), (3631, 1), (3685, 2), (3722, 1), (3731, 1), (3734, 2), (3753, 1), (3791, 8), (3801, 1), (3831, 1), (3876, 6), (3890, 1), (3924, 1), (4031, 1), (4107, 1), (35, 2), (4193, 2), (4206, 4), (4210, 1), (4299, 45), (4396, 3), (4404, 1), (4516, 1), (4595, 3), (4638, 1), (451, 1), (4712, 2), (4779, 12), (4788, 2), (4833, 1), (4834, 1), (476, 1), (4941, 1), (5068, 1), (5159, 1), (5207, 1), (514, 2), (5268, 1), (5323, 1), (5326, 2), (5523, 3), (5541, 1), (5575, 2), (5624, 2), (5701, 2), (5755, 1), (570, 1), (5772, 1), (576, 11), (5837, 1), (6060, 1), (6079, 2), (6082, 1), (6122, 4), (6222, 3), (6385, 1), (6420, 1), (6553, 1), (6571, 1), (6609, 8), (6659, 1), (6795, 3), (673, 1)
