yet (DF: 197): (1256, 2), (12385, 1), (12501, 1), (12548, 1), (12559, 1), (12587, 1), (12610, 1), (12655, 1), (12694, 1), (1291, 6), (12721, 1), (12738, 1), (12746, 1), (12756, 1), (12783, 1), (12798, 1), (12859, 2), (12893, 1), (12903, 2), (12914, 1), (12947, 9), (12951, 1), (12956, 2), (1313, 1), (12968, 1), (12977, 12), (13061, 2), (1320, 1), (1323, 1), (13136, 3), (13152, 1), (13169, 1), (13192, 1), (13220, 1), (13229, 14), (13235, 1), (13276, 1), (13288, 1), (1344, 1), (13355, 1), (13383, 1), (13419, 1), (13473, 1), (13496, 1), (13518, 2), (13562, 4), (13567, 3), (13640, 1), (13655, 2), (13674, 2), (13699, 1), (13718, 1), (13737, 1), (13769, 1), (13844, 3), (13854, 1), (13868, 11), (13875, 3), (13914, 1), (13934, 1), (13947, 1), (14026, 1), (14057, 2), (14116, 1), (14138, 1), (14255, 2), (14264, 2), (14268, 2), (14283, 2), (14294, 1), (14309, 1), (14320, 1), (1469, 1), (14400, 1), (14410, 1), (14486, 1), (14547, 1), (14597, 1), (14699, 1), (14713, 1), (14732, 1), (14773, 1), (14804, 4), (14805, 1), (14868, 1), (1521, 1), (14912, 1), (14999, 1), (15015, 2), (15128, 2), (15191, 1), (1555, 1), (15193, 1), (1558, 1), (15226, 1), (1560, 1), (1564, 1), (15383, 1), (15421, 4), (15432, 1), (15446, 44), (15503, 1), (15535, 1), (15561, 1), (15658, 1), (15765, 1), (15789, 3), (15808, 2), (15850, 1), (15896, 2), (15903, 6), (16026, 1), (168, 3), (16060, 1), (16061, 1), (16112, 1), (16154, 1), (16164, 2), (16171, 1), (16180, 1), (16200, 1), (16279, 1), (16282, 1), (16322, 1), (1670, 3), (16405, 2), (16425, 1), (16486, 1), (1689, 1), (16631, 2), (16636, 3), (16682, 10), (16689, 1), (16693, 1), (16776, 1), (16804, 1), (16865, 1), (16878, 1), (1719, 1), (17011, 3), (17179, 1), (17180, 1), (17226, 1), (17276, 4), (17295, 1), (17315, 2), (17319, 1), (17348, 1), (17461, 1), (1770, 1), (17508, 1), (17524, 2), (17533, 2), (17550, 2), (17560, 1), (17574, 1), (17596, 1), (17651, 1), (17685, 7), (1790, 1), (17699, 1), (17724, 1), (17768, 1), (17777, 1), (17791, 1), (17816, 1), (17825, 1), (17864, 1), (17938, 1), (17946, 2), (17997, 1), (1824, 1), (18092, 1), (1831, 2), (18108, 2), (18165, 2), (18338, 4), (18366, 1), (18438, 1), (1859, 1), (2892, 1), (2894, 1), (4864, 1), (4865, 2), (5114, 1), (5115, 4), (635, 1), (636, 2), (8959, 1), (8960, 1), (10267, 1), (10268, 1), (12010, 1), (12012, 1), (13063, 1), (18143, 1), (18144, 1)
yet7th (DF: 1): (8822, 1)
yetep (DF: 1): (6463, 1)
yeter (DF: 2): (17287, 1), (17991, 1)
yeti (DF: 1): (14800, 1)
yetmedi (DF: 1): (11144, 1)
yeucous (DF: 1): (540, 1)
yeugh (DF: 1): (7070, 1)
yeuk (DF: 1): (9884, 1)
yeurm (DF: 1): (4308, 1)
yeux (DF: 5): (13096, 1), (1561, 9), (15637, 1), (16898, 1), (17140, 1)
yewa (DF: 1): (9825, 1)
yewu (DF: 1): (905, 1)
yey (DF: 12): (6160, 1), (6808, 1), (9060, 3), (11944, 6), (12191, 1), (12276, 1), (14961, 1), (16801, 3), (16855, 1), (17237, 1), (17788, 2), (18330, 1)
yeyah (DF: 1): (6168, 3)
yeyeyeyeyey (DF: 1): (13988, 1)
yeyh (DF: 1): (11017, 1)
yfl (DF: 1): (908, 1)
yfn (DF: 2): (11051, 1), (12698, 1)
yg (DF: 25): (2269, 1), (2923, 1), (3174, 2), (5018, 1), (5350, 1), (6602, 2), (7214, 3), (7771, 1), (8040, 1), (8103, 9), (8870, 2), (9567, 1), (92, 3), (10693, 3), (11870, 2), (12166, 2), (12483, 3), (1354, 1), (14008, 1), (14160, 1), (15518, 1), (15844, 2), (16084, 2), (17505, 3), (17938, 3)
ygs (DF: 1): (9634, 1)
yh (DF: 1): (9689, 13)
yhya (DF: 1): (12276, 2)
yi (DF: 19): (2583, 1), (284, 36), (3337, 12), (3366, 2), (4356, 16), (4698, 7), (5015, 2), (5647, 4), (667, 16), (7508, 6), (8043, 1), (8870, 8), (9185, 10), (9713, 68), (12381, 3), (14988, 1), (15028, 1), (16185, 18), (18211, 4)
yibbedi (DF: 1): (8026, 1)
yield (DF: 5): (3164, 1), (6374, 2), (9657, 1), (12659, 1), (17477, 1)
yiggi (DF: 3): (13916, 3), (16156, 1), (1849, 1)
yih (DF: 4): (5173, 3), (5647, 17), (13003, 1), (17202, 1)
yihyd (DF: 1): (284, 2)
yike (DF: 5): (4629, 1), (5018, 1), (6738, 3), (10956, 1), (11458, 1)
yikki (DF: 3): (11728, 1), (14279, 1), (1626, 2)
yildiz (DF: 1): (14199, 1)
yimma (DF: 1): (2729, 1)
yin (DF: 11): (8559, 1), (9659, 2), (10696, 1), (12125, 1), (12546, 2), (12998, 2), (13984, 1), (14418, 1), (1657, 2), (17197, 1), (17549, 7)
yine (DF: 1): (11144, 2)
ying (DF: 8): (3790, 3), (5299, 4), (7901, 1), (8278, 2), (9713, 2), (10676, 1), (1657, 4), (16886, 1)
yipe (DF: 1): (13003, 3)
