doelen (DF: 1): (3748, 1)
doelgeoya (DF: 1): (15773, 2)
doelleonji (DF: 1): (15773, 2)
doen (DF: 21): (2260, 1), (2638, 2), (3355, 7), (4665, 1), (4849, 1), (43, 1), (7421, 1), (7519, 2), (8418, 2), (8831, 1), (9425, 1), (12662, 4), (12745, 1), (13611, 1), (13918, 1), (14553, 12), (14952, 1), (15164, 1), (175, 2), (17327, 1), (18323, 3)
doeneunji (DF: 1): (14754, 1)
doer (DF: 1): (17551, 8)
doeryeon (DF: 1): (13096, 1)
doesnt (DF: 1): (16645, 2)
doet (DF: 24): (2260, 1), (2638, 1), (4256, 1), (4607, 1), (6303, 1), (7382, 6), (7421, 4), (7547, 1), (812, 1), (852, 1), (10369, 1), (11669, 1), (12446, 2), (12767, 2), (13611, 1), (14553, 1), (14555, 1), (14632, 4), (15412, 1), (16602, 5), (175, 1), (17160, 12), (17327, 1), (17663, 1)
doeu (DF: 1): (3692, 1)
doezo (DF: 3): (1318, 1), (175, 6), (18253, 1)
dog (DF: 304): (1896, 1), (1941, 3), (1949, 1), (202, 1), (2026, 1), (2077, 2), (2091, 2), (2104, 1), (2110, 3), (210, 1), (2147, 1), (2177, 1), (2251, 1), (2254, 1), (2301, 1), (2305, 1), (222, 1), (2378, 1), (2389, 1), (2440, 8), (245, 1), (2543, 2), (2545, 1), (2546, 1), (2584, 1), (26, 3), (2636, 1), (2649, 1), (2765, 2), (2767, 3), (2776, 2), (2823, 1), (2827, 1), (2865, 2), (2896, 1), (2940, 1), (2960, 6), (2963, 1), (3025, 1), (27, 2), (3048, 1), (289, 1), (3205, 2), (307, 9), (3249, 2), (3335, 1), (3356, 1), (3385, 1), (3523, 1), (3538, 1), (3606, 1), (3769, 1), (3773, 16), (3790, 1), (3811, 1), (3818, 2), (4019, 1), (4045, 2), (4074, 2), (404, 12), (4121, 5), (4185, 2), (4244, 1), (4254, 1), (4267, 1), (422, 1), (4374, 1), (4386, 1), (436, 4), (4459, 2), (4490, 1), (4525, 2), (4534, 1), (4627, 1), (4655, 1), (4706, 4), (4877, 1), (4883, 2), (4907, 1), (4937, 1), (4944, 3), (4971, 1), (5004, 1), (5014, 3), (5045, 1), (5050, 2), (5068, 2), (5096, 1), (5137, 2), (5152, 3), (5225, 1), (5251, 1), (5267, 1), (5304, 3), (5317, 1), (5332, 2), (5361, 1), (5368, 2), (5434, 8), (5462, 1), (5478, 1), (5524, 2), (5570, 6), (5589, 1), (5608, 1), (5656, 1), (5692, 1), (5702, 4), (5707, 1), (5715, 2), (5806, 1), (5811, 3), (5850, 18), (5981, 1), (5983, 3), (6086, 4), (6087, 1), (6107, 1), (6151, 2), (6165, 1), (616, 2), (6233, 2), (6390, 6), (6426, 2), (6478, 4), (6496, 2), (6560, 1), (6695, 5), (6729, 1), (6755, 2), (6759, 2), (6771, 1), (6777, 1), (6780, 9), (6817, 1), (6843, 1), (6846, 1), (6853, 2), (6881, 1), (6895, 2), (684, 2), (6929, 2), (6950, 1), (6977, 1), (6993, 1), (7017, 1), (7047, 1), (7053, 1), (7090, 6), (7133, 1), (7138, 1), (7168, 1), (7178, 2), (7182, 3), (7186, 1), (7213, 3), (7218, 1), (7220, 2), (7256, 1), (7369, 1), (737, 3), (7538, 1), (7540, 1), (7554, 1), (7559, 1), (7574, 2), (7602, 5), (7613, 1), (7634, 1), (7652, 4), (7696, 2), (72, 1), (7751, 12), (7765, 3), (7768, 1), (7772, 2), (7776, 6), (7786, 2), (7829, 1), (7862, 1), (798, 1), (7900, 2), (7924, 1), (7926, 1), (7933, 1), (7945, 1), (8026, 1), (8060, 4), (8076, 2), (8135, 2), (824, 3), (8168, 1), (8176, 6), (8183, 1), (8299, 4), (8397, 2), (8451, 1), (8467, 2), (8496, 1), (8592, 1), (8621, 3), (8715, 1), (8736, 1), (8771, 1), (8779, 2), (8787, 1), (8813, 1), (8816, 3), (8841, 2), (8895, 3), (920, 1), (9007, 1), (9016, 1), (9027, 1), (9046, 1), (9061, 1), (9073, 1), (9089, 1), (9116, 8), (9166, 4), (9167, 7), (938, 2), (9231, 2), (9275, 1), (9278, 1), (9308, 1), (952, 1), (9322, 1), (9331, 1), (9348, 1), (9356, 1), (88, 2), (966, 1), (9527, 6), (9538, 1), (9557, 1), (9608, 1), (980, 1), (9678, 1), (993, 1), (9763, 5), (9816, 1), (9820, 6), (9833, 2), (9878, 1), (1011, 9), (9918, 1), (9922, 1), (101, 1), (9983, 6), (9989, 1), (9993, 1), (10015, 44), (10025, 6), (10085, 8), (10149, 1), (10162, 1), (1032, 1), (10182, 1), (10190, 1), (10236, 1), (10257, 1), (10354, 8), (1050, 1), (10404, 1), (1058, 2), (10425, 2), (10435, 2), (10458, 1), (10484, 4), (10567, 1), (10640, 2), (10643, 2), (10684, 1), (10732, 1), (10808, 3), (10816, 1), (10825, 1), (10831, 1), (10834, 2), (10847, 1), (10859, 2), (1114, 1), (1121, 1), (10945, 1), (10986, 1), (11007, 1), (11014, 1), (11026, 1), (11028, 2), (11029, 2), (11076, 1), (11090, 1), (11135, 1), (11182, 1), (11231, 1), (11265, 1), (11300, 1), (11304, 1), (11339, 9), (11400, 1), (11473, 1), (11511, 2), (11523, 2)
