bolo (DF: 1): (1773, 1)
bologna (DF: 1): (14996, 1)
bolognes (DF: 1): (1410, 1)
bologni (DF: 1): (8407, 1)
boloss (DF: 2): (5801, 2), (15161, 3)
bolourchi (DF: 1): (1218, 1)
boloñes (DF: 1): (9248, 1)
bolpen (DF: 1): (8768, 1)
bols (DF: 4): (2316, 1), (11073, 1), (11750, 1), (13808, 1)
bolsa (DF: 7): (2631, 1), (2651, 2), (3353, 1), (3838, 2), (8574, 6), (15617, 1), (17899, 2)
bolshoi (DF: 3): (5653, 1), (12244, 1), (13383, 1)
bolsill (DF: 28): (2530, 1), (2967, 1), (342, 1), (399, 1), (4419, 1), (480, 3), (4912, 1), (5017, 1), (5621, 1), (5786, 1), (628, 1), (6513, 1), (7415, 1), (7495, 1), (7508, 1), (10705, 1), (10899, 2), (11638, 1), (11726, 1), (11783, 1), (11932, 1), (13971, 1), (14412, 1), (15054, 1), (16378, 1), (17033, 1), (17309, 1), (18187, 3)
bolsillo (DF: 2): (9631, 1), (13305, 1)
bolso (DF: 7): (213, 1), (6397, 1), (9087, 1), (9838, 1), (1183, 2), (13647, 2), (17899, 3)
bolt (DF: 35): (2086, 1), (3741, 1), (3786, 2), (4099, 1), (4132, 1), (4389, 1), (5215, 2), (6817, 1), (9233, 5), (10495, 1), (10623, 1), (10699, 2), (11164, 1), (1189, 1), (11805, 1), (12668, 1), (12819, 2), (13315, 1), (13488, 1), (13519, 9), (13823, 1), (13961, 1), (14008, 1), (14074, 2), (15518, 1), (15814, 1), (15908, 2), (16078, 1), (16279, 1), (16299, 2), (16635, 1), (16936, 1), (17437, 1), (1819, 5), (18207, 1)
boltget (DF: 1): (3741, 1)
bolth (DF: 1): (10833, 2)
bolton (DF: 1): (8532, 1)
bolu (DF: 1): (1834, 1)
bolud (DF: 3): (4347, 1), (5786, 1), (9108, 2)
boludec (DF: 1): (4515, 1)
bolz (DF: 1): (12355, 2)
bolzplatz (DF: 1): (5382, 1)
bolão (DF: 1): (6983, 1)
bom (DF: 46): (2242, 1), (2839, 1), (3692, 1), (4167, 2), (4357, 7), (5859, 1), (631, 1), (6500, 1), (6844, 1), (65, 2), (6983, 4), (7270, 3), (7519, 2), (7869, 3), (9087, 3), (9425, 1), (9812, 1), (9860, 1), (9876, 1), (10080, 8), (10279, 2), (10369, 1), (10590, 6), (11424, 2), (11808, 7), (13096, 1), (13710, 1), (1447, 48), (14314, 4), (14615, 4), (15138, 2), (15274, 2), (15400, 1), (15562, 2), (16199, 11), (16499, 2), (16792, 2), (16850, 2), (17008, 2), (17096, 1), (17327, 1), (17454, 1), (17638, 8), (17652, 5), (18227, 4), (18265, 6)
bomay (DF: 3): (10690, 25), (14533, 13), (17988, 1)
bomb (DF: 187): (1922, 1), (1964, 1), (2002, 1), (2032, 6), (2038, 1), (2121, 17), (2221, 1), (2276, 1), (2294, 4), (2422, 1), (2432, 1), (2506, 1), (2545, 1), (2640, 2), (2715, 37), (2816, 1), (2837, 1), (3019, 1), (3048, 2), (3069, 3), (3127, 1), (3179, 1), (306, 1), (3253, 1), (3268, 1), (3299, 1), (3456, 1), (3479, 1), (3524, 1), (3567, 1), (3601, 2), (3680, 1), (365, 1), (3796, 1), (3840, 1), (3869, 4), (3885, 1), (4037, 1), (4051, 1), (4059, 1), (4165, 1), (4218, 3), (4303, 1), (4381, 1), (4433, 43), (4438, 3), (4442, 2), (4459, 1), (4522, 1), (40, 1), (4647, 1), (4669, 1), (4692, 1), (4720, 1), (4740, 1), (4833, 1), (4834, 1), (4918, 1), (485, 19), (5031, 2), (5057, 1), (5091, 1), (5168, 1), (5219, 1), (5247, 1), (5312, 1), (529, 1), (5363, 1), (5513, 6), (5529, 1), (5575, 1), (5608, 2), (5649, 4), (5680, 3), (5707, 1), (5722, 1), (5766, 6), (5812, 8), (5918, 1), (5933, 1), (6055, 1), (6090, 1), (6112, 2), (6164, 1), (6188, 8), (6189, 2), (6268, 18), (624, 3), (6319, 1), (6327, 3), (6368, 2), (6472, 1), (6478, 16), (6513, 4), (6648, 5), (6697, 1), (6761, 2), (6774, 2), (6783, 1), (6784, 1), (678, 1), (684, 4), (693, 1), (695, 2), (7105, 1), (7114, 1), (7130, 1), (7144, 2), (7159, 2), (7226, 1), (7237, 1), (7268, 1), (7284, 1), (7290, 1), (7304, 1), (7369, 1), (7380, 2), (7469, 1), (7538, 2), (7554, 2), (7639, 1), (7690, 1), (7697, 1), (782, 1), (789, 5), (7895, 3), (7901, 1), (800, 1), (7945, 1), (7948, 1), (7973, 2), (8079, 3), (8170, 3), (8209, 1), (8255, 1), (8319, 1), (836, 1), (8325, 1), (8336, 1), (8350, 2), (8383, 3), (8406, 2), (8407, 1), (8416, 1), (8468, 2), (8513, 1), (8562, 6), (868, 1), (8596, 1), (80, 1), (8708, 1), (8733, 2), (8774, 2), (8850, 3), (8935, 7), (8959, 1), (9032, 1), (9142, 24), (9194, 1), (9246, 1), (9432, 1), (9527, 27), (9628, 2), (9668, 1), (9710, 2), (9842, 2), (9914, 1), (10012, 2), (10014, 1), (10119, 1), (10140, 1), (10141, 1), (1032, 1), (10274, 1), (10341, 2), (10343, 40), (10511, 9), (10590, 7), (10658, 1), (10659, 1), (10696, 1), (10774, 1), (10775, 4), (10814, 2), (10838, 2), (10868, 1), (10871, 2)
