stoler (DF: 1): (16307, 1)
stoley (DF: 1): (11716, 2)
stolik (DF: 1): (14199, 1)
stoller (DF: 2): (4157, 1), (1500, 1)
stolo (DF: 2): (6667, 1), (14383, 2)
stolp (DF: 1): (15066, 1)
stolt (DF: 1): (11364, 1)
stolz (DF: 6): (7521, 3), (10239, 1), (11521, 1), (13012, 1), (13190, 25), (16811, 1)
stomac (DF: 3): (8208, 1), (11298, 1), (17718, 1)
stomach (DF: 95): (2000, 1), (245, 1), (248, 1), (3052, 1), (3741, 1), (3789, 1), (3904, 1), (4028, 1), (4622, 1), (4684, 1), (4717, 1), (5014, 1), (5088, 1), (5299, 1), (5340, 1), (563, 1), (5794, 1), (5862, 1), (5957, 1), (6530, 1), (6558, 1), (7083, 1), (736, 1), (7459, 1), (7514, 2), (7559, 1), (7756, 1), (7924, 1), (8172, 1), (8336, 1), (8380, 1), (8755, 1), (8774, 2), (8811, 1), (9058, 1), (9115, 1), (9183, 1), (9194, 1), (9231, 4), (9301, 1), (1036, 1), (10330, 1), (10412, 1), (10503, 1), (10533, 2), (1081, 1), (10701, 1), (10888, 1), (11151, 1), (11376, 1), (11594, 1), (11781, 4), (11791, 1), (11848, 1), (11850, 2), (12447, 1), (12472, 1), (12520, 1), (12585, 1), (12777, 1), (13, 1), (13279, 1), (13380, 1), (13435, 1), (13670, 1), (13853, 6), (13867, 1), (13884, 1), (13937, 1), (13994, 1), (14156, 1), (14262, 2), (1469, 1), (1471, 1), (14473, 2), (14811, 1), (14932, 1), (15128, 2), (1552, 1), (15189, 2), (15258, 1), (15294, 1), (15309, 1), (15553, 1), (15671, 1), (16177, 1), (1741, 1), (17156, 2), (17837, 1), (17939, 1), (17981, 2), (18069, 1), (18116, 1), (18270, 1), (18351, 1)
stomm (DF: 1): (6184, 2)
stomp (DF: 81): (1929, 2), (2045, 1), (2186, 2), (2211, 1), (2434, 3), (2481, 3), (2500, 1), (2626, 1), (2687, 1), (3075, 1), (4091, 1), (407, 1), (420, 1), (4407, 1), (40, 1), (4830, 1), (4907, 1), (4971, 1), (5299, 1), (5596, 2), (5608, 1), (6151, 1), (6310, 1), (6638, 2), (684, 2), (692, 2), (696, 1), (7073, 1), (68, 2), (7218, 1), (719, 2), (7518, 1), (7690, 1), (7892, 1), (7973, 1), (8026, 1), (8613, 23), (8787, 1), (8852, 5), (8908, 14), (9264, 14), (9331, 1), (9527, 1), (10083, 1), (10195, 1), (10578, 1), (10593, 1), (10696, 6), (10868, 1), (11907, 4), (11998, 2), (12034, 1), (12168, 1), (12308, 1), (12783, 1), (13296, 1), (13297, 2), (13450, 6), (13750, 3), (14427, 1), (14438, 2), (14759, 1), (14984, 1), (1575, 1), (15537, 1), (15857, 1), (15904, 1), (15916, 1), (16362, 1), (16703, 2), (16812, 1), (16995, 1), (1730, 4), (17052, 3), (17224, 1), (17235, 1), (17259, 1), (1760, 2), (17367, 1), (1773, 1), (18059, 1)
stomper (DF: 1): (9873, 1)
stompin (DF: 20): (3174, 1), (4150, 1), (4218, 3), (5037, 2), (5291, 1), (6788, 1), (8358, 1), (8987, 1), (9615, 1), (10257, 1), (11925, 1), (12636, 2), (12989, 1), (13183, 1), (15448, 1), (16008, 1), (16453, 1), (16670, 1), (17695, 8), (17761, 1)
ston (DF: 5): (4852, 1), (4912, 36), (5716, 1), (17427, 1), (17546, 1)
stone (DF: 156): (1885, 12), (1891, 2), (1896, 8), (1915, 2), (1922, 1), (1980, 24), (2001, 1), (2032, 1), (2112, 1), (2140, 1), (2158, 1), (2164, 1), (211, 1), (2227, 1), (2285, 1), (2397, 1), (2407, 3), (2423, 1), (2464, 2), (2482, 1), (2509, 15), (245, 1), (2626, 2), (2630, 1), (2634, 1), (2676, 1), (2720, 1), (2725, 1), (2762, 1), (2768, 1), (2770, 1), (2836, 2), (2852, 1), (2859, 4), (2942, 5), (2995, 1), (2998, 1), (287, 1), (3050, 1), (3077, 1), (3164, 1), (3228, 1), (3330, 1), (3371, 1), (3474, 9), (346, 1), (3562, 1), (3638, 1), (3642, 2), (3751, 1), (377, 1), (3869, 4), (3924, 1), (3938, 1), (4020, 1), (4021, 1), (4023, 1), (4047, 1), (4062, 1), (4073, 39), (4146, 2), (4151, 1), (4242, 1), (4267, 1), (4321, 1), (4490, 1), (4499, 1), (4561, 1), (4596, 3), (4634, 4), (4649, 1), (4770, 1), (4828, 1), (474, 2), (478, 1), (4940, 11), (4960, 1), (4990, 4), (5004, 1), (5041, 1), (5044, 2), (5078, 9), (5137, 1), (5215, 22), (5278, 6), (5338, 1), (5349, 1), (5372, 4), (5378, 2), (5418, 1), (5468, 6), (5483, 1), (5519, 1), (5601, 1), (5604, 1), (5612, 1), (5694, 1), (5749, 1), (5824, 1), (5908, 1), (5979, 2), (5992, 7), (6020, 23), (596, 3), (6046, 1), (601, 1), (6076, 1), (6178, 1), (6328, 1), (6374, 2), (6387, 1), (6431, 1), (6434, 24), (643, 2), (650, 1), (6728, 1), (6732, 1), (6784, 10), (6881, 2), (6922, 4), (6941, 1), (689, 1), (7015, 1), (7094, 1), (7133, 1), (7135, 1), (7178, 1), (7179, 1), (7224, 2), (7257, 2), (7289, 2), (7318, 1), (7321, 1), (7323, 1), (7359, 1), (7369, 1), (7423, 4), (7439, 1), (7470, 12), (7498, 9), (7559, 1), (7568, 1), (7650, 1), (774, 2), (7663, 2), (7681, 5), (7730, 1), (7757, 3), (7852, 3), (7862, 1), (796, 1), (7872, 13), (7874, 1), (7882, 1), (798, 16), (7923, 1)
