slave (DF: 78): (2871, 1), (3484, 10), (3628, 1), (3946, 1), (4074, 2), (4345, 2), (4407, 1), (4641, 1), (5230, 1), (563, 3), (5934, 2), (5961, 1), (6010, 1), (601, 1), (627, 20), (671, 1), (6867, 1), (7006, 1), (7182, 1), (7296, 2), (7569, 2), (7589, 3), (7594, 1), (7805, 1), (804, 1), (8156, 2), (868, 1), (8881, 1), (9283, 2), (9538, 1), (999, 6), (9848, 1), (10085, 12), (10195, 1), (10425, 2), (10711, 1), (10758, 1), (10794, 10), (11143, 1), (11188, 1), (11637, 1), (1200, 1), (11804, 1), (11857, 1), (11864, 1), (11987, 1), (12076, 1), (12526, 2), (12729, 1), (13497, 2), (13748, 1), (14037, 1), (14117, 1), (14160, 1), (14317, 1), (14328, 2), (14430, 1), (14848, 1), (14903, 2), (14971, 1), (15370, 4), (15535, 2), (15646, 1), (16288, 2), (16308, 1), (16322, 1), (16753, 1), (1713, 1), (17035, 1), (17093, 1), (17272, 1), (17297, 1), (17556, 1), (17698, 1), (17750, 1), (18089, 1), (18140, 1), (18237, 1)
slave12 (DF: 1): (12850, 1)
slavengedrag (DF: 1): (6008, 1)
slaver (DF: 1): (12526, 2)
slaveri (DF: 16): (204, 1), (4148, 1), (4931, 1), (5961, 1), (742, 1), (7943, 1), (8841, 2), (10344, 1), (11326, 2), (12758, 1), (13873, 1), (14010, 1), (16200, 1), (17651, 1), (1817, 1), (1856, 1)
slavin (DF: 2): (10505, 1), (14057, 2)
slay (DF: 51): (204, 1), (2263, 1), (2294, 2), (2562, 1), (3521, 1), (4515, 1), (5312, 1), (5722, 1), (5817, 2), (6761, 2), (6771, 1), (7198, 1), (7214, 27), (7520, 1), (7973, 1), (8602, 1), (8779, 8), (8803, 4), (9061, 1), (9130, 1), (9498, 1), (9574, 1), (10341, 1), (10480, 1), (10495, 2), (1084, 1), (1132, 1), (11295, 1), (11637, 1), (12946, 1), (12992, 1), (13044, 1), (13052, 1), (13135, 1), (13763, 1), (14218, 1), (14377, 1), (14768, 2), (14942, 1), (14946, 49), (15168, 1), (15329, 3), (15534, 1), (15652, 1), (15926, 1), (16832, 3), (17043, 1), (1744, 2), (1773, 2), (17672, 1), (17710, 1)
slayer (DF: 1): (558, 1)
slayin (DF: 5): (4218, 3), (9135, 1), (1150, 1), (12412, 1), (159, 1)
sleak (DF: 1): (17450, 3)
sleaz (DF: 5): (2940, 1), (5317, 1), (5361, 1), (11215, 1), (12828, 1)
sleazi (DF: 20): (1977, 1), (3803, 2), (3904, 1), (3986, 1), (5455, 1), (553, 1), (8099, 1), (9183, 1), (9659, 1), (10252, 2), (10809, 6), (10991, 1), (11492, 1), (12262, 4), (12654, 1), (12988, 1), (13, 1), (14135, 1), (16254, 1), (16362, 1)
sleazili (DF: 2): (9833, 2), (1648, 4)
sleazin (DF: 2): (3042, 1), (18341, 1)
slecht (DF: 6): (6008, 2), (7519, 1), (7547, 6), (15412, 1), (1619, 1), (16600, 1)
sled (DF: 3): (5496, 3), (10151, 1), (17445, 1)
sledg (DF: 3): (7690, 1), (11847, 1), (12826, 1)
sledgehamm (DF: 1): (15871, 1)
slee (DF: 4): (6362, 3), (10107, 3), (17009, 6), (17248, 18)
sleeeeeee (DF: 1): (10275, 1)
sleek (DF: 4): (2039, 1), (4987, 2), (11115, 1), (11121, 2)
sleep (DF: 160): (18, 6), (1887, 3), (1892, 1), (1910, 1), (1955, 10), (2012, 1), (2047, 1), (204, 3), (2075, 1), (2082, 4), (2153, 1), (2156, 5), (2157, 2), (2160, 2), (2168, 6), (2177, 3), (2196, 2), (2214, 1), (2223, 1), (2228, 2), (2232, 1), (2237, 1), (2244, 1), (2247, 1), (2256, 1), (2265, 1), (2273, 2), (2276, 2), (2295, 1), (2302, 8), (2305, 1), (2333, 1), (2355, 3), (2370, 1), (2386, 2), (2415, 1), (2419, 1), (2432, 2), (2437, 1), (2448, 1), (238, 5), (2492, 1), (2493, 2), (2497, 2), (2542, 2), (2544, 1), (2546, 1), (2561, 1), (2572, 1), (2587, 1), (2594, 2), (2607, 1), (2611, 1), (2627, 1), (2634, 1), (2678, 1), (2688, 2), (2706, 1), (2733, 1), (2735, 1), (2742, 1), (2771, 8), (2774, 44), (2786, 1), (2798, 11), (2827, 2), (271, 4), (2856, 1), (2890, 1), (2899, 2), (2901, 1), (2933, 2), (2962, 5), (3001, 2), (3020, 3), (3026, 1), (3032, 6), (288, 1), (3061, 1), (3073, 1), (3085, 2), (3094, 3), (3118, 9), (3129, 3), (3139, 2), (3147, 1), (3148, 1), (3153, 1), (3157, 4), (3168, 3), (3175, 8), (3178, 2), (3205, 2), (3216, 3), (3232, 3), (320, 16), (3310, 1), (3315, 1), (3327, 8), (3356, 1), (3365, 2), (3383, 1), (3387, 1), (3450, 1), (3468, 1), (3483, 1), (343, 1), (3521, 1), (3556, 1), (350, 2), (3574, 1), (3661, 3), (3667, 8), (3685, 1), (3713, 1), (3721, 3), (3742, 3), (3802, 1), (32, 2), (3809, 7), (3811, 1), (3834, 3), (3886, 1), (3906, 12), (3910, 6), (3935, 2), (3938, 1), (3967, 1), (3971, 1), (3979, 2), (4065, 1), (4072, 4), (4092, 2), (4098, 3), (4106, 1), (4120, 2), (4122, 1), (4142, 1), (4183, 1), (4192, 1), (4221, 2), (4248, 1), (4262, 1), (4272, 1), (4303, 1), (425, 1), (4319, 1), (4331, 2), (4342, 2), (4354, 4), (4374, 1), (4377, 1), (38, 1), (4409, 6), (4477, 1), (4488, 1), (4523, 7), (4535, 3), (4547, 1), (4548, 1)
