wild (DF: 40): (1820, 1), (18117, 2), (18167, 2), (18254, 1), (18284, 2), (18308, 1), (18336, 1), (18372, 3), (18431, 1), (1880, 2), (2774, 12), (2775, 1), (3482, 11), (3483, 2), (3871, 17), (3873, 1), (4090, 1), (4091, 1), (4592, 1), (4593, 1), (4897, 1), (4898, 12), (5086, 1), (5087, 2), (5747, 1), (5748, 2), (7371, 2), (7372, 2), (7477, 1), (7478, 1), (8672, 14), (8673, 8), (10008, 1), (10010, 1), (10581, 3), (10582, 2), (11862, 1), (11863, 10), (15386, 10), (15388, 1)
wildboy (DF: 1): (18133, 1)
wildcard (DF: 2): (10070, 6), (18409, 6)
wildcat (DF: 4): (5182, 2), (7319, 1), (886, 1), (18348, 1)
wildchild (DF: 1): (14597, 1)
wilder (DF: 20): (2222, 2), (2284, 4), (3407, 1), (3766, 2), (4586, 2), (5827, 4), (5992, 1), (6452, 1), (7307, 2), (7690, 2), (944, 1), (1007, 4), (12184, 2), (12903, 1), (14545, 1), (15015, 1), (15533, 1), (16089, 1), (16862, 1), (17606, 2)
wildest (DF: 24): (1941, 1), (2103, 1), (3084, 3), (3181, 2), (3386, 8), (4171, 3), (4283, 1), (5405, 1), (6495, 1), (6979, 1), (7182, 1), (7594, 1), (7643, 2), (8532, 1), (8721, 1), (10376, 2), (11804, 1), (11970, 1), (12153, 9), (13599, 2), (14317, 1), (15974, 4), (17167, 1), (17857, 1)
wildfir (DF: 17): (5637, 2), (5914, 1), (6827, 7), (7345, 1), (7499, 2), (8284, 1), (9878, 1), (10127, 7), (1205, 1), (12102, 8), (12459, 3), (13552, 1), (14583, 2), (15410, 2), (17218, 1), (17856, 1), (17864, 8)
wildflow (DF: 4): (5729, 1), (6311, 5), (7430, 1), (17887, 1)
wildheart (DF: 1): (2682, 1)
wildin (DF: 36): (2319, 10), (2771, 1), (268, 2), (3049, 6), (4585, 1), (4918, 1), (6217, 1), (6648, 18), (7721, 1), (8416, 1), (8472, 10), (8916, 2), (944, 2), (9290, 2), (9627, 9), (10044, 1), (1036, 1), (10569, 1), (10774, 1), (11206, 2), (11780, 3), (12452, 1), (13011, 1), (13855, 3), (13953, 4), (14176, 1), (15036, 2), (15610, 5), (16032, 1), (16350, 4), (16894, 6), (17047, 1), (17318, 1), (17354, 1), (18062, 2), (18346, 12)
wildlif (DF: 1): (590, 1)
wildstreet (DF: 1): (4705, 1)
wildstyl (DF: 1): (12038, 1)
wildstylez (DF: 1): (4902, 1)
wildvib (DF: 1): (6116, 1)
wile (DF: 3): (3637, 2), (4703, 3), (1265, 3)
wiley (DF: 7): (3444, 4), (4995, 1), (14018, 1), (14762, 2), (16868, 2), (17126, 1), (17141, 1)
wilfr (DF: 1): (12852, 1)
wilhelmina (DF: 2): (8870, 1), (14486, 1)
wilhelmsplatz (DF: 1): (1244, 1)
wilin (DF: 4): (3731, 1), (4432, 1), (7176, 2), (14351, 1)
wilk (DF: 2): (661, 1), (16366, 4)
wilkinson (DF: 1): (9263, 1)
will (DF: 154): (2037, 1), (2147, 1), (2263, 1), (2333, 2), (2505, 2), (2535, 1), (245, 1), (2574, 1), (246, 1), (2622, 1), (2637, 4), (2714, 2), (2943, 1), (2959, 1), (3108, 1), (3123, 1), (3133, 1), (3406, 1), (3439, 1), (3464, 1), (3499, 1), (3570, 1), (3582, 3), (3742, 3), (3769, 1), (3894, 2), (3962, 1), (3984, 1), (397, 3), (4075, 1), (4087, 1), (4284, 2), (4318, 1), (4400, 1), (437, 1), (4473, 2), (40, 1), (4698, 1), (4793, 1), (484, 1), (5103, 1), (5172, 1), (5201, 2), (5266, 1), (5274, 1), (5644, 1), (5691, 1), (5704, 1), (5963, 1), (6038, 1), (6082, 1), (604, 8), (6208, 2), (6395, 1), (6527, 1), (6553, 1), (6600, 2), (6620, 1), (6835, 1), (6901, 3), (7044, 4), (7104, 2), (7278, 3), (7306, 1), (7445, 1), (7463, 4), (7559, 1), (7693, 5), (778, 5), (7929, 9), (8038, 1), (8111, 2), (8260, 1), (8311, 3), (8431, 1), (8498, 1), (8743, 1), (8843, 1), (8879, 1), (8966, 1), (8999, 1), (925, 1), (9293, 1), (9788, 1), (9795, 1), (10157, 1), (10340, 16), (10498, 1), (10545, 1), (10687, 2), (10764, 7), (10820, 1), (10838, 2), (10965, 1), (11024, 1), (11148, 1), (11277, 1), (11287, 1), (11323, 10), (11461, 1), (1177, 1), (11522, 1), (12000, 1), (12079, 1), (12184, 2), (12363, 1), (12421, 1), (12453, 2), (12659, 1), (12703, 16), (12966, 1), (13125, 1), (1344, 1), (13392, 1), (13755, 3), (13828, 1), (14153, 1), (14231, 16), (14254, 1), (14440, 1), (14524, 1), (14616, 4), (14690, 1), (15066, 1), (15248, 2), (15252, 1), (15280, 3), (15323, 1), (15495, 1), (15502, 1), (15517, 1), (15702, 1), (16088, 2), (16097, 5), (16127, 1), (16146, 1), (1651, 1), (16537, 1), (1690, 1), (16601, 2), (1736, 1), (17099, 1), (17323, 4), (17421, 1), (17446, 2), (17546, 1), (17630, 3), (17733, 1), (17745, 1), (17958, 1), (18278, 4), (4285, 1), (11551, 1), (11552, 1)
willation (DF: 2): (648, 1), (14215, 1)
willcarri (DF: 1): (1741, 1)
willen (DF: 12): (2638, 2), (6303, 2), (6631, 1), (6641, 3), (7000, 1), (7421, 1), (1077, 6), (11444, 2), (11590, 1), (12446, 20), (12745, 1), (13611, 1)
