upon (DF: 73): (15323, 1), (15468, 1), (15470, 2), (15531, 2), (15566, 5), (1593, 1), (15693, 1), (15703, 1), (1617, 2), (15808, 2), (166, 1), (15874, 1), (15876, 1), (15895, 1), (15902, 2), (15945, 1), (1643, 1), (16056, 1), (16128, 2), (16155, 1), (16164, 1), (16182, 2), (16215, 2), (16270, 6), (16324, 1), (16363, 1), (16374, 4), (16471, 1), (16529, 1), (1685, 2), (16589, 2), (174, 2), (16794, 21), (16803, 2), (17044, 1), (17149, 1), (17244, 2), (17353, 1), (17414, 1), (17556, 1), (17741, 1), (182, 1), (17769, 1), (17791, 2), (17913, 1), (17915, 3), (17920, 1), (17921, 1), (18004, 2), (18152, 1), (18160, 1), (18176, 1), (1846, 1), (18330, 1), (18396, 1), (18402, 1), (18409, 2), (1874, 2), (1877, 1), (6597, 1), (6599, 5), (743, 1), (744, 1), (10390, 1), (10392, 1), (10506, 3), (10507, 2), (11066, 1), (11067, 1), (17841, 1), (17843, 1), (18079, 1), (18080, 1)
upper (DF: 29): (2341, 1), (2634, 3), (2765, 1), (3068, 1), (4457, 4), (5082, 1), (5482, 1), (6780, 3), (7443, 1), (8322, 1), (8550, 1), (9509, 1), (9752, 1), (10102, 2), (10195, 4), (11151, 1), (11250, 1), (11440, 1), (12308, 1), (13951, 3), (14081, 1), (14093, 1), (14463, 4), (14925, 5), (15806, 3), (16750, 2), (17051, 1), (17305, 1), (1880, 2)
uppercas (DF: 1): (7680, 1)
uppercut (DF: 13): (3719, 1), (5382, 1), (8303, 1), (8473, 1), (8559, 1), (10157, 1), (11551, 4), (11590, 1), (13755, 2), (17630, 2), (1799, 1), (17773, 1), (18415, 1)
uppin (DF: 3): (8234, 1), (9576, 2), (14835, 1)
upright (DF: 5): (2293, 1), (369, 1), (787, 1), (7939, 4), (13816, 4)
upris (DF: 31): (1957, 4), (2163, 1), (2418, 1), (2838, 1), (2900, 1), (4283, 1), (4775, 1), (4776, 1), (521, 1), (5375, 1), (5383, 1), (5534, 1), (5763, 1), (6383, 1), (8348, 1), (8665, 1), (9456, 1), (9753, 1), (1015, 1), (11497, 1), (12556, 1), (13319, 1), (13815, 1), (13859, 1), (14030, 1), (15365, 1), (16574, 1), (16924, 1), (17751, 1), (17994, 1), (18371, 1)
uproot (DF: 4): (2592, 1), (10765, 1), (12035, 1), (15339, 1)
ups (DF: 1): (15066, 1)
upset (DF: 66): (2110, 3), (2154, 1), (2337, 1), (2482, 3), (2486, 1), (2502, 3), (2672, 1), (292, 1), (3597, 1), (4632, 2), (5332, 2), (5692, 1), (5839, 1), (581, 1), (6627, 1), (6796, 1), (7020, 1), (779, 1), (7724, 1), (8088, 3), (8299, 2), (8369, 3), (8475, 1), (8575, 1), (8660, 1), (946, 2), (9608, 1), (9689, 1), (9817, 2), (9830, 3), (9861, 1), (9987, 2), (10484, 4), (10845, 1), (10871, 1), (10977, 1), (12159, 3), (12402, 1), (12475, 2), (1313, 1), (13042, 1), (13309, 1), (13314, 1), (13680, 2), (13814, 1), (14393, 2), (1558, 1), (15743, 3), (15859, 1), (170, 1), (16375, 1), (16460, 1), (16535, 1), (16734, 16), (17086, 1), (17235, 1), (17292, 1), (17381, 1), (17651, 1), (17730, 1), (17825, 1), (17881, 1), (17914, 1), (18017, 1), (18061, 1), (18259, 1)
upset6 (DF: 1): (8369, 1)
upsettin (DF: 1): (18018, 1)
upsi (DF: 1): (15612, 3)
upsid (DF: 69): (2610, 1), (2750, 1), (3186, 1), (339, 1), (3470, 11), (3576, 1), (4813, 5), (4854, 1), (5386, 1), (5743, 1), (578, 5), (5862, 1), (5924, 1), (6087, 1), (6507, 2), (6817, 1), (7050, 1), (7528, 1), (7671, 1), (824, 3), (8229, 3), (8261, 2), (8411, 2), (8759, 2), (906, 1), (9148, 1), (10066, 1), (10286, 2), (10384, 1), (10701, 1), (10739, 3), (10876, 1), (10988, 6), (11225, 2), (11470, 1), (11474, 3), (11655, 1), (11854, 2), (12035, 7), (12101, 17), (12123, 1), (12282, 1), (12288, 6), (12415, 1), (12536, 13), (12590, 2), (130, 1), (13104, 1), (13147, 1), (13167, 1), (13925, 2), (14052, 17), (1477, 4), (15488, 1), (15511, 25), (16065, 1), (16107, 1), (16168, 2), (16399, 2), (16422, 1), (1734, 1), (17559, 2), (1793, 1), (17851, 2), (17922, 1), (18206, 1), (18246, 1), (18330, 18), (18374, 1)
upsot (DF: 1): (17632, 1)
upstair (DF: 34): (2362, 1), (3105, 1), (3860, 1), (441, 1), (4899, 8), (6606, 1), (7057, 1), (7179, 1), (7857, 1), (8804, 1), (8995, 1), (9046, 1), (932, 1), (9765, 2), (9854, 1), (10195, 1), (10374, 1), (10830, 2), (11349, 1), (11791, 1), (12484, 1), (14120, 1), (14232, 1), (15101, 1), (15115, 1), (159, 1), (15822, 2), (15969, 1), (16177, 1), (16302, 2), (1714, 10), (17287, 1), (17499, 35), (17550, 1)
upstart (DF: 1): (8537, 1)
upstat (DF: 8): (1943, 1), (3186, 1), (3731, 1), (9020, 1), (10370, 1), (11601, 1), (15154, 1), (17925, 2)
upstream (DF: 6): (2916, 1), (3350, 1), (4454, 1), (12046, 1), (12781, 1), (17412, 1)
upsuh (DF: 1): (1574, 2)
upsw (DF: 2): (5868, 1), (14156, 1)
upszi (DF: 1): (8604, 3)
uptempo (DF: 1): (1757, 1)
uptight (DF: 1): (2216, 1)
