sis (DF: 8): (9622, 1), (11188, 1), (11773, 3), (11781, 4), (13102, 2), (15705, 4), (16700, 1), (18054, 1)
sise (DF: 1): (5932, 1)
sisi (DF: 3): (5932, 1), (9825, 2), (13930, 1)
sisikat (DF: 2): (10227, 1), (16246, 1)
siskat (DF: 2): (4004, 1), (1176, 2)
siskel (DF: 1): (6988, 1)
sism (DF: 6): (5306, 1), (7676, 1), (1046, 2), (12506, 2), (16578, 3), (16915, 2)
sismic (DF: 2): (3111, 1), (8236, 1)
sisoy (DF: 1): (417, 1)
sisqo (DF: 13): (255, 1), (5076, 1), (6050, 1), (6322, 1), (6618, 1), (660, 1), (983, 1), (10960, 1), (12813, 1), (13122, 1), (13279, 1), (13282, 1), (14133, 1)
sisqólif (DF: 1): (2906, 1)
sissi (DF: 12): (40, 1), (5722, 1), (7090, 1), (7540, 1), (8862, 1), (9322, 4), (11650, 1), (13432, 1), (13637, 1), (14768, 2), (16619, 1), (16800, 1)
sissoko (DF: 1): (18073, 1)
sist (DF: 5): (5691, 1), (6620, 1), (12904, 1), (13755, 1), (17630, 1)
sista (DF: 26): (2264, 2), (2847, 1), (3087, 41), (5107, 2), (5133, 2), (6042, 1), (6074, 41), (646, 1), (6742, 1), (8233, 1), (8592, 1), (9996, 1), (10470, 1), (11773, 41), (1216, 1), (11964, 1), (13116, 1), (13632, 1), (14062, 1), (14142, 1), (14149, 2), (14515, 1), (14519, 1), (14986, 1), (15713, 1), (16275, 1)
sistem (DF: 36): (2034, 2), (2429, 1), (3071, 1), (3226, 1), (4434, 3), (4702, 1), (5475, 2), (6423, 1), (7068, 2), (7166, 1), (7586, 1), (7961, 1), (8036, 1), (8478, 2), (9252, 1), (9285, 1), (9972, 1), (11924, 1), (12397, 1), (12431, 1), (1284, 1), (12658, 2), (12804, 1), (13188, 1), (13369, 2), (13442, 2), (14260, 1), (14301, 1), (1478, 1), (15638, 2), (16113, 1), (1653, 14), (17171, 1), (17192, 1), (17861, 1), (18087, 2)
sistema (DF: 2): (4167, 1), (8574, 1)
sistemon (DF: 1): (17779, 1)
sister (DF: 222): (3, 1), (204, 1), (2085, 1), (2264, 2), (2294, 2), (2399, 1), (2499, 1), (2598, 1), (2634, 1), (2836, 1), (2838, 2), (3009, 1), (287, 2), (3050, 2), (3129, 2), (3278, 2), (3285, 12), (3331, 1), (3370, 4), (3432, 1), (3634, 1), (3803, 2), (3815, 3), (3904, 1), (4027, 4), (4094, 1), (4106, 1), (4151, 1), (4165, 1), (4168, 1), (4250, 1), (4427, 2), (4533, 1), (4664, 1), (4854, 1), (4905, 2), (4937, 1), (5102, 1), (5278, 1), (5316, 2), (5410, 1), (5444, 2), (6, 1), (5731, 1), (5774, 1), (5777, 1), (5817, 2), (5876, 4), (5907, 1), (6245, 2), (6265, 2), (6348, 1), (6373, 1), (6375, 1), (6525, 1), (6644, 2), (6671, 1), (6755, 1), (6763, 2), (6779, 2), (6801, 1), (6895, 1), (7051, 2), (7131, 1), (702, 1), (7213, 3), (7275, 2), (7361, 3), (7439, 2), (7448, 1), (7465, 1), (7468, 3), (774, 1), (7690, 1), (7938, 2), (7988, 2), (8069, 1), (8244, 1), (8254, 1), (8367, 2), (8394, 1), (8439, 1), (8502, 1), (80, 1), (8956, 2), (9000, 1), (9015, 2), (9027, 1), (9080, 2), (9130, 1), (9183, 1), (9231, 2), (9390, 5), (9409, 2), (9477, 1), (9501, 1), (9602, 1), (9646, 1), (9676, 1), (9915, 3), (9985, 1), (10025, 1), (10056, 1), (10302, 1), (10341, 1), (106, 7), (10370, 1), (10373, 1), (10405, 15), (1060, 1), (10458, 1), (10648, 2), (10789, 1), (10858, 1), (10882, 1), (10994, 1), (11058, 1), (11224, 10), (11236, 2), (11304, 1), (11338, 7), (11357, 2), (1169, 9), (11470, 2), (11492, 1), (11507, 1), (11616, 1), (1191, 1), (11681, 1), (11709, 7), (11782, 24), (11822, 2), (11843, 1), (11912, 1), (12015, 1), (12096, 7), (12210, 1), (12295, 1), (12418, 1), (12682, 3), (12777, 1), (12826, 8), (12850, 1), (1306, 1), (12928, 1), (12972, 1), (12996, 1), (13116, 3), (1328, 2), (13196, 1), (13315, 1), (13435, 3), (13451, 2), (13469, 2), (13480, 1), (13587, 2), (13632, 2), (13697, 2), (13802, 2), (13805, 3), (13891, 1), (14010, 1), (1429, 1), (14093, 1), (14142, 1), (14234, 6), (14242, 1), (14261, 1), (14584, 1), (14663, 2), (14777, 2), (14791, 1), (13, 1), (14996, 1), (1536, 1), (15043, 1), (15080, 1), (15100, 1), (15113, 2), (15168, 1), (15170, 1), (15364, 2), (15422, 4), (15430, 2), (15788, 2), (15933, 2), (15945, 1), (1638, 1), (16010, 2), (16152, 4), (16162, 8), (16200, 3), (16250, 2), (16577, 1), (16645, 4), (16709, 2), (16868, 1), (16896, 1), (16913, 1), (17049, 1), (17191, 1), (17219, 1), (17280, 2), (17353, 1), (17355, 1), (17436, 1), (17723, 2), (17766, 1), (17769, 2), (17797, 1), (17802, 1), (17879, 1), (17935, 2), (17988, 1), (18010, 2), (18026, 2), (18037, 1), (18130, 1), (18140, 1), (18235, 1), (18430, 1), (18436, 9)
sistin (DF: 1): (10154, 1)
sistol (DF: 1): (18441, 1)
sistren (DF: 1): (2784, 4)
sit (DF: 6): (1902, 1), (1913, 1), (1916, 1), (1949, 1), (1980, 1), (2039, 1)
