ao (DF: 40): (3838, 1), (3955, 2), (4289, 2), (6028, 1), (6289, 1), (60, 3), (7239, 2), (8113, 1), (8352, 1), (8363, 1), (8946, 2), (9087, 1), (9279, 2), (9355, 2), (9391, 2), (9812, 1), (9981, 3), (10060, 2), (10316, 2), (10598, 2), (11835, 2), (12177, 4), (13078, 1), (13304, 2), (15400, 2), (15562, 2), (15605, 3), (15898, 1), (16353, 1), (16530, 2), (16626, 1), (16762, 2), (16792, 2), (16847, 1), (16850, 2), (17397, 2), (17551, 4), (1787, 1), (18036, 2), (18163, 2)
aod (DF: 2): (10648, 2), (10693, 1)
aoh (DF: 3): (5457, 2), (5647, 1), (17525, 2)
aoi (DF: 1): (11688, 1)
aok (DF: 2): (446, 2), (8264, 1)
aoki (DF: 24): (3085, 1), (3670, 1), (3945, 3), (4241, 1), (5727, 1), (5815, 1), (5951, 1), (6066, 2), (6712, 1), (887, 1), (8832, 1), (9735, 1), (9797, 1), (1134, 2), (1161, 3), (12505, 6), (12515, 2), (13358, 2), (13482, 1), (14201, 1), (14538, 1), (17244, 2), (17675, 1), (17772, 1)
aol (DF: 3): (2995, 5), (586, 1), (18147, 1)
aon (DF: 2): (2305, 1), (17599, 3)
aond (DF: 3): (6500, 1), (8113, 1), (18186, 4)
aor (DF: 2): (12430, 5), (14906, 2)
aorta (DF: 1): (11411, 1)
aou (DF: 1): (10304, 1)
aow (DF: 3): (873, 1), (12625, 1), (16461, 1)
aoww (DF: 3): (8163, 1), (11394, 1), (17400, 1)
ap (DF: 95): (2192, 1), (2737, 1), (3335, 1), (3991, 2), (4497, 6), (4661, 6), (4704, 1), (4833, 2), (4887, 2), (5055, 8), (5137, 4), (5228, 3), (5445, 1), (5642, 1), (567, 6), (6104, 2), (6214, 1), (6458, 1), (6462, 1), (6568, 1), (6695, 1), (6751, 2), (6804, 2), (7006, 1), (7105, 1), (7106, 1), (7258, 2), (7302, 3), (7654, 1), (7691, 1), (7749, 2), (7768, 1), (7835, 1), (7900, 1), (8004, 1), (8113, 1), (8232, 1), (8387, 1), (8455, 2), (8725, 4), (8860, 14), (9147, 1), (9245, 1), (9627, 9), (9781, 1), (10131, 2), (10137, 1), (10346, 2), (10358, 1), (1058, 3), (10693, 4), (10977, 1), (11102, 1), (11123, 1), (11314, 1), (11476, 1), (11767, 1), (11778, 6), (12264, 1), (12290, 1), (12397, 1), (12418, 2), (12551, 1), (12585, 1), (13308, 3), (13315, 1), (13610, 1), (13909, 2), (14262, 1), (14298, 1), (14355, 7), (1478, 1), (14637, 3), (14840, 1), (15188, 1), (15328, 1), (15332, 2), (15587, 1), (15770, 6), (15788, 1), (16022, 2), (16216, 2), (16355, 1), (17410, 1), (17611, 2), (17705, 1), (1799, 1), (17779, 1), (17859, 3), (17861, 1), (18168, 2), (18170, 1), (18368, 3), (18385, 1), (1881, 1)
apa (DF: 6): (1918, 1), (3603, 1), (12477, 1), (13990, 2), (15162, 1), (16900, 1)
apach (DF: 5): (3764, 1), (8999, 4), (12453, 12), (17331, 3), (18261, 1)
apaciguao (DF: 1): (6009, 2)
apag (DF: 94): (2604, 1), (3071, 1), (3093, 2), (3111, 6), (3219, 4), (3340, 1), (3358, 2), (353, 1), (3609, 4), (3669, 1), (3853, 1), (4195, 1), (4288, 1), (4300, 3), (4591, 5), (4594, 3), (4605, 2), (4799, 1), (4916, 1), (5224, 2), (5363, 4), (5770, 3), (6111, 1), (6279, 2), (6436, 6), (6450, 1), (648, 2), (6659, 1), (6932, 2), (7028, 4), (7108, 1), (7196, 1), (7504, 1), (7587, 6), (7653, 1), (7676, 2), (776, 1), (7961, 2), (8036, 1), (8140, 1), (8236, 6), (8352, 2), (8516, 1), (8945, 1), (9575, 1), (9916, 1), (9960, 4), (10407, 1), (10682, 1), (10781, 1), (10943, 1), (11558, 1), (11605, 3), (11750, 1), (11978, 3), (12092, 1), (12350, 3), (12506, 4), (12541, 1), (12656, 1), (12674, 1), (13023, 1), (13141, 3), (13369, 14), (13412, 9), (13442, 1), (13973, 1), (13986, 3), (14012, 1), (14016, 1), (14215, 2), (14525, 1), (14691, 2), (14704, 2), (15234, 1), (15638, 2), (15719, 2), (15868, 3), (15914, 4), (15940, 1), (16013, 2), (16024, 1), (1653, 12), (16373, 1), (16802, 1), (16885, 1), (17059, 3), (17194, 2), (17213, 1), (17403, 1), (17700, 6), (18187, 3), (15633, 1), (15634, 1)
apaga (DF: 8): (3007, 5), (5042, 2), (8113, 1), (8941, 1), (9120, 19), (9387, 2), (15589, 1), (15919, 1)
apagal (DF: 3): (3358, 1), (3609, 2), (15054, 1)
apagam (DF: 3): (4032, 1), (10807, 14), (16407, 14)
apagar (DF: 2): (3305, 2), (4214, 1)
apagará (DF: 1): (18097, 2)
apaguem (DF: 1): (18187, 3)
apaixon (DF: 1): (13742, 1)
apaixonado (DF: 2): (7175, 1), (17551, 2)
apaixonar (DF: 3): (12677, 1), (15274, 1), (17652, 1)
apaixonei (DF: 1): (2539, 4)
apali (DF: 1): (14869, 1)
apambich (DF: 1): (2306, 1)
apambichao (DF: 1): (6009, 4)
apanbicha (DF: 2): (7380, 2), (9246, 1)
apand (DF: 1): (14061, 1)
apanesi (DF: 1): (7380, 2)
