slide (DF: 90): (12756, 3), (12797, 3), (12798, 1), (12946, 1), (12998, 1), (13027, 1), (13072, 1), (13176, 1), (13201, 1), (13202, 1), (13270, 1), (13545, 1), (13575, 1), (13642, 1), (13681, 2), (13792, 1), (1410, 4), (13865, 2), (13909, 1), (14164, 3), (14256, 9), (14302, 4), (14415, 3), (14569, 1), (1498, 3), (14792, 2), (14810, 1), (14812, 18), (14938, 1), (14978, 8), (15008, 42), (15034, 1), (15041, 2), (15175, 1), (15190, 1), (15281, 1), (15329, 6), (15371, 2), (15397, 3), (15434, 1), (15453, 2), (15487, 2), (15585, 1), (1609, 2), (15718, 2), (15865, 1), (16019, 1), (16032, 1), (16061, 2), (16072, 6), (16193, 1), (1657, 1), (16301, 1), (16351, 2), (16424, 2), (16464, 1), (16744, 1), (16767, 1), (16821, 2), (16823, 1), (17016, 1), (17126, 1), (17129, 1), (17134, 4), (17163, 2), (17169, 10), (17173, 1), (17189, 1), (17206, 1), (17296, 1), (17336, 8), (17481, 1), (17492, 4), (17514, 2), (17533, 1), (1779, 1), (17808, 1), (17904, 3), (17908, 1), (17920, 1), (18027, 11), (18106, 2), (18158, 7), (18194, 21), (18274, 1), (18428, 1), (802, 1), (803, 1), (9263, 2), (9264, 9)
slider (DF: 4): (5862, 1), (8575, 1), (10615, 1), (12418, 1)
slideshow (DF: 1): (18190, 1)
slidin (DF: 43): (2004, 1), (2493, 5), (3232, 9), (3485, 7), (3525, 1), (3850, 3), (4523, 5), (469, 1), (4824, 1), (5693, 1), (5817, 2), (6071, 3), (6602, 1), (6623, 3), (6704, 2), (6999, 5), (7004, 1), (7121, 1), (801, 1), (825, 3), (8779, 8), (9231, 6), (9627, 9), (9933, 12), (10932, 1), (11322, 1), (11663, 1), (12171, 2), (13127, 3), (1343, 1), (13897, 2), (14062, 1), (14164, 20), (16077, 1), (16163, 12), (17162, 1), (17206, 1), (17540, 1), (17755, 1), (1799, 1), (1837, 1), (1839, 6), (18346, 5)
slidt (DF: 1): (10050, 1)
sliep (DF: 1): (12767, 1)
slight (DF: 33): (2025, 3), (2228, 2), (240, 2), (2512, 1), (270, 1), (2927, 1), (3322, 1), (3408, 1), (455, 1), (6220, 1), (686, 1), (6950, 1), (7880, 1), (8383, 1), (8782, 1), (9054, 3), (9331, 1), (9594, 1), (10200, 1), (11545, 1), (12977, 1), (1323, 1), (13113, 1), (13945, 1), (14021, 2), (14449, 1), (15392, 1), (16713, 1), (16935, 1), (17011, 1), (17105, 1), (1790, 1), (18096, 2)
slightest (DF: 7): (1892, 1), (2804, 1), (6972, 1), (9376, 2), (13545, 1), (13972, 1), (16886, 1)
slijmen (DF: 2): (4256, 1), (6008, 1)
slike (DF: 1): (9361, 1)
slikken (DF: 1): (175, 1)
slikt (DF: 1): (16600, 1)
slim (DF: 73): (2028, 5), (2305, 1), (248, 1), (2765, 1), (2767, 1), (2804, 1), (3184, 1), (3521, 2), (3525, 3), (3680, 1), (3789, 31), (33, 2), (4100, 1), (4190, 1), (4211, 1), (4364, 1), (4972, 1), (5152, 1), (5434, 1), (5523, 5), (5707, 1), (6087, 3), (6527, 1), (6926, 1), (7130, 1), (7553, 2), (7684, 1), (8132, 2), (8914, 2), (9010, 7), (925, 4), (9301, 31), (9476, 5), (980, 1), (1031, 1), (10396, 3), (10808, 1), (10965, 1), (11078, 5), (11090, 1), (11145, 7), (1157, 3), (11623, 2), (11773, 2), (11915, 1), (12171, 5), (12237, 1), (1253, 1), (12406, 1), (13315, 2), (13916, 3), (1429, 1), (14070, 1), (14456, 2), (14486, 8), (14553, 1), (14555, 1), (14805, 1), (14919, 2), (15088, 1), (15101, 2), (15190, 1), (15390, 1), (15796, 2), (15937, 2), (16450, 2), (17126, 1), (17509, 1), (17599, 3), (17766, 1), (17857, 2), (17911, 1), (17938, 2)
sliman (DF: 1): (8666, 1)
slime (DF: 49): (2177, 1), (213, 1), (2462, 1), (245, 1), (2680, 3), (3232, 3), (436, 2), (4820, 1), (5431, 1), (5909, 4), (6071, 13), (6234, 1), (6780, 3), (6999, 5), (7136, 1), (7559, 1), (8002, 2), (829, 1), (8544, 2), (8554, 1), (8813, 2), (8938, 1), (9007, 1), (9231, 4), (966, 4), (9590, 7), (10013, 2), (10124, 2), (10206, 2), (10993, 1), (11382, 1), (12060, 2), (12773, 4), (13729, 2), (14604, 1), (14942, 1), (15329, 12), (15803, 1), (16028, 1), (16210, 2), (16700, 1), (16936, 1), (17123, 3), (17169, 10), (17378, 2), (17603, 13), (1799, 2), (18188, 1), (1880, 2)
slimebal (DF: 2): (9590, 1), (17047, 1)
slimey (DF: 2): (8373, 1), (18099, 1)
slimi (DF: 6): (1922, 1), (5909, 1), (696, 1), (7518, 1), (10412, 1), (1562, 2)
slimin (DF: 1): (6071, 3)
