tough (DF: 91): (13303, 1), (13343, 3), (13371, 3), (13523, 1), (13525, 4), (139, 3), (13741, 1), (1404, 3), (13822, 1), (13893, 2), (13927, 8), (1423, 1), (13997, 1), (14028, 1), (14051, 2), (14055, 4), (14146, 1), (1446, 4), (14176, 1), (14189, 2), (14211, 4), (14533, 1), (14539, 1), (14567, 1), (14738, 1), (14770, 1), (14819, 1), (14886, 1), (1520, 1), (14971, 1), (15045, 1), (15052, 1), (15071, 8), (15114, 1), (15146, 1), (15227, 1), (15280, 1), (15332, 2), (1574, 8), (15417, 1), (1576, 2), (15500, 2), (15502, 1), (15646, 1), (161, 2), (1604, 1), (15754, 1), (15769, 1), (1620, 1), (15880, 3), (15900, 15), (15908, 1), (15937, 1), (15980, 1), (16132, 1), (16203, 1), (16339, 1), (16387, 1), (16424, 2), (16440, 1), (16812, 1), (1710, 1), (16886, 1), (17022, 29), (17049, 1), (17050, 1), (17083, 1), (17126, 1), (17205, 2), (17278, 2), (17295, 3), (17299, 1), (17412, 4), (17466, 1), (17715, 1), (17737, 5), (182, 1), (17883, 2), (17926, 2), (17952, 2), (17958, 1), (18080, 4), (18185, 1), (18270, 1), (18332, 1), (1865, 4), (8747, 2), (8748, 2), (10831, 1), (10832, 1), (1403, 1)
toughen (DF: 2): (4446, 1), (7919, 1)
toughenin (DF: 1): (6416, 1)
tougher (DF: 15): (2466, 1), (2784, 3), (3944, 2), (6215, 2), (6310, 1), (8394, 1), (8496, 1), (9308, 1), (9835, 1), (11304, 1), (14805, 1), (15260, 1), (15908, 1), (15933, 2), (16364, 1)
toughest (DF: 10): (2279, 1), (2721, 1), (5075, 16), (6277, 2), (8382, 1), (10255, 3), (14567, 1), (14886, 1), (15480, 3), (17926, 2)
toughi (DF: 1): (13972, 1)
toujour (DF: 17): (349, 1), (3660, 2), (3909, 2), (4440, 2), (540, 1), (5801, 3), (637, 1), (785, 2), (9884, 1), (11341, 1), (12323, 2), (13096, 2), (13606, 1), (14824, 2), (15161, 1), (15456, 1), (15469, 1)
toulous (DF: 6): (1917, 2), (5282, 2), (750, 1), (11809, 1), (16978, 1), (18146, 2)
toumast (DF: 1): (727, 1)
toung (DF: 2): (14200, 1), (17011, 1)
toupe (DF: 8): (6165, 1), (7634, 1), (9993, 1), (11300, 1), (15263, 1), (17005, 1), (17219, 1), (17968, 1)
toupé (DF: 1): (2322, 1)
tour (DF: 156): (1899, 1), (1972, 1), (2255, 1), (2333, 2), (2340, 1), (2527, 1), (2573, 1), (2705, 1), (2726, 1), (2736, 1), (2825, 1), (3100, 1), (3101, 1), (3127, 1), (3424, 6), (3850, 2), (4019, 1), (4059, 1), (4289, 1), (4416, 2), (4450, 1), (4464, 1), (4481, 1), (4690, 1), (4864, 1), (4874, 1), (483, 1), (4933, 1), (4947, 1), (486, 2), (5014, 1), (5267, 1), (5357, 1), (5496, 2), (5584, 2), (5722, 1), (5801, 1), (5826, 1), (52, 1), (5943, 1), (6012, 1), (6024, 1), (598, 2), (6089, 1), (6287, 1), (6403, 1), (6516, 2), (6835, 1), (7051, 1), (7133, 1), (7304, 1), (7331, 2), (7525, 1), (7538, 1), (7748, 2), (7751, 2), (782, 1), (7892, 1), (804, 1), (7990, 1), (8000, 1), (8019, 1), (8155, 1), (8367, 1), (8407, 1), (8437, 1), (8445, 1), (8532, 1), (8842, 1), (9008, 1), (9016, 1), (925, 1), (9197, 5), (9331, 1), (9363, 1), (9387, 1), (9581, 1), (9632, 1), (9744, 1), (9853, 1), (1021, 1), (10116, 1), (1030, 1), (10151, 2), (10187, 1), (10230, 1), (10304, 1), (10533, 2), (10599, 2), (1092, 1), (10977, 1), (10994, 1), (1141, 1), (11229, 1), (1150, 1), (1164, 1), (11521, 1), (11536, 1), (11654, 1), (11797, 1), (12094, 1), (12252, 1), (12414, 1), (12452, 1), (12519, 3), (12547, 1), (12654, 1), (12848, 1), (12927, 1), (13012, 1), (13029, 4), (1330, 1), (13176, 1), (13317, 1), (13378, 2), (13524, 1), (13664, 1), (13876, 1), (13957, 1), (14034, 1), (14254, 1), (14262, 2), (14768, 2), (14891, 1), (14903, 1), (1531, 1), (15016, 1), (15089, 1), (15302, 1), (15334, 1), (1574, 2), (15527, 1), (15668, 1), (15680, 1), (16044, 1), (16163, 6), (16186, 1), (1654, 1), (16209, 1), (16337, 1), (16491, 2), (15, 1), (1715, 1), (16982, 1), (17275, 1), (17349, 1), (17445, 1), (17702, 3), (1820, 1), (18026, 2), (18205, 1), (1839, 3), (1844, 2), (18311, 1), (18408, 1), (18442, 1)
tourbillon (DF: 1): (17779, 1)
tourbus (DF: 1): (9457, 1)
tourin (DF: 11): (2747, 1), (2855, 1), (3677, 2), (6087, 1), (6237, 1), (6324, 2), (7862, 1), (11663, 1), (12017, 2), (13170, 1), (15175, 2)
tourist (DF: 17): (3123, 11), (4064, 1), (5589, 1), (5915, 1), (6055, 1), (637, 1), (7297, 1), (8238, 1), (11498, 1), (11862, 6), (12659, 1), (13070, 1), (13232, 1), (15584, 1), (16949, 1), (17598, 1), (18311, 1)
tourn (DF: 4): (3909, 10), (6886, 1), (13957, 2), (15637, 3)
tournament (DF: 9): (3152, 1), (673, 1), (7532, 1), (7897, 1), (12729, 1), (14216, 1), (15537, 1), (16987, 1), (1757, 1)
tourneau (DF: 1): (10137, 5)
tourner (DF: 2): (12323, 1), (13019, 1)
tourniquet (DF: 3): (2682, 1), (723, 1), (13913, 6)
