noit (DF: 36): (3215, 1), (3364, 2), (3692, 2), (3870, 1), (4357, 3), (5606, 5), (5719, 2), (5859, 8), (6500, 3), (7211, 1), (8363, 1), (8574, 1), (8858, 3), (8941, 4), (9087, 1), (9355, 1), (9637, 2), (9812, 1), (9838, 2), (9860, 1), (10316, 1), (10637, 6), (11264, 2), (11835, 2), (13307, 2), (13710, 2), (1415, 4), (14095, 2), (15274, 1), (1659, 3), (16533, 1), (16626, 1), (16738, 1), (16798, 3), (17454, 4), (17899, 1)
noiz (DF: 5): (2666, 1), (9111, 28), (13460, 1), (14686, 10), (14889, 19)
noizu (DF: 1): (2030, 2)
nok (DF: 11): (2759, 1), (4295, 2), (6631, 1), (6674, 2), (10238, 1), (10543, 1), (11019, 1), (13659, 1), (16226, 1), (16307, 9), (17567, 1)
noke (DF: 1): (11679, 1)
nokia (DF: 7): (1896, 1), (4944, 1), (5429, 1), (10724, 1), (1688, 1), (16726, 1), (18444, 1)
nokio (DF: 3): (14146, 1), (1520, 1), (15980, 1)
noko (DF: 1): (13286, 1)
nokon (DF: 1): (9498, 7)
nokoru (DF: 1): (16209, 1)
nokoshitai (DF: 1): (1717, 1)
nola (DF: 2): (1217, 2), (1711, 1)
nolan (DF: 8): (2671, 1), (331, 1), (8367, 1), (15084, 1), (15558, 1), (15688, 1), (16192, 1), (18042, 1)
noldu (DF: 1): (16496, 6)
nolia (DF: 4): (7544, 2), (1059, 1), (13223, 1), (15149, 1)
nolli (DF: 1): (6560, 11)
nollyeo (DF: 1): (15773, 8)
nolo (DF: 2): (7249, 24), (13642, 1)
nolt (DF: 1): (1613, 1)
nom (DF: 29): (2567, 1), (3603, 1), (3660, 1), (4009, 2), (4288, 5), (4587, 3), (4852, 1), (5436, 2), (5716, 1), (6395, 1), (637, 1), (7281, 1), (7948, 1), (10238, 2), (11018, 1), (11314, 1), (11490, 1), (11558, 1), (11812, 12), (12574, 1), (12656, 1), (12957, 1), (16295, 6), (16419, 1), (16998, 2), (17213, 1), (17369, 1), (1818, 1), (18442, 1)
nomad (DF: 6): (2691, 1), (4197, 1), (12010, 1), (13768, 1), (14270, 1), (17818, 1)
nomas (DF: 5): (6249, 1), (7863, 1), (8961, 1), (1022, 1), (14222, 1)
nomb (DF: 1): (7050, 1)
nombr (DF: 123): (2088, 1), (2205, 1), (2210, 1), (2480, 1), (2487, 1), (276, 1), (2967, 1), (3106, 2), (299, 2), (3219, 4), (3351, 1), (3418, 16), (3588, 2), (3723, 2), (399, 1), (4189, 1), (417, 7), (4289, 3), (4300, 12), (4319, 2), (4347, 2), (4540, 1), (4550, 2), (4594, 12), (4799, 2), (4909, 1), (5126, 1), (5173, 1), (5388, 2), (5588, 1), (5811, 1), (580, 2), (5975, 2), (6279, 2), (6351, 1), (6682, 2), (6705, 1), (6947, 1), (7082, 1), (7183, 2), (7392, 2), (7851, 3), (791, 3), (7953, 2), (813, 3), (8112, 1), (8128, 2), (8171, 8), (8580, 1), (8597, 1), (8909, 2), (8945, 1), (9039, 9), (9108, 8), (9179, 1), (9225, 1), (9414, 1), (9692, 1), (9697, 6), (1004, 1), (9903, 2), (10223, 1), (10321, 1), (10393, 2), (10461, 2), (10559, 1), (10838, 2), (11018, 5), (11073, 1), (11141, 1), (11157, 1), (11317, 1), (11401, 2), (11433, 6), (11631, 1), (11666, 1), (11741, 1), (11924, 6), (11980, 2), (12381, 1), (12456, 2), (12499, 1), (1284, 1), (12794, 1), (12833, 1), (1305, 7), (13030, 10), (13141, 1), (13335, 1), (13437, 2), (1366, 2), (14209, 2), (14260, 1), (14301, 6), (14311, 9), (14420, 1), (14424, 2), (14450, 3), (1481, 2), (14543, 1), (14600, 1), (14772, 2), (15657, 3), (16373, 1), (16521, 1), (16663, 1), (16751, 2), (16968, 4), (1724, 1), (17064, 1), (17171, 6), (17202, 3), (17494, 1), (17525, 1), (17671, 1), (17819, 1), (17931, 1), (18090, 1), (10937, 2), (10939, 1), (11017, 4), (14085, 2), (14087, 1)
nombreux (DF: 1): (17275, 2)
nombrey (DF: 1): (10705, 1)
nomc15 (DF: 1): (6683, 1)
nomdeul (DF: 1): (13488, 1)
nome (DF: 20): (2631, 2), (2680, 1), (2839, 1), (5011, 1), (6804, 1), (8113, 1), (9120, 3), (10131, 1), (10203, 2), (10700, 1), (11132, 1), (13304, 2), (13307, 1), (15605, 1), (15617, 1), (15898, 1), (16626, 2), (18036, 2), (18186, 9), (18271, 1)
nomero (DF: 1): (13249, 2)
nomeun (DF: 1): (13488, 4)
nomi (DF: 1): (8195, 1)
nomikonda (DF: 1): (13524, 1)
nomin (DF: 7): (9875, 5), (9953, 1), (15209, 1), (16364, 1), (16414, 2), (17477, 1), (1820, 1)
nomine (DF: 1): (12927, 1)
nominiert (DF: 1): (1715, 1)
nomsayin (DF: 1): (17925, 4)
non (DF: 33): (255, 1), (2974, 11), (2995, 1), (3148, 1), (3712, 1), (3849, 4), (4332, 1), (4501, 1), (4717, 2), (40, 1), (5082, 1), (5088, 2), (5434, 1), (5467, 3), (5529, 1), (551, 1), (558, 1), (5720, 1), (5785, 1), (6098, 1), (6118, 1), (6197, 2), (6206, 2), (6312, 1), (6425, 3), (649, 2), (6886, 1), (7279, 1), (7287, 12), (7421, 1), (7538, 1), (7662, 1), (7768, 1)
