raiser (DF: 2): (825, 2), (17755, 1)
raisin (DF: 18): (220, 1), (2459, 1), (3363, 4), (4218, 3), (7856, 3), (815, 2), (10312, 2), (10966, 1), (12336, 1), (14800, 1), (1552, 3), (16894, 3), (16986, 2), (17469, 1), (17550, 1), (17988, 1), (18259, 1), (7857, 1)
raison (DF: 2): (3213, 2), (17888, 1)
raiting (DF: 2): (4540, 1), (6705, 1)
raiva (DF: 5): (7211, 1), (15322, 1), (16117, 1), (1787, 1), (17899, 1)
raiy (DF: 1): (5535, 1)
raiz (DF: 11): (2839, 1), (4445, 4), (489, 1), (5826, 4), (9492, 3), (9756, 1), (10148, 1), (10679, 1), (11685, 1), (14260, 1), (17494, 1)
raj (DF: 14): (2530, 1), (3080, 1), (4261, 1), (4912, 1), (5735, 1), (5945, 1), (7028, 2), (84, 1), (9695, 3), (10756, 1), (11734, 1), (13416, 1), (17566, 1), (18298, 2)
raja (DF: 4): (4421, 6), (8687, 1), (14335, 1), (16397, 2)
rajada (DF: 2): (3353, 1), (1881, 1)
rajam (DF: 1): (15638, 2)
rajan (DF: 1): (15698, 16)
rajdi (DF: 1): (10020, 2)
rajout (DF: 1): (5801, 1)
raju (DF: 2): (9695, 2), (10756, 1)
rak (DF: 2): (10659, 1), (17196, 1)
raka (DF: 1): (12507, 1)
rakam (DF: 2): (4686, 1), (15929, 1)
rakan (DF: 1): (9519, 2)
rakat (DF: 3): (3358, 25), (3609, 49), (16990, 1)
rakatak (DF: 1): (6399, 2)
rakc (DF: 1): (13876, 1)
rake (DF: 18): (2356, 1), (3205, 2), (3923, 1), (4486, 1), (7441, 1), (7448, 1), (9426, 1), (9567, 1), (9935, 1), (10643, 2), (10648, 79), (11349, 1), (12627, 1), (14570, 1), (15085, 2), (15929, 1), (16098, 3), (17354, 1)
rakeem (DF: 1): (18378, 1)
rakei (DF: 12): (2521, 1), (4622, 1), (5867, 1), (8400, 1), (10192, 1), (10874, 1), (12668, 1), (14374, 1), (14829, 1), (15723, 1), (17864, 1), (1841, 1)
raken (DF: 1): (16602, 1)
rakh (DF: 8): (4421, 1), (4985, 1), (5582, 1), (5830, 1), (9519, 2), (10442, 1), (11725, 3), (18053, 1)
rakha (DF: 2): (8534, 1), (18053, 1)
rakhan (DF: 1): (9519, 2)
rakhda (DF: 1): (8534, 2)
rakhdi (DF: 1): (18053, 1)
rakheya (DF: 1): (5582, 1)
rakheyo (DF: 1): (8510, 1)
rakhi (DF: 1): (4985, 1)
rakho (DF: 1): (4686, 1)
rakhu (DF: 1): (15929, 1)
rakim (DF: 17): (2562, 1), (4788, 5), (581, 2), (5934, 2), (6265, 2), (6627, 1), (8156, 2), (8842, 2), (9054, 1), (9794, 1), (11026, 4), (11269, 5), (11336, 1), (14101, 2), (15937, 1), (17730, 6), (1820, 1)
rakin (DF: 1): (5225, 1)
rakipl (DF: 1): (11144, 1)
rakpata (DF: 1): (9825, 2)
ral (DF: 1): (5225, 1)
ralaj (DF: 1): (15006, 1)
raleigh (DF: 1): (9026, 1)
ralfi (DF: 1): (6837, 1)
ralli (DF: 17): (1909, 9), (2218, 1), (5513, 2), (5604, 1), (624, 1), (6327, 1), (7332, 2), (8079, 1), (80, 1), (8475, 1), (12018, 1), (13644, 1), (13914, 1), (14160, 3), (17168, 1), (17699, 1), (18168, 1)
rally (DF: 3): (6889, 1), (9540, 1), (17142, 1)
ralo (DF: 2): (5011, 1), (13308, 1)
ralph (DF: 41): (2, 1), (237, 1), (2509, 2), (3166, 1), (3408, 1), (4004, 1), (4412, 14), (4878, 1), (5133, 2), (5419, 1), (5782, 4), (5811, 1), (5877, 7), (6020, 2), (622, 1), (6748, 1), (7000, 2), (7316, 3), (8351, 2), (9130, 2), (9182, 1), (9288, 1), (9515, 2), (9522, 1), (9816, 1), (9849, 1), (13343, 1), (14045, 2), (1444, 1), (14414, 1), (15093, 4), (15464, 1), (15482, 2), (16151, 1), (16463, 1), (16521, 1), (1705, 1), (17586, 2), (17624, 1), (18110, 1), (18237, 1)
ralphi (DF: 2): (6767, 1), (14687, 1)
ralphy (DF: 1): (18043, 1)
ram (DF: 39): (2021, 6), (2707, 1), (3591, 8), (4356, 2), (4490, 1), (446, 2), (5801, 1), (6292, 2), (6571, 1), (666, 1), (7061, 2), (7077, 4), (702, 1), (789, 1), (9737, 3), (9882, 1), (9980, 1), (1022, 2), (10148, 1), (10250, 1), (10543, 1), (10804, 4), (11019, 4), (1317, 1), (13583, 1), (13657, 1), (13659, 4), (13792, 1), (13830, 5), (14068, 1), (14543, 1), (14936, 1), (15006, 1), (15355, 6), (15518, 1), (16074, 2), (16718, 1), (17192, 1), (17432, 6)
rama (DF: 2): (2921, 3), (1602, 3)
ramach (DF: 1): (149, 1)
ramada (DF: 1): (17988, 1)
ramadan (DF: 3): (2045, 1), (5439, 1), (9498, 1)
ramalamadingdong (DF: 1): (7747, 1)
ramalho (DF: 1): (9087, 1)
ramasjang (DF: 1): (3527, 3)
ramass (DF: 1): (540, 1)
ramay (DF: 1): (15006, 2)
ramayam (DF: 1): (15006, 10)
ramazzott (DF: 2): (14799, 1), (17648, 1)
ramb (DF: 1): (1474, 1)
rambey (DF: 1): (2268, 1)
rambl (DF: 7): (3068, 1), (3286, 4), (3672, 1), (619, 1), (6273, 1), (8408, 25), (9443, 1)
