surviv (DF: 194): (7988, 1), (8003, 1), (8024, 1), (8105, 3), (8144, 3), (8148, 1), (834, 3), (8286, 1), (8319, 1), (8325, 1), (8336, 1), (8374, 1), (8513, 1), (867, 1), (8593, 1), (8756, 1), (8907, 2), (9005, 1), (9026, 1), (9057, 1), (9063, 1), (9183, 1), (9190, 1), (9213, 2), (9229, 3), (9348, 1), (9349, 4), (9461, 47), (9493, 1), (9685, 2), (987, 8), (9714, 2), (999, 1), (9815, 3), (9969, 1), (10000, 2), (10022, 3), (10044, 24), (10257, 1), (10273, 2), (10477, 4), (10485, 1), (1068, 1), (10508, 1), (10609, 1), (1082, 6), (10688, 1), (1093, 3), (10708, 1), (10710, 2), (10713, 1), (10811, 1), (10914, 1), (11050, 1), (11063, 1), (11076, 1), (11212, 1), (11245, 1), (11283, 1), (11286, 1), (11332, 1), (11347, 2), (11357, 1), (11363, 4), (11408, 1), (11516, 1), (11561, 7), (11637, 1), (11650, 1), (11653, 3), (11671, 1), (1204, 1), (11830, 1), (11860, 3), (11877, 1), (11902, 1), (11970, 1), (12000, 2), (12041, 2), (12112, 1), (12125, 1), (1237, 1), (1240, 1), (12218, 1), (12315, 1), (12437, 1), (12512, 1), (12519, 3), (1281, 4), (12671, 3), (12691, 2), (12743, 2), (12800, 1), (12805, 1), (12823, 1), (12850, 1), (12940, 1), (13, 1), (13181, 2), (13223, 1), (13283, 1), (13309, 1), (1344, 1), (13385, 1), (13432, 1), (13455, 1), (1364, 1), (13492, 2), (13543, 1), (13548, 3), (13684, 3), (13761, 2), (13792, 1), (13844, 1), (13893, 6), (14058, 1), (14125, 5), (14139, 1), (1449, 1), (14251, 1), (14286, 1), (14295, 2), (14330, 1), (14416, 4), (14466, 6), (14527, 1), (14568, 1), (14592, 11), (14933, 1), (15144, 1), (15146, 3), (158, 1), (15168, 1), (15173, 1), (15183, 1), (15190, 1), (15222, 1), (15276, 1), (15360, 2), (15476, 2), (15515, 1), (15557, 3), (15602, 1), (15607, 1), (15800, 1), (15843, 1), (15859, 1), (15883, 3), (15945, 3), (1638, 1), (16032, 1), (16105, 2), (16120, 1), (16233, 3), (16236, 1), (16263, 1), (16284, 8), (16380, 2), (1675, 1), (16500, 1), (16764, 1), (16778, 1), (16785, 1), (1713, 1), (16954, 1), (16994, 1), (17050, 3), (17099, 2), (17117, 1), (17186, 1), (17246, 1), (17252, 1), (17276, 2), (17401, 1), (17409, 1), (17728, 3), (17750, 1), (17900, 3), (17913, 1), (17920, 1), (17925, 37), (17994, 3), (18024, 2), (18037, 1), (18099, 2), (18103, 1), (18214, 2), (18349, 3), (18383, 1), (18400, 1), (10174, 2), (10175, 3), (13527, 3), (13529, 2)
survivalist (DF: 2): (3183, 1), (6475, 1)
survivin (DF: 11): (2771, 1), (5981, 2), (6847, 2), (7988, 1), (8570, 1), (999, 2), (11357, 1), (11634, 1), (12040, 1), (14668, 1), (15015, 1)
survivor (DF: 39): (1946, 1), (2350, 2), (2363, 1), (2729, 1), (3514, 1), (3519, 4), (3784, 2), (4284, 2), (40, 1), (5097, 4), (5201, 1), (5572, 2), (561, 8), (5699, 7), (5704, 2), (5913, 7), (6417, 1), (8659, 1), (931, 2), (9616, 2), (981, 1), (1093, 4), (11797, 1), (11970, 1), (11989, 1), (12072, 1), (12125, 1), (12418, 1), (13670, 1), (13893, 7), (14643, 2), (15146, 4), (15272, 1), (15788, 1), (15928, 1), (16785, 13), (17050, 3), (17811, 1), (1805, 12)
survêt (DF: 2): (637, 1), (7607, 1)
sus (DF: 12): (4137, 2), (5957, 1), (8343, 1), (11074, 1), (11685, 2), (13275, 2), (14135, 1), (16208, 1), (16496, 2), (16510, 1), (17697, 1), (17967, 2)
susan (DF: 6): (2665, 3), (8136, 1), (1101, 1), (13287, 1), (14102, 1), (16756, 15)
suscept (DF: 1): (12750, 1)
suscrit (DF: 1): (7455, 1)
suse (DF: 1): (210, 1)
sushi (DF: 17): (5121, 2), (5728, 1), (6043, 1), (8278, 2), (9087, 1), (11017, 1), (11436, 2), (11797, 1), (12540, 1), (12989, 1), (13209, 1), (13437, 1), (15770, 1), (16936, 1), (17269, 2), (18050, 4), (18205, 1)
susi (DF: 7): (9031, 17), (11848, 1), (14331, 1), (15142, 1), (16057, 1), (16239, 6), (18414, 6)
susodich (DF: 1): (417, 1)
suspect (DF: 23): (2682, 1), (3121, 2), (3619, 1), (3790, 1), (427, 2), (4440, 1), (5666, 1), (5874, 2), (5934, 2), (723, 7), (8003, 1), (823, 1), (8213, 1), (10309, 1), (12402, 1), (13545, 1), (14695, 1), (16427, 1), (16764, 1), (17449, 2), (17640, 1), (17934, 1), (18190, 1)
suspend (DF: 13): (204, 1), (3510, 4), (6790, 1), (6801, 1), (9841, 1), (12901, 1), (136, 1), (1388, 1), (13797, 1), (14061, 1), (1536, 1), (15190, 1), (15291, 1)
suspens (DF: 12): (4081, 1), (4359, 1), (4799, 1), (581, 1), (8466, 1), (11805, 1), (13297, 2), (13729, 2), (14425, 1), (16751, 1), (17881, 1), (18087, 1)
suspici (DF: 18): (3, 1), (3573, 4), (3944, 6), (6746, 1), (8078, 1), (8502, 1), (8850, 3), (9509, 1), (9547, 1), (10008, 1), (10593, 1), (11781, 4), (12251, 1), (13296, 1), (13364, 1), (15462, 1), (15627, 1), (17240, 1)
suspicion (DF: 4): (1926, 1), (2248, 1), (4091, 3), (4851, 1)
