treat (DF: 155): (13709, 1), (13774, 2), (13807, 1), (1413, 1), (1414, 1), (13933, 2), (13965, 1), (13994, 1), (14008, 1), (14045, 5), (14200, 1), (14267, 1), (14338, 1), (14359, 1), (14391, 1), (14434, 1), (14440, 1), (14479, 1), (14490, 1), (14503, 1), (14513, 1), (14539, 1), (14570, 1), (14574, 1), (14604, 1), (14608, 1), (14619, 4), (14646, 2), (14718, 1), (14750, 1), (14756, 1), (1512, 1), (14795, 45), (14805, 1), (14857, 1), (14900, 1), (14950, 1), (1535, 2), (15019, 1), (1545, 1), (15058, 8), (15080, 1), (15115, 1), (1551, 1), (15159, 1), (15229, 2), (15231, 1), (15313, 1), (1570, 8), (15363, 1), (15418, 1), (15434, 1), (15436, 1), (15480, 1), (15482, 4), (15502, 5), (15573, 3), (15591, 1), (1591, 1), (15628, 1), (1594, 1), (15666, 1), (15702, 1), (15714, 1), (15803, 1), (15813, 1), (15826, 1), (15885, 2), (15953, 1), (15963, 2), (1642, 1), (16049, 2), (16053, 2), (16088, 2), (16093, 3), (1648, 2), (16241, 2), (16291, 21), (16303, 1), (16313, 1), (16336, 4), (16342, 1), (16350, 4), (16354, 1), (16457, 4), (16463, 4), (16467, 1), (16504, 6), (16537, 1), (16561, 1), (16591, 1), (16656, 24), (16673, 1), (16698, 3), (16744, 1), (16750, 1), (16, 1), (16816, 1), (16823, 3), (1711, 1), (16911, 1), (16944, 1), (16953, 1), (1728, 8), (17067, 1), (17072, 2), (17093, 1), (17182, 1), (17281, 4), (17318, 1), (17322, 1), (17445, 1), (17514, 16), (17527, 1), (17543, 1), (17586, 5), (17624, 2), (17631, 1), (17674, 1), (17688, 1), (17695, 1), (17752, 2), (17789, 1), (17815, 4), (17865, 1), (17869, 1), (17873, 2), (17937, 1), (17958, 5), (17971, 1), (1820, 1), (18018, 1), (18020, 2), (18102, 19), (18116, 1), (18180, 1), (18296, 9), (18342, 1), (18353, 2), (18358, 2), (1860, 15), (18452, 3), (3790, 1), (3791, 1), (6019, 1), (6020, 1), (8756, 1), (8757, 1), (9848, 1), (9849, 2), (11249, 2), (11253, 1), (14620, 1), (16789, 1), (16791, 1)
treati (DF: 3): (2562, 1), (9933, 6), (11929, 2)
treatin (DF: 16): (2198, 1), (449, 2), (4745, 1), (6141, 1), (6908, 1), (7464, 1), (7814, 1), (952, 1), (9933, 2), (10144, 2), (11536, 1), (13310, 1), (14255, 2), (14320, 1), (15262, 1), (17881, 1)
treatment (DF: 12): (3794, 2), (4764, 1), (5600, 1), (5657, 1), (6490, 1), (7207, 1), (8557, 1), (9063, 1), (9953, 1), (1067, 3), (14989, 1), (15276, 1)
trebl (DF: 14): (4652, 1), (6636, 1), (753, 1), (8155, 2), (9143, 1), (12535, 1), (12734, 1), (12886, 30), (1412, 1), (15452, 2), (15855, 1), (16683, 2), (17396, 1), (17959, 2)
trebol (DF: 2): (11824, 3), (12350, 4)
trec (DF: 8): (2792, 1), (3080, 1), (4440, 1), (4515, 2), (6541, 1), (9430, 1), (14437, 1), (1677, 1)
trece (DF: 2): (11870, 2), (13937, 4)
trecho (DF: 1): (13892, 1)
tree (DF: 162): (1, 2), (1926, 1), (1949, 1), (1950, 2), (1968, 1), (1972, 5), (202, 2), (2031, 1), (2046, 1), (2076, 2), (2084, 4), (2143, 1), (2174, 1), (2219, 2), (2223, 1), (2231, 2), (2267, 6), (2274, 1), (2305, 1), (2311, 1), (2374, 3), (2389, 1), (2462, 1), (2521, 4), (2562, 1), (2584, 1), (2594, 1), (2634, 1), (2747, 1), (2786, 1), (2868, 3), (2916, 2), (2978, 1), (3085, 2), (3105, 1), (3112, 1), (3152, 1), (3157, 1), (306, 2), (3249, 1), (3291, 1), (3304, 1), (3320, 1), (332, 1), (3424, 1), (3430, 1), (3493, 2), (3505, 16), (3634, 2), (3654, 1), (369, 1), (3826, 2), (3850, 1), (3856, 1), (3860, 1), (3921, 2), (386, 4), (3923, 1), (3940, 1), (3958, 1), (389, 2), (4025, 1), (4044, 1), (4062, 1), (416, 1), (4225, 1), (4354, 1), (435, 1), (4454, 2), (4492, 1), (4495, 2), (4648, 1), (4658, 1), (4675, 1), (4684, 1), (4693, 6), (4724, 3), (4760, 3), (4866, 1), (4885, 1), (4903, 1), (4955, 1), (4974, 1), (5003, 1), (5006, 1), (488, 1), (5050, 1), (5145, 14), (5185, 1), (5190, 1), (513, 2), (5330, 2), (5424, 1), (5518, 1), (5526, 1), (5602, 2), (5608, 1), (5726, 4), (5779, 1), (575, 1), (5809, 1), (5814, 1), (5824, 11), (5842, 2), (5918, 1), (6012, 1), (6052, 2), (6061, 3), (601, 1), (6159, 1), (6164, 1), (616, 1), (6281, 2), (6290, 2), (6320, 1), (6325, 1), (631, 1), (6405, 1), (6407, 2), (640, 2), (6475, 1), (6522, 1), (6725, 1), (6732, 2), (6771, 1), (6800, 1), (6831, 1), (684, 2), (6934, 2), (6960, 1), (693, 1), (7024, 2), (7060, 2), (7073, 1), (7181, 1), (7262, 1), (7291, 2), (7320, 1), (7321, 11), (7333, 4), (7343, 1), (7407, 1), (7418, 2), (7447, 1), (7484, 1), (7568, 1), (7617, 3), (7662, 1), (7743, 1), (782, 1), (7758, 1), (7860, 1), (7872, 1), (7917, 2), (7964, 1), (74, 2), (8148, 2), (8204, 5), (8225, 1), (76, 1), (8274, 1), (8287, 1)
