end (DF: 126): (9543, 1), (9544, 1), (9628, 1), (9629, 1), (990, 1), (991, 1), (9898, 1), (9900, 1), (10054, 1), (10056, 2), (10092, 1), (10094, 1), (10401, 1), (10403, 2), (10585, 1), (10586, 1), (10628, 1), (10630, 1), (11159, 1), (11160, 1), (11177, 4), (11178, 2), (11209, 1), (11210, 2), (11281, 7), (11283, 1), (11305, 1), (11307, 1), (11359, 2), (11360, 1), (1184, 1), (1185, 1), (1204, 2), (1205, 1), (12117, 2), (12118, 1), (12155, 1), (12158, 2), (12379, 1), (12380, 2), (12382, 1), (12454, 2), (12455, 4), (12937, 14), (12938, 2), (13276, 1), (13278, 1), (13377, 1), (13378, 1), (13616, 2), (13617, 13), (13659, 1), (13660, 2), (13678, 1), (13679, 1), (13697, 1), (13698, 1), (13715, 1), (13716, 1), (13750, 2), (13751, 2), (14100, 1), (14101, 1), (14102, 1), (14104, 7), (14474, 1), (14476, 1), (14649, 4), (14651, 1), (14688, 4), (14689, 1), (14981, 3), (14982, 1), (15087, 2), (15088, 1), (15253, 1), (15254, 2), (15407, 2), (15409, 4), (15512, 1), (15514, 2), (15519, 2), (15520, 2), (15526, 6), (15527, 2), (1606, 1), (1607, 1), (16082, 1), (16084, 1), (16157, 3), (16158, 1), (16355, 1), (16356, 1), (16506, 9), (16507, 1), (16508, 1), (16510, 1), (1689, 1), (1690, 1), (16789, 1), (16790, 1), (17015, 2), (17016, 2), (17084, 1), (17085, 1), (17570, 4), (17572, 12), (17841, 1), (17843, 1), (17850, 1), (17851, 1), (17877, 1), (17878, 2), (18084, 2), (18085, 1), (18189, 2), (18190, 1), (2542, 1), (2543, 1), (2544, 1), (3808, 3), (3809, 2), (3810, 1), (12088, 1), (12089, 2), (12090, 1)
enda (DF: 1): (7603, 1)
endang (DF: 2): (3940, 1), (16971, 1)
ende (DF: 1): (858, 1)
endeavor (DF: 7): (5294, 2), (7201, 1), (7881, 1), (1498, 24), (15278, 4), (15534, 1), (15822, 1)
endeavour (DF: 1): (6785, 1)
endeffekt (DF: 1): (2328, 1)
endemion (DF: 1): (4289, 1)
endemoni (DF: 4): (4704, 6), (13930, 1), (14856, 1), (15098, 1)
ender (DF: 3): (413, 1), (7077, 3), (10592, 3)
enderec (DF: 2): (4143, 1), (13138, 1)
enderez (DF: 11): (364, 4), (4507, 1), (4909, 1), (7082, 1), (1004, 1), (1027, 1), (10393, 2), (11774, 3), (15498, 1), (16223, 2), (1810, 2)
endet (DF: 2): (12363, 1), (16745, 1)
endeud (DF: 3): (4219, 1), (4916, 1), (12623, 2)
endgegn (DF: 1): (6748, 1)
endiabl (DF: 4): (4550, 1), (4704, 1), (8846, 1), (9285, 1)
endiamant (DF: 2): (6414, 1), (9606, 1)
endin (DF: 14): (1977, 1), (2068, 1), (2649, 1), (3249, 1), (455, 1), (548, 1), (6019, 1), (6644, 2), (7355, 1), (10023, 2), (10933, 1), (1147, 1), (12988, 1), (15392, 1)
endividar (DF: 1): (13892, 1)
endkonsument (DF: 1): (10074, 1)
endless (DF: 121): (1949, 1), (2109, 3), (2184, 1), (2237, 1), (2401, 1), (2491, 2), (2571, 1), (2597, 1), (2663, 1), (2793, 1), (2856, 1), (2908, 1), (3247, 4), (3376, 2), (3482, 3), (3694, 1), (3948, 2), (4161, 1), (4342, 1), (432, 1), (5058, 18), (5171, 2), (5301, 3), (5348, 5), (5366, 1), (537, 1), (5731, 1), (5847, 2), (5988, 2), (6123, 1), (621, 1), (6317, 1), (6501, 4), (6581, 1), (6608, 1), (6764, 2), (7075, 4), (7162, 2), (7257, 1), (7324, 1), (7482, 4), (7524, 1), (7665, 1), (7940, 1), (7951, 1), (822, 4), (8154, 1), (870, 1), (8634, 1), (8681, 1), (9019, 1), (9241, 1), (9341, 1), (9390, 2), (9399, 1), (9426, 1), (991, 1), (9801, 1), (9848, 1), (1012, 1), (10140, 2), (10164, 1), (10440, 1), (1129, 1), (11120, 4), (11224, 4), (11332, 1), (11497, 2), (11527, 2), (11756, 2), (11789, 8), (122, 1), (11930, 3), (11960, 3), (11969, 3), (12046, 1), (12692, 2), (12755, 1), (12900, 3), (12951, 1), (13016, 18), (13068, 1), (13116, 1), (1371, 1), (13727, 1), (13859, 1), (13899, 3), (1418, 1), (14125, 1), (14211, 1), (14441, 1), (14503, 1), (14529, 1), (14642, 1), (14920, 1), (14955, 2), (15059, 1), (15087, 1), (15142, 3), (15356, 5), (15540, 1), (15663, 1), (1622, 1), (1638, 1), (16483, 3), (16523, 1), (16608, 1), (16665, 1), (16693, 1), (1732, 1), (17198, 2), (17246, 1), (17283, 1), (17328, 2), (17412, 1), (17456, 6), (17883, 2), (18342, 1), (18371, 2), (18383, 1), (1883, 1)
endlich (DF: 9): (6430, 1), (6748, 2), (8098, 1), (8651, 2), (10958, 8), (14254, 2), (15010, 1), (15269, 2), (1845, 17)
endnu (DF: 2): (11019, 3), (11071, 2)
endo (DF: 9): (6728, 1), (6784, 1), (9608, 7), (10513, 1), (11482, 1), (11671, 1), (12319, 1), (12733, 1), (16981, 1)
endoidec (DF: 1): (8113, 1)
endokrin (DF: 1): (1942, 1)
endorfin (DF: 1): (12092, 1)
endorphin (DF: 4): (1276, 1), (14718, 1), (15520, 2), (1736, 2)
endors (DF: 6): (497, 2), (6895, 1), (7892, 1), (12581, 1), (14010, 1), (17732, 1)
