cuerp (DF: 56): (16968, 2), (16979, 4), (1724, 1), (16983, 1), (178, 1), (17059, 3), (17097, 2), (17131, 2), (17146, 1), (1740, 6), (17171, 5), (17192, 1), (17194, 6), (17213, 1), (17255, 2), (17403, 2), (17432, 2), (17443, 3), (17467, 5), (17534, 1), (17594, 3), (17623, 1), (1786, 4), (17659, 1), (17668, 8), (17748, 2), (17788, 6), (17819, 1), (1803, 1), (17896, 3), (17972, 6), (17975, 2), (18047, 6), (18050, 8), (18248, 1), (18264, 1), (18326, 2), (18357, 6), (18445, 1), (2020, 2), (2021, 2), (3070, 2), (3071, 2), (5471, 6), (5473, 2), (6279, 1), (6280, 1), (9469, 1), (9470, 7), (10898, 1), (10899, 5), (15736, 10), (15737, 3), (16884, 4), (16885, 1), (18046, 6)
cuerpaz (DF: 2): (8994, 1), (173, 2)
cuerpecill (DF: 1): (7879, 1)
cuerpecit (DF: 5): (2659, 2), (3093, 2), (6514, 2), (9960, 4), (14703, 1)
cuerpit (DF: 5): (3572, 2), (6326, 2), (7274, 2), (11786, 1), (17625, 4)
cuerpo (DF: 16): (2730, 1), (2735, 1), (3095, 2), (6197, 2), (6206, 2), (7244, 6), (8597, 1), (8765, 1), (9099, 1), (9450, 1), (9474, 1), (1087, 1), (11026, 1), (11508, 5), (13932, 1), (15389, 21)
cuert (DF: 1): (7395, 2)
cuerv (DF: 2): (7415, 3), (1582, 1)
cuervo (DF: 6): (4284, 12), (4652, 1), (5068, 1), (5610, 1), (7197, 1), (14946, 2)
cueshé (DF: 1): (3499, 1)
cuest (DF: 24): (19, 1), (3890, 1), (4344, 4), (4729, 1), (7508, 1), (7935, 2), (9362, 1), (9660, 2), (995, 1), (10285, 1), (10781, 1), (11157, 29), (11576, 1), (12276, 6), (12672, 2), (13986, 3), (15143, 1), (15598, 1), (16401, 6), (16419, 1), (16711, 1), (1769, 2), (17623, 1), (18047, 1)
cuesta (DF: 2): (6006, 1), (11685, 1)
cuestion (DF: 25): (1974, 3), (2792, 1), (2972, 2), (3239, 2), (333, 2), (4386, 1), (6384, 2), (648, 2), (6862, 1), (7415, 1), (8242, 1), (9225, 2), (9384, 1), (9430, 1), (9431, 1), (11741, 2), (12351, 2), (12833, 1), (13272, 2), (14215, 2), (1665, 2), (16373, 1), (1677, 1), (16840, 2), (18222, 1)
cuet (DF: 19): (2735, 1), (276, 1), (3351, 1), (3569, 2), (4852, 1), (5072, 1), (5716, 1), (5811, 1), (8187, 1), (9368, 4), (10257, 1), (11558, 2), (11671, 1), (13526, 9), (13937, 1), (15448, 1), (16521, 1), (16619, 2), (16998, 1)
cuev (DF: 2): (3875, 3), (14481, 12)
cuf (DF: 15): (2133, 1), (4341, 1), (5835, 4), (6388, 1), (6667, 1), (7540, 1), (772, 2), (11231, 1), (1186, 2), (1187, 1), (12643, 2), (13637, 1), (14911, 1), (1773, 1), (1812, 1)
cuff (DF: 43): (2028, 1), (2067, 1), (2315, 1), (3380, 2), (3913, 1), (4144, 2), (4303, 1), (4319, 1), (4866, 1), (5140, 1), (646, 1), (6899, 1), (698, 2), (7121, 9), (8020, 1), (829, 3), (8811, 1), (8844, 1), (8883, 1), (10147, 3), (10195, 1), (11160, 1), (1150, 1), (12051, 1), (12347, 1), (13497, 1), (14269, 1), (14353, 1), (14364, 1), (14745, 1), (15154, 1), (15254, 3), (1574, 2), (15406, 1), (15710, 1), (16146, 1), (16242, 1), (1660, 1), (1669, 1), (1671, 1), (18168, 1), (18179, 1), (18374, 1)
cuffin (DF: 13): (5409, 4), (5570, 4), (5581, 1), (6999, 1), (8953, 2), (9946, 1), (1122, 1), (11698, 1), (12418, 1), (12554, 2), (14008, 1), (15865, 4), (18089, 1)
cufflink (DF: 4): (4343, 3), (752, 1), (14008, 1), (14882, 1)
cugghh (DF: 1): (3999, 1)
cuh (DF: 5): (6615, 2), (10343, 2), (11151, 3), (16659, 4), (18438, 1)
cuid (DF: 95): (2275, 1), (2306, 1), (2792, 2), (276, 1), (3080, 1), (3351, 1), (342, 2), (3587, 2), (3859, 2), (3969, 1), (4032, 1), (4034, 1), (4347, 2), (4362, 4), (444, 2), (4515, 1), (4912, 1), (5436, 2), (5592, 1), (5655, 1), (5975, 2), (6001, 1), (6351, 2), (667, 2), (6810, 1), (679, 1), (7042, 1), (7258, 2), (7455, 2), (7457, 1), (8036, 1), (8188, 3), (8278, 1), (836, 1), (8518, 2), (8618, 3), (8817, 1), (8914, 2), (918, 1), (9001, 12), (9074, 3), (9259, 1), (9414, 1), (9430, 2), (9437, 15), (9845, 1), (9974, 1), (10060, 4), (10321, 1), (1061, 1), (10793, 3), (10898, 1), (10939, 2), (11095, 1), (11240, 1), (11404, 2), (11413, 1), (11533, 1), (1213, 4), (12177, 8), (1241, 5), (1259, 3), (13095, 1), (13257, 4), (13370, 1), (13442, 3), (13714, 1), (14082, 1), (14187, 1), (1461, 1), (14408, 2), (14444, 4), (14525, 1), (14550, 1), (15098, 1), (15112, 4), (15157, 1), (1563, 1), (15310, 1), (1582, 1), (16079, 1), (16148, 5), (16289, 1), (16377, 1), (16998, 1), (17064, 2), (17368, 1), (17673, 1), (17706, 7), (1803, 1), (18187, 3), (18222, 1), (1842, 12), (18421, 5), (18427, 1)
cuida (DF: 4): (4289, 14), (13710, 1), (17146, 3), (17660, 2)
cuidadit (DF: 2): (11371, 1), (11558, 1)
