later (DF: 220): (5425, 1), (5482, 1), (5692, 1), (5743, 1), (5783, 1), (5794, 2), (5848, 1), (5891, 1), (5894, 2), (6086, 2), (606, 1), (609, 2), (6157, 1), (6228, 2), (6244, 1), (6281, 10), (6333, 1), (6350, 1), (6390, 3), (6472, 2), (6490, 1), (6508, 1), (6543, 1), (6554, 16), (6624, 1), (6757, 1), (680, 2), (6875, 2), (6876, 1), (6914, 1), (6923, 2), (6946, 2), (6962, 1), (6964, 1), (64, 2), (691, 1), (7155, 1), (7201, 1), (7243, 1), (7265, 1), (740, 1), (7662, 1), (7732, 1), (783, 6), (7881, 1), (7892, 1), (800, 1), (7969, 1), (7970, 2), (8026, 1), (8150, 1), (8167, 6), (8168, 1), (8182, 1), (8305, 3), (8326, 1), (8380, 1), (883, 3), (8675, 1), (8705, 1), (8780, 1), (8819, 1), (8830, 1), (8857, 1), (8916, 2), (922, 2), (9036, 1), (9063, 1), (925, 1), (9116, 2), (9119, 1), (9149, 6), (9210, 4), (9234, 1), (9251, 1), (9527, 1), (9569, 18), (9608, 1), (9633, 1), (9773, 2), (9833, 1), (9861, 2), (9863, 1), (10044, 1), (10089, 1), (10141, 1), (10206, 2), (10225, 1), (10297, 1), (10307, 1), (10424, 1), (10471, 1), (1068, 1), (110, 1), (1084, 1), (10750, 1), (10859, 1), (10927, 1), (10945, 2), (11110, 1), (11125, 1), (11188, 1), (11206, 2), (11239, 6), (11291, 2), (11384, 1), (121, 1), (11475, 1), (11541, 1), (11585, 1), (11807, 1), (12189, 3), (12239, 1), (12253, 15), (12282, 2), (12293, 6), (12347, 1), (1275, 8), (12583, 1), (1285, 1), (12745, 1), (12799, 2), (12934, 1), (12983, 2), (12985, 2), (1329, 1), (13181, 1), (13196, 1), (13232, 1), (13240, 1), (13365, 1), (13368, 1), (13452, 13), (13466, 1), (13530, 1), (13578, 1), (13700, 8), (13726, 1), (13760, 1), (13765, 1), (13873, 1), (13885, 1), (13933, 12), (13997, 2), (14010, 1), (14055, 1), (14081, 1), (14115, 2), (14116, 1), (14122, 4), (14173, 1), (14456, 1), (14608, 1), (14671, 2), (14718, 1), (14732, 1), (14759, 1), (14819, 1), (14839, 1), (1516, 8), (14907, 2), (14974, 1), (14986, 1), (15021, 2), (15075, 1), (15115, 1), (15163, 1), (15203, 1), (1558, 1), (15276, 1), (1564, 1), (159, 1), (15334, 2), (15351, 1), (15466, 1), (15474, 1), (15518, 1), (15564, 1), (15568, 1), (15731, 2), (15748, 2), (15761, 3), (15882, 1), (15916, 1), (16026, 1), (1648, 2), (16127, 1), (16140, 1), (16323, 6), (16328, 1), (16358, 1), (16391, 1), (16583, 1), (1690, 1), (16598, 1), (16764, 1), (16806, 1), (17035, 1), (17116, 1), (17160, 1), (17207, 2), (17267, 1), (17346, 1), (17349, 1), (17382, 2), (17626, 1), (17764, 1), (17786, 1), (17918, 1), (17934, 1), (1820, 1), (18116, 2), (18118, 1), (18217, 1), (18243, 1), (18259, 1), (18335, 1), (18402, 1), (3772, 2), (3773, 1)
lateralus (DF: 2): (4455, 1), (12011, 1)
laternenlamp (DF: 1): (5559, 1)
latest (DF: 63): (2048, 1), (210, 1), (2231, 2), (248, 1), (3290, 1), (3602, 1), (4195, 1), (4404, 1), (4440, 1), (4527, 1), (4875, 1), (5013, 1), (5022, 1), (580, 1), (5876, 4), (6936, 1), (698, 2), (7205, 1), (7232, 1), (823, 1), (8418, 1), (8939, 1), (9090, 1), (9109, 1), (9582, 1), (9758, 1), (9887, 1), (1030, 1), (10346, 1), (10415, 2), (10538, 1), (10895, 1), (11444, 1), (11535, 1), (11780, 1), (12029, 8), (12035, 1), (12207, 1), (12335, 3), (12585, 1), (12939, 1), (1318, 1), (13090, 1), (13744, 1), (13778, 1), (13947, 1), (13951, 1), (14006, 1), (14049, 2), (1461, 1), (14554, 1), (14579, 1), (14674, 1), (15585, 1), (15868, 1), (16377, 1), (16889, 1), (16920, 1), (16983, 1), (17013, 1), (17793, 1), (17917, 1), (17922, 1)
latex (DF: 7): (2832, 1), (740, 1), (8135, 1), (8960, 1), (11968, 1), (12587, 1), (13729, 2)
lathan (DF: 2): (200, 1), (3277, 2)
lather (DF: 1): (6758, 1)
latid (DF: 1): (14799, 1)
latifah (DF: 6): (3965, 1), (12763, 1), (14061, 1), (15606, 1), (16826, 1), (17327, 1)
latig (DF: 5): (5792, 1), (7646, 4), (8883, 1), (11391, 1), (14314, 4)
latigaz (DF: 2): (7068, 1), (15913, 5)
latimor (DF: 1): (9191, 1)
latin (DF: 71): (193, 1), (1888, 1), (1899, 2), (1907, 3), (1914, 2), (1924, 3), (1939, 1), (1966, 1), (1967, 1), (1974, 1), (1978, 2), (2005, 1), (2015, 2), (2020, 2), (2021, 1), (2034, 1), (2043, 3), (19, 3), (2079, 1), (2088, 1), (2090, 1), (2092, 1), (2114, 4), (2127, 3), (2136, 3), (2150, 1), (2180, 2), (2183, 3), (2186, 2), (2200, 1), (2205, 3), (2229, 2), (2243, 3), (2275, 1), (2277, 1), (2306, 1), (2309, 3), (2311, 1), (2316, 3), (2318, 2), (2321, 1), (2329, 1), (2338, 1), (2342, 3), (2349, 1), (2351, 1), (227, 3), (2365, 2), (2369, 4), (2382, 1), (2422, 4), (2427, 2), (2429, 1), (24, 4), (2460, 1), (2461, 1), (2488, 3), (2528, 2), (2553, 1), (2569, 2), (2585, 3), (2593, 1), (2595, 3), (2601, 3), (2604, 1), (2606, 1), (2617, 1), (2638, 2), (2639, 2), (2642, 4), (2645, 3)
