hand (DF: 153): (1356, 2), (1358, 1), (13541, 1), (13542, 2), (13637, 1), (13639, 8), (13640, 1), (13642, 1), (13759, 2), (13760, 1), (13873, 1), (13874, 16), (13916, 3), (13917, 1), (13946, 2), (13947, 2), (14100, 1), (14101, 2), (14145, 1), (14146, 1), (14422, 2), (14423, 2), (14460, 1), (14463, 4), (14507, 1), (14508, 4), (14535, 6), (14537, 1), (14859, 1), (14861, 1), (14980, 5), (14982, 1), (15018, 1), (15019, 1), (15044, 1), (15045, 5), (15128, 2), (15130, 1), (15220, 6), (15221, 1), (15325, 1), (15327, 3), (15432, 2), (15433, 1), (15765, 1), (15766, 1), (15880, 1), (15881, 1), (15886, 1), (15887, 1), (15944, 5), (15946, 1), (16006, 2), (16007, 3), (16063, 3), (16064, 6), (16065, 1), (16085, 8), (16086, 12), (1649, 1), (1650, 1), (16134, 1), (16135, 4), (16175, 1), (16177, 1), (16184, 12), (16185, 14), (16277, 30), (16278, 1), (16281, 1), (16282, 1), (16364, 1), (16365, 1), (16386, 2), (16387, 1), (16471, 2), (16473, 2), (16682, 10), (16683, 1), (16742, 1), (16743, 4), (16793, 1), (16794, 12), (16826, 1), (16827, 3), (16901, 12), (16902, 1), (17076, 2), (17077, 4), (17117, 12), (17120, 1), (17124, 2), (17125, 1), (17161, 1), (17162, 1), (17415, 1), (17417, 1), (17514, 2), (17515, 2), (17609, 1), (17611, 1), (17729, 1), (17730, 2), (17838, 8), (17839, 2), (17843, 1), (17844, 2), (17870, 44), (17871, 2), (1815, 1), (1816, 1), (18014, 1), (18015, 1), (18048, 1), (18049, 1), (18056, 4), (18058, 5), (18070, 1), (18071, 1), (18191, 1), (18192, 2), (18316, 4), (18317, 2), (18364, 4), (18366, 1), (1874, 1), (1875, 1), (1879, 2), (1880, 1), (7406, 1), (7407, 4), (7409, 11), (7565, 4), (7568, 2), (7569, 1), (11624, 4), (11625, 1), (11626, 1), (12710, 3), (12711, 1), (12712, 1), (1388, 1), (1389, 2), (1390, 3), (14910, 2), (14911, 2), (14912, 1), (17715, 1), (17716, 1), (17717, 1), (17785, 1), (17786, 3), (17787, 1)
hand40 (DF: 1): (8299, 2)
handa (DF: 3): (6224, 3), (8505, 1), (17760, 3)
handbag (DF: 5): (7745, 1), (8865, 5), (12252, 1), (16355, 2), (17914, 1)
handbal (DF: 2): (1564, 1), (16026, 1)
handbrems (DF: 2): (9236, 1), (14254, 1)
handcheck (DF: 2): (15458, 1), (1583, 1)
handclap (DF: 2): (11133, 2), (17620, 2)
handcraft (DF: 1): (1922, 1)
handcuf (DF: 8): (346, 1), (5075, 1), (5137, 1), (1058, 1), (10957, 1), (13299, 1), (13368, 1), (16924, 1)
handcuff (DF: 23): (2399, 1), (3428, 1), (3529, 1), (3957, 1), (4042, 1), (6176, 1), (6571, 1), (698, 4), (8870, 1), (9226, 1), (10690, 2), (10744, 2), (10957, 1), (11340, 1), (12597, 2), (13390, 1), (14533, 1), (14807, 1), (16301, 1), (16720, 1), (17305, 1), (17377, 1), (18188, 2)
handedruck (DF: 1): (1616, 1)
handel (DF: 5): (1177, 1), (11654, 1), (14613, 2), (15867, 1), (18073, 1)
handelen (DF: 1): (15412, 1)
handelin (DF: 1): (6937, 1)
handelsfuhr (DF: 1): (18073, 1)
handelt (DF: 4): (6748, 1), (10523, 1), (17160, 1), (1845, 1)
handen (DF: 5): (4665, 5), (4849, 1), (6184, 2), (12243, 1), (15412, 16)
handful (DF: 1): (1059, 1)
handgelenk (DF: 7): (4318, 1), (5691, 1), (6620, 1), (778, 2), (11521, 1), (12822, 4), (13085, 1)
handgemacht (DF: 1): (13125, 1)
handgepack (DF: 2): (7983, 1), (11538, 1)
handgun (DF: 17): (2563, 1), (2822, 1), (3485, 1), (4490, 1), (4503, 1), (5581, 1), (6746, 1), (7110, 1), (7685, 2), (7696, 1), (8122, 1), (8862, 8), (13509, 1), (13769, 1), (13841, 1), (15833, 1), (18308, 1)
handheld (DF: 1): (6124, 1)
handi (DF: 15): (3138, 1), (3525, 1), (449, 1), (6636, 1), (753, 1), (9143, 1), (9442, 2), (10144, 1), (12171, 2), (12535, 1), (13351, 1), (13635, 1), (14932, 2), (15855, 1), (17959, 2)
handicap (DF: 8): (204, 1), (5634, 1), (10523, 1), (11825, 1), (12150, 1), (12736, 1), (13242, 1), (13279, 1)
handin (DF: 3): (4279, 2), (13643, 1), (15937, 1)
handj (DF: 2): (2260, 1), (14757, 1)
handjob (DF: 1): (11287, 1)
handkerchief (DF: 4): (6087, 1), (6217, 1), (8755, 1), (11351, 1)
handl (DF: 47): (1904, 1), (1941, 1), (2001, 1), (2045, 1), (2050, 1), (204, 2), (2145, 1), (2154, 1), (2211, 1), (2256, 2), (2278, 1), (2332, 1), (2378, 1), (2385, 1), (2402, 6), (2418, 1), (2423, 1), (2462, 1), (2495, 1), (2501, 2), (2511, 2), (2541, 2), (2562, 1), (248, 1), (2636, 1), (2811, 2), (2855, 6), (2887, 1), (3068, 1), (3148, 1), (3232, 3), (3251, 1), (3476, 2), (3483, 10), (3529, 1), (3582, 1), (3680, 2), (3741, 2), (3821, 1), (3963, 1), (3989, 1), (4042, 1), (4121, 1), (4168, 1), (4214, 1), (4218, 3), (4403, 1)
