stock (DF: 44): (7096, 1), (7418, 1), (7430, 1), (794, 1), (7964, 2), (8103, 1), (8181, 1), (8361, 2), (9125, 1), (9790, 1), (10035, 1), (10074, 1), (10412, 1), (10586, 1), (10726, 1), (10903, 2), (1147, 1), (1176, 1), (11937, 6), (11956, 2), (12356, 1), (12414, 1), (13152, 1), (13254, 1), (13291, 1), (13331, 1), (13755, 1), (14382, 1), (14919, 2), (15111, 3), (15469, 1), (16337, 1), (16579, 1), (16631, 2), (16777, 1), (16812, 1), (17477, 1), (17526, 1), (17630, 1), (17777, 1), (1802, 1), (18027, 2), (18300, 1), (18385, 5)
stocka (DF: 1): (10257, 1)
stockholm (DF: 10): (2684, 1), (2841, 2), (696, 1), (7518, 1), (8718, 4), (13815, 1), (13898, 4), (15842, 1), (17488, 1), (18189, 1)
stocki (DF: 1): (7430, 1)
stockin (DF: 2): (13769, 1), (14176, 1)
stocksau (DF: 2): (13755, 1), (17630, 1)
stockton (DF: 4): (2104, 1), (3075, 1), (9866, 1), (15916, 1)
stoe (DF: 1): (14078, 1)
stoecker (DF: 1): (3469, 1)
stoel (DF: 1): (2260, 1)
stoer (DF: 1): (12767, 1)
stoessel (DF: 1): (4515, 1)
stof (DF: 1): (17160, 1)
stoff (DF: 22): (2328, 2), (2463, 1), (2729, 3), (3849, 1), (484, 2), (5051, 3), (5691, 1), (5821, 1), (6620, 1), (6748, 1), (7278, 6), (10215, 1), (10901, 2), (1177, 6), (11654, 1), (13476, 2), (13755, 2), (15536, 1), (16507, 1), (16777, 1), (17021, 1), (17630, 2)
stog (DF: 2): (1564, 2), (16026, 2)
stoge (DF: 3): (2991, 1), (12597, 2), (17377, 1)
stogi (DF: 5): (5354, 1), (7685, 2), (10511, 3), (12104, 1), (18267, 1)
stohn (DF: 2): (2496, 1), (6835, 1)
stohnend (DF: 1): (16724, 1)
stoi (DF: 1): (17410, 1)
stoic (DF: 1): (7238, 3)
stoisz (DF: 1): (15359, 1)
stoj (DF: 5): (4405, 1), (8452, 6), (8604, 2), (10020, 1), (17372, 1)
stojakovi (DF: 1): (1491, 1)
stok (DF: 1): (16507, 1)
stoke (DF: 7): (3521, 1), (6858, 1), (8177, 1), (10085, 4), (12045, 2), (13979, 1), (16819, 1)
stokeley (DF: 3): (4282, 1), (13589, 1), (16700, 1)
stol (DF: 3): (413, 21), (1465, 2), (17294, 2)
stold (DF: 3): (6809, 1), (14165, 2), (15013, 2)
stolder (DF: 1): (1343, 1)
stole (DF: 124): (2001, 1), (2041, 2), (2058, 1), (2217, 3), (2221, 1), (2399, 1), (2528, 1), (2634, 1), (2688, 12), (2923, 2), (2987, 1), (3068, 1), (3142, 1), (3164, 1), (3238, 2), (3500, 1), (3742, 3), (393, 1), (4017, 2), (4044, 5), (4422, 4), (4522, 1), (4613, 1), (4636, 1), (4794, 2), (4907, 2), (488, 1), (504, 1), (5237, 1), (5281, 1), (535, 2), (5457, 1), (5964, 1), (6069, 3), (6092, 1), (6168, 4), (6374, 2), (6523, 4), (650, 1), (6599, 2), (6677, 32), (6755, 1), (6809, 1), (7209, 3), (720, 1), (7751, 2), (800, 1), (819, 1), (8263, 9), (8442, 1), (8475, 1), (8500, 1), (8531, 1), (8532, 1), (8702, 1), (8713, 1), (8806, 2), (8960, 1), (9174, 4), (9235, 1), (9466, 1), (9501, 1), (10050, 2), (10110, 2), (10159, 1), (10182, 1), (10186, 1), (10272, 1), (10359, 1), (10673, 1), (10824, 2), (10857, 1), (11196, 2), (11279, 6), (11461, 1), (11848, 1), (12396, 1), (12484, 1), (12596, 2), (12630, 1), (12943, 1), (13098, 33), (13150, 3), (13253, 1), (13270, 1), (1350, 3), (13599, 1), (13608, 1), (13640, 1), (13645, 2), (13770, 1), (13823, 1), (13825, 1), (1408, 1), (14099, 14), (14165, 2), (14212, 1), (14267, 1), (1496, 1), (14868, 1), (14935, 1), (14978, 48), (15013, 2), (15155, 30), (15566, 4), (15570, 1), (1613, 1), (16339, 1), (16524, 2), (16689, 1), (16770, 1), (16783, 3), (16816, 1), (16946, 2), (17003, 2), (17034, 30), (17119, 3), (17297, 1), (17557, 5), (17656, 4), (17822, 1), (17849, 1), (18029, 1), (18200, 9)
stolei (DF: 1): (8977, 1)
stolen (DF: 70): (2016, 1), (2076, 1), (2259, 2), (2421, 10), (3013, 4), (27, 2), (3053, 1), (3503, 1), (3696, 2), (3804, 3), (4025, 1), (4044, 1), (4098, 2), (4337, 2), (5135, 4), (5842, 1), (5933, 6), (6317, 1), (7024, 1), (695, 1), (7060, 1), (7105, 1), (7369, 1), (7634, 1), (7871, 1), (8050, 1), (8148, 1), (8288, 1), (8306, 1), (8367, 1), (8924, 1), (9091, 1), (9283, 2), (952, 2), (9873, 1), (10103, 1), (10119, 1), (10269, 4), (10454, 1), (10549, 2), (10711, 1), (1134, 1), (11708, 1), (12141, 4), (12156, 1), (12442, 1), (1274, 1), (12860, 1), (13068, 1), (13431, 1), (13435, 1), (13628, 2), (1412, 2), (14383, 4), (14502, 5), (14678, 1), (15073, 1), (15150, 2), (15187, 10), (15529, 1), (16144, 1), (16231, 2), (16288, 2), (16693, 1), (17710, 1), (17769, 1), (17920, 1), (1811, 1), (17933, 3), (18387, 2)
stoler (DF: 1): (13626, 1)
