faz (DF: 25): (10679, 2), (1183, 1), (12128, 3), (12348, 2), (12649, 1), (12677, 1), (13078, 3), (13710, 1), (13717, 3), (13892, 7), (15162, 1), (15274, 1), (15400, 5), (15605, 3), (15617, 3), (15898, 1), (16035, 2), (1659, 3), (16522, 1), (16533, 2), (16751, 1), (16850, 1), (17325, 9), (17899, 3), (18186, 2)
faza (DF: 1): (17222, 2)
faze (DF: 16): (3562, 1), (8528, 1), (8917, 6), (9617, 2), (9873, 1), (10213, 4), (10398, 1), (11575, 1), (12246, 1), (13378, 2), (13763, 1), (13802, 1), (15218, 2), (16549, 5), (17191, 1), (17362, 3)
fazem (DF: 3): (5859, 1), (6397, 2), (17232, 2)
fazemo (DF: 1): (12375, 1)
fazendo (DF: 27): (213, 2), (2308, 9), (3007, 5), (3215, 1), (4167, 1), (5011, 1), (5859, 5), (5860, 1), (6804, 4), (6844, 1), (8027, 10), (8052, 2), (8363, 3), (8938, 1), (8989, 5), (10316, 1), (1183, 1), (11943, 1), (11979, 1), (12649, 1), (13307, 1), (15400, 1), (16199, 1), (17347, 2), (17899, 1), (18271, 1), (1881, 1)
fazer (DF: 44): (2631, 2), (2839, 1), (3007, 6), (3353, 1), (3692, 1), (3870, 2), (5859, 1), (60, 2), (6844, 1), (7211, 2), (7563, 1), (7869, 1), (8113, 5), (8363, 6), (8989, 1), (9087, 8), (9120, 1), (9494, 1), (9860, 1), (10637, 7), (10679, 2), (11132, 1), (11200, 2), (1183, 1), (11835, 2), (11943, 1), (12348, 1), (12649, 1), (13892, 1), (14182, 1), (14285, 2), (14511, 2), (14615, 2), (15274, 3), (15322, 2), (15400, 1), (16035, 1), (16533, 2), (16626, 1), (16738, 3), (17347, 1), (17649, 1), (18136, 2), (18186, 6)
fazi (DF: 4): (8452, 2), (1655, 1), (17222, 28), (17410, 1)
fazia (DF: 1): (7211, 1)
fazin (DF: 1): (14543, 1)
fazla (DF: 1): (17712, 1)
fazz (DF: 1): (11464, 2)
faça (DF: 3): (5606, 4), (9087, 3), (12649, 1)
façad (DF: 1): (6104, 1)
faço (DF: 38): (2242, 1), (2651, 2), (2833, 1), (3305, 2), (4016, 2), (5959, 1), (6234, 2), (6983, 1), (7211, 2), (7563, 1), (7795, 2), (8113, 1), (8938, 2), (9120, 1), (9494, 3), (9812, 2), (9981, 4), (10203, 1), (1072, 1), (11200, 1), (1183, 1), (12128, 1), (12348, 3), (1278, 1), (13647, 6), (13892, 6), (14182, 2), (15274, 2), (15322, 2), (16035, 3), (1659, 2), (16522, 1), (16847, 1), (17325, 4), (17649, 1), (17652, 3), (17899, 1), (1881, 1)
façon (DF: 3): (3909, 2), (4308, 1), (11341, 1)
faëri (DF: 1): (7511, 1)
fb (DF: 2): (1913, 1), (7142, 1)
fbc (DF: 2): (3467, 1), (16117, 1)
fbg (DF: 1): (14032, 7)
fbgm (DF: 1): (5567, 1)
fbi (DF: 9): (4365, 1), (5494, 1), (6098, 1), (10012, 1), (13746, 2), (14473, 2), (1622, 1), (16632, 1), (16667, 1)
fbo (DF: 2): (1919, 2), (6903, 12)
fc (DF: 1): (12355, 2)
fcc (DF: 1): (13297, 2)
fcil (DF: 1): (439, 1)
fda (DF: 1): (2978, 1)
fdp (DF: 7): (438, 1), (6341, 1), (7411, 1), (7726, 1), (8198, 1), (1244, 1), (13019, 1)
fdt (DF: 1): (14160, 2)
fdvm (DF: 1): (9827, 1)
fe (DF: 48): (217, 3), (2878, 2), (3399, 2), (430, 6), (4404, 5), (4445, 1), (4560, 1), (5276, 1), (5801, 1), (5826, 1), (5883, 2), (6515, 3), (6883, 2), (7415, 1), (7646, 1), (7653, 2), (8026, 1), (8131, 1), (890, 1), (9196, 1), (9384, 1), (9532, 1), (1022, 1), (10131, 1), (10908, 1), (11081, 1), (11142, 72), (1141, 1), (12087, 1), (12404, 1), (12505, 1), (12672, 1), (12885, 1), (13533, 1), (13545, 2), (1411, 1), (14222, 1), (14240, 2), (14331, 1), (14988, 2), (15161, 1), (15310, 1), (15405, 2), (1582, 1), (15678, 3), (16740, 1), (17309, 1), (17641, 2)
fea (DF: 9): (2936, 1), (4846, 1), (7354, 1), (858, 1), (10036, 1), (11175, 2), (12055, 1), (15054, 1), (17671, 1)
feak (DF: 1): (8687, 1)
feald (DF: 1): (2354, 2)
fear (DF: 52): (1885, 6), (1902, 1), (196, 8), (1915, 2), (1931, 1), (1961, 1), (1973, 2), (2002, 1), (2003, 1), (2015, 2), (202, 2), (2039, 1), (2046, 1), (2060, 1), (2063, 1), (2097, 1), (2115, 1), (2120, 1), (205, 1), (2151, 1), (2154, 2), (2209, 1), (2222, 2), (222, 4), (2334, 2), (2337, 1), (2357, 1), (2448, 1), (2451, 1), (2466, 1), (2489, 2), (2552, 1), (2561, 1), (2592, 1), (2594, 1), (2634, 2), (26, 12), (2684, 1), (2723, 1), (2736, 3), (2738, 2), (2744, 2), (2765, 6), (2773, 1), (2783, 1), (2795, 1), (2808, 1), (2818, 2), (2842, 1), (2890, 1), (2900, 1), (2906, 1)
