konzert (DF: 2): (8247, 2), (15066, 1)
koo (DF: 2): (5087, 12), (15164, 1)
koochi (DF: 1): (8026, 1)
kood (DF: 1): (18053, 1)
koof (DF: 2): (6157, 1), (7969, 1)
kook (DF: 7): (5819, 1), (7733, 1), (8068, 1), (971, 1), (13136, 1), (14981, 1), (17310, 1)
kooki (DF: 2): (9784, 1), (11539, 1)
kookt (DF: 3): (14555, 1), (15412, 1), (1619, 1)
kool (DF: 48): (2132, 1), (2223, 1), (2399, 2), (2781, 1), (3680, 1), (4830, 2), (4889, 13), (5299, 1), (6296, 2), (642, 1), (6490, 1), (6560, 1), (6696, 1), (6791, 2), (6964, 1), (7006, 1), (7123, 1), (8219, 1), (8293, 2), (8380, 1), (8825, 1), (9063, 1), (9486, 1), (9784, 1), (9816, 1), (9820, 1), (10044, 1), (10083, 1), (10140, 1), (11539, 1), (121, 1), (11936, 1), (1243, 2), (1249, 1), (13472, 4), (13670, 1), (13803, 1), (14438, 2), (14732, 1), (15145, 3), (15276, 1), (15904, 1), (16532, 3), (16764, 1), (17367, 1), (17683, 3), (17746, 5), (18225, 2)
koolaid (DF: 1): (14759, 1)
koon (DF: 2): (4319, 1), (12945, 2)
koop (DF: 4): (852, 1), (10945, 2), (17663, 1), (18210, 1)
koopa (DF: 1): (1226, 2)
kooperi (DF: 2): (13012, 3), (14659, 1)
koopsta (DF: 2): (10701, 2), (10945, 1)
koosjer (DF: 1): (11669, 1)
koosnaampj (DF: 1): (1077, 2)
kooza (DF: 1): (6754, 1)
kop (DF: 5): (7077, 3), (7421, 1), (9425, 1), (11144, 2), (1432, 1)
kopen (DF: 1): (17663, 1)
kopertach (DF: 1): (6678, 1)
kopf (DF: 62): (2050, 2), (2078, 1), (2463, 1), (246, 4), (2637, 3), (2881, 1), (3466, 1), (3849, 2), (3962, 12), (3984, 3), (4318, 4), (4387, 1), (483, 1), (484, 1), (5051, 1), (5214, 1), (5429, 2), (5493, 1), (6430, 12), (7278, 7), (7287, 17), (7983, 1), (8311, 1), (8340, 5), (8829, 1), (8999, 3), (9999, 1), (10074, 2), (10215, 29), (10603, 1), (10659, 3), (10958, 1), (11024, 1), (11060, 1), (11493, 14), (11552, 2), (11654, 1), (12363, 3), (12453, 3), (12642, 6), (12822, 1), (13085, 1), (13093, 1), (13125, 4), (13755, 1), (14254, 1), (151, 1), (14659, 2), (14752, 3), (15010, 1), (15766, 1), (1654, 1), (16507, 2), (16745, 2), (16777, 1), (16919, 2), (17021, 1), (17136, 1), (17630, 1), (17704, 1), (18073, 1), (1845, 5)
kopfch (DF: 1): (1715, 1)
kopffick (DF: 5): (2050, 1), (2078, 1), (5429, 1), (9236, 1), (10719, 1)
kopfgeld (DF: 1): (1715, 1)
kopfgeldjag (DF: 1): (4004, 1)
kopfnick (DF: 2): (14752, 1), (15766, 1)
kopfnuss (DF: 3): (2729, 1), (3123, 1), (16579, 1)
kopfschuss (DF: 1): (4743, 1)
kopi (DF: 6): (2260, 1), (1218, 1), (14254, 1), (1583, 1), (16499, 1), (1845, 1)
kopierst (DF: 1): (3123, 1)
kopiert (DF: 2): (8498, 1), (11538, 1)
kopn (DF: 1): (14869, 1)
koppel (DF: 1): (5729, 1)
koppen (DF: 1): (8418, 4)
koppijn (DF: 1): (9425, 1)
koppyeo (DF: 1): (13488, 1)
koprolali (DF: 1): (2496, 10)
kor (DF: 2): (9498, 1), (14906, 1)
kora (DF: 1): (8510, 1)
korb (DF: 3): (4387, 1), (4859, 4), (10659, 3)
kordon (DF: 1): (1825, 2)
kore (DF: 2): (11688, 3), (16519, 1)
korea (DF: 5): (4069, 1), (4298, 1), (7697, 2), (13639, 1), (16358, 1)
korean (DF: 6): (3826, 2), (8924, 1), (10118, 3), (13286, 1), (16326, 1), (183, 1)
koreano (DF: 1): (10227, 1)
koreatown (DF: 2): (13540, 3), (15156, 3)
korek (DF: 1): (6457, 1)
koresh (DF: 1): (6217, 1)
korg (DF: 1): (12125, 1)
korkach (DF: 1): (16860, 1)
korki (DF: 1): (14869, 1)
korn (DF: 11): (2148, 1), (4538, 1), (5528, 1), (11650, 1), (13432, 1), (13602, 1), (14366, 1), (15569, 1), (15690, 1), (16221, 1), (16805, 1)
koron (DF: 2): (10362, 1), (10436, 1)
koronki (DF: 1): (8509, 1)
korp (DF: 4): (3932, 1), (13755, 2), (15269, 1), (17630, 2)
korpertreff (DF: 1): (11538, 1)
korpo (DF: 2): (10756, 1), (16833, 1)
korporacji (DF: 1): (7916, 1)
korrekt (DF: 3): (11060, 1), (1244, 1), (14153, 22)
korrupt (DF: 2): (10543, 1), (13085, 1)
korruption (DF: 1): (1616, 1)
korsou (DF: 2): (8632, 1), (11487, 1)
kort (DF: 8): (3527, 3), (7421, 1), (7603, 5), (9425, 1), (10543, 1), (12767, 1), (14952, 2), (16226, 1)
korti (DF: 1): (14869, 1)
koru (DF: 2): (2327, 1), (311, 1)
korwini (DF: 1): (16247, 1)
koryphaeich (DF: 1): (2170, 1)
korzystaj (DF: 1): (9695, 3)
kosa (DF: 1): (10436, 1)
kosenam (DF: 1): (13245, 1)
kosh (DF: 1): (7690, 1)
kosher (DF: 3): (9549, 1), (12047, 1), (14608, 1)
koshi (DF: 1): (11132, 1)
kosl (DF: 3): (8090, 2), (12560, 1), (14893, 1)
