marbell (DF: 4): (5396, 1), (9001, 3), (11662, 1), (1842, 3)
marbella (DF: 3): (10700, 1), (11060, 1), (13125, 1)
marbet (DF: 1): (15169, 1)
marbl (DF: 26): (2411, 1), (4319, 1), (4543, 1), (5484, 1), (6527, 1), (6619, 2), (7978, 1), (8248, 1), (8297, 1), (8310, 2), (8548, 1), (8593, 1), (8630, 1), (9218, 1), (10040, 1), (11482, 1), (11616, 1), (13885, 1), (13954, 1), (14050, 1), (15108, 2), (15144, 1), (15397, 3), (15841, 1), (17016, 1), (18410, 1)
marc (DF: 95): (2061, 1), (2079, 1), (2255, 1), (2480, 1), (256, 1), (3080, 1), (3158, 1), (3434, 1), (342, 1), (3572, 1), (355, 3), (4288, 1), (444, 2), (4544, 1), (4556, 1), (4591, 1), (4671, 2), (5369, 2), (557, 1), (5740, 1), (577, 1), (6131, 1), (6321, 1), (6351, 1), (6396, 1), (6436, 3), (648, 1), (6613, 1), (6681, 1), (6818, 1), (7183, 1), (7587, 1), (7773, 6), (8116, 4), (8205, 2), (8526, 1), (8632, 1), (8691, 1), (890, 1), (8825, 2), (8866, 1), (8994, 6), (9117, 1), (9185, 1), (9296, 1), (9318, 2), (9324, 1), (9362, 1), (9387, 1), (9536, 1), (9627, 1), (9786, 2), (10285, 1), (10781, 3), (10899, 2), (10939, 1), (11082, 1), (11237, 1), (11280, 1), (11433, 1), (11547, 2), (11638, 2), (12192, 1), (12379, 1), (1259, 1), (12661, 1), (12744, 2), (12833, 2), (13369, 2), (13680, 1), (13806, 1), (1443, 1), (14215, 1), (14322, 2), (14424, 1), (1476, 8), (14471, 3), (14517, 1), (14543, 1), (14772, 1), (15328, 1), (15415, 1), (15913, 10), (15948, 3), (1634, 1), (16295, 2), (16378, 1), (1677, 2), (16524, 1), (16746, 3), (1752, 1), (17459, 2), (17555, 1), (18248, 1), (18325, 1)
marca (DF: 8): (5719, 2), (11132, 1), (11200, 1), (11487, 1), (12649, 1), (13307, 1), (14285, 2), (17899, 4)
marcado (DF: 2): (10598, 1), (13307, 1)
marcador (DF: 1): (9867, 1)
marcal (DF: 1): (12092, 1)
marcam (DF: 1): (13971, 1)
marcamo (DF: 1): (8946, 1)
marcan (DF: 1): (13526, 9)
marcando (DF: 3): (10316, 1), (11200, 1), (16353, 1)
marcapaso (DF: 1): (6153, 1)
marceau (DF: 1): (7607, 1)
marcel (DF: 3): (7485, 3), (10148, 1), (13480, 1)
march (DF: 110): (1974, 1), (20, 1), (2090, 1), (2121, 3), (2300, 1), (2648, 1), (2670, 1), (3164, 2), (312, 1), (3253, 1), (3406, 1), (342, 1), (3538, 1), (3708, 3), (3759, 1), (3909, 2), (4192, 1), (4207, 1), (417, 1), (4308, 1), (426, 2), (4362, 6), (4387, 2), (439, 1), (4614, 1), (4727, 1), (468, 1), (5081, 1), (5135, 8), (5160, 1), (5215, 1), (5903, 1), (6016, 1), (6155, 1), (6339, 4), (6374, 4), (6711, 1), (678, 1), (6939, 1), (6956, 3), (7014, 1), (7196, 1), (7349, 1), (7469, 1), (7580, 3), (7640, 1), (7886, 15), (7897, 1), (7922, 1), (7935, 1), (7973, 1), (8259, 1), (841, 1), (8546, 1), (8630, 1), (8960, 1), (9275, 1), (9642, 6), (9802, 3), (10158, 1), (10244, 15), (10288, 6), (10302, 1), (11119, 1), (11526, 2), (11664, 1), (11747, 1), (11817, 1), (11870, 2), (11992, 2), (12092, 2), (12343, 2), (12385, 1), (12441, 3), (12798, 1), (12901, 3), (12979, 1), (13588, 1), (13862, 8), (14050, 1), (14392, 1), (14481, 2), (152, 6), (14810, 3), (14849, 2), (1533, 3), (15054, 1), (15099, 6), (15161, 1), (15231, 1), (15637, 1), (15777, 6), (15888, 1), (15924, 1), (16063, 1), (16079, 1), (16401, 2), (16440, 1), (16706, 1), (16765, 2), (1736, 2), (17104, 1), (1757, 1), (17481, 2), (17696, 15), (17846, 1), (17917, 1), (18123, 2), (18343, 2), (18410, 1)
marcha (DF: 1): (2651, 2)
marchand (DF: 1): (4088, 1)
marchar (DF: 2): (6339, 10), (10217, 2)
marchart (DF: 1): (12901, 3)
marchenprinz (DF: 1): (1484, 1)
marchent (DF: 1): (4614, 1)
marchenwelt (DF: 1): (11459, 1)
marcher (DF: 1): (12323, 1)
marchesini (DF: 1): (16945, 2)
marchiafava (DF: 2): (8181, 1), (14423, 1)
marchin (DF: 4): (4629, 4), (9746, 2), (13474, 1), (17037, 1)
marchit (DF: 7): (7993, 2), (8047, 2), (9786, 2), (10705, 1), (14280, 1), (17338, 1), (18375, 2)
marci (DF: 6): (3379, 1), (5990, 2), (6809, 1), (13119, 2), (14165, 2), (15013, 2)
marcia (DF: 7): (3161, 1), (3547, 1), (8593, 1), (1469, 1), (15144, 1), (15405, 1), (16628, 1)
marcian (DF: 6): (5126, 1), (11073, 1), (12397, 1), (1478, 1), (1501, 2), (15098, 1)
marciano (DF: 4): (7420, 1), (7697, 1), (12673, 2), (16934, 1)
marco (DF: 5): (3939, 1), (4023, 1), (5071, 2), (11408, 1), (17397, 1)
marconi (DF: 2): (819, 3), (16946, 6)
marcus (DF: 13): (2593, 1), (2875, 1), (3878, 2), (4414, 1), (4533, 1), (5049, 2), (5570, 2), (5907, 1), (7857, 1), (10010, 1), (12247, 1), (12554, 1), (17550, 1)
mard (DF: 2): (10667, 2), (14335, 1)
marda (DF: 1): (13515, 2)
mardi (DF: 1): (248, 1)
