bimbo (DF: 1): (15332, 1)
bimil (DF: 1): (32, 2)
bimini (DF: 1): (11026, 1)
bimm (DF: 1): (13808, 1)
bimma (DF: 1): (12762, 4)
bimmer (DF: 21): (2269, 1), (3253, 1), (4315, 1), (5715, 1), (5782, 24), (7469, 1), (7844, 2), (8745, 1), (9321, 7), (10599, 1), (11716, 6), (12025, 2), (12441, 3), (14446, 7), (14820, 1), (15595, 1), (1622, 5), (15924, 1), (17104, 1), (17954, 1), (18344, 2)
bimmera (DF: 1): (2268, 1)
bimmi (DF: 2): (10648, 2), (17083, 1)
bin (DF: 27): (2817, 1), (275, 1), (2939, 1), (3924, 1), (5013, 8), (5596, 1), (6398, 1), (6837, 1), (7070, 1), (7537, 1), (7745, 3), (8117, 1), (8243, 24), (8343, 4), (938, 1), (9330, 1), (976, 4), (9729, 1), (10153, 1), (11123, 1), (11702, 1), (13523, 1), (14112, 2), (14307, 1), (16004, 6), (16700, 1), (1730, 2)
bina (DF: 3): (10442, 1), (12819, 1), (13515, 1)
binabagyo (DF: 1): (15706, 1)
binabaha (DF: 1): (15706, 1)
binabalik (DF: 1): (14250, 1)
binabasura (DF: 1): (15763, 1)
binaca (DF: 1): (7430, 1)
binalik (DF: 1): (15516, 1)
bind (DF: 20): (208, 3), (4427, 1), (6227, 3), (6796, 2), (7521, 2), (7758, 1), (8449, 2), (9019, 2), (10045, 2), (10174, 6), (10313, 1), (10633, 1), (10765, 1), (12739, 1), (13404, 1), (14606, 1), (15220, 1), (15323, 1), (15768, 2), (16155, 1)
binden (DF: 1): (11444, 1)
bindin (DF: 1): (8729, 1)
bing (DF: 26): (4121, 4), (4681, 1), (4831, 4), (4877, 1), (5312, 2), (591, 1), (6382, 4), (6403, 1), (6438, 1), (6761, 4), (6923, 2), (8040, 3), (9552, 2), (980, 1), (9953, 1), (10718, 1), (1256, 3), (12887, 1), (12946, 2), (13436, 1), (14579, 1), (14926, 4), (16405, 3), (17462, 1), (17487, 1), (17750, 2)
binggeul (DF: 1): (13286, 6)
bingin (DF: 1): (17230, 1)
bingo (DF: 10): (5223, 1), (6027, 1), (7163, 1), (8026, 1), (11673, 1), (12286, 1), (15952, 1), (17301, 1), (1779, 1), (18258, 1)
bingocaus (DF: 1): (2198, 1)
binibini (DF: 2): (6826, 4), (17577, 1)
binigay (DF: 2): (5932, 1), (6826, 2)
binks (DF: 1): (8198, 1)
binnen (DF: 7): (3748, 1), (6008, 1), (9425, 1), (12745, 1), (13201, 4), (16101, 1), (175, 1)
binnenlandj (DF: 1): (14757, 1)
binnenvallen (DF: 1): (8831, 1)
binnezz (DF: 1): (198, 1)
bino (DF: 3): (5729, 1), (6458, 1), (7442, 1)
binocular (DF: 6): (3852, 4), (6543, 1), (6876, 1), (10871, 2), (11291, 2), (13370, 1)
binoy (DF: 1): (7788, 1)
binubuho (DF: 2): (8001, 1), (11761, 1)
bio (DF: 5): (4941, 1), (11673, 1), (12308, 1), (13201, 1), (18087, 1)
biochem (DF: 1): (7349, 1)
biodrach (DF: 1): (16962, 1)
biograf (DF: 1): (14209, 1)
biographi (DF: 7): (2583, 1), (3181, 2), (4171, 3), (5015, 2), (5405, 1), (15517, 1), (1805, 1)
biolengu (DF: 1): (16800, 1)
biolog (DF: 6): (6283, 1), (7177, 1), (7857, 1), (14377, 3), (1513, 1), (17550, 1)
biometrix (DF: 1): (9850, 1)
biond (DF: 1): (8777, 1)
bionic (DF: 16): (2034, 6), (2545, 1), (3018, 1), (3111, 1), (371, 1), (4081, 3), (4704, 9), (5682, 1), (8236, 1), (8466, 3), (12804, 3), (13188, 3), (15443, 1), (159, 1), (18087, 1), (18441, 1)
bionicl (DF: 1): (15620, 1)
bioniqu (DF: 1): (5166, 1)
biopic (DF: 1): (8496, 1)
bioquim (DF: 1): (15415, 1)
bior (DF: 13): (1918, 1), (6754, 2), (7356, 2), (9162, 1), (10020, 3), (10138, 9), (10362, 1), (14899, 1), (16526, 2), (17071, 1), (17410, 1), (1825, 2), (18065, 1)
biotch (DF: 3): (1343, 3), (13398, 3), (18359, 1)
bip (DF: 6): (2805, 1), (4016, 2), (53, 2), (9315, 1), (13370, 2), (14427, 1)
bipol (DF: 2): (5198, 1), (11582, 18)
bipolar (DF: 9): (2082, 1), (4367, 1), (646, 1), (9149, 1), (9666, 1), (10102, 1), (10424, 1), (1540, 1), (17514, 1)
bippin (DF: 1): (11778, 2)
biqueira (DF: 2): (12128, 1), (15322, 1)
biquíni (DF: 1): (13647, 1)
bir (DF: 3): (11144, 6), (13085, 1), (17712, 3)
bira (DF: 2): (3962, 5), (10596, 2)
biraci (DF: 4): (3498, 1), (804, 4), (15080, 1), (17035, 1)
biraz (DF: 2): (11144, 1), (17712, 1)
birch (DF: 4): (2775, 1), (1172, 1), (13128, 1), (15541, 1)
birchmount (DF: 1): (5121, 2)
bird (DF: 28): (189, 1), (1898, 1), (1922, 1), (1995, 1), (2028, 1), (2044, 6), (202, 1), (2064, 3), (2076, 2), (2084, 1), (208, 3), (2198, 1), (2225, 1), (2247, 1), (2371, 1), (2411, 1), (2435, 1), (2735, 1), (2758, 10), (2765, 1), (2786, 1), (2806, 2), (2911, 1), (2936, 1), (3142, 1), (3164, 1), (306, 1), (3205, 2)
