glad (DF: 46): (171, 1), (16282, 1), (16313, 1), (16326, 2), (16382, 1), (16394, 10), (16448, 1), (16539, 1), (16563, 3), (16573, 14), (16583, 2), (16674, 1), (16695, 3), (16851, 1), (16944, 1), (16993, 1), (17015, 1), (17028, 1), (17040, 2), (17126, 1), (17231, 4), (17249, 1), (17267, 1), (17288, 6), (1766, 2), (17461, 2), (17527, 4), (17590, 4), (17642, 1), (17647, 1), (17651, 1), (17722, 1), (17761, 1), (17788, 5), (17808, 1), (17897, 1), (1809, 1), (18110, 1), (18144, 1), (18299, 1), (1847, 1), (18331, 1), (18400, 6), (1874, 1), (13965, 1), (13966, 1)
gladbach (DF: 1): (16579, 1)
gladd (DF: 1): (7421, 1)
gladdest (DF: 1): (14584, 1)
glade (DF: 5): (516, 1), (7140, 1), (9667, 1), (10218, 1), (17441, 1)
gladi (DF: 9): (2865, 2), (7186, 1), (9209, 1), (9875, 5), (9886, 1), (10500, 1), (14696, 1), (15190, 1), (17219, 1)
gladiador (DF: 1): (11696, 1)
gladiat (DF: 6): (2039, 1), (204, 1), (6018, 5), (9325, 1), (958, 2), (9993, 1)
gladiateur (DF: 1): (10194, 1)
glah (DF: 2): (3205, 10), (10643, 10)
glair (DF: 1): (7671, 1)
glam (DF: 1): (10856, 2)
glamor (DF: 10): (5735, 1), (6665, 1), (7030, 1), (8793, 1), (102, 1), (12835, 1), (13140, 1), (14458, 1), (14818, 2), (15195, 1)
glamour (DF: 10): (444, 2), (7671, 1), (8445, 1), (9087, 1), (10370, 1), (1053, 1), (14894, 1), (15460, 2), (16518, 1), (16767, 1)
glanc (DF: 54): (2174, 1), (318, 3), (3238, 1), (3858, 3), (4260, 3), (4526, 1), (5604, 1), (5739, 1), (6012, 1), (6063, 1), (6068, 2), (6124, 1), (633, 2), (6418, 1), (6490, 1), (6636, 1), (753, 1), (7745, 2), (7747, 1), (80, 1), (8774, 2), (8775, 1), (9035, 1), (9057, 1), (9063, 1), (9878, 1), (1092, 1), (11372, 1), (11896, 2), (12218, 1), (1267, 1), (12535, 1), (12625, 2), (1285, 1), (13089, 1), (13797, 1), (14394, 1), (15079, 1), (15081, 3), (15276, 1), (15796, 2), (15855, 1), (16062, 2), (16181, 1), (16461, 2), (16564, 1), (16620, 1), (16728, 1), (16854, 1), (17215, 1), (17679, 1), (17920, 1), (17959, 2), (18257, 1)
glancin (DF: 2): (2093, 2), (2991, 6)
gland (DF: 5): (6886, 1), (7099, 1), (7758, 1), (789, 1), (13606, 1)
glanz (DF: 10): (3048, 1), (5577, 1), (6835, 1), (10719, 1), (10860, 1), (12822, 4), (14426, 1), (1616, 1), (1758, 1), (17704, 1)
glanzend (DF: 2): (2376, 1), (6835, 1)
glanzt (DF: 8): (3048, 1), (9457, 1), (11476, 1), (13085, 1), (14254, 1), (15269, 1), (15517, 1), (17021, 2)
glare (DF: 21): (2019, 1), (221, 2), (2286, 1), (3207, 1), (4982, 1), (5887, 1), (6426, 1), (7748, 3), (7960, 1), (8368, 1), (8528, 1), (10417, 1), (11195, 3), (11575, 1), (12383, 1), (14062, 1), (14213, 3), (1555, 1), (15492, 1), (16317, 1), (1674, 1)
glas (DF: 21): (198, 1), (2376, 1), (3048, 1), (3466, 2), (5214, 1), (7720, 1), (8247, 1), (8340, 1), (10239, 1), (10719, 1), (11122, 1), (11538, 1), (12760, 1), (13085, 1), (13226, 1), (14254, 1), (1465, 1), (15766, 1), (16724, 2), (16898, 1), (17327, 1)
glasflasch (DF: 1): (14752, 1)
glasgow (DF: 2): (6619, 2), (9500, 1)
glasknoch (DF: 1): (11552, 1)
glasper (DF: 3): (3592, 1), (13607, 1), (16256, 1)
glass (DF: 130): (1891, 1), (1915, 2), (1948, 1), (1951, 1), (2008, 1), (2015, 2), (2031, 2), (2112, 1), (2131, 1), (2210, 1), (21, 1), (2269, 2), (2296, 1), (2322, 1), (2359, 2), (2365, 1), (2378, 1), (2399, 5), (2439, 1), (2489, 1), (2494, 1), (2684, 1), (2687, 1), (257, 1), (2771, 1), (2907, 22), (2936, 1), (2994, 2), (3079, 2), (3101, 1), (3136, 2), (3216, 1), (3253, 1), (3273, 32), (324, 1), (3317, 7), (3332, 3), (3379, 1), (3458, 1), (3524, 1), (3604, 1), (3626, 1), (3635, 1), (3639, 1), (3642, 1), (359, 3), (369, 2), (3852, 4), (378, 5), (4023, 2), (4069, 1), (4110, 5), (4147, 1), (4165, 3), (4316, 1), (4349, 2), (434, 1), (4421, 3), (4490, 1), (4533, 1), (4598, 1), (4641, 2), (4669, 1), (4673, 24), (4749, 3), (4810, 2), (4922, 2), (4931, 1), (4936, 2), (4967, 1), (4980, 2), (5080, 1), (5221, 16), (5327, 11), (5345, 1), (550, 3), (5654, 1), (5707, 1), (5751, 3), (5895, 1), (5902, 5), (5907, 1), (5942, 1), (5974, 1), (5983, 1), (6134, 2), (6165, 1), (6222, 3), (6231, 1), (6286, 1), (6312, 1), (6338, 1), (6447, 1), (6458, 1), (6492, 4), (6609, 8), (6839, 2), (6875, 1), (6943, 2), (6947, 1), (6948, 4), (7015, 1), (7070, 1), (7075, 1), (7194, 1), (7319, 1), (7323, 1), (7360, 1), (7410, 2), (7453, 1), (7469, 1), (7497, 1), (760, 1), (7597, 1), (7634, 1), (7707, 1), (7711, 4), (7721, 1), (7743, 1), (7830, 2), (7839, 1), (7860, 1), (7872, 1), (7907, 6), (802, 1), (8020, 1), (8062, 6), (8132, 2), (8150, 1), (8156, 2)
