precinct (DF: 2): (13279, 1), (13972, 1)
precios (DF: 9): (4711, 1), (7501, 1), (11726, 1), (14725, 3), (14963, 3), (15310, 1), (15333, 1), (16143, 2), (17431, 4)
preciosa (DF: 1): (2277, 1)
precious (DF: 115): (1954, 2), (2076, 1), (2444, 1), (2501, 2), (2640, 6), (2685, 1), (330, 1), (3388, 2), (3390, 1), (3476, 2), (4360, 24), (4455, 1), (4502, 1), (4648, 1), (4894, 1), (496, 1), (5135, 4), (5356, 5), (5367, 2), (5842, 1), (5887, 1), (5905, 1), (6328, 1), (6334, 1), (6440, 1), (6847, 2), (7024, 1), (7060, 1), (7253, 2), (7389, 1), (7498, 2), (7, 1), (7612, 1), (7628, 2), (7867, 1), (8057, 1), (8148, 1), (8451, 1), (8535, 3), (8581, 3), (8645, 1), (8754, 1), (8790, 1), (9312, 1), (9363, 1), (9488, 20), (9551, 2), (9571, 2), (9650, 1), (9874, 1), (9989, 1), (10101, 4), (10212, 1), (10431, 1), (10712, 1), (10717, 1), (10779, 4), (11070, 2), (11147, 1), (1145, 1), (11195, 3), (1148, 1), (11274, 1), (11360, 3), (11514, 1), (11617, 2), (11876, 2), (11975, 2), (11990, 2), (12123, 1), (12129, 2), (12311, 1), (12464, 3), (12494, 1), (12577, 1), (12682, 6), (12721, 1), (12889, 1), (13132, 2), (13148, 5), (13248, 1), (13477, 1), (13619, 2), (13750, 1), (14064, 2), (14576, 1), (14640, 1), (14642, 1), (14662, 1), (14708, 3), (14938, 4), (14974, 1), (15240, 3), (15501, 1), (15759, 1), (15828, 1), (15996, 1), (16057, 1), (1675, 1), (16804, 1), (16862, 1), (16993, 1), (1726, 1), (17072, 1), (17089, 1), (1739, 1), (17149, 1), (1741, 1), (17530, 2), (17553, 1), (17982, 1), (18254, 1), (1876, 3), (2749, 2), (2750, 2)
precipic (DF: 3): (2432, 1), (11434, 1), (14225, 1)
precipici (DF: 2): (5991, 1), (17197, 1)
precipit (DF: 6): (4649, 1), (5702, 1), (6941, 1), (9545, 1), (9805, 1), (16668, 1)
precis (DF: 62): (2440, 1), (2480, 1), (2856, 1), (2943, 1), (3253, 1), (3486, 1), (3563, 1), (3584, 2), (3773, 2), (4231, 1), (4707, 1), (460, 1), (5172, 1), (6190, 1), (6395, 1), (6585, 1), (6862, 1), (6912, 1), (7130, 1), (7323, 1), (7469, 1), (8154, 1), (8242, 1), (8367, 1), (8470, 1), (8518, 1), (8719, 4), (8922, 6), (9296, 1), (9883, 1), (10234, 1), (10257, 1), (11610, 1), (12090, 1), (12307, 1), (12308, 1), (12351, 1), (1256, 1), (12441, 3), (12821, 1), (13269, 1), (13308, 1), (13449, 1), (13619, 1), (14070, 1), (14247, 1), (14524, 1), (14677, 1), (15653, 1), (15677, 1), (1622, 1), (15924, 1), (16163, 6), (16405, 1), (17063, 1), (17104, 1), (17421, 1), (17514, 1), (17693, 10), (1839, 3), (18221, 1), (18245, 1)
precisa (DF: 3): (9525, 1), (14615, 2), (16533, 5)
precisamo (DF: 1): (2631, 1)
precisando (DF: 2): (2839, 1), (10679, 1)
precisar (DF: 2): (3215, 1), (13307, 2)
precisava (DF: 1): (12677, 1)
precisei (DF: 2): (8989, 1), (15605, 2)
preciso (DF: 9): (2680, 2), (2833, 1), (2839, 1), (6844, 1), (9525, 1), (9637, 2), (9860, 1), (10203, 1), (15274, 2)
precjoz (DF: 1): (6457, 1)
precoci (DF: 2): (5683, 1), (1168, 2)
preconceito (DF: 1): (3007, 1)
preconceiv (DF: 1): (15801, 2)
precum (DF: 1): (9640, 1)
predat (DF: 11): (204, 1), (3319, 1), (4217, 1), (4326, 1), (6390, 1), (8177, 1), (10859, 1), (11295, 1), (1204, 1), (12037, 1), (16362, 1)
predator (DF: 2): (15006, 1), (15733, 1)
predattor (DF: 1): (5754, 1)
predec (DF: 2): (12970, 1), (18425, 1)
predecessor (DF: 2): (10044, 1), (12729, 1)
predella (DF: 5): (5860, 3), (8113, 1), (9860, 5), (13892, 2), (15400, 1)
predestin (DF: 1): (12412, 1)
predetermin (DF: 2): (2432, 1), (14225, 1)
predi (DF: 3): (3903, 1), (10612, 3), (11350, 2)
predic (DF: 7): (7889, 1), (813, 1), (11135, 1), (13985, 1), (14260, 1), (16905, 2), (18351, 1)
predica (DF: 7): (3713, 1), (407, 1), (6623, 1), (6746, 1), (808, 1), (8133, 1), (8939, 2)
predicar (DF: 1): (9412, 1)
predict (DF: 28): (2462, 1), (2552, 1), (2891, 1), (320, 3), (4490, 1), (5482, 1), (6235, 1), (6350, 1), (6767, 1), (6913, 1), (7701, 1), (805, 1), (975, 3), (11399, 1), (11604, 39), (11858, 1), (12781, 1), (13364, 1), (13455, 1), (14081, 1), (14140, 1), (14459, 1), (15545, 1), (15796, 2), (17205, 1), (17738, 1), (18231, 1), (1864, 1)
predig (DF: 1): (17704, 1)
predijeron (DF: 1): (12354, 1)
predik (DF: 3): (3071, 2), (7961, 1), (9568, 1)
predispos (DF: 1): (7862, 1)
preditah (DF: 1): (12252, 1)
pree (DF: 17): (3992, 1), (746, 1), (8234, 1), (8519, 2), (9356, 1), (9452, 2), (10039, 2), (10343, 2), (10617, 1), (11813, 1), (14877, 2), (15394, 3), (15585, 1), (15612, 1), (16659, 6), (17781, 1), (18438, 1)
preech (DF: 1): (17257, 2)
preein (DF: 1): (12575, 1)
preemin (DF: 1): (10141, 1)
preenchida (DF: 1): (10131, 1)
