decid (DF: 144): (12029, 1), (12031, 1), (12087, 2), (12130, 3), (12268, 1), (12343, 2), (12417, 1), (12447, 1), (12449, 1), (12472, 1), (1268, 3), (12502, 1), (12521, 1), (12598, 1), (12612, 2), (12629, 6), (12691, 1), (12737, 1), (1299, 3), (12871, 1), (12924, 6), (13023, 2), (13097, 3), (13105, 2), (1329, 1), (13204, 1), (13225, 2), (13287, 1), (13292, 1), (13343, 1), (13370, 1), (13450, 3), (13481, 1), (13588, 2), (13663, 4), (13668, 1), (13689, 1), (13738, 1), (13828, 1), (13966, 2), (14000, 1), (14049, 2), (14135, 1), (14230, 1), (14243, 1), (1462, 1), (14311, 3), (14340, 1), (14352, 1), (14522, 1), (14730, 1), (1507, 1), (14876, 2), (14895, 1), (15060, 4), (15065, 1), (15101, 1), (1552, 1), (15202, 1), (15208, 1), (15250, 1), (15253, 2), (15265, 1), (15325, 1), (15337, 1), (15374, 2), (1575, 1), (15459, 2), (15695, 1), (1605, 1), (1610, 1), (15769, 1), (15857, 1), (15891, 1), (15985, 1), (1646, 1), (16058, 1), (16122, 1), (16312, 2), (16338, 1), (16372, 1), (16379, 1), (16430, 2), (16456, 1), (16462, 1), (16561, 1), (16581, 1), (16696, 6), (16715, 1), (16744, 1), (16748, 8), (16764, 1), (1707, 1), (16904, 1), (1723, 4), (17070, 3), (17164, 1), (17169, 5), (17215, 1), (17223, 1), (17230, 2), (17295, 1), (17320, 1), (1760, 1), (1766, 2), (17409, 1), (1774, 1), (17562, 2), (17674, 1), (17731, 3), (17747, 1), (17769, 1), (17795, 4), (17811, 1), (17828, 1), (17853, 1), (17889, 1), (17975, 1), (18004, 2), (18041, 4), (18050, 4), (18230, 1), (18283, 1), (18379, 1), (18432, 1), (1861, 1), (632, 1), (634, 1), (6931, 2), (6932, 2), (8066, 1), (8069, 1), (8214, 1), (8215, 1), (8383, 2), (8384, 1), (12131, 6), (15403, 1), (15405, 1), (17946, 1), (17948, 1), (5777, 2), (5778, 2), (5779, 1)
decidet (DF: 11): (3903, 1), (4361, 1), (6336, 1), (10461, 1), (10612, 3), (12431, 1), (13389, 1), (15914, 6), (16465, 6), (17058, 3), (17847, 1)
decidi (DF: 1): (17623, 1)
decidim (DF: 1): (2782, 2)
decidin (DF: 3): (9124, 12), (14504, 1), (17162, 1)
decidir (DF: 1): (13078, 1)
decidirt (DF: 1): (9756, 2)
deciev (DF: 2): (8191, 1), (16025, 3)
decifrar (DF: 1): (15898, 1)
decil (DF: 1): (13197, 1)
decim (DF: 8): (3156, 1), (5137, 1), (6391, 4), (6569, 11), (10141, 1), (1058, 1), (12213, 1), (13862, 2)
deciph (DF: 5): (7020, 1), (8752, 1), (924, 1), (964, 1), (15859, 1)
decir (DF: 5): (417, 1), (7446, 9), (1171, 1), (13305, 1), (16304, 2)
decirmel (DF: 2): (9475, 1), (17678, 4)
decirt (DF: 62): (19, 1), (2090, 2), (2107, 6), (2529, 2), (333, 2), (3401, 2), (3631, 3), (3665, 3), (3816, 3), (3876, 1), (3908, 1), (460, 1), (466, 2), (4790, 1), (5198, 1), (5522, 4), (5655, 1), (6175, 1), (6932, 2), (7183, 1), (7258, 3), (7412, 1), (7426, 1), (7734, 1), (7780, 4), (791, 1), (8526, 5), (8546, 2), (8763, 5), (9568, 1), (9806, 1), (9872, 4), (10291, 2), (10461, 1), (1112, 1), (11199, 1), (12167, 3), (12235, 3), (12343, 2), (13033, 1), (14280, 1), (14424, 1), (14704, 2), (14772, 1), (14856, 5), (14940, 3), (14963, 3), (15310, 1), (15732, 1), (16033, 2), (16373, 3), (17566, 2), (17573, 1), (17896, 3), (18043, 2), (18047, 1), (18123, 2), (18145, 1), (18169, 1), (18310, 4), (11746, 15), (11747, 2)
decirtel (DF: 10): (3876, 1), (7780, 1), (8143, 2), (9521, 1), (9872, 1), (11582, 1), (12030, 2), (12615, 1), (13982, 2), (18171, 1)
decis (DF: 105): (1964, 1), (1999, 21), (2500, 1), (2570, 1), (2671, 1), (2764, 3), (2787, 1), (2804, 1), (291, 1), (3119, 1), (3283, 3), (3363, 1), (3420, 1), (3505, 4), (3597, 1), (3672, 1), (3685, 1), (3700, 8), (3833, 2), (4155, 7), (414, 1), (4229, 4), (4231, 1), (4262, 1), (4403, 2), (4523, 1), (4539, 1), (4601, 1), (5020, 1), (5343, 1), (5409, 2), (5446, 1), (5771, 1), (6036, 2), (6044, 4), (6350, 1), (6352, 1), (6395, 1), (6603, 2), (6899, 3), (7130, 2), (7149, 1), (7295, 1), (7390, 2), (7, 1), (7557, 3), (781, 7), (788, 1), (794, 3), (7959, 3), (8000, 4), (8002, 1), (8168, 1), (8252, 4), (8438, 1), (8494, 1), (8544, 1), (8559, 1), (8592, 1), (8611, 1), (8712, 1), (9083, 4), (949, 1), (9674, 1), (9846, 1), (1011, 1), (10097, 1), (10124, 1), (10371, 1), (10458, 1), (10715, 1), (10847, 2), (10885, 1), (10922, 1), (10929, 1), (1122, 1), (11166, 1), (11418, 6), (11524, 2), (11830, 1), (11856, 1), (1216, 1), (12213, 1), (12320, 1), (12385, 1), (12579, 1), (12840, 1), (12960, 3), (13001, 3), (13092, 1), (13208, 1), (13262, 1), (13438, 1), (13452, 2), (13455, 1), (13670, 1), (13730, 1), (13821, 4), (14070, 2), (14113, 2), (14160, 1), (14283, 1), (1466, 1), (14376, 2), (14564, 1)
