stronger (DF: 5): (18139, 4), (18226, 3), (18258, 4), (18337, 4), (1871, 1)
strongest (DF: 14): (2765, 1), (27, 2), (3258, 1), (3450, 1), (4495, 1), (5947, 3), (6427, 8), (6615, 2), (11065, 1), (14306, 1), (14687, 2), (16057, 1), (16906, 1), (18012, 1)
stronghold (DF: 1): (2293, 1)
stroni (DF: 1): (1197, 1)
stronic (DF: 1): (14093, 1)
stront (DF: 1): (12767, 1)
stronz (DF: 7): (4992, 3), (8777, 2), (15757, 1), (16810, 2), (17427, 1), (187, 1), (18370, 1)
stroom (DF: 3): (3864, 1), (6015, 2), (15565, 1)
stroph (DF: 3): (2328, 1), (4876, 1), (7306, 1)
strual (DF: 1): (5349, 1)
strucc (DF: 1): (15864, 3)
struck (DF: 44): (2216, 1), (2350, 1), (3680, 1), (4526, 2), (4696, 1), (5085, 1), (5666, 10), (5678, 3), (5885, 1), (6261, 1), (6350, 1), (6352, 1), (6567, 9), (6583, 14), (6741, 2), (6973, 1), (7102, 1), (723, 1), (7708, 3), (7855, 1), (7873, 1), (10014, 1), (10246, 2), (10752, 2), (10767, 1), (10885, 1), (11438, 1), (11634, 1), (11956, 2), (12467, 2), (12743, 3), (13183, 1), (13338, 1), (14046, 9), (14718, 1), (15108, 2), (15632, 1), (1622, 1), (16337, 1), (17221, 1), (17286, 1), (17939, 1), (17995, 1), (18300, 1)
structur (DF: 12): (1922, 1), (2385, 1), (7231, 1), (8561, 1), (9794, 1), (11023, 1), (11902, 1), (13455, 1), (15446, 2), (16269, 1), (16338, 1), (16721, 1)
strudel (DF: 4): (10013, 1), (10239, 1), (10435, 1), (1588, 1)
strugasz (DF: 1): (15359, 1)
struggl (DF: 178): (1996, 3), (2075, 1), (2200, 1), (2228, 2), (220, 1), (2294, 2), (2300, 1), (2452, 1), (2497, 3), (2590, 5), (2607, 1), (2804, 1), (3169, 1), (3247, 4), (3300, 1), (3394, 6), (3562, 5), (3582, 1), (3589, 1), (3707, 2), (3776, 1), (3948, 2), (4166, 3), (4355, 1), (4368, 1), (4490, 1), (4569, 1), (4617, 2), (4684, 1), (4731, 1), (4826, 4), (4905, 2), (5167, 1), (510, 2), (5258, 1), (5308, 1), (47, 1), (548, 2), (5581, 1), (5720, 1), (5724, 3), (571, 1), (574, 3), (5872, 1), (52, 1), (6008, 1), (6019, 1), (6054, 1), (6167, 2), (6168, 1), (6258, 1), (6273, 1), (6338, 4), (6475, 1), (6535, 1), (6585, 1), (6643, 1), (6732, 1), (6752, 1), (6755, 1), (6777, 1), (6801, 1), (6929, 2), (6972, 1), (7143, 1), (7448, 1), (7485, 3), (7574, 1), (7690, 1), (7862, 1), (8020, 3), (8248, 1), (8459, 1), (8537, 1), (8725, 4), (8732, 1), (9056, 1), (9066, 1), (9197, 1), (9327, 1), (9347, 4), (9517, 1), (9594, 1), (9623, 2), (9633, 1), (9646, 1), (9720, 1), (9784, 1), (9822, 1), (9889, 1), (10071, 1), (10102, 2), (10110, 1), (10141, 1), (10341, 1), (10357, 1), (10371, 2), (10485, 1), (10765, 2), (10864, 5), (10881, 1), (114, 1), (10928, 1), (11014, 1), (11286, 1), (11523, 2), (11539, 1), (11549, 2), (11594, 2), (11663, 1), (11760, 6), (12000, 2), (1223, 11), (12125, 1), (12236, 1), (12251, 1), (12259, 1), (12359, 1), (12374, 1), (12385, 1), (12418, 1), (12461, 1), (12487, 1), (12514, 1), (12545, 1), (12571, 1), (12951, 1), (12961, 1), (12981, 3), (12989, 1), (13039, 1), (13083, 5), (13202, 2), (13262, 1), (13301, 1), (13435, 1), (13539, 1), (13558, 2), (13741, 3), (13888, 1), (1429, 1), (14176, 1), (14249, 1), (14283, 3), (1466, 1), (1477, 1), (1490, 1), (14744, 3), (14805, 1), (14811, 1), (14913, 3), (1536, 1), (15606, 1), (15632, 1), (15654, 1), (15781, 1), (15806, 1), (15937, 1), (16406, 1), (16563, 1), (16653, 3), (16665, 2), (16674, 1), (16693, 2), (16707, 1), (16785, 1), (1710, 1), (17092, 1), (17235, 1), (17423, 2), (17722, 1), (17795, 2), (17831, 1), (17988, 1), (18103, 1), (18221, 1), (18354, 1), (18368, 1)
struggla (DF: 1): (2147, 1)
struggler (DF: 1): (6937, 1)
strugglin (DF: 15): (3300, 1), (3601, 2), (4051, 1), (4608, 1), (4720, 1), (5872, 1), (5947, 3), (7862, 2), (8708, 1), (9646, 4), (10274, 1), (11432, 1), (12218, 1), (13269, 1), (15034, 1)
struktur (DF: 1): (2535, 1)
strum (DF: 12): (2422, 2), (2895, 1), (456, 1), (5090, 2), (5571, 1), (5687, 6), (8330, 2), (9395, 1), (978, 2), (10324, 1), (1580, 6), (18026, 2)
strumbella (DF: 1): (13668, 1)
strung (DF: 40): (2556, 1), (2665, 1), (4222, 1), (530, 7), (5418, 3), (5430, 1), (5486, 1), (5525, 4), (5961, 1), (647, 1), (7023, 1), (7320, 1), (8108, 2), (8117, 2), (8395, 2), (9139, 1), (9331, 1), (10624, 3), (11047, 4), (11057, 2), (11116, 1), (11234, 2), (12159, 1), (12291, 1), (12545, 1), (12869, 1), (13053, 4), (1329, 1), (13631, 4), (14325, 2), (14748, 2), (1506, 1), (15279, 2), (15331, 1), (15529, 1), (16149, 1), (16165, 2), (16263, 1), (17851, 6), (18316, 1)
strut (DF: 6): (2125, 1), (2800, 1), (3036, 2), (3128, 1), (3217, 9), (317, 1)
