studi (DF: 9): (16627, 1), (16764, 1), (16873, 1), (16982, 1), (17115, 1), (17599, 3), (17861, 1), (17877, 1), (18335, 1)
studia (DF: 2): (10436, 4), (1197, 1)
studierst (DF: 1): (12363, 1)
studiert (DF: 3): (6026, 1), (10215, 1), (14254, 1)
studiet (DF: 1): (10592, 2)
studio (DF: 124): (2305, 1), (2333, 1), (2823, 1), (2880, 1), (3213, 5), (3347, 1), (365, 1), (3753, 1), (3802, 1), (3909, 4), (4023, 1), (4267, 1), (4355, 1), (4533, 1), (4534, 1), (4686, 1), (4788, 2), (4864, 1), (4944, 1), (5120, 12), (5312, 1), (5407, 1), (5409, 1), (5484, 1), (5782, 4), (5837, 1), (5865, 1), (5907, 1), (6006, 1), (6164, 1), (6203, 1), (6497, 1), (6572, 6), (6761, 2), (6771, 1), (676, 2), (6835, 1), (6837, 1), (7276, 1), (738, 1), (7554, 1), (7574, 1), (7754, 1), (7771, 1), (8210, 1), (8354, 1), (8592, 1), (8634, 1), (8812, 1), (8903, 1), (8995, 1), (9322, 1), (9324, 1), (975, 3), (9633, 2), (9666, 1), (9850, 1), (10161, 1), (10164, 1), (102, 1), (10659, 1), (10799, 1), (10815, 1), (10945, 1), (10975, 1), (10977, 1), (10999, 1), (11143, 1), (11319, 1), (11408, 1), (11807, 1), (11929, 4), (1216, 1), (12036, 2), (1276, 1), (1313, 1), (12946, 1), (12971, 1), (13270, 1), (1354, 1), (13398, 2), (13400, 1), (13557, 1), (13563, 1), (13566, 2), (13675, 2), (13812, 1), (13836, 1), (13845, 1), (13957, 3), (1427, 1), (14010, 1), (14055, 1), (1436, 1), (14093, 1), (14171, 1), (14460, 1), (15015, 1), (1539, 1), (15052, 1), (15154, 1), (1564, 1), (15379, 1), (15430, 2), (15568, 1), (15713, 1), (16005, 1), (16026, 1), (16422, 1), (16467, 1), (16709, 1), (16748, 1), (17196, 1), (17240, 2), (17599, 3), (17633, 1), (17771, 1), (17780, 1), (17822, 1), (17966, 2), (18048, 1), (1837, 1), (18223, 1), (18350, 1)
studiu (DF: 2): (6678, 1), (10138, 1)
studium (DF: 2): (9788, 1), (10215, 1)
studyin (DF: 1): (12690, 2)
stuf (DF: 46): (1891, 1), (2241, 1), (2799, 1), (2809, 1), (5107, 1), (5596, 1), (658, 1), (6876, 1), (6899, 1), (7768, 1), (824, 3), (8167, 6), (8230, 1), (829, 2), (8593, 1), (9211, 1), (9212, 1), (10259, 2), (10480, 1), (11090, 1), (11232, 1), (1187, 1), (12024, 1), (12049, 1), (12159, 1), (12347, 1), (12414, 1), (12634, 6), (1319, 1), (13263, 1), (13311, 4), (1344, 1), (13834, 1), (14223, 1), (14443, 1), (15144, 1), (1555, 1), (15328, 1), (15906, 1), (16236, 1), (16560, 2), (1730, 2), (17083, 1), (17415, 1), (18038, 1), (18083, 1)
stuff (DF: 176): (1926, 1), (1952, 2), (1975, 1), (1999, 15), (2000, 1), (202, 1), (2055, 1), (2075, 2), (2093, 2), (2112, 1), (2333, 1), (2361, 1), (2382, 1), (2392, 2), (2397, 4), (2399, 2), (2409, 8), (2412, 1), (235, 2), (2484, 12), (2511, 2), (2545, 1), (2936, 1), (3117, 1), (3138, 1), (3207, 1), (3237, 2), (3394, 3), (3529, 1), (3558, 1), (3619, 1), (3633, 2), (3745, 1), (3902, 1), (4008, 1), (4042, 1), (4128, 1), (4155, 5), (4501, 1), (4522, 1), (4664, 1), (455, 1), (4693, 1), (4913, 1), (4918, 1), (4931, 5), (4947, 1), (4987, 2), (5031, 4), (5037, 2), (5075, 9), (5082, 2), (5139, 1), (5309, 8), (5482, 6), (5536, 2), (5607, 1), (5651, 2), (5694, 1), (5725, 1), (5734, 1), (6024, 2), (6098, 1), (6416, 1), (6443, 1), (6512, 1), (6560, 1), (6571, 1), (6749, 2), (6759, 2), (6847, 2), (6937, 1), (6959, 1), (6988, 1), (702, 2), (7149, 1), (7213, 3), (7591, 20), (7607, 1), (7635, 1), (7677, 2), (781, 5), (7779, 2), (8026, 1), (8028, 1), (8074, 1), (8136, 1), (8209, 7), (8235, 1), (8254, 1), (8485, 1), (8578, 8), (8778, 2), (8795, 1), (8860, 2), (8908, 1), (9142, 1), (935, 2), (9211, 1), (9226, 2), (9264, 1), (9278, 2), (9348, 1), (9422, 1), (9435, 1), (9451, 1), (9485, 2), (9670, 2), (9691, 1), (9710, 4), (9772, 1), (9850, 1), (9961, 11), (10171, 1), (10226, 4), (10335, 1), (10353, 1), (10484, 4), (10601, 2), (10785, 1), (11047, 4), (11115, 1), (11227, 2), (11265, 1), (11286, 1), (11362, 5), (11368, 1), (11432, 1), (11440, 1), (11448, 1), (11633, 11), (11634, 1), (11671, 1), (11707, 1), (11843, 2), (11905, 1), (11987, 1), (12050, 1), (12052, 4), (12064, 2), (12104, 1), (12339, 1), (12341, 1), (12423, 1), (12600, 1), (12696, 1), (12736, 2), (12781, 1), (12835, 1), (12861, 1), (12882, 1), (13014, 1), (13071, 1), (13087, 1), (13183, 1), (1336, 1), (1342, 15), (13261, 2), (13287, 1), (13400, 1), (13449, 1), (13631, 4), (13750, 4), (13780, 1), (13807, 1), (13897, 2), (13947, 2), (13969, 2), (14006, 1), (14081, 6), (14164, 1), (14193, 1), (14264, 1), (14355, 1), (14464, 1), (14922, 1)
