logic (DF: 67): (7944, 1), (804, 3), (8208, 1), (8367, 3), (8438, 1), (8641, 2), (8812, 2), (8842, 2), (9328, 1), (9357, 2), (9567, 2), (9666, 2), (10044, 2), (10085, 2), (10136, 2), (10167, 3), (10200, 2), (10295, 2), (10330, 1), (10491, 2), (1084, 2), (10794, 2), (10864, 2), (11063, 2), (11135, 2), (11229, 2), (1150, 2), (11495, 1), (11507, 1), (11864, 1), (12180, 1), (12213, 4), (1276, 2), (12884, 2), (13197, 6), (13317, 1), (13347, 1), (13530, 4), (13909, 2), (14055, 2), (14228, 1), (14246, 1), (14377, 3), (14400, 3), (14628, 2), (14653, 1), (1511, 1), (15080, 2), (15494, 2), (15514, 2), (15660, 1), (15781, 1), (15845, 2), (15916, 1), (16135, 2), (16187, 2), (16364, 3), (16816, 1), (17035, 2), (17093, 1), (17099, 2), (17353, 2), (17387, 2), (18082, 3), (18118, 3), (1837, 2), (18206, 2)
logiem (DF: 1): (1197, 1)
logik (DF: 2): (10050, 1), (16307, 1)
login (DF: 1): (14564, 2)
logo (DF: 38): (2511, 2), (2711, 1), (3692, 1), (3741, 1), (4106, 1), (4315, 1), (4318, 1), (4357, 1), (5859, 1), (6844, 3), (6890, 1), (7650, 1), (8803, 4), (9087, 1), (9396, 2), (9425, 6), (9494, 1), (9812, 1), (9875, 5), (10119, 1), (11200, 1), (1197, 1), (12049, 1), (12348, 1), (13473, 1), (13787, 1), (13817, 1), (14496, 1), (15048, 2), (15313, 1), (16035, 1), (16626, 1), (16847, 1), (16850, 1), (1717, 2), (17142, 1), (17649, 1), (17720, 2)
logos (DF: 1): (7922, 1)
logr (DF: 37): (3106, 1), (3269, 1), (3419, 1), (347, 4), (403, 1), (4289, 1), (5040, 1), (5105, 1), (5110, 1), (6239, 1), (6513, 1), (6862, 1), (7380, 2), (7539, 1), (791, 1), (8242, 1), (8758, 1), (9079, 1), (9246, 1), (9919, 1), (9939, 1), (1039, 1), (10418, 2), (10584, 6), (10635, 1), (10852, 1), (11750, 1), (11938, 1), (12404, 3), (12672, 1), (13707, 4), (1422, 1), (16437, 2), (1677, 1), (17064, 1), (17407, 2), (18025, 4)
logrado (DF: 1): (7049, 2)
loh (DF: 1): (16061, 2)
lohan (DF: 4): (6899, 1), (8273, 1), (8681, 1), (11120, 4)
lohka (DF: 1): (9519, 4)
lohn (DF: 3): (11522, 1), (13093, 1), (17021, 1)
lohnsteuerkart (DF: 1): (10215, 1)
lohnt (DF: 4): (3381, 1), (5890, 1), (10719, 1), (14752, 1)
lohr (DF: 2): (7408, 1), (14924, 1)
loi (DF: 3): (2569, 2), (4986, 4), (6886, 1)
loin (DF: 11): (349, 1), (4986, 2), (6425, 2), (649, 6), (7254, 12), (7607, 1), (8198, 1), (13606, 1), (13957, 1), (15161, 1), (15469, 3)
loira (DF: 6): (3364, 1), (5143, 8), (1072, 1), (12779, 2), (14783, 2), (1881, 1)
loirinha (DF: 1): (5719, 1)
loiro (DF: 1): (5719, 6)
loiter (DF: 1): (13853, 3)
loiz (DF: 2): (1046, 2), (16578, 3)
loja (DF: 4): (3215, 3), (3353, 1), (9637, 1), (16738, 3)
lojack (DF: 1): (7430, 1)
lojalna (DF: 1): (13591, 8)
lojalni (DF: 1): (13591, 2)
lojalno (DF: 1): (13591, 2)
lok (DF: 4): (10667, 2), (12088, 1), (12430, 5), (12648, 2)
loka (DF: 2): (5606, 1), (9138, 1)
lokaan (DF: 1): (8510, 1)
lokal (DF: 1): (10543, 1)
lokaln (DF: 1): (14199, 1)
lokan (DF: 2): (5535, 1), (14335, 1)
lokat (DF: 1): (13626, 9)
loke (DF: 1): (10815, 1)
lokey (DF: 1): (6524, 1)
loki (DF: 4): (9212, 1), (10667, 1), (13834, 1), (14627, 1)
loko (DF: 3): (5559, 3), (8870, 5), (10523, 1)
lol (DF: 14): (2948, 1), (3104, 4), (4198, 1), (8128, 1), (8244, 1), (891, 1), (8931, 1), (10418, 2), (11037, 2), (11610, 1), (14757, 1), (15594, 2), (17604, 29), (1826, 1)
lola (DF: 6): (4508, 6), (6406, 1), (8159, 43), (15114, 1), (17028, 44), (18017, 1)
loli (DF: 1): (17604, 2)
lolipop (DF: 1): (298, 1)
lolit (DF: 2): (4198, 11), (9296, 1)
lolita (DF: 2): (14060, 1), (17917, 1)
loll (DF: 1): (3104, 2)
lolland (DF: 1): (8564, 1)
lollapalooz (DF: 1): (15598, 1)
lolli (DF: 1): (15164, 2)
lollipop (DF: 22): (1932, 2), (2692, 1), (4733, 1), (6127, 11), (616, 1), (6691, 1), (6721, 1), (8676, 15), (904, 3), (9140, 1), (10981, 15), (11041, 1), (11541, 1), (15251, 1), (15708, 3), (15882, 1), (15961, 1), (16068, 1), (16282, 1), (16765, 1), (16779, 2), (16929, 1)
lollipoppin (DF: 1): (1532, 2)
lollygag (DF: 1): (12418, 1)
lolo (DF: 6): (5312, 1), (6761, 2), (8870, 10), (9694, 1), (12946, 1), (15113, 1)
loló (DF: 3): (9494, 1), (12348, 1), (16035, 1)
lom (DF: 7): (276, 1), (3351, 1), (5436, 1), (5659, 9), (10838, 2), (16525, 1), (17546, 1)
lombard (DF: 1): (12474, 1)
lombardi (DF: 3): (3628, 1), (8932, 1), (11536, 1)
lombra (DF: 1): (17347, 1)
lombrada (DF: 1): (8574, 1)
