bell (DF: 4): (10708, 3), (10709, 1), (1455, 1), (1456, 3)
bella (DF: 8): (3832, 1), (6009, 1), (10137, 1), (11447, 1), (13056, 1), (14384, 1), (16290, 1), (17102, 1)
bellac (DF: 32): (1932, 2), (2877, 2), (3631, 3), (364, 2), (4300, 3), (4594, 3), (5352, 1), (5647, 1), (6243, 1), (6438, 1), (6808, 10), (996, 1), (10513, 2), (10780, 1), (11059, 2), (11393, 2), (11746, 12), (12744, 6), (14209, 2), (14314, 2), (14390, 2), (14579, 1), (15914, 2), (16013, 2), (16079, 1), (16223, 1), (1668, 2), (16373, 5), (16843, 2), (17237, 1), (17403, 1), (18222, 1)
bellacon (DF: 1): (4246, 1)
belladonn (DF: 1): (11653, 1)
belladonna (DF: 1): (8890, 1)
bellake (DF: 3): (6561, 11), (11064, 11), (11486, 11)
bellami (DF: 5): (208, 2), (6837, 1), (12838, 1), (1594, 1), (16926, 1)
belland (DF: 1): (16039, 1)
bellaqu (DF: 14): (2898, 15), (3580, 2), (3816, 3), (4300, 3), (4594, 3), (9974, 1), (10418, 12), (10899, 4), (11068, 2), (11081, 1), (11303, 3), (12397, 7), (1478, 7), (16373, 1)
bellaque (DF: 19): (1932, 8), (2306, 2), (7239, 2), (7367, 16), (9974, 6), (10513, 2), (11081, 1), (11113, 1), (11404, 4), (11412, 1), (12191, 2), (12350, 1), (13117, 2), (14000, 1), (14011, 10), (15894, 1), (16373, 1), (17566, 2), (18050, 28)
bellaqueam (DF: 1): (1441, 1)
bellaquer (DF: 16): (2877, 1), (3876, 7), (5224, 2), (9682, 1), (9818, 1), (10513, 3), (11059, 3), (11175, 2), (12191, 2), (12397, 1), (13193, 1), (1478, 1), (15237, 1), (16843, 3), (17202, 1), (17403, 7)
bellaqui (DF: 2): (9652, 2), (14314, 2)
bellaquit (DF: 4): (4300, 20), (4484, 2), (4594, 20), (16845, 6)
bellarabi (DF: 1): (14263, 1)
bellboy (DF: 1): (3726, 1)
bellen (DF: 4): (3355, 1), (10369, 6), (12745, 1), (16101, 1)
beller (DF: 1): (1574, 2)
bellevill (DF: 1): (2981, 1)
bellez (DF: 38): (2354, 1), (3226, 2), (3614, 1), (4236, 1), (4352, 2), (4479, 1), (5754, 1), (5762, 1), (6339, 1), (6399, 1), (6768, 4), (6917, 1), (7780, 1), (8902, 1), (9437, 1), (9872, 1), (9887, 1), (11407, 8), (12219, 1), (12403, 1), (13161, 5), (13193, 5), (13369, 2), (14341, 1), (14488, 1), (14737, 1), (14775, 8), (14863, 1), (14953, 2), (15051, 4), (15355, 3), (15884, 2), (16074, 1), (16293, 2), (16921, 1), (16969, 2), (17131, 1), (18000, 1)
bellezz (DF: 1): (18325, 2)
bellflow (DF: 1): (118, 1)
bellfort (DF: 2): (9209, 1), (9886, 1)
bellgot (DF: 1): (8369, 1)
bellhop (DF: 1): (16477, 1)
belli (DF: 96): (2177, 1), (2255, 1), (2378, 1), (2701, 1), (2729, 1), (2760, 1), (2991, 1), (3074, 10), (3084, 3), (3216, 1), (3254, 1), (3282, 2), (3303, 1), (3867, 1), (3949, 3), (4122, 1), (4420, 1), (4533, 1), (4831, 1), (5082, 1), (5102, 1), (5195, 1), (5223, 1), (552, 7), (5753, 1), (5907, 1), (5957, 1), (5974, 1), (631, 1), (6363, 3), (6568, 1), (6585, 2), (6819, 1), (7235, 1), (746, 1), (7540, 1), (7553, 2), (7635, 1), (7778, 1), (8196, 1), (8965, 1), (9147, 2), (9263, 1), (9398, 1), (9816, 1), (10118, 1), (10133, 1), (10269, 2), (10288, 1), (10315, 1), (10373, 1), (10404, 5), (10474, 1), (10505, 1), (10593, 1), (11023, 1), (11067, 1), (11226, 2), (11619, 1), (12150, 1), (12585, 1), (12838, 1), (12985, 2), (13052, 1), (13196, 1), (13296, 1), (13578, 1), (13610, 1), (13637, 1), (13768, 1), (13841, 1), (14270, 1), (14502, 4), (14653, 1), (14800, 1), (14857, 1), (14926, 1), (15003, 2), (15076, 1), (15211, 2), (15250, 1), (15342, 2), (15612, 1), (15833, 1), (15847, 1), (16096, 4), (16138, 4), (16375, 1), (16503, 1), (16926, 1), (16957, 1), (17329, 1), (17769, 1), (17875, 1), (18157, 1), (1847, 5)
belliger (DF: 5): (808, 1), (11320, 2), (12035, 1), (14708, 1), (15687, 1)
belling (DF: 2): (10764, 1), (13674, 1)
bellion (DF: 7): (6507, 1), (11955, 2), (13863, 1), (15444, 1), (15471, 2), (15735, 2), (1813, 1)
bellissim (DF: 3): (3316, 1), (8054, 1), (16810, 7)
bellot (DF: 1): (1850, 1)
bellow (DF: 1): (11909, 1)
bellsouth (DF: 1): (1145, 1)
bellt (DF: 3): (2194, 1), (11024, 1), (14254, 1)
bellyach (DF: 3): (4641, 1), (14202, 11), (17280, 8)
belmez (DF: 1): (417, 1)
belmont (DF: 1): (13961, 1)
belo (DF: 3): (3364, 2), (5007, 1), (14377, 1)
belog (DF: 1): (15010, 1)
belong (DF: 19): (196, 4), (1964, 1), (2041, 8), (2072, 13), (2131, 1), (2153, 18), (2156, 3), (2185, 1), (2229, 2), (219, 3), (2372, 1), (2398, 2), (2596, 1), (2725, 2), (2735, 1), (2742, 16), (2764, 9), (2767, 1), (2775, 1)
