catch (DF: 166): (15566, 1), (15568, 1), (15604, 2), (15607, 1), (1594, 1), (15703, 1), (15705, 2), (15718, 2), (15788, 1), (1622, 1), (15860, 2), (15870, 1), (15871, 1), (15916, 1), (15933, 2), (15935, 1), (15943, 2), (15967, 2), (15968, 1), (15978, 2), (15988, 2), (16016, 2), (16032, 1), (16076, 1), (16091, 2), (1650, 1), (16200, 1), (16210, 1), (1657, 1), (16236, 1), (16237, 1), (16238, 2), (16261, 1), (16277, 4), (16323, 1), (16354, 2), (16374, 1), (16388, 2), (16414, 4), (16458, 4), (16460, 1), (16464, 1), (16477, 1), (16486, 1), (16489, 2), (16499, 1), (16517, 2), (16523, 1), (1684, 1), (16598, 5), (16599, 1), (16605, 2), (16635, 1), (16636, 1), (16671, 1), (1697, 8), (1704, 3), (16812, 1), (16831, 2), (1712, 1), (16895, 3), (16920, 1), (17001, 2), (17043, 1), (17045, 1), (17105, 1), (17120, 1), (17141, 2), (17169, 5), (17182, 1), (17215, 7), (17241, 1), (17254, 12), (17346, 2), (17354, 1), (17383, 1), (17415, 1), (17420, 4), (17452, 8), (17473, 2), (17511, 1), (17535, 2), (17619, 12), (17635, 1), (17694, 2), (17737, 8), (17738, 1), (182, 1), (1799, 2), (17785, 1), (17792, 1), (17806, 1), (17826, 1), (17834, 1), (17837, 3), (17848, 3), (17854, 1), (17895, 1), (17902, 1), (17939, 1), (17954, 1), (183, 1), (18027, 2), (18038, 1), (18089, 1), (18099, 4), (18120, 15), (18121, 4), (18127, 1), (18183, 6), (18188, 2), (18190, 1), (18231, 1), (18245, 1), (18270, 1), (18277, 1), (18291, 1), (18303, 1), (18344, 2), (18346, 1), (18354, 1), (18374, 1), (18406, 1), (18447, 1), (1880, 2), (2312, 1), (2315, 2), (2990, 1), (2991, 1), (3821, 1), (3822, 1), (4173, 1), (4174, 1), (5027, 2), (5028, 1), (5076, 2), (5077, 1), (5746, 1), (5747, 2), (6322, 2), (6323, 1), (7106, 1), (7107, 1), (7553, 2), (7554, 1), (7874, 1), (7875, 3), (8297, 1), (8299, 10), (10034, 2), (10035, 1), (10723, 2), (10725, 1), (11138, 1), (11139, 1), (11255, 1), (11256, 1), (13294, 2), (13295, 2), (13314, 1), (13315, 1), (15510, 1), (15511, 1), (16015, 2), (16942, 1), (16943, 1)
catchen (DF: 1): (13611, 1)
catcher (DF: 6): (3224, 1), (7234, 1), (7697, 1), (10066, 1), (10696, 1), (16197, 1)
catchi (DF: 71): (3218, 1), (3561, 1), (363, 1), (3765, 1), (3938, 1), (3951, 1), (3988, 1), (4249, 1), (442, 1), (4687, 1), (4885, 1), (5507, 1), (5723, 1), (589, 1), (6236, 1), (6268, 1), (6812, 1), (7115, 1), (7120, 1), (7132, 1), (787, 1), (7811, 1), (8062, 1), (8069, 1), (8174, 1), (8215, 1), (8284, 1), (8475, 1), (8674, 1), (8768, 1), (8950, 1), (9077, 1), (9129, 1), (9249, 1), (9312, 1), (9354, 1), (964, 1), (9985, 1), (10433, 1), (10839, 1), (10844, 1), (11114, 1), (11379, 1), (11577, 1), (11849, 1), (12031, 1), (12502, 1), (12521, 1), (12598, 1), (12871, 1), (13668, 1), (14522, 1), (14730, 1), (1507, 1), (15337, 1), (15695, 1), (1605, 1), (15857, 1), (16122, 1), (16338, 1), (16372, 1), (17164, 1), (17215, 1), (17223, 1), (17295, 1), (17331, 3), (1774, 1), (17946, 1), (18230, 1), (18432, 1), (1861, 1)
catchin (DF: 62): (2221, 1), (2500, 1), (2510, 1), (3253, 1), (3707, 2), (4250, 1), (4401, 1), (4960, 1), (5082, 1), (5314, 1), (5434, 2), (5576, 1), (5685, 2), (5811, 1), (6043, 1), (6210, 1), (6583, 1), (6755, 1), (6923, 2), (6990, 1), (7090, 2), (7469, 1), (7516, 1), (7554, 1), (8055, 2), (824, 3), (8259, 1), (8299, 2), (8976, 1), (9166, 2), (9321, 7), (9419, 1), (10684, 1), (11536, 1), (12104, 1), (12441, 3), (12569, 1), (13172, 1), (13246, 1), (13884, 1), (13925, 2), (14188, 1), (14235, 1), (14868, 1), (14903, 1), (15242, 2), (15278, 4), (15481, 3), (15871, 5), (15924, 1), (16072, 6), (16521, 1), (16642, 12), (17104, 1), (17234, 1), (17337, 1), (179, 1), (17954, 1), (18018, 1), (18106, 2), (18270, 1), (18344, 2)
cate (DF: 5): (567, 3), (655, 6), (9798, 6), (10297, 1), (14839, 1)
catech (DF: 1): (3745, 1)
catedral (DF: 3): (7863, 1), (9040, 2), (10821, 1)
categor (DF: 1): (1474, 1)
categori (DF: 5): (2241, 1), (2809, 1), (13263, 1), (1410, 1), (18083, 1)
categoria (DF: 1): (2833, 1)
caten (DF: 1): (14517, 1)
catequesis (DF: 1): (15598, 1)
cater (DF: 6): (3432, 1), (8532, 1), (1351, 2), (14156, 1), (15518, 1), (16146, 16)
caterpillar (DF: 5): (2000, 1), (6087, 1), (8083, 1), (11495, 1), (13301, 1)
catey (DF: 2): (8589, 1), (14522, 1)
catfight (DF: 1): (14017, 1)
catfish (DF: 11): (2899, 1), (3729, 1), (488, 1), (6296, 2), (8413, 1), (924, 1), (9188, 2), (10035, 1), (11160, 1), (13440, 1), (16870, 2)
