appeal (DF: 55): (4120, 2), (4588, 1), (449, 1), (4787, 4), (4982, 1), (5092, 1), (5843, 2), (5999, 2), (6004, 1), (603, 2), (7009, 1), (7523, 1), (8290, 5), (8325, 18), (8496, 1), (8844, 1), (9183, 1), (9324, 1), (9744, 1), (9820, 1), (10065, 5), (10103, 1), (10141, 1), (10144, 1), (10253, 2), (10272, 1), (10771, 1), (11151, 1), (11214, 1), (11329, 1), (11396, 1), (11709, 1), (12101, 1), (12227, 1), (12379, 1), (12553, 2), (1294, 1), (12968, 1), (13, 1), (14006, 1), (14400, 2), (14519, 1), (15032, 1), (15513, 1), (15850, 3), (15937, 1), (16319, 1), (16364, 1), (16970, 1), (17488, 1), (17521, 1), (17916, 1), (17948, 1), (18203, 1), (18450, 2)
appealin (DF: 1): (15512, 1)
appear (DF: 77): (2003, 1), (21, 1), (2371, 1), (2395, 1), (2672, 2), (4090, 1), (4140, 1), (4230, 1), (4330, 1), (4441, 2), (4443, 1), (4664, 1), (4696, 2), (4723, 1), (4982, 1), (5032, 1), (5137, 1), (5175, 1), (6, 1), (5938, 3), (5984, 1), (6262, 1), (6479, 1), (6585, 1), (6734, 1), (668, 1), (7132, 1), (7416, 1), (759, 1), (7664, 1), (7678, 1), (7781, 1), (8235, 1), (8276, 1), (8347, 1), (8372, 1), (8528, 1), (8635, 1), (8847, 1), (9347, 1), (10026, 1), (10337, 2), (1058, 1), (10730, 1), (10775, 1), (10782, 1), (116, 2), (10917, 1), (11011, 2), (11448, 1), (11471, 2), (11575, 1), (11876, 2), (12203, 1), (12231, 1), (12241, 2), (12442, 1), (13355, 3), (13498, 1), (13604, 1), (13632, 1), (13870, 1), (14418, 1), (1557, 1), (15495, 1), (15524, 2), (15725, 1), (16023, 1), (1656, 1), (17061, 1), (1748, 1), (17783, 1), (1807, 1), (17939, 1), (17950, 3), (18286, 1), (18400, 1)
appeas (DF: 6): (3435, 1), (4283, 1), (7654, 1), (12044, 1), (13909, 1), (1773, 1)
appel (DF: 10): (4088, 3), (4198, 4), (637, 2), (649, 1), (676, 3), (7607, 3), (9884, 1), (11982, 1), (15161, 1), (16701, 1)
appell (DF: 3): (270, 1), (9539, 1), (11121, 2)
appen (DF: 2): (10369, 6), (13019, 1)
append (DF: 1): (11821, 1)
appendag (DF: 1): (4175, 1)
appendin (DF: 1): (4844, 1)
appet (DF: 2): (524, 1), (7018, 1)
appetit (DF: 63): (2030, 17), (2202, 1), (2239, 1), (2943, 2), (3112, 1), (3577, 1), (3584, 2), (4124, 1), (4213, 1), (4681, 1), (4993, 1), (503, 1), (5172, 2), (5378, 1), (5441, 1), (590, 2), (6275, 1), (6649, 1), (6759, 1), (7603, 1), (873, 1), (8742, 1), (9047, 1), (9875, 5), (10122, 1), (10249, 1), (10396, 2), (10777, 1), (11020, 1), (11050, 1), (11193, 5), (1168, 1), (11732, 1), (12821, 1), (12869, 1), (13187, 1), (13310, 1), (13371, 1), (13445, 1), (13889, 1), (14258, 1), (14261, 1), (14524, 2), (14547, 1), (14564, 2), (1502, 1), (14809, 1), (15515, 2), (17010, 2), (17052, 3), (17421, 2), (17482, 2), (1773, 1), (17560, 1), (17719, 1), (17750, 1), (1805, 1), (17962, 1), (18110, 1), (18275, 1), (1857, 1), (9287, 1), (9288, 1)
appettit (DF: 1): (5577, 1)
appi (DF: 1): (12767, 6)
appiccic (DF: 1): (187, 1)
appis (DF: 1): (6961, 1)
appl (DF: 98): (2075, 1), (2084, 1), (2231, 1), (2278, 1), (2313, 1), (2500, 1), (2584, 1), (2887, 1), (2936, 1), (3186, 1), (3363, 1), (3582, 1), (368, 1), (3921, 3), (3963, 1), (4106, 1), (4290, 5), (4431, 4), (4452, 2), (445, 1), (4564, 1), (4629, 2), (4707, 1), (4834, 1), (5139, 1), (5370, 1), (535, 8), (5425, 1), (5426, 1), (5775, 2), (5824, 8), (5862, 1), (6411, 2), (6520, 2), (6613, 1), (664, 1), (6713, 1), (6914, 1), (693, 2), (7178, 1), (7321, 8), (7687, 2), (7752, 4), (7860, 1), (7880, 1), (815, 1), (846, 1), (8496, 1), (8547, 1), (8823, 1), (938, 1), (939, 1), (9240, 1), (9315, 1), (984, 1), (9693, 1), (1029, 1), (10249, 1), (10297, 2), (10435, 1), (1060, 1), (10468, 1), (10645, 2), (11055, 1), (11090, 1), (11226, 2), (11327, 1), (11624, 1), (1197, 1), (12519, 1), (1279, 1), (12597, 2), (12676, 1), (12987, 1), (13154, 1), (13278, 1), (13655, 1), (13750, 1), (13817, 3), (14023, 2), (14464, 1), (14789, 1), (14839, 2), (14902, 21), (15541, 6), (15665, 2), (15734, 1), (15893, 2), (16114, 1), (16643, 1), (16767, 1), (16908, 1), (16981, 1), (17292, 1), (17377, 1), (17442, 2), (18140, 1), (18190, 1)
applaud (DF: 7): (5983, 1), (6785, 2), (11961, 1), (1226, 1), (13279, 1), (13872, 3), (14055, 1)
applaus (DF: 26): (2198, 1), (268, 5), (4222, 1), (4435, 1), (5090, 1), (497, 1), (5309, 1), (5794, 1), (6026, 1), (6521, 3), (6926, 1), (7178, 1), (8071, 1), (8383, 1), (8468, 2), (10161, 2), (123, 1), (12406, 1), (12945, 25), (13098, 4), (13269, 1), (14419, 1), (16436, 3), (1748, 6), (1757, 1), (18116, 1)
apple (DF: 1): (15161, 2)
applebe (DF: 1): (8554, 1)
applebi (DF: 1): (8028, 1)
applese (DF: 1): (1773, 1)
appleton (DF: 1): (17608, 2)
appletre (DF: 3): (5824, 1), (7321, 1), (8492, 1)
