branch (DF: 1): (18197, 1)
branchen (DF: 2): (10050, 1), (10543, 3)
brancher (DF: 1): (10543, 1)
branchez (DF: 2): (9160, 1), (9184, 1)
branco (DF: 5): (229, 2), (2833, 1), (10131, 1), (1072, 1), (13626, 1)
brand (DF: 298): (1899, 1), (1929, 1), (1995, 5), (2038, 15), (2054, 1), (2133, 4), (2176, 2), (2187, 1), (2317, 1), (2333, 1), (2411, 1), (2534, 1), (2545, 1), (245, 1), (2726, 1), (2760, 1), (2810, 1), (282, 18), (2939, 1), (3039, 8), (3052, 1), (3122, 1), (3144, 1), (3265, 2), (3282, 2), (3386, 1), (3391, 1), (3424, 16), (3427, 1), (3509, 2), (3510, 2), (3538, 1), (3741, 1), (3761, 1), (3781, 1), (369, 1), (3899, 2), (4022, 2), (4090, 1), (4105, 4), (4128, 1), (4211, 1), (4222, 1), (4274, 1), (4329, 1), (4364, 1), (4401, 1), (4576, 2), (4592, 1), (4598, 1), (4684, 1), (4722, 1), (4806, 4), (4854, 1), (4872, 1), (4956, 2), (4990, 4), (5128, 2), (5137, 1), (5326, 8), (5329, 1), (5357, 1), (5440, 1), (5506, 2), (5529, 1), (5581, 1), (5685, 2), (5734, 1), (5753, 1), (570, 4), (5810, 2), (5939, 1), (5979, 2), (5983, 1), (5987, 1), (6088, 1), (6104, 2), (6232, 7), (618, 1), (620, 1), (6325, 1), (6447, 1), (6453, 1), (6475, 2), (6560, 1), (6565, 2), (6670, 1), (6722, 1), (6780, 3), (6809, 1), (6832, 6), (6875, 1), (7038, 2), (7141, 2), (7276, 4), (7343, 1), (7369, 1), (7465, 1), (7516, 2), (7523, 1), (7537, 1), (7559, 1), (7581, 1), (767, 12), (7768, 1), (7813, 2), (7835, 1), (7906, 1), (7908, 1), (7985, 1), (8107, 1), (8215, 1), (8245, 4), (77, 2), (8283, 3), (8319, 1), (8336, 1), (8343, 1), (8456, 2), (8585, 2), (8686, 1), (8778, 2), (82, 1), (9025, 1), (9075, 1), (9137, 2), (9194, 13), (9258, 3), (9267, 1), (9290, 1), (958, 3), (9432, 1), (9448, 1), (9501, 1), (9538, 3), (9560, 2), (978, 6), (9628, 1), (9751, 1), (9794, 1), (9992, 1), (10083, 1), (10119, 1), (1030, 1), (10141, 1), (10185, 1), (10237, 1), (10299, 1), (10337, 2), (10396, 2), (10484, 4), (10571, 1), (10593, 10), (10658, 16), (1088, 1), (10749, 1), (116, 1), (10891, 4), (10927, 2), (10993, 1), (11023, 1), (11109, 2), (11175, 4), (11185, 1), (11229, 1), (11232, 1), (11336, 1), (11355, 2), (11398, 1), (11440, 2), (11471, 1), (11516, 1), (11536, 1), (11663, 1), (11687, 2), (11702, 1), (11705, 1), (11731, 1), (1211, 1), (12029, 8), (12064, 2), (12141, 12), (12164, 1), (12168, 1), (12209, 1), (12213, 1), (12484, 1), (12543, 1), (12588, 1), (12591, 1), (1282, 1), (1285, 1), (12712, 6), (12726, 4), (12907, 1), (12928, 1), (13020, 2), (13028, 1), (13158, 1), (13232, 1), (13283, 4), (13287, 1), (13294, 2), (13296, 10), (13338, 1), (13448, 6), (13478, 1), (13575, 4), (13681, 2), (13787, 1), (13841, 1), (1425, 4), (1429, 4), (14028, 2), (14049, 2), (14055, 1), (14072, 3), (14086, 2), (14118, 1), (14165, 2), (14252, 1), (14388, 1), (14423, 1), (14438, 2), (14474, 6), (14489, 1), (14564, 2), (14589, 1), (14637, 1), (1504, 1), (14800, 1), (14859, 2), (14995, 1), (15013, 2), (15018, 1), (15039, 1), (1547, 20), (15082, 2), (15085, 1), (15139, 2), (15149, 1), (15368, 1), (15370, 3), (15376, 2), (15547, 1), (15610, 1), (1599, 1), (15688, 1), (15730, 2), (15833, 1), (15838, 1), (15863, 2), (16015, 4), (16054, 1), (16138, 16), (16158, 2), (16216, 2), (16305, 2), (16364, 2), (16375, 1), (1688, 2), (16600, 2), (16693, 1), (16909, 6), (1717, 1), (1726, 2), (17019, 2), (17037, 1), (17101, 1), (17123, 1), (17234, 1), (17337, 1), (17382, 1), (17663, 25), (17767, 1), (17812, 1), (17884, 1), (17894, 1), (17910, 4), (1822, 1), (1824, 1), (18032, 2), (18062, 1), (18071, 30), (18235, 1), (18307, 1), (18418, 1), (1880, 2), (6210, 1), (6212, 3), (661, 1), (663, 1), (1058, 1), (1059, 1), (14430, 2), (14431, 1), (14857, 1), (16136, 1)
brandalarm (DF: 1): (10543, 1)
brandalarmen (DF: 1): (12273, 1)
brandi (DF: 26): (2264, 2), (2632, 2), (3332, 3), (3370, 2), (3924, 1), (3965, 2), (5401, 1), (7745, 2), (7907, 6), (8083, 1), (9373, 2), (9550, 1), (9576, 4), (10153, 1), (12185, 1), (12434, 2), (12763, 2), (14050, 1), (14307, 1), (14653, 6), (14932, 1), (15544, 2), (15837, 1), (15942, 1), (16017, 1), (16399, 1)
brandish (DF: 3): (510, 1), (5610, 1), (7197, 1)
brandneu (DF: 3): (13085, 42), (14254, 1), (16777, 1)
brando (DF: 8): (2851, 1), (7697, 1), (12752, 3), (12820, 1), (13207, 1), (14792, 1), (17690, 2), (18064, 1)
brandon (DF: 5): (3248, 1), (7458, 1), (10173, 1), (15703, 1), (16054, 1)
