heavi (DF: 147): (1304, 1), (12935, 1), (12989, 1), (13029, 2), (13037, 1), (13043, 1), (13120, 1), (13154, 1), (13170, 1), (1336, 1), (13263, 11), (13297, 2), (13308, 1), (13309, 1), (13326, 2), (13356, 1), (13383, 1), (13450, 3), (13480, 1), (13498, 1), (13523, 8), (140, 2), (13542, 1), (13549, 1), (13615, 2), (13622, 1), (13783, 8), (13818, 1), (1410, 1), (13887, 1), (13932, 1), (14038, 1), (14065, 2), (14100, 1), (14178, 2), (1450, 22), (1454, 1), (1456, 2), (14262, 2), (14269, 1), (14274, 3), (14276, 2), (14305, 1), (14307, 1), (14356, 3), (14376, 8), (14415, 1), (14443, 1), (14498, 1), (14532, 1), (14545, 1), (14547, 1), (14570, 1), (14597, 1), (14605, 2), (14740, 1), (14796, 1), (14800, 1), (14986, 1), (1538, 1), (15034, 3), (15042, 1), (15101, 1), (15108, 1), (15118, 1), (15179, 9), (15242, 2), (15260, 1), (15284, 1), (15298, 1), (15303, 1), (15328, 1), (15377, 4), (15416, 1), (15486, 1), (15559, 3), (15570, 1), (15571, 2), (15612, 1), (15660, 1), (15715, 3), (15788, 1), (15823, 1), (15847, 2), (15882, 1), (15916, 1), (15921, 8), (15937, 1), (15984, 1), (16036, 1), (16050, 2), (16054, 1), (16111, 1), (16190, 1), (16197, 1), (16227, 1), (16232, 1), (16351, 2), (16440, 1), (16732, 7), (16816, 1), (1717, 1), (17083, 1), (17101, 1), (17135, 2), (17191, 1), (17198, 1), (17244, 4), (17261, 1), (17305, 4), (17329, 1), (17340, 1), (17349, 14), (1760, 1), (179, 1), (17448, 1), (17508, 2), (17519, 1), (17520, 1), (17603, 1), (17609, 1), (1792, 1), (17818, 1), (17835, 5), (17849, 1), (17897, 1), (17927, 6), (17993, 1), (18034, 1), (18083, 10), (18157, 1), (18238, 1), (18245, 1), (18260, 2), (18281, 1), (18309, 1), (1853, 8), (18399, 1), (18435, 3), (3142, 4), (3144, 1), (7123, 1), (7125, 1), (8121, 51), (8122, 1), (12777, 1), (12778, 1)
heavier (DF: 4): (3207, 1), (12614, 1), (15034, 1), (16737, 1)
heaviest (DF: 2): (408, 1), (15585, 1)
heavili (DF: 18): (3486, 1), (3619, 1), (3769, 1), (5720, 1), (6812, 3), (6912, 1), (7857, 1), (8322, 1), (9104, 1), (12022, 8), (12981, 3), (14234, 2), (14354, 1), (14560, 1), (15291, 1), (15677, 1), (17550, 1), (17939, 1)
heavn (DF: 3): (7122, 1), (9237, 1), (12882, 1)
heavster (DF: 3): (5277, 1), (15963, 1), (17752, 1)
heavy (DF: 6): (2729, 1), (6450, 1), (10400, 1), (11005, 2), (1141, 1), (17522, 2)
heavydirtysoul (DF: 1): (17537, 15)
heavyweight (DF: 16): (2069, 1), (283, 1), (3444, 1), (4100, 1), (4641, 1), (4912, 2), (6214, 1), (6265, 1), (7017, 1), (7387, 1), (9965, 1), (10593, 1), (13081, 18), (13296, 1), (15084, 1), (16582, 1)
heazi (DF: 1): (17949, 1)
heb (DF: 58): (2260, 3), (246, 1), (2638, 6), (3355, 3), (3748, 9), (3864, 6), (4256, 1), (4297, 1), (4607, 2), (4665, 2), (4849, 1), (43, 2), (5775, 1), (5917, 1), (6008, 6), (6184, 10), (6303, 3), (6641, 3), (7547, 6), (8831, 1), (9595, 2), (10369, 3), (1077, 4), (11444, 2), (11669, 2), (11673, 1), (11863, 2), (12243, 1), (12662, 12), (12745, 5), (12767, 1), (1318, 5), (13085, 1), (13201, 1), (13520, 1), (13611, 2), (13783, 3), (13957, 1), (1432, 4), (14553, 5), (14555, 2), (14952, 3), (15164, 2), (15205, 1), (15412, 1), (15565, 1), (1619, 3), (16101, 4), (16435, 3), (16600, 1), (16602, 1), (175, 1), (17327, 1), (17495, 1), (17663, 6), (18210, 2), (18253, 2), (18323, 1)
hebben (DF: 14): (2638, 1), (3748, 1), (5917, 1), (7382, 2), (10369, 1), (11444, 1), (1318, 1), (14553, 1), (14555, 1), (15205, 1), (15412, 2), (16600, 1), (17160, 1), (18323, 1)
hebberig (DF: 1): (10369, 1)
hebill (DF: 4): (8218, 3), (9682, 1), (13650, 7), (18222, 1)
hebrew (DF: 3): (7977, 1), (10645, 2), (11090, 1)
hebt (DF: 13): (3864, 1), (4607, 1), (4743, 1), (6303, 3), (1077, 1), (12446, 2), (13201, 9), (13520, 1), (1619, 1), (16101, 4), (16349, 1), (17160, 1), (18210, 2)
hech (DF: 49): (1932, 2), (2306, 1), (2530, 1), (2617, 4), (2889, 2), (2938, 1), (2972, 4), (3080, 1), (3106, 1), (3313, 1), (3536, 2), (4246, 1), (4560, 1), (4780, 1), (4954, 10), (5110, 1), (5173, 1), (5174, 1), (5198, 1), (5246, 1), (5512, 1), (5547, 1), (5735, 1), (5796, 1), (6160, 1), (6243, 1), (6513, 1), (6818, 1), (6883, 1), (7031, 2), (7982, 1), (813, 3), (8149, 1), (8255, 1), (934, 4), (9309, 4), (9415, 2), (9568, 2), (9660, 3), (9867, 3), (10363, 3), (10418, 2), (10909, 1), (11073, 1), (11175, 2), (11350, 1), (11404, 2), (11480, 4), (11666, 1)
