pon (DF: 98): (14073, 1), (14082, 2), (14124, 1), (14209, 2), (14247, 1), (14314, 1), (14344, 4), (14408, 1), (14429, 6), (14457, 8), (14481, 1), (14517, 1), (14602, 2), (14624, 1), (14654, 5), (14825, 4), (14856, 2), (14863, 2), (14, 1), (15174, 2), (15192, 1), (15330, 5), (15402, 2), (15405, 1), (15415, 1), (15440, 1), (15442, 5), (15452, 2), (15587, 2), (15638, 2), (15657, 3), (15732, 1), (15835, 4), (15889, 2), (15894, 6), (15926, 1), (1631, 1), (16013, 4), (16033, 1), (16079, 1), (16106, 1), (16113, 1), (16121, 2), (16148, 1), (16230, 2), (16253, 1), (16295, 2), (1668, 12), (16373, 1), (16391, 12), (16405, 1), (1687, 1), (16578, 3), (1694, 9), (16657, 2), (16659, 2), (16787, 13), (16826, 1), (16845, 1), (16968, 4), (16979, 1), (16983, 2), (16990, 1), (17059, 6), (17076, 4), (17097, 2), (17115, 1), (17237, 1), (17334, 3), (17390, 2), (17396, 1), (17432, 2), (17467, 1), (1769, 2), (17522, 6), (17525, 1), (17685, 21), (17788, 6), (17816, 3), (1803, 1), (1812, 2), (18025, 2), (18119, 4), (18248, 1), (18326, 4), (1878, 1), (4469, 3), (4470, 4), (6206, 3), (6207, 1), (1004, 1), (1005, 3), (1255, 2), (1256, 1), (13425, 1), (13427, 1), (14726, 1), (14727, 1)
ponca (DF: 1): (6473, 1)
ponch (DF: 5): (3214, 1), (444, 2), (1022, 2), (10838, 2), (178, 1)
ponchat (DF: 1): (178, 1)
poncho (DF: 2): (4818, 1), (16300, 1)
pond (DF: 11): (248, 1), (4252, 1), (4502, 1), (5312, 1), (6761, 2), (7892, 1), (11012, 1), (12319, 3), (12946, 1), (13662, 1), (17923, 1)
ponder (DF: 13): (2255, 1), (2658, 1), (2867, 1), (3114, 1), (3711, 1), (6615, 1), (6808, 1), (7484, 1), (11275, 1), (12231, 1), (13616, 1), (1710, 1), (16976, 1)
ponderin (DF: 3): (9758, 1), (9784, 1), (11539, 1)
ponderosa (DF: 1): (18451, 1)
pondr (DF: 3): (9414, 2), (11480, 2), (16033, 1)
pondrel (DF: 1): (417, 1)
pone (DF: 4): (2205, 1), (6006, 1), (7583, 1), (16174, 2)
ponem (DF: 3): (14457, 3), (15598, 1), (16968, 4)
ponemo (DF: 1): (11685, 2)
ponent (DF: 1): (7113, 1)
poner (DF: 2): (2476, 4), (11685, 1)
ponern (DF: 1): (14011, 2)
ponert (DF: 5): (5647, 1), (7876, 1), (11968, 1), (17320, 1), (17403, 1)
ponertel (DF: 5): (6336, 1), (13986, 3), (14420, 1), (17931, 1), (18090, 1)
poney (DF: 2): (7818, 2), (15637, 1)
pong (DF: 169): (1966, 3), (2043, 1), (2092, 2), (2585, 2), (2642, 2), (2828, 10), (2938, 1), (283, 1), (3080, 1), (3090, 1), (3269, 1), (3401, 2), (3631, 1), (3875, 1), (3903, 1), (399, 1), (4081, 4), (412, 12), (4186, 2), (417, 1), (4246, 2), (4344, 3), (4419, 2), (4423, 4), (4434, 2), (444, 2), (4544, 1), (4568, 1), (450, 2), (460, 1), (4846, 1), (4909, 6), (5105, 1), (5126, 1), (5173, 5), (5174, 2), (512, 1), (5436, 3), (5471, 3), (5713, 1), (567, 21), (5796, 3), (5852, 1), (5883, 2), (6025, 1), (6399, 1), (6464, 1), (6532, 3), (6541, 2), (6768, 1), (6808, 1), (6883, 1), (6909, 1), (7016, 1), (7082, 6), (7151, 4), (7166, 3), (7223, 2), (7367, 4), (7395, 1), (7526, 1), (7532, 9), (7751, 2), (7863, 1), (7925, 1), (7942, 1), (7948, 1), (7989, 1), (8187, 1), (8466, 4), (8518, 1), (8580, 3), (8728, 1), (8883, 1), (8922, 6), (8994, 2), (9060, 3), (9070, 1), (9086, 2), (9252, 1), (9383, 1), (9384, 1), (9412, 2), (9415, 1), (9428, 6), (9524, 2), (9534, 1), (982, 2), (9819, 2), (1004, 6), (9867, 2), (9972, 1), (10180, 1), (1039, 1), (1046, 2), (10351, 32), (10393, 12), (10511, 3), (10513, 1), (10612, 3), (10728, 2), (1098, 2), (10822, 2), (10838, 4), (10892, 1), (10899, 2), (11059, 1), (11068, 1), (1141, 2), (11235, 12), (11367, 2), (11517, 5), (11689, 1), (11726, 1), (11774, 3), (11783, 1), (1213, 2), (11924, 1), (11993, 2), (12167, 3), (12307, 2), (12426, 1), (12430, 2), (12648, 4), (1284, 1), (1295, 1), (12770, 1), (12895, 2), (13023, 1), (13033, 6), (13085, 1), (13117, 4), (13145, 2), (13193, 1), (13369, 10), (13370, 2), (13437, 3), (1366, 1), (13935, 1), (13985, 1), (14124, 2), (14207, 1), (14209, 1), (14301, 1), (14600, 1), (1501, 1), (14725, 6), (14743, 1), (14785, 2), (14884, 6), (15006, 1), (15178, 3), (15297, 3), (15355, 3), (15415, 1), (15673, 1), (15732, 1), (15736, 1), (15914, 2), (16074, 1), (16121, 2), (16143, 2), (16253, 1), (16345, 1), (16373, 3), (173, 2), (16438, 1), (16475, 6), (16578, 3)
