falt (DF: 107): (7412, 1), (7513, 2), (7676, 4), (8188, 1), (836, 2), (8546, 4), (8569, 1), (889, 6), (8763, 2), (8817, 1), (9079, 1), (9196, 1), (9225, 1), (9334, 1), (9362, 1), (9475, 2), (9845, 1), (1008, 2), (1013, 1), (1022, 3), (10046, 2), (1039, 1), (10285, 1), (10607, 3), (10682, 1), (10838, 2), (10866, 1), (11017, 1), (11030, 1), (11068, 2), (11095, 1), (11113, 1), (11142, 1), (11235, 2), (11335, 1), (11361, 3), (11371, 1), (11391, 3), (11576, 2), (11741, 1), (11747, 4), (11800, 1), (11938, 1), (11944, 4), (12092, 1), (12192, 2), (12456, 1), (12506, 8), (1277, 2), (12608, 2), (1296, 1), (12808, 3), (12872, 1), (12895, 2), (13138, 1), (13205, 12), (13362, 4), (13388, 12), (13406, 1), (13437, 1), (13442, 1), (13481, 1), (1370, 5), (13744, 1), (13930, 1), (13971, 1), (13973, 3), (1424, 1), (14172, 2), (14299, 1), (14389, 1), (14541, 1), (14543, 1), (14561, 1), (14596, 1), (14685, 1), (14691, 6), (14884, 1), (14988, 4), (15006, 6), (15024, 4), (15031, 11), (15237, 1), (15297, 3), (15310, 1), (15622, 4), (15657, 3), (15939, 1), (15948, 1), (16230, 8), (16419, 5), (16439, 1), (1677, 1), (16545, 1), (16780, 1), (16885, 1), (17033, 1), (17405, 1), (17418, 1), (17658, 2), (17671, 1), (17678, 1), (17691, 1), (17748, 3), (18025, 2), (18123, 2), (18248, 1)
falta (DF: 15): (2833, 1), (3467, 8), (3497, 2), (5011, 1), (60, 5), (7049, 2), (8590, 4), (8941, 1), (9391, 1), (1072, 1), (11563, 2), (13304, 6), (13713, 2), (14511, 2), (15617, 3)
faltando (DF: 4): (9494, 1), (12348, 1), (12375, 1), (16035, 1)
faltars (DF: 1): (439, 4)
faltart (DF: 1): (15815, 1)
faltava (DF: 2): (15322, 1), (15617, 1)
falteis (DF: 1): (17623, 1)
falter (DF: 9): (2262, 1), (3745, 1), (5086, 1), (6476, 1), (6956, 3), (12310, 1), (1417, 1), (1690, 1), (16980, 2)
faltermey (DF: 1): (316, 1)
falton (DF: 1): (11932, 1)
faltou (DF: 1): (16792, 4)
faltu (DF: 1): (18053, 1)
falun (DF: 1): (12464, 1)
fam (DF: 151): (2316, 1), (2357, 1), (2376, 2), (2463, 1), (26, 6), (2820, 1), (2881, 1), (2967, 1), (3424, 1), (3570, 2), (3602, 1), (3924, 1), (397, 1), (4032, 1), (4069, 1), (4186, 2), (4209, 1), (4210, 1), (4256, 1), (4481, 1), (4552, 3), (4633, 2), (4702, 1), (4842, 1), (477, 1), (5017, 1), (5086, 1), (5109, 2), (5116, 2), (5174, 2), (5225, 3), (5306, 1), (5425, 2), (5429, 1), (5621, 1), (5792, 1), (6087, 1), (55, 1), (6450, 1), (6485, 1), (6513, 2), (6516, 2), (6600, 1), (6651, 1), (667, 1), (6748, 1), (6835, 2), (6890, 2), (6914, 2), (7166, 1), (7247, 2), (724, 1), (7348, 1), (7466, 1), (7538, 1), (7745, 2), (7787, 1), (7983, 2), (8009, 1), (8198, 2), (8234, 1), (8278, 1), (8407, 1), (8518, 2), (8669, 1), (928, 2), (9410, 1), (9534, 1), (9646, 1), (988, 1), (9795, 2), (9878, 1), (1021, 1), (10085, 8), (10118, 1), (10136, 1), (10153, 1), (10167, 2), (10394, 1), (10418, 2), (10559, 2), (10794, 1), (10821, 1), (11059, 1), (11151, 2), (11237, 2), (11272, 2), (11293, 2), (11391, 1), (11521, 1), (11522, 1), (11538, 1), (11617, 2), (11774, 3), (11824, 1), (11840, 1), (11932, 1), (11961, 1), (1219, 1), (12064, 2), (12212, 1), (12251, 1), (12356, 1), (12431, 2), (13087, 1), (13141, 1), (13245, 1), (13257, 2), (13378, 2), (13619, 2), (13885, 4), (13935, 3), (13939, 1), (14153, 4), (14223, 1), (1461, 1), (14307, 1), (14400, 1), (14551, 1), (14564, 4), (15010, 1), (15170, 1), (15254, 3), (15585, 1), (15598, 1), (15765, 1), (15939, 1), (16022, 1), (16135, 7), (16138, 2), (16238, 1), (16351, 2), (16377, 1), (16401, 1), (16703, 1), (16843, 1), (16890, 2), (16913, 1), (16915, 2), (17007, 4), (17137, 1), (17329, 1), (17368, 4), (17494, 1), (181, 1), (17581, 1), (17779, 1), (18248, 1), (18351, 1), (1856, 1), (18417, 1)
fama (DF: 8): (5860, 3), (8027, 4), (8941, 1), (11132, 1), (11685, 1), (12566, 4), (13717, 1), (15322, 1)
famba (DF: 4): (392, 1), (4679, 1), (11609, 1), (12807, 1)
fame (DF: 51): (1913, 1), (1962, 1), (1975, 1), (2057, 1), (2101, 1), (2147, 1), (2184, 1), (2221, 1), (221, 2), (2299, 6), (2360, 1), (2646, 1), (2767, 1), (2801, 1), (270, 1), (2855, 1), (2902, 1), (2929, 1), (2985, 1), (3084, 3), (3161, 1), (3444, 2), (3549, 1), (3633, 1), (3646, 2), (3687, 2), (3811, 1), (386, 1), (3973, 2), (4092, 1), (4103, 1), (4122, 2), (4218, 3), (4298, 1), (4302, 1), (4358, 2), (4407, 1), (4501, 1), (4508, 1), (4536, 1), (4661, 2), (486, 2), (5010, 1), (5047, 1), (5052, 1), (490, 1), (5068, 1), (5076, 1), (5152, 1), (5245, 1), (5261, 1)
