must (DF: 166): (16191, 1), (16195, 1), (16212, 3), (16234, 2), (16245, 1), (16250, 1), (16258, 3), (16269, 1), (1661, 1), (16283, 1), (16317, 24), (16319, 1), (16328, 1), (16333, 2), (16342, 1), (16351, 4), (16352, 2), (16362, 3), (16372, 1), (16380, 8), (16426, 1), (16466, 3), (16510, 1), (16536, 1), (16566, 14), (16591, 2), (16613, 1), (16615, 1), (16662, 3), (16688, 1), (16721, 1), (16737, 1), (16752, 2), (1705, 1), (16755, 7), (16758, 1), (16770, 1), (16786, 1), (16788, 1), (16794, 2), (16836, 1), (16865, 1), (16936, 3), (16942, 1), (1718, 1), (16964, 2), (17000, 1), (17005, 1), (17017, 1), (17023, 1), (17031, 1), (17043, 1), (17050, 1), (1730, 2), (17055, 1), (17076, 2), (17104, 1), (1737, 4), (17116, 1), (1746, 1), (1748, 1), (17267, 2), (17310, 1), (17336, 1), (17367, 1), (17438, 3), (17474, 4), (1773, 1), (17545, 1), (17550, 1), (17632, 1), (17657, 2), (1790, 2), (17742, 1), (17782, 4), (17832, 1), (17844, 2), (17860, 1), (17911, 1), (17967, 2), (17994, 6), (18018, 1), (18035, 1), (18062, 3), (18068, 1), (1829, 1), (18105, 1), (18140, 1), (18224, 1), (18252, 2), (1844, 1), (18291, 1), (18330, 1), (18348, 1), (18351, 1), (18387, 2), (18390, 1), (18395, 1), (18452, 1), (1867, 2), (208, 2), (209, 1), (223, 1), (224, 3), (236, 3), (237, 1), (3068, 1), (3069, 1), (3263, 3), (3266, 1), (4145, 2), (4146, 1), (4363, 5), (4364, 1), (4501, 1), (4503, 1), (4684, 1), (4685, 6), (4926, 1), (4928, 3), (5074, 6), (5075, 1), (5096, 1), (5097, 1), (5179, 1), (5182, 1), (5189, 2), (5191, 1), (5912, 2), (5913, 2), (6073, 6), (6074, 8), (7688, 1), (7689, 1), (7739, 1), (7741, 1), (8656, 2), (8657, 2), (8964, 4), (8965, 1), (1123, 4), (1124, 1), (11172, 1), (11173, 10), (11376, 1), (11377, 2), (11891, 1), (11894, 1), (11906, 1), (11908, 1), (13158, 1), (13160, 12), (13561, 1), (13562, 2), (14370, 1), (14371, 1), (15702, 1), (15703, 1), (16393, 1), (16394, 2), (16926, 7), (16927, 1), (17281, 2), (17282, 1), (18306, 5), (18308, 1)
musta (DF: 12): (2459, 1), (2562, 1), (4629, 1), (4907, 1), (4936, 2), (5879, 1), (8176, 1), (9057, 1), (9983, 1), (10883, 1), (14452, 1), (1650, 1)
mustach (DF: 10): (2840, 1), (6950, 1), (9425, 1), (10404, 1), (10713, 1), (13113, 1), (15400, 2), (16693, 1), (16713, 1), (1847, 1)
mustafa (DF: 1): (2574, 1)
mustang (DF: 16): (2314, 4), (2356, 1), (4016, 1), (5242, 9), (5992, 1), (6527, 1), (6631, 2), (8530, 1), (9125, 1), (12578, 1), (13473, 1), (15243, 3), (1565, 1), (16626, 2), (17347, 1), (1798, 1)
mustapha (DF: 1): (8977, 43)
mustard (DF: 43): (2283, 2), (2359, 2), (268, 2), (2840, 1), (3174, 1), (4314, 2), (4365, 2), (4818, 1), (579, 1), (6543, 1), (7046, 9), (7214, 1), (7313, 1), (69, 3), (775, 2), (8249, 1), (8331, 2), (8725, 5), (8870, 1), (92, 1), (9649, 1), (10006, 3), (10693, 2), (11291, 2), (11340, 1), (11696, 1), (12483, 2), (14256, 4), (14513, 2), (15028, 2), (15211, 1), (1575, 1), (15518, 1), (15694, 1), (15873, 1), (16279, 1), (16300, 1), (16426, 1), (16503, 1), (1760, 2), (17505, 1), (17938, 1), (18324, 1)
mustasch (DF: 1): (147, 1)
mustbearealdragwakingupandbeingyou (DF: 1): (10169, 1)
muster (DF: 2): (6958, 1), (15313, 1)
musti (DF: 2): (6238, 1), (15099, 1)
musz (DF: 10): (4914, 2), (6007, 1), (6457, 1), (10138, 1), (10436, 1), (15162, 1), (1655, 1), (16526, 2), (17410, 9), (17720, 1)
mut (DF: 2): (6395, 1), (10215, 3)
mutacion (DF: 1): (18087, 1)
mutand (DF: 1): (16810, 2)
mutant (DF: 4): (1975, 1), (7798, 1), (15015, 1), (18417, 2)
mutanten (DF: 1): (11179, 1)
mutat (DF: 1): (15632, 1)
mutata (DF: 1): (5577, 1)
mute (DF: 13): (2116, 1), (3432, 1), (469, 1), (5836, 2), (6475, 1), (825, 3), (10956, 1), (13601, 1), (14169, 1), (14523, 1), (16019, 2), (16376, 1), (17755, 1)
mutha (DF: 22): (2220, 1), (2584, 1), (4090, 1), (4263, 1), (5078, 1), (5091, 1), (5133, 2), (6168, 1), (6214, 1), (6319, 3), (859, 1), (8662, 1), (9130, 9), (9965, 1), (10623, 1), (11421, 2), (11470, 1), (12578, 1), (12995, 1), (13127, 6), (14605, 2), (16779, 1)
muthaf (DF: 1): (14078, 6)
muthafuck (DF: 18): (2045, 1), (5340, 2), (7070, 1), (8445, 1), (92, 4), (10480, 1), (11188, 6), (11748, 2), (12971, 1), (1343, 1), (13343, 1), (13657, 2), (14057, 2), (14345, 2), (14391, 1), (17241, 1), (1773, 4), (17505, 4)
muthafucka (DF: 14): (3117, 1), (3300, 1), (3597, 1), (3612, 1), (4766, 1), (4907, 1), (4933, 1), (5008, 1), (5050, 1), (5085, 1), (5325, 2), (692, 2), (7237, 1), (7889, 1)
