run (DF: 180): (14432, 1), (14433, 1), (14477, 12), (14479, 1), (14576, 5), (14577, 1), (14585, 6), (14588, 2), (1491, 1), (1492, 1), (14643, 1), (14644, 1), (14672, 1), (14674, 3), (1498, 2), (1499, 1), (14720, 1), (14721, 1), (14807, 2), (14808, 1), (14820, 1), (14822, 2), (14909, 1), (14910, 1), (157, 1), (158, 1), (15244, 4), (15246, 1), (15357, 14), (15358, 8), (15407, 1), (15409, 2), (15493, 1), (15494, 2), (15529, 1), (15530, 1), (15625, 4), (15626, 1), (15687, 1), (15688, 2), (15692, 2), (15693, 1), (15712, 2), (15713, 1), (15776, 1), (15777, 3), (15880, 1), (15882, 1), (15900, 5), (15901, 4), (15967, 1), (15968, 1), (15983, 1), (15984, 9), (16194, 5), (16195, 6), (16225, 1), (16226, 1), (16234, 1), (16235, 2), (16421, 1), (16422, 1), (16452, 7), (16453, 1), (16514, 3), (16516, 1), (16619, 1), (16620, 1), (16631, 2), (16632, 1), (16633, 1), (16635, 1), (1709, 2), (1710, 1), (16902, 1), (16904, 10), (16917, 1), (16918, 2), (1718, 2), (1719, 1), (17040, 2), (17042, 38), (17111, 2), (17112, 2), (17121, 2), (17122, 2), (17155, 17), (17158, 2), (17283, 2), (17284, 1), (17289, 1), (17290, 1), (17312, 6), (17313, 1), (17379, 2), (17380, 2), (17398, 6), (17399, 6), (17491, 1), (17492, 1), (17519, 37), (17520, 1), (1773, 1), (1775, 3), (17701, 2), (17703, 1), (17714, 2), (17717, 1), (17755, 1), (17756, 1), (17804, 2), (17805, 1), (17854, 1), (17856, 1), (17870, 2), (17871, 3), (17884, 2), (17885, 1), (17891, 1), (17892, 2), (17988, 1), (17990, 1), (18113, 1), (18114, 1), (18116, 2), (18118, 1), (18133, 1), (18135, 1), (18147, 2), (18149, 1), (18188, 4), (18189, 1), (18198, 1), (18199, 2), (18290, 1), (18291, 1), (18347, 1), (18349, 1), (1851, 1), (1853, 36), (2416, 1), (2418, 14), (2419, 1), (2453, 3), (2454, 1), (2455, 1), (3125, 4), (3126, 2), (3127, 1), (6142, 2), (6143, 1), (6144, 1), (656, 1), (657, 4), (658, 1), (8201, 5), (8202, 2), (8203, 6), (11288, 2), (11289, 3), (11290, 4), (13901, 5), (13902, 1), (13903, 9), (15575, 1), (15576, 1), (15577, 1), (16039, 1), (16040, 3), (16041, 1), (16485, 4), (16486, 1), (16487, 1), (17386, 1), (17388, 1), (17389, 1), (769, 1), (770, 1), (771, 1), (772, 10)
runaround (DF: 2): (15065, 2), (16581, 2)
runaway (DF: 39): (2139, 21), (2232, 1), (2653, 2), (2947, 3), (3778, 1), (4428, 11), (4809, 1), (5003, 1), (5889, 12), (6125, 11), (6464, 1), (6665, 1), (7784, 1), (819, 1), (8486, 1), (8738, 5), (8947, 19), (9075, 11), (9642, 1), (10371, 1), (114, 2), (1121, 1), (11407, 8), (1200, 1), (11946, 1), (12692, 2), (1330, 1), (13452, 3), (14099, 1), (14658, 1), (15091, 2), (15129, 1), (15769, 2), (15984, 2), (16249, 3), (16946, 2), (17059, 68), (17084, 2), (1743, 1)
runcaus (DF: 1): (5682, 1)
rund (DF: 20): (2881, 1), (3048, 9), (4816, 1), (484, 1), (5559, 1), (6748, 1), (681, 1), (7411, 1), (8247, 1), (10215, 1), (10603, 1), (11122, 7), (11772, 1), (13012, 1), (14153, 1), (14613, 2), (15050, 2), (15458, 1), (15867, 1), (16507, 1)
rundedann (DF: 1): (2078, 1)
rundgren (DF: 2): (427, 1), (7965, 1)
rundown (DF: 4): (361, 1), (7848, 1), (10300, 1), (12461, 1)
rundt (DF: 7): (4991, 1), (6674, 2), (10543, 2), (11953, 1), (13659, 1), (16307, 1), (17702, 1)
rune (DF: 3): (1900, 1), (247, 1), (12048, 3)
rung (DF: 5): (5085, 1), (6417, 1), (981, 1), (12962, 6), (18156, 4)
runn (DF: 2): (16541, 1), (17470, 1)
runnen (DF: 1): (14553, 1)
runner (DF: 40): (2366, 1), (2541, 2), (2820, 1), (3152, 1), (315, 1), (3741, 1), (3879, 3), (4106, 1), (4627, 2), (4645, 1), (4768, 12), (5584, 1), (5851, 1), (5941, 1), (6497, 1), (7203, 2), (7439, 17), (8407, 1), (81, 1), (8762, 6), (9080, 17), (1038, 1), (1057, 1), (10485, 1), (10581, 1), (10672, 1), (11014, 1), (11160, 1), (12113, 3), (1273, 1), (14345, 2), (1491, 1), (15635, 1), (16152, 34), (16226, 2), (16476, 1), (17626, 1), (1792, 1), (17723, 17), (17935, 17)
runneth (DF: 4): (2357, 1), (3878, 1), (486, 2), (15089, 1)
runni (DF: 6): (6197, 2), (6206, 2), (7758, 2), (8762, 1), (8819, 1), (14759, 1)
runnin (DF: 49): (2, 1), (195, 2), (1941, 1), (2004, 1), (2076, 1), (2084, 1), (2119, 1), (2147, 2), (2154, 2), (2164, 1), (2177, 2), (2276, 2), (2278, 1), (2332, 1), (2391, 2), (2398, 1), (237, 1), (2523, 1), (2527, 1), (2569, 2), (2577, 3), (2607, 1), (2649, 1), (2666, 1), (2691, 1), (2733, 1), (2757, 1), (2761, 1), (2767, 1), (2791, 1), (2804, 4), (2831, 1), (2887, 1), (2994, 2), (3009, 1), (3025, 2), (3033, 1), (27, 2), (3036, 2), (3045, 1), (3061, 3), (3064, 1), (3085, 1), (3156, 1), (329, 6), (3356, 1), (3427, 1), (3433, 2), (3439, 1)
