broken (DF: 30): (898, 3), (899, 1), (9459, 1), (9461, 3), (9842, 2), (9844, 1), (10723, 6), (10724, 1), (11556, 2), (11557, 1), (12313, 1), (12314, 1), (13418, 3), (13420, 1), (13543, 1), (13544, 1), (13958, 7), (13960, 1), (14489, 1), (14490, 3), (15149, 1), (15150, 2), (16875, 1), (16878, 2), (17497, 1), (17500, 1), (17515, 1), (17517, 1), (17945, 1), (17947, 1)
brokenheart (DF: 12): (4523, 4), (8250, 3), (8888, 1), (9373, 16), (9646, 1), (10514, 1), (11004, 1), (11573, 2), (11834, 1), (16448, 1), (16939, 1), (17569, 1)
brokenrail (DF: 2): (4644, 1), (4694, 2)
broker (DF: 4): (6684, 1), (12597, 2), (17377, 1), (17811, 1)
brokerag (DF: 1): (17306, 1)
brokest (DF: 1): (4608, 2)
brokko (DF: 1): (13783, 1)
broli (DF: 1): (9036, 1)
brolic (DF: 4): (4044, 1), (4704, 6), (10404, 1), (1847, 1)
broliqu (DF: 2): (4440, 1), (12042, 3)
brolli (DF: 1): (81, 1)
brom (DF: 6): (9437, 1), (1022, 1), (11696, 1), (12092, 1), (13481, 1), (1411, 1)
bron (DF: 5): (4895, 4), (1296, 1), (1351, 2), (14757, 1), (15765, 2)
bronc (DF: 11): (3211, 1), (3313, 4), (364, 6), (4671, 2), (7863, 1), (8606, 12), (11280, 1), (11558, 1), (16223, 3), (16295, 2), (16663, 1)
bronca (DF: 3): (11563, 2), (14840, 2), (15617, 1)
bronchiti (DF: 2): (2583, 1), (5015, 2)
broncin (DF: 2): (3164, 1), (6374, 2)
bronco (DF: 3): (3741, 1), (16135, 1), (17695, 1)
broni (DF: 3): (6678, 1), (9781, 1), (1655, 1)
bronqu (DF: 1): (4560, 1)
bronski (DF: 1): (3866, 1)
bronson (DF: 4): (4045, 1), (16806, 1), (17417, 1), (17657, 1)
bronx (DF: 30): (2500, 1), (2676, 1), (3601, 2), (4051, 1), (4289, 1), (4720, 1), (5316, 30), (6137, 1), (6541, 1), (7495, 1), (8708, 1), (10274, 1), (10696, 1), (11785, 29), (12124, 1), (12150, 1), (12597, 2), (14260, 1), (14526, 3), (14815, 1), (15048, 2), (15093, 1), (15407, 1), (16734, 2), (17013, 1), (17377, 1), (17730, 1), (17810, 29), (17954, 1), (18344, 2)
bronz (DF: 8): (3549, 1), (7535, 2), (7775, 2), (9434, 1), (10934, 1), (15994, 1), (16636, 1), (1757, 1)
bronzedenkmal (DF: 1): (6835, 1)
bronzet (DF: 1): (637, 1)
broo (DF: 1): (7583, 1)
brooch (DF: 1): (15018, 1)
brood (DF: 4): (2426, 1), (12243, 2), (15470, 1), (17835, 1)
brook (DF: 21): (2179, 2), (263, 1), (389, 1), (5185, 1), (5225, 1), (7381, 1), (7842, 1), (7848, 1), (9089, 1), (9557, 1), (10689, 1), (11859, 2), (12385, 1), (12394, 2), (12513, 1), (13686, 1), (14155, 1), (14526, 1), (14584, 2), (16876, 1), (17613, 1)
brooklyn (DF: 73): (1922, 1), (2276, 1), (2333, 1), (2676, 1), (3601, 2), (4008, 1), (4051, 1), (4218, 3), (4452, 2), (4720, 1), (4762, 1), (4827, 1), (4950, 4), (5045, 1), (5056, 2), (5273, 1), (5316, 1), (5445, 1), (5453, 8), (5587, 15), (563, 1), (6061, 1), (6462, 1), (6846, 1), (7136, 1), (7226, 1), (7480, 3), (7635, 1), (7697, 1), (8026, 1), (8475, 1), (8708, 1), (8921, 1), (9526, 1), (9936, 1), (10274, 1), (10696, 1), (10779, 1), (11102, 1), (1167, 1), (11559, 1), (12124, 1), (12379, 1), (12382, 1), (12448, 1), (12597, 2), (12685, 3), (12729, 2), (12734, 1), (13824, 1), (1429, 2), (14218, 4), (14349, 1), (14522, 1), (14526, 3), (14584, 1), (14712, 1), (14815, 1), (14907, 1), (14938, 1), (15170, 1), (15417, 1), (16089, 1), (16236, 1), (16329, 2), (16351, 2), (17351, 4), (17377, 1), (17730, 1), (17750, 1), (17877, 1), (17992, 3), (18089, 1)
brooklynvegan (DF: 1): (13977, 1)
broom (DF: 10): (2389, 1), (3151, 1), (5289, 1), (5729, 1), (6824, 1), (10370, 1), (11110, 2), (11716, 2), (15487, 2), (1748, 2)
broomstick (DF: 7): (3151, 3), (12417, 1), (12636, 2), (13841, 1), (15510, 1), (15833, 1), (17761, 1)
brooo (DF: 1): (9688, 1)
broquei (DF: 1): (11132, 1)
bror (DF: 18): (229, 3), (2759, 3), (413, 6), (4295, 3), (4714, 1), (7397, 4), (8564, 6), (10592, 4), (11071, 3), (13538, 1), (13626, 11), (1465, 1), (15844, 1), (16208, 1), (16226, 9), (16307, 2), (16525, 3), (17567, 1)
brormand (DF: 13): (2018, 2), (229, 1), (413, 9), (4295, 1), (4714, 1), (7397, 4), (8564, 2), (10543, 4), (13659, 4), (1465, 2), (16208, 2), (16718, 9), (17294, 7)
bros (DF: 35): (1972, 2), (2991, 1), (3444, 1), (3813, 2), (3900, 1), (4410, 1), (4619, 1), (4627, 1), (4690, 1), (5851, 1), (6019, 1), (6024, 1), (8205, 1), (8722, 2), (928, 1), (952, 2), (10237, 1), (11151, 2), (1143, 1), (11655, 1), (12026, 1), (12252, 1), (12483, 1), (13140, 1), (14322, 1), (14888, 1), (14978, 8), (15066, 1), (1547, 1), (15258, 1), (16232, 1), (17047, 1), (17306, 1), (17479, 4), (17608, 1)
