success (DF: 76): (3420, 1), (352, 1), (3773, 2), (405, 1), (4127, 1), (4310, 1), (4784, 3), (4875, 1), (5462, 2), (5483, 1), (5489, 1), (541, 1), (5746, 2), (606, 2), (6217, 1), (6380, 1), (6478, 2), (6572, 3), (6732, 1), (7221, 2), (7348, 1), (7476, 2), (7520, 1), (7892, 1), (8135, 1), (8305, 3), (8475, 1), (8930, 1), (9053, 1), (9671, 1), (9728, 1), (1029, 1), (1032, 1), (10238, 1), (10240, 2), (10715, 1), (10745, 1), (10864, 1), (11482, 1), (11531, 1), (11594, 1), (11857, 1), (12584, 1), (12587, 1), (12781, 1), (12868, 1), (13478, 1), (13787, 1), (14006, 1), (14038, 1), (1448, 1), (14385, 1), (1477, 1), (14767, 1), (15195, 1), (15588, 13), (15679, 1), (15720, 1), (15743, 1), (15757, 2), (15786, 1), (15849, 1), (16135, 1), (16322, 1), (16395, 1), (16414, 2), (16451, 1), (17116, 1), (17346, 1), (17718, 1), (182, 1), (18082, 1), (18118, 1), (18309, 1), (18374, 1), (18442, 1)
succotash (DF: 1): (8133, 1)
succumb (DF: 13): (2458, 3), (4231, 1), (4427, 1), (597, 1), (6638, 1), (8847, 1), (8955, 3), (11680, 1), (14176, 1), (14858, 1), (15693, 1), (17229, 1), (18096, 2)
suced (DF: 45): (2114, 4), (2564, 1), (2601, 2), (2792, 1), (2814, 1), (3070, 2), (3665, 3), (4011, 4), (4180, 1), (4702, 4), (4797, 3), (5022, 2), (6645, 4), (6932, 2), (6939, 1), (7367, 4), (7501, 3), (7851, 5), (8097, 1), (8353, 1), (9039, 15), (9079, 1), (9225, 1), (9430, 1), (9469, 1), (982, 2), (9762, 2), (11442, 1), (11696, 1), (11741, 1), (11978, 1), (12073, 1), (12235, 1), (12541, 1), (13153, 2), (13442, 1), (13663, 4), (13672, 6), (13806, 1), (14572, 2), (15821, 1), (16437, 4), (16663, 3), (17641, 8), (18357, 2)
sucedem (DF: 1): (14289, 10)
sucedioper (DF: 2): (7851, 3), (9039, 9)
suces (DF: 3): (3875, 1), (6384, 1), (1665, 1)
sucesso (DF: 1): (2680, 1)
suceur (DF: 1): (15637, 3)
such (DF: 27): (2328, 1), (2463, 3), (2757, 1), (3108, 1), (3480, 1), (4318, 1), (484, 2), (493, 1), (6139, 1), (6430, 1), (10157, 1), (11024, 1), (11122, 2), (12212, 1), (1244, 2), (12642, 1), (13226, 2), (14263, 1), (14613, 1), (14899, 5), (15766, 1), (16640, 6), (16839, 7), (1715, 1), (1736, 3), (1845, 1), (18415, 1)
suchhund (DF: 1): (5049, 1)
sucht (DF: 12): (198, 1), (4816, 4), (5559, 1), (6600, 3), (9199, 1), (10239, 1), (1244, 3), (13085, 1), (1484, 1), (16409, 1), (16507, 1), (17021, 1)
suchtfaktor (DF: 1): (16507, 1)
suchtig (DF: 4): (2328, 1), (5955, 1), (8829, 1), (13125, 1)
suci (DF: 20): (2604, 1), (2662, 2), (3722, 1), (6450, 1), (711, 19), (7904, 2), (7948, 1), (8091, 2), (8199, 1), (875, 1), (8882, 3), (10564, 1), (10728, 1), (11113, 1), (11203, 1), (13230, 3), (15939, 1), (16373, 1), (17747, 1), (18123, 1)
suck (DF: 159): (2028, 1), (2045, 1), (2056, 1), (2064, 1), (204, 1), (2160, 2), (2174, 2), (2225, 2), (2251, 1), (220, 1), (221, 2), (2307, 2), (2397, 2), (2399, 1), (2447, 1), (2541, 2), (2592, 1), (2596, 1), (2618, 1), (2767, 2), (2838, 2), (2940, 1), (287, 2), (3037, 1), (3101, 1), (3152, 2), (3170, 1), (3205, 2), (3273, 2), (3521, 2), (3529, 1), (3559, 3), (350, 5), (3597, 1), (3657, 1), (3709, 1), (369, 1), (3884, 1), (3913, 2), (3962, 4), (4026, 1), (4042, 1), (4326, 2), (4355, 1), (4364, 1), (4374, 1), (4411, 1), (4526, 1), (4552, 1), (446, 2), (4612, 1), (4766, 1), (4848, 1), (4895, 6), (4903, 1), (4944, 5), (4956, 4), (5050, 1), (5082, 1), (5085, 1), (5152, 2), (5170, 2), (5212, 1), (525, 2), (5314, 1), (5317, 1), (5461, 18), (5492, 1), (5494, 1), (5495, 1), (5506, 1), (5587, 2), (5682, 4), (5817, 2), (5838, 1), (5862, 1), (5902, 1), (6021, 1), (616, 1), (6273, 1), (6319, 1), (6344, 2), (6398, 1), (6560, 2), (6575, 2), (6602, 1), (6721, 1), (6751, 2), (6876, 3), (6895, 1), (6926, 1), (6959, 1), (6972, 1), (6999, 1), (691, 1), (7017, 1), (7020, 1), (7076, 2), (7105, 2), (7133, 1), (702, 1), (7159, 2), (7213, 3), (7292, 1), (7304, 1), (7430, 1), (7497, 1), (7553, 2), (7654, 1), (7685, 2), (7696, 1), (72, 1), (7747, 2), (7856, 1), (7892, 1), (7901, 26), (7960, 1), (8004, 1), (8040, 1), (8099, 1), (8107, 2), (8118, 1), (8209, 2), (8244, 1), (8257, 1), (8259, 1), (8303, 1), (840, 1), (8348, 8), (8358, 1), (846, 3), (8416, 1), (8455, 2), (8467, 1), (8496, 1), (8591, 1), (8625, 1), (8701, 1), (8705, 1), (8762, 1), (8830, 1), (85, 1), (922, 1), (9022, 1), (9093, 6), (9119, 1), (9140, 5), (9230, 2), (946, 4), (959, 2), (9549, 1), (9576, 2), (9627, 1), (9666, 1), (9759, 1), (9830, 1), (9852, 1), (9922, 1), (9944, 6)
