undefin (DF: 1): (17326, 2)
undemand (DF: 2): (8634, 1), (10164, 1)
unden (DF: 1): (6349, 1)
undeni (DF: 6): (3521, 1), (8431, 1), (8654, 1), (12511, 1), (15523, 3), (16050, 6)
under (DF: 12): (3284, 2), (4909, 1), (4951, 1), (7068, 1), (7082, 1), (7239, 2), (7904, 2), (9682, 4), (1004, 1), (10393, 2), (1123, 4), (14627, 1)
under8 (DF: 1): (7235, 1)
underachiev (DF: 1): (10645, 2)
underag (DF: 4): (4404, 1), (7195, 1), (896, 1), (1829, 1)
underarm (DF: 2): (6824, 1), (13920, 1)
underboss (DF: 1): (5225, 1)
undercount (DF: 1): (603, 2)
undercov (DF: 74): (1924, 1), (1964, 1), (2065, 1), (2084, 1), (2259, 1), (2500, 1), (2636, 1), (2742, 1), (270, 1), (2817, 13), (2824, 1), (3949, 3), (4124, 1), (4503, 1), (4641, 1), (4645, 1), (4754, 1), (469, 2), (5140, 1), (511, 3), (5223, 2), (5723, 1), (5851, 1), (6266, 1), (825, 6), (8209, 1), (8244, 1), (8655, 1), (8992, 1), (9013, 1), (9160, 1), (9184, 1), (9193, 1), (9283, 2), (9413, 3), (9662, 4), (10008, 1), (10523, 1), (10672, 1), (10815, 1), (10920, 1), (11241, 1), (11654, 1), (12476, 3), (12484, 1), (12668, 2), (12854, 1), (12888, 2), (13091, 6), (13151, 1), (13201, 1), (13338, 1), (13610, 1), (14440, 1), (14496, 1), (14789, 1), (15134, 1), (15440, 1), (16147, 1), (16281, 1), (16543, 1), (16686, 13), (16777, 1), (16827, 1), (16957, 1), (17013, 1), (17021, 1), (17199, 1), (17674, 1), (17755, 2), (17769, 1), (17908, 1), (18038, 1), (18382, 1)
underdig (DF: 2): (5758, 1), (12463, 1)
underdog (DF: 29): (2038, 1), (3273, 8), (5123, 1), (5148, 2), (5515, 2), (6809, 6), (693, 1), (7535, 1), (7888, 17), (8496, 1), (9238, 1), (10338, 4), (10658, 1), (10765, 1), (1114, 1), (11437, 3), (1257, 2), (1319, 1), (13235, 1), (14156, 1), (14165, 12), (15013, 12), (1575, 1), (15678, 2), (16397, 1), (16706, 1), (1760, 2), (17442, 1), (17725, 1)
underestim (DF: 15): (2930, 1), (3109, 1), (3288, 1), (4424, 1), (5618, 1), (563, 1), (5958, 1), (7125, 2), (834, 1), (12451, 1), (1332, 1), (13622, 2), (13632, 1), (14062, 1), (15370, 3)
underestimat (DF: 1): (2676, 1)
underf (DF: 2): (16058, 1), (17292, 1)
undergar (DF: 1): (16280, 1)
underground (DF: 147): (2104, 1), (2221, 1), (225, 18), (2412, 2), (2607, 6), (2738, 1), (2990, 1), (2993, 1), (306, 1), (3249, 1), (3298, 1), (3439, 4), (3488, 1), (3597, 1), (3684, 2), (3741, 1), (369, 1), (3795, 1), (3803, 6), (3880, 1), (381, 1), (3939, 1), (3949, 3), (4023, 2), (4185, 2), (4468, 1), (4669, 1), (4686, 1), (4746, 1), (4933, 1), (5441, 1), (5465, 1), (5467, 1), (5494, 1), (5514, 1), (5604, 2), (5756, 1), (5781, 1), (6110, 4), (6211, 1), (619, 4), (6376, 1), (639, 1), (6575, 6), (6607, 2), (6856, 15), (6874, 1), (7015, 1), (7017, 1), (7247, 1), (726, 1), (7323, 2), (7430, 1), (743, 1), (7538, 2), (7824, 5), (7928, 3), (7995, 2), (817, 1), (76, 1), (8333, 1), (8358, 1), (8371, 2), (8407, 2), (8428, 1), (8528, 3), (8567, 1), (8621, 1), (8696, 3), (9000, 6), (9010, 1), (9134, 2), (9189, 3), (9295, 2), (9359, 1), (974, 1), (9767, 1), (9794, 1), (9995, 1), (10169, 2), (10945, 1), (11063, 1), (11130, 1), (11145, 1), (11329, 1), (11408, 2), (11492, 3), (11524, 2), (11575, 3), (11576, 1), (11784, 1), (11822, 1), (11894, 3), (11962, 1), (11965, 2), (12266, 1), (12339, 1), (12385, 1), (12603, 3), (1296, 1), (12793, 1), (12849, 1), (13063, 1), (13215, 1), (13218, 1), (13235, 1), (13269, 1), (13400, 1), (13551, 1), (13610, 1), (13649, 3), (13686, 1), (13897, 2), (13928, 4), (14087, 1), (14099, 1), (14161, 1), (14309, 1), (14400, 1), (1488, 1), (14631, 1), (14815, 1), (14950, 1), (15015, 1), (15231, 3), (15334, 1), (15511, 1), (15556, 5), (15769, 1), (15820, 3), (15937, 1), (15964, 2), (15977, 1), (16228, 2), (16474, 3), (16486, 1), (16776, 1), (16957, 1), (17342, 1), (17371, 1), (17628, 1), (17814, 10), (17968, 1), (18005, 1), (18236, 1), (18433, 1), (18445, 1)
undergroundgoss (DF: 1): (1176, 1)
undergrounnnnd (DF: 1): (2957, 1)
underhand (DF: 4): (11255, 2), (11970, 1), (15978, 2), (17120, 1)
underlig (DF: 1): (229, 4)
underligt (DF: 1): (229, 1)
underlin (DF: 3): (3468, 2), (3967, 2), (6966, 1)
underlov (DF: 1): (16058, 1)
undermin (DF: 1): (13446, 1)
underneath (DF: 24): (1924, 1), (1976, 12), (2054, 1), (2094, 1), (2124, 2), (2313, 1), (2317, 1), (226, 3), (2469, 2), (2603, 1), (2626, 2), (2649, 1), (2723, 1), (2783, 1), (2846, 1), (3054, 1), (3081, 1), (3105, 1), (3119, 1), (3201, 1), (3824, 2), (3860, 1), (3873, 1), (3937, 2)
