travel (DF: 44): (14642, 3), (1509, 1), (14816, 2), (14949, 4), (15079, 1), (15159, 2), (1558, 1), (15240, 3), (15291, 1), (15353, 1), (15356, 1), (15383, 1), (15429, 1), (15455, 5), (15551, 1), (15607, 1), (15663, 8), (15829, 1), (16050, 6), (16180, 1), (16182, 2), (16493, 1), (16694, 1), (16838, 1), (16997, 1), (17109, 1), (1746, 1), (17299, 1), (17383, 1), (17409, 1), (17507, 3), (17682, 1), (17770, 1), (17877, 1), (17906, 1), (1812, 1), (18037, 1), (18072, 1), (18184, 1), (18230, 1), (18239, 2), (1852, 1), (11136, 1), (11138, 1)
travelin (DF: 15): (2076, 1), (2886, 2), (5141, 13), (5842, 1), (7024, 1), (7060, 1), (7647, 1), (816, 1), (8148, 1), (10545, 1), (10999, 1), (11382, 1), (13884, 1), (16564, 4), (17514, 2)
travellin (DF: 2): (816, 9), (16124, 1)
travelodg (DF: 1): (16337, 1)
travelos (DF: 1): (637, 1)
traver (DF: 1): (1089, 1)
travers (DF: 3): (8750, 1), (10406, 1), (1089, 1)
traves (DF: 13): (5358, 1), (715, 1), (813, 1), (8256, 1), (9309, 1), (9568, 1), (10931, 1), (12073, 7), (12672, 1), (13227, 3), (15333, 2), (16820, 1), (17494, 1)
travessa (DF: 1): (5606, 2)
travessura (DF: 2): (16626, 1), (18397, 1)
travesti (DF: 1): (16314, 4)
travesur (DF: 15): (1907, 1), (4011, 25), (724, 1), (8097, 7), (8149, 1), (11412, 1), (1213, 12), (1284, 4), (13095, 1), (13406, 1), (14000, 1), (14016, 11), (15415, 1), (15634, 11), (17097, 4)
travi (DF: 41): (1891, 2), (1919, 1), (4474, 1), (4493, 1), (4680, 1), (469, 2), (5782, 4), (6062, 1), (6903, 1), (6936, 1), (7105, 1), (7810, 1), (8259, 1), (8803, 1), (8813, 1), (9166, 3), (10979, 1), (11670, 1), (11728, 2), (12029, 2), (13855, 1), (14279, 2), (14554, 1), (14574, 3), (14713, 1), (14964, 1), (15260, 2), (1587, 1), (15578, 1), (15666, 1), (1626, 4), (16473, 1), (17144, 1), (17169, 1), (17457, 1), (17661, 7), (17755, 2), (17768, 1), (17793, 1), (18027, 1), (18311, 1)
travies (DF: 16): (2792, 1), (3219, 4), (3555, 3), (3669, 1), (3875, 1), (6399, 1), (9001, 1), (9430, 1), (1005, 3), (10952, 2), (11540, 2), (1213, 2), (12794, 1), (13023, 1), (13362, 2), (1842, 1)
travis (DF: 3): (6430, 1), (8278, 1), (11113, 3)
travlt (DF: 4): (11071, 1), (13626, 1), (16307, 9), (17567, 1)
travolt (DF: 2): (3972, 2), (7726, 1)
travolta (DF: 6): (3985, 1), (4641, 1), (13545, 1), (14687, 1), (16142, 1), (17750, 1)
trawi (DF: 2): (7677, 4), (1655, 1)
trawk (DF: 1): (1655, 1)
trawka (DF: 1): (15359, 1)
trawki (DF: 1): (15359, 1)
trax (DF: 2): (4532, 1), (16071, 1)
tray (DF: 24): (1891, 1), (202, 1), (2315, 1), (3541, 1), (369, 1), (3923, 1), (4267, 2), (695, 1), (8662, 2), (9147, 28), (9944, 2), (10593, 1), (10815, 1), (11279, 1), (11653, 1), (1274, 1), (12594, 1), (12597, 2), (13296, 1), (153, 2), (14838, 1), (15175, 1), (16493, 1), (17377, 1)
trayectori (DF: 3): (7904, 2), (14956, 2), (18043, 2)
trayvon (DF: 5): (2737, 1), (4365, 1), (8960, 1), (13495, 1), (16200, 1)
traz (DF: 11): (2651, 14), (5198, 1), (6500, 1), (7869, 1), (8938, 1), (9172, 1), (11979, 1), (13230, 1), (14615, 3), (15054, 1), (15333, 1)
trazendo (DF: 1): (14182, 1)
trazer (DF: 3): (11979, 1), (1659, 3), (18136, 1)
traçant (DF: 1): (3353, 2)
traço (DF: 1): (5007, 1)
traí (DF: 1): (16762, 2)
traîn (DF: 2): (7607, 1), (11483, 1)
traîner (DF: 1): (8198, 1)
traîtr (DF: 1): (13019, 1)
trañ (DF: 2): (762, 1), (8785, 1)
tre (DF: 58): (2059, 1), (2354, 1), (229, 1), (2399, 1), (2850, 1), (3018, 1), (3104, 2), (3580, 2), (4198, 1), (4374, 1), (4501, 3), (4992, 1), (5399, 1), (5592, 1), (6203, 1), (6560, 27), (6631, 4), (6674, 1), (63, 1), (7000, 1), (7342, 15), (7694, 1), (794, 1), (7876, 6), (7889, 1), (8352, 5), (8468, 2), (8671, 1), (8755, 1), (8902, 1), (9060, 6), (9596, 2), (10543, 2), (10584, 1), (10682, 1), (110, 1), (10815, 2), (1109, 1), (10916, 1), (11015, 1), (11019, 1), (11037, 8), (11298, 1), (11367, 2), (11821, 1), (12723, 6), (13197, 1), (13626, 1), (13817, 1), (1424, 1), (14116, 1), (14388, 1), (14863, 1), (15530, 2), (15864, 3), (16109, 1), (17336, 3), (18023, 1)
treach (DF: 1): (1136, 1)
treacher (DF: 5): (2356, 1), (72, 1), (11116, 1), (11807, 1), (13474, 1)
treacheri (DF: 2): (5483, 1), (16015, 2)
tread (DF: 14): (2918, 3), (3408, 1), (4332, 1), (7080, 2), (7589, 2), (7789, 1), (9971, 1), (12022, 11), (13554, 1), (147, 6), (14594, 1), (14616, 1), (15318, 1), (1673, 2)
treadin (DF: 3): (6612, 3), (10160, 1), (11267, 1)
treason (DF: 1): (2410, 1)
