dem (DF: 163): (5156, 1), (47, 1), (5414, 2), (5463, 1), (5500, 1), (5565, 3), (5733, 2), (580, 1), (5865, 1), (5883, 2), (5947, 3), (6032, 2), (6197, 1), (6206, 1), (6292, 4), (6398, 20), (6438, 1), (6452, 33), (6483, 22), (7045, 1), (7063, 1), (7200, 5), (7319, 1), (7342, 3), (7397, 1), (746, 70), (7603, 1), (772, 2), (7645, 1), (7912, 4), (8151, 25), (8210, 1), (8248, 1), (8255, 1), (834, 1), (8519, 2), (8564, 2), (8765, 3), (905, 12), (8852, 1), (9019, 4), (9102, 1), (928, 3), (9125, 4), (9343, 1), (9374, 1), (9415, 2), (9450, 3), (9452, 2), (9470, 1), (9611, 1), (9638, 1), (9713, 1), (9783, 1), (10030, 1), (10035, 14), (10039, 2), (10050, 7), (10315, 2), (10343, 2), (1058, 1), (10543, 5), (10617, 1), (10700, 2), (10869, 2), (10919, 1), (10929, 1), (10977, 3), (11019, 6), (11071, 21), (11169, 3), (11574, 2), (11805, 1), (11813, 1), (11844, 15), (1213, 2), (12021, 1), (12154, 1), (12184, 63), (12210, 1), (12215, 4), (12252, 3), (12273, 3), (12360, 1), (1263, 10), (12643, 4), (12830, 2), (13006, 6), (1318, 1), (13135, 1), (13201, 4), (13321, 10), (13427, 16), (13516, 4), (13568, 22), (13593, 1), (13626, 2), (13632, 1), (13841, 3), (13873, 2), (13916, 3), (1414, 1), (13931, 5), (13932, 2), (13985, 7), (14078, 4), (14092, 1), (1465, 1), (1469, 2), (14579, 1), (14654, 32), (14877, 2), (15015, 1), (15076, 2), (15252, 5), (15313, 1), (15394, 3), (15397, 6), (15405, 1), (15407, 1), (15452, 2), (15619, 4), (15833, 3), (15844, 2), (15885, 2), (15926, 3), (16083, 3), (16208, 6), (16279, 1), (16307, 1), (16391, 17), (1674, 5), (16453, 1), (16525, 1), (16718, 1), (16759, 1), (16831, 8), (16905, 14), (17016, 1), (17076, 32), (17133, 3), (17141, 2), (17184, 10), (17224, 1), (17241, 1), (17294, 4), (17349, 1), (17354, 2), (17396, 1), (17418, 1), (17567, 2), (17695, 8), (17781, 1), (17816, 1), (17921, 5), (1812, 1), (17993, 2), (18000, 17), (18119, 4), (18232, 10), (18438, 1), (5137, 1), (5140, 2)
demacr (DF: 1): (12331, 1)
demag (DF: 1): (3587, 6)
demagog (DF: 2): (3587, 10), (17418, 1)
demai (DF: 18): (2242, 1), (2651, 4), (2839, 14), (3692, 1), (5606, 5), (6844, 1), (7869, 3), (8938, 1), (8941, 4), (9355, 6), (12649, 1), (13304, 1), (13713, 1), (14615, 2), (15898, 4), (16522, 1), (16762, 12), (17899, 2)
demain (DF: 4): (5166, 5), (6886, 6), (13096, 2), (14114, 1)
demand (DF: 92): (2022, 6), (2341, 1), (2388, 1), (2425, 1), (2607, 1), (2682, 1), (2804, 1), (2891, 1), (2906, 1), (2960, 1), (3251, 1), (343, 1), (404, 2), (4308, 8), (5690, 1), (566, 1), (5723, 1), (577, 1), (6398, 2), (6472, 1), (643, 1), (6558, 1), (676, 1), (7105, 1), (7133, 1), (736, 3), (7607, 1), (7863, 1), (7973, 1), (8461, 1), (8488, 1), (8554, 1), (8655, 1), (8813, 1), (9016, 1), (9180, 1), (9304, 1), (950, 2), (9415, 1), (9487, 1), (9536, 1), (9567, 1), (9758, 1), (9807, 1), (10276, 1), (1053, 1), (11229, 1), (11250, 1), (11811, 1), (11850, 6), (11940, 2), (12213, 1), (12372, 1), (12385, 1), (12591, 4), (12661, 1), (13011, 1), (13131, 1), (13183, 1), (1343, 1), (13320, 1), (13360, 1), (13475, 1), (13872, 3), (13923, 1), (14074, 2), (14198, 1), (14276, 2), (14421, 2), (14427, 1), (14463, 4), (14590, 1), (14610, 1), (14669, 1), (14805, 1), (14925, 5), (14942, 1), (14946, 1), (15161, 1), (15168, 1), (15545, 1), (16582, 1), (16694, 1), (17061, 1), (17169, 5), (1745, 1), (17667, 1), (17687, 1), (18203, 1), (18435, 1), (7776, 1), (7777, 2)
demandent (DF: 1): (8198, 1)
demandin (DF: 3): (10025, 1), (13619, 1), (16179, 1)
demarco (DF: 5): (2357, 1), (3737, 1), (6107, 1), (14122, 1), (15486, 1)
demarcus (DF: 1): (9785, 1)
demas (DF: 33): (2306, 11), (3062, 1), (3158, 5), (3269, 1), (353, 2), (4189, 1), (4193, 12), (4846, 2), (5381, 2), (5512, 1), (5986, 1), (9108, 2), (9384, 1), (9792, 6), (10467, 2), (1079, 1), (10813, 3), (10909, 1), (11404, 22), (11437, 1), (11517, 1), (11572, 1), (11911, 2), (12333, 1), (12833, 1), (13010, 1), (1453, 1), (15719, 1), (173, 2), (178, 1), (1788, 1), (17706, 1), (18264, 1)
demasi (DF: 30): (2782, 1), (3080, 1), (3211, 1), (399, 1), (4434, 1), (6025, 1), (7426, 1), (8066, 1), (8255, 1), (8256, 2), (9074, 2), (9108, 1), (9196, 1), (9204, 1), (9580, 4), (9697, 6), (9740, 17), (9867, 1), (9919, 1), (10087, 2), (10705, 1), (10813, 3), (10992, 1), (11073, 1), (11350, 6), (11750, 1), (11911, 1), (1241, 1), (1296, 1), (12965, 14)
