snail (DF: 4): (14942, 1), (17223, 1), (17603, 3), (18309, 1)
snak (DF: 11): (2759, 1), (413, 6), (6008, 1), (6292, 1), (9648, 1), (1008, 2), (1034, 1), (13626, 1), (13659, 3), (16208, 1), (16718, 1)
snake (DF: 161): (2128, 1), (2303, 1), (2399, 1), (2403, 2), (2471, 2), (244, 2), (2552, 1), (2625, 1), (270, 1), (2950, 1), (3100, 1), (3101, 1), (3179, 1), (3183, 1), (3216, 1), (3248, 1), (3680, 1), (3745, 1), (3778, 1), (3792, 2), (3924, 1), (4060, 1), (4234, 1), (4355, 1), (4465, 1), (4505, 1), (4575, 1), (4660, 1), (4683, 1), (4941, 1), (4997, 1), (501, 1), (5357, 1), (5402, 15), (536, 1), (5557, 1), (5833, 1), (6077, 2), (616, 1), (6426, 1), (6445, 1), (642, 1), (6527, 1), (6543, 1), (6644, 2), (6732, 2), (670, 1), (6797, 1), (6946, 1), (7005, 1), (7105, 1), (7113, 3), (7382, 1), (7423, 4), (7465, 1), (7538, 2), (7927, 1), (8122, 1), (831, 1), (8331, 1), (8689, 1), (8770, 2), (8774, 2), (8803, 4), (8819, 1), (8822, 1), (8851, 1), (9057, 1), (9731, 1), (9929, 1), (9936, 1), (10070, 1), (10153, 1), (10248, 2), (10270, 1), (10373, 2), (10404, 1), (10415, 2), (10704, 1), (10715, 1), (10765, 1), (10942, 1), (10966, 1), (10972, 1), (10994, 1), (10995, 1), (11026, 1), (11090, 1), (11232, 1), (11287, 1), (11291, 2), (11322, 1), (11418, 1), (11428, 1), (11455, 2), (11503, 1), (11525, 9), (11544, 1), (12008, 1), (12054, 1), (12090, 1), (12125, 1), (12185, 2), (12292, 2), (12344, 1), (12508, 8), (12514, 1), (1280, 1), (13266, 1), (13338, 1), (13459, 2), (13494, 2), (1378, 2), (13740, 4), (13802, 1), (14128, 1), (14156, 1), (14256, 3), (14273, 3), (14307, 1), (14370, 1), (14411, 1), (14455, 1), (14479, 2), (14577, 1), (14796, 3), (14846, 1), (14859, 3), (15020, 1), (15085, 1), (15108, 2), (1555, 1), (15262, 6), (15404, 1), (15584, 1), (15585, 1), (15599, 1), (15612, 1), (15778, 1), (15892, 1), (16624, 3), (16869, 6), (17031, 1), (17358, 2), (17581, 2), (17738, 1), (1799, 1), (17908, 1), (18155, 1), (18231, 1), (18273, 3), (18291, 1), (1847, 1), (18385, 5), (18409, 1), (5253, 1), (5254, 1), (7830, 2), (7831, 1), (924, 1), (925, 1)
snakebit (DF: 1): (5575, 1)
snakehip (DF: 6): (428, 1), (6726, 1), (9002, 1), (10915, 1), (14268, 2), (16015, 1)
snakeoil (DF: 1): (8192, 1)
snakeskin (DF: 1): (18273, 3)
snakin (DF: 3): (3205, 2), (3741, 3), (10643, 2)
snakk (DF: 1): (16525, 1)
snakked (DF: 1): (16208, 1)
snakker (DF: 14): (2952, 1), (3527, 1), (413, 7), (4714, 7), (7077, 4), (7200, 4), (7397, 1), (10592, 1), (13626, 2), (13659, 1), (15844, 10), (16208, 4), (16307, 3), (17294, 3)
snap (DF: 144): (2001, 2), (2033, 7), (2045, 2), (2251, 5), (21, 1), (2255, 3), (2260, 1), (2359, 2), (2545, 1), (2562, 1), (2569, 2), (248, 1), (2895, 1), (3026, 1), (3037, 1), (3068, 1), (3170, 1), (3446, 1), (3541, 1), (3565, 1), (3624, 1), (3917, 1), (4022, 1), (4037, 2), (4045, 1), (4427, 1), (4543, 2), (4559, 2), (486, 2), (5067, 1), (5092, 1), (5133, 2), (5168, 2), (5352, 9), (5495, 1), (47, 1), (5707, 1), (5729, 2), (5774, 1), (591, 2), (6008, 1), (6087, 2), (6123, 1), (6203, 2), (631, 1), (6527, 6), (6556, 1), (6560, 1), (6810, 2), (6895, 1), (7073, 1), (7269, 1), (7279, 1), (7319, 1), (7342, 3), (7389, 1), (7421, 3), (7635, 1), (7662, 1), (7758, 1), (7789, 1), (804, 1), (8009, 1), (8026, 5), (8468, 2), (9036, 1), (9057, 1), (9486, 1), (9713, 2), (9861, 1), (10154, 2), (10161, 3), (102, 2), (1032, 1), (10257, 1), (10369, 1), (10534, 1), (10713, 1), (11058, 1), (11129, 4), (11172, 1), (11341, 1), (11694, 5), (11698, 2), (12042, 1), (12213, 1), (12242, 1), (12465, 1), (12780, 1), (12971, 1), (1318, 1), (13193, 1), (13540, 1), (13545, 1), (1412, 4), (13925, 2), (14038, 1), (14156, 1), (14176, 1), (14377, 1), (14391, 1), (1512, 2), (14820, 1), (1515, 1), (15089, 1), (15135, 1), (15156, 1), (15294, 1), (15315, 2), (15360, 8), (15518, 2), (15537, 1), (15669, 1), (16046, 1), (16076, 1), (16109, 1), (16236, 1), (16305, 1), (16328, 1), (16499, 1), (175, 1), (16764, 1), (16806, 1), (16886, 1), (16971, 1), (17008, 4), (17133, 10), (17282, 1), (17348, 1), (17477, 1), (17481, 1), (1773, 1), (17627, 26), (1799, 1), (17816, 2), (17841, 1), (18086, 1), (18207, 1), (18309, 1), (18350, 1), (9628, 1), (9629, 1), (17304, 1), (17305, 1)
snapback (DF: 10): (2083, 1), (2531, 3), (4100, 1), (5637, 4), (5914, 2), (6151, 1), (7482, 1), (15410, 4), (17856, 2), (17968, 1)
snapchat (DF: 6): (2083, 1), (2531, 3), (2896, 1), (3290, 4), (3811, 1), (4246, 2)
