absenc (DF: 10): (3581, 1), (4379, 1), (9086, 2), (9988, 1), (10136, 1), (10315, 1), (1124, 1), (12918, 1), (15076, 1), (17846, 1)
absent (DF: 9): (6383, 1), (6543, 1), (8517, 1), (11291, 2), (11806, 8), (12659, 1), (13968, 1), (15108, 2), (1766, 2)
absente (DF: 1): (10056, 1)
absentia (DF: 2): (3320, 1), (14166, 1)
absinth (DF: 1): (15540, 1)
absolut (DF: 58): (1919, 1), (1949, 1), (2010, 1), (2163, 1), (2187, 2), (2695, 1), (2943, 1), (2960, 1), (3324, 5), (404, 2), (4148, 1), (4259, 1), (4490, 1), (4516, 1), (4844, 1), (5148, 1), (5172, 1), (6575, 1), (666, 1), (681, 1), (6903, 6), (6926, 1), (7023, 1), (7098, 1), (7217, 2), (7515, 2), (7776, 1), (8110, 1), (8439, 1), (8500, 1), (8707, 1), (8752, 8), (10008, 1), (10344, 1), (10651, 1), (11032, 1), (12104, 1), (12346, 1), (13320, 1), (13815, 1), (13873, 1), (14068, 1), (14318, 1), (14524, 1), (15057, 1), (15146, 1), (15867, 1), (16279, 1), (16606, 4), (16776, 1), (17373, 1), (17421, 1), (17587, 1), (18211, 1), (18342, 1), (18371, 1), (2506, 5), (2508, 1)
absolutament (DF: 1): (17397, 2)
absolv (DF: 5): (2448, 2), (4027, 1), (4588, 1), (9250, 1), (9755, 4)
abson (DF: 1): (7836, 1)
absonem (DF: 1): (13591, 2)
absorb (DF: 9): (2151, 1), (522, 1), (9284, 2), (9794, 1), (11018, 1), (12986, 2), (13408, 2), (14193, 1), (15192, 1)
absorbent (DF: 1): (13930, 1)
absorv (DF: 1): (4167, 1)
abstell (DF: 1): (3108, 4)
abstract (DF: 12): (2803, 1), (4427, 1), (5212, 1), (7132, 1), (7189, 1), (8008, 3), (1076, 1), (10622, 2), (11440, 1), (12672, 1), (14907, 2), (16144, 1)
absturz (DF: 2): (5049, 1), (5890, 1)
absurd (DF: 14): (2506, 1), (3753, 1), (5499, 1), (5837, 1), (5852, 1), (6817, 1), (11110, 1), (11623, 2), (12008, 2), (1477, 1), (15494, 2), (16450, 2), (1677, 1), (17818, 1)
absurdo (DF: 1): (6289, 5)
abteil (DF: 1): (4004, 1)
abtreib (DF: 1): (5149, 1)
abu (DF: 9): (3010, 1), (6835, 1), (11735, 1), (1218, 1), (12355, 1), (13643, 1), (15085, 1), (16442, 1), (16507, 1)
abuandan (DF: 1): (3902, 1)
abuch (DF: 2): (2306, 1), (11404, 2)
abuel (DF: 8): (1978, 6), (5358, 1), (5745, 4), (9692, 1), (9974, 1), (13442, 2), (14260, 1), (15653, 1)
abuela (DF: 3): (6475, 1), (12251, 2), (16882, 1)
abuelit (DF: 2): (1978, 1), (342, 1)
abuelo (DF: 1): (6071, 1)
abund (DF: 16): (3303, 3), (5814, 1), (53, 1), (6862, 1), (6952, 1), (8242, 1), (858, 1), (9033, 1), (9445, 1), (9819, 2), (11438, 1), (12124, 1), (12672, 1), (12698, 1), (13454, 1), (16715, 1)
abundant (DF: 2): (4316, 1), (550, 3)
aburr (DF: 14): (2098, 1), (252, 1), (3239, 1), (4560, 1), (4752, 1), (6808, 1), (7508, 1), (9697, 3), (1254, 1), (13209, 2), (13576, 2), (13808, 3), (16840, 1), (17525, 1)
aburri (DF: 2): (6438, 1), (14579, 1)
aburrist (DF: 1): (15589, 1)
abus (DF: 118): (1975, 1), (2002, 1), (2069, 1), (2201, 1), (2792, 1), (303, 4), (3178, 1), (3211, 1), (3226, 2), (337, 1), (3558, 1), (3685, 1), (4094, 1), (4246, 17), (4280, 16), (4414, 1), (4470, 1), (4790, 13), (5316, 1), (5502, 1), (5522, 6), (5871, 1), (5962, 3), (6296, 10), (6403, 1), (6444, 1), (6808, 2), (6901, 3), (7166, 5), (7304, 1), (7383, 2), (7387, 1), (7572, 1), (7734, 13), (7862, 1), (7898, 2), (7932, 1), (8036, 1), (8368, 1), (8394, 1), (8415, 16), (8561, 1), (8934, 1), (9415, 2), (9430, 1), (9459, 2), (9682, 1), (9784, 1), (9819, 2), (10186, 1), (10335, 1), (10353, 1), (1053, 1), (10404, 1), (10478, 1), (10506, 1), (10858, 1), (11023, 4), (11068, 1), (11283, 1), (11527, 1), (11539, 1), (11717, 1), (11734, 1), (11750, 1), (1213, 4), (12008, 3), (12035, 1), (12254, 1), (12274, 6), (12484, 1), (12639, 1), (12949, 3), (13107, 1), (13141, 10), (13186, 1), (13242, 1), (13472, 1), (13965, 1), (14011, 2), (14091, 1), (14228, 1), (14392, 2), (14600, 1), (14850, 1), (15094, 1), (15111, 12), (15168, 1), (15178, 6), (15280, 3), (15290, 3), (15403, 1), (15531, 1), (15638, 4), (15939, 3), (15945, 1), (16244, 1), (16564, 1), (16596, 2), (16712, 1), (16813, 1), (17281, 2), (1756, 4), (17338, 4), (17355, 1), (17373, 1), (1773, 1), (17525, 1), (1775, 1), (17566, 9), (17573, 13), (17685, 7), (17773, 1), (17840, 1), (1803, 1), (1847, 1), (9673, 1), (9676, 1)
abusada (DF: 2): (3353, 1), (18271, 3)
abusadament (DF: 1): (18271, 9)
abusado (DF: 2): (5606, 2), (18271, 1)
abusadora (DF: 2): (8765, 1), (9450, 1)
abusin (DF: 2): (6992, 1), (17052, 3)
abutin (DF: 1): (4910, 1)
