deep (DF: 64): (11092, 1), (11094, 2), (11205, 2), (11206, 1), (11223, 2), (11225, 1), (11527, 2), (11529, 1), (12438, 1), (12439, 3), (12784, 1), (12787, 18), (13013, 1), (13014, 1), (1324, 4), (1325, 1), (13110, 4), (13112, 1), (13312, 2), (13314, 1), (13899, 4), (13900, 2), (14145, 2), (14146, 20), (14620, 1), (14621, 1), (14928, 2), (14930, 2), (1533, 1), (1534, 1), (14999, 1), (15001, 1), (15524, 3), (15525, 2), (15585, 1), (15586, 2), (15839, 1), (15840, 1), (163, 4), (166, 1), (16690, 1), (16691, 1), (16960, 1), (16961, 1), (16988, 1), (16989, 1), (17055, 1), (17057, 2), (17251, 1), (17252, 5), (17267, 3), (17268, 2), (17835, 1), (17836, 3), (18237, 1), (18238, 1), (18239, 1), (18242, 1), (5704, 1), (5705, 1), (5706, 1), (6168, 1), (6170, 1), (6171, 1)
deepak (DF: 1): (11545, 2)
deepe (DF: 1): (10977, 1)
deepen (DF: 1): (3057, 3)
deepend (DF: 6): (228, 2), (2386, 1), (8426, 2), (14004, 2), (14828, 2), (17214, 1)
deeper (DF: 165): (1929, 12), (2096, 2), (2135, 1), (2265, 1), (2388, 1), (2462, 1), (2495, 1), (2609, 2), (2693, 4), (2706, 1), (2874, 2), (3262, 1), (3301, 1), (3645, 1), (3715, 4), (368, 6), (3807, 2), (4013, 9), (4146, 1), (4270, 1), (4394, 3), (4427, 1), (4506, 1), (4643, 1), (4689, 2), (4788, 2), (4791, 1), (4850, 12), (4944, 1), (4976, 1), (5086, 1), (5098, 1), (5130, 2), (505, 1), (507, 1), (5347, 1), (5362, 1), (543, 6), (5517, 1), (5587, 2), (5721, 2), (5743, 1), (5926, 2), (5939, 1), (590, 1), (6018, 4), (6047, 2), (6077, 12), (6180, 1), (6185, 1), (6258, 1), (6296, 2), (6454, 2), (6800, 1), (6860, 4), (7307, 2), (7401, 7), (7436, 1), (7462, 1), (7553, 16), (7658, 1), (7784, 1), (7814, 1), (7970, 2), (7981, 1), (7988, 1), (8056, 10), (8063, 2), (8202, 1), (8303, 2), (8476, 4), (8588, 1), (8681, 1), (8732, 1), (8812, 4), (9262, 1), (9392, 1), (964, 1), (9424, 1), (9445, 8), (9546, 2), (9745, 1), (9836, 2), (1011, 1), (10084, 1), (10141, 3), (10253, 2), (10582, 1), (10673, 1), (10688, 1), (10762, 1), (10770, 1), (10826, 4), (10891, 2), (11120, 4), (1136, 1), (11290, 1), (11347, 2), (11357, 1), (11630, 1), (11830, 1), (11894, 1), (11902, 1), (11920, 1), (12093, 6), (12129, 2), (12258, 1), (1275, 1), (1297, 1), (12923, 1), (13092, 34), (134, 1), (1368, 1), (13722, 2), (13725, 1), (13884, 1), (1429, 1), (14223, 1), (14233, 2), (1455, 1), (14361, 1), (14378, 2), (14410, 21), (14505, 10), (14720, 1), (1511, 1), (14912, 1), (14971, 1), (1553, 6), (15183, 1), (15229, 1), (15293, 1), (15388, 1), (15431, 1), (15515, 1), (15561, 1), (15854, 1), (15881, 6), (15883, 18), (15958, 2), (16159, 30), (16229, 1), (1679, 1), (16516, 1), (16551, 1), (16709, 1), (16809, 1), (16836, 1), (17026, 1), (17100, 2), (17166, 8), (17179, 1), (17305, 1), (17389, 1), (17399, 3), (17517, 2), (17547, 1), (17556, 1), (17809, 1), (17832, 1), (17900, 2), (17954, 1), (17993, 1), (18344, 2), (18367, 1)
deepest (DF: 44): (2158, 1), (3242, 1), (3537, 2), (3865, 1), (3918, 2), (4413, 1), (4513, 1), (5967, 1), (6311, 1), (7318, 1), (71, 1), (7867, 1), (8423, 2), (8462, 1), (8556, 2), (8674, 5), (9134, 1), (9276, 12), (9720, 1), (10188, 1), (10263, 9), (10492, 2), (10857, 1), (11269, 1), (12577, 1), (12630, 1), (13539, 1), (14005, 1), (14079, 2), (14582, 2), (15353, 1), (15365, 1), (1598, 4), (15839, 1), (16225, 2), (16544, 1), (16770, 1), (16809, 1), (16893, 1), (17080, 22), (17328, 1), (17806, 1), (17982, 1), (18230, 4)
deephous (DF: 37): (218, 1), (2386, 1), (2698, 1), (2751, 1), (3617, 1), (3794, 1), (4277, 1), (445, 1), (5087, 1), (5165, 1), (5718, 1), (5925, 1), (5938, 1), (6044, 1), (6161, 1), (6856, 1), (7404, 1), (7537, 1), (9438, 1), (9610, 1), (11991, 1), (12074, 1), (1231, 1), (14312, 1), (14343, 1), (14535, 1), (14851, 1), (14916, 1), (15715, 1), (15724, 1), (15981, 1), (16277, 1), (16347, 1), (16675, 1), (16739, 1), (17287, 1), (18122, 1)
deepli (DF: 20): (306, 1), (3413, 1), (4396, 3), (490, 1), (5393, 1), (6083, 2), (6412, 2), (6477, 1), (6642, 1), (9153, 2), (9404, 1), (1145, 2), (11880, 1), (12643, 2), (14620, 1), (15240, 1), (15711, 2), (16007, 1), (16229, 2), (18367, 3)
deepshit (DF: 1): (7411, 1)
deepthroat (DF: 2): (2231, 1), (8670, 2)
deer (DF: 28): (2177, 1), (2220, 2), (2584, 1), (2762, 1), (3319, 1), (3602, 1), (4217, 1), (4261, 1), (4917, 1), (67, 1), (7442, 1), (7806, 2), (7934, 1), (8755, 1), (8904, 2), (9324, 1), (9325, 1), (10178, 1), (11602, 1), (11823, 1), (12037, 1), (12146, 1), (14642, 1), (15526, 2), (16446, 4), (16489, 6), (16986, 3), (17186, 3)
deerhunt (DF: 1): (14707, 1)
deetroys (DF: 1): (347, 1)
deewana (DF: 1): (17024, 2)
deez (DF: 3): (2765, 1), (5024, 1), (6189, 1)
deezi (DF: 1): (15407, 1)
