pued (DF: 77): (17368, 3), (180, 1), (17405, 2), (17407, 2), (17432, 3), (17443, 3), (17462, 1), (17467, 1), (17494, 2), (17555, 1), (17573, 1), (17604, 2), (17641, 16), (1788, 3), (17659, 1), (17660, 6), (17673, 1), (17678, 1), (17685, 21), (17697, 2), (17747, 1), (17749, 2), (17803, 15), (17817, 2), (17861, 1), (17896, 9), (17905, 6), (17909, 6), (17931, 1), (17941, 3), (17961, 1), (17980, 6), (18046, 18), (18047, 1), (1826, 1), (18090, 1), (18220, 4), (18222, 1), (18248, 1), (18249, 2), (18301, 3), (18326, 4), (18375, 5), (18394, 2), (18398, 2), (18421, 1), (18425, 4), (3070, 2), (3071, 3), (3399, 1), (3401, 1), (3897, 1), (3898, 1), (4361, 2), (4362, 2), (5352, 5), (5353, 3), (6561, 1), (6562, 2), (6656, 3), (6657, 1), (7586, 2), (7587, 1), (86, 11), (87, 1), (9469, 9), (9470, 1), (10943, 1), (10944, 1), (12352, 2), (12354, 3), (13388, 8), (13389, 4), (15472, 32), (15473, 3), (17819, 1), (17821, 2)
pueda (DF: 1): (7049, 2)
pueden (DF: 1): (3902, 1)
puedepued (DF: 1): (14457, 2)
puedo (DF: 16): (2735, 1), (3035, 1), (3146, 1), (5610, 1), (6323, 1), (7049, 2), (7197, 1), (7350, 1), (8560, 1), (11487, 8), (11563, 2), (11568, 1), (13377, 1), (16555, 1), (16645, 3), (16855, 5)
puelt (DF: 1): (11786, 2)
puent (DF: 8): (2604, 1), (3197, 2), (3219, 4), (4347, 1), (7948, 1), (9580, 2), (17005, 1), (18298, 2)
puentez (DF: 1): (8979, 2)
puer (DF: 1): (16438, 1)
puerc (DF: 11): (3080, 1), (371, 1), (5040, 2), (5436, 2), (8846, 1), (9252, 1), (9845, 1), (9972, 1), (10625, 1), (15169, 1), (16711, 11)
pueril (DF: 1): (17750, 1)
puerquit (DF: 1): (16711, 1)
puert (DF: 127): (2107, 1), (2306, 1), (2604, 1), (276, 1), (284, 2), (3093, 2), (3351, 1), (3492, 1), (3623, 1), (3723, 1), (371, 1), (3876, 2), (4236, 2), (4591, 1), (4729, 1), (4961, 1), (5013, 1), (489, 1), (5198, 1), (5475, 2), (5547, 1), (5821, 3), (5991, 1), (6248, 1), (6339, 2), (632, 3), (6436, 6), (6651, 1), (6862, 1), (6889, 1), (7016, 1), (7367, 4), (7455, 1), (7508, 2), (7820, 1), (7863, 3), (8116, 6), (8188, 2), (8624, 1), (889, 1), (8892, 2), (9040, 4), (9179, 1), (9444, 2), (9575, 3), (9652, 4), (9867, 1), (1008, 2), (9887, 1), (9938, 1), (9960, 4), (1046, 6), (109, 1), (10607, 3), (10838, 2), (10892, 3), (1116, 1), (1133, 10), (11404, 2), (11413, 1), (11437, 1), (11635, 1), (11696, 1), (11786, 1), (11980, 2), (12055, 1), (12092, 1), (12205, 1), (12219, 1), (12333, 2), (12403, 1), (1259, 1), (12493, 20), (12499, 1), (12794, 1), (12970, 1), (13141, 2), (13335, 1), (13369, 2), (13442, 1), (1366, 1), (13694, 1), (13930, 1), (13935, 4), (14143, 6), (1476, 12), (14510, 1), (14525, 3), (14572, 2), (14596, 1), (14697, 1), (14799, 1), (14953, 4), (14968, 1), (15051, 4), (15143, 1), (15192, 6), (15204, 1), (15333, 2), (15686, 1), (15884, 2), (15922, 1), (15993, 1), (16378, 2), (16419, 1), (16578, 9), (16657, 1), (16678, 1), (16740, 11), (16921, 1), (17131, 1), (17213, 1), (17255, 1), (17309, 1), (17462, 1), (17522, 12), (17549, 1), (17658, 6), (17664, 1), (17896, 6), (17944, 2), (18046, 3), (18301, 3), (3399, 1), (3401, 1), (8242, 1), (8243, 3)
puerta (DF: 1): (7354, 1)
puerto (DF: 30): (255, 1), (2708, 1), (3451, 1), (3618, 1), (413, 3), (552, 4), (6009, 1), (6197, 2), (6206, 2), (6687, 1), (7189, 1), (7908, 1), (8132, 1), (8156, 2), (8455, 2), (8528, 1), (8830, 1), (10408, 1), (1076, 1), (10622, 2), (1156, 4), (11575, 1), (1249, 1), (13497, 1), (13803, 1), (13933, 1), (14146, 1), (1520, 1), (15980, 1), (16180, 1)
puertoriqueñ (DF: 1): (12505, 1)
puertorr (DF: 1): (9682, 1)
puertorriqueñ (DF: 1): (9040, 2)
pues (DF: 72): (1932, 6), (2021, 14), (2034, 4), (2090, 1), (2111, 1), (2606, 2), (2877, 1), (276, 1), (3158, 4), (3351, 1), (3358, 1), (342, 1), (3489, 13), (3555, 44), (3609, 2), (3656, 3), (3669, 1), (3723, 1), (366, 13), (4009, 5), (4081, 1), (4180, 5), (4189, 1), (4209, 1), (4210, 1), (4236, 1), (4356, 2), (4469, 18), (4507, 1), (450, 2), (4671, 8), (4769, 6), (4852, 1), (5198, 1), (5276, 3), (5306, 2), (5373, 18), (539, 1), (5716, 1), (5762, 2), (5856, 1), (53, 3), (6248, 1), (628, 1), (632, 1), (6399, 1), (6808, 1), (6883, 1), (7028, 12), (7380, 2), (7604, 2), (7863, 2), (7925, 1), (8255, 1), (8353, 1), (8415, 8), (8420, 2), (8466, 1), (858, 1), (8482, 1), (8518, 1), (8922, 6), (8928, 2), (8945, 1), (9079, 2), (9246, 1), (9306, 2), (9309, 1), (9431, 1), (9444, 1), (9470, 1), (9682, 1)
