brandon (DF: 1): (17554, 1)
brandung (DF: 1): (3599, 1)
brandvarm (DF: 3): (229, 1), (12273, 17), (13538, 3)
brandy (DF: 1): (6835, 1)
brandyn (DF: 2): (3615, 1), (14468, 2)
branford (DF: 4): (4551, 1), (5410, 1), (9161, 1), (14494, 1)
brang (DF: 1): (15263, 1)
branigan (DF: 1): (10577, 2)
branson (DF: 1): (14653, 1)
brantley (DF: 1): (8370, 2)
brap (DF: 3): (7323, 14), (8343, 1), (17024, 3)
braqu (DF: 4): (4440, 1), (637, 1), (12042, 1), (15912, 1)
braquos (DF: 1): (637, 1)
bras (DF: 23): (3909, 2), (4627, 1), (483, 1), (4986, 4), (5166, 1), (6155, 1), (637, 1), (7553, 2), (7652, 4), (7922, 1), (7983, 1), (9033, 2), (1089, 1), (11380, 1), (11437, 1), (12391, 1), (12723, 3), (15010, 1), (1654, 1), (16898, 2), (16968, 4), (17140, 2), (18415, 3)
brasa (DF: 1): (3364, 1)
brasco (DF: 1): (5401, 1)
brash (DF: 1): (15871, 1)
brasi (DF: 3): (4124, 1), (5838, 1), (15079, 1)
brasil (DF: 48): (1979, 1), (2242, 1), (2651, 1), (3007, 1), (4016, 1), (5011, 1), (5606, 1), (5860, 1), (6289, 1), (6804, 1), (6844, 2), (7270, 1), (7563, 1), (7649, 1), (8027, 1), (8052, 1), (8113, 1), (8116, 1), (8574, 1), (8858, 5), (8941, 1), (8989, 1), (9838, 1), (1005, 1), (10060, 2), (10203, 2), (1072, 1), (11132, 1), (11200, 1), (1183, 1), (12177, 4), (12375, 1), (12649, 1), (13307, 1), (13647, 1), (13717, 1), (13742, 1), (13892, 1), (14182, 1), (1476, 2), (16035, 1), (17260, 2), (17347, 1), (17649, 1), (17899, 1), (18166, 1), (18187, 3), (1881, 1)
brasileira (DF: 1): (15605, 1)
brasileiro (DF: 2): (2839, 1), (17096, 1)
brasileñ (DF: 1): (13742, 1)
brasili (DF: 3): (10060, 2), (11024, 1), (12177, 4)
braso (DF: 3): (4815, 1), (11650, 1), (13432, 1)
brass (DF: 18): (1900, 2), (247, 2), (4785, 1), (5225, 1), (5627, 2), (5729, 1), (5730, 2), (7897, 1), (8559, 1), (9102, 1), (9212, 1), (11830, 1), (1223, 1), (13606, 1), (13834, 1), (15161, 32), (15585, 1), (17666, 1)
brassier (DF: 1): (16764, 1)
brasstrack (DF: 11): (3152, 1), (645, 1), (8481, 1), (10106, 1), (10974, 1), (1251, 1), (12780, 1), (13894, 1), (16076, 1), (16318, 1), (18077, 1)
brasília (DF: 2): (10316, 2), (15562, 2)
brat (DF: 23): (246, 1), (3962, 4), (397, 2), (4387, 1), (483, 1), (5056, 8), (5133, 9), (5890, 1), (6600, 4), (7356, 2), (7411, 9), (8341, 1), (8498, 1), (9590, 1), (101, 2), (10610, 1), (11024, 2), (1176, 2), (11970, 1), (12619, 9), (14199, 1), (15937, 1), (1654, 1)
brata (DF: 1): (18415, 1)
bratan (DF: 19): (2463, 3), (3108, 2), (3962, 4), (4004, 1), (5577, 10), (6026, 5), (6600, 12), (7411, 2), (7463, 1), (9236, 2), (11020, 1), (11024, 1), (11476, 5), (1177, 1), (11551, 7), (12355, 2), (13093, 6), (14263, 26), (14970, 1)
bratatatat (DF: 1): (15637, 1)
bratinas (DF: 1): (6026, 2)
bratt (DF: 1): (2784, 1)
bratti (DF: 1): (3843, 4)
bratuhas (DF: 1): (6026, 2)
brau (DF: 1): (1758, 1)
brauch (DF: 47): (2328, 1), (2881, 1), (3437, 1), (4004, 1), (4192, 1), (4816, 1), (4876, 2), (484, 2), (5149, 1), (5459, 1), (5955, 1), (6139, 1), (6238, 4), (6430, 1), (6600, 3), (681, 2), (7287, 2), (7463, 1), (7479, 2), (7720, 1), (8098, 1), (8311, 1), (8932, 1), (8999, 2), (9236, 2), (10958, 1), (11020, 1), (11122, 1), (1176, 1), (11521, 1), (12212, 1), (12355, 1), (13012, 1), (13093, 1), (13102, 1), (13520, 1), (14263, 1), (151, 1), (14613, 1), (15066, 2), (15269, 1), (15867, 2), (16745, 1), (16839, 1), (1715, 1), (17204, 4), (18415, 1)
braucht (DF: 10): (3381, 1), (4318, 1), (5049, 2), (1244, 1), (12433, 1), (13245, 1), (13755, 1), (15269, 1), (16309, 1), (17630, 1)
braun (DF: 6): (8917, 1), (11522, 1), (11538, 1), (12212, 1), (12872, 1), (17136, 1)
braungebrannt (DF: 1): (9788, 1)
braut (DF: 6): (5691, 2), (6620, 2), (681, 2), (9457, 1), (12839, 1), (15283, 1)
brautigam (DF: 1): (14254, 1)
brav (DF: 32): (2275, 1), (2306, 1), (342, 1), (3586, 2), (3669, 1), (3972, 1), (4496, 1), (5105, 1), (6131, 1), (6681, 1), (6961, 1), (7166, 1), (707, 1), (7466, 1), (7508, 1), (7607, 1), (7837, 1), (8518, 6), (8866, 1), (9285, 1), (10238, 2), (10625, 1), (10838, 2), (11272, 13), (11404, 2), (13370, 1), (15472, 7), (15737, 1), (15819, 1), (16900, 8), (17758, 1), (17888, 1)
brava (DF: 1): (18271, 1)
bravado (DF: 4): (4827, 1), (5295, 1), (5508, 1), (12220, 2)
brave (DF: 9): (191, 1), (1941, 1), (1960, 1), (2244, 2), (2432, 7), (2515, 1), (2736, 1), (3137, 5), (3266, 3)
