lvndscape (DF: 2): (7117, 1), (13108, 1)
lvpidvcvo (DF: 1): (16353, 1)
lvwe (DF: 1): (14061, 1)
lx (DF: 8): (2881, 1), (3215, 3), (778, 3), (9236, 3), (11521, 1), (12872, 3), (13012, 1), (14254, 2)
ly (DF: 38): (1900, 2), (247, 2), (3722, 9), (4460, 1), (4651, 1), (4866, 1), (5254, 8), (5557, 4), (558, 1), (5862, 1), (8199, 9), (831, 4), (8316, 1), (8496, 1), (875, 9), (8882, 36), (9028, 1), (1109, 6), (10942, 4), (10972, 8), (11059, 5), (11079, 1), (11113, 2), (11609, 1), (11623, 2), (13141, 2), (13369, 12), (13994, 1), (14156, 1), (15684, 24), (16255, 30), (16307, 1), (1671, 1), (16450, 2), (1699, 1), (16843, 5), (17403, 3), (17747, 2)
lya (DF: 1): (6784, 1)
lyan (DF: 1): (10036, 2)
lyann (DF: 4): (1039, 3), (11113, 2), (16843, 1), (17747, 1)
lyc (DF: 1): (8210, 1)
lyca (DF: 2): (12273, 1), (14263, 1)
lycan (DF: 1): (8030, 1)
lycanthrop (DF: 1): (16831, 2)
lyceum (DF: 1): (9512, 1)
lyd (DF: 2): (10050, 1), (16307, 1)
lyden (DF: 2): (3527, 1), (10543, 3)
lyder (DF: 2): (6674, 8), (10050, 1)
lye (DF: 13): (3726, 1), (6157, 1), (7969, 1), (9479, 3), (10567, 4), (10731, 1), (1109, 1), (11438, 4), (13364, 1), (15250, 1), (16291, 3), (17925, 2), (18291, 1)
lyfe (DF: 1): (6073, 2)
lyft (DF: 3): (658, 1), (6751, 1), (16664, 2)
lyin (DF: 136): (1897, 3), (1996, 1), (210, 1), (2198, 1), (2332, 1), (2353, 1), (2356, 3), (2390, 3), (2492, 1), (2562, 1), (2563, 1), (2612, 1), (2761, 3), (2991, 1), (3430, 1), (343, 1), (3731, 1), (4082, 1), (4327, 1), (4384, 1), (4533, 1), (446, 2), (4565, 1), (4794, 2), (4829, 1), (5254, 2), (5305, 1), (5342, 1), (5407, 1), (5409, 2), (5455, 1), (5478, 1), (5557, 1), (5583, 1), (571, 2), (5840, 1), (5907, 1), (5974, 1), (6149, 1), (617, 1), (6352, 1), (6755, 1), (673, 1), (6822, 2), (6992, 2), (7113, 1), (7136, 1), (7216, 1), (7323, 1), (7332, 4), (7391, 3), (7516, 1), (7770, 1), (7924, 1), (7949, 1), (8046, 4), (8053, 1), (8071, 2), (8155, 1), (824, 3), (831, 1), (853, 3), (8442, 1), (857, 1), (8676, 1), (8700, 1), (8975, 2), (9046, 1), (9149, 1), (975, 3), (9646, 1), (9704, 1), (9742, 1), (9873, 1), (10019, 1), (10083, 1), (10392, 1), (10414, 3), (10693, 1), (10785, 1), (10885, 1), (10942, 1), (10972, 2), (10981, 1), (11106, 1), (11545, 1), (11781, 4), (11886, 1), (12032, 12), (1226, 1), (12141, 4), (1245, 1), (12289, 4), (12290, 1), (12432, 4), (1262, 1), (12452, 1), (12701, 1), (12850, 1), (12868, 1), (13183, 1), (13407, 1), (13420, 1), (13573, 1), (13800, 1), (13867, 1), (13949, 2), (14113, 6), (14216, 1), (14255, 2), (14320, 1), (14438, 2), (14576, 1), (1505, 6), (14813, 1), (14991, 48), (15610, 2), (15620, 1), (15904, 1), (16032, 1), (16045, 1), (16375, 1), (16656, 3), (17073, 7), (17139, 3), (17235, 1), (17365, 7), (17367, 1), (17481, 1), (1776, 1), (17785, 1), (17902, 1), (18127, 1), (18245, 1), (18368, 1), (18381, 3)
lyk (DF: 1): (10829, 1)
lyke (DF: 2): (4933, 1), (15334, 1)
lykk (DF: 5): (315, 1), (7203, 1), (10581, 1), (150, 1), (16974, 2)
lyle (DF: 1): (6988, 1)
lynch (DF: 12): (2154, 1), (6164, 1), (7136, 1), (7690, 1), (11090, 1), (11738, 2), (12504, 1), (12850, 1), (13309, 1), (13756, 1), (159, 1), (17043, 1)
lynchin (DF: 4): (4866, 1), (14010, 1), (1671, 1), (16650, 1)
lynhurtigt (DF: 1): (16307, 1)
lynn (DF: 2): (4271, 1), (12694, 1)
lynx (DF: 1): (17914, 1)
lynyrd (DF: 33): (2046, 1), (3397, 2), (3532, 1), (3831, 1), (4254, 1), (4535, 1), (5078, 1), (617, 1), (6325, 1), (6431, 1), (7216, 2), (7556, 2), (9992, 1), (10024, 1), (11339, 1), (11528, 1), (11586, 2), (11792, 1), (12232, 1), (12444, 1), (13298, 1), (1372, 2), (15115, 1), (15366, 1), (16669, 1), (16705, 2), (1722, 1), (17236, 1), (17324, 1), (17339, 2), (17510, 1), (18095, 2), (1873, 1)
lyon (DF: 2): (5577, 1), (1129, 2)
lyor (DF: 2): (8548, 1), (11212, 1)
lyra (DF: 1): (2629, 1)
lyre (DF: 3): (3138, 1), (11029, 1), (12009, 1)
lyric (DF: 56): (1902, 1), (1990, 1), (1994, 1), (2002, 1), (2031, 1), (2241, 1), (2324, 1), (2345, 1), (2356, 1), (2718, 1), (2809, 1), (2825, 1), (2860, 1), (3019, 1), (27, 2), (3155, 1), (3161, 3), (324, 1), (3460, 1), (3538, 1), (3565, 1), (3597, 1), (3624, 1), (3731, 1), (3736, 1), (3745, 4), (3782, 1), (3795, 1), (3839, 2), (3988, 1), (4123, 1), (4218, 3), (4251, 1), (4415, 1), (4490, 1), (4559, 2), (4764, 1), (4864, 1), (4907, 1), (5000, 1), (5075, 4), (5082, 1), (5114, 1), (5384, 1), (5404, 1), (5415, 1), (5478, 1), (5483, 1), (5487, 1), (5590, 8), (5623, 1), (558, 2), (5687, 1), (5701, 1), (5722, 1), (574, 1)
