pretend (DF: 115): (13460, 1), (1361, 1), (13473, 1), (13556, 3), (13562, 1), (13645, 2), (13646, 4), (13686, 3), (13752, 2), (13795, 2), (13819, 1), (13870, 1), (13886, 1), (1420, 1), (13991, 1), (13998, 1), (14043, 1), (14165, 2), (14179, 1), (14210, 4), (14358, 4), (14498, 1), (14518, 2), (14532, 1), (14542, 7), (14548, 1), (14668, 1), (14809, 1), (14839, 1), (14885, 1), (14922, 1), (15013, 2), (15033, 2), (15055, 1), (15079, 2), (15080, 1), (15116, 3), (157, 3), (15275, 1), (15309, 3), (15337, 2), (15423, 1), (15435, 1), (15600, 2), (15756, 1), (1613, 1), (1615, 4), (15788, 1), (15874, 1), (15876, 1), (15906, 3), (15919, 2), (15930, 1), (15962, 2), (15979, 4), (16008, 3), (16030, 6), (16134, 1), (16155, 1), (16269, 1), (1663, 1), (1673, 2), (16434, 4), (16518, 1), (16531, 1), (16617, 6), (16678, 1), (1699, 1), (16721, 1), (16755, 1), (16855, 12), (16897, 1), (16912, 1), (16960, 1), (1720, 8), (16976, 2), (17005, 1), (17042, 1), (17098, 1), (17237, 1), (17240, 1), (17247, 3), (17281, 1), (17310, 1), (17331, 3), (17423, 9), (17464, 1), (17655, 1), (17670, 1), (17731, 3), (17850, 2), (17852, 2), (17916, 1), (17929, 1), (17978, 1), (1820, 1), (18009, 2), (18234, 4), (18277, 1), (18307, 1), (18319, 1), (18343, 25), (1857, 2), (1870, 1), (4973, 5), (4975, 9), (5420, 4), (5421, 1), (7139, 1), (7142, 1), (15566, 1), (15568, 1), (16857, 1), (17488, 1), (17489, 4)
pretendient (DF: 7): (8919, 2), (11540, 2), (14012, 1), (14106, 1), (15587, 2), (15914, 4), (18046, 3)
pretendin (DF: 8): (2577, 2), (3019, 1), (8325, 1), (9646, 1), (9955, 1), (10715, 1), (13709, 1), (13926, 1)
pretendo (DF: 3): (12596, 2), (12864, 9), (13150, 3)
pretens (DF: 5): (7023, 1), (7044, 9), (8348, 1), (11738, 4), (16460, 1)
pretension (DF: 2): (2739, 2), (1687, 1)
pretensj (DF: 2): (3744, 2), (10784, 1)
pretenti (DF: 6): (1912, 4), (11559, 1), (13029, 2), (16481, 1), (16748, 4), (1883, 1)
pretext (DF: 4): (3070, 2), (10676, 1), (17671, 1), (1810, 2)
pretictular (DF: 2): (4023, 1), (11408, 1)
pretin (DF: 2): (4357, 1), (16850, 3)
pretinho (DF: 1): (10598, 1)
preto (DF: 11): (2833, 1), (3007, 3), (5719, 6), (5917, 1), (6844, 1), (7649, 1), (1072, 2), (13647, 4), (15322, 12), (17899, 1), (18136, 1)
pretti (DF: 201): (190, 1), (1893, 3), (1940, 1), (1949, 1), (1991, 1), (2000, 1), (2049, 1), (2061, 1), (2102, 1), (2162, 6), (2167, 2), (2177, 1), (2181, 1), (2217, 2), (2269, 1), (2274, 1), (2304, 1), (223, 2), (2356, 1), (2362, 1), (2399, 2), (235, 1), (2453, 4), (2482, 1), (2557, 1), (2565, 2), (2568, 2), (2588, 1), (2596, 1), (2634, 3), (2693, 1), (2699, 2), (2707, 1), (2760, 1), (2779, 3), (2791, 3), (2811, 2), (2886, 1), (2899, 5), (2943, 1), (287, 30), (3010, 3), (3076, 1), (3112, 1), (3140, 2), (3168, 1), (3201, 1), (3238, 2), (318, 1), (3282, 1), (3292, 1), (3337, 6), (3367, 5), (3382, 1), (3404, 1), (3429, 1), (3500, 2), (3528, 6), (3556, 8), (3621, 1), (3672, 1), (3742, 3), (3815, 35), (3845, 1), (3854, 2), (376, 2), (379, 4), (3886, 1), (3900, 1), (3921, 5), (3937, 2), (3941, 1), (3985, 1), (4017, 2), (4023, 1), (4030, 3), (4039, 1), (4041, 1), (4067, 1), (4082, 1), (4083, 2), (4106, 1), (4111, 1), (4117, 1), (4137, 1), (4138, 1), (4206, 2), (4222, 1), (4249, 25), (4282, 1), (4293, 1), (4313, 1), (4324, 2), (4337, 2), (4348, 1), (4365, 1), (436, 1), (4422, 1), (4435, 1), (4481, 1), (4506, 1), (4570, 1), (4575, 1), (4598, 1), (4621, 3), (452, 5), (4667, 2), (4684, 1), (4719, 3), (4723, 1), (4728, 1), (4748, 1), (4810, 1), (4851, 1), (4853, 39), (4868, 1), (4874, 4), (4882, 1), (4962, 2), (5021, 12), (5032, 1), (5044, 2), (5058, 6), (490, 1), (5066, 1), (5092, 1), (5131, 1), (5142, 4), (5172, 1), (5204, 1), (5229, 2), (5245, 13), (5291, 3), (527, 1), (5322, 2), (5336, 3), (5346, 1), (5361, 1), (5394, 4), (5401, 1), (5421, 26), (5444, 1), (5445, 2), (5450, 1), (5529, 2), (5538, 1), (5552, 2), (5575, 1), (5590, 8), (5609, 2), (5610, 1), (5667, 2), (5729, 1), (5753, 1), (5759, 1), (5783, 1), (5809, 2), (5841, 2), (5845, 1), (5866, 4), (5894, 1), (5956, 1), (5957, 1), (6004, 1), (6029, 1), (6068, 2), (6124, 1), (6129, 1), (6136, 1), (6157, 1), (6159, 1), (616, 1), (6213, 2), (6223, 1), (617, 1), (6252, 1), (6275, 13), (6312, 1), (629, 2), (6342, 2), (6350, 1), (633, 1), (6398, 2), (6449, 1), (6455, 2), (6462, 2), (647, 3), (6552, 5), (6554, 5), (6566, 2), (6580, 1), (6584, 4), (6586, 2), (6621, 1), (6630, 2), (6652, 1), (6797, 1), (6837, 1), (6865, 1), (6870, 2), (6875, 1)
