fanger (DF: 2): (18217, 1), (18243, 1)
fanget (DF: 1): (2952, 1)
fangirl (DF: 1): (11719, 1)
fangt (DF: 2): (11521, 1), (151, 1)
fani (DF: 1): (10020, 1)
fanklubi (DF: 1): (9781, 4)
fanm (DF: 1): (8210, 1)
fanmail (DF: 1): (3584, 1)
fann (DF: 1): (18172, 1)
fanna (DF: 1): (1253, 1)
fanni (DF: 15): (486, 2), (6086, 2), (6390, 3), (669, 1), (7073, 1), (9009, 1), (9951, 1), (10459, 1), (10859, 1), (15089, 1), (15132, 1), (15221, 2), (16138, 2), (17632, 1), (18177, 1)
fanny (DF: 5): (2488, 1), (5906, 1), (14510, 1), (15062, 7), (15424, 1)
fannypack (DF: 1): (854, 1)
fans (DF: 6): (4143, 1), (4532, 1), (9431, 1), (12276, 1), (13138, 1), (178, 1)
fanta (DF: 7): (2254, 1), (5031, 10), (6272, 1), (6447, 1), (9710, 10), (13261, 5), (13969, 5)
fantabul (DF: 2): (14442, 4), (17429, 4)
fantaci (DF: 1): (3377, 1)
fantais (DF: 1): (4986, 2)
fantas (DF: 70): (1907, 1), (2265, 1), (2270, 1), (2659, 12), (2710, 1), (2753, 1), (3903, 3), (4058, 1), (4238, 1), (446, 2), (4568, 1), (4634, 1), (4659, 2), (5276, 1), (5480, 2), (6168, 4), (6279, 2), (7021, 8), (7172, 4), (7508, 4), (7782, 2), (8149, 6), (860, 1), (8624, 1), (8719, 2), (8914, 1), (9012, 3), (9056, 1), (9090, 2), (9196, 1), (9568, 1), (9906, 2), (1051, 2), (10387, 1), (10612, 9), (10676, 1), (10887, 1), (10931, 1), (11059, 1), (11918, 1), (11932, 2), (11968, 3), (12092, 1), (12247, 1), (12949, 3), (13039, 1), (13090, 2), (13107, 1), (13366, 2), (13632, 1), (14124, 1), (14629, 1), (14692, 1), (15225, 1), (15281, 1), (15290, 3), (15472, 21), (15560, 2), (15607, 1), (15717, 1), (15819, 3), (15868, 4), (16551, 1), (16843, 1), (17747, 2), (17753, 1), (17896, 3), (18009, 1), (18145, 1), (185, 1)
fantasi (DF: 209): (198, 2), (2245, 1), (2340, 1), (2393, 1), (2449, 2), (2489, 2), (2521, 8), (2591, 4), (2596, 2), (2696, 4), (2710, 4), (259, 1), (2764, 2), (2770, 1), (2874, 2), (3055, 2), (3139, 1), (3302, 2), (3312, 1), (3361, 1), (3601, 2), (3696, 2), (4006, 2), (4021, 1), (4051, 1), (4199, 1), (4283, 1), (4317, 1), (4394, 3), (4480, 2), (4502, 1), (4559, 2), (4593, 1), (4612, 1), (4688, 6), (4693, 4), (4720, 1), (4738, 15), (4760, 5), (4762, 2), (4805, 1), (476, 1), (4848, 1), (4982, 1), (5048, 2), (5084, 1), (5150, 4), (530, 1), (5365, 5), (5412, 9), (5451, 1), (5558, 2), (5600, 5), (5612, 1), (5644, 1), (5832, 2), (5967, 1), (5984, 2), (6060, 1), (6204, 2), (6411, 1), (638, 1), (6440, 1), (646, 1), (6663, 1), (6764, 2), (6847, 2), (6854, 1), (6898, 1), (6972, 2), (7030, 1), (7198, 2), (7294, 2), (7304, 1), (7337, 4), (7617, 6), (779, 7), (7804, 1), (7887, 1), (7985, 1), (8074, 1), (8322, 1), (8383, 2), (8461, 1), (8475, 1), (8538, 1), (8576, 8), (8602, 2), (8708, 1), (8721, 1), (8740, 1), (8782, 2), (8839, 7), (9137, 33), (9376, 2), (9456, 1), (9470, 1), (9520, 8), (9574, 2), (9585, 1), (9719, 1), (9809, 3), (9841, 1), (9878, 1), (9942, 2), (10075, 2), (10084, 1), (10155, 2), (10165, 4), (10204, 3), (10211, 1), (10274, 1), (10277, 1), (10331, 1), (10388, 6), (10582, 1), (10597, 1), (1082, 2), (10709, 1), (10714, 2), (10744, 3), (10982, 1), (11182, 1), (11255, 2), (11349, 1), (11353, 4), (11381, 1), (11482, 2), (1203, 1), (11828, 1), (11839, 2), (11858, 1), (11938, 1), (12022, 1), (12112, 1), (12133, 1), (12254, 6), (12305, 5), (12373, 4), (12386, 1), (12475, 14), (12489, 3), (12616, 2), (12733, 2), (12795, 8), (12867, 2), (12893, 2), (12992, 2), (13135, 1), (13513, 1), (13515, 2), (13788, 4), (13851, 2), (13871, 1), (13884, 2), (13938, 1), (13939, 1), (14059, 4), (14173, 1), (14220, 1), (14242, 5), (14254, 1), (14262, 13), (1473, 18), (14613, 1), (14709, 1), (14742, 1), (14746, 1), (14777, 5), (14819, 1), (15093, 1), (15316, 4), (15372, 2), (15472, 2), (1581, 1), (15513, 1), (15652, 2), (1610, 7), (15812, 4), (15819, 2), (15836, 17), (15841, 1), (15849, 1), (15959, 1), (15978, 2), (15989, 5), (16356, 16), (16369, 1), (16518, 1), (16690, 2), (16771, 12), (17072, 1), (1744, 4), (17250, 2), (17376, 1), (17399, 3), (17419, 4), (17462, 1), (17481, 1), (17631, 3), (17693, 5), (17742, 1), (17753, 1), (17874, 1), (17939, 1), (18182, 1), (1840, 1), (18367, 2), (1612, 1)
fantasia (DF: 8): (7159, 2), (8425, 1), (9147, 1), (10503, 2), (14098, 2), (14905, 1), (16967, 1), (17863, 1)
fantasij (DF: 1): (5116, 2)
fantasis (DF: 2): (3423, 1), (7399, 2)
fantasm (DF: 9): (2150, 1), (468, 1), (4949, 9), (5183, 1), (776, 2), (8278, 1), (10285, 1), (11938, 1), (12167, 3)
