gehst (DF: 12): (8098, 10), (9199, 1), (10498, 1), (11459, 1), (11949, 1), (12363, 1), (12760, 6), (13012, 3), (14752, 1), (15676, 1), (15766, 1), (15867, 1)
geht (DF: 77): (2078, 1), (2194, 1), (2328, 1), (2463, 2), (2535, 1), (2574, 3), (2637, 2), (2729, 7), (2881, 2), (3108, 5), (3437, 1), (3480, 1), (3570, 3), (3849, 1), (3962, 4), (4004, 1), (397, 1), (4318, 1), (4387, 1), (484, 2), (4989, 1), (4998, 3), (5051, 3), (493, 1), (5459, 1), (5493, 5), (5559, 2), (5775, 2), (5955, 1), (6026, 2), (6430, 1), (6748, 1), (6835, 2), (7411, 3), (7479, 1), (778, 1), (7720, 2), (8340, 1), (8999, 1), (9236, 2), (9999, 1), (10215, 2), (10719, 1), (10958, 1), (11060, 11), (11459, 2), (11476, 2), (11493, 5), (11521, 3), (11538, 1), (11551, 1), (11654, 1), (1244, 2), (12356, 2), (12453, 2), (12684, 2), (12760, 2), (13012, 4), (13125, 1), (13476, 2), (13520, 6), (14199, 1), (14254, 1), (14419, 13), (151, 2), (14690, 6), (14752, 2), (15536, 1), (16290, 1), (16507, 1), (16777, 1), (16811, 1), (1715, 2), (16919, 2), (17021, 1), (17780, 1), (17886, 3)
gehungert (DF: 1): (11551, 1)
geico (DF: 3): (8870, 2), (9231, 2), (13920, 1)
geicothey (DF: 1): (10785, 1)
geier (DF: 2): (3437, 1), (12356, 1)
geiert (DF: 1): (11521, 1)
geig (DF: 1): (12642, 1)
geiht (DF: 1): (14700, 2)
geil (DF: 13): (2100, 4), (2496, 3), (4663, 1), (6835, 1), (681, 1), (10840, 1), (11521, 1), (13012, 1), (14254, 1), (14555, 1), (15059, 1), (16919, 1), (17204, 1)
geilt (DF: 1): (12446, 1)
gein (DF: 1): (546, 1)
geindr (DF: 1): (4197, 6)
geintj (DF: 1): (3864, 1)
geiseln (DF: 2): (5149, 1), (13091, 1)
geisha (DF: 5): (2943, 1), (5172, 1), (8838, 2), (14524, 1), (17421, 1)
geist (DF: 4): (11020, 3), (12822, 1), (16777, 1), (18073, 1)
geistig (DF: 1): (5149, 1)
gejagt (DF: 1): (10719, 1)
gejallert (DF: 1): (2729, 1)
gek (DF: 8): (2260, 1), (4849, 1), (6008, 2), (6184, 4), (1077, 3), (12767, 1), (15412, 1), (15565, 1)
gekammt (DF: 1): (14254, 1)
gekampft (DF: 2): (6026, 4), (13093, 1)
gekannt (DF: 1): (6026, 1)
gekauft (DF: 3): (7521, 1), (12363, 1), (16640, 1)
gekaut (DF: 1): (1176, 1)
gekickt (DF: 1): (13771, 1)
gekillt (DF: 1): (7382, 2)
gekin (DF: 1): (2493, 1)
gekk (DF: 4): (6641, 1), (8418, 1), (8831, 1), (17663, 3)
gekko (DF: 1): (10373, 1)
geklappt (DF: 1): (8247, 3)
geklart (DF: 2): (5382, 1), (12433, 1)
geklaut (DF: 2): (5214, 1), (14254, 1)
geklebt (DF: 1): (9199, 1)
geknackt (DF: 2): (3962, 1), (6238, 1)
geknuddelt (DF: 1): (11521, 1)
geko (DF: 1): (16826, 2)
gekocht (DF: 1): (17663, 1)
gekomm (DF: 6): (6026, 1), (7283, 1), (10239, 1), (12433, 2), (1484, 1), (1715, 1)
gekopft (DF: 1): (11538, 1)
gekregen (DF: 1): (14952, 1)
gekriegt (DF: 2): (4816, 1), (17716, 1)
gekroch (DF: 1): (1244, 1)
gekront (DF: 1): (12642, 1)
gekrummt (DF: 1): (17704, 1)
gel (DF: 17): (2545, 1), (245, 1), (2737, 1), (4197, 1), (4890, 1), (5821, 1), (6824, 1), (6889, 1), (7559, 1), (9664, 1), (10596, 1), (11144, 1), (12781, 1), (159, 1), (1736, 1), (17369, 2), (18442, 1)
gelab (DF: 1): (11654, 1)
gelach (DF: 1): (4297, 1)
gelacht (DF: 3): (437, 1), (6026, 1), (7720, 1)
gelad (DF: 2): (1177, 1), (16777, 1)
gelada (DF: 2): (3692, 1), (1278, 1)
gelado (DF: 2): (6844, 2), (10203, 1)
gelass (DF: 1): (1238, 3)
gelat (DF: 2): (5663, 1), (16121, 1)
gelati (DF: 1): (2256, 2)
gelatin (DF: 7): (2943, 3), (5172, 3), (5574, 2), (6527, 1), (13337, 2), (14524, 3), (17421, 3)
gelato (DF: 13): (2064, 1), (3383, 6), (4267, 1), (5909, 1), (8666, 1), (9166, 2), (12777, 1), (13381, 1), (13848, 2), (15008, 4), (15016, 1), (18194, 2), (18323, 1)
gelatto (DF: 1): (9648, 1)
gelb (DF: 7): (3437, 1), (5051, 1), (5493, 1), (5775, 1), (12872, 1), (151, 1), (18223, 2)
geld (DF: 53): (198, 1), (2078, 2), (2100, 8), (2328, 6), (2376, 1), (2463, 1), (246, 3), (2574, 6), (2637, 2), (3048, 1), (3067, 1), (3108, 1), (3381, 1), (3409, 1), (3437, 1), (3480, 1), (3570, 3), (3932, 3), (3984, 1), (4743, 2), (484, 1), (5149, 2), (5206, 1), (5382, 1), (5493, 8), (5559, 1), (5691, 1), (5890, 1), (5955, 4), (6008, 1), (6238, 3), (6620, 1), (7278, 1), (7306, 1), (7373, 1), (7411, 2), (7463, 1), (7547, 1), (7720, 4), (778, 3), (7983, 1), (8311, 1), (8340, 1), (8498, 1), (8670, 1), (8932, 2), (9236, 2), (9425, 1), (10157, 2), (10215, 2), (10239, 1), (10603, 6), (10958, 5)
