cadet (DF: 4): (8180, 2), (12690, 19), (14260, 1), (17990, 1)
cadey (DF: 1): (16131, 1)
cadi (DF: 3): (2843, 1), (800, 1), (8945, 2)
cadillac (DF: 110): (2031, 1), (2045, 3), (2048, 1), (2174, 1), (2198, 1), (2255, 1), (245, 1), (2545, 1), (2843, 1), (2895, 1), (2899, 5), (3133, 1), (303, 4), (3161, 1), (3541, 1), (3612, 1), (3618, 2), (3880, 1), (4037, 4), (4106, 6), (4182, 1), (4185, 2), (4572, 1), (4851, 1), (4942, 2), (5068, 1), (5168, 4), (5345, 1), (535, 2), (5412, 6), (5645, 2), (5814, 7), (6296, 4), (6339, 1), (6342, 1), (6396, 4), (642, 1), (6767, 2), (7232, 1), (7450, 1), (7559, 1), (7598, 1), (7991, 1), (8107, 2), (841, 1), (8369, 1), (8473, 1), (8687, 1), (8705, 1), (8745, 2), (9212, 2), (9590, 1), (9668, 2), (10035, 5), (10272, 1), (10364, 1), (10439, 1), (10571, 2), (10623, 1), (10625, 1), (10838, 2), (10856, 2), (10929, 1), (11110, 2), (11138, 1), (11265, 1), (1156, 8), (11448, 1), (11942, 1), (12025, 4), (12034, 1), (12047, 1), (12057, 1), (1226, 1), (12079, 1), (1249, 1), (12383, 1), (12512, 1), (12578, 1), (12757, 1), (1303, 2), (13472, 1), (1375, 8), (13778, 1), (13797, 6), (13803, 1), (13817, 1), (13834, 2), (13914, 1), (14019, 1), (14076, 1), (1438, 2), (14861, 1), (14894, 1), (14971, 1), (15088, 1), (1559, 2), (15342, 1), (15870, 1), (15871, 1), (15961, 10), (16054, 1), (16214, 3), (16283, 1), (16412, 2), (17162, 1), (17699, 1), (17823, 2), (18104, 1), (18331, 1)
cadillacs (DF: 2): (6339, 2), (1736, 1)
cadre (DF: 1): (11298, 1)
cadrà (DF: 1): (11419, 2)
caduc (DF: 1): (10193, 2)
cadê (DF: 3): (3007, 1), (6844, 1), (15400, 1)
cae (DF: 59): (1920, 10), (2205, 1), (2642, 2), (2656, 1), (2948, 14), (3587, 2), (3806, 2), (4109, 2), (4465, 2), (4469, 4), (4948, 3), (5183, 1), (5647, 2), (5713, 1), (6408, 2), (6657, 4), (7003, 1), (7239, 10), (8478, 4), (910, 1), (9019, 3), (9387, 1), (9469, 1), (9682, 3), (9845, 5), (1022, 4), (10087, 2), (1027, 1), (10189, 1), (10493, 2), (10513, 1), (10566, 2), (11558, 1), (11563, 2), (11642, 2), (12307, 1), (1284, 2), (1305, 1), (1309, 3), (12984, 1), (13205, 2), (14107, 4), (14187, 1), (14370, 2), (15157, 1), (15335, 2), (15355, 3), (15598, 1), (16074, 1), (1668, 2), (16373, 1), (1682, 1), (16759, 2), (17202, 1), (17368, 1), (17390, 1), (17494, 2), (17779, 1), (17821, 5)
cael (DF: 2): (13369, 2), (15914, 12)
caelu (DF: 1): (16733, 2)
caem (DF: 5): (7646, 4), (10285, 1), (13193, 1), (16438, 1), (17779, 1)
caen (DF: 12): (2656, 1), (342, 1), (3851, 2), (4532, 2), (9074, 1), (9196, 1), (1022, 1), (10838, 2), (11203, 1), (11433, 1), (12073, 2), (14087, 1)
caer (DF: 74): (2183, 1), (3219, 4), (3239, 2), (3569, 1), (3722, 2), (3942, 2), (4011, 8), (450, 2), (4949, 1), (5588, 2), (5768, 4), (5793, 1), (6351, 1), (632, 1), (6917, 1), (7572, 6), (776, 1), (7742, 10), (7886, 2), (7925, 1), (7948, 1), (8097, 2), (8199, 2), (8255, 1), (8580, 3), (875, 2), (8606, 4), (8618, 1), (8892, 6), (9001, 2), (9296, 1), (9387, 1), (9580, 2), (9636, 2), (9690, 4), (9706, 3), (9845, 1), (1022, 1), (10244, 2), (10530, 2), (10651, 1), (10939, 1), (11175, 2), (11412, 1), (11610, 1), (11726, 1), (11999, 1), (12073, 1), (12331, 6), (12354, 7), (12608, 6), (12750, 4), (13412, 3), (13754, 4), (13806, 2), (13971, 1), (14000, 1), (14136, 1), (14217, 1), (14457, 6), (15169, 2), (15186, 1), (15868, 2), (1687, 1), (16668, 1), (16840, 2), (16968, 4), (17320, 1), (17368, 4), (17403, 1), (17494, 2), (17671, 1), (17847, 1), (1842, 2)
caerm (DF: 1): (11572, 3)
caers (DF: 1): (16378, 1)
caes (DF: 7): (2021, 1), (7426, 2), (11433, 1), (13481, 1), (14260, 1), (16079, 1), (17432, 1)
caesar (DF: 37): (2276, 1), (2867, 1), (3526, 1), (3791, 1), (4156, 1), (4301, 1), (4847, 1), (4884, 1), (5543, 1), (5652, 1), (681, 1), (7226, 1), (7580, 3), (7790, 1), (8107, 1), (8155, 2), (8532, 1), (9019, 1), (9659, 1), (9944, 2), (10183, 2), (10207, 1), (10571, 1), (1196, 1), (1201, 1), (12144, 1), (12310, 1), (12822, 9), (14999, 1), (1622, 1), (16464, 1), (16873, 1), (17005, 3), (17128, 1), (17502, 1), (17535, 1), (18419, 1)
caesarean (DF: 1): (2174, 1)
caf (DF: 21): (2463, 1), (3070, 4), (3106, 1), (3239, 1), (399, 1), (557, 3), (594, 1), (6423, 2), (7415, 1), (7983, 2), (9496, 1), (9786, 8), (10651, 1), (10908, 1), (11081, 1), (12082, 1), (12433, 2), (12505, 1), (12658, 4), (14260, 1), (14429, 1)
