let (DF: 219): (12784, 1), (12785, 2), (12786, 6), (1302, 2), (1303, 4), (1304, 1), (12888, 1), (12889, 23), (12891, 2), (13131, 2), (13132, 4), (13133, 1), (13291, 1), (13292, 3), (13294, 1), (13322, 3), (13323, 1), (13325, 1), (13401, 13), (13402, 10), (13404, 5), (1361, 1), (1362, 7), (1363, 2), (13621, 1), (13623, 1), (13624, 1), (140, 2), (141, 4), (142, 1), (13721, 2), (13722, 1), (13723, 3), (13779, 1), (13780, 4), (13781, 1), (13821, 4), (13822, 1), (13823, 1), (13842, 1), (13843, 6), (13844, 1), (13860, 3), (13861, 10), (13862, 2), (13865, 16), (13866, 1), (13867, 1), (14058, 1), (14059, 60), (14060, 1), (14431, 1), (14432, 34), (14434, 2), (14619, 1), (14620, 3), (14621, 11), (14622, 1), (14623, 5), (14638, 2), (14639, 6), (14640, 1), (14734, 1), (14735, 2), (14736, 1), (14745, 4), (14746, 6), (14747, 1), (1531, 2), (1532, 36), (1533, 2), (15094, 1), (15095, 1), (15096, 8), (15149, 1), (15150, 3), (15151, 2), (15222, 1), (15223, 6), (15224, 1), (15421, 4), (15422, 1), (15423, 7), (15444, 2), (15445, 26), (15446, 2), (15507, 3), (15508, 1), (15509, 1), (1585, 1), (1586, 1), (1587, 3), (15577, 1), (15578, 3), (15580, 1), (1588, 1), (1589, 7), (1590, 4), (15694, 1), (15695, 2), (15696, 2), (15975, 17), (15976, 8), (15978, 3), (16091, 2), (16092, 2), (16093, 4), (16159, 6), (16160, 20), (16161, 1), (16187, 1), (16188, 5), (16190, 2), (16254, 1), (16255, 98), (16256, 1), (16301, 5), (16303, 1), (16304, 4), (16382, 3), (16383, 1), (16385, 6), (16387, 1), (16388, 2), (16595, 3), (16596, 2), (16598, 1), (1700, 1), (1702, 63), (1703, 2), (16873, 2), (16874, 2), (16875, 1), (16879, 1), (16880, 2), (16882, 1), (17047, 3), (17048, 3), (17049, 2), (17162, 8), (17163, 2), (17165, 1), (17241, 1), (17242, 2), (17243, 2), (17248, 30), (17249, 2), (17250, 1), (17267, 1), (17268, 2), (17269, 3), (17281, 6), (17282, 1), (17283, 8), (1773, 1), (1774, 1), (1775, 8), (1793, 1), (1795, 40), (1796, 2), (17725, 1), (17726, 4), (17727, 2), (17823, 3), (17824, 1), (17825, 3), (18283, 1), (18284, 2), (18285, 1), (18335, 2), (18336, 3), (18337, 10), (1857, 1), (1859, 7), (1860, 1), (207, 1), (208, 23), (209, 7), (210, 1), (4232, 21), (4233, 1), (4234, 2), (4235, 4), (5234, 5), (5235, 4), (5236, 3), (5237, 1), (607, 2), (608, 1), (610, 49), (611, 2), (6820, 3), (6821, 2), (6822, 1), (6824, 1), (8214, 1), (8215, 11), (8216, 1), (8217, 1), (8897, 1), (8898, 10), (8900, 1), (8901, 1), (9890, 2), (9891, 2), (9893, 2), (9894, 1), (12324, 30), (12325, 1), (12326, 4), (12328, 1), (13097, 4), (13098, 2), (13100, 2), (13101, 2), (15648, 1), (15649, 5), (15650, 1), (15651, 1)
leta (DF: 2): (12819, 1), (1834, 1)
letal (DF: 8): (2604, 1), (9387, 1), (10400, 1), (10992, 4), (11203, 1), (12, 2), (11750, 1), (14685, 1)
letcha (DF: 4): (3882, 2), (6032, 1), (7483, 1), (1319, 1)
letdown (DF: 4): (5179, 1), (9229, 3), (11906, 1), (18349, 3)
lethal (DF: 28): (1937, 1), (3521, 1), (3957, 1), (4165, 1), (4218, 3), (4270, 1), (4620, 1), (558, 1), (5766, 1), (5797, 6), (581, 1), (673, 2), (7991, 1), (8170, 1), (9322, 3), (9361, 1), (10495, 1), (11970, 1), (13029, 2), (1343, 2), (14216, 2), (14269, 1), (14539, 1), (15462, 1), (159, 1), (15752, 1), (16487, 2), (17144, 2)
lethargi (DF: 1): (2535, 1)
letho (DF: 1): (15867, 1)
leti (DF: 1): (17024, 1)
letoya (DF: 1): (15009, 1)
letr (DF: 91): (1939, 1), (2034, 2), (2488, 1), (2529, 2), (283, 1), (3071, 1), (3403, 2), (3418, 2), (3492, 1), (3504, 1), (371, 1), (3853, 1), (3891, 1), (3969, 1), (4009, 1), (4210, 1), (417, 4), (4246, 1), (4356, 2), (4484, 1), (4567, 2), (450, 2), (4711, 1), (466, 1), (4763, 1), (476, 1), (4908, 4), (5364, 1), (5381, 2), (5541, 1), (5574, 1), (6379, 1), (6399, 1), (6534, 1), (6645, 2), (6650, 2), (679, 1), (6883, 1), (6940, 1), (7171, 1), (7183, 1), (7309, 1), (7426, 1), (7854, 1), (7925, 1), (7948, 1), (8091, 1), (8116, 1), (8143, 1), (8255, 1), (851, 1), (8420, 1), (8526, 1), (889, 1), (8719, 2), (8928, 1), (9001, 4), (9362, 1), (9387, 1), (9431, 1), (9524, 1), (9719, 1), (9756, 1), (9819, 2), (10217, 1), (10278, 2), (10452, 1), (10467, 1), (10564, 1), (10632, 1), (1095, 1), (10838, 2), (10852, 1), (10909, 1), (10931, 1), (10937, 1), (10952, 1), (10992, 1), (1139, 1), (1141, 2), (11190, 1), (11235, 2), (12350, 1), (12648, 2), (12804, 1), (12863, 1), (12898, 1), (12924, 1), (13033, 1), (13066, 2), (13095, 1)
