pulso (DF: 3): (11200, 1), (12128, 1), (18163, 2)
pulupoosilipe (DF: 1): (9980, 2)
pulutan (DF: 1): (16133, 2)
pulver (DF: 3): (4578, 2), (8026, 1), (11473, 1)
pulveris (DF: 1): (5383, 1)
pum (DF: 43): (2329, 1), (2402, 12), (2461, 2), (2609, 2), (2690, 24), (299, 2), (3219, 12), (4289, 2), (4995, 6), (5754, 1), (5990, 1), (7104, 6), (7301, 6), (8026, 3), (8948, 24), (10, 6), (9638, 54), (9819, 32), (1005, 1), (10493, 2), (10566, 2), (10810, 61), (11642, 2), (12431, 1), (1292, 24), (12949, 9), (12984, 1), (13967, 2), (14444, 2), (14602, 4), (14722, 4), (1524, 10), (15290, 9), (15472, 42), (15733, 6), (15819, 6), (15958, 2), (16397, 24), (16850, 1), (17334, 4), (17368, 1), (17594, 10), (1878, 2)
puma (DF: 10): (3527, 1), (4365, 1), (4703, 1), (755, 1), (7973, 1), (16162, 2), (16414, 2), (16703, 1), (17695, 1), (17988, 1)
pumangit (DF: 2): (11542, 1), (14250, 1)
pumapansin (DF: 1): (15804, 1)
pumapawi (DF: 1): (13701, 2)
pumb (DF: 1): (8406, 2)
pumipigil (DF: 1): (16133, 1)
pummel (DF: 1): (5862, 1)
pumorma (DF: 1): (10596, 1)
pump (DF: 282): (1916, 15), (1949, 1), (200, 1), (2002, 1), (2039, 3), (2057, 1), (2147, 2), (2269, 3), (2329, 1), (2562, 1), (246, 2), (2765, 3), (2825, 1), (2936, 1), (2939, 1), (3149, 15), (3186, 1), (3420, 1), (3483, 1), (3594, 1), (31, 1), (3852, 4), (3922, 1), (3946, 1), (3956, 1), (3984, 1), (4008, 1), (4085, 15), (4124, 1), (4218, 6), (4263, 1), (4279, 7), (4287, 2), (4359, 1), (4497, 3), (4664, 1), (4684, 2), (4690, 1), (4695, 1), (4788, 2), (4811, 6), (4824, 7), (4918, 4), (4928, 1), (4937, 1), (4953, 1), (4971, 1), (5041, 1), (5049, 1), (5050, 5), (5091, 1), (5300, 1), (5444, 5), (49, 2), (547, 57), (5559, 1), (5646, 1), (5682, 1), (5786, 1), (5823, 1), (5862, 1), (5934, 2), (588, 1), (591, 1), (6006, 1), (6024, 1), (6027, 3), (6157, 1), (6266, 1), (6296, 2), (6444, 1), (6478, 4), (6721, 2), (6751, 2), (6853, 2), (681, 1), (6881, 8), (6920, 1), (7089, 12), (7241, 1), (7439, 2), (7520, 1), (7537, 1), (7538, 1), (7622, 1), (7624, 1), (7671, 1), (7805, 1), (7909, 2), (7969, 1), (8037, 15), (8107, 1), (8204, 2), (8316, 1), (8319, 2), (8433, 1), (8498, 1), (8528, 1), (8705, 1), (8759, 8), (8765, 1), (82, 2), (8842, 8), (8853, 1), (926, 15), (9073, 1), (9080, 2), (9125, 13), (9134, 1), (9140, 3), (938, 1), (9256, 1), (9267, 1), (9379, 1), (9383, 1), (9450, 1), (9451, 1), (9467, 15), (973, 1), (9501, 1), (9593, 8), (9673, 1), (9720, 1), (9743, 3), (9767, 1), (9784, 1), (9834, 2), (9937, 12), (9990, 1), (10016, 4), (10114, 3), (10185, 1), (10272, 1), (10344, 1), (10412, 5), (10480, 2), (10571, 1), (10593, 1), (1110, 1), (10919, 1), (10927, 1), (11015, 1), (11024, 1), (11090, 1), (11110, 1), (11236, 1), (11326, 2), (11469, 15), (11482, 1), (1176, 1), (11539, 1), (11575, 1), (11671, 1), (11679, 1), (11702, 1), (11929, 2), (12050, 3), (12090, 1), (12142, 1), (12363, 1), (12578, 1), (12596, 2), (12616, 1), (12624, 27), (12734, 1), (12758, 1), (12776, 1), (12973, 1), (13150, 3), (13176, 1), (13183, 1), (13207, 1), (1336, 1), (13279, 1), (13292, 1), (13296, 1), (13305, 1), (13398, 1), (1367, 1), (13523, 1), (13555, 1), (13561, 8), (13642, 1), (13746, 2), (13848, 3), (13897, 2), (13925, 2), (13961, 1), (1429, 1), (1454, 1), (14259, 3), (14273, 1), (14318, 1), (14321, 2), (1469, 1), (14377, 1), (14427, 2), (14461, 1), (14490, 1), (14496, 1), (14516, 8), (14574, 1), (1498, 3), (14659, 1), (14717, 2), (14815, 1), (14840, 2), (14923, 2), (14993, 1), (1547, 1), (15096, 2), (15098, 1), (15157, 1), (15175, 8), (15209, 1), (15251, 2), (15263, 1), (15284, 1), (15292, 1), (15328, 1), (15399, 12), (15413, 1), (15477, 2), (15530, 2), (15534, 1), (15583, 3), (15675, 4), (15725, 1), (15766, 1), (15904, 1), (15988, 1), (16068, 2), (16139, 2), (16152, 4), (16167, 1), (16214, 1), (16216, 2), (16238, 1), (16280, 1), (16297, 8), (16319, 1), (16503, 1), (16507, 1), (16582, 1), (16587, 1), (16615, 1), (16632, 1), (16667, 1), (16683, 2), (16692, 1), (16697, 1), (16734, 1), (16787, 1), (16794, 1), (16854, 1), (16908, 1), (16952, 1), (17102, 1), (17367, 1), (17520, 1), (1779, 3), (1783, 2), (17705, 25), (17723, 2), (17730, 1), (182, 2), (17868, 9), (17875, 15), (17897, 1), (17935, 2), (1817, 1), (17990, 1), (1833, 1), (18138, 1), (18237, 1), (18270, 1), (18306, 71), (18342, 1), (18351, 1), (2434, 66), (2438, 1), (9465, 1)
pumpgun (DF: 2): (7983, 1), (13125, 2)
