figur (DF: 142): (13332, 3), (1354, 4), (1357, 3), (13443, 1), (13512, 21), (13554, 4), (13691, 2), (13725, 1), (13732, 2), (13751, 1), (13822, 4), (13897, 2), (13901, 1), (13994, 1), (13997, 1), (1429, 1), (14020, 1), (14055, 1), (14062, 1), (14114, 2), (14130, 1), (1443, 2), (14183, 6), (14203, 1), (14217, 2), (14255, 4), (14277, 1), (14300, 1), (14316, 1), (14320, 2), (1469, 1), (14380, 12), (14388, 1), (1477, 1), (1478, 1), (14470, 1), (14548, 1), (14571, 3), (14596, 1), (14704, 2), (14907, 1), (14972, 2), (15048, 2), (15084, 1), (15145, 1), (159, 3), (15190, 1), (15218, 2), (15278, 4), (15299, 1), (15304, 1), (15306, 1), (15377, 2), (15413, 1), (15417, 1), (15446, 2), (15459, 1), (15463, 3), (15490, 2), (15501, 1), (15607, 1), (15668, 1), (15679, 1), (15684, 12), (15689, 1), (15695, 1), (15703, 1), (15712, 4), (15726, 2), (1611, 2), (15765, 1), (15893, 2), (1627, 2), (15916, 2), (15951, 1), (15969, 1), (16047, 12), (16099, 2), (16102, 1), (16146, 1), (1653, 4), (16168, 1), (16179, 2), (16232, 2), (16235, 4), (16249, 3), (16459, 2), (16464, 1), (16549, 5), (1687, 1), (16590, 4), (16691, 1), (16737, 1), (16739, 1), (1704, 1), (16865, 2), (16882, 2), (16885, 2), (16913, 1), (16936, 1), (16969, 1), (16994, 1), (17031, 1), (17093, 1), (17103, 1), (17205, 1), (17206, 1), (17220, 1), (17235, 1), (17322, 1), (17359, 1), (17362, 3), (17483, 1), (17505, 2), (17517, 1), (17537, 1), (17611, 2), (17625, 4), (1790, 1), (17759, 1), (17769, 1), (17773, 1), (17796, 1), (1801, 1), (17818, 1), (17843, 1), (17924, 36), (17934, 1), (1812, 1), (1820, 1), (18051, 1), (1827, 2), (18312, 1), (18402, 1), (1880, 2), (7771, 3), (7772, 1), (8164, 1), (8165, 1), (15462, 1), (15892, 1), (1651, 7)
figura (DF: 2): (4214, 2), (552, 1)
figurant (DF: 1): (2839, 1)
figurehead (DF: 2): (4898, 1), (6055, 1)
figurin (DF: 1): (18358, 1)
figurinha (DF: 1): (2839, 1)
figuur (DF: 1): (6184, 2)
fii (DF: 1): (2682, 1)
fij (DF: 27): (2529, 2), (312, 1), (3340, 1), (4009, 1), (4258, 1), (4671, 2), (5218, 1), (5990, 1), (6689, 2), (7258, 2), (8128, 1), (8994, 1), (9225, 6), (9334, 1), (10461, 4), (10670, 1), (11112, 4), (11280, 1), (11331, 2), (11620, 2), (11741, 6), (12276, 1), (13095, 1), (1461, 1), (14630, 1), (14817, 1), (16377, 1)
fijat (DF: 2): (1953, 2), (11576, 1)
fije (DF: 1): (11685, 1)
fiji (DF: 10): (1922, 1), (6751, 1), (8232, 2), (9933, 2), (10016, 2), (1197, 2), (13691, 4), (13717, 1), (14032, 7), (18397, 2)
fijn (DF: 1): (6008, 1)
fijner (DF: 1): (6008, 1)
fik (DF: 3): (4714, 1), (7077, 1), (16307, 1)
fikcj (DF: 1): (16366, 1)
fike (DF: 3): (4294, 1), (7874, 1), (12853, 1)
fikir (DF: 4): (5711, 16), (10562, 8), (15965, 8), (17311, 16)
fiktion (DF: 1): (5149, 4)
fiku (DF: 1): (4914, 26)
fil (DF: 46): (3603, 1), (371, 1), (3916, 1), (4034, 4), (4081, 1), (4186, 2), (4197, 1), (4288, 1), (5198, 1), (5276, 1), (5353, 1), (5792, 1), (6001, 4), (637, 1), (7607, 1), (8406, 2), (8466, 1), (8671, 1), (9060, 3), (9203, 1), (9222, 1), (9302, 3), (9534, 1), (11235, 2), (11356, 1), (11391, 1), (11533, 4), (11774, 3), (12092, 1), (12456, 1), (13197, 1), (13732, 2), (13808, 2), (14379, 1), (151, 1), (15335, 2), (15637, 3), (15912, 1), (15913, 5), (16802, 10), (17273, 1), (17275, 1), (17648, 1), (18187, 3), (18310, 2), (18427, 4)
fila (DF: 8): (3584, 2), (6214, 1), (778, 1), (9965, 1), (10860, 1), (12821, 1), (14759, 1), (15405, 1)
filamén (DF: 1): (5884, 2)
file (DF: 21): (2172, 1), (2872, 1), (4505, 1), (4522, 1), (4811, 1), (5121, 2), (5270, 1), (6988, 1), (7334, 1), (7355, 1), (7360, 1), (9752, 1), (9794, 1), (10288, 1), (10594, 1), (12125, 1), (15731, 6), (15870, 1), (16084, 1), (16279, 1), (16375, 1)
filer (DF: 2): (16759, 1), (16998, 1)
filet (DF: 3): (6527, 1), (8244, 1), (1410, 1)
filha (DF: 7): (5011, 1), (7175, 2), (1072, 1), (12128, 1), (16117, 2), (16353, 1), (17899, 1)
filho (DF: 4): (3007, 1), (3467, 1), (10131, 1), (15617, 5)
fili (DF: 2): (295, 1), (8994, 8)
filial (DF: 2): (6835, 1), (13588, 1)
filip (DF: 4): (7270, 2), (1197, 1), (15814, 1), (17454, 1)
filipino (DF: 1): (3216, 1)
filis (DF: 1): (14209, 2)
fill (DF: 3): (196, 8), (1909, 1), (1916, 1)
