forc (DF: 160): (3036, 2), (3042, 1), (3156, 1), (3234, 2), (3240, 4), (3298, 1), (3473, 2), (3538, 1), (3598, 1), (3650, 1), (360, 1), (3708, 6), (3829, 1), (4199, 1), (4230, 1), (4520, 1), (4625, 1), (4631, 1), (497, 2), (5273, 1), (522, 1), (5316, 3), (540, 1), (5562, 2), (5918, 1), (5963, 2), (5981, 1), (597, 1), (6300, 1), (6337, 1), (6386, 2), (6443, 1), (6460, 1), (6478, 2), (646, 1), (6740, 5), (6766, 1), (6778, 2), (6809, 1), (6830, 1), (7103, 2), (702, 1), (727, 1), (7394, 2), (7552, 2), (7559, 1), (7575, 1), (7636, 1), (7689, 1), (7918, 8), (7924, 1), (7973, 1), (8046, 1), (8078, 1), (8172, 2), (8176, 1), (8213, 1), (856, 1), (8475, 1), (8554, 1), (8601, 1), (8655, 6), (9158, 1), (976, 1), (9742, 1), (9785, 1), (101, 1), (9983, 1), (10040, 2), (10041, 1), (10103, 1), (10110, 2), (10141, 1), (10234, 1), (10533, 2), (1082, 2), (10957, 1), (11175, 4), (11212, 1), (11229, 1), (11341, 1), (11434, 1), (11497, 6), (11634, 2), (11861, 1), (11902, 1), (11983, 2), (11986, 1), (12056, 1), (12100, 3), (12125, 1), (12170, 2), (12179, 8), (12203, 1), (12339, 1), (12472, 3), (12487, 1), (12511, 1), (12781, 1), (12877, 1), (133, 1), (13075, 1), (13123, 1), (134, 1), (13254, 1), (13286, 1), (13331, 1), (13457, 1), (13474, 1), (13516, 6), (13554, 1), (13696, 1), (13877, 1), (14101, 1), (14165, 2), (14391, 1), (14491, 1), (14607, 2), (14698, 4), (14829, 1), (14984, 1), (15013, 2), (15105, 2), (15308, 1), (15408, 2), (15432, 1), (15462, 1), (15536, 1), (15607, 1), (1594, 1), (15905, 1), (15982, 5), (1643, 1), (16065, 1), (16279, 1), (16291, 3), (16343, 1), (16491, 1), (16661, 1), (16699, 1), (15, 1), (16898, 1), (16927, 1), (16995, 1), (17049, 1), (17102, 1), (17105, 2), (17477, 1), (17546, 1), (17695, 12), (17740, 1), (182, 1), (17773, 1), (17851, 1), (17853, 1), (18009, 3), (1821, 1), (18134, 1), (18371, 1), (18408, 1)
forceer (DF: 1): (14952, 1)
forceje (DF: 1): (12794, 1)
forcin (DF: 2): (2636, 1), (7213, 3)
ford (DF: 48): (2008, 2), (2211, 1), (2840, 1), (2967, 1), (5121, 2), (5314, 1), (5561, 1), (5828, 1), (6087, 1), (57, 8), (6497, 1), (6732, 1), (6951, 1), (7083, 1), (7287, 1), (7450, 1), (7459, 2), (7465, 1), (8260, 1), (9116, 1), (9125, 1), (9228, 1), (9322, 2), (9343, 1), (9585, 1), (9715, 8), (11024, 2), (1142, 1), (1152, 1), (11722, 2), (12104, 1), (12146, 1), (12252, 1), (12336, 2), (1343, 1), (13476, 1), (13495, 1), (13897, 2), (14690, 1), (14745, 1), (15389, 7), (15459, 1), (15492, 1), (17184, 1), (17401, 1), (17720, 1), (17984, 2), (18376, 1)
forda (DF: 1): (16962, 1)
fordert (DF: 1): (3932, 1)
fordi (DF: 4): (3527, 1), (4991, 1), (9498, 1), (16208, 1)
fordrejet (DF: 1): (13626, 1)
fordzi (DF: 1): (17564, 1)
fordæver (DF: 1): (2018, 1)
fore (DF: 154): (200, 3), (2160, 1), (2198, 2), (222, 1), (2453, 24), (2676, 1), (2771, 1), (2850, 1), (2895, 1), (278, 2), (3310, 1), (3393, 1), (3598, 9), (3602, 1), (3741, 1), (3821, 1), (3925, 1), (4206, 1), (4267, 1), (4320, 2), (4446, 22), (4533, 1), (4543, 1), (4621, 18), (4719, 18), (4779, 4), (4931, 2), (5045, 1), (5203, 2), (5300, 1), (5312, 1), (5542, 1), (558, 1), (5661, 3), (5667, 2), (51, 1), (5711, 2), (5729, 1), (5766, 2), (5902, 1), (5907, 1), (5915, 1), (5961, 2), (6043, 1), (6061, 4), (6144, 1), (6226, 1), (6287, 1), (6613, 1), (6695, 1), (6761, 2), (6795, 1), (6846, 1), (6895, 1), (7064, 2), (7098, 1), (7806, 1), (7828, 1), (7829, 1), (8071, 2), (815, 1), (8170, 1), (8183, 1), (8319, 1), (841, 1), (8407, 1), (8496, 1), (8547, 1), (80, 1), (8672, 1), (8715, 2), (893, 2), (8755, 1), (8929, 1), (920, 1), (9057, 1), (9143, 3), (952, 1), (9566, 3), (9605, 1), (9638, 1), (9640, 1), (9816, 1), (9861, 3), (9866, 1), (9993, 1), (10044, 2), (1029, 1), (10195, 1), (10346, 1), (10370, 1), (1060, 1), (1073, 8), (10562, 1), (1078, 12), (1084, 1), (10758, 1), (10869, 2), (11004, 1), (11031, 1), (11117, 1), (11128, 1), (11135, 1), (11143, 2), (1147, 2), (11236, 2), (11256, 2), (11327, 2), (11475, 1), (11716, 4), (11794, 1), (12038, 1), (12396, 1), (12927, 3), (12946, 1), (1328, 1), (13135, 1), (13140, 1), (13170, 2), (13398, 1), (13405, 2), (13472, 1), (1367, 1), (13523, 1), (13528, 1), (13540, 1), (13670, 1), (1419, 1), (13970, 2), (13972, 1), (13994, 1), (1431, 1), (14176, 1), (14234, 2), (14300, 1), (14428, 1), (14687, 1), (14718, 1), (14788, 5), (14903, 1), (15018, 2), (15028, 1), (15075, 1), (15156, 1), (15328, 2), (15329, 3), (15364, 1), (15705, 2), (15845, 1), (15965, 1), (16197, 1), (1674, 1), (16427, 1), (16671, 2)
