festiv (DF: 87): (3004, 1), (3236, 1), (3357, 1), (3396, 1), (338, 1), (4002, 1), (4109, 1), (4227, 1), (4529, 1), (4590, 1), (4650, 1), (4957, 1), (5196, 1), (5233, 1), (5532, 1), (5542, 1), (5550, 1), (5951, 1), (5980, 1), (6006, 1), (6116, 1), (6160, 1), (6469, 1), (6549, 1), (6684, 1), (6855, 1), (7002, 1), (7431, 1), (747, 1), (750, 1), (7638, 1), (7699, 1), (7850, 1), (797, 1), (8067, 1), (8890, 1), (8937, 1), (9208, 1), (9355, 1), (9630, 1), (9643, 1), (9654, 1), (10656, 1), (115, 1), (1130, 1), (11100, 1), (11244, 2), (11966, 1), (12058, 1), (12071, 2), (12213, 1), (12272, 2), (12349, 1), (13005, 1), (13094, 1), (1340, 1), (13271, 1), (13384, 2), (13527, 1), (13545, 1), (13593, 1), (1400, 1), (13883, 2), (14567, 1), (14921, 1), (15249, 1), (15386, 1), (15491, 1), (15581, 1), (15848, 1), (16176, 1), (16249, 1), (16368, 1), (17170, 1), (17179, 1), (1755, 1), (17373, 1), (17656, 3), (17772, 1), (18063, 1), (18066, 1), (18185, 1), (18202, 1), (18389, 1), (18409, 1), (16931, 1), (16934, 1)
festival (DF: 9): (3962, 1), (417, 1), (5049, 1), (5691, 1), (5875, 1), (6620, 1), (14087, 1), (14496, 1), (16853, 1)
festivali (DF: 1): (14869, 1)
festiw (DF: 1): (9695, 1)
festnahm (DF: 1): (11949, 1)
festnetz (DF: 1): (15458, 1)
fet (DF: 1): (12212, 1)
feta (DF: 1): (1825, 2)
fetal (DF: 2): (1017, 2), (18190, 1)
fetch (DF: 9): (7538, 1), (8026, 2), (8496, 1), (8612, 1), (9922, 1), (11339, 2), (11349, 1), (1211, 1), (18405, 1)
fetisch (DF: 1): (2170, 1)
fetish (DF: 16): (3924, 1), (4106, 1), (5413, 1), (5758, 1), (6352, 1), (696, 1), (7518, 1), (10153, 1), (10484, 4), (10885, 1), (11397, 1), (12463, 1), (12690, 4), (14307, 1), (1587, 2), (17482, 12)
fett (DF: 20): (198, 1), (2170, 1), (3408, 2), (6139, 1), (6691, 1), (6835, 2), (7463, 4), (778, 2), (10860, 1), (11060, 2), (11772, 1), (11812, 1), (12356, 1), (13755, 1), (14199, 1), (14970, 1), (15050, 2), (15269, 2), (16839, 1), (17630, 1)
fetter (DF: 3): (9498, 1), (12795, 4), (15177, 1)
fetti (DF: 21): (2489, 1), (3398, 2), (5082, 1), (7844, 2), (8397, 1), (8951, 3), (984, 2), (9879, 4), (10089, 1), (11524, 2), (11952, 1), (12832, 4), (13210, 2), (13601, 1), (13674, 2), (14564, 1), (15518, 1), (16140, 1), (17371, 1), (17540, 1), (18005, 1)
fettuccin (DF: 1): (14032, 7)
fettucini (DF: 3): (7977, 1), (9833, 1), (1648, 2)
fetty (DF: 1): (11696, 1)
fetus (DF: 8): (7349, 1), (1200, 1), (11864, 1), (11902, 1), (12213, 1), (16784, 1), (1710, 1), (17093, 1)
fetzt (DF: 2): (13755, 1), (17630, 1)
feu (DF: 12): (34, 1), (4197, 1), (4379, 2), (598, 1), (637, 1), (10157, 1), (11024, 1), (11122, 1), (13476, 1), (15536, 1), (15912, 2), (17704, 3)
feucht (DF: 1): (13012, 1)
feud (DF: 5): (2592, 1), (13825, 1), (15339, 1), (15895, 2), (18269, 1)
feudal (DF: 1): (12800, 1)
feuerf (DF: 1): (12684, 1)
feuerstein (DF: 1): (2328, 1)
feuerwehrmann (DF: 1): (2881, 1)
feuerwerk (DF: 2): (11772, 1), (15050, 2)
feuerzeug (DF: 1): (8651, 1)
feuerzeugflamm (DF: 1): (18073, 1)
feuill (DF: 1): (4088, 1)
feukeus (DF: 1): (5801, 1)
feutr (DF: 1): (1089, 1)
feux (DF: 1): (3909, 2)
fever (DF: 117): (192, 1), (1946, 1), (2039, 1), (2093, 2), (2291, 1), (223, 1), (2357, 1), (2363, 1), (2404, 1), (2428, 2), (2556, 1), (2730, 1), (2873, 1), (279, 1), (2930, 2), (3095, 2), (3109, 2), (3242, 2), (3542, 1), (3593, 17), (3751, 1), (4119, 1), (4270, 1), (4495, 3), (4533, 1), (4746, 1), (4836, 1), (4904, 1), (5136, 1), (5177, 1), (5223, 1), (5316, 2), (5430, 1), (5618, 2), (5687, 1), (5891, 1), (5907, 1), (6033, 3), (6151, 1), (6607, 2), (6624, 1), (6638, 1), (7417, 2), (8006, 1), (8308, 1), (8441, 2), (8496, 1), (8508, 1), (8693, 1), (8890, 1), (8895, 3), (9099, 1), (9321, 7), (9460, 1), (9616, 2), (9677, 2), (9980, 9), (10014, 1), (10103, 1), (10161, 1), (10181, 5), (10219, 1), (10413, 1), (10645, 2), (10789, 16), (10891, 1), (10983, 1), (11008, 1), (11039, 1), (11079, 1), (11214, 1), (11279, 1), (11368, 1), (11508, 5), (11764, 2), (11860, 1), (11919, 1), (12188, 1), (12345, 7), (12462, 1), (12484, 1), (12520, 1), (12600, 2), (12753, 3), (12993, 1), (13022, 2), (13152, 1), (1341, 1), (13258, 1), (13653, 1), (13881, 1), (1426, 1), (14048, 1), (14126, 1), (14687, 1), (14692, 1), (14773, 1), (14790, 1), (14892, 1), (15193, 1), (1580, 1), (15508, 1), (15614, 18), (15829, 1), (16151, 2), (16263, 1), (16315, 1), (16333, 1), (16361, 2), (16620, 1), (16631, 2), (16729, 1), (16774, 2), (17326, 9), (17366, 1), (17386, 1), (17433, 1)
