betaub (DF: 1): (11122, 1)
betaubt (DF: 1): (778, 1)
betcha (DF: 27): (2039, 1), (2056, 1), (2484, 4), (3529, 1), (3624, 20), (4042, 1), (5068, 1), (5177, 1), (5596, 1), (6032, 1), (6314, 1), (8522, 10), (8547, 1), (8592, 1), (9035, 1), (10014, 1), (10219, 1), (11602, 1), (11909, 1), (1216, 1), (12754, 1), (14773, 1), (15193, 1), (15713, 1), (15796, 2), (16039, 1), (1730, 2)
bete (DF: 2): (12819, 3), (1834, 1)
betek (DF: 3): (3453, 1), (11444, 1), (13201, 1)
betekeni (DF: 1): (6008, 1)
beteo (DF: 2): (4582, 1), (18094, 2)
beter (DF: 12): (3355, 3), (3748, 6), (4665, 1), (6008, 1), (7421, 1), (8418, 1), (8831, 1), (12745, 2), (13611, 1), (14952, 1), (15412, 1), (18253, 1)
betet (DF: 1): (3381, 1)
beth (DF: 2): (10022, 1), (10442, 2)
betha (DF: 2): (10785, 1), (17483, 1)
bethlehem (DF: 4): (9998, 2), (10026, 1), (1287, 1), (14992, 1)
betid (DF: 1): (15541, 1)
betmi (DF: 2): (5794, 1), (18116, 1)
beton (DF: 9): (246, 1), (5577, 1), (5775, 1), (8340, 1), (11459, 1), (1176, 1), (11949, 4), (17021, 1), (17136, 1)
betonu (DF: 1): (6678, 1)
betrag (DF: 1): (13476, 1)
betray (DF: 41): (2174, 1), (2725, 2), (281, 1), (2984, 1), (3710, 1), (3754, 1), (3759, 1), (4897, 1), (5225, 1), (5788, 1), (5958, 1), (6937, 1), (7044, 4), (7275, 4), (7736, 1), (7834, 1), (8393, 1), (9163, 1), (9227, 4), (9453, 2), (10139, 1), (10214, 1), (10688, 1), (10751, 1), (11177, 1), (11219, 1), (118, 1), (11458, 7), (12692, 1), (12951, 1), (1329, 1), (13341, 2), (14024, 1), (14208, 1), (1618, 1), (16107, 1), (16513, 3), (17414, 1), (17672, 1), (17867, 1), (18288, 1)
betrayin (DF: 2): (3619, 1), (9434, 1)
betret (DF: 1): (2328, 3)
betroff (DF: 1): (17704, 3)
betrog (DF: 1): (8098, 1)
betrubt (DF: 1): (3381, 1)
betrug (DF: 3): (6208, 2), (13102, 1), (17716, 1)
betsu (DF: 1): (16209, 1)
bett (DF: 22): (2461, 4), (4318, 1), (4816, 1), (5525, 4), (6650, 6), (6835, 1), (681, 1), (7479, 1), (8932, 1), (10603, 1), (10860, 1), (11060, 1), (11350, 1), (1168, 11), (1176, 1), (13064, 1), (13207, 1), (14153, 1), (15926, 1), (16644, 1), (17142, 2), (17886, 3)
betta (DF: 47): (2251, 1), (2850, 1), (2878, 2), (3238, 22), (3310, 1), (3594, 1), (3999, 8), (4652, 1), (4693, 2), (5596, 1), (6168, 2), (6203, 1), (6214, 1), (7458, 2), (7819, 1), (7901, 2), (8248, 3), (909, 1), (9873, 1), (9965, 1), (11161, 1), (11265, 1), (11374, 2), (11594, 1), (11867, 3), (11880, 1), (12734, 1), (12971, 1), (13629, 3), (13652, 1), (13664, 1), (14008, 1), (14078, 1), (14264, 1), (14848, 3), (15042, 1), (15238, 1), (15705, 2), (15823, 1), (16044, 1), (16140, 2), (16238, 1), (1704, 3), (16999, 1), (1730, 2), (17133, 2), (17865, 1)
bettah (DF: 3): (2692, 2), (11041, 2), (16282, 2)
bettdeck (DF: 1): (17437, 1)
bettel (DF: 4): (4816, 1), (11552, 1), (13755, 1), (17630, 1)
betteln (DF: 2): (198, 1), (11552, 1)
better (DF: 153): (17, 2), (193, 22), (1883, 1), (1889, 2), (1894, 1), (1897, 4), (1899, 1), (194, 2), (1906, 1), (1915, 2), (1926, 1), (1938, 1), (197, 2), (1945, 1), (1948, 4), (1950, 2), (1957, 2), (1975, 1), (1977, 1), (1981, 1), (200, 1), (2001, 1), (2007, 1), (2025, 9), (2035, 2), (2039, 1), (2047, 3), (2052, 2), (202, 1), (2056, 1), (2061, 1), (2067, 1), (20, 2), (204, 4), (2071, 1), (2083, 1), (2102, 2), (2113, 1), (2132, 1), (2146, 3), (210, 1), (2165, 1), (2169, 3), (2174, 1), (2185, 1), (2197, 1), (2214, 2), (2218, 1), (2225, 6), (2232, 1), (2235, 50), (220, 1), (2255, 1), (2274, 3), (2276, 2), (2277, 1), (2284, 8), (2286, 1), (2291, 1), (2294, 2), (2305, 2), (2320, 6), (2353, 9), (2357, 1), (2364, 1), (2377, 1), (2392, 2), (2398, 1), (2415, 1), (2423, 3), (2433, 1), (2436, 2), (2444, 2), (2460, 2), (237, 1), (2501, 2), (2506, 1), (2516, 1), (2523, 10), (2531, 1), (2545, 1), (2548, 2), (2572, 6), (2580, 3), (2582, 30), (2586, 1), (2589, 2), (2594, 1), (2612, 1), (2634, 1), (2644, 8), (2660, 1), (2664, 1), (2669, 1), (2676, 2), (2677, 2), (2686, 2), (2699, 1), (2704, 1), (2706, 1), (2708, 2), (257, 1), (2727, 2), (2733, 1), (2750, 1), (2765, 1), (2771, 1), (2781, 1), (2783, 1), (2793, 1), (2799, 1), (2806, 8), (2812, 1), (2821, 1), (26, 3), (2844, 3), (274, 2), (2866, 2), (2878, 2), (2883, 1), (2888, 2), (2890, 36), (2892, 3), (2896, 2), (2908, 3), (2912, 7), (2923, 1), (2934, 2), (2936, 1), (282, 4), (2959, 1), (2971, 6), (2979, 30), (3009, 3), (3027, 1), (3041, 9), (3066, 1), (3075, 1), (3079, 2), (3081, 1), (3099, 16), (3107, 1), (300, 1), (3136, 2), (3139, 4), (3151, 2), (3166, 3), (3178, 2), (3180, 1), (3183, 1), (306, 2), (3188, 2), (3216, 3)
