mack (DF: 105): (7190, 1), (7580, 6), (7690, 1), (7771, 1), (7901, 1), (7960, 1), (8079, 1), (8133, 1), (8163, 27), (8343, 1), (841, 1), (8380, 1), (8498, 1), (8528, 1), (8532, 1), (8593, 1), (9000, 1), (9046, 1), (9194, 15), (949, 1), (9379, 1), (964, 1), (9432, 1), (980, 1), (9597, 1), (1018, 1), (1024, 3), (10272, 1), (10593, 5), (10623, 1), (10696, 1), (10771, 1), (10815, 1), (1124, 1), (11026, 1), (11197, 1), (11304, 1), (11327, 1), (11394, 26), (11462, 1), (11470, 1), (11575, 1), (11716, 2), (11805, 1), (12005, 1), (1219, 1), (12038, 1), (1226, 1), (12090, 1), (12290, 1), (12578, 4), (12848, 1), (12946, 1), (13140, 1), (13296, 5), (1354, 1), (13472, 1), (13512, 7), (13644, 1), (13797, 7), (13914, 1), (14028, 1), (14045, 1), (14078, 2), (14093, 1), (14345, 2), (14410, 1), (14665, 1), (14923, 2), (14950, 1), (15093, 1), (15144, 1), (15250, 1), (15263, 1), (1564, 2), (15703, 1), (15933, 2), (16026, 2), (16128, 2), (16214, 2), (16236, 1), (16317, 1), (16532, 2), (16582, 2), (16650, 1), (16697, 1), (16720, 12), (16890, 2), (16971, 1), (16981, 1), (16987, 18), (17162, 1), (17168, 1), (17400, 27), (17470, 1), (182, 6), (17586, 1), (17683, 2), (1790, 1), (17699, 1), (18018, 1), (18104, 1), (18193, 1), (18350, 1), (18382, 1)
mack10 (DF: 1): (7751, 2)
macka (DF: 1): (15405, 1)
mackadoci (DF: 1): (7946, 1)
mackey (DF: 1): (6938, 1)
macki (DF: 3): (11000, 12), (13454, 2), (18212, 1)
mackin (DF: 29): (2110, 3), (2644, 1), (2733, 1), (2936, 1), (3216, 1), (3486, 1), (3598, 1), (4281, 1), (5413, 1), (5692, 1), (6490, 1), (6912, 1), (8248, 1), (9063, 1), (9608, 1), (11311, 1), (1157, 3), (11397, 1), (11807, 1), (12207, 1), (13860, 1), (14410, 1), (15201, 1), (15276, 1), (15383, 1), (15677, 1), (15968, 1), (16261, 1), (18259, 1)
mackintosh (DF: 1): (16394, 1)
macklemor (DF: 14): (2939, 2), (4221, 2), (7537, 2), (7580, 1), (8960, 1), (9670, 4), (11702, 2), (12012, 2), (12049, 1), (1243, 1), (12848, 1), (15536, 1), (17315, 2), (17877, 1)
mackler (DF: 1): (9670, 2)
mackn (DF: 1): (8046, 1)
macloud (DF: 4): (4876, 1), (4998, 1), (13226, 1), (18223, 1)
maconha (DF: 4): (7563, 1), (11979, 1), (13717, 1), (16117, 1)
macoñ (DF: 1): (16401, 1)
macr (DF: 1): (3344, 1)
macross (DF: 6): (4373, 2), (6984, 1), (10786, 2), (11766, 2), (12338, 1), (17375, 1)
macs (DF: 1): (17685, 7)
macsi (DF: 1): (3726, 1)
macspid (DF: 1): (3186, 1)
macumb (DF: 1): (13930, 1)
macy (DF: 6): (4909, 1), (7082, 1), (1004, 1), (10393, 2), (15335, 2), (17861, 1)
macza (DF: 1): (16833, 1)
maczeta (DF: 1): (1825, 2)
mad (DF: 148): (1885, 2), (1889, 1), (1902, 1), (1949, 2), (1964, 1), (2002, 2), (2052, 5), (2069, 1), (2082, 1), (2093, 4), (2102, 4), (2163, 1), (2174, 1), (214, 2), (2218, 1), (2221, 3), (2228, 2), (2252, 1), (2294, 49), (2301, 1), (2305, 2), (2352, 1), (2378, 1), (2412, 2), (2418, 1), (2456, 3), (2462, 1), (2482, 6), (2512, 2), (2561, 1), (2565, 2), (2586, 7), (2590, 1), (2629, 2), (2644, 1), (2646, 1), (2708, 2), (2784, 1), (270, 2), (2838, 1), (2864, 1), (2896, 2), (2900, 1), (2927, 2), (2957, 2), (2964, 1), (2993, 1), (3019, 2), (3050, 2), (3129, 1), (3133, 1), (3156, 2), (3161, 1), (3201, 1), (3244, 1), (3249, 1), (3257, 1), (3283, 1), (3288, 1), (3350, 1), (3380, 1), (3383, 1), (336, 1), (3410, 1), (3420, 1), (3439, 1), (339, 1), (3456, 1), (3461, 2), (3485, 1), (3499, 5), (3521, 1), (3526, 1), (3537, 2), (3562, 1), (3565, 1), (3568, 1), (3637, 12), (3662, 1), (3718, 1), (3726, 1), (3727, 1), (3731, 3), (3804, 7), (3854, 2), (3867, 1), (3895, 1), (3902, 1), (3905, 1), (3912, 1), (388, 1), (3949, 3), (4008, 1), (4028, 1), (4045, 1), (4047, 1), (404, 2), (4151, 1), (4190, 1), (4206, 1), (4218, 9), (4222, 12), (4237, 1), (4283, 1), (4327, 1), (4337, 2), (4355, 4), (4366, 2), (4374, 1), (435, 1), (4407, 1), (4420, 2), (4422, 2), (4427, 1), (4459, 1), (4475, 3), (4490, 2), (4503, 1), (4517, 1), (4525, 2), (4541, 2), (4559, 2), (4575, 1), (4600, 1), (4603, 1), (4609, 1), (4622, 1), (4641, 1), (4645, 2), (4775, 1), (4776, 1), (4788, 2), (4810, 1), (4831, 4), (4833, 4), (4842, 30), (4870, 1), (4877, 1), (4895, 3), (4940, 5), (4982, 1), (4984, 1), (5018, 1), (5028, 5), (5036, 2), (5064, 1), (5099, 1), (5106, 1)
