cort (DF: 97): (3062, 3), (3158, 9), (3219, 12), (3269, 1), (4081, 2), (4209, 1), (4356, 2), (4479, 1), (4560, 1), (4633, 2), (4659, 1), (4671, 2), (5026, 2), (5040, 1), (5126, 2), (5276, 1), (5396, 2), (5480, 1), (5592, 1), (567, 3), (6025, 1), (6513, 1), (6889, 1), (6917, 1), (7104, 2), (7172, 2), (7780, 1), (7799, 1), (7904, 4), (7953, 3), (8205, 1), (8466, 2), (858, 1), (8846, 3), (9070, 2), (9090, 1), (9302, 1), (9384, 1), (9387, 1), (9410, 1), (9867, 1), (9872, 1), (1039, 1), (10363, 1), (10400, 1), (1061, 2), (10838, 2), (11098, 2), (11113, 1), (11280, 1), (11608, 4), (11662, 2), (11696, 1), (11746, 3), (12276, 1), (13090, 1), (13389, 1), (13437, 1), (13714, 1), (13892, 1), (13935, 1), (13950, 1), (13985, 1), (14085, 4), (14260, 1), (14322, 1), (1474, 4), (14487, 1), (14525, 1), (14550, 1), (14677, 1), (14743, 1), (14825, 1), (14856, 1), (15169, 1), (15198, 1), (15330, 1), (15369, 1), (15402, 1), (15560, 1), (15638, 2), (15733, 5), (15791, 1), (15815, 1), (15939, 1), (16106, 1), (16253, 1), (16289, 1), (16438, 1), (16759, 1), (16807, 1), (16905, 2), (17146, 3), (17368, 3), (18050, 4), (18163, 4), (18298, 1)
corta (DF: 2): (8590, 4), (11132, 6)
cortam (DF: 1): (5173, 1)
cortando (DF: 1): (11132, 6)
cortar (DF: 2): (3692, 1), (18136, 1)
cortei (DF: 1): (5011, 1)
cortejar (DF: 1): (6028, 1)
cortes (DF: 1): (1788, 1)
cortex (DF: 2): (7919, 2), (7973, 1)
cortez (DF: 13): (5022, 2), (567, 1), (7238, 1), (7948, 1), (8961, 1), (11169, 4), (12030, 3), (14457, 1), (14627, 1), (16373, 2), (17972, 2), (18119, 5), (18398, 2)
cortil (DF: 2): (3316, 1), (3954, 1)
cortin (DF: 2): (10804, 2), (14481, 2)
cortina (DF: 2): (13307, 4), (1659, 1)
cortison (DF: 2): (7798, 1), (18213, 1)
cortit (DF: 3): (4799, 1), (46, 1), (12833, 2)
corto (DF: 1): (17697, 1)
coruñ (DF: 1): (16004, 1)
corvett (DF: 11): (4503, 1), (604, 8), (862, 1), (9054, 1), (938, 1), (11060, 1), (12141, 4), (14526, 1), (15108, 2), (17219, 1), (17323, 4)
cory (DF: 1): (8188, 1)
cos (DF: 210): (1939, 2), (1967, 2), (1987, 1), (2001, 4), (2043, 1), (2059, 5), (2079, 2), (2098, 4), (2114, 8), (2134, 1), (2278, 1), (2306, 2), (2316, 2), (223, 1), (2351, 2), (2354, 6), (2416, 1), (2451, 1), (2461, 10), (2462, 2), (2498, 2), (2530, 2), (2623, 1), (2656, 1), (256, 4), (2743, 1), (2828, 3), (2887, 1), (2938, 4), (284, 2), (286, 1), (3198, 2), (3200, 6), (312, 1), (3308, 1), (3316, 1), (3401, 1), (3403, 2), (3459, 4), (3491, 3), (3504, 2), (3586, 2), (3587, 2), (364, 2), (3722, 1), (3853, 1), (3873, 1), (3890, 2), (3954, 8), (3963, 1), (3972, 1), (4049, 3), (4081, 1), (4086, 4), (4186, 2), (4210, 1), (417, 7), (4268, 2), (4289, 4), (4300, 3), (4352, 2), (4382, 1), (4386, 1), (4423, 1), (4515, 1), (4576, 2), (4587, 2), (4594, 3), (4605, 2), (450, 2), (4666, 1), (4678, 6), (4684, 1), (4702, 4), (4729, 1), (4846, 1), (4873, 4), (4890, 1), (4926, 7), (4948, 1), (4992, 1), (5026, 10), (5109, 1), (5116, 16), (5187, 1), (5198, 1), (5246, 6), (524, 1), (5358, 3), (5392, 2), (5396, 10), (5439, 2), (5457, 2), (5475, 2), (5512, 3), (5563, 2), (5588, 1), (5778, 2), (5821, 5), (5852, 1), (5934, 2), (5962, 1), (5990, 1), (6209, 2), (6243, 1), (6248, 1), (6263, 1), (6279, 2), (6280, 1), (628, 1), (6368, 9), (6395, 6), (6423, 1), (6449, 1), (6532, 1), (648, 2), (651, 3), (6626, 2), (6631, 2), (6651, 1), (6659, 1), (6691, 13), (6784, 2), (6798, 1), (6851, 2), (6871, 2), (6917, 1), (6928, 2), (6961, 1), (7003, 1), (7031, 1), (707, 1), (7205, 2), (7367, 4), (7380, 2), (7395, 1), (737, 2), (7412, 1), (7426, 1), (7455, 2), (7504, 1), (9, 6), (7572, 2), (7604, 1), (7726, 1), (7780, 1), (7829, 1), (7837, 1), (7904, 6), (7910, 1), (7914, 1), (7925, 1), (7935, 1), (8036, 1), (8054, 9), (8091, 1), (8099, 1), (8116, 2), (8128, 1), (8161, 1), (8171, 1), (8199, 1), (8352, 1), (8388, 1), (8410, 1), (8415, 4), (8443, 1), (8466, 1), (8478, 12), (858, 1), (8516, 1), (8518, 1), (8569, 4), (875, 1), (8671, 2), (8704, 1), (8751, 1), (8777, 1), (8792, 1), (8883, 1), (8902, 1), (8914, 1), (8923, 1), (8961, 3), (9012, 3), (9108, 1), (9185, 1), (9196, 2), (87, 1), (9222, 1), (9246, 1), (9252, 1), (9285, 2), (9348, 2), (9365, 1), (9384, 1), (9437, 1), (9470, 1), (9473, 2), (9521, 1), (9534, 1), (9568, 1), (9580, 2), (9596, 3), (982, 8), (9652, 4), (9660, 1), (9664, 3), (9671, 2), (9690, 4)
