divid (DF: 46): (10477, 1), (10773, 2), (11193, 1), (11560, 1), (11646, 3), (11698, 1), (11717, 5), (122, 3), (12071, 1), (12166, 2), (12170, 1), (12601, 1), (12636, 2), (12681, 1), (13307, 4), (13347, 1), (13352, 2), (13418, 2), (13703, 1), (13729, 2), (14055, 1), (14082, 1), (14087, 1), (14646, 8), (14817, 10), (14903, 1), (15196, 1), (15632, 1), (15809, 2), (15818, 1), (15947, 1), (15985, 1), (16040, 3), (16406, 1), (1687, 1), (1697, 2), (16746, 4), (17058, 3), (17453, 3), (17761, 1), (17938, 1), (18002, 2), (18052, 1), (18124, 1), (18287, 1), (18393, 1)
divide2017 (DF: 1): (12937, 1)
dividend (DF: 15): (1964, 1), (2644, 1), (3288, 1), (4764, 1), (5645, 1), (702, 1), (7857, 1), (8181, 2), (12010, 2), (14377, 1), (16156, 1), (16543, 1), (17354, 1), (17550, 1), (1849, 1)
dividia (DF: 1): (16522, 1)
dividim (DF: 1): (982, 2)
dividindo (DF: 2): (7649, 2), (1183, 1)
dividir (DF: 4): (9494, 1), (12348, 1), (15322, 1), (16035, 1)
divido (DF: 2): (5959, 1), (9087, 1)
diviert (DF: 2): (1159, 1), (12493, 20)
diviertet (DF: 1): (5198, 1)
divin (DF: 114): (1931, 1), (2086, 1), (2190, 1), (2198, 1), (2267, 1), (2446, 1), (2806, 1), (2992, 1), (3060, 1), (3083, 4), (3136, 2), (3184, 1), (3194, 1), (3338, 2), (3458, 1), (3619, 1), (359, 1), (3764, 2), (3863, 1), (403, 1), (4186, 2), (417, 1), (4264, 2), (4484, 1), (4879, 2), (4927, 2), (5253, 1), (5307, 1), (5356, 4), (5462, 4), (5522, 10), (5574, 2), (5640, 1), (5710, 6), (5762, 1), (580, 4), (6283, 1), (6570, 1), (6805, 1), (7019, 5), (7022, 1), (7249, 2), (7349, 1), (7378, 1), (7653, 1), (7690, 1), (7758, 1), (7897, 1), (8116, 1), (8315, 1), (8628, 1), (8807, 1), (8900, 1), (8969, 1), (951, 1), (9534, 1), (9938, 1), (1015, 1), (9953, 1), (10115, 1), (1095, 1), (1098, 1), (10776, 1), (10833, 1), (10923, 1), (11815, 1), (12044, 1), (12087, 1), (12197, 2), (12271, 1), (12532, 2), (12584, 2), (12657, 2), (12771, 2), (12780, 1), (12846, 1), (13235, 1), (13337, 2), (13442, 1), (13726, 1), (13858, 1), (1412, 1), (14016, 1), (14190, 1), (14385, 2), (14402, 2), (149, 1), (1476, 2), (14, 1), (15173, 2), (15231, 1), (15634, 1), (15720, 2), (15786, 2), (15847, 1), (15947, 1), (16072, 6), (16076, 1), (16488, 1), (16801, 1), (16870, 1), (16953, 1), (17477, 1), (17788, 7), (17867, 1), (18060, 1), (18160, 1), (18260, 1), (18295, 3), (18311, 1), (1853, 4), (1865, 2), (7788, 1), (7789, 1)
divinooo (DF: 1): (4879, 1)
divis (DF: 21): (2940, 1), (3879, 1), (4120, 1), (5317, 1), (5843, 1), (7406, 1), (8272, 1), (8367, 1), (9140, 1), (9222, 1), (10200, 1), (10491, 1), (12524, 1), (12602, 4), (13269, 1), (13727, 1), (15610, 1), (15866, 1), (16879, 1), (17329, 1), (17718, 1)
divisa (DF: 1): (2833, 1)
divor (DF: 1): (12256, 1)
divorc (DF: 20): (245, 1), (3156, 1), (3206, 1), (3432, 1), (3510, 4), (3789, 1), (5059, 2), (7559, 1), (9301, 1), (10458, 1), (11050, 1), (11986, 1), (12766, 1), (13062, 1), (13564, 1), (14228, 1), (15456, 1), (15870, 1), (16491, 1), (15, 1)
divorce (DF: 2): (7179, 1), (8804, 1)
divorcin (DF: 1): (6087, 1)
divulg (DF: 1): (4916, 1)
divvi (DF: 1): (8475, 1)
dix (DF: 2): (4197, 1), (7607, 2)
dixavo (DF: 1): (1183, 2)
dixi (DF: 20): (3653, 1), (4254, 1), (5190, 1), (6732, 1), (6857, 17), (7131, 1), (7232, 6), (7473, 1), (8359, 2), (9115, 1), (9608, 1), (11954, 1), (12138, 1), (13351, 4), (14710, 3), (1552, 1), (15584, 1), (15740, 1), (16144, 2), (16489, 1)
dixieland (DF: 4): (4254, 1), (9188, 4), (13351, 7), (1381, 2)
dixon (DF: 2): (1479, 1), (17305, 1)
diy (DF: 3): (4686, 2), (10227, 1), (10442, 3)
diya (DF: 4): (2086, 1), (4686, 2), (11725, 1), (13515, 1)
diyan (DF: 4): (4421, 8), (8534, 3), (10667, 5), (12368, 1)
diyang (DF: 1): (15763, 1)
diyo (DF: 2): (4563, 1), (18247, 5)
diyorum (DF: 1): (16496, 4)
diz (DF: 43): (2242, 2), (2631, 1), (2651, 2), (2839, 1), (3504, 1), (3692, 4), (3870, 4), (4049, 1), (4189, 3), (4357, 1), (5388, 3), (6270, 1), (6321, 3), (6682, 3), (6844, 1), (7563, 2), (8938, 1), (8994, 4), (9087, 2), (9120, 2), (9223, 6), (9396, 2), (9637, 2), (1072, 1), (10598, 1), (10637, 6), (10679, 1), (11401, 3), (1188, 1), (11685, 1), (11689, 1), (13066, 1), (1379, 1), (14182, 1), (14550, 2), (14615, 8), (16260, 1), (16522, 5), (16847, 1), (16850, 1), (17555, 3), (17649, 2), (18397, 1)
dizem (DF: 3): (6234, 1), (10679, 30), (16847, 1)
dizendo (DF: 7): (3007, 1), (3467, 1), (3692, 1), (5118, 2), (13307, 1), (15274, 2), (16522, 1)
dizer (DF: 1): (2242, 1)
