machin (DF: 138): (7922, 2), (805, 1), (8059, 1), (8079, 1), (8124, 2), (8283, 1), (8319, 1), (8349, 2), (8382, 2), (8533, 1), (8548, 1), (8705, 1), (8750, 1), (8847, 1), (8881, 11), (8907, 1), (9011, 4), (9281, 1), (9529, 1), (9566, 1), (9604, 1), (9633, 1), (9739, 1), (10078, 1), (10086, 6), (10102, 1), (10118, 3), (1034, 2), (10365, 4), (10388, 1), (10473, 1), (10567, 1), (10615, 1), (10758, 1), (10904, 1), (1119, 1), (11166, 1), (11175, 2), (11278, 2), (11287, 1), (1157, 1), (11485, 1), (11665, 1), (11681, 1), (11735, 1), (1200, 1), (11787, 3), (11873, 4), (11956, 2), (12031, 1), (12078, 1), (12120, 1), (1236, 3), (12179, 2), (12238, 1), (12327, 2), (12580, 3), (12668, 1), (12675, 1), (1294, 8), (12733, 1), (12742, 1), (12777, 3), (12876, 1), (12953, 1), (1315, 1), (13052, 1), (13060, 1), (1319, 1), (13124, 1), (13201, 1), (13279, 1), (13364, 1), (13521, 1), (13523, 8), (13562, 1), (13600, 1), (1380, 3), (13632, 1), (13644, 1), (13724, 1), (13774, 2), (13883, 7), (13900, 1), (13985, 1), (14022, 1), (1463, 2), (14318, 1), (1466, 3), (14421, 4), (14473, 2), (14567, 2), (14638, 2), (14670, 1), (14681, 1), (14757, 1), (14926, 1), (15091, 2), (15130, 1), (15244, 1), (15312, 1), (15390, 2), (15613, 4), (15631, 1), (15812, 2), (16005, 1), (16190, 1), (16239, 1), (16306, 5), (16417, 14), (16436, 3), (16500, 1), (16675, 2), (16825, 1), (16893, 3), (16905, 2), (16986, 1), (17066, 3), (17168, 1), (17492, 2), (1773, 1), (17507, 1), (17519, 1), (17614, 1), (17753, 1), (17867, 4), (17926, 4), (17966, 2), (18004, 2), (18087, 2), (18173, 1), (18206, 1), (18300, 1), (18414, 1), (18435, 1), (1863, 2), (14885, 1), (14886, 2)
machina (DF: 1): (8750, 1)
machineheart (DF: 2): (4095, 1), (13556, 1)
machineri (DF: 11): (2935, 1), (4069, 1), (4767, 4), (6342, 1), (790, 3), (8634, 1), (10164, 1), (11406, 2), (12601, 1), (15313, 1), (16219, 1)
machinez (DF: 2): (15283, 1), (16258, 1)
machism (DF: 1): (18321, 1)
macho (DF: 11): (2154, 1), (3769, 1), (3936, 4), (5031, 8), (5811, 1), (9710, 8), (12355, 1), (13261, 4), (13309, 1), (13969, 4), (16521, 1)
machot (DF: 2): (364, 2), (16223, 1)
macht (DF: 84): (198, 2), (2050, 1), (2078, 1), (2496, 1), (246, 1), (2637, 1), (2729, 1), (2881, 8), (3048, 2), (3570, 8), (3962, 1), (397, 1), (4124, 5), (4192, 2), (4318, 1), (4387, 6), (437, 9), (4989, 2), (5051, 1), (5206, 3), (5459, 1), (5691, 1), (5775, 2), (5955, 3), (6620, 1), (6748, 1), (7720, 1), (7983, 2), (8019, 1), (8260, 6), (8498, 24), (8670, 1), (9199, 1), (9457, 3), (9788, 1), (9999, 2), (10074, 3), (10157, 2), (10215, 2), (10239, 1), (10659, 3), (10958, 1), (11024, 2), (11060, 2), (11122, 1), (11459, 1), (11476, 19), (11521, 2), (11522, 7), (11772, 1), (12212, 2), (1244, 2), (12356, 1), (12363, 2), (12453, 1), (12822, 1), (12839, 1), (13091, 1), (13125, 3), (13190, 2), (13520, 9), (14153, 1), (14263, 1), (14419, 1), (14426, 1), (1484, 1), (14613, 2), (14690, 2), (14752, 2), (15010, 3), (15050, 2), (15269, 1), (15536, 1), (16507, 1), (16745, 2), (16811, 1), (1715, 1), (16919, 1), (16963, 1), (17136, 2), (17142, 3), (17437, 1), (1771, 2), (17716, 1)
machth (DF: 1): (10833, 1)
machtkampf (DF: 1): (18073, 1)
machtlos (DF: 1): (5775, 1)
machtubernahm (DF: 1): (2328, 1)
machtwechsel (DF: 2): (1715, 1), (17136, 1)
machtwort (DF: 1): (1715, 1)
machu (DF: 1): (15521, 1)
machuc (DF: 5): (577, 1), (7068, 1), (8632, 2), (9536, 1), (12661, 1)
machuca (DF: 2): (11487, 2), (16522, 1)
machucando (DF: 1): (8858, 2)
machuqu (DF: 1): (12351, 1)
machuquei (DF: 1): (1881, 1)
maci (DF: 8): (3205, 2), (4165, 1), (7591, 2), (10643, 2), (13604, 1), (16442, 1), (1825, 2), (1829, 1)
macin (DF: 1): (5225, 1)
macita (DF: 3): (4944, 1), (11594, 1), (17235, 1)
maciz (DF: 4): (8187, 1), (11356, 1), (11433, 1), (15678, 1)
mack (DF: 47): (1902, 1), (202, 2), (2278, 1), (221, 2), (2509, 1), (2562, 1), (2840, 1), (2887, 1), (2923, 1), (3052, 1), (3161, 1), (3581, 1), (3612, 2), (3963, 1), (4218, 3), (4407, 1), (441, 5), (4641, 1), (4668, 1), (4718, 2), (4731, 3), (4941, 1), (4942, 2), (5041, 2), (5068, 2), (5312, 1), (5494, 1), (5506, 1), (5513, 2), (5525, 4), (5529, 1), (5587, 2), (579, 1), (6020, 1), (6064, 2), (6189, 1), (6203, 1), (6266, 1), (624, 1), (6327, 1), (6329, 4), (6478, 12), (6571, 1), (6761, 2), (6771, 1), (6788, 1), (6824, 32)
