gir (DF: 53): (9203, 1), (9222, 2), (9267, 1), (9420, 1), (9486, 1), (9515, 1), (9596, 5), (1000, 2), (9808, 3), (9873, 3), (1010, 7), (9965, 1), (10234, 1), (10285, 1), (10380, 3), (10840, 1), (1111, 1), (11314, 1), (11452, 1), (11644, 2), (11878, 1), (13019, 1), (13209, 1), (13263, 1), (13337, 1), (13817, 1), (14029, 10), (14322, 1), (14517, 1), (1485, 1), (1501, 2), (14815, 1), (15063, 1), (15124, 1), (15335, 2), (15518, 1), (15864, 2), (16022, 1), (16024, 1), (16143, 2), (1677, 2), (16749, 1), (16756, 1), (16886, 1), (17343, 1), (17550, 1), (17881, 5), (18023, 1), (18083, 1), (18264, 1), (1850, 3), (18408, 2), (18442, 1)
gira (DF: 2): (2805, 1), (8590, 4)
giraan (DF: 1): (10975, 1)
giraff (DF: 5): (2765, 1), (4972, 1), (588, 1), (9944, 2), (1031, 1)
giraffag (DF: 2): (5597, 2), (11205, 1)
girando (DF: 1): (6270, 4)
giranim (DF: 1): (6403, 1)
girasol (DF: 2): (5574, 1), (13337, 1)
girat (DF: 1): (18053, 1)
girbaud (DF: 5): (7544, 2), (9866, 1), (13208, 1), (14377, 1), (16140, 1)
girdl (DF: 2): (6061, 1), (18351, 5)
gireul (DF: 1): (32, 1)
girgit (DF: 2): (4686, 1), (10833, 1)
giri (DF: 1): (12368, 1)
girl (DF: 285): (2, 7), (17, 1), (1893, 16), (1904, 1), (194, 2), (1906, 2), (1916, 1), (1919, 1), (1920, 20), (197, 6), (1924, 2), (1926, 1), (1933, 1), (1944, 1), (1949, 1), (1952, 4), (1955, 8), (1968, 1), (1970, 2), (1972, 4), (1974, 1), (1994, 2), (1999, 6), (2001, 1), (2005, 1), (2011, 5), (2019, 2), (2026, 1), (2028, 1), (202, 3), (2045, 1), (2046, 1), (2048, 2), (2052, 1), (2053, 1), (2068, 4), (2073, 1), (2080, 10), (2081, 1), (2083, 1), (2091, 2), (2110, 3), (2131, 4), (2135, 2), (2139, 12), (2146, 6), (207, 3), (2153, 4), (2159, 1), (2160, 2), (2164, 2), (2167, 2), (2174, 2), (2176, 2), (2177, 3), (2184, 1), (2186, 3), (2192, 1), (2199, 9), (2207, 14), (2208, 3), (2218, 1), (2229, 2), (2231, 1), (2235, 1), (2236, 2), (2240, 2), (2247, 1), (2252, 6), (2255, 1), (2256, 1), (221, 2), (2269, 1), (2282, 2), (2286, 1), (2290, 4), (2294, 2), (2307, 2), (2312, 1), (223, 4), (2350, 1), (2355, 65), (226, 1), (2362, 1), (228, 1), (2374, 1), (2389, 1), (2393, 1), (2397, 5), (2405, 1), (2413, 3), (2419, 3), (231, 2), (2424, 15), (2427, 3), (2442, 4), (235, 4), (2449, 2), (2459, 10), (2462, 1), (237, 4), (2470, 1), (2471, 2), (2484, 1), (2494, 5), (2497, 2), (242, 2), (2509, 4), (2512, 4), (2515, 12), (2523, 4), (244, 2), (2532, 17), (2536, 2), (2543, 2), (2545, 1), (2557, 5), (2561, 4), (2565, 7), (2568, 2), (2578, 1), (2583, 4), (2584, 3), (2587, 1), (2591, 38), (2595, 2), (2600, 1), (2605, 1), (2610, 6), (2613, 2), (2615, 3), (2627, 2), (2634, 2), (26, 6), (2646, 5), (2650, 2), (2665, 44), (2669, 1), (255, 1), (2687, 1), (2692, 3), (2699, 13), (2705, 2), (2708, 2), (257, 6), (2714, 1), (2719, 14), (2730, 1), (2737, 1), (2749, 3), (2756, 2), (2760, 1), (265, 2), (2767, 1), (2779, 16), (2791, 1), (2803, 2), (2806, 2), (2808, 2), (2817, 4), (2819, 15), (2825, 1), (2838, 1), (273, 4), (2843, 1), (2846, 2), (2850, 1), (2851, 17), (2856, 8), (2857, 2), (2865, 2), (2871, 2), (2878, 6), (275, 1), (2882, 1), (2884, 5), (2890, 2), (2896, 1), (2897, 1), (2899, 1), (2901, 4), (2910, 4), (278, 22), (2927, 2), (2931, 7), (2932, 1), (2936, 1), (2939, 2), (2957, 1), (2964, 3), (3001, 1), (3002, 1), (287, 7), (3015, 5), (3033, 7), (3037, 1), (3043, 1), (3058, 1), (3064, 1), (3065, 2), (3070, 2), (3076, 8), (3083, 1), (3094, 10), (3095, 2), (3096, 1), (3101, 2), (298, 15), (3116, 1), (3121, 1), (3128, 1), (3133, 3), (3142, 3), (3149, 1), (3164, 1), (3175, 5), (3179, 2), (3188, 2), (3190, 2), (3205, 2), (3209, 1), (3211, 1), (3217, 3), (3220, 1), (3224, 1), (3234, 4), (317, 1), (3244, 6), (3246, 7), (320, 1), (3268, 3), (322, 4), (3271, 1), (3278, 5), (3282, 2), (3286, 1), (3294, 14), (3300, 5), (3318, 1), (3329, 1), (3335, 1), (3338, 2), (332, 1), (3355, 1), (3363, 4), (3399, 1), (3404, 8), (3408, 1), (3413, 13), (3417, 9), (3424, 2), (3432, 2), (3437, 1), (3444, 2), (3463, 1), (3484, 1), (3486, 1), (3487, 1), (3498, 2), (3508, 1), (3510, 6), (3520, 1), (3522, 4), (3529, 6), (3537, 8), (3542, 1), (3544, 1), (3549, 8), (348, 1), (3556, 1), (3558, 1), (3561, 1), (352, 5), (3592, 2), (3601, 2), (3604, 7), (3618, 5), (3619, 1), (3636, 1), (356, 2), (3647, 2), (3651, 2), (3655, 1), (3661, 1), (3675, 1)
