muthafucka (DF: 25): (8107, 1), (8852, 3), (9073, 1), (9668, 1), (10257, 1), (10571, 1), (10645, 12), (10783, 2), (11748, 1), (12005, 1), (12150, 4), (13037, 1), (13116, 1), (13208, 7), (1343, 5), (13334, 60), (13343, 3), (13398, 2), (13601, 1), (13773, 1), (14229, 1), (14264, 1), (14391, 2), (15334, 1), (16720, 1)
muthafuckaz (DF: 1): (7574, 2)
muthafucken (DF: 2): (5734, 1), (8778, 2)
muthafuckin (DF: 56): (2147, 1), (2850, 4), (3117, 1), (337, 1), (3484, 2), (3612, 1), (3900, 1), (4766, 2), (4818, 1), (4895, 18), (4905, 2), (4907, 3), (4933, 1), (5085, 3), (5325, 6), (5340, 2), (5506, 4), (5633, 2), (595, 2), (7090, 2), (7237, 1), (7297, 3), (731, 1), (7520, 1), (7574, 2), (8238, 3), (8470, 3), (8726, 1), (8852, 5), (9379, 1), (9625, 1), (9730, 1), (1024, 1), (10480, 3), (10701, 1), (10783, 3), (10929, 1), (11188, 1), (11241, 1), (12150, 4), (12553, 1), (13037, 5), (13208, 1), (1343, 1), (13368, 1), (13398, 1), (13472, 2), (13773, 3), (14264, 4), (14601, 1), (1512, 1), (15294, 1), (15334, 1), (16300, 1), (16582, 1), (18450, 1)
muthaphuckkin (DF: 2): (11929, 17), (14093, 1)
muthaphukkin (DF: 1): (14093, 3)
muther (DF: 1): (1594, 3)
mutherfuck (DF: 6): (6397, 1), (8445, 7), (1328, 1), (13971, 1), (15364, 1), (15800, 2)
mutherfucka (DF: 4): (4533, 1), (5907, 1), (13196, 1), (14345, 2)
mutherfuckin (DF: 5): (4533, 1), (5907, 1), (13196, 1), (13632, 1), (15800, 2)
mutil (DF: 7): (6135, 1), (10621, 2), (11334, 6), (12056, 1), (12534, 2), (13829, 2), (15340, 1)
mutin (DF: 1): (17725, 1)
mutiner (DF: 1): (649, 1)
mutini (DF: 4): (8475, 1), (14502, 1), (16861, 2), (17425, 1)
mutji (DF: 1): (7941, 1)
muto (DF: 1): (8938, 1)
mutombo (DF: 6): (5463, 1), (6734, 1), (6999, 1), (759, 1), (12756, 1), (15524, 2)
mutt (DF: 54): (2170, 4), (2637, 4), (2895, 1), (3108, 2), (3437, 1), (3849, 1), (3984, 1), (437, 1), (484, 1), (493, 1), (5206, 1), (5382, 1), (5429, 1), (5577, 2), (5691, 1), (5775, 1), (6620, 1), (6748, 2), (6835, 1), (7411, 1), (778, 1), (7977, 1), (8260, 3), (8999, 1), (9199, 1), (9788, 2), (10074, 2), (10239, 2), (10958, 5), (1176, 1), (12104, 1), (1244, 2), (12363, 2), (12822, 1), (12839, 1), (13202, 1), (13755, 1), (1430, 1), (14153, 1), (14254, 1), (14426, 1), (15517, 1), (1647, 1), (16290, 1), (16309, 1), (16579, 1), (16640, 1), (16745, 2), (1715, 1), (16963, 1), (17136, 3), (17630, 1), (1845, 1), (18415, 1)
mutterfick (DF: 2): (5149, 2), (12433, 1)
mutterschoss (DF: 1): (9999, 2)
mutti (DF: 1): (5049, 1)
mutual (DF: 12): (3156, 1), (3811, 1), (4062, 1), (5213, 4), (5378, 1), (8850, 3), (10098, 2), (11449, 1), (11584, 3), (14702, 3), (14829, 1), (17646, 1)
mutumbo (DF: 1): (17988, 1)
muu (DF: 2): (5535, 1), (11725, 1)
muur (DF: 1): (4297, 6)
muy (DF: 15): (1935, 4), (2084, 4), (270, 1), (8775, 1), (9368, 2), (11487, 4), (11563, 2), (11650, 1), (1256, 6), (13432, 1), (13518, 1), (14789, 4), (16127, 1), (16405, 6), (18359, 1)
muz (DF: 2): (8604, 1), (18065, 6)
muza (DF: 1): (16526, 8)
muzak (DF: 2): (1463, 1), (17750, 1)
muziek (DF: 2): (3748, 1), (6008, 1)
muzik (DF: 4): (4037, 1), (5168, 1), (11835, 2), (15610, 1)
muzyka (DF: 4): (250, 1), (4358, 1), (16366, 4), (18065, 1)
muzzl (DF: 5): (270, 1), (8694, 2), (975, 3), (10040, 1), (11663, 1)
muévelo (DF: 2): (4214, 6), (10363, 1)
muévem (DF: 1): (2843, 1)
muévet (DF: 2): (6137, 4), (9095, 2)
muñec (DF: 21): (328, 1), (4152, 6), (4209, 1), (4257, 30), (6384, 2), (7508, 1), (9431, 1), (10866, 1), (11242, 6), (1259, 1), (12959, 3), (13481, 1), (14172, 2), (1474, 2), (14677, 1), (1665, 2), (16593, 1), (16715, 1), (16759, 1), (17368, 1), (18441, 1)
muñecon (DF: 2): (5945, 2), (13416, 2)
muñenc (DF: 1): (4009, 1)
muñequit (DF: 8): (5017, 1), (5173, 1), (5621, 1), (7766, 6), (11413, 1), (13272, 1), (14856, 1), (15894, 1)
muñequita (DF: 2): (5369, 2), (6330, 1)
muñoz (DF: 1): (1631, 1)
mv (DF: 1): (5663, 2)
mvltifvcetvdv (DF: 1): (16353, 1)
mvp (DF: 13): (3485, 1), (4339, 1), (637, 1), (691, 1), (7202, 2), (10659, 1), (11862, 1), (12543, 1), (13052, 4), (13158, 1), (1424, 1), (15164, 2), (15866, 1)
