garfunkel (DF: 3): (5617, 1), (13031, 1), (13959, 1)
garg (DF: 1): (14390, 1)
gargant (DF: 9): (3722, 1), (3890, 1), (4246, 1), (7676, 4), (8199, 1), (875, 1), (12506, 8), (15939, 1), (178, 1)
gargl (DF: 3): (2174, 1), (12029, 8), (14049, 2)
gargol (DF: 12): (371, 1), (4633, 2), (5754, 4), (6251, 2), (7760, 1), (7904, 2), (8945, 2), (11059, 3), (11413, 1), (14390, 2), (14956, 34), (16843, 3)
gargoyl (DF: 1): (18073, 1)
gari (DF: 21): (3763, 2), (3871, 1), (5657, 1), (6162, 1), (623, 1), (6754, 1), (6927, 1), (7014, 2), (7660, 1), (8192, 1), (10412, 1), (10446, 1), (10502, 1), (10654, 1), (11664, 1), (12245, 1), (13486, 1), (15106, 1), (15273, 1), (1695, 1), (16690, 1)
garibon (DF: 1): (149, 1)
garii (DF: 1): (7071, 1)
garit (DF: 1): (10651, 1)
garja (DF: 1): (4686, 1)
gark (DF: 1): (9138, 1)
garlic (DF: 2): (4641, 1), (17417, 1)
garment (DF: 16): (4345, 2), (4506, 1), (6265, 1), (6543, 1), (8083, 2), (8519, 1), (8903, 1), (10039, 1), (11291, 2), (13696, 1), (13836, 1), (14877, 1), (15726, 2), (16279, 1), (16536, 2), (179, 1)
garmi (DF: 1): (15778, 2)
garmiani (DF: 6): (6188, 2), (8607, 1), (115, 1), (12740, 2), (14921, 1), (18227, 2)
garniaku (DF: 1): (7916, 1)
garnish (DF: 1): (15726, 2)
garnitur (DF: 1): (16860, 1)
garota (DF: 4): (5011, 1), (1415, 1), (16522, 1), (18397, 1)
garoto (DF: 1): (8938, 1)
garoupa (DF: 1): (16522, 1)
garr (DF: 8): (4544, 2), (4912, 1), (6243, 1), (9206, 6), (10233, 1), (1582, 1), (17735, 1), (18305, 1)
garrafa (DF: 7): (3007, 1), (9223, 1), (9876, 1), (10316, 2), (11808, 1), (11979, 1), (15562, 2)
garrapater (DF: 1): (14481, 1)
garratt (DF: 1): (8773, 1)
garrett (DF: 2): (9488, 1), (15090, 1)
garri (DF: 1): (8534, 2)
garrick (DF: 1): (17945, 1)
garrix (DF: 74): (1982, 1), (2683, 1), (2774, 1), (2941, 1), (3058, 2), (3836, 1), (4029, 1), (4221, 1), (4590, 1), (4865, 2), (4896, 1), (4946, 1), (5069, 1), (5233, 1), (5240, 1), (5328, 1), (6093, 1), (6537, 1), (6549, 2), (6739, 1), (7381, 1), (7562, 1), (7802, 1), (8314, 1), (8453, 1), (961, 1), (9793, 1), (9880, 1), (10618, 1), (10671, 1), (10950, 1), (11422, 1), (11776, 1), (11966, 1), (12012, 1), (12020, 1), (12113, 1), (12139, 1), (12349, 1), (12664, 1), (12938, 1), (13040, 2), (13094, 1), (13241, 1), (1339, 1), (13333, 1), (1348, 1), (13386, 1), (13995, 1), (14110, 1), (1472, 1), (14851, 1), (14867, 1), (15223, 1), (15277, 1), (15386, 1), (15572, 1), (15644, 1), (16090, 1), (16320, 1), (16761, 1), (16887, 1), (16931, 1), (17176, 1), (17315, 1), (17595, 1), (17621, 1), (17669, 1), (18044, 1), (18058, 1), (18063, 1), (18337, 1), (954, 1), (957, 1)
garrot (DF: 1): (6527, 1)
garstka (DF: 1): (7313, 1)
gart (DF: 5): (5559, 1), (6835, 1), (11521, 1), (14263, 1), (16290, 1)
gartentipps (DF: 1): (6835, 1)
garter (DF: 1): (8133, 1)
gartner (DF: 4): (5104, 1), (9588, 1), (1630, 1), (16651, 1)
garvey (DF: 1): (3068, 1)
garyeo (DF: 1): (13096, 1)
garza (DF: 1): (13368, 1)
garzi (DF: 1): (15966, 1)
garçon (DF: 5): (5801, 1), (9627, 1), (14532, 1), (15912, 1), (16635, 1)
garçons (DF: 1): (13019, 1)
gas (DF: 128): (1931, 3), (1987, 2), (2010, 1), (2014, 9), (2048, 1), (2057, 1), (2061, 1), (2083, 1), (2231, 2), (21, 1), (221, 2), (222, 1), (2305, 1), (2322, 1), (2405, 1), (246, 1), (2636, 2), (2653, 2), (2679, 1), (2943, 1), (285, 4), (3054, 1), (3067, 2), (3133, 2), (3201, 1), (3206, 1), (3383, 1), (3462, 1), (3466, 1), (3565, 1), (350, 1), (3589, 1), (3598, 1), (359, 3), (369, 1), (3930, 3), (4069, 2), (4134, 1), (4145, 1), (4148, 1), (4165, 1), (417, 1), (4259, 1), (4339, 1), (4359, 1), (434, 7), (4527, 1), (4561, 3), (4723, 1), (4811, 2), (4814, 1), (4818, 1), (4928, 1), (486, 2), (5030, 1), (5041, 1), (5172, 1), (5245, 1), (537, 4), (5555, 1), (5570, 2), (5576, 1), (5775, 1), (5782, 4), (5786, 3), (5863, 2), (5908, 16), (5930, 1), (6061, 3), (6087, 1), (603, 2), (6124, 1), (6141, 1), (6256, 1), (6259, 1), (6275, 1), (6304, 1), (6391, 4), (6543, 1), (6582, 1), (6644, 2), (6684, 1), (6799, 1), (675, 6), (681, 1), (6890, 1), (6910, 9), (6936, 7), (6990, 1), (7018, 1), (7057, 1), (696, 2), (7132, 1), (7250, 1), (7287, 2), (7373, 3), (7411, 1), (7451, 1), (7473, 2), (7486, 2), (7515, 2), (7518, 2), (7538, 2), (7597, 1), (7644, 2), (7661, 5), (7720, 1), (7752, 1), (7787, 1), (7857, 1), (7860, 1), (802, 1), (7928, 1), (7960, 1), (7973, 1), (7988, 1), (8167, 3), (8248, 1), (8340, 1), (8445, 1), (8579, 1), (8666, 1), (8745, 2), (8784, 6), (8809, 1), (8818, 1), (8822, 1), (8943, 1)
