bandit (DF: 26): (10693, 1), (11374, 1), (11883, 1), (1238, 14), (12209, 1), (12597, 2), (12809, 1), (12981, 4), (13377, 1), (13996, 1), (14180, 1), (14254, 1), (14978, 58), (1550, 8), (15341, 1), (15376, 2), (15469, 1), (15625, 2), (1654, 1), (16371, 1), (16630, 1), (17031, 2), (17186, 1), (17377, 1), (17812, 1), (17910, 4)
bandita (DF: 1): (7397, 1)
bandiyo (DF: 1): (18053, 1)
bando (DF: 37): (2084, 2), (2192, 1), (2256, 2), (4295, 1), (4914, 2), (5011, 1), (5031, 8), (6071, 3), (6098, 1), (676, 2), (7106, 1), (7339, 5), (7806, 1), (7844, 6), (8113, 1), (8167, 3), (8210, 10), (8951, 3), (9710, 8), (9879, 3), (11293, 2), (11483, 1), (12733, 1), (12832, 3), (13261, 4), (1367, 1), (13969, 4), (14032, 7), (14604, 1), (14789, 2), (15207, 1), (15294, 1), (1574, 2), (15612, 4), (16526, 4), (181, 1), (18027, 2)
bandol (DF: 1): (13576, 7)
bandoleiro (DF: 1): (13307, 2)
bandoler (DF: 17): (3665, 3), (3669, 1), (7223, 2), (7572, 2), (8454, 1), (8478, 2), (9252, 11), (9972, 10), (10109, 4), (10793, 6), (10952, 1), (13576, 8), (14825, 4), (1519, 2), (16465, 3), (16528, 4), (17525, 1)
bandolero (DF: 1): (7397, 3)
bandon (DF: 1): (18264, 1)
bandook (DF: 1): (9688, 1)
bandstand (DF: 2): (4441, 2), (8433, 1)
bandwagon (DF: 4): (2489, 1), (3238, 1), (3886, 1), (5953, 1)
bandyta (DF: 1): (14869, 1)
bandz (DF: 4): (3795, 1), (14932, 2), (15620, 2), (17296, 36)
bandzi (DF: 1): (1655, 1)
bandéan (DF: 1): (8210, 1)
bane (DF: 9): (4686, 1), (5582, 1), (5636, 1), (5830, 1), (6493, 1), (11179, 1), (11711, 1), (13443, 1), (13569, 1)
banega (DF: 1): (18053, 1)
banei (DF: 1): (5478, 1)
baneya (DF: 1): (8534, 1)
bang (DF: 214): (1922, 1), (1924, 6), (2028, 2), (2036, 3), (204, 2), (2104, 1), (2147, 5), (2170, 2), (2194, 1), (2225, 2), (2241, 2), (2260, 2), (2269, 1), (2361, 1), (2406, 1), (2494, 2), (2541, 10), (2567, 3), (2599, 2), (2637, 3), (2669, 1), (2729, 1), (2735, 1), (2737, 1), (2747, 1), (2787, 1), (2809, 2), (2843, 2), (2878, 1), (2957, 1), (3052, 2), (3064, 12), (3084, 3), (303, 4), (3201, 1), (3234, 2), (3248, 48), (3249, 1), (324, 1), (3330, 4), (3381, 1), (3469, 2), (3483, 2), (3498, 6), (3581, 6), (3597, 2), (3598, 3), (3652, 3), (3768, 24), (4, 7), (3813, 1), (3822, 6), (377, 2), (3887, 2), (3999, 2), (4008, 1), (4059, 4), (405, 1), (407, 1), (4124, 16), (4127, 4), (4150, 3), (4165, 1), (4182, 43), (4218, 3), (4287, 24), (4295, 4), (4381, 1), (4405, 1), (4452, 2), (4476, 8), (441, 1), (4572, 43), (4587, 16), (4627, 3), (4669, 3), (4680, 7), (4746, 2), (4762, 1), (4784, 3), (4866, 1), (4874, 2), (4887, 1), (4942, 14), (4956, 2), (4962, 4), (4992, 4), (5050, 2), (5056, 4), (5073, 3), (5087, 1), (5149, 3), (5199, 1), (5273, 2), (5296, 1), (524, 5), (5300, 2), (5312, 1), (5325, 6), (5340, 1), (5345, 16), (5489, 1), (5565, 4), (5691, 2), (51, 2), (5720, 6), (5811, 2), (5840, 2), (5851, 1), (5862, 3), (591, 1), (6098, 1), (6146, 1), (6151, 1), (6164, 3), (6220, 1), (6265, 1), (6361, 2), (6543, 1), (6607, 4), (6620, 2), (6748, 1), (6761, 2), (6788, 1), (6800, 1), (63, 2), (6819, 1), (6835, 3), (6858, 1), (7000, 2), (691, 1), (7020, 5), (7102, 1), (7113, 1), (7207, 2), (7213, 3), (7242, 19), (7249, 7), (7290, 2), (7348, 5), (7421, 1), (7466, 1), (7516, 2), (7520, 2), (755, 9), (7566, 16), (7574, 1), (7607, 2), (7663, 2), (7688, 2), (7745, 6), (7758, 2), (7761, 5), (8113, 1), (8204, 2), (8235, 1), (8237, 2), (8259, 1), (8316, 1), (8347, 1), (8467, 2), (8490, 2), (8498, 2), (8529, 1), (8564, 1), (8733, 2), (8765, 3), (8768, 8), (8831, 4), (9026, 2), (9073, 1), (9083, 1), (9187, 60), (938, 2), (9263, 4), (9332, 1), (9352, 5), (9450, 3), (9457, 1), (9567, 1), (9749, 1), (9758, 1), (9832, 1), (9887, 4), (9922, 2), (9929, 4), (9994, 4), (1021, 3), (10029, 1), (10157, 1), (10227, 5), (1038, 5), (10272, 2), (10346, 1), (10348, 1), (10394, 1), (10454, 1), (10480, 1), (10505, 2), (10541, 2), (10558, 3), (10584, 3), (10599, 2), (10684, 2), (10700, 2), (10745, 1), (10748, 1), (10783, 1), (10842, 1), (1124, 6), (11018, 48), (11023, 1), (1135, 1), (11215, 1)
