today (DF: 15): (14848, 2), (14850, 1), (14944, 1), (14945, 2), (15717, 1), (15718, 2), (15748, 1), (15750, 14), (15752, 1), (16062, 1), (16063, 1), (16925, 2), (16927, 1), (17323, 4), (17324, 3)
today5 (DF: 1): (8316, 1)
todd (DF: 9): (427, 1), (7884, 1), (7965, 1), (924, 1), (9562, 1), (12850, 1), (1336, 1), (15093, 1), (17126, 2)
toddl (DF: 2): (7418, 2), (17685, 7)
toddler (DF: 3): (6427, 2), (7298, 2), (10412, 1)
todesbesoff (DF: 1): (11493, 1)
todesentspannt (DF: 1): (12872, 1)
todi (DF: 4): (3215, 1), (9637, 1), (18166, 1), (1881, 4)
todit (DF: 18): (2275, 1), (2604, 1), (3399, 1), (4210, 1), (4419, 1), (476, 1), (5475, 2), (5770, 3), (6207, 1), (6871, 2), (7641, 1), (8914, 1), (9719, 1), (1079, 1), (12, 8), (12833, 6), (1305, 2), (1309, 12)
todito (DF: 2): (8765, 1), (9450, 1)
todlich (DF: 1): (17142, 1)
todo (DF: 105): (1986, 1), (199, 1), (2205, 1), (2210, 1), (2711, 1), (2833, 4), (3001, 2), (3007, 1), (299, 1), (3317, 1), (3467, 2), (3806, 2), (4016, 1), (4267, 8), (5042, 2), (5221, 1), (5602, 1), (5610, 1), (5859, 1), (6197, 1), (6206, 1), (6270, 4), (6397, 1), (6500, 1), (6693, 1), (6804, 1), (6844, 2), (6947, 1), (6983, 4), (7197, 1), (7342, 3), (739, 1), (7477, 1), (7563, 1), (7583, 2), (7675, 1), (7869, 1), (8078, 1), (8363, 2), (8765, 2), (8775, 1), (8909, 2), (8938, 1), (8989, 1), (9087, 2), (9120, 1), (9355, 1), (9368, 2), (9369, 1), (9450, 2), (9490, 1), (9637, 2), (988, 1), (10203, 3), (10316, 1), (10427, 8), (1072, 1), (10679, 4), (1087, 1), (11474, 1), (11487, 2), (11550, 1), (11563, 2), (11631, 1), (11650, 1), (11685, 2), (11979, 1), (12097, 1), (12539, 2), (12677, 7), (12989, 1), (13305, 2), (13307, 2), (13432, 1), (13647, 1), (14182, 2), (14370, 1), (1486, 1), (14580, 1), (14978, 1), (15322, 10), (15400, 2), (15589, 2), (15898, 2), (15919, 1), (1659, 6), (16619, 3), (16626, 1), (16738, 1), (16850, 1), (16855, 1), (1714, 1), (17088, 1), (17232, 2), (1754, 1), (17331, 1), (17347, 1), (17551, 2), (1787, 1), (17649, 1), (17697, 2), (17917, 1), (17968, 2), (18060, 1), (18166, 1)
todsund (DF: 1): (14496, 1)
toe (DF: 194): (2000, 3), (2049, 1), (2060, 2), (204, 2), (2083, 1), (2105, 1), (2186, 1), (2294, 4), (2436, 1), (2563, 1), (2565, 5), (2840, 1), (2857, 2), (2899, 5), (3018, 2), (3077, 4), (3087, 1), (3291, 1), (3369, 15), (3502, 1), (350, 4), (3565, 1), (3624, 2), (3674, 6), (3745, 1), (3774, 2), (3843, 2), (3854, 5), (3864, 1), (3927, 3), (3940, 2), (3998, 1), (4008, 9), (4113, 2), (4148, 1), (4165, 1), (4226, 1), (4360, 3), (4385, 1), (4446, 1), (4497, 6), (4503, 1), (4551, 1), (446, 2), (471, 1), (4857, 2), (479, 3), (5073, 1), (5076, 2), (5120, 1), (5123, 1), (5157, 1), (5170, 2), (5223, 1), (5286, 1), (5445, 2), (5503, 2), (5553, 1), (5583, 3), (5590, 8), (5609, 1), (5642, 1), (5688, 1), (5710, 1), (5831, 2), (582, 4), (5934, 2), (6074, 1), (6087, 1), (6096, 1), (6184, 2), (6219, 1), (6222, 12), (6322, 2), (6381, 1), (638, 1), (6462, 2), (6464, 1), (6571, 1), (6573, 1), (6582, 2), (6609, 32), (6641, 1), (660, 2), (6736, 1), (6853, 2), (6957, 1), (7017, 1), (7018, 19), (7090, 1), (7098, 2), (7107, 1), (7192, 1), (7207, 1), (7219, 1), (7250, 1), (7341, 1), (740, 1), (743, 3), (7476, 2), (7540, 1), (7625, 5), (7654, 1), (7768, 2), (7773, 3), (7815, 1), (7873, 2), (7992, 1), (8084, 2), (8153, 1), (8282, 1), (8338, 2), (8358, 1), (8418, 1), (8441, 8), (8459, 1), (8592, 1), (8653, 3), (8694, 1), (8725, 4), (8729, 1), (8740, 1), (8755, 1), (8779, 8), (8837, 2), (8897, 1), (8939, 2), (9054, 2), (9161, 1), (9215, 3), (948, 4), (9295, 1), (9319, 4), (9442, 6), (9490, 14), (9567, 1), (9701, 1), (9713, 1), (9751, 1), (9833, 1), (9873, 1), (9905, 2), (1018, 3), (10018, 5), (10029, 3), (10035, 5), (10085, 4), (10161, 1), (10185, 1), (10240, 1), (10288, 1), (10341, 2), (10346, 3), (10373, 1), (10412, 1), (10448, 1), (10484, 8), (10593, 1), (10693, 1), (10744, 16), (10836, 2), (10864, 2), (10930, 1), (10979, 4), (11007, 1), (1132, 1), (11102, 2), (11279, 1), (11293, 2), (1171, 1), (11673, 1), (11679, 1), (11735, 2), (11773, 1), (11807, 1), (11844, 1), (1211, 1), (1216, 1), (12004, 3), (12064, 2), (12068, 1), (12126, 4), (12142, 1), (1243, 1), (12255, 4), (12379, 1), (12386, 1), (12391, 1), (12398, 2), (12483, 1), (12564, 1), (12668, 1), (12801, 2), (12843, 1)
