beb (DF: 25): (17573, 1), (17625, 26), (17700, 6), (17748, 16), (17788, 2), (17861, 3), (1810, 4), (17931, 7), (17944, 4), (17965, 6), (17972, 4), (17975, 1), (18047, 1), (18090, 7), (18119, 4), (18222, 1), (1842, 1), (18248, 1), (18249, 16), (18326, 12), (18398, 2), (6532, 2), (6534, 1), (8352, 2), (8353, 3)
beban (DF: 1): (299, 1)
bebb (DF: 1): (2567, 5)
bebdit (DF: 1): (1978, 1)
bebe (DF: 30): (2531, 3), (2843, 1), (3202, 1), (3384, 1), (3631, 1), (4138, 1), (4856, 1), (5073, 1), (552, 1), (6397, 1), (6613, 1), (6947, 2), (7055, 1), (8087, 2), (8727, 1), (8909, 2), (9138, 2), (9223, 3), (9355, 4), (9519, 8), (10152, 1), (10894, 3), (12862, 1), (1466, 2), (15605, 1), (15752, 1), (167, 1), (17307, 2), (17543, 1), (17585, 2)
bebeb (DF: 1): (2814, 1)
bebebaby (DF: 1): (9060, 3)
bebecit (DF: 26): (3631, 1), (3665, 24), (3876, 2), (6884, 1), (728, 3), (7367, 4), (762, 3), (8785, 3), (10260, 3), (10676, 1), (10682, 4), (11237, 6), (11312, 1), (1255, 2), (13095, 1), (1370, 1), (14420, 5), (15733, 1), (1631, 1), (15948, 3), (16373, 1), (16438, 1), (16528, 3), (16983, 4), (17931, 5), (18090, 5)
bebedej (DF: 1): (14704, 4)
bebehydr (DF: 3): (3722, 1), (8199, 1), (875, 1)
bebem (DF: 3): (2814, 1), (12656, 1), (14860, 1)
bebendo (DF: 7): (3364, 1), (4357, 3), (5606, 1), (8113, 1), (10203, 2), (16071, 2), (16522, 1)
beber (DF: 10): (3955, 2), (8113, 1), (9860, 1), (10316, 5), (13304, 6), (13305, 1), (15605, 2), (16199, 2), (16530, 2), (18136, 1)
bebermel (DF: 1): (417, 1)
bebert (DF: 1): (6379, 1)
bebes (DF: 3): (4207, 1), (8940, 2), (13067, 1)
bebesit (DF: 2): (1967, 2), (12770, 1)
bebesol (DF: 1): (14444, 2)
bebet (DF: 2): (4729, 1), (15143, 1)
bebetiemp (DF: 1): (12723, 3)
bebeto (DF: 1): (34, 1)
bebeu (DF: 1): (16353, 1)
bebeyou (DF: 1): (8087, 1)
bebi (DF: 4): (3955, 2), (10316, 1), (1415, 1), (15562, 4)
bebida (DF: 3): (4016, 1), (6289, 1), (18136, 1)
bebiendo (DF: 1): (17697, 1)
bebim (DF: 3): (14457, 3), (15472, 7), (15819, 1)
bebit (DF: 1): (9974, 1)
bebo (DF: 2): (3007, 1), (3692, 1)
bebop (DF: 2): (9398, 1), (1154, 2)
bebrick (DF: 1): (4816, 1)
bebé (DF: 8): (2205, 1), (3001, 2), (6006, 2), (11525, 4), (12127, 3), (12752, 1), (14792, 1), (16264, 2)
bebécertifi (DF: 2): (12127, 3), (16264, 2)
bebétaki (DF: 1): (11525, 16)
bebê (DF: 4): (8858, 1), (10427, 18), (16522, 1), (18136, 1)
bec (DF: 3): (4289, 1), (7068, 1), (9845, 1)
beca (DF: 2): (5860, 1), (13710, 2)
becah (DF: 2): (10919, 1), (17126, 7)
becalm (DF: 1): (18173, 1)
becam (DF: 79): (2195, 1), (2433, 1), (2552, 1), (270, 1), (294, 1), (3156, 1), (3259, 1), (3611, 1), (3685, 1), (3796, 1), (3931, 1), (3940, 1), (4808, 1), (5137, 1), (5199, 1), (5253, 1), (5682, 1), (581, 1), (5961, 1), (6168, 1), (6191, 1), (6350, 1), (6527, 1), (7161, 1), (7164, 1), (710, 1), (7317, 1), (7680, 1), (7928, 1), (8107, 1), (8244, 1), (8414, 1), (8496, 1), (8573, 2), (8578, 4), (8625, 1), (9036, 1), (925, 1), (9331, 1), (9775, 1), (10309, 1), (10337, 2), (10345, 3), (1058, 1), (10485, 1), (10534, 1), (10551, 2), (10571, 1), (11309, 1), (11634, 1), (11693, 3), (12007, 1), (1229, 1), (12288, 1), (12626, 1), (13232, 1), (13270, 1), (13316, 1), (13564, 1), (13960, 1), (14001, 1), (14140, 7), (14298, 3), (14399, 1), (14421, 2), (15057, 1), (15417, 1), (15476, 1), (15602, 3), (15783, 2), (16112, 1), (1708, 1), (1726, 1), (17423, 1), (1794, 2), (17738, 1), (17784, 1), (18231, 1), (18236, 2)
becau (DF: 1): (7342, 3)
becaus (DF: 5): (3348, 1), (10997, 1), (11814, 2), (12841, 2), (16940, 1)
becc (DF: 1): (63, 1)
becchin (DF: 1): (9596, 1)
becel (DF: 1): (18065, 1)
bech (DF: 1): (397, 1)
bechadu (DF: 1): (10833, 1)
beck (DF: 35): (2546, 1), (2680, 1), (2833, 1), (2978, 1), (4645, 1), (5860, 4), (5959, 4), (6270, 1), (6397, 1), (6804, 2), (7211, 1), (7869, 3), (8052, 1), (823, 1), (8938, 2), (8941, 1), (9494, 1), (9876, 1), (10672, 1), (11132, 1), (11825, 1), (11902, 1), (12224, 1), (12348, 1), (13245, 1), (13331, 1), (13710, 2), (13768, 1), (13892, 1), (14270, 1), (15242, 2), (16035, 1), (16745, 1), (16875, 1), (17454, 1)
beckerguck (DF: 1): (15536, 1)
beckford (DF: 1): (15518, 1)
beckham (DF: 7): (2662, 6), (469, 1), (825, 3), (8387, 1), (11552, 1), (14496, 1), (17755, 1)
becki (DF: 5): (4364, 1), (5107, 1), (6763, 1), (7753, 1), (8543, 1)
