small (DF: 70): (13512, 7), (13545, 1), (13556, 1), (13571, 1), (13655, 1), (13690, 1), (13725, 1), (13865, 2), (13922, 1), (13923, 1), (13965, 1), (1428, 1), (14004, 2), (14008, 1), (1429, 1), (14148, 2), (14195, 1), (14197, 1), (14218, 2), (14221, 2), (1468, 1), (14414, 1), (14416, 4), (14455, 1), (14479, 1), (14637, 1), (14645, 6), (14665, 1), (14926, 4), (14996, 1), (15079, 1), (15093, 2), (15118, 8), (15233, 1), (15258, 1), (1572, 1), (15454, 1), (159, 1), (15656, 1), (1600, 1), (15750, 1), (15909, 2), (15943, 2), (16149, 1), (16156, 1), (16166, 2), (16485, 2), (16489, 1), (16582, 2), (16650, 1), (16812, 2), (16817, 3), (16912, 1), (17059, 3), (17100, 1), (1757, 1), (17480, 5), (17745, 1), (17775, 1), (17816, 2), (1812, 1), (18018, 1), (18205, 2), (18327, 3), (1849, 1), (18384, 2), (1911, 1), (1912, 1), (5145, 1), (5147, 1)
smaller (DF: 15): (2294, 2), (5092, 1), (6926, 1), (7464, 1), (10341, 1), (10769, 1), (11212, 1), (12978, 5), (13328, 1), (14416, 4), (14472, 5), (16510, 1), (17373, 1), (17967, 2), (18197, 1)
smallest (DF: 11): (208, 3), (4095, 1), (40, 1), (7184, 1), (8244, 1), (12137, 1), (12983, 2), (13352, 2), (15997, 1), (16077, 1), (16700, 1)
smallpool (DF: 6): (2685, 1), (860, 1), (8754, 1), (14698, 1), (15102, 1), (18075, 1)
smalltown (DF: 2): (3866, 1), (9341, 1)
smallvill (DF: 1): (3436, 1)
smallz (DF: 4): (1896, 4), (4995, 2), (6363, 2), (13676, 1)
smar (DF: 1): (11298, 1)
smart (DF: 111): (1926, 1), (1952, 2), (1957, 2), (2143, 1), (2355, 6), (2526, 2), (2677, 1), (2690, 1), (2822, 1), (3253, 1), (3350, 1), (3794, 3), (3821, 1), (3921, 2), (4059, 1), (4303, 1), (426, 1), (430, 1), (4425, 1), (4620, 1), (455, 1), (4972, 1), (5195, 1), (5200, 1), (5225, 1), (5294, 2), (5961, 1), (6746, 1), (7102, 1), (740, 2), (7469, 1), (7644, 4), (8004, 1), (8025, 1), (8136, 1), (8474, 1), (8825, 1), (8948, 1), (8967, 5), (9116, 1), (946, 2), (9322, 1), (9398, 1), (9648, 1), (9662, 1), (9878, 1), (1011, 1), (10011, 1), (10119, 1), (1031, 1), (10166, 4), (10292, 1), (10421, 1), (10727, 1), (10767, 1), (10815, 1), (11023, 1), (1136, 1), (118, 1), (11623, 2), (11674, 1), (12107, 1), (12441, 3), (12636, 4), (1292, 1), (12715, 2), (12850, 1), (13208, 5), (13300, 2), (13314, 1), (13474, 1), (13518, 1), (13852, 1), (13942, 1), (14008, 1), (14028, 1), (14402, 1), (14576, 1), (14584, 1), (14637, 1), (14820, 1), (15101, 1), (15188, 1), (15392, 1), (15477, 2), (15585, 1), (15621, 1), (15714, 1), (15814, 1), (15924, 1), (16009, 2), (16167, 1), (16238, 1), (16267, 2), (16330, 2), (16450, 2), (16692, 1), (16764, 1), (16970, 1), (17104, 1), (17292, 1), (17643, 1), (17761, 2), (17852, 2), (18051, 1), (18105, 1), (18152, 1), (18153, 3), (18172, 1), (1845, 1), (18293, 2)
smarter (DF: 24): (2169, 3), (3468, 2), (3967, 2), (4962, 1), (5085, 1), (6499, 1), (6718, 1), (7772, 1), (7813, 1), (7928, 1), (9442, 6), (9538, 1), (10370, 1), (1060, 5), (11135, 1), (11325, 6), (11648, 2), (11671, 1), (12659, 1), (1375, 8), (13619, 1), (14277, 1), (15079, 1), (16380, 2)
smartest (DF: 5): (5862, 1), (7473, 1), (9100, 1), (1194, 2), (13994, 1)
smartfac (DF: 1): (12095, 1)
smartphon (DF: 4): (2078, 1), (4088, 1), (7983, 1), (8830, 7)
smartphonekamera (DF: 1): (12684, 1)
smartz (DF: 1): (13208, 1)
smaruj (DF: 1): (6457, 1)
smash (DF: 99): (2069, 1), (2083, 3), (210, 1), (2225, 2), (2500, 1), (2978, 1), (285, 4), (3101, 2), (3121, 2), (3178, 1), (3205, 4), (3487, 1), (350, 6), (3745, 1), (3826, 2), (3930, 1), (4028, 1), (4165, 1), (4947, 1), (4956, 2), (5434, 1), (5532, 3), (5695, 1), (5729, 1), (5796, 1), (5862, 1), (6061, 1), (6189, 1), (6194, 1), (6318, 3), (6452, 11), (6465, 2), (6527, 1), (6730, 1), (669, 1), (675, 2), (6964, 3), (7098, 1), (7130, 2), (702, 1), (7218, 1), (7387, 1), (7411, 1), (7447, 1), (7597, 1), (7644, 1), (7754, 1), (7758, 1), (7791, 10), (7898, 1), (8032, 1), (8103, 2), (8121, 1), (8232, 1), (8263, 1), (8554, 1), (8666, 1), (8750, 1), (8756, 1), (9035, 1), (9284, 1), (9332, 1), (9831, 2), (9873, 2), (10006, 1), (10287, 2), (10307, 1), (10450, 1), (10593, 1), (10643, 4), (1084, 1), (10834, 4), (11226, 2), (11351, 2), (1174, 3), (11494, 3), (11619, 1), (11679, 1), (11868, 1), (11937, 2), (12033, 2), (12051, 2), (12120, 1), (12150, 1), (12260, 3), (12295, 1), (12734, 1), (12986, 1), (13037, 1), (13214, 3), (13296, 1), (1349, 3), (13381, 3), (13408, 1), (13657, 1), (1391, 3), (13721, 3), (1397, 1), (14070, 2)
