explicit (DF: 127): (1941, 1), (1956, 1), (197, 1), (2026, 2), (2028, 1), (2076, 1), (2104, 1), (2305, 1), (2348, 1), (2500, 1), (2592, 1), (2733, 1), (2767, 1), (2963, 1), (2985, 1), (3148, 1), (3253, 1), (339, 1), (343, 1), (3515, 1), (3577, 1), (3773, 1), (3800, 1), (369, 1), (3924, 1), (3941, 1), (4603, 1), (4645, 1), (4784, 1), (4972, 1), (5095, 1), (5098, 1), (5310, 1), (5434, 1), (5460, 1), (5513, 1), (5608, 1), (5664, 1), (6066, 2), (6225, 1), (6275, 1), (624, 2), (6350, 1), (6475, 1), (6486, 1), (6912, 1), (7090, 2), (699, 1), (7226, 2), (740, 1), (7469, 1), (7572, 1), (7721, 1), (7786, 1), (7969, 1), (8063, 1), (8100, 1), (8148, 1), (8745, 1), (904, 1), (9016, 1), (9183, 1), (9209, 1), (9823, 1), (9886, 1), (10341, 1), (10370, 1), (10421, 1), (10493, 1), (10652, 1), (10692, 1), (10771, 1), (10878, 1), (1136, 1), (11227, 1), (11327, 1), (11329, 1), (11438, 1), (11796, 1), (12005, 2), (12266, 1), (12553, 1), (12578, 1), (12587, 1), (12588, 1), (12596, 1), (12659, 1), (12747, 2), (12757, 1), (12844, 1), (12971, 1), (1315, 1), (13150, 2), (13358, 2), (13390, 1), (13581, 1), (13802, 1), (13914, 1), (13965, 1), (1429, 1), (14057, 2), (14116, 2), (14337, 1), (1502, 1), (14887, 1), (15124, 1), (15154, 1), (1595, 1), (15654, 1), (15988, 1), (16018, 1), (16045, 1), (16109, 1), (16167, 1), (16280, 1), (16453, 1), (16477, 1), (16684, 1), (17104, 1), (17158, 1), (1748, 1), (17730, 1), (17769, 1), (17914, 1), (1816, 1), (18126, 1), (18291, 1)
explico (DF: 1): (13932, 1)
expliqu (DF: 7): (4236, 1), (540, 1), (10410, 2), (12449, 1), (12789, 1), (14953, 2), (15297, 3)
explizit (DF: 1): (5049, 1)
explod (DF: 104): (1909, 1), (2121, 4), (2450, 1), (2677, 1), (2765, 1), (2855, 1), (2947, 2), (3296, 1), (3361, 1), (3467, 1), (3538, 1), (3680, 1), (4414, 1), (4490, 1), (4615, 1), (4623, 1), (4940, 1), (485, 1), (5091, 3), (514, 2), (5538, 1), (5571, 1), (5722, 1), (5847, 3), (5944, 1), (6060, 1), (6065, 1), (6231, 3), (6314, 1), (6350, 1), (6582, 1), (6636, 1), (6805, 13), (689, 1), (6972, 1), (6983, 1), (7249, 4), (7510, 1), (753, 1), (7623, 1), (7875, 1), (7895, 3), (7999, 1), (8339, 3), (8475, 1), (8570, 6), (8788, 1), (8825, 1), (9081, 1), (9322, 1), (9344, 1), (9370, 3), (9439, 1), (9581, 1), (10140, 1), (10166, 1), (10404, 1), (10701, 1), (11054, 1), (11200, 1), (11269, 1), (11681, 1), (11844, 2), (11865, 3), (11998, 2), (12083, 2), (12267, 1), (12535, 1), (12964, 1), (13500, 1), (13600, 1), (13641, 1), (13696, 1), (13860, 5), (13998, 1), (14142, 1), (14274, 9), (14306, 1), (14519, 1), (14643, 2), (14668, 6), (14729, 1), (14768, 2), (15053, 1), (15067, 1), (15125, 1), (15142, 1), (15201, 5), (15246, 1), (15249, 1), (15405, 5), (15820, 1), (15855, 1), (15988, 1), (16048, 3), (16064, 1), (16228, 1), (16732, 1), (17394, 2), (17507, 1), (17912, 1), (17959, 2), (18012, 1), (1847, 1)
explodi (DF: 1): (1238, 3)
explodiert (DF: 1): (5051, 1)
explodin (DF: 3): (10140, 1), (13269, 1), (13994, 1)
explodiu (DF: 2): (10427, 2), (16850, 1)
exploit (DF: 3): (5036, 1), (1564, 1), (16026, 1)
exploitin (DF: 1): (13269, 1)
explor (DF: 48): (1952, 2), (2042, 1), (2183, 1), (215, 1), (2359, 2), (2665, 3), (2730, 1), (2991, 1), (3095, 2), (3821, 1), (5926, 2), (5950, 2), (6060, 2), (6362, 1), (6533, 4), (8151, 1), (8561, 1), (8773, 1), (9018, 4), (9040, 2), (9099, 1), (10107, 1), (10494, 1), (10593, 1), (11284, 6), (11482, 1), (11508, 5), (11721, 1), (11968, 2), (12533, 1), (12631, 2), (12795, 2), (13174, 1), (1343, 1), (13296, 1), (13578, 1), (14054, 1), (15984, 1), (16779, 4), (17009, 2), (17248, 6), (1762, 1), (17794, 1), (17809, 1), (17884, 2), (17938, 1), (1841, 1), (18385, 5)
explora (DF: 2): (2351, 2), (6851, 2)
explorin (DF: 2): (4820, 1), (11340, 1)
explos (DF: 28): (2121, 1), (3183, 1), (3201, 1), (3341, 1), (3970, 1), (4031, 4), (4433, 1), (4459, 1), (5082, 2), (5349, 1), (5608, 1), (5722, 1), (5807, 4), (684, 2), (7345, 2), (7761, 2), (7973, 2), (8158, 7), (11090, 1), (12350, 1), (13664, 1), (14768, 2), (15081, 1), (15261, 1), (15469, 1), (16044, 1), (17995, 1), (18329, 5)
explosion (DF: 4): (1141, 1), (15867, 1), (16724, 1), (18326, 2)
explosiv (DF: 2): (13125, 1), (14752, 5)
explot (DF: 40): (2662, 3), (283, 1), (3290, 3), (3590, 1), (3908, 1), (4009, 1), (4288, 1), (4289, 3), (4386, 6), (4484, 1), (4550, 1), (477, 1), (4909, 1), (6485, 1), (6974, 1), (7068, 1), (7082, 1), (7255, 1), (7773, 3), (7820, 1), (7886, 1), (8218, 3), (9185, 1), (1004, 1), (10244, 1), (10393, 2), (10660, 1), (11000, 4), (1133, 1), (11073, 1), (12949, 3), (13099, 2), (13165, 2), (13389, 2), (13580, 1), (14630, 1), (14697, 1), (15290, 3), (17390, 2), (17528, 4)
