repetit (DF: 5): (10864, 1), (11588, 1), (1325, 1), (14627, 1), (17846, 1)
repetiti (DF: 1): (5533, 1)
repic (DF: 2): (8116, 6), (1476, 12)
repiqu (DF: 1): (17232, 2)
repit (DF: 39): (2488, 1), (3588, 2), (3722, 1), (4219, 1), (4236, 1), (4347, 1), (4496, 1), (4550, 2), (4567, 8), (4763, 4), (5541, 7), (5793, 1), (6553, 2), (8199, 1), (875, 1), (9302, 1), (982, 2), (9963, 2), (9974, 3), (11068, 6), (11240, 1), (11635, 1), (11696, 1), (11924, 1), (12623, 2), (1307, 2), (13023, 1), (1411, 1), (14073, 1), (14124, 1), (14301, 1), (14953, 2), (15402, 1), (15424, 1), (16678, 2), (16940, 1), (17171, 1), (17459, 1), (18357, 2)
repital (DF: 2): (4567, 2), (4763, 1)
repitam (DF: 3): (4567, 2), (4763, 1), (14, 1)
repitel (DF: 2): (3816, 3), (1254, 2)
repitemel (DF: 1): (14596, 1)
replac (DF: 124): (204, 1), (2146, 8), (2197, 2), (2333, 1), (2510, 1), (2627, 1), (2740, 4), (2862, 1), (2902, 1), (2935, 1), (2940, 1), (3317, 7), (3484, 2), (3530, 1), (3786, 2), (3807, 2), (4222, 1), (4240, 1), (4364, 1), (4466, 1), (4612, 1), (4693, 1), (4732, 1), (4848, 1), (4934, 1), (5074, 8), (5317, 1), (5526, 2), (5558, 1), (5640, 3), (5739, 1), (5903, 6), (6301, 1), (6557, 1), (6629, 1), (6895, 1), (7169, 4), (7213, 3), (7538, 1), (7574, 2), (7758, 2), (7943, 1), (8007, 2), (8021, 1), (8108, 18), (8252, 1), (8368, 3), (8611, 1), (8682, 1), (8752, 1), (8916, 1), (9046, 1), (9832, 5), (9846, 1), (9988, 1), (10061, 3), (10253, 2), (10357, 1), (10387, 1), (10394, 1), (10415, 2), (10554, 1), (10605, 4), (10681, 3), (10699, 2), (10966, 1), (11034, 1), (11164, 1), (11206, 1), (11399, 1), (1189, 1), (11671, 1), (1229, 2), (12340, 1), (13105, 1), (13402, 2), (13472, 1), (1374, 2), (13589, 1), (1393, 1), (13764, 1), (13766, 1), (1405, 1), (13992, 1), (14113, 2), (14141, 1), (14458, 1), (14493, 1), (14672, 3), (14683, 1), (14714, 3), (14947, 1), (14991, 2), (1545, 1), (15058, 2), (15084, 12), (15093, 1), (15126, 3), (15248, 2), (15320, 2), (15331, 9), (15454, 5), (15460, 1), (15888, 2), (15907, 1), (16219, 1), (16344, 1), (16536, 1), (1707, 1), (1709, 1), (1718, 1), (17088, 5), (1737, 4), (17562, 2), (17674, 1), (1791, 1), (17795, 2), (18015, 1), (1854, 1), (18448, 1), (1137, 1), (1138, 1), (17824, 2), (17825, 1)
replacin (DF: 1): (5225, 1)
replay (DF: 42): (2174, 1), (2591, 12), (3587, 2), (3692, 1), (3937, 2), (4712, 2), (5222, 4), (5463, 1), (5640, 3), (589, 1), (609, 2), (6790, 1), (8457, 1), (8500, 1), (8563, 11), (8939, 8), (9157, 1), (9538, 1), (9542, 1), (1028, 1), (10155, 18), (10887, 1), (10899, 2), (11035, 1), (11969, 2), (12102, 6), (12539, 4), (1299, 1), (12847, 1), (131, 1), (13221, 1), (13460, 2), (13724, 1), (13788, 34), (14257, 1), (15238, 1), (16078, 1), (17088, 5), (17148, 14), (17890, 1), (1831, 2), (18302, 2)
replayin (DF: 4): (2761, 1), (8147, 1), (10352, 1), (10414, 1)
replenish (DF: 6): (245, 1), (3483, 1), (446, 2), (6547, 1), (7559, 1), (8110, 1)
replet (DF: 6): (5990, 1), (6466, 3), (10321, 1), (1519, 2), (1563, 1), (1686, 1)
repli (DF: 83): (1913, 1), (1952, 2), (222, 1), (2390, 3), (2453, 4), (2557, 1), (2592, 1), (2646, 1), (2669, 1), (2768, 1), (291, 3), (3188, 2), (3201, 1), (3325, 8), (3521, 1), (3707, 2), (365, 2), (3751, 1), (4313, 1), (4621, 3), (4719, 3), (4880, 1), (5066, 1), (5342, 1), (563, 1), (5731, 1), (5757, 1), (5866, 1), (6214, 1), (6478, 2), (6503, 1), (6741, 2), (7142, 1), (7298, 14), (7486, 2), (7509, 1), (7662, 1), (7669, 1), (8235, 1), (8424, 3), (8448, 1), (8619, 1), (8746, 1), (901, 4), (8813, 3), (8861, 1), (9030, 4), (9043, 1), (9965, 1), (10059, 1), (10331, 1), (1078, 2), (11803, 2), (11848, 1), (12013, 3), (12249, 1), (12261, 1), (12264, 1), (12374, 1), (12455, 1), (12602, 1), (13269, 1), (13407, 1), (13625, 1), (13630, 1), (1396, 1), (14733, 1), (15113, 2), (15339, 1), (15387, 1), (15866, 1), (1638, 1), (1646, 1), (16328, 1), (16541, 1), (16868, 1), (17073, 16), (17169, 15), (17365, 16), (17561, 1), (182, 1), (18021, 1), (1882, 4)
replic (DF: 4): (3983, 3), (4102, 1), (5395, 1), (14260, 1)
replica (DF: 5): (2356, 1), (7857, 1), (10654, 1), (16398, 1), (17550, 1)
repo (DF: 6): (5576, 12), (6087, 1), (6146, 1), (9061, 1), (13696, 1), (18380, 2)
repon (DF: 2): (4445, 3), (5826, 3)
repong (DF: 2): (3666, 1), (7151, 4)
repor (DF: 1): (3692, 1)
report (DF: 12): (2181, 1), (2216, 3), (3156, 1), (345, 2), (3602, 1), (4627, 1), (4746, 1), (5885, 3), (6046, 1), (6261, 3), (6490, 1), (646, 1)
