prismo (DF: 2): (10673, 1), (17986, 1)
prison (DF: 164): (2014, 3), (2032, 2), (2076, 1), (2147, 1), (2276, 1), (2506, 2), (2787, 1), (3017, 2), (294, 1), (3283, 7), (3361, 1), (3523, 6), (3704, 1), (3767, 1), (3793, 2), (3802, 3), (3946, 1), (3985, 1), (4088, 1), (4111, 1), (4231, 1), (4262, 1), (4310, 1), (4520, 1), (4622, 1), (4648, 3), (4707, 1), (475, 1), (4868, 1), (4931, 1), (5029, 1), (5199, 1), (5202, 1), (5274, 1), (5597, 1), (563, 1), (5706, 2), (5739, 2), (574, 1), (5794, 1), (5842, 1), (5934, 4), (5993, 1), (6104, 1), (623, 1), (6388, 1), (6475, 1), (6654, 1), (6708, 1), (6741, 2), (6873, 2), (6888, 1), (6931, 1), (7014, 2), (7024, 1), (7060, 1), (7190, 2), (7221, 1), (7226, 1), (7443, 1), (740, 1), (7569, 1), (7573, 1), (7666, 1), (7747, 1), (782, 1), (7768, 2), (7805, 1), (7888, 5), (7897, 1), (7943, 1), (7944, 1), (8103, 1), (8148, 1), (8228, 1), (8295, 2), (8407, 1), (874, 1), (8705, 2), (8784, 2), (8796, 2), (8830, 1), (8973, 2), (9177, 1), (939, 1), (9458, 4), (9478, 2), (9635, 1), (999, 3), (1001, 1), (9899, 2), (9951, 1), (1016, 1), (10002, 1), (10117, 1), (10272, 1), (10301, 4), (10311, 1), (10323, 6), (10348, 1), (11188, 1), (1147, 2), (11286, 1), (11524, 2), (11664, 2), (11731, 2), (11748, 1), (12245, 1), (12251, 1), (12295, 1), (12418, 1), (12545, 1), (12602, 4), (12666, 1), (12692, 2), (12887, 1), (13181, 2), (13224, 10), (1341, 1), (13297, 2), (1344, 1), (13338, 1), (13479, 1), (13604, 1), (13660, 1), (13972, 1), (14191, 2), (14237, 2), (14265, 1), (14405, 6), (14499, 2), (14688, 2), (14740, 2), (14807, 1), (14844, 4), (1529, 4), (15042, 1), (15250, 1), (159, 4), (1594, 1), (15637, 1), (16072, 6), (16170, 1), (16414, 2), (16500, 1), (17329, 1), (17353, 1), (17356, 2), (17371, 1), (17657, 1), (17662, 2), (17784, 1), (17790, 1), (17953, 1), (18005, 1), (18116, 1), (18168, 1), (18176, 1), (18179, 1), (18190, 1), (18228, 2), (18399, 1), (3562, 1), (3563, 1)
prissi (DF: 4): (11161, 1), (11868, 6), (12706, 2), (17865, 1)
pristin (DF: 6): (3032, 1), (5725, 1), (10154, 1), (11388, 3), (12301, 1), (18190, 1)
prisão (DF: 1): (2839, 1)
pritty (DF: 1): (1501, 1)
prius (DF: 5): (7442, 1), (7554, 1), (1555, 1), (15368, 1), (16098, 3)
priv (DF: 28): (217, 1), (4197, 1), (4496, 1), (4587, 2), (5156, 1), (5821, 1), (6239, 1), (7000, 1), (7016, 1), (7251, 1), (7508, 1), (1079, 1), (10899, 2), (11169, 3), (11314, 1), (11734, 1), (12833, 1), (14209, 2), (1453, 2), (14390, 1), (14543, 1), (1524, 1), (15062, 2), (16438, 2), (17033, 1), (17407, 2), (17718, 1), (18119, 4)
privaci (DF: 21): (2255, 1), (2340, 1), (274, 2), (3811, 1), (3824, 1), (6738, 6), (7708, 1), (7713, 1), (8273, 2), (9468, 2), (9507, 1), (9622, 3), (11188, 1), (11547, 1), (11649, 1), (1212, 1), (12127, 1), (12447, 1), (13287, 1), (15305, 1), (15327, 1)
privado (DF: 1): (9637, 1)
privat (DF: 118): (2004, 1), (2016, 3), (2320, 1), (2355, 3), (2436, 1), (2477, 1), (2545, 1), (2872, 1), (2949, 1), (3152, 1), (3205, 2), (3271, 2), (327, 2), (332, 1), (3498, 1), (3538, 2), (3570, 1), (3852, 8), (3923, 1), (4122, 1), (4131, 1), (4647, 1), (4663, 2), (4754, 1), (4760, 2), (469, 6), (479, 3), (511, 3), (514, 2), (5266, 1), (5758, 1), (6242, 1), (6269, 1), (6627, 1), (6721, 1), (6738, 3), (6799, 10), (7148, 1), (7188, 2), (7235, 1), (7597, 1), (7998, 5), (824, 12), (825, 18), (8338, 2), (8721, 1), (8811, 1), (9054, 3), (9324, 1), (9331, 1), (975, 3), (9538, 1), (9593, 2), (9944, 2), (1060, 1), (10643, 2), (10836, 1), (10840, 1), (10919, 1), (11019, 3), (11227, 2), (11231, 1), (11295, 1), (11304, 1), (11482, 1), (11573, 2), (11649, 1), (11905, 1), (11933, 1), (11988, 5), (12185, 1), (12210, 1), (12299, 2), (12463, 1), (1272, 1), (12540, 1), (12734, 1), (12864, 9), (12868, 1), (12888, 2), (13137, 2), (13151, 1), (13170, 2), (13448, 2), (1375, 8), (13611, 1), (13807, 1), (13914, 4), (13960, 1), (14426, 1), (14589, 1), (14634, 1), (14709, 1), (14932, 1), (14985, 3), (15251, 1), (1575, 1), (15565, 7), (15752, 1), (15873, 1), (15931, 1), (15933, 2), (16064, 1), (16068, 1), (16101, 1), (16242, 1), (16798, 1), (16909, 2), (17100, 1), (17261, 1), (1760, 2), (17533, 1), (17699, 4), (17755, 6), (17804, 2), (17968, 2), (7616, 2), (7617, 2)
privatinsolvenz (DF: 1): (16745, 1)
privatjet (DF: 3): (9788, 3), (10659, 1), (11019, 3)
privatstrand (DF: 1): (2170, 1)
privelleg (DF: 1): (16275, 4)
privet (DF: 1): (1471, 1)
