shell (DF: 78): (4781, 1), (4971, 1), (5082, 1), (510, 1), (5898, 2), (616, 1), (6266, 1), (6464, 1), (692, 2), (7148, 1), (702, 1), (732, 1), (7559, 1), (7767, 5), (7798, 1), (7973, 1), (8061, 1), (8141, 1), (8228, 1), (8492, 1), (8496, 1), (8993, 1), (9015, 1), (925, 1), (9209, 1), (9267, 1), (9324, 1), (9347, 1), (9886, 1), (10234, 1), (10832, 2), (11023, 1), (11143, 1), (11225, 2), (1164, 1), (11425, 1), (11559, 8), (12391, 1), (12690, 4), (12756, 1), (12797, 6), (12835, 1), (1315, 1), (13104, 1), (13440, 1), (13685, 1), (13885, 1), (13931, 1), (14078, 1), (14125, 1), (14584, 1), (14718, 2), (14942, 1), (15041, 2), (15175, 8), (15248, 1), (15271, 1), (15904, 1), (15943, 2), (15984, 1), (15988, 1), (16197, 1), (16214, 1), (16216, 4), (16477, 7), (16684, 2), (17000, 1), (17047, 1), (17367, 1), (17559, 2), (17587, 1), (17666, 1), (17695, 1), (17809, 1), (17921, 1), (17939, 1), (18170, 1), (18417, 15)
sheller (DF: 1): (8234, 1)
shellerini (DF: 1): (6678, 1)
shelley (DF: 2): (5915, 1), (14759, 1)
shellfish (DF: 3): (4044, 1), (8575, 1), (16536, 1)
shelli (DF: 3): (10297, 1), (13574, 1), (14839, 1)
shellparty (DF: 1): (18073, 1)
shellshock (DF: 1): (12308, 1)
shellu (DF: 1): (250, 1)
shelow (DF: 2): (5475, 6), (7653, 1)
shelt (DF: 2): (1297, 1), (1455, 1)
shelter (DF: 63): (2037, 1), (2042, 1), (2321, 1), (2505, 4), (2634, 1), (2836, 3), (2848, 4), (3050, 5), (3164, 1), (3511, 1), (3626, 2), (4151, 3), (4229, 2), (4473, 4), (442, 1), (4522, 1), (4795, 2), (4945, 1), (6036, 1), (6044, 2), (6192, 1), (6374, 2), (6477, 1), (7390, 1), (7541, 2), (7618, 1), (7733, 1), (8152, 1), (8228, 1), (8320, 1), (8337, 2), (8657, 1), (9126, 1), (9324, 1), (9585, 1), (9613, 1), (9846, 1), (10177, 1), (10181, 2), (10315, 4), (10678, 1), (11093, 1), (12113, 3), (12571, 1), (1297, 1), (12866, 1), (12928, 1), (13341, 1), (13348, 1), (13393, 4), (1455, 1), (14581, 1), (14847, 1), (15043, 3), (15076, 4), (15486, 1), (15683, 4), (15782, 1), (16188, 20), (16332, 2), (16964, 1), (17070, 1), (18378, 1)
shelv (DF: 4): (2181, 1), (3091, 1), (4641, 2), (17565, 2)
shelvin (DF: 1): (14800, 1)
shem (DF: 9): (7463, 1), (9236, 1), (9457, 2), (10498, 2), (11551, 2), (13476, 1), (1583, 2), (16290, 2), (17437, 2)
shemsh (DF: 1): (5577, 1)
shen (DF: 1): (13201, 1)
shenandoah (DF: 1): (6934, 2)
shenanigan (DF: 2): (2039, 1), (3161, 1)
shendo (DF: 1): (16981, 1)
sheneneh (DF: 5): (9166, 2), (12029, 8), (13232, 1), (14049, 2), (17968, 1)
shenron (DF: 1): (13897, 2)
shenseea (DF: 1): (12830, 2)
shepard (DF: 4): (3649, 2), (11892, 1), (12216, 1), (14998, 2)
shepherd (DF: 17): (2263, 1), (3194, 5), (3529, 1), (4042, 1), (6758, 1), (8370, 2), (9790, 1), (10141, 1), (10309, 1), (10500, 3), (1287, 3), (13426, 2), (13758, 1), (15168, 1), (16882, 1), (17428, 1), (17964, 1)
sheppard (DF: 2): (2715, 1), (6268, 1)
sher (DF: 4): (5535, 1), (10667, 1), (149, 4), (1834, 1)
sheran (DF: 3): (1972, 1), (2174, 1), (6253, 1)
sheraton (DF: 4): (9085, 4), (9457, 1), (12575, 1), (14690, 1)
sherbert (DF: 2): (3510, 2), (7892, 1)
sherbet (DF: 1): (862, 1)
sheriff (DF: 16): (1899, 2), (2364, 7), (3238, 1), (4004, 1), (5078, 1), (5494, 1), (8026, 1), (9325, 1), (11258, 1), (11602, 1), (13318, 8), (14948, 1), (15242, 2), (17139, 3), (17434, 4), (17717, 1)
sherm (DF: 11): (2276, 1), (2294, 2), (5682, 1), (6847, 2), (7226, 1), (9046, 1), (9363, 1), (10341, 1), (13231, 1), (13937, 1), (14903, 1)
sherman (DF: 2): (13885, 1), (15798, 1)
shermanolog (DF: 2): (8096, 1), (11307, 2)
sherri (DF: 1): (11764, 13)
sherrif (DF: 1): (9194, 1)
sherriff (DF: 2): (9177, 2), (15462, 2)
sheryl (DF: 2): (9403, 1), (12418, 1)
shes (DF: 6): (6288, 1), (7103, 1), (1297, 2), (13975, 1), (1455, 2), (18143, 1)
sheti (DF: 1): (5535, 1)
shetland (DF: 1): (13522, 1)
shew (DF: 1): (3645, 1)
shey (DF: 4): (4003, 2), (430, 5), (10281, 2), (12253, 1)
sheytan (DF: 2): (3466, 1), (12363, 1)
shh (DF: 36): (2228, 2), (2476, 1), (256, 1), (2851, 3), (3587, 2), (364, 2), (4625, 2), (486, 2), (5223, 1), (5492, 1), (6256, 1), (6300, 2), (6804, 2), (7028, 2), (7036, 1), (7134, 1), (8475, 1), (8505, 4), (8777, 1), (9149, 1), (9290, 1), (9594, 1), (9697, 3), (9905, 2), (10182, 1), (1060, 1), (10821, 24), (10838, 4), (117, 1), (1147, 1), (11237, 1), (11812, 1), (12834, 6), (13197, 1), (13444, 6), (13473, 1)
