critica (DF: 2): (16035, 1), (16304, 2)
criticar (DF: 1): (10203, 1)
criticava (DF: 1): (60, 2)
criticis (DF: 1): (10328, 1)
critiqu (DF: 8): (4009, 1), (5862, 1), (6265, 1), (6450, 1), (7380, 2), (9246, 1), (13135, 1), (15637, 1)
critiquin (DF: 1): (5862, 1)
critter (DF: 1): (7110, 1)
crnkn (DF: 1): (2403, 1)
cro (DF: 3): (2116, 1), (16963, 1), (17818, 1)
croak (DF: 5): (6563, 1), (7073, 1), (8974, 2), (13658, 2), (17815, 4)
croakin (DF: 2): (4746, 1), (6607, 2)
croatia (DF: 1): (6744, 1)
crobot (DF: 2): (3946, 1), (7805, 1)
croc (DF: 3): (737, 1), (14196, 3), (15278, 4)
croce (DF: 2): (11328, 1), (11450, 1)
crochet (DF: 2): (540, 1), (8532, 1)
crock (DF: 3): (4827, 1), (553, 1), (9993, 1)
crocker (DF: 8): (3133, 1), (6342, 1), (7430, 1), (10412, 2), (12079, 1), (14604, 1), (16812, 1), (16971, 1)
crockett (DF: 1): (7697, 1)
crockpot (DF: 2): (3205, 8), (10643, 8)
crocodil (DF: 14): (3113, 1), (3541, 1), (6468, 2), (6552, 2), (6850, 1), (7339, 1), (8745, 1), (10986, 1), (12025, 2), (12778, 6), (13797, 6), (15294, 1), (16239, 13), (18414, 13)
crocs (DF: 1): (14457, 2)
croi (DF: 2): (7454, 1), (13606, 3)
croir (DF: 4): (349, 1), (30, 1), (9757, 1), (15912, 1)
crois (DF: 11): (3768, 2), (34, 1), (4287, 2), (4308, 1), (4614, 1), (598, 1), (7607, 1), (9737, 1), (11483, 2), (13606, 3), (15456, 1)
croissant (DF: 1): (10993, 1)
croit (DF: 1): (349, 1)
croix (DF: 1): (16898, 1)
croker (DF: 1): (1833, 1)
crokersac (DF: 1): (5506, 1)
croll (DF: 3): (3316, 1), (8671, 1), (12815, 1)
crom (DF: 8): (4852, 1), (5716, 1), (667, 1), (7495, 2), (8187, 1), (13576, 1), (15031, 1), (16801, 1)
croni (DF: 4): (2940, 1), (3538, 1), (5317, 1), (8687, 1)
cronic (DF: 2): (7694, 1), (18087, 1)
cronkit (DF: 1): (2607, 1)
cronus (DF: 1): (4857, 1)
crook (DF: 94): (202, 2), (2069, 1), (2221, 2), (270, 1), (275, 1), (3101, 1), (3485, 1), (3800, 1), (4069, 1), (4241, 1), (4533, 1), (4727, 1), (4895, 2), (5225, 1), (5312, 1), (5494, 1), (5851, 1), (5907, 1), (5934, 4), (6061, 2), (6158, 10), (6296, 2), (6723, 1), (6741, 2), (6761, 2), (6788, 2), (6816, 2), (6847, 2), (7009, 2), (7227, 16), (7369, 1), (7387, 1), (7423, 1), (7751, 2), (7860, 1), (7892, 1), (7944, 1), (8122, 2), (8201, 4), (8299, 4), (8347, 1), (8381, 1), (8550, 1), (8658, 3), (928, 1), (9331, 1), (9680, 2), (9936, 1), (10110, 1), (10182, 1), (10701, 1), (1136, 1), (11116, 2), (11462, 2), (11624, 1), (11634, 1), (11646, 1), (11698, 4), (11735, 1), (11893, 1), (11935, 1), (1226, 1), (12104, 1), (12150, 1), (12402, 1), (12904, 1), (12946, 1), (13075, 6), (1329, 1), (13208, 1), (13474, 2), (13533, 1), (13797, 1), (13948, 1), (14526, 2), (15568, 1), (15693, 1), (1618, 1), (1622, 1), (16140, 1), (16291, 3), (16355, 1), (16464, 1), (16477, 6), (17203, 1), (17481, 1), (17540, 1), (17587, 1), (17626, 1), (17657, 1), (17915, 1), (17925, 2), (1846, 1), (1856, 1)
crookedest (DF: 1): (1555, 1)
crooker (DF: 1): (8649, 1)
crookers (DF: 1): (4992, 2)
crooklyn (DF: 2): (9936, 1), (16351, 2)
crop (DF: 23): (3019, 1), (365, 1), (3731, 1), (3826, 2), (3949, 3), (4128, 1), (4365, 1), (435, 1), (4468, 1), (5253, 1), (6098, 1), (6507, 6), (7247, 2), (8325, 1), (846, 1), (8959, 1), (13254, 1), (13610, 1), (13825, 1), (15537, 1), (1708, 1), (16957, 1), (17295, 1)
croqu (DF: 2): (540, 1), (15637, 1)
croquent (DF: 1): (15161, 1)
cros (DF: 1): (12433, 1)
crosbi (DF: 3): (6323, 2), (7350, 2), (9932, 1)
cross (DF: 78): (1894, 1), (1914, 4), (1991, 1), (2023, 1), (2058, 1), (2115, 1), (2207, 6), (2221, 1), (2251, 1), (2276, 1), (2315, 1), (2321, 1), (2349, 1), (2408, 1), (2423, 1), (2489, 1), (2500, 2), (2572, 6), (2602, 6), (2619, 1), (2652, 1), (2701, 3), (2712, 1), (258, 2), (2750, 1), (2767, 1), (2787, 1), (2821, 4), (2931, 3), (2947, 1), (2977, 1), (3009, 1), (3075, 1), (3083, 1), (3127, 1), (3139, 1), (3194, 1), (3198, 2), (3238, 1), (3247, 2), (3281, 2), (3300, 1), (3310, 1), (3359, 1), (3423, 1), (3450, 1), (3486, 1), (3501, 1), (3537, 2), (3541, 1), (3549, 1), (361, 1), (3779, 1), (3807, 4), (3873, 3), (3948, 1), (3977, 1), (3982, 3), (4002, 2), (4036, 1), (4069, 1), (4250, 2), (4252, 2), (419, 1), (37, 1), (435, 2), (4424, 1), (4547, 1), (4598, 1), (4625, 1), (4672, 7), (4717, 1), (4759, 2), (4821, 1), (4866, 1), (482, 1), (4942, 2), (5014, 1)
