kingz (DF: 29): (10564, 2), (10682, 1), (10807, 4), (10937, 2), (11752, 2), (11774, 3), (12397, 1), (12723, 15), (12744, 10), (12770, 1), (12949, 9), (13138, 1), (13141, 1), (14106, 1), (1441, 1), (1478, 1), (14550, 1), (14856, 1), (15157, 1), (15290, 9), (15369, 2), (15598, 3), (1631, 3), (16013, 2), (16407, 4), (1682, 1), (16578, 6), (17905, 3), (18220, 2)
kini (DF: 1): (4053, 2)
kinibo (DF: 1): (17760, 1)
kinjh (DF: 1): (4985, 1)
kink (DF: 10): (3906, 2), (5132, 2), (6921, 1), (8159, 1), (8552, 2), (13215, 1), (16719, 2), (16764, 1), (16846, 2), (17028, 1)
kinki (DF: 4): (5223, 1), (7312, 4), (7946, 1), (89, 4)
kinko (DF: 1): (18368, 1)
kinky (DF: 3): (5745, 12), (11814, 1), (12841, 1)
kinn (DF: 1): (9138, 5)
kinney (DF: 2): (4164, 1), (9716, 1)
kinni (DF: 1): (16186, 2)
kino (DF: 4): (2376, 1), (13085, 1), (13783, 1), (16726, 1)
kinofilm (DF: 1): (11654, 1)
kinoreif (DF: 1): (3462, 1)
kinos (DF: 1): (14254, 1)
kinosaal (DF: 1): (8340, 1)
kinou (DF: 1): (13524, 2)
kinshasa (DF: 2): (13755, 1), (17630, 1)
kinship (DF: 1): (13619, 1)
kinsmen (DF: 1): (17535, 1)
kint (DF: 7): (4931, 3), (7441, 2), (8156, 2), (87, 1), (12636, 2), (14570, 2), (17761, 1)
kintor (DF: 3): (2156, 1), (2962, 1), (15548, 2)
kintyr (DF: 1): (4917, 12)
kinu (DF: 1): (4985, 2)
kio (DF: 4): (6986, 8), (8251, 4), (11931, 2), (16080, 6)
kiod (DF: 1): (12253, 1)
kioku (DF: 1): (1717, 1)
kiosk (DF: 1): (15766, 1)
kiosken (DF: 1): (2952, 1)
kioskit (DF: 2): (13985, 1), (16905, 2)
kip (DF: 4): (8475, 1), (908, 1), (13201, 1), (15412, 1)
kipp (DF: 14): (198, 1), (2100, 1), (2376, 2), (246, 1), (3480, 1), (4998, 1), (6430, 1), (8651, 1), (11024, 1), (11538, 1), (13012, 1), (16777, 1), (17021, 1), (18073, 1)
kippen (DF: 1): (9425, 1)
kipper (DF: 1): (11405, 1)
kippin (DF: 2): (631, 1), (8234, 1)
kirawareru (DF: 1): (16209, 2)
kirbi (DF: 4): (1059, 1), (14800, 1), (15149, 1), (16144, 1)
kirei (DF: 1): (10304, 1)
kirk (DF: 17): (1961, 1), (2002, 1), (3565, 1), (4105, 2), (5583, 1), (824, 1), (10026, 1), (10137, 1), (11166, 1), (11772, 1), (14017, 1), (14028, 1), (15050, 2), (15684, 1), (16882, 1), (17722, 1), (18368, 1)
kirkland (DF: 5): (2286, 1), (862, 1), (9256, 1), (10417, 1), (15048, 2)
kirko (DF: 1): (8381, 1)
kirkpatrick (DF: 1): (13297, 2)
kirkwood (DF: 2): (4481, 1), (16271, 1)
kirsten (DF: 1): (7892, 1)
kis (DF: 4): (2650, 1), (4700, 1), (11725, 2), (11807, 1)
kisdi (DF: 1): (10667, 1)
kise (DF: 5): (2268, 1), (8510, 1), (9519, 2), (10667, 1), (14335, 1)
kiseki (DF: 1): (1360, 1)
kisey (DF: 1): (14335, 2)
kish (DF: 3): (4574, 1), (4984, 1), (7355, 1)
kisha (DF: 2): (4944, 6), (14456, 1)
kishë (DF: 2): (6126, 1), (9049, 2)
kisi (DF: 4): (9688, 1), (12819, 1), (13990, 1), (1834, 2)
kiski (DF: 1): (11725, 3)
kismat (DF: 4): (4686, 1), (5535, 1), (149, 1), (16186, 1)
kismet (DF: 1): (10633, 1)
kisn (DF: 1): (2086, 1)
kiss (DF: 134): (2, 1), (1887, 3), (1904, 4), (1912, 2), (1941, 1), (1952, 2), (1998, 1), (2016, 1), (2025, 1), (2046, 1), (2049, 1), (2054, 1), (2071, 1), (2080, 7), (2101, 2), (2102, 1), (2117, 1), (2173, 1), (2177, 1), (2198, 1), (2207, 2), (2214, 4), (2216, 2), (2229, 12), (2256, 1), (2263, 1), (2272, 3), (221, 2), (2291, 2), (2294, 2), (2297, 1), (2329, 1), (223, 1), (2340, 1), (2355, 3), (2365, 1), (2373, 1), (2380, 1), (2400, 2), (2403, 4), (2406, 1), (2428, 1), (2450, 1), (237, 1), (2492, 1), (2494, 1), (2499, 1), (2509, 1), (2511, 2), (2512, 1), (2515, 10), (243, 1), (2536, 2), (2547, 1), (2557, 1), (2583, 1), (2586, 6), (2628, 2), (2629, 2), (26, 3), (253, 1), (2695, 1), (2710, 1), (2725, 1), (2730, 2), (2769, 1), (2775, 1), (2778, 1), (2804, 1), (2836, 7), (2846, 1), (2866, 1), (2873, 1), (277, 1), (278, 2), (2927, 1), (2931, 1), (2937, 1), (2940, 1), (2944, 1), (284, 2), (2965, 4), (2976, 2), (2985, 1), (2999, 1), (285, 1), (3021, 1), (3025, 1), (3029, 6), (3035, 1), (3038, 1), (3041, 2), (3047, 1), (3050, 14), (3057, 1), (3064, 1), (3066, 1), (3076, 1), (3081, 1), (3095, 4), (298, 1), (3122, 1), (3129, 1), (3142, 1), (313, 1), (3218, 1), (3220, 2), (3227, 1), (3246, 2), (3256, 1), (3291, 1), (3300, 1), (3315, 1), (3320, 2), (3334, 3), (3369, 4), (334, 1), (3388, 2), (3398, 1), (3433, 8), (3451, 3), (341, 1), (3469, 1), (3483, 1), (3486, 1), (3494, 3), (3510, 2), (3521, 1), (3522, 6), (3534, 3), (3601, 4), (3636, 1), (357, 1), (3674, 2)
