block (DF: 280): (1157, 3), (11357, 1), (11369, 1), (11374, 1), (11397, 2), (11415, 6), (11424, 1), (11438, 1), (1176, 1), (11521, 1), (11538, 1), (11594, 2), (11634, 3), (11677, 1), (11698, 1), (11716, 8), (11719, 2), (1200, 1), (11785, 11), (11794, 2), (1205, 1), (11877, 2), (11920, 1), (11956, 2), (11961, 1), (11970, 1), (12000, 1), (12038, 1), (12041, 1), (12056, 2), (12060, 6), (12100, 3), (12108, 3), (12125, 1), (12150, 1), (12168, 1), (12171, 2), (12184, 14), (12251, 5), (12266, 2), (12290, 2), (12360, 1), (1253, 1), (12418, 1), (12422, 1), (12441, 3), (1262, 1), (12507, 1), (12554, 1), (12569, 1), (12587, 1), (12597, 2), (12603, 3), (1282, 2), (12643, 2), (12659, 1), (12756, 1), (12781, 1), (12818, 1), (12854, 2), (12927, 2), (12987, 1), (12992, 2), (1315, 1), (13044, 1), (13083, 1), (13085, 2), (13086, 1), (13091, 1), (13102, 1), (13125, 1), (13154, 2), (1336, 2), (13223, 1), (13246, 1), (1343, 1), (13305, 2), (1354, 4), (13435, 1), (13448, 2), (13523, 1), (13545, 1), (13573, 1), (13619, 1), (13632, 1), (13670, 1), (1391, 18), (13685, 1), (13691, 2), (13769, 1), (13812, 1), (13841, 1), (13885, 1), (13914, 3), (13916, 3), (13937, 1), (13949, 2), (13958, 3), (14017, 1), (14025, 1), (14032, 14), (14116, 1), (14142, 4), (14188, 1), (14193, 1), (14218, 1), (14226, 1), (14229, 1), (14255, 2), (14320, 1), (14361, 1), (14414, 1), (14427, 1), (14447, 1), (14533, 1), (14589, 1), (1491, 2), (14613, 1), (1497, 1), (14642, 1), (14670, 1), (14752, 2), (14781, 4), (14789, 1), (14807, 2), (14813, 1), (14815, 1), (1515, 2), (14855, 2), (14900, 1), (14903, 1), (14942, 1), (14948, 1), (15010, 1), (15018, 1), (15042, 2), (1547, 1), (15114, 1), (1552, 1), (15175, 1), (15214, 1), (15242, 2), (15250, 2), (15268, 12), (15294, 2), (15305, 1), (15313, 1), (15314, 1), (15371, 6), (15383, 1), (15397, 3), (15407, 1), (15430, 2), (15440, 1), (15451, 7), (15479, 2), (15481, 3), (15487, 2), (159, 1), (15518, 2), (15524, 2), (15529, 1), (15575, 1), (15585, 1), (1594, 1), (15619, 1), (15627, 1), (15652, 2), (15705, 2), (15765, 2), (15777, 1), (15800, 1), (15813, 9), (15833, 1), (15850, 1), (15904, 1), (15906, 1), (15924, 1), (15961, 1), (1636, 1), (15988, 2), (16019, 2), (16032, 1), (16051, 1), (16084, 1), (16100, 2), (16140, 1), (16224, 1), (16238, 46), (16249, 1), (16305, 1), (16344, 2), (16358, 1), (16406, 1), (16440, 4), (16473, 2), (16507, 1), (16560, 2), (16636, 1), (16684, 6), (16709, 1), (1704, 9), (1708, 1), (16815, 1), (16826, 1), (16831, 10), (16890, 2), (16909, 2), (16919, 1), (16936, 1), (17007, 8), (17016, 1), (17103, 1), (17104, 1), (17133, 2), (17184, 2), (1744, 4), (17235, 2), (17257, 1), (17305, 1), (17346, 1), (17348, 2), (17367, 1), (17377, 1), (17382, 1), (17417, 1), (17450, 1), (17457, 8), (17505, 1), (1779, 1), (17635, 1), (17699, 3), (17746, 5), (17750, 1), (182, 1), (17769, 2), (17810, 11), (17854, 8), (1805, 8), (17870, 2), (17925, 6), (17938, 1), (17954, 1), (17968, 1), (17971, 1), (17990, 1), (18018, 1), (18027, 1), (18051, 1), (18089, 1), (18103, 1), (1833, 1), (18199, 1), (18221, 1), (18225, 2), (18253, 1), (1844, 1), (18279, 4), (18291, 2), (18300, 1), (18344, 2), (18374, 1), (18376, 1), (18378, 1), (18385, 5), (18401, 1), (18429, 1), (1880, 4), (2256, 1), (2259, 1), (2799, 1), (2801, 2), (8599, 1), (8601, 1), (10206, 1), (10207, 1), (11658, 1), (11660, 2), (17141, 3), (17142, 1)
blocka (DF: 6): (436, 2), (6452, 2), (7485, 2), (12215, 9), (14742, 1), (16238, 1)
blockbust (DF: 3): (2747, 1), (14512, 2), (17331, 6)
blockdenn (DF: 1): (2328, 1)
blockhead (DF: 2): (2251, 1), (17133, 2)
blockhustl (DF: 1): (5051, 1)
blockin (DF: 9): (2995, 1), (3487, 1), (4522, 1), (533, 1), (7159, 2), (11545, 1), (1498, 3), (14777, 1), (16210, 5)
blockjung (DF: 4): (3123, 1), (483, 1), (15867, 1), (1654, 1)
blockleb (DF: 1): (2050, 1)
blocklif (DF: 1): (14659, 1)
blocko (DF: 1): (6895, 1)
blockpacinos (DF: 1): (17021, 1)
blockplatin (DF: 1): (13125, 1)
blockrea (DF: 1): (3570, 1)
