iles (DF: 5): (2792, 3), (3875, 1), (9430, 3), (1501, 1), (16321, 1)
ilet (DF: 2): (11159, 1), (12617, 1)
ilh (DF: 1): (13918, 1)
ili (DF: 2): (5978, 2), (16131, 26)
iliass (DF: 2): (9425, 1), (16600, 1)
iliassopdebeat (DF: 1): (9425, 3)
ilicit (DF: 1): (4210, 1)
ilija (DF: 1): (4318, 1)
ilim (DF: 1): (17712, 2)
ilina (DF: 1): (5978, 4)
ilira (DF: 1): (2172, 1)
ilk (DF: 1): (2729, 1)
ilkay (DF: 1): (15751, 1)
ill (DF: 161): (1928, 1), (2083, 1), (2145, 2), (2228, 2), (2241, 1), (2333, 3), (2422, 3), (2495, 1), (2497, 1), (2771, 1), (2809, 1), (2910, 1), (2936, 2), (2975, 1), (306, 1), (3189, 3), (3216, 1), (3759, 1), (383, 1), (3985, 1), (4019, 1), (4023, 1), (4082, 1), (4279, 1), (4290, 1), (4334, 1), (4468, 1), (4645, 1), (4737, 1), (4833, 1), (4863, 1), (5087, 1), (5314, 1), (5325, 16), (5349, 1), (5543, 2), (5729, 1), (5749, 1), (5766, 2), (5862, 1), (6076, 1), (6141, 1), (6214, 1), (6265, 17), (6367, 1), (642, 8), (6480, 4), (6585, 1), (6627, 1), (6754, 1), (6837, 1), (6912, 1), (6971, 1), (6994, 1), (7051, 3), (7189, 1), (7622, 1), (7635, 2), (786, 11), (7835, 1), (7991, 1), (8170, 1), (8532, 2), (8806, 1), (8853, 1), (8856, 1), (8990, 9), (9000, 1), (9007, 10), (9220, 1), (9267, 1), (9283, 2), (9486, 1), (9594, 1), (9689, 1), (9846, 1), (9965, 1), (1024, 1), (10195, 2), (10404, 1), (1076, 1), (10622, 2), (10672, 1), (10785, 1), (1123, 1), (10994, 1), (11160, 1), (11241, 2), (11304, 3), (1157, 1), (11408, 1), (11440, 1), (11698, 1), (1196, 1), (11925, 1), (11956, 2), (11972, 1), (12075, 1), (12173, 1), (1243, 1), (12501, 8), (12597, 2), (12659, 1), (1329, 1), (13183, 3), (13259, 4), (13263, 1), (1343, 1), (13522, 1), (13523, 1), (13545, 1), (13696, 1), (13773, 8), (13778, 1), (13860, 1), (13925, 2), (1424, 1), (14176, 2), (14184, 3), (14234, 2), (1454, 1), (14264, 1), (14316, 1), (14428, 1), (14767, 1), (14907, 6), (15153, 1), (15168, 1), (15201, 1), (15242, 2), (1560, 1), (1564, 2), (15403, 1), (159, 2), (15696, 2), (15725, 1), (15752, 1), (1622, 1), (15871, 3), (15933, 6), (15937, 1), (16026, 2), (16109, 1), (16197, 1), (16198, 1), (16351, 2), (16619, 1), (17043, 1), (17129, 1), (17331, 3), (17377, 1), (17520, 1), (1790, 2), (17881, 1), (18083, 1), (18087, 1), (18103, 1), (18118, 1), (18190, 1), (1847, 1), (18300, 1)
illa (DF: 7): (3521, 1), (5140, 1), (5225, 1), (5862, 9), (8367, 1), (9007, 1), (14096, 1)
illdud (DF: 1): (10715, 1)
illeg (DF: 34): (1936, 1), (2500, 1), (2820, 1), (27, 2), (294, 1), (3957, 2), (529, 1), (5576, 2), (6090, 1), (7076, 2), (7207, 1), (7227, 2), (8534, 2), (9175, 4), (9951, 1), (9968, 1), (10421, 1), (11110, 1), (11327, 1), (11634, 1), (13044, 1), (13075, 1), (13087, 1), (13540, 3), (14474, 1), (14950, 1), (15156, 3), (159, 1), (16232, 1), (17533, 1), (17784, 1), (18099, 2), (18152, 1), (18158, 2)
illega (DF: 1): (16600, 1)
illegal (DF: 10): (2328, 1), (2574, 1), (5051, 1), (7411, 1), (9788, 14), (10523, 1), (10719, 1), (1238, 1), (151, 1), (1583, 1)
illenium (DF: 20): (2006, 1), (2554, 1), (4055, 2), (4489, 1), (6774, 1), (8709, 1), (9966, 2), (10298, 1), (11042, 1), (11196, 1), (12366, 1), (1356, 1), (14043, 1), (15471, 1), (1589, 1), (15735, 1), (16575, 1), (17253, 1), (18013, 1), (18113, 2)
iller (DF: 11): (1904, 1), (6367, 1), (7237, 2), (7829, 1), (8496, 1), (10185, 1), (11634, 1), (12851, 1), (12884, 1), (13338, 1), (15015, 1)
illes (DF: 1): (17487, 1)
illest (DF: 29): (2552, 1), (3152, 2), (3216, 2), (3268, 1), (3597, 1), (4686, 1), (5325, 32), (5981, 1), (6087, 1), (642, 1), (7323, 1), (7520, 1), (8235, 1), (8367, 1), (8570, 1), (8842, 1), (9408, 1), (10085, 4), (10192, 1), (1150, 1), (12264, 1), (12507, 1), (13773, 17), (14055, 1), (14668, 1), (16518, 1), (17738, 1), (18231, 1), (18374, 1)
illi (DF: 5): (7006, 2), (7430, 1), (9425, 1), (11304, 1), (15933, 2)
illin (DF: 15): (5325, 4), (7009, 1), (7218, 1), (7445, 1), (7635, 1), (8596, 1), (9293, 1), (11623, 2), (12966, 1), (13773, 2), (14628, 1), (15502, 1), (16450, 2), (17881, 1), (17958, 1)
illinoi (DF: 6): (3594, 1), (5972, 2), (10348, 1), (10890, 4), (16180, 1), (17241, 1)
illiter (DF: 3): (4407, 1), (5634, 1), (9117, 1)
illmat (DF: 11): (2771, 1), (4645, 1), (4877, 1), (5349, 1), (8596, 1), (10672, 1), (11438, 2), (12597, 1), (15084, 1), (16994, 1), (17377, 1)
illog (DF: 1): (15494, 1)
