that (DF: 7): (17556, 1), (17594, 1), (17685, 14), (17740, 1), (18050, 4), (18398, 2), (18417, 1)
thatd (DF: 1): (17672, 1)
thatiyan (DF: 1): (5830, 1)
thatâ (DF: 2): (9098, 1), (13422, 1)
thaud (DF: 1): (10975, 1)
thaw (DF: 8): (6895, 1), (8333, 1), (937, 2), (11650, 1), (13432, 1), (14589, 2), (1780, 1), (17827, 2)
thayt (DF: 2): (7715, 1), (18184, 1)
thaï (DF: 1): (11341, 4)
thc (DF: 4): (4527, 1), (5902, 1), (7836, 1), (14659, 1)
thca (DF: 1): (17976, 56)
thcu (DF: 1): (17976, 29)
the (DF: 327): (2021, 2), (2059, 1), (2092, 3), (2100, 1), (2183, 2), (2194, 1), (2309, 2), (2328, 1), (2429, 1), (2473, 1), (2535, 1), (2648, 7), (252, 13), (2681, 2), (256, 1), (2729, 1), (2739, 1), (2757, 16), (2782, 1), (2877, 1), (276, 1), (2967, 2), (284, 2), (3006, 2), (3067, 1), (3071, 1), (3078, 1), (3093, 10), (3211, 1), (3214, 1), (3284, 23), (328, 1), (3313, 1), (3342, 3), (3351, 1), (3419, 5), (3437, 1), (3492, 1), (3550, 2), (3587, 2), (3631, 2), (3697, 1), (364, 7), (3723, 1), (371, 2), (3981, 1), (3996, 2), (4004, 2), (4034, 1), (4081, 1), (4124, 1), (4238, 1), (4246, 1), (4285, 2), (4347, 5), (4356, 2), (4386, 3), (4440, 4), (4544, 1), (450, 1), (4702, 1), (4797, 1), (4804, 3), (476, 2), (480, 13), (4909, 3), (4923, 1), (484, 1), (4949, 1), (4951, 1), (5016, 2), (5017, 1), (5105, 1), (5109, 1), (5173, 2), (5306, 1), (5429, 2), (5459, 14), (5522, 6), (5525, 12), (5621, 1), (5647, 1), (5740, 2), (5745, 2), (5796, 1), (5962, 3), (6001, 2), (53, 2), (6079, 4), (6120, 2), (6131, 2), (628, 1), (6336, 1), (6399, 7), (6422, 5), (6515, 1), (6553, 1), (6645, 14), (6650, 14), (6681, 2), (6691, 1), (667, 2), (6748, 2), (6768, 2), (6808, 2), (6810, 1), (676, 1), (6884, 3), (6889, 1), (6909, 1), (6932, 10), (6939, 1), (6961, 1), (7000, 1), (7068, 1), (7082, 3), (7104, 10), (711, 2), (7223, 2), (7239, 1), (7255, 1), (7258, 3), (724, 3), (728, 1), (7373, 1), (7392, 4), (7411, 2), (7412, 1), (7415, 1), (7455, 1), (7466, 1), (7495, 1), (7508, 1), (7572, 1), (7641, 1), (7760, 1), (7837, 1), (7851, 1), (7886, 1), (7904, 2), (7925, 1), (7948, 1), (7961, 1), (7989, 2), (8039, 4), (8149, 2), (8161, 1), (8188, 1), (8218, 1), (8340, 1), (8352, 7), (8466, 1), (8606, 2), (8696, 3), (889, 1), (8829, 1), (8846, 2), (8866, 2), (8882, 3), (8883, 3), (910, 1), (8919, 12), (8923, 2), (9039, 3), (9070, 1), (9185, 1), (9196, 1), (9225, 1), (9252, 1), (9309, 2), (9383, 1), (9412, 2), (9415, 1), (9470, 1), (9521, 4), (9568, 1), (9575, 1), (9660, 1), (9697, 18), (9719, 2), (9740, 1), (9762, 2), (996, 1), (9845, 3), (1004, 3), (1008, 10), (9882, 3), (9939, 1), (9960, 20), (9972, 3), (9974, 1), (10060, 1), (10148, 2), (10180, 5), (10209, 1), (10215, 1), (10239, 3), (10244, 2), (10380, 2), (10393, 7), (10418, 2), (10467, 5), (10493, 3), (10501, 17), (10513, 1), (10564, 3), (10566, 3), (10584, 4), (10625, 1), (10660, 2), (10676, 1), (10682, 1), (10757, 1), (10781, 1), (10822, 2), (10838, 4), (1109, 2), (10899, 12), (10943, 2), (10997, 1), (11030, 1), (11098, 1), (11122, 1), (11141, 2), (11235, 1), (11262, 1), (11312, 3), (11350, 2), (11393, 4), (11413, 1), (11437, 1), (11493, 2), (11590, 1), (11608, 1), (11642, 3), (11741, 1), (11750, 3), (11752, 2), (11774, 18), (11924, 2), (1215, 1), (11932, 6), (11944, 10), (11980, 3), (11997, 6), (1228, 2), (12167, 9), (12177, 1), (12276, 4), (12421, 1), (12431, 3), (12499, 1), (1284, 2), (12723, 3), (12727, 1), (12808, 1), (12822, 1), (1309, 1), (12949, 3), (12965, 12), (12984, 5), (13084, 6), (13141, 2), (13153, 7), (13209, 5), (13245, 3), (13335, 2), (13362, 2), (13412, 6), (13454, 3), (13520, 1), (13576, 3), (13672, 2), (13694, 3), (13706, 10), (13707, 4), (13808, 1), (13830, 15), (13935, 1), (13967, 1), (1424, 1), (14012, 1), (14016, 1), (14085, 6), (1443, 1), (14172, 1), (1453, 2), (14239, 1), (1461, 3), (14301, 1), (14311, 3), (14341, 1), (14346, 2), (14379, 4), (14420, 3), (14429, 3), (14485, 1), (14517, 1), (1484, 1), (14541, 3), (14561, 1), (14572, 1), (14700, 1), (14785, 3), (14856, 1), (14940, 15), (14973, 4), (15006, 1), (15031, 1), (15157, 2), (15169, 1), (15204, 3), (15219, 2), (15237, 3), (15283, 1), (15290, 3), (15335, 8), (15369, 1), (15402, 1), (15443, 1), (15473, 1), (15673, 1), (15678, 1), (15686, 1), (15732, 3), (1631, 2), (15993, 3)
