brownin (DF: 3): (13841, 1), (15833, 2), (16971, 1)
brownman (DF: 2): (6826, 1), (15706, 1)
brownout (DF: 1): (9826, 1)
brownsid (DF: 4): (2735, 6), (10842, 1), (13937, 2), (1649, 1)
brownskin (DF: 2): (13841, 1), (15833, 1)
brownston (DF: 3): (499, 1), (10122, 4), (17488, 1)
brows (DF: 1): (15913, 5)
browser (DF: 1): (15003, 2)
brozo (DF: 1): (1318, 1)
brozz (DF: 1): (9904, 1)
brr (DF: 130): (2084, 2), (2155, 1), (2309, 9), (2561, 1), (2567, 4), (3136, 2), (3205, 2), (3272, 4), (3310, 1), (3356, 5), (3458, 1), (3527, 3), (3913, 1), (4295, 1), (4481, 1), (4587, 9), (4736, 35), (4992, 3), (5173, 1), (524, 3), (5312, 1), (5525, 8), (5583, 4), (5782, 8), (6006, 1), (6239, 2), (6422, 1), (6695, 1), (6751, 3), (6761, 2), (673, 1), (6794, 3), (63, 3), (6876, 4), (6970, 2), (7041, 4), (696, 1), (7258, 3), (7367, 16), (7441, 1), (7454, 1), (7461, 4), (7495, 2), (7518, 1), (7646, 8), (7773, 3), (7953, 12), (8061, 1), (8167, 3), (8232, 5), (8489, 2), (8496, 2), (8564, 3), (8574, 1), (8807, 1), (8829, 3), (938, 2), (9451, 2), (9590, 1), (9593, 24), (9882, 2), (10016, 1), (10020, 2), (10260, 3), (10382, 1), (10543, 3), (10643, 2), (10793, 6), (10860, 1), (11071, 1), (11393, 2), (11463, 1), (1176, 3), (11524, 4), (11734, 3), (11868, 2), (11953, 3), (12054, 1), (12185, 4), (12273, 3), (1255, 2), (12363, 3), (12543, 1), (12946, 1), (13126, 7), (13158, 1), (13635, 3), (13830, 10), (14216, 1), (1465, 2), (14477, 20), (14517, 18), (14564, 4), (14570, 1), (14766, 2), (14789, 2), (14800, 1), (14964, 21), (1547, 1), (15169, 10), (15175, 1), (15328, 2), (15369, 20), (15436, 3), (15705, 2), (15844, 1), (1631, 1), (16226, 1), (16271, 3), (16525, 1), (16528, 1), (16579, 1), (17137, 1), (17272, 1), (17368, 3), (17371, 2), (17407, 4), (17418, 1), (17487, 1), (17603, 1), (17779, 7), (17785, 1), (17902, 4), (18005, 2), (18027, 2), (18232, 4), (18370, 2), (18398, 4), (18408, 3), (5584, 1)
brra (DF: 11): (4124, 1), (4707, 16), (6026, 3), (6751, 3), (7287, 3), (7463, 8), (11024, 1), (12726, 4), (14254, 1), (15010, 1), (16321, 12)
brraa (DF: 3): (6026, 4), (8829, 2), (16507, 2)
brraah (DF: 1): (16990, 1)
brrah (DF: 7): (2467, 1), (3205, 2), (524, 1), (5946, 1), (6895, 1), (7856, 2), (10643, 2)
brrap (DF: 2): (10102, 6), (11144, 1)
brrapt (DF: 1): (5251, 1)
brrat (DF: 7): (2320, 1), (4122, 1), (7235, 1), (966, 1), (1315, 1), (15258, 1), (17219, 1)
brray (DF: 1): (11175, 4)
brre (DF: 1): (17437, 1)
brri (DF: 1): (9067, 14)
brrm (DF: 1): (12453, 31)
brrp (DF: 1): (5835, 1)
brrr (DF: 38): (2231, 1), (3067, 1), (3665, 3), (3741, 1), (3909, 2), (5445, 1), (5627, 6), (5817, 2), (5862, 1), (6462, 1), (6876, 1), (7266, 1), (7373, 1), (808, 1), (8219, 1), (8278, 1), (8719, 2), (8779, 12), (938, 23), (9864, 2), (10543, 1), (10648, 2), (11102, 1), (11536, 1), (1217, 2), (12447, 1), (12834, 1), (13676, 1), (14124, 1), (1474, 9), (14743, 1), (15175, 5), (15260, 1), (15555, 1), (15587, 1), (173, 1), (18158, 5), (18308, 1)
brrra (DF: 1): (5214, 6)
brrraa (DF: 2): (11551, 1), (16507, 1)
brrraaa (DF: 1): (6137, 1)
brrrah (DF: 1): (14041, 1)
brrrap (DF: 2): (7323, 2), (13087, 2)
brrrappp (DF: 1): (11144, 1)
brrring (DF: 1): (1952, 2)
brrro (DF: 2): (6438, 1), (14579, 1)
brrrp (DF: 1): (15875, 1)
brrrr (DF: 10): (2357, 1), (4880, 1), (7249, 1), (8736, 1), (10467, 2), (1491, 1), (14604, 5), (15844, 1), (16406, 1), (17103, 1)
brrrra (DF: 3): (3881, 1), (6953, 6), (15369, 1)
brrrraah (DF: 1): (11725, 1)
brrrrdt (DF: 1): (17241, 1)
brrrring (DF: 1): (15518, 1)
brrrrp (DF: 1): (15306, 1)
brrrrr (DF: 3): (6400, 2), (10467, 1), (11374, 3)
brrrrra (DF: 1): (16507, 1)
brrrrraaaa (DF: 1): (10193, 2)
brrrrrr (DF: 1): (1116, 2)
brrrrrrrrrrah (DF: 1): (12514, 1)
brrrrru (DF: 1): (4951, 1)
brrrrt (DF: 1): (8103, 1)
brrrt (DF: 4): (3618, 1), (1156, 4), (12777, 1), (16734, 1)
brrru (DF: 2): (15598, 1), (1653, 18)
brrt (DF: 6): (2084, 1), (3383, 1), (3521, 1), (350, 4), (3557, 1), (4339, 3)
