ghandi (DF: 1): (15766, 1)
ghanta (DF: 1): (10442, 5)
ghar (DF: 8): (4686, 1), (5535, 1), (8510, 1), (9688, 1), (10833, 1), (12819, 1), (149, 1), (18053, 8)
gharal (DF: 1): (10667, 1)
ghare (DF: 2): (5830, 2), (8510, 2)
gharhi (DF: 1): (9138, 3)
gharon (DF: 1): (5582, 1)
ghast (DF: 3): (7114, 1), (10805, 1), (14548, 1)
ghati (DF: 1): (4686, 1)
ghatri (DF: 1): (149, 1)
ghatt (DF: 1): (5535, 1)
ghb (DF: 1): (1490, 1)
ghee (DF: 2): (4627, 1), (6819, 3)
ghere (DF: 1): (4686, 1)
ghett (DF: 21): (3214, 1), (5990, 1), (8149, 1), (8278, 2), (11073, 1), (11141, 2), (11944, 2), (12191, 5), (12381, 2), (1259, 1), (12656, 1), (12833, 2), (13454, 3), (14209, 1), (14260, 1), (14856, 1), (15775, 2), (178, 2), (17427, 1), (17546, 1), (17972, 2)
ghetti (DF: 2): (9870, 1), (14057, 2)
ghetto (DF: 242): (1949, 8), (2069, 2), (204, 3), (2075, 2), (2164, 1), (2224, 1), (2244, 20), (2294, 2), (2397, 1), (2442, 1), (2489, 1), (2523, 1), (2545, 1), (2574, 6), (2855, 1), (3123, 11), (3180, 4), (3238, 14), (3557, 1), (3594, 1), (3624, 1), (3731, 1), (3781, 2), (3790, 1), (3795, 1), (3826, 4), (3932, 1), (4046, 12), (4100, 3), (4185, 4), (4310, 1), (4407, 1), (4612, 2), (4690, 1), (4793, 22), (4848, 2), (4866, 1), (4903, 2), (483, 1), (4947, 1), (4956, 2), (5008, 1), (5051, 1), (5133, 2), (5214, 7), (5236, 1), (5273, 1), (5314, 1), (5340, 3), (5456, 1), (5529, 1), (5559, 1), (5633, 2), (5691, 1), (5801, 2), (579, 2), (5890, 1), (586, 1), (5941, 3), (5961, 1), (5997, 1), (595, 2), (6095, 1), (6139, 1), (6157, 1), (6168, 2), (6238, 6), (6258, 5), (6265, 1), (6367, 4), (6620, 1), (668, 1), (669, 2), (6847, 2), (6927, 13), (7007, 2), (7070, 1), (7387, 2), (7397, 1), (7459, 1), (746, 1), (7574, 1), (7751, 2), (789, 1), (7857, 1), (7943, 3), (7969, 1), (7988, 1), (8183, 1), (8209, 1), (8230, 1), (8254, 1), (8336, 2), (8349, 2), (8394, 1), (8416, 1), (8470, 1), (8492, 2), (8568, 1), (8578, 16), (8592, 1), (8830, 1), (8929, 1), (9054, 1), (9057, 1), (9209, 1), (9211, 1), (9256, 2), (9432, 1), (9625, 1), (9633, 1), (9640, 1), (9831, 2), (9846, 1), (9870, 1), (9886, 1), (10312, 2), (10341, 1), (10398, 1), (10423, 2), (10525, 1), (10603, 1), (10690, 2), (10731, 1), (10774, 1), (10783, 2), (1122, 1), (11019, 1), (11226, 4), (11229, 1), (11269, 1), (11357, 1), (11374, 1), (11376, 2), (11438, 1), (11444, 44), (11476, 1), (11482, 10), (11552, 2), (11627, 1), (11654, 1), (11679, 1), (11748, 1), (11825, 2), (11883, 1), (11909, 3), (11942, 5), (1216, 2), (11970, 1), (12034, 2), (12056, 4), (12125, 1), (12150, 11), (12190, 4), (12212, 1), (12237, 1), (12254, 2), (12355, 2), (12379, 1), (12414, 1), (12484, 1), (12596, 2), (12760, 2), (12800, 1), (12854, 1), (12904, 8), (12989, 1), (13037, 2), (13060, 1), (13087, 1), (13148, 1), (13150, 3), (13181, 2), (13196, 1), (13242, 6), (13368, 1), (13601, 1), (13732, 2), (1429, 1), (14021, 1), (14151, 2), (14156, 1), (14199, 1), (14218, 1), (14229, 1), (14263, 1), (14410, 1), (1484, 1), (14533, 1), (151, 1), (14923, 2), (14971, 1), (14996, 1), (15010, 10), (1536, 1), (15113, 2), (1552, 3), (1555, 1), (15209, 1), (15269, 1), (15289, 1), (15462, 8), (15604, 1), (15607, 1), (15625, 2), (15684, 6), (15703, 1), (15713, 1), (15788, 2), (1622, 1), (15943, 2), (16012, 1), (16140, 1), (1654, 1), (1656, 1), (1661, 1), (1671, 1), (16476, 1), (16526, 2), (16542, 2), (16582, 6), (16697, 1), (16706, 1), (16777, 1), (1715, 2), (17049, 1), (17245, 6), (17257, 1), (17382, 1), (17415, 1), (17550, 1), (17587, 1), (17651, 7), (17766, 1), (17908, 1), (17938, 1), (18103, 2), (1833, 1), (18270, 1), (18342, 8), (18359, 1), (18435, 2)
ghettoblast (DF: 2): (5051, 1), (6835, 1)
ghettodeal (DF: 2): (13755, 1), (17630, 1)
ghettoey (DF: 1): (3052, 1)
ghettolibanes (DF: 1): (493, 1)
ghettolif (DF: 1): (15010, 1)
ghettolivestream (DF: 1): (12684, 1)
ghettomillionar (DF: 1): (16640, 1)
ghetton (DF: 1): (4912, 1)
ghettopanorama (DF: 1): (15010, 18)
ghettoprominent (DF: 1): (11654, 9)
ghettoprominenz (DF: 1): (11654, 2)
ghettorap (DF: 1): (17136, 1)
ghettos (DF: 3): (397, 1), (4743, 1), (1715, 1)
ghettosound (DF: 1): (1176, 1)
