standin (DF: 86): (7812, 2), (7825, 3), (8292, 1), (853, 1), (8685, 1), (8705, 2), (924, 1), (9080, 1), (9226, 2), (9434, 2), (9490, 7), (9699, 2), (9713, 1), (9752, 2), (9865, 8), (9873, 1), (10025, 1), (10476, 5), (10480, 1), (10536, 2), (10879, 1), (1124, 1), (11166, 1), (11265, 1), (11441, 1), (11516, 2), (11567, 2), (121, 1), (11702, 1), (11848, 1), (11872, 1), (12207, 1), (12218, 1), (12367, 2), (12414, 1), (12570, 2), (12640, 1), (12720, 1), (12869, 2), (13116, 1), (13176, 1), (13273, 1), (1344, 8), (13315, 1), (13557, 1), (13729, 2), (13769, 1), (13884, 1), (13886, 2), (13976, 1), (14032, 7), (14057, 2), (14337, 2), (14732, 1), (14808, 1), (15044, 2), (1547, 1), (15306, 2), (15462, 1), (15522, 1), (15575, 1), (15703, 1), (15880, 1), (15900, 5), (16054, 1), (16061, 1), (16152, 2), (1674, 1), (16806, 1), (17141, 1), (17348, 1), (17483, 1), (1790, 1), (17695, 1), (17723, 1), (17766, 1), (17833, 3), (17935, 1), (17954, 1), (18022, 1), (18149, 3), (18192, 9), (18317, 3), (18344, 2), (18351, 1), (18390, 1)
standing (DF: 1): (6748, 1)
standoff (DF: 1): (6164, 1)
standort (DF: 3): (4192, 1), (5429, 1), (8932, 14)
standot (DF: 1): (1848, 1)
standout (DF: 1): (12912, 1)
standpunkt (DF: 2): (493, 2), (5775, 1)
standstil (DF: 1): (11151, 1)
standup (DF: 1): (6087, 1)
stang (DF: 4): (3570, 4), (6184, 2), (11708, 1), (14613, 1)
stangen (DF: 1): (18172, 1)
stangenberg (DF: 1): (18172, 1)
stanger (DF: 2): (5706, 1), (15342, 1)
stani (DF: 5): (3962, 1), (8604, 1), (13770, 2), (15162, 1), (17564, 1)
stanik (DF: 1): (16442, 1)
stank (DF: 39): (2682, 1), (2899, 1), (3718, 6), (3802, 1), (4185, 2), (418, 1), (4746, 2), (5008, 1), (5085, 1), (5728, 1), (6442, 12), (650, 1), (6607, 4), (802, 1), (8156, 2), (8235, 1), (8531, 1), (8551, 1), (8825, 1), (9140, 1), (9379, 1), (10035, 1), (10222, 1), (10346, 1), (1122, 2), (11536, 1), (11805, 1), (12184, 2), (12385, 2), (14229, 1), (14646, 24), (14935, 1), (1547, 3), (15320, 6), (1566, 1), (15407, 1), (15595, 1), (17241, 2), (18106, 2)
stanki (DF: 9): (2397, 4), (3249, 1), (7860, 1), (8860, 2), (11624, 1), (13685, 1), (14355, 1), (15263, 1), (18106, 2)
stankin (DF: 5): (2636, 1), (4493, 1), (4731, 1), (5068, 1), (17224, 1)
stankonia (DF: 4): (4731, 1), (975, 1), (12385, 2), (14998, 1)
stanley (DF: 13): (242, 1), (292, 1), (3850, 3), (386, 1), (5092, 1), (8819, 1), (10209, 3), (10956, 1), (11090, 1), (12848, 1), (15847, 2), (1796, 1), (18053, 1)
stann (DF: 2): (6961, 1), (11821, 1)
stanni (DF: 4): (2194, 1), (2729, 1), (5577, 2), (14970, 1)
stanott (DF: 6): (2059, 1), (6341, 1), (9664, 1), (9912, 3), (11419, 1), (15864, 1)
stanz (DF: 7): (4086, 2), (4890, 3), (5825, 1), (9906, 1), (1800, 1), (187, 1), (18408, 1)
stanza (DF: 2): (15706, 1), (1697, 2)
stap (DF: 5): (2638, 1), (3355, 6), (6008, 1), (852, 2), (11669, 1)
stapel (DF: 3): (2194, 1), (2574, 1), (7411, 1)
stapeln (DF: 4): (5955, 1), (7720, 1), (1238, 1), (13091, 1)
stapelt (DF: 1): (14254, 1)
stapl (DF: 13): (3350, 1), (4261, 1), (4452, 2), (4641, 1), (5382, 1), (5862, 1), (9502, 2), (10897, 2), (11281, 2), (11415, 1), (15161, 1), (1613, 1), (16477, 1)
stapleton (DF: 4): (3332, 1), (6416, 1), (7907, 1), (12866, 1)
stapp (DF: 2): (7251, 3), (9895, 1)
stappen (DF: 2): (6008, 1), (175, 1)
star (DF: 102): (16, 4), (1896, 3), (1904, 1), (1908, 1), (1913, 4), (1922, 1), (197, 2), (1946, 1), (1948, 1), (1952, 2), (1994, 1), (2003, 1), (2005, 2), (2010, 1), (2025, 1), (2036, 1), (202, 1), (2049, 1), (203, 4), (2112, 1), (2138, 8), (2168, 2), (2177, 1), (2198, 1), (2218, 2), (2219, 2), (2223, 2), (2235, 1), (2237, 2), (2276, 1), (2288, 6), (2317, 1), (2344, 1), (2357, 2), (2363, 1), (2375, 1), (2386, 2), (2401, 1), (2409, 2), (2435, 2), (2438, 2), (25, 20), (2462, 1), (2465, 2), (2476, 1), (2491, 5), (2500, 1), (2520, 2), (2523, 1), (2524, 1), (2527, 1), (2541, 2), (2545, 1), (2555, 1), (2567, 2), (2587, 9), (2605, 1), (2609, 1), (2618, 2), (2621, 4), (2641, 2), (2662, 1), (251, 1), (2758, 4), (2786, 1), (2798, 3), (2803, 1), (2824, 2), (270, 1), (2831, 1), (273, 4), (2851, 2), (2874, 2), (2886, 2), (2888, 1), (2895, 1), (2896, 2), (2897, 1), (2899, 1), (2910, 2), (2942, 3), (2947, 2), (2976, 3), (3012, 3), (3035, 1), (3038, 2), (3061, 1), (3081, 1), (3088, 2), (3135, 1), (301, 2), (3171, 1), (3181, 8), (3183, 1), (3188, 2), (3191, 2), (3216, 1), (3218, 1), (3221, 1), (3229, 4), (3258, 2), (3262, 4)
