height (DF: 42): (10994, 1), (11209, 1), (11212, 1), (11269, 1), (11369, 1), (11485, 6), (11527, 1), (11641, 1), (11735, 1), (11798, 2), (11960, 1), (1219, 1), (12020, 2), (12125, 1), (12305, 1), (12900, 1), (13068, 1), (13570, 1), (14018, 3), (14434, 1), (14577, 1), (14887, 1), (1547, 1), (15181, 1), (15769, 3), (15919, 1), (15989, 1), (16180, 1), (16337, 1), (16358, 1), (16414, 2), (16556, 1), (16592, 1), (16809, 1), (17456, 2), (1782, 6), (17750, 1), (17784, 1), (17945, 1), (18056, 4), (18290, 2), (18353, 2)
heighten (DF: 1): (10227, 1)
heightman (DF: 1): (13876, 1)
heights (DF: 2): (8420, 2), (8928, 2)
heikki (DF: 1): (8435, 1)
heil (DF: 2): (2327, 3), (11473, 1)
heilig (DF: 6): (5955, 1), (9788, 1), (12822, 1), (15517, 1), (1715, 1), (17663, 2)
heim (DF: 6): (3067, 4), (4816, 1), (6430, 1), (7373, 4), (11493, 1), (17204, 1)
heimat (DF: 7): (3108, 1), (397, 1), (8670, 1), (11024, 1), (1177, 1), (1238, 1), (18415, 1)
heimatgesetz (DF: 1): (16919, 1)
heimatland (DF: 1): (10215, 1)
heimbring (DF: 2): (3480, 1), (5382, 1)
heimgeh (DF: 1): (12760, 1)
heimlich (DF: 4): (2676, 1), (3123, 1), (12760, 1), (14964, 9)
hein (DF: 16): (3453, 2), (3467, 12), (3870, 2), (4645, 1), (7795, 8), (8989, 1), (9737, 1), (10080, 10), (10427, 1), (10672, 1), (11341, 1), (11483, 10), (11712, 1), (15912, 1), (16193, 1), (18274, 1)
heina (DF: 2): (5811, 1), (16521, 1)
heineken (DF: 1): (13535, 5)
heini (DF: 1): (8596, 1)
heinous (DF: 3): (3940, 1), (10154, 1), (14718, 1)
heir (DF: 12): (2847, 1), (4670, 4), (5227, 2), (6130, 1), (6742, 1), (6963, 1), (7707, 1), (12990, 1), (14269, 1), (14353, 1), (14946, 1), (15084, 1)
heirat (DF: 3): (484, 1), (13755, 2), (17630, 2)
heiress (DF: 1): (16661, 1)
heisenberg (DF: 1): (858, 1)
heisman (DF: 4): (7018, 1), (12190, 3), (13932, 1), (14415, 1)
heiss (DF: 16): (2328, 1), (3048, 1), (3437, 1), (3984, 1), (4729, 2), (681, 1), (7983, 1), (8932, 1), (10860, 1), (1176, 1), (12760, 3), (13012, 1), (13789, 1), (14419, 1), (15143, 2), (17704, 1)
heissblut (DF: 1): (16963, 1)
heissgeliebt (DF: 1): (681, 1)
heisst (DF: 22): (3570, 1), (3849, 1), (3932, 2), (3962, 1), (4387, 1), (484, 1), (5149, 1), (5206, 1), (5955, 2), (681, 1), (7463, 1), (8498, 1), (10239, 5), (10719, 1), (12212, 4), (12619, 1), (13093, 1), (13102, 1), (13245, 1), (15867, 1), (16290, 1), (17136, 4)
heist (DF: 14): (21, 1), (4646, 1), (5340, 1), (6184, 4), (7537, 1), (7580, 1), (8960, 1), (11702, 1), (12049, 1), (13657, 1), (14526, 1), (14903, 1), (14970, 1), (15154, 2)
heiz (DF: 2): (6835, 1), (11949, 1)
heizen (DF: 1): (13524, 1)
heizung (DF: 2): (5890, 1), (9199, 1)
hej (DF: 2): (10020, 5), (15698, 1)
hejna (DF: 2): (8604, 1), (14869, 1)
hejo (DF: 2): (6126, 1), (9049, 2)
hejtera (DF: 1): (9647, 1)
hekdi (DF: 1): (18053, 1)
hekmek (DF: 1): (15458, 2)
hektik (DF: 5): (3984, 1), (4387, 1), (6600, 1), (7411, 9), (14970, 1)
hektisch (DF: 1): (14659, 1)
hektolit (DF: 2): (13755, 1), (17630, 1)
hel (DF: 19): (229, 1), (2759, 3), (3527, 6), (4440, 2), (7397, 2), (8580, 2), (9916, 1), (10592, 2), (11364, 1), (11953, 1), (13412, 12), (13659, 1), (1474, 1), (15031, 1), (15844, 1), (16121, 4), (16208, 1), (16307, 12), (17294, 2)
hela (DF: 1): (16121, 15)
helader (DF: 1): (4515, 1)
heladit (DF: 1): (16121, 1)
helal (DF: 3): (2574, 1), (12363, 1), (14426, 1)
held (DF: 109): (2017, 1), (2143, 1), (2224, 1), (2246, 1), (2376, 1), (2399, 1), (233, 1), (2423, 1), (2462, 1), (2533, 9), (2587, 1), (2636, 1), (2646, 1), (2715, 2), (2729, 1), (2734, 1), (2783, 1), (2894, 1), (2996, 3), (3023, 1), (3098, 2), (3228, 2), (3233, 1), (3238, 1), (3246, 2), (3296, 1), (3390, 1), (3675, 1), (3721, 3), (3766, 1), (3843, 1), (3850, 1), (3938, 1), (3946, 1), (4020, 1), (4196, 2), (4199, 1), (4252, 1), (420, 1), (4321, 2), (4336, 4), (4622, 1), (4643, 1), (458, 1), (4742, 1), (4759, 1), (4877, 1), (4897, 1), (4926, 1), (4932, 2), (4974, 1), (4999, 1), (5080, 1), (5098, 1), (5199, 1), (5270, 1), (5380, 1), (5534, 1), (5552, 1), (5560, 1), (5573, 1), (5589, 1), (5642, 1), (5702, 2), (6178, 2), (6196, 3), (6268, 1), (6350, 1), (6527, 1), (6563, 1), (650, 1), (6694, 6), (6698, 1), (6822, 1), (6933, 1), (6965, 1), (7069, 1), (7075, 3), (7128, 1), (7150, 1), (7224, 1), (7267, 1), (7292, 1), (7323, 1), (7360, 1), (7364, 1), (7523, 1), (7599, 1), (7673, 1), (7758, 1), (7788, 1), (7805, 1), (7893, 3), (7983, 1), (74, 2), (8196, 1), (8207, 2), (8258, 4), (8389, 2), (8397, 1), (8404, 6), (8531, 1), (869, 1), (8609, 1), (8643, 3), (8677, 1), (9298, 2), (9304, 4), (9310, 2)
