vas (DF: 191): (9309, 1), (9430, 1), (9437, 1), (9444, 16), (9536, 3), (9652, 3), (9692, 1), (9845, 1), (9864, 4), (9882, 1), (9974, 1), (10158, 2), (10217, 4), (10244, 3), (10321, 1), (10363, 1), (10379, 1), (10407, 1), (10418, 2), (10467, 1), (109, 1), (10612, 6), (10676, 2), (1087, 4), (10807, 2), (10813, 1), (1109, 1), (10892, 1), (10898, 2), (10908, 2), (10992, 1), (11017, 4), (11046, 1), (11064, 2), (11068, 6), (117, 1), (11096, 3), (11141, 1), (11243, 1), (11298, 1), (11350, 1), (11391, 1), (11407, 1), (11413, 2), (11424, 1), (11433, 1), (11486, 2), (11533, 1), (11540, 4), (11582, 9), (11666, 1), (11685, 4), (11742, 4), (11774, 3), (1213, 2), (11993, 1), (1221, 2), (12055, 4), (12098, 4), (12192, 1), (12214, 2), (12331, 5), (1254, 4), (12431, 1), (12456, 3), (12493, 10), (12574, 1), (12608, 6), (12615, 2), (12661, 3), (12674, 2), (12770, 8), (1309, 3), (12901, 1), (12924, 1), (13023, 1), (13095, 1), (13138, 1), (13141, 1), (1333, 18), (13157, 5), (13227, 2), (13267, 1), (13388, 16), (13454, 1), (1370, 6), (13606, 1), (13694, 5), (13714, 1), (1395, 5), (13742, 1), (13806, 9), (13830, 5), (143, 3), (1422, 5), (13973, 6), (1424, 1), (13985, 1), (14012, 6), (14016, 8), (14073, 1), (14215, 4), (14239, 2), (14280, 1), (14291, 5), (14314, 1), (14390, 1), (14420, 1), (14437, 12), (14487, 2), (1481, 2), (14543, 1), (14677, 1), (14726, 5), (14817, 8), (15204, 5), (15321, 3), (15402, 1), (15424, 1), (15473, 1), (15498, 3), (15587, 2), (15634, 8), (15637, 1), (15686, 1), (15721, 2), (15737, 1), (15815, 1), (15868, 4), (15913, 10), (15914, 2), (15922, 1), (15939, 1), (1633, 2), (15993, 5), (16013, 2), (16024, 4), (1652, 5), (16150, 3), (16223, 1), (16253, 7), (16260, 1), (1668, 2), (16403, 54), (16407, 2), (16419, 1), (173, 2), (16465, 33), (16557, 9), (16645, 1), (16759, 2), (16840, 1), (16905, 2), (16968, 4), (16969, 1), (16983, 1), (17095, 1), (17115, 1), (17213, 1), (17255, 1), (17459, 1), (17462, 1), (17549, 4), (17566, 1), (17648, 1), (1788, 1), (17671, 1), (17748, 1), (1803, 1), (17861, 3), (17888, 6), (17905, 6), (17931, 1), (17941, 7), (17961, 1), (1818, 2), (18046, 3), (18047, 3), (18090, 1), (18123, 2), (18145, 2), (18151, 2), (18220, 4), (18298, 1), (18394, 2), (18421, 2), (18427, 1), (10909, 1), (10943, 2), (10944, 1), (15719, 3)
vasco (DF: 1): (2039, 1)
vase (DF: 6): (3807, 2), (9152, 3), (9275, 1), (9875, 15), (11937, 6), (15291, 1)
vasectomi (DF: 2): (3268, 1), (9922, 1)
vaselin (DF: 10): (3053, 1), (4168, 1), (7464, 1), (7751, 2), (8331, 1), (12636, 17), (12972, 1), (1381, 1), (14256, 3), (17761, 9)
vashti (DF: 1): (434, 1)
vasit (DF: 1): (2739, 1)
vasm (DF: 1): (5663, 1)
vaso (DF: 2): (7583, 1), (9279, 1)
vasquez (DF: 1): (14085, 1)
vass (DF: 1): (2268, 1)
vassi (DF: 6): (214, 1), (6957, 1), (10537, 1), (14827, 1), (15746, 2), (17765, 1)
vassoura (DF: 1): (1881, 1)
vast (DF: 20): (2452, 2), (326, 1), (3355, 1), (432, 1), (5917, 4), (6015, 2), (764, 1), (7792, 2), (8831, 2), (10930, 1), (11516, 1), (12124, 1), (12564, 1), (13336, 1), (13690, 1), (13951, 1), (14553, 1), (15027, 2), (175, 1), (17663, 1)
vastag (DF: 1): (417, 1)
vastgelegd (DF: 1): (16602, 1)
vastgo (DF: 1): (8418, 1)
vat (DF: 32): (2194, 1), (2328, 1), (3067, 1), (3569, 2), (3849, 1), (397, 1), (4288, 2), (4347, 2), (4852, 5), (5149, 1), (5429, 1), (5716, 5), (6748, 1), (7373, 1), (7501, 2), (8187, 2), (8260, 1), (11203, 1), (11521, 1), (11558, 2), (1244, 1), (13930, 1), (14899, 1), (15066, 1), (15517, 1), (16295, 4), (16745, 2), (16759, 1), (16998, 1), (17136, 1), (17142, 1), (18415, 1)
vaterstaat (DF: 2): (10215, 1), (14752, 1)
vati (DF: 1): (16726, 1)
vatican (DF: 2): (3068, 1), (5915, 1)
vato (DF: 22): (2329, 1), (2765, 1), (2936, 2), (306, 1), (3462, 1), (3479, 1), (5811, 2), (7207, 4), (8445, 2), (9368, 2), (988, 2), (10257, 4), (11424, 1), (11650, 2), (11671, 5), (13432, 2), (13937, 1), (16127, 1), (16283, 1), (16521, 2), (16619, 1), (17740, 3)
vatos (DF: 1): (10523, 1)
vatt (DF: 1): (4421, 2)
vatta (DF: 1): (4650, 6)
vatten (DF: 1): (3717, 1)
vattenfall (DF: 1): (8498, 1)
vattimm (DF: 1): (5663, 3)
vaudevill (DF: 1): (5066, 1)
vaughan (DF: 1): (2741, 1)
