without (DF: 331): (1669, 2), (16369, 1), (16374, 1), (16387, 1), (16396, 1), (16399, 2), (16415, 1), (16429, 1), (16447, 2), (16463, 1), (16502, 1), (16504, 26), (16510, 3), (16521, 1), (16535, 2), (16539, 1), (16556, 1), (16560, 2), (16564, 2), (16570, 1), (16604, 1), (16630, 2), (16636, 1), (16642, 1), (16645, 2), (16693, 2), (16736, 4), (16742, 1), (16760, 1), (16772, 1), (16786, 28), (16794, 1), (176, 12), (1709, 1), (16827, 1), (1710, 2), (1713, 1), (16873, 2), (16879, 1), (16901, 2), (16902, 3), (16913, 1), (1717, 1), (16929, 2), (16956, 2), (16958, 1), (16982, 1), (17015, 18), (17032, 1), (17038, 2), (17049, 1), (17093, 1), (17116, 1), (17120, 1), (17164, 1), (17183, 2), (17206, 4), (1746, 1), (17208, 30), (17218, 2), (17252, 5), (17256, 2), (17261, 4), (1755, 3), (1757, 1), (17316, 3), (17321, 3), (17328, 1), (17335, 3), (17341, 2), (17348, 1), (17352, 4), (17363, 2), (17383, 1), (17385, 3), (17394, 34), (1770, 1), (17476, 4), (17484, 1), (17509, 4), (17531, 5), (17533, 1), (17535, 3), (1775, 2), (17548, 1), (17550, 1), (17582, 3), (17593, 1), (1782, 5), (17617, 6), (17651, 3), (17653, 1), (17657, 1), (17661, 2), (17666, 1), (17687, 1), (1791, 1), (17730, 1), (17740, 3), (17750, 2), (17761, 7), (17813, 2), (1801, 1), (17860, 1), (17895, 7), (17901, 1), (17914, 2), (17919, 1), (17927, 2), (17957, 2), (17967, 6), (17978, 2), (17988, 1), (17991, 3), (18006, 1), (18010, 2), (18018, 2), (1823, 3), (18060, 6), (18075, 3), (18089, 1), (18091, 8), (18101, 3), (18109, 1), (18137, 4), (18144, 2), (18185, 2), (18192, 1), (18236, 2), (18252, 3), (18262, 1), (18266, 1), (1846, 1), (18277, 1), (18289, 6), (18293, 46), (18297, 6), (18300, 1), (18307, 3), (18319, 2), (18327, 9), (18332, 1), (18337, 4), (18346, 1), (18358, 2), (18361, 3), (18378, 1), (18395, 1), (18400, 1), (18403, 1), (18412, 1), (18431, 1), (18436, 3), (1874, 1), (1879, 2), (2073, 1), (2075, 1), (2440, 1), (2441, 1), (2474, 1), (2475, 1), (2503, 6), (2504, 3), (2587, 1), (2588, 1), (2627, 3), (2629, 1), (3034, 2), (3035, 10), (3046, 2), (3047, 1), (3058, 3), (3059, 1), (3073, 1), (3074, 20), (3361, 5), (3362, 1), (3369, 1), (3370, 1), (3548, 4), (3549, 1), (4520, 2), (4521, 1), (4753, 14), (4754, 6), (5648, 12), (5650, 3), (5853, 1), (5854, 5), (5887, 1), (5888, 6), (6106, 1), (6108, 1), (6166, 1), (6167, 2), (6306, 2), (6307, 1), (6563, 1), (6564, 10), (6662, 1), (6664, 6), (6929, 2), (6930, 1), (7337, 2), (7338, 1), (781, 1), (782, 1), (7761, 1), (7762, 1), (7856, 2), (7857, 1), (809, 4), (811, 1), (860, 2), (861, 2), (8585, 3), (8586, 1), (8674, 1), (8675, 2), (8734, 1), (8735, 2), (9239, 1), (9240, 2), (9464, 1), (9466, 1), (9543, 1), (9544, 1), (990, 1), (991, 1), (9850, 3), (9851, 1), (9856, 2), (9857, 1), (10388, 2), (10390, 1), (10401, 1), (10402, 1), (10449, 1), (10450, 1), (10844, 1), (10845, 13), (11028, 2), (11029, 1), (11092, 1), (11093, 1), (11195, 3), (11196, 32), (11567, 2), (11568, 11), (1184, 6), (1186, 1), (11629, 1), (11630, 13), (11755, 3), (11756, 1), (11917, 5), (11918, 1), (12268, 1), (12270, 1), (12530, 3), (12531, 4), (12565, 1), (12567, 1), (12927, 1), (12928, 1), (13041, 3), (13042, 2), (13516, 2), (13518, 1), (13569, 1), (13570, 1), (13748, 1), (13749, 2), (13842, 4), (13843, 18), (14535, 40), (14536, 2), (1495, 4), (1497, 5), (1533, 2), (1535, 2), (15068, 3), (15069, 1), (15254, 3), (15255, 2), (15341, 4), (15342, 1), (15360, 1), (15362, 2), (1572, 1), (1573, 2), (15437, 25), (15438, 2), (15680, 1), (15681, 7), (15696, 4), (15697, 1), (15880, 1), (15882, 1), (15900, 5), (15901, 1), (16096, 8), (16098, 1), (16145, 1), (16146, 1), (16255, 36), (16257, 3), (16328, 1), (16330, 6), (16343, 2), (16344, 1), (16511, 5), (16646, 1), (17000, 1), (17002, 1), (17047, 1), (17048, 3), (17066, 1), (17067, 1), (17322, 1), (17440, 6), (17441, 2), (17511, 1), (17742, 1), (17743, 2), (18093, 1), (18239, 2), (18242, 1), (8305, 2), (8306, 7), (8307, 1)
withstand (DF: 7): (2864, 2), (3769, 1), (375, 1), (7538, 1), (9445, 2), (1211, 1), (12267, 1)
withstandin (DF: 1): (7538, 1)
withstood (DF: 1): (1344, 1)
withu (DF: 1): (16763, 1)
witnessin (DF: 5): (3821, 1), (7009, 1), (11970, 1), (13994, 1), (15937, 1)
witt (DF: 1): (14752, 1)
witta (DF: 1): (9767, 1)
wittem (DF: 1): (16054, 1)
wittert (DF: 3): (4318, 4), (11772, 1), (15050, 2)
witti (DF: 6): (3726, 1), (3921, 2), (5225, 1), (11925, 1), (14815, 3), (16684, 1)
