sea (DF: 152): (13607, 12), (13726, 1), (13736, 1), (13748, 1), (13785, 2), (13904, 1), (13916, 3), (1418, 1), (13954, 1), (13956, 4), (145, 1), (14120, 7), (14157, 1), (14159, 1), (14204, 1), (14302, 1), (14305, 1), (14323, 2), (14354, 1), (14358, 2), (14540, 4), (14560, 1), (1488, 1), (14578, 1), (14607, 2), (14610, 2), (14720, 1), (14730, 2), (14805, 1), (14904, 2), (14915, 1), (14917, 2), (14931, 2), (14982, 1), (14994, 1), (15072, 2), (1548, 2), (15135, 1), (15159, 4), (1557, 2), (15268, 2), (15272, 2), (15293, 1), (15320, 2), (15348, 1), (15495, 1), (15499, 1), (1586, 1), (15624, 1), (15640, 2), (1597, 3), (15649, 2), (15670, 1), (15693, 1), (15712, 2), (164, 1), (15909, 2), (15945, 5), (15986, 2), (16056, 4), (16116, 2), (16182, 2), (16201, 2), (16205, 1), (16235, 2), (16288, 1), (16314, 1), (16357, 3), (16460, 1), (16477, 1), (16483, 3), (16486, 1), (16510, 1), (16516, 1), (16536, 1), (16544, 1), (16548, 2), (16585, 3), (16596, 2), (16601, 1), (16608, 2), (16772, 2), (16836, 1), (16842, 2), (16875, 2), (16881, 2), (16950, 1), (16988, 1), (16992, 1), (16994, 1), (17080, 22), (1738, 1), (17151, 1), (17155, 1), (17156, 2), (17161, 2), (17179, 1), (17183, 1), (17281, 3), (17323, 4), (17399, 15), (17500, 1), (17533, 1), (17605, 2), (17656, 4), (17687, 2), (17736, 1), (1799, 3), (182, 1), (17795, 2), (17832, 1), (17871, 1), (17919, 1), (17967, 2), (17981, 2), (1832, 1), (18139, 2), (18173, 1), (18221, 1), (18230, 6), (18234, 2), (1844, 1), (18266, 2), (18287, 2), (18318, 5), (18367, 4), (18388, 2), (18400, 1), (18413, 2), (1856, 2), (18433, 1), (1957, 2), (1958, 1), (7825, 1), (7826, 2), (8494, 1), (8495, 1), (9922, 1), (9924, 1), (10581, 4), (10582, 5), (14180, 2), (14181, 1), (14852, 6), (14853, 2), (1540, 1), (1541, 1), (1696, 1), (1697, 2), (16770, 1), (18275, 2), (18276, 1)
seab (DF: 1): (1925, 1)
seabra (DF: 1): (3846, 1)
seacrest (DF: 2): (8681, 1), (11120, 4)
seafood (DF: 7): (4127, 1), (5137, 1), (9576, 2), (1058, 1), (1469, 1), (15943, 2), (16473, 1)
seafret (DF: 1): (12567, 1)
seagal (DF: 4): (4407, 1), (483, 1), (11212, 1), (1654, 1)
seagram (DF: 7): (2110, 3), (5692, 1), (9608, 1), (9668, 1), (10403, 1), (14377, 1), (18259, 1)
seagster (DF: 1): (204, 1)
seagul (DF: 14): (3678, 1), (3896, 2), (6262, 1), (6479, 1), (7339, 1), (855, 2), (9553, 1), (10917, 2), (11616, 1), (14397, 2), (14604, 4), (14651, 1), (17835, 1), (18437, 1)
seakan (DF: 1): (12477, 1)
seaker (DF: 1): (10645, 2)
seal (DF: 70): (2177, 1), (2181, 1), (2900, 2), (3077, 1), (3387, 1), (3565, 1), (3813, 1), (3940, 1), (4148, 1), (4243, 3), (4369, 1), (482, 2), (4942, 2), (4995, 3), (490, 1), (5334, 1), (5345, 1), (587, 1), (6535, 2), (650, 1), (6646, 1), (6663, 3), (7323, 1), (8041, 1), (8108, 8), (8190, 1), (8428, 1), (8496, 2), (8531, 1), (8551, 1), (905, 1), (9320, 1), (9681, 1), (9763, 1), (9767, 1), (10358, 1), (10440, 6), (10771, 1), (11207, 1), (11212, 1), (11439, 1), (11860, 1), (1304, 1), (134, 1), (13231, 3), (1344, 1), (13539, 1), (1375, 24), (13639, 1), (13873, 1), (13960, 1), (13993, 12), (14276, 2), (14473, 2), (14759, 1), (14935, 1), (15331, 4), (15521, 1), (15727, 1), (16513, 2), (16816, 1), (17000, 1), (17302, 6), (17549, 1), (17596, 1), (17750, 1), (18192, 1), (18311, 1), (10195, 1), (10197, 1)
sealer (DF: 1): (1135, 1)
sealin (DF: 2): (5261, 1), (5463, 1)
seals (DF: 1): (9974, 1)
seam (DF: 37): (2222, 2), (3113, 4), (3608, 1), (3869, 1), (4404, 1), (4990, 1), (5285, 1), (5332, 2), (6052, 2), (6317, 1), (6453, 1), (6468, 8), (6814, 3), (7023, 1), (7634, 2), (7722, 2), (8353, 1), (8647, 1), (9173, 6), (1009, 4), (10451, 1), (11149, 1), (11323, 1), (12301, 1), (1313, 1), (13068, 1), (13121, 1), (14395, 1), (14473, 2), (14860, 1), (15100, 1), (15388, 1), (16054, 1), (16416, 1), (16899, 1), (17205, 1), (17217, 1)
seaman (DF: 3): (7189, 1), (1076, 1), (10622, 2)
seamer (DF: 1): (11212, 1)
seamless (DF: 2): (3940, 1), (14829, 1)
seamstress (DF: 4): (6630, 2), (8570, 1), (12044, 1), (14668, 1)
sean (DF: 47): (1924, 1), (2896, 1), (3101, 1), (3139, 1), (3322, 2), (3598, 1), (3741, 2), (4326, 2), (4681, 3), (4795, 2), (4828, 1), (496, 2), (5228, 3), (5720, 2), (5833, 2), (5862, 1), (5893, 1), (6193, 1), (6403, 2), (6465, 1), (6711, 1), (7045, 1), (7063, 1), (7266, 1), (7342, 13), (7540, 2), (7554, 3), (7645, 1), (7791, 5), (7874, 1), (823, 1), (8155, 1), (8245, 1), (8496, 1), (8650, 1), (8765, 4), (9331, 2), (9450, 4), (9486, 1), (9691, 1), (9783, 1), (10029, 1), (10162, 1), (10343, 1), (10919, 1), (11135, 3), (11327, 1)
