beg (DF: 229): (6686, 1), (6712, 4), (6760, 3), (6817, 1), (6925, 8), (6927, 1), (7011, 11), (7030, 1), (7051, 1), (7109, 1), (7173, 1), (7203, 2), (7226, 1), (7267, 1), (7271, 2), (7375, 1), (7427, 1), (7437, 1), (740, 1), (7542, 3), (7613, 1), (7644, 2), (7701, 2), (7759, 4), (7764, 1), (7892, 1), (7971, 2), (8023, 1), (8025, 2), (8093, 1), (8141, 1), (8229, 9), (828, 1), (8253, 3), (77, 3), (8416, 1), (8428, 1), (8433, 2), (8496, 1), (859, 37), (8585, 6), (877, 3), (8628, 5), (8713, 1), (8716, 2), (8743, 1), (8781, 16), (906, 3), (8832, 4), (8843, 3), (8848, 1), (8881, 1), (8966, 1), (9016, 1), (9083, 1), (9088, 1), (927, 1), (9194, 1), (943, 1), (9292, 1), (9385, 1), (9392, 3), (9474, 2), (9510, 12), (9520, 2), (9617, 1), (9687, 1), (9712, 1), (9755, 4), (997, 1), (9808, 1), (1021, 1), (10064, 2), (10121, 1), (10153, 1), (1031, 1), (10344, 1), (10443, 1), (10581, 1), (10714, 6), (10744, 2), (10770, 3), (10774, 1), (10870, 3), (10967, 2), (10970, 1), (10979, 1), (11035, 2), (11069, 3), (11148, 3), (11233, 1), (11326, 2), (11343, 2), (11363, 4), (1164, 1), (11445, 2), (11473, 4), (11491, 9), (1185, 1), (11659, 1), (11735, 1), (1203, 15), (11860, 2), (11994, 1), (1229, 6), (12120, 1), (12227, 2), (12231, 1), (12312, 1), (1252, 2), (12373, 1), (1258, 1), (12458, 2), (12461, 1), (12522, 4), (12565, 2), (12592, 1), (12641, 6), (12758, 1), (12798, 1), (12830, 1), (12851, 1), (12923, 3), (12995, 37), (13016, 1), (13182, 2), (13242, 1), (1343, 1), (13294, 2), (13554, 1), (13719, 1), (13720, 1), (13762, 1), (13823, 1), (13926, 1), (13939, 1), (1423, 4), (14109, 16), (14158, 1), (14171, 2), (14203, 1), (14223, 4), (14275, 1), (14307, 1), (14421, 1), (1494, 1), (14715, 1), (14720, 1), (14769, 2), (14791, 1), (14826, 1), (14862, 1), (14911, 1), (15046, 1), (15082, 3), (15104, 1), (158, 1), (15177, 1), (15265, 4), (15293, 1), (15317, 2), (15339, 1), (15361, 1), (15428, 1), (15459, 2), (15642, 1), (15656, 1), (15671, 1), (15672, 16), (160, 4), (15759, 1), (15769, 5), (15796, 2), (15817, 12), (15823, 1), (15918, 2), (1651, 1), (16251, 1), (16267, 1), (16422, 6), (16477, 8), (16516, 1), (16615, 1), (16641, 3), (16661, 3), (16702, 3), (16750, 3), (16771, 3), (16826, 1), (1713, 1), (1714, 2), (16868, 1), (16871, 1), (16976, 4), (17036, 1), (1734, 3), (17151, 1), (17243, 1), (17249, 1), (17288, 18), (17298, 6), (17304, 1), (17438, 1), (17445, 1), (17490, 2), (17499, 7), (17506, 1), (17512, 2), (17527, 4), (17654, 1), (17666, 1), (17787, 1), (17838, 24), (17914, 1), (1817, 1), (18028, 1), (18035, 1), (18086, 1), (18147, 1), (18177, 2), (18242, 1), (18291, 1), (1860, 3), (6385, 1), (6387, 1), (9967, 1), (9968, 2), (16610, 1), (16611, 1)
began (DF: 76): (1948, 1), (2046, 1), (2313, 2), (2491, 1), (2936, 1), (2996, 1), (314, 1), (3296, 1), (3347, 1), (3500, 3), (3647, 1), (3871, 1), (427, 2), (4854, 1), (4911, 1), (4983, 1), (5182, 2), (517, 1), (5554, 1), (5888, 6), (5961, 1), (6285, 1), (6372, 2), (6698, 1), (7164, 1), (7234, 2), (7536, 3), (7685, 2), (7718, 2), (7893, 1), (8296, 1), (835, 2), (886, 1), (9375, 1), (9439, 1), (9548, 2), (9750, 1), (9846, 1), (9998, 2), (10029, 1), (10348, 2), (10466, 2), (10534, 1), (10563, 1), (1108, 2), (10913, 1), (11023, 1), (11922, 1), (11965, 2), (12047, 1), (12158, 4), (12227, 1), (12507, 1), (13217, 3), (1347, 6), (13351, 3), (13472, 1), (1372, 1), (13564, 1), (1488, 1), (15356, 2), (15510, 1), (1612, 1), (15886, 1), (15970, 1), (16445, 1), (16471, 2), (16939, 4), (1738, 1), (18190, 1), (18327, 9), (18343, 2), (18348, 1), (18378, 1), (18413, 6), (1877, 3)
begana (DF: 1): (5535, 1)
begeb (DF: 1): (3462, 7)
begegn (DF: 1): (7306, 1)
begeht (DF: 1): (17886, 1)
begg (DF: 1): (17567, 1)
beggar (DF: 11): (3861, 1), (422, 1), (650, 1), (7786, 1), (9784, 1), (9998, 1), (10848, 3), (11539, 1), (13472, 1), (16089, 1), (16870, 2)
beggin (DF: 51): (2772, 4), (2804, 1), (2892, 1), (3052, 1), (3509, 3), (4066, 14), (4601, 2), (4634, 1), (5107, 1), (7048, 1), (7259, 1), (788, 2), (77, 3), (8301, 1), (8430, 2), (8438, 1), (8781, 1), (915, 1), (922, 1), (9322, 1), (10085, 76), (1167, 1), (11961, 1), (11970, 1), (12218, 1), (12448, 1), (12458, 1), (12985, 2), (13642, 1), (1430, 1), (14105, 2), (14316, 1), (14349, 1), (1532, 8), (15036, 2), (15082, 3), (15278, 4), (15428, 1), (15672, 1), (15734, 1), (16180, 1), (16415, 1), (16448, 1), (16481, 1), (16766, 6), (17249, 14), (17297, 1), (17349, 1), (17359, 1), (17666, 20), (18180, 1)
begginin (DF: 1): (3249, 1)
begginâ (DF: 2): (9098, 1), (13422, 1)
begin (DF: 9): (1902, 1), (1959, 1), (1962, 1), (2039, 3), (2047, 1), (2104, 1), (2119, 3), (2199, 1), (2248, 1)
