bock (DF: 2): (14419, 1), (1484, 12)
bocker (DF: 1): (12308, 1)
bocon (DF: 2): (347, 2), (7863, 1)
bod (DF: 21): (2100, 1), (3108, 4), (4318, 1), (5051, 2), (5735, 1), (5852, 4), (6835, 1), (8098, 1), (8260, 1), (1039, 1), (11521, 1), (11552, 2), (11988, 5), (12363, 1), (12872, 1), (13755, 1), (14254, 1), (15536, 1), (16751, 1), (17630, 1), (17861, 1)
bodaci (DF: 3): (2104, 1), (153, 2), (14838, 1)
bodak (DF: 1): (15305, 1)
bodega (DF: 5): (2357, 1), (6508, 1), (12251, 1), (1552, 1), (15188, 6)
bodeguer (DF: 1): (11356, 1)
bodem (DF: 4): (3748, 1), (3864, 1), (6641, 1), (11444, 2)
bodenmin (DF: 1): (14254, 1)
bodi (DF: 351): (1896, 1), (1900, 4), (1909, 1), (197, 2), (1962, 4), (1969, 1), (1972, 4), (1984, 1), (1991, 29), (2023, 1), (2026, 1), (2032, 2), (2039, 1), (2042, 1), (2045, 2), (2048, 3), (204, 3), (2076, 2), (2099, 7), (2104, 1), (2119, 2), (206, 1), (207, 1), (2147, 2), (2162, 3), (2164, 1), (211, 1), (2174, 1), (2181, 3), (2189, 4), (2196, 6), (2216, 1), (2227, 1), (2232, 1), (2239, 2), (2241, 1), (220, 1), (2261, 6), (221, 2), (2277, 3), (2315, 2), (2340, 2), (2349, 1), (2355, 1), (2357, 1), (2359, 16), (2386, 6), (2389, 1), (2422, 1), (2444, 2), (2466, 1), (2477, 1), (2484, 1), (2489, 1), (2497, 1), (2500, 2), (242, 1), (2540, 2), (2545, 1), (2557, 1), (2562, 1), (247, 4), (2618, 1), (248, 1), (2625, 2), (2628, 2), (2636, 1), (2638, 1), (2644, 1), (2678, 1), (2700, 6), (2705, 4), (2710, 2), (2735, 1), (2737, 1), (2746, 2), (2752, 1), (2755, 1), (2765, 2), (2769, 1), (2776, 2), (2790, 1), (2795, 1), (2800, 1), (270, 1), (2809, 1), (2831, 1), (2832, 1), (2840, 1), (2843, 2), (274, 2), (2865, 2), (2884, 2), (278, 1), (281, 2), (2947, 1), (3012, 1), (3023, 1), (288, 1), (3043, 1), (3068, 1), (292, 1), (3084, 6), (3085, 1), (3119, 1), (3121, 4), (3127, 1), (3140, 5), (3151, 1), (3161, 1), (3183, 1), (3184, 1), (3186, 1), (3188, 2), (3190, 1), (3200, 1), (3218, 1), (3223, 1), (3234, 2), (319, 12), (3256, 2), (3277, 2), (3291, 1), (3294, 1), (3297, 16), (330, 1), (3356, 1), (3369, 1), (334, 2), (3377, 2), (3386, 1), (3413, 1), (3423, 2), (3429, 1), (3430, 1), (3446, 1), (3476, 12), (3486, 2), (3546, 3), (3549, 2), (3578, 7), (3597, 3), (3601, 6), (3602, 1), (3613, 1), (3619, 1), (3628, 1), (3636, 1), (357, 3), (3644, 1), (3654, 5), (3659, 2), (3668, 2), (3699, 2), (3755, 32), (3769, 1), (3773, 2), (3777, 1), (4, 2), (31, 1), (3806, 48), (3809, 4), (3813, 2), (3837, 11), (374, 2), (3852, 8), (3865, 1), (3888, 7), (3922, 1), (3937, 2), (3957, 1), (391, 4), (3989, 5), (3993, 9), (4003, 1), (33, 10), (4021, 1), (4037, 1), (398, 1), (4046, 1), (4051, 3), (4054, 2), (4062, 1), (4069, 1), (4083, 1), (4089, 24), (4115, 1), (4122, 1), (4128, 1), (4133, 6), (4159, 14), (4165, 2), (411, 1), (4185, 2), (4187, 2), (4190, 1), (4199, 1), (4214, 8), (4229, 4), (4231, 1), (4240, 1), (4256, 1), (4270, 1), (4279, 1), (4294, 3), (4309, 3), (4313, 1), (4324, 1), (4329, 3), (4338, 2), (428, 3), (4340, 1), (4368, 1), (4446, 1), (4455, 9), (4477, 6), (4497, 30), (4500, 16), (4514, 1), (4549, 3), (4572, 1), (4575, 1), (4611, 1), (4616, 2), (449, 2), (4620, 1), (4625, 1), (4679, 1), (4681, 3), (455, 1), (4689, 15), (459, 18), (4717, 3), (4720, 3), (4724, 1), (4733, 1), (4748, 1), (4754, 7), (4767, 1), (4771, 4), (4791, 1), (4814, 8), (4825, 16), (474, 6), (4830, 1), (4831, 1), (4850, 2), (4854, 4), (4858, 7), (4869, 4), (4880, 1), (4897, 5), (4901, 1), (4905, 6), (4918, 1), (4928, 1), (4938, 1), (43, 9), (4947, 1), (4950, 4), (4960, 1), (4976, 1), (4982, 1), (4997, 32), (5008, 1), (5024, 4), (5054, 2), (5065, 3), (5082, 1), (5087, 1), (5088, 3), (5115, 8), (499, 2), (5130, 1), (5135, 2), (5140, 3), (5144, 3), (5157, 1), (5167, 1), (5168, 1), (507, 1), (5190, 1), (511, 21), (5201, 2), (5223, 1), (514, 2), (5235, 1), (5253, 1), (5258, 1), (5270, 1), (5277, 1), (5294, 1), (5311, 1), (5315, 1), (5316, 1), (5330, 10), (5346, 1), (5369, 4), (5408, 3), (5422, 3), (5435, 4), (5437, 1), (5445, 1), (5453, 1), (5458, 4), (5478, 1), (5500, 5), (545, 14), (5529, 2), (5558, 2), (5569, 4), (5570, 2), (5584, 1), (5594, 11), (5596, 2), (5612, 1), (5619, 2), (5624, 4), (5642, 1), (5645, 1), (5667, 2), (5686, 2), (5688, 1), (5704, 1), (5729, 2), (5733, 10), (5734, 1), (5739, 1), (5758, 6), (5767, 11), (5783, 1), (5822, 9), (5842, 2), (5869, 2), (5885, 1), (5896, 2), (5915, 1), (5936, 3), (589, 1), (591, 1), (5981, 1), (5993, 2), (5996, 1), (5998, 7), (6002, 4), (6006, 1), (6010, 2), (6015, 2), (6043, 1), (6044, 4), (6048, 4)
