yo (DF: 185): (1779, 3), (17586, 1), (1783, 2), (17596, 6), (17611, 2), (17630, 1), (17638, 2), (17672, 1), (1790, 1), (17687, 2), (17695, 3), (17697, 4), (17705, 6), (17732, 3), (17739, 3), (17746, 5), (17750, 1), (17761, 1), (17769, 2), (17802, 4), (17809, 1), (17811, 4), (17823, 1), (17865, 1), (17870, 18), (17897, 1), (17911, 4), (17921, 1), (17925, 8), (1812, 1), (17938, 3), (17939, 1), (17958, 1), (17959, 2), (17968, 3), (17987, 2), (17992, 1), (18012, 1), (18027, 3), (18032, 2), (18051, 1), (18054, 3), (18062, 1), (18083, 4), (18089, 7), (18103, 1), (1833, 5), (18110, 5), (18116, 5), (18130, 1), (18138, 1), (18149, 6), (18160, 2), (18205, 5), (18217, 1), (18221, 1), (18224, 1), (18225, 2), (18234, 1), (18243, 1), (18291, 2), (18309, 8), (1847, 1), (18327, 12), (18330, 3), (18350, 1), (1849, 2), (18359, 1), (18378, 2), (18382, 1), (18405, 3), (18453, 1), (2056, 1), (2058, 1), (2235, 1), (2236, 1), (2277, 2), (2278, 1), (221, 2), (222, 3), (2356, 1), (2357, 1), (2586, 1), (2588, 1), (2612, 2), (2613, 1), (3144, 1), (3146, 1), (3249, 3), (3251, 1), (4028, 1), (4030, 1), (4044, 1), (4045, 14), (4279, 1), (4281, 1), (5325, 10), (5326, 2), (6020, 1), (6024, 1), (6219, 1), (6220, 1), (669, 3), (670, 14), (6755, 3), (6757, 1), (7226, 1), (7227, 2), (7249, 1), (7250, 2), (7443, 1), (7445, 1), (7537, 1), (7538, 1), (772, 2), (774, 1), (781, 1), (782, 3), (8001, 2), (8002, 1), (8233, 7), (8234, 1), (8336, 1), (8338, 1), (8596, 1), (8597, 2), (8668, 3), (8669, 3), (8779, 1), (8780, 2), (9292, 1), (9293, 1), (10115, 1), (10116, 1), (10153, 2), (10154, 5), (10155, 1), (10690, 2), (10692, 1), (1110, 2), (1111, 8), (11040, 2), (11041, 2), (11563, 4), (11564, 2), (11710, 4), (11714, 2), (12124, 1), (12125, 1), (12251, 10), (12252, 1), (12289, 1), (12290, 1), (1342, 1), (1343, 2), (13286, 1), (13287, 1), (13472, 6), (13473, 1), (13478, 2), (13479, 1), (14229, 1), (14231, 6), (14398, 5), (14399, 1), (14427, 2), (14428, 1), (14820, 3), (14821, 32), (1559, 2), (1560, 1), (16026, 4), (16027, 8), (1669, 2), (1671, 2), (16519, 2), (16521, 1), (16538, 1), (16539, 1), (16895, 48), (16896, 4), (1717, 1), (1718, 1), (17577, 2), (17579, 4)
yob (DF: 1): (15845, 1)
yoda (DF: 7): (2521, 1), (2574, 7), (4410, 1), (4490, 1), (9549, 1), (12930, 1), (15175, 1)
yodel (DF: 3): (3910, 12), (9784, 1), (11539, 1)
yog (DF: 2): (9496, 1), (16289, 1)
yoga (DF: 12): (2521, 1), (2747, 1), (2845, 1), (4641, 1), (6100, 3), (966, 1), (11545, 2), (12407, 1), (14383, 2), (15108, 2), (17709, 1), (1799, 2)
yogi (DF: 2): (13343, 1), (17184, 3)
yogur (DF: 1): (3890, 1)
yogurt (DF: 2): (7495, 3), (966, 2)
yoh (DF: 7): (2370, 16), (6889, 1), (8112, 6), (10289, 1), (10300, 2), (13003, 1), (18369, 1)
yohhh (DF: 1): (1801, 1)
yok (DF: 4): (2881, 1), (8498, 1), (11144, 6), (16579, 1)
yokahama (DF: 1): (4956, 2)
yoke (DF: 4): (3731, 1), (9951, 1), (1029, 1), (12315, 1)
yokjo (DF: 1): (13096, 1)
yokla (DF: 1): (11144, 1)
yoko (DF: 4): (3985, 1), (4184, 11), (1250, 1), (17709, 1)
yokohama (DF: 1): (17827, 2)
yokubou (DF: 1): (10304, 5)
yola (DF: 11): (1972, 1), (6342, 1), (7192, 2), (92, 1), (11458, 1), (13443, 1), (13812, 1), (15595, 1), (15619, 2), (17505, 1), (1799, 2)
yoland (DF: 1): (4560, 1)
yolanda (DF: 1): (11014, 8)
yolk (DF: 2): (2534, 1), (2840, 2)
yolla (DF: 2): (3999, 1), (11144, 2)
yolly (DF: 1): (15402, 1)
yolo (DF: 6): (5581, 2), (9823, 3), (10675, 3), (11340, 1), (14475, 3), (14564, 2)
yoloclown (DF: 1): (5049, 2)
yolu (DF: 1): (17712, 2)
yom (DF: 2): (4799, 2), (14011, 2)
yomenem (DF: 1): (6457, 1)
yomi (DF: 1): (851, 1)
yon (DF: 7): (2230, 1), (6225, 2), (8210, 4), (8571, 1), (9164, 1), (13758, 2), (17964, 1)
yoncé (DF: 6): (4834, 1), (673, 2), (12734, 8), (14216, 2), (14295, 1), (15893, 2)
yond (DF: 1): (9068, 1)
yonder (DF: 10): (5030, 2), (7758, 1), (9200, 1), (9784, 1), (11137, 1), (11539, 1), (12038, 1), (14131, 2), (15611, 1), (17379, 1)
yong (DF: 8): (3887, 3), (4355, 1), (4815, 1), (4910, 4), (8001, 3), (9901, 2), (11761, 3), (13918, 1)
yonghong (DF: 1): (10238, 1)
yonker (DF: 3): (7070, 1), (7922, 1), (15870, 1)
yonki (DF: 3): (109, 1), (15922, 1), (17255, 1)
