spring (DF: 64): (9122, 1), (9220, 1), (9240, 1), (9263, 1), (9375, 1), (9569, 2), (10221, 2), (10249, 1), (10435, 2), (10563, 1), (10690, 4), (10860, 1), (11166, 1), (11305, 1), (1172, 1), (11859, 2), (11922, 1), (12269, 1), (12394, 2), (12451, 1), (12495, 1), (12610, 1), (12622, 1), (1313, 1), (13139, 3), (1332, 1), (13313, 1), (13343, 1), (13611, 1), (13736, 1), (13755, 1), (13773, 1), (145, 1), (14163, 10), (14214, 2), (14377, 1), (14533, 2), (14752, 1), (15089, 1), (15203, 1), (15265, 1), (15324, 2), (15328, 1), (15434, 1), (1576, 3), (15531, 1), (15629, 1), (15659, 1), (15886, 1), (16036, 3), (16050, 2), (16503, 1), (16548, 2), (16849, 6), (16939, 18), (17049, 1), (17173, 1), (17180, 1), (1748, 1), (17558, 1), (17630, 1), (17955, 1), (18395, 1), (18399, 1)
springfield (DF: 5): (4096, 2), (9037, 2), (13493, 1), (14832, 1), (1866, 2)
springin (DF: 1): (6232, 1)
springsteen (DF: 20): (5561, 1), (6739, 4), (6951, 1), (7222, 1), (7419, 1), (8648, 1), (9957, 1), (10234, 1), (10594, 1), (10788, 1), (11428, 4), (1181, 2), (12306, 1), (13266, 4), (14648, 1), (15091, 1), (15908, 1), (17363, 1), (18044, 8), (18376, 1)
springtim (DF: 5): (2754, 3), (5617, 1), (11366, 4), (14393, 2), (16939, 4)
sprinkl (DF: 15): (3612, 1), (4028, 1), (4641, 1), (702, 1), (8492, 1), (8570, 1), (8884, 2), (10375, 1), (12596, 2), (13120, 1), (13150, 3), (14668, 1), (153, 4), (14838, 2), (16476, 3)
sprinkler (DF: 2): (771, 1), (8557, 1)
sprint (DF: 10): (2177, 1), (3201, 1), (446, 2), (7846, 1), (9795, 1), (1011, 1), (10200, 2), (1583, 1), (16038, 1), (18213, 1)
sprinter (DF: 9): (4972, 1), (5300, 1), (9933, 2), (1031, 1), (12930, 1), (13512, 14), (15190, 1), (15389, 42), (18168, 1)
sprintin (DF: 2): (11660, 1), (14948, 1)
sprit (DF: 10): (5647, 2), (6631, 3), (7000, 1), (8019, 1), (8733, 6), (10860, 1), (13012, 1), (13520, 2), (16373, 1), (17462, 1)
sprite (DF: 35): (1979, 2), (2018, 1), (2397, 1), (2609, 1), (3432, 1), (3843, 1), (5092, 1), (5860, 1), (6092, 1), (6220, 2), (7106, 1), (846, 1), (9071, 1), (9257, 1), (9549, 1), (10834, 1), (11415, 3), (12029, 8), (12290, 1), (138, 1), (13691, 2), (14049, 2), (14168, 2), (14547, 1), (15099, 3), (15205, 1), (15958, 1), (16337, 1), (16703, 1), (1703, 2), (17305, 1), (17579, 1), (183, 1), (18038, 1), (18179, 1)
spritz (DF: 6): (2170, 1), (4816, 1), (681, 1), (8670, 2), (10138, 1), (15269, 1)
spritzt (DF: 4): (3123, 4), (11552, 1), (13755, 2), (17630, 2)
sprofond (DF: 1): (1800, 1)
sprout (DF: 4): (7748, 1), (8360, 2), (10526, 1), (15242, 2)
sproutin (DF: 2): (12164, 1), (18400, 1)
spruce (DF: 1): (9668, 1)
spruh (DF: 1): (15458, 1)
sprung (DF: 46): (1904, 1), (2133, 2), (3322, 1), (4221, 2), (485, 1), (5107, 1), (6858, 1), (751, 17), (7946, 2), (8063, 1), (8172, 2), (8338, 2), (8468, 2), (8663, 1), (904, 1), (8893, 1), (9117, 1), (9379, 1), (9751, 1), (10297, 1), (10387, 1), (10623, 1), (10634, 1), (12012, 1), (12578, 1), (12838, 1), (12851, 1), (12917, 3), (13052, 1), (1334, 22), (13522, 2), (13732, 2), (14264, 1), (14316, 1), (14839, 1), (14857, 1), (15091, 2), (15342, 1), (15682, 5), (15708, 1), (15832, 2), (16560, 2), (16642, 3), (16926, 1), (17061, 3), (17315, 2)
sprungbrett (DF: 1): (6835, 1)
sprunger (DF: 1): (1334, 2)
sprz (DF: 1): (14869, 1)
sprzeda (DF: 2): (1918, 1), (17071, 3)
spuck (DF: 9): (6748, 1), (681, 1), (10074, 1), (10659, 1), (11522, 1), (13012, 1), (14153, 1), (14419, 1), (151, 1)
spuckt (DF: 2): (5382, 1), (16579, 2)
spud (DF: 2): (6375, 2), (15943, 2)
spugliat (DF: 1): (6961, 1)
spullen (DF: 1): (18323, 1)
spumant (DF: 3): (6214, 1), (9965, 1), (16464, 1)
spun (DF: 17): (2002, 1), (2148, 1), (2771, 1), (335, 1), (3661, 1), (5777, 1), (6269, 1), (6527, 1), (7067, 1), (8662, 2), (9180, 1), (10271, 1), (11007, 1), (14019, 1), (14979, 1), (1666, 3), (17105, 1)
spunk (DF: 1): (4135, 1)
spunki (DF: 2): (8528, 1), (11575, 1)
spunt (DF: 1): (2059, 1)
spur (DF: 22): (4192, 6), (4318, 1), (4466, 1), (5049, 1), (6238, 1), (7464, 1), (8651, 1), (8682, 1), (9668, 2), (9999, 1), (10554, 1), (11020, 1), (11863, 2), (13091, 1), (13789, 1), (14254, 2), (14752, 1), (15099, 1), (1707, 1), (17204, 1), (17562, 2), (17695, 1)
spurgt (DF: 1): (11364, 1)
spurhund (DF: 1): (9236, 1)
spurst (DF: 2): (9457, 1), (14752, 1)
spurt (DF: 3): (3381, 1), (3570, 1), (7908, 1)
