drama (DF: 43): (14911, 1), (1536, 2), (15150, 4), (15409, 1), (1575, 1), (15518, 1), (15530, 2), (15669, 1), (15833, 2), (15859, 1), (1671, 1), (16464, 1), (16543, 1), (16592, 1), (16643, 1), (1704, 1), (16886, 1), (16922, 1), (16971, 1), (1730, 2), (1748, 1), (17307, 2), (17327, 2), (1760, 2), (17347, 1), (17371, 1), (17392, 2), (17481, 1), (1772, 3), (17533, 1), (17638, 1), (17852, 2), (17925, 2), (18005, 1), (18012, 1), (18069, 1), (18104, 1), (18179, 1), (18259, 1), (18309, 1), (18342, 1), (1358, 1), (1359, 1)
dramaci (DF: 1): (17481, 1)
dramat (DF: 26): (2050, 1), (2174, 1), (3152, 2), (4983, 1), (6970, 1), (7461, 2), (7732, 3), (10678, 1), (10743, 1), (10849, 1), (10856, 2), (11063, 1), (11693, 3), (12613, 2), (13530, 1), (13591, 2), (14800, 1), (15072, 2), (15296, 1), (15471, 3), (15735, 6), (15912, 1), (16296, 1), (17506, 1), (18018, 2), (18379, 1)
dramatic (DF: 1): (10380, 1)
dramatis (DF: 1): (11004, 1)
dramatiz (DF: 1): (5852, 1)
dramaturgo (DF: 1): (2839, 1)
drame (DF: 2): (6203, 1), (18053, 1)
drami (DF: 2): (8509, 1), (12048, 1)
dramm (DF: 1): (5392, 1)
dran (DF: 10): (2328, 3), (3466, 2), (3932, 1), (397, 1), (10239, 1), (11024, 1), (11538, 1), (14254, 1), (14752, 1), (15269, 1)
drang (DF: 1): (5149, 1)
drank (DF: 143): (1891, 4), (1984, 3), (2014, 6), (202, 1), (3037, 13), (3170, 13), (3205, 2), (3223, 1), (3846, 1), (4020, 1), (4027, 1), (4037, 5), (4072, 2), (4297, 1), (4393, 1), (4918, 21), (4938, 2), (4942, 2), (5033, 4), (5078, 1), (5083, 1), (5168, 5), (5286, 1), (5345, 3), (5467, 3), (558, 1), (5707, 1), (6015, 2), (6060, 1), (6134, 1), (6458, 1), (6527, 1), (6648, 2), (665, 2), (7302, 1), (7441, 3), (7464, 7), (7497, 1), (7540, 1), (7547, 2), (7768, 2), (7810, 9), (7967, 1), (8101, 1), (8159, 1), (8206, 4), (8234, 1), (8235, 1), (8299, 2), (8373, 3), (8381, 8), (8408, 3), (8470, 1), (8641, 2), (8700, 5), (8784, 4), (8929, 1), (9010, 1), (9065, 6), (932, 1), (938, 1), (9340, 1), (9363, 1), (89, 4), (9435, 1), (92, 1), (9742, 5), (1002, 2), (9881, 6), (9993, 1), (10019, 5), (10626, 1), (10643, 2), (10645, 4), (10701, 1), (10979, 1), (11145, 1), (11236, 2), (11435, 4), (11494, 1), (11528, 1), (11588, 1), (11794, 1), (11807, 1), (12142, 1), (12402, 4), (12412, 2), (12578, 1), (12596, 4), (1282, 5), (12762, 2), (12892, 2), (12903, 2), (12906, 3), (1325, 1), (13150, 6), (13196, 1), (1349, 1), (13637, 1), (13643, 3), (13688, 4), (13792, 1), (13916, 3), (13962, 1), (14421, 1), (14570, 4), (14740, 4), (14857, 1), (14945, 2), (14985, 3), (15042, 1), (15127, 6), (15315, 26), (15398, 2), (15565, 1), (16051, 1), (16277, 6), (16453, 1), (16466, 1), (16547, 1), (16616, 1), (16943, 1), (17028, 1), (17047, 5), (17052, 98), (17241, 1), (17280, 7), (17305, 1), (17306, 1), (17457, 8), (17505, 1), (17542, 8), (17581, 1), (17582, 1), (17797, 1), (17870, 2), (17997, 1), (18104, 1), (18106, 4), (18127, 5), (18221, 1), (13479, 2), (13480, 1)
dranker (DF: 1): (5467, 1)
drankin (DF: 10): (2636, 1), (3930, 1), (4731, 1), (675, 2), (7178, 1), (7540, 1), (12034, 1), (13196, 1), (13637, 1), (14985, 6)
drankj (DF: 1): (12767, 6)
drankrieg (DF: 1): (14254, 1)
drano (DF: 4): (581, 1), (1002, 2), (16051, 1), (17870, 2)
drap (DF: 2): (9781, 1), (14589, 3)
drape (DF: 24): (2939, 1), (3435, 1), (3843, 2), (5090, 1), (6363, 1), (6935, 3), (7441, 1), (7537, 1), (8204, 1), (8381, 1), (9759, 1), (10133, 1), (10599, 1), (10623, 1), (1135, 1), (11702, 1), (14062, 1), (14298, 3), (14570, 1), (14986, 1), (16144, 1), (16812, 1), (17349, 1), (18199, 1)
drapeau (DF: 1): (637, 1)
draper (DF: 4): (2562, 1), (12396, 1), (1515, 2), (1856, 1)
drar (DF: 1): (18172, 1)
drastic (DF: 27): (2069, 1), (204, 1), (2146, 6), (3817, 1), (4165, 1), (5074, 6), (7169, 3), (7369, 1), (7387, 1), (7700, 4), (7973, 1), (8009, 1), (8133, 1), (8592, 1), (8774, 2), (9143, 1), (10868, 1), (11679, 2), (1216, 1), (12190, 1), (12308, 1), (13279, 4), (13364, 1), (13435, 1), (15713, 1), (16991, 1), (1737, 3)
drastisk (DF: 1): (413, 1)
drat (DF: 1): (8026, 2)
dratt (DF: 1): (2952, 1)
drauf (DF: 21): (198, 1), (2078, 1), (2100, 1), (2328, 1), (2463, 1), (246, 1), (3480, 1), (3849, 1), (4387, 1), (483, 1), (5149, 1), (5429, 1), (5459, 1), (5890, 1), (6748, 2), (6835, 2), (681, 1), (7463, 1), (8651, 1), (9199, 1), (10215, 1)
