brett (DF: 5): (13091, 1), (15269, 1), (15766, 1), (16919, 1), (17021, 1)
brettert (DF: 1): (5775, 2)
breu (DF: 2): (4167, 1), (7649, 1)
breuk (DF: 1): (15164, 1)
breuning (DF: 1): (10659, 3)
brev (DF: 5): (4560, 4), (9596, 1), (1022, 1), (10821, 1), (17467, 1)
breve (DF: 1): (16850, 1)
brew (DF: 51): (204, 1), (2332, 1), (2936, 1), (3479, 1), (3769, 2), (4524, 1), (4578, 2), (4933, 1), (5050, 1), (5309, 1), (5707, 1), (583, 1), (5934, 2), (6086, 2), (6141, 1), (6390, 3), (6535, 1), (6800, 1), (8026, 1), (8492, 1), (9046, 1), (9870, 1), (10429, 1), (10511, 3), (10731, 1), (10859, 1), (11902, 1), (12041, 1), (12264, 22), (12912, 1), (13216, 3), (13242, 1), (13269, 1), (13364, 2), (13543, 1), (13732, 2), (14193, 1), (14361, 1), (1541, 10), (159, 1), (15334, 1), (15397, 3), (15428, 15), (15610, 1), (16158, 5), (16319, 2), (1708, 1), (17005, 1), (17348, 2), (18267, 1), (18391, 1)
brewin (DF: 2): (5041, 1), (12711, 1)
brewski (DF: 2): (2083, 2), (2936, 1)
brewster (DF: 1): (17477, 1)
breyer (DF: 1): (11212, 1)
brezhnev (DF: 1): (3985, 1)
brian (DF: 23): (2435, 1), (2531, 3), (2635, 1), (4907, 1), (6938, 1), (7458, 1), (7574, 1), (8182, 1), (8370, 2), (9665, 2), (10319, 1), (10412, 1), (10515, 1), (1094, 2), (11456, 1), (13914, 1), (1522, 1), (15523, 1), (1621, 1), (16573, 1), (15, 1), (17699, 1), (18245, 1)
briar (DF: 2): (4185, 2), (9971, 1)
bribe (DF: 2): (4982, 1), (13247, 2)
bric (DF: 1): (3772, 1)
brice (DF: 1): (12226, 1)
briceñ (DF: 1): (7948, 1)
brich (DF: 3): (3984, 1), (4816, 1), (11594, 1)
bricht (DF: 7): (4318, 1), (5051, 2), (6835, 1), (13755, 1), (14254, 1), (17437, 1), (17630, 1)
briciol (DF: 2): (4890, 1), (11821, 1)
brick (DF: 195): (1896, 1), (2004, 5), (2084, 5), (2091, 2), (2619, 4), (2644, 1), (2706, 1), (2822, 1), (2855, 3), (3100, 1), (3151, 1), (3205, 4), (3244, 1), (3356, 1), (3538, 1), (350, 3), (3598, 1), (3602, 1), (3991, 1), (3999, 2), (405, 1), (4106, 1), (4121, 4), (4303, 1), (4374, 2), (4533, 1), (4766, 1), (4767, 1), (4947, 1), (4972, 10), (5041, 2), (5056, 2), (5091, 1), (5185, 1), (5225, 1), (5267, 1), (5338, 1), (5463, 3), (5495, 1), (5707, 1), (5734, 1), (5773, 1), (5779, 1), (5907, 1), (5937, 1), (6092, 5), (612, 1), (6287, 1), (6416, 4), (643, 1), (646, 1), (6558, 3), (6728, 1), (669, 1), (6751, 1), (6755, 1), (6766, 1), (6771, 1), (6876, 6), (7178, 1), (7237, 1), (7292, 2), (7304, 1), (7339, 1), (7348, 1), (7538, 1), (7654, 1), (7685, 2), (7747, 1), (7806, 2), (7889, 1), (7900, 1), (7944, 1), (808, 1), (8103, 1), (8167, 6), (8331, 3), (8601, 8), (8755, 1), (8774, 2), (8778, 2), (8795, 1), (8813, 1), (8862, 1), (8884, 1), (9032, 1), (938, 1), (9226, 1), (9251, 5), (9347, 1), (9394, 1), (9870, 1), (1011, 1), (9956, 3), (9993, 1), (10016, 1), (1031, 10), (10320, 1), (10339, 13), (10373, 1), (10495, 1), (10556, 7), (10567, 1), (10643, 4), (10648, 4), (10711, 1), (11026, 1), (11110, 1), (11130, 1), (1147, 1), (11287, 1), (1167, 1), (11594, 1), (11698, 3), (11781, 4), (11805, 2), (11927, 1), (11959, 1), (11976, 4), (12064, 20), (12215, 1), (12290, 1), (12360, 1), (12414, 1), (12448, 1), (12551, 1), (12585, 1), (12594, 1), (12627, 32), (12757, 1), (12777, 3), (1304, 1), (12854, 1), (12944, 1), (13022, 2), (13105, 6), (13231, 3), (13315, 1), (13546, 2), (1378, 4), (13657, 1), (13716, 3), (13780, 12), (13844, 1), (13885, 1), (13894, 1), (13909, 1), (13914, 1), (13965, 1), (14032, 7), (14146, 1), (14256, 9), (14349, 1), (14415, 1), (14423, 1), (14539, 1), (14604, 1), (14789, 5), (14835, 1), (1520, 1), (14985, 3), (15165, 1), (15168, 1), (15175, 3), (15188, 1), (15250, 1), (15329, 18), (15414, 146), (15506, 8), (15783, 1), (1618, 1), (1622, 1), (15845, 1), (15980, 1), (16271, 3), (16440, 2), (16703, 1), (16734, 1), (16868, 1), (16982, 1), (16993, 2), (17169, 5), (17346, 1), (17603, 6), (17699, 1), (17785, 1), (17927, 1), (18067, 1), (183, 1), (18179, 2), (18188, 2), (18319, 1), (18365, 1), (4811, 1), (4812, 5)
bricka (DF: 1): (12971, 1)
brickey (DF: 1): (13632, 1)
bricklay (DF: 1): (12215, 1)
bride (DF: 17): (3164, 1), (3373, 1), (487, 1), (5361, 1), (5428, 1), (5880, 2), (6069, 1), (621, 3), (6374, 2), (665, 1), (7184, 1), (7423, 1), (7936, 1), (9787, 2), (11936, 1), (11940, 1), (12629, 1)
