beef (DF: 208): (4620, 1), (4627, 2), (4651, 2), (4837, 2), (4941, 1), (5049, 1), (490, 1), (5137, 2), (5149, 1), (5309, 1), (5434, 1), (5581, 2), (558, 1), (5722, 1), (5773, 1), (5783, 1), (5851, 1), (5862, 3), (5876, 4), (5879, 1), (5959, 1), (6098, 1), (606, 2), (6135, 1), (6141, 2), (6174, 2), (6272, 1), (6367, 1), (6568, 1), (6585, 4), (6644, 4), (6667, 1), (6767, 2), (6801, 1), (6837, 2), (6895, 1), (7004, 1), (696, 1), (7098, 3), (7133, 1), (7136, 1), (7192, 1), (7247, 2), (7278, 2), (7279, 2), (7323, 4), (737, 1), (7518, 1), (7534, 1), (7554, 1), (7574, 1), (7745, 1), (72, 1), (7892, 3), (8040, 1), (8141, 1), (8167, 6), (8230, 1), (8232, 1), (829, 7), (8347, 1), (8358, 1), (8455, 1), (8496, 1), (8575, 1), (8726, 1), (8779, 2), (8795, 1), (8893, 1), (9032, 6), (9057, 4), (9143, 1), (9251, 1), (9309, 1), (9322, 6), (9387, 1), (9527, 7), (9576, 4), (9627, 1), (9794, 1), (9820, 1), (9933, 6), (9946, 1), (10083, 3), (10153, 1), (10371, 1), (10404, 1), (1058, 2), (10421, 1), (10454, 1), (10471, 1), (10484, 12), (10567, 2), (10593, 1), (10648, 2), (10690, 2), (10883, 1), (10977, 1), (11015, 1), (11090, 1), (11151, 4), (1150, 1), (11382, 1), (11536, 1), (11602, 1), (11634, 2), (121, 1), (11658, 2), (11716, 2), (124, 2), (12041, 3), (12056, 1), (1238, 12), (12185, 2), (1243, 3), (12308, 1), (12379, 1), (12575, 1), (12597, 2), (12698, 2), (12930, 2), (1315, 2), (1319, 1), (13075, 1), (13223, 3), (13296, 1), (13368, 1), (13523, 1), (13554, 1), (13632, 1), (13658, 1), (13914, 3), (13972, 1), (14006, 1), (14017, 1), (14019, 1), (14054, 1), (14055, 1), (14156, 1), (14307, 1), (14321, 1), (14335, 25), (1469, 2), (149, 1), (14419, 1), (14427, 1), (14438, 6), (14452, 1), (14456, 1), (14533, 1), (1501, 2), (14718, 1), (14732, 1), (14752, 1), (14768, 2), (14807, 1), (14815, 1), (14980, 1), (1536, 1), (15122, 1), (15250, 1), (15340, 1), (15342, 1), (15458, 1), (15517, 1), (15518, 2), (15530, 2), (15612, 1), (15705, 2), (15863, 2), (15904, 1), (15968, 1), (15988, 1), (16109, 3), (16236, 1), (16261, 1), (16375, 1), (16397, 1), (1674, 1), (16426, 1), (16477, 1), (16507, 1), (16684, 1), (16703, 1), (1704, 1), (16823, 1), (1715, 1), (17007, 4), (17089, 1), (17240, 1), (17367, 1), (17377, 1), (17378, 3), (1773, 1), (17699, 3), (17925, 6), (17987, 1), (18051, 1), (18152, 1), (18157, 1), (18210, 1), (1847, 1), (18311, 1), (18346, 1), (18374, 1), (18391, 1), (3984, 1), (3985, 1)
beefcak (DF: 2): (13254, 1), (13331, 1)
beefeat (DF: 1): (9540, 1)
beefheart (DF: 1): (14904, 1)
beefin (DF: 17): (3310, 1), (4552, 1), (5851, 1), (5974, 1), (737, 1), (8252, 1), (9032, 1), (9322, 1), (9527, 1), (9820, 1), (11602, 1), (11757, 1), (1315, 1), (13287, 1), (14796, 1), (15705, 2), (16344, 1)
beeft (DF: 1): (10894, 1)
beehiv (DF: 3): (3695, 2), (9933, 2), (14169, 2)
beeinfluss (DF: 1): (5382, 1)
beej (DF: 1): (15929, 1)
beel (DF: 1): (11752, 5)
beelin (DF: 1): (13970, 1)
beelzebub (DF: 5): (2770, 1), (4021, 1), (5612, 1), (11381, 1), (18182, 1)
beemer (DF: 1): (5641, 1)
been (DF: 16): (2739, 2), (3419, 1), (4124, 1), (4201, 3), (4440, 1), (5105, 2), (5174, 1), (5429, 1), (7786, 1), (10501, 1), (11932, 3), (12809, 1), (15263, 1), (15968, 1), (16261, 1), (17204, 1)
beend (DF: 2): (9457, 1), (10498, 1)
beeni (DF: 7): (6197, 2), (6206, 2), (8151, 5), (8519, 1), (10039, 1), (14877, 1), (15405, 1)
beeotch (DF: 1): (7492, 8)
beep (DF: 66): (1975, 1), (2084, 2), (2225, 1), (3232, 9), (335, 2), (3612, 1), (3628, 2), (4043, 1), (4150, 8), (4490, 1), (4739, 1), (4812, 1), (4919, 28), (4944, 1), (4984, 2), (5277, 1), (5300, 4), (537, 24), (5467, 1), (5608, 1), (5757, 1), (5949, 28), (6086, 2), (603, 4), (6266, 1), (6390, 3), (6472, 2), (6755, 1), (684, 2), (7106, 1), (7806, 2), (7998, 1), (8380, 3), (8593, 2), (8799, 5), (9348, 1), (982, 2), (9640, 1), (996, 1), (9774, 1), (10271, 2), (10339, 3), (10591, 1), (10859, 1), (10927, 1), (11058, 1), (11478, 1), (14341, 1), (14377, 1), (14789, 2), (14909, 2), (14924, 20), (14971, 1), (15144, 2), (15154, 1), (15320, 6), (15963, 1), (16238, 2), (16812, 2), (1718, 1), (17047, 4), (17267, 6), (17385, 1), (17695, 1), (17752, 1), (18404, 25)
beepa (DF: 1): (5567, 1)
