rent (DF: 78): (12391, 2), (12395, 1), (12569, 1), (12582, 1), (12602, 1), (12623, 2), (12672, 1), (12696, 2), (12744, 2), (12781, 1), (12927, 1), (13083, 1), (134, 1), (13317, 1), (13488, 1), (13540, 3), (13707, 2), (13729, 2), (13756, 1), (13846, 1), (13867, 1), (13876, 1), (14021, 1), (14037, 1), (14060, 1), (14165, 2), (1448, 1), (14188, 1), (14249, 1), (14267, 1), (14355, 1), (14361, 1), (14482, 1), (14486, 1), (14496, 1), (14533, 1), (14646, 2), (14932, 1), (14950, 1), (14971, 1), (14972, 14), (1536, 2), (15013, 2), (15061, 1), (15156, 3), (1552, 1), (15218, 2), (15254, 3), (15269, 1), (1566, 2), (15357, 1), (15481, 3), (15548, 8), (15705, 2), (15742, 1), (15765, 1), (15806, 1), (15838, 1), (15944, 1), (16039, 1), (16061, 8), (1648, 2), (16138, 2), (16549, 5), (1688, 1), (17005, 1), (17083, 1), (17138, 1), (17258, 1), (17296, 1), (17362, 3), (17423, 1), (18027, 1), (18054, 1), (18103, 1), (18190, 1), (18193, 1), (18197, 1)
rentabl (DF: 1): (11605, 1)
rental (DF: 28): (2619, 1), (2850, 1), (3186, 1), (3234, 2), (3589, 1), (4669, 1), (6999, 1), (693, 1), (7076, 2), (7304, 1), (789, 1), (8548, 1), (904, 1), (1059, 1), (10653, 1), (11524, 2), (11797, 1), (12164, 1), (13551, 1), (14062, 1), (14227, 1), (15149, 1), (15595, 1), (15708, 1), (16832, 1), (17371, 1), (17442, 1), (18005, 1)
rental20 (DF: 1): (6999, 1)
rentam (DF: 1): (13576, 1)
rentiert (DF: 1): (14254, 1)
rentl (DF: 1): (13606, 1)
rentr (DF: 11): (3453, 1), (34, 1), (4308, 1), (4614, 1), (7818, 1), (11341, 12), (13606, 26), (13957, 1), (14405, 2), (15359, 1), (15469, 1)
rentron (DF: 1): (3213, 2)
rentré (DF: 1): (3453, 1)
renuion (DF: 1): (3991, 1)
renunc (DF: 1): (8329, 1)
renunci (DF: 7): (3434, 3), (4496, 1), (5852, 1), (8526, 1), (9692, 1), (9903, 1), (15821, 1)
renvers (DF: 1): (4088, 1)
renvoi (DF: 1): (7607, 1)
renzel (DF: 2): (3628, 1), (15278, 4)
reo (DF: 11): (2622, 1), (9252, 1), (9972, 1), (11180, 1), (12702, 1), (13875, 1), (14287, 2), (17118, 2), (1780, 1), (17791, 1), (1810, 20)
reoccur (DF: 2): (7362, 3), (17893, 1)
reopen (DF: 2): (1043, 5), (16653, 3)
reos (DF: 1): (11433, 1)
rep (DF: 98): (1896, 1), (197, 2), (2014, 18), (2069, 1), (2377, 1), (2405, 1), (2472, 1), (2646, 1), (3562, 1), (3634, 1), (4185, 2), (4468, 1), (4503, 1), (4661, 1), (5158, 1), (5325, 2), (5483, 1), (5587, 2), (6458, 1), (6478, 2), (6516, 28), (6583, 1), (6597, 1), (6799, 1), (6890, 1), (7096, 1), (7387, 1), (7892, 1), (8122, 1), (8136, 1), (8235, 2), (80, 2), (862, 1), (8536, 1), (8547, 1), (8554, 1), (8784, 12), (9143, 1), (9212, 1), (9538, 1), (9582, 1), (9640, 1), (1021, 1), (10014, 1), (10648, 2), (10850, 1), (10977, 2), (11110, 1), (11160, 1), (11255, 8), (11293, 2), (11329, 1), (11368, 3), (124, 2), (12236, 2), (12666, 1), (12793, 1), (1313, 1), (13127, 3), (13231, 1), (13308, 1), (13479, 6), (13632, 1), (13773, 1), (13834, 1), (14502, 4), (14589, 1), (14637, 1), (14740, 12), (14888, 4), (14980, 1), (15168, 1), (15332, 1), (159, 2), (15518, 1), (1587, 4), (15534, 1), (15547, 14), (15610, 1), (15669, 1), (15788, 1), (15845, 6), (15978, 8), (16411, 1), (16605, 15), (1717, 1), (17161, 1), (17417, 1), (181, 1), (182, 1), (17800, 1), (17841, 2), (17993, 1), (18010, 2), (18351, 1), (18378, 1), (13381, 1), (13382, 1)
repaid (DF: 2): (510, 2), (7911, 1)
repaint (DF: 1): (8953, 2)
repair (DF: 13): (3619, 1), (5800, 1), (5874, 1), (7265, 1), (7293, 2), (9047, 1), (11877, 1), (12529, 1), (14809, 1), (15053, 1), (15163, 1), (16918, 1), (18400, 1)
repar (DF: 8): (3434, 1), (649, 1), (9367, 3), (11341, 1), (14903, 1), (15182, 2), (18141, 2), (18356, 3)
repara (DF: 3): (2308, 4), (5606, 1), (13717, 1)
reparar (DF: 1): (14580, 1)
reparei (DF: 1): (3692, 1)
repart (DF: 17): (2306, 1), (2604, 1), (347, 1), (4912, 1), (5945, 1), (53, 1), (9302, 2), (9652, 1), (10838, 2), (1159, 1), (11404, 2), (13416, 1), (14437, 1), (16022, 1), (16321, 1), (17260, 1), (18000, 1)
reparti (DF: 1): (2604, 1)
repas (DF: 1): (15054, 1)
repav (DF: 1): (2174, 1)
repay (DF: 6): (2804, 1), (6083, 2), (10182, 6), (13341, 2), (14969, 3), (16037, 1)
repeal (DF: 2): (4578, 2), (7992, 1)
repeat (DF: 24): (2017, 1), (2030, 3), (204, 3), (2142, 1), (2143, 1), (2201, 1), (2213, 1), (2238, 1), (2278, 1), (2392, 1), (2416, 1), (2512, 1), (2733, 1), (2753, 4), (2756, 1), (2789, 2), (2792, 2), (2824, 1), (2884, 3), (2887, 1), (2909, 10), (2927, 1), (2993, 4), (3065, 1)
