ba (DF: 66): (11590, 2), (11615, 1), (1187, 1), (11761, 4), (11970, 1), (12051, 8), (12098, 1), (12198, 6), (1248, 60), (12419, 56), (12992, 4), (1317, 24), (13201, 3), (13206, 12), (13572, 25), (13680, 70), (13832, 5), (13968, 2), (14084, 1), (14156, 1), (14250, 3), (14369, 49), (14427, 2), (14872, 4), (14936, 24), (15062, 2), (15162, 1), (15247, 12), (1559, 6), (15327, 54), (15516, 3), (15519, 4), (15570, 1), (15629, 1), (15637, 1), (15638, 8), (15652, 4), (15706, 1), (15763, 3), (15814, 1), (15838, 1), (15941, 6), (15976, 2), (16008, 32), (16206, 12), (16230, 4), (16246, 1), (16449, 8), (16496, 2), (1682, 1), (16747, 56), (16848, 1), (17027, 4), (17094, 1), (1744, 8), (17405, 2), (17700, 15), (17712, 3), (17817, 12), (1824, 24), (18089, 6), (18247, 10), (18404, 2), (18453, 12), (5578, 12), (5579, 13)
baa (DF: 6): (2260, 1), (6008, 1), (6184, 8), (10833, 1), (11725, 1), (15205, 3)
baaa (DF: 1): (12666, 1)
baaaaaa (DF: 1): (5448, 1)
baaaaaaaaddd (DF: 1): (4941, 1)
baaabi (DF: 1): (7588, 1)
baaay (DF: 1): (12666, 1)
baabi (DF: 1): (7588, 1)
baag (DF: 2): (9138, 1), (10833, 1)
baah (DF: 1): (2231, 1)
baahan (DF: 1): (9138, 3)
baahar (DF: 1): (5582, 3)
baaki (DF: 5): (2086, 1), (5535, 2), (8510, 1), (14335, 1), (16397, 1)
baakiyon (DF: 1): (15929, 1)
baal (DF: 2): (6008, 2), (18053, 1)
baam (DF: 3): (10496, 15), (17185, 12), (17244, 2)
baan (DF: 1): (10442, 1)
baandhu (DF: 1): (1834, 1)
baanh (DF: 1): (9138, 1)
baani (DF: 1): (9519, 1)
baap (DF: 5): (2086, 1), (9138, 1), (12819, 1), (149, 2), (18053, 1)
baapu (DF: 2): (9138, 1), (9519, 4)
baar (DF: 1): (16397, 3)
baardsen (DF: 1): (12815, 1)
baari (DF: 1): (9688, 1)
baartman (DF: 1): (4365, 1)
baarvi (DF: 1): (9688, 1)
baasi (DF: 1): (12819, 1)
baat (DF: 11): (2086, 1), (7547, 1), (8534, 1), (9688, 2), (10442, 3), (10667, 1), (10833, 1), (14335, 1), (15929, 2), (18053, 1), (1834, 1)
baatcheet (DF: 1): (18053, 1)
baatein (DF: 4): (2086, 2), (10442, 2), (149, 2), (18053, 2)
baath (DF: 1): (10833, 1)
baato (DF: 2): (4686, 1), (1834, 1)
baaton (DF: 1): (10442, 4)
baauer (DF: 2): (61, 1), (10896, 1)
baaz (DF: 1): (4985, 2)
bab (DF: 35): (2203, 2), (3269, 7), (3570, 3), (3586, 2), (4288, 2), (4470, 1), (476, 1), (5174, 2), (598, 1), (6808, 1), (707, 1), (8919, 2), (8999, 2), (9252, 2), (9431, 1), (986, 1), (9719, 1), (9884, 2), (9972, 2), (10467, 4), (11141, 2), (11367, 6), (11517, 1), (13453, 1), (143, 1), (1453, 1), (14314, 1), (1501, 1), (15472, 42), (15737, 1), (15819, 6), (16801, 2), (17059, 3), (17525, 1), (18394, 2)
baba (DF: 45): (2039, 1), (2194, 1), (2268, 1), (2463, 1), (3962, 1), (413, 4), (4743, 1), (483, 1), (493, 2), (5206, 1), (5214, 1), (5929, 1), (7603, 20), (7983, 1), (8670, 1), (8695, 1), (10603, 3), (11019, 3), (11538, 1), (11710, 1), (12684, 4), (12822, 1), (12865, 1), (13008, 1), (13091, 12), (13206, 12), (13476, 3), (13786, 1), (13796, 1), (14092, 1), (15010, 1), (15519, 1), (15804, 1), (15867, 15), (1654, 1), (16206, 12), (16409, 1), (16449, 2), (16963, 1), (16997, 1), (17021, 1), (17049, 1), (17760, 1), (1845, 7), (18415, 2)
babada (DF: 1): (8209, 4)
babag (DF: 1): (4657, 1)
babahoum (DF: 1): (246, 1)
babalied (DF: 1): (1715, 1)
babalikan (DF: 2): (5932, 1), (16133, 2)
babaloo (DF: 1): (8026, 2)
babanat (DF: 1): (14250, 2)
babando (DF: 1): (16738, 1)
babas (DF: 4): (4743, 19), (5775, 1), (1583, 1), (1715, 1)
babay (DF: 2): (15472, 42), (15819, 6)
babb (DF: 2): (6961, 1), (17427, 2)
babbl (DF: 4): (2729, 1), (12356, 5), (16236, 1), (18073, 1)
babblin (DF: 2): (10545, 1), (11382, 1)
babby (DF: 1): (18445, 1)
babcia (DF: 1): (16247, 1)
babe (DF: 55): (1889, 1), (1913, 1), (1997, 1), (2102, 1), (2159, 1), (2162, 9), (2171, 1), (215, 3), (2240, 1), (2367, 1), (2374, 2), (2384, 4), (230, 1), (2418, 4), (2471, 2), (2523, 1), (2532, 1), (2540, 2), (2553, 1), (2587, 1), (2664, 1), (2667, 1), (2693, 1), (2714, 1), (264, 2), (2816, 1), (2837, 1), (272, 2), (2854, 2), (2871, 1), (2884, 1), (2929, 1), (2952, 1), (2965, 2), (3015, 7), (3021, 1), (3051, 4), (3055, 2), (3059, 7), (3083, 1), (3094, 1), (3099, 1), (3124, 1), (3147, 1), (301, 5), (3168, 2), (3207, 3), (3241, 1), (3246, 2), (3271, 1), (3274, 1), (3338, 2), (3355, 1), (3359, 1), (3382, 1)
