whip (DF: 219): (10771, 1), (10858, 1), (10929, 1), (10977, 1), (10979, 4), (10993, 2), (11063, 1), (11143, 1), (11160, 1), (11193, 1), (11227, 2), (11247, 1), (11290, 7), (11291, 2), (11313, 1), (11329, 1), (1157, 1), (11373, 2), (11395, 1), (11415, 3), (11458, 1), (11468, 6), (11470, 1), (1174, 2), (11508, 5), (11524, 2), (11541, 2), (121, 2), (11655, 1), (11658, 1), (11683, 1), (11784, 1), (11848, 1), (11862, 1), (11864, 1), (11868, 4), (11877, 1), (11905, 1), (11931, 1), (12025, 2), (12029, 16), (12040, 5), (12054, 1), (12064, 10), (12100, 4), (12133, 1), (12137, 1), (12185, 2), (12200, 5), (12208, 1), (12213, 3), (12288, 1), (12344, 1), (12357, 2), (12396, 1), (12402, 2), (12442, 3), (12526, 2), (12540, 1), (12603, 3), (1282, 5), (12627, 1), (12636, 2), (12731, 1), (12762, 6), (12797, 3), (12798, 1), (12809, 1), (12832, 2), (12842, 1), (12843, 1), (12868, 6), (1318, 1), (13120, 1), (13147, 1), (13170, 1), (13172, 6), (13221, 2), (13231, 2), (13261, 1), (13315, 1), (13338, 1), (13394, 1), (13443, 1), (13444, 3), (13558, 2), (1375, 8), (13632, 1), (13643, 7), (13729, 8), (13807, 1), (13845, 1), (1412, 1), (1413, 1), (13909, 1), (13969, 1), (14017, 2), (14019, 1), (14049, 4), (14154, 1), (14216, 1), (1451, 2), (14307, 1), (14337, 4), (14355, 1), (14416, 4), (14443, 7), (14474, 2), (14477, 4), (14479, 1), (14486, 1), (14533, 1), (14553, 1), (14554, 2), (14570, 2), (14604, 1), (14637, 1), (14711, 1), (14732, 2), (14766, 2), (14796, 6), (14859, 1), (14985, 9), (14989, 4), (14998, 2), (15061, 1), (15190, 1), (15260, 1), (15284, 1), (15294, 1), (15305, 1), (15329, 6), (1574, 2), (15479, 1), (15565, 1), (15606, 3), (1594, 1), (15675, 1), (15684, 48), (15725, 1), (15765, 2), (15808, 4), (15845, 1), (1625, 2), (15882, 2), (15988, 1), (16080, 3), (16190, 1), (16216, 2), (16218, 2), (16236, 1), (16242, 1), (16271, 1), (16317, 1), (16406, 1), (16424, 2), (16473, 4), (16518, 1), (16600, 1), (16628, 1), (16684, 1), (16722, 10), (16886, 2), (16981, 5), (16987, 1), (17089, 1), (17093, 1), (17141, 3), (179, 1), (1750, 1), (17305, 4), (17354, 1), (17355, 1), (17359, 1), (17371, 1), (17403, 1), (17453, 1), (17514, 3), (17587, 1), (17643, 1), (17755, 1), (17761, 1), (17793, 2), (17811, 1), (1801, 1), (17892, 4), (17897, 1), (17902, 4), (17914, 1), (17925, 2), (1812, 1), (17954, 1), (18005, 1), (18099, 12), (18116, 2), (18149, 3), (18160, 2), (18170, 1), (18179, 2), (18188, 4), (18197, 1), (18205, 1), (18312, 1), (1847, 1), (18342, 1), (18344, 2), (18351, 2), (18428, 1), (2190, 1), (2192, 1), (5627, 2), (5628, 2), (660, 1), (661, 4), (10692, 1), (10693, 1), (13220, 2), (17482, 1), (17483, 1)
whipe (DF: 1): (2040, 1)
whipin (DF: 1): (11900, 2)
whiplash (DF: 5): (4059, 1), (11650, 1), (13432, 1), (15119, 1), (15263, 1)
whipper (DF: 3): (2064, 1), (2619, 1), (10191, 3)
whippi (DF: 1): (14711, 1)
whippin (DF: 59): (1972, 1), (2256, 13), (2527, 1), (2662, 2), (3205, 4), (3288, 1), (3822, 1), (436, 8), (5056, 1), (5865, 1), (5879, 1), (6092, 1), (6203, 1), (6458, 1), (6757, 14), (6858, 1), (7339, 1), (7448, 1), (7992, 1), (8055, 2), (8290, 4), (8455, 3), (8662, 2), (8733, 4), (8976, 1), (9419, 1), (9754, 1), (9759, 1), (10033, 1), (10065, 4), (10643, 4), (10883, 1), (1147, 2), (11294, 1), (12015, 1), (12019, 1), (12142, 1), (12360, 1), (1276, 1), (13172, 1), (13232, 1), (13448, 2), (13643, 1), (13817, 1), (14170, 1), (14410, 1), (14452, 1), (1498, 3), (14942, 1), (15042, 1), (15260, 4), (15329, 3), (15675, 2), (15988, 1), (16473, 18), (16909, 2), (17359, 1), (17607, 2), (18179, 1)
whippit (DF: 1): (6899, 3)
whirl (DF: 14): (2634, 1), (2791, 1), (3592, 2), (3912, 1), (5462, 4), (8694, 2), (9091, 1), (12584, 2), (13074, 1), (13277, 1), (14190, 15), (14385, 2), (15720, 2), (15786, 2)
whirligig (DF: 1): (223, 1)
whirlin (DF: 1): (18034, 3)
whirlpool (DF: 1): (16948, 6)
whirlwind (DF: 11): (209, 1), (2230, 1), (6225, 2), (6463, 1), (6864, 2), (8259, 2), (8571, 1), (10994, 1), (13875, 3), (16144, 1), (17791, 1)
whisk (DF: 3): (6403, 1), (8674, 1), (16022, 1)
whiskas (DF: 1): (11522, 1)
whisker (DF: 4): (10404, 1), (10435, 1), (15632, 1), (1847, 1)
whiskey (DF: 1): (1899, 2)
