point (DF: 69): (16066, 2), (16076, 1), (16130, 1), (16197, 1), (16224, 1), (16242, 1), (16483, 1), (16520, 1), (16566, 2), (16619, 1), (16628, 1), (16684, 1), (16693, 2), (1709, 1), (16958, 1), (16970, 1), (17015, 7), (17027, 5), (17070, 1), (1732, 1), (1737, 4), (17191, 1), (17230, 1), (17254, 1), (17266, 2), (17331, 3), (17342, 1), (17359, 8), (17378, 2), (1766, 2), (17477, 1), (17482, 6), (17488, 1), (17514, 1), (17518, 2), (17533, 1), (17603, 1), (17619, 1), (17636, 1), (17692, 1), (17695, 2), (17769, 1), (17809, 1), (17812, 1), (1804, 1), (17871, 1), (17881, 1), (17887, 3), (17910, 4), (18018, 1), (18197, 2), (18272, 18), (18294, 1), (18309, 1), (18318, 1), (18379, 1), (18382, 1), (18391, 1), (1866, 1), (3258, 2), (3259, 1), (7168, 1), (7169, 2), (9983, 1), (9984, 1), (15375, 1), (15376, 1), (15427, 1), (15428, 2)
pointer (DF: 13): (1896, 1), (350, 3), (405, 1), (8232, 1), (8470, 1), (9147, 1), (9501, 1), (11778, 1), (11868, 1), (15175, 2), (17346, 1), (17768, 1), (18099, 6)
pointin (DF: 7): (2649, 2), (7992, 1), (10783, 1), (15990, 1), (16563, 1), (16854, 1), (17587, 1)
pointless (DF: 9): (3727, 5), (3741, 1), (5106, 5), (5289, 1), (845, 3), (11321, 5), (15292, 1), (15937, 1), (16057, 1)
pointset (DF: 1): (15291, 1)
poirot (DF: 1): (14627, 1)
pois (DF: 5): (2567, 1), (4830, 1), (10545, 1), (1200, 1), (1757, 1)
poison (DF: 168): (2, 26), (1972, 3), (1984, 1), (1994, 1), (2039, 1), (2096, 2), (2151, 1), (2276, 1), (2291, 1), (2310, 1), (237, 26), (2504, 1), (2573, 1), (2677, 1), (2755, 1), (2866, 1), (2960, 1), (3059, 1), (3100, 1), (3302, 2), (3433, 43), (3441, 1), (3574, 1), (3606, 1), (3660, 1), (3869, 1), (404, 2), (4110, 1), (4122, 1), (416, 1), (4695, 1), (4878, 26), (4896, 5), (4901, 1), (4903, 1), (4973, 15), (5047, 1), (501, 1), (522, 1), (5361, 1), (5419, 26), (5467, 1), (5518, 1), (5695, 2), (5772, 2), (5876, 4), (5953, 1), (5964, 1), (592, 1), (6055, 1), (6183, 3), (6233, 2), (622, 26), (6382, 1), (6428, 1), (57, 1), (641, 1), (6537, 1), (6773, 3), (703, 2), (7156, 1), (7226, 1), (7235, 1), (7249, 1), (7252, 4), (7337, 1), (7429, 43), (7509, 1), (7538, 1), (7776, 1), (7785, 1), (7970, 1), (8121, 2), (8137, 1), (8496, 1), (8780, 2), (8841, 1), (8910, 1), (8934, 1), (8937, 1), (925, 1), (9130, 1), (9210, 1), (939, 1), (9227, 1), (9267, 1), (9269, 1), (9409, 2), (9547, 1), (9565, 1), (9613, 1), (9614, 1), (9715, 1), (9724, 1), (9799, 1), (101, 1), (10293, 1), (10484, 4), (10565, 1), (10568, 1), (10676, 1), (10817, 1), (11093, 1), (11139, 1), (11323, 1), (11334, 2), (11418, 1), (11637, 1), (11703, 1), (1199, 1), (11776, 2), (12020, 2), (12218, 1), (12396, 1), (12663, 1), (1298, 1), (12785, 1), (1312, 1), (12951, 1), (13152, 1), (13186, 5), (13278, 1), (1343, 1), (1359, 1), (13465, 1), (13578, 1), (1378, 2), (13619, 1), (140, 2), (13855, 1), (13897, 2), (13903, 64), (1418, 3), (14039, 1), (14056, 1), (14154, 1), (14421, 1), (15069, 1), (15108, 2), (15123, 4), (15177, 1), (15464, 27), (15465, 4), (15696, 2), (15820, 1), (15915, 1), (16274, 2), (16294, 1), (16416, 1), (16427, 1), (16631, 2), (16677, 12), (16743, 6), (1705, 26), (16793, 3), (17026, 1), (17052, 3), (17271, 1), (17301, 1), (17414, 1), (17613, 1), (17777, 1), (17929, 3), (18003, 1), (18017, 3), (18173, 1), (18258, 2), (1875, 1)
poisonin (DF: 1): (2333, 1)
poiss (DF: 1): (7254, 1)
poissard (DF: 1): (4197, 1)
poisson (DF: 1): (637, 1)
poj (DF: 1): (15770, 1)
pojad (DF: 2): (13591, 2), (16848, 1)
poje (DF: 2): (17372, 1), (17564, 1)
pojeb (DF: 1): (7356, 1)
pojeba (DF: 1): (18065, 1)
pojeban (DF: 1): (6754, 1)
pojebana (DF: 3): (9162, 1), (13591, 8), (18094, 13)
pojebani (DF: 2): (8509, 1), (16366, 8)
pojecha (DF: 1): (1825, 2)
pojisyeoni (DF: 1): (13488, 1)
pok (DF: 6): (6748, 1), (11538, 2), (12430, 3), (13755, 1), (15698, 1), (17630, 1)
poka (DF: 11): (6007, 2), (7313, 1), (7677, 2), (8509, 1), (9162, 1), (9781, 1), (10362, 1), (14199, 2), (15770, 1), (16442, 1), (17410, 1)
pokadelick (DF: 1): (18140, 1)
pokal (DF: 1): (14419, 2)
pokaz (DF: 1): (10539, 2)
pokaza (DF: 4): (4859, 1), (8717, 1), (14199, 1), (17720, 1)
pokazuj (DF: 4): (6754, 1), (10756, 1), (15698, 2), (17210, 1)
poke (DF: 22): (2084, 2), (2638, 1), (3355, 1), (3453, 1), (3748, 1), (3864, 1), (3913, 1), (4256, 1), (4465, 1), (4607, 1), (4665, 1), (4766, 1), (4784, 3), (4849, 1), (43, 1), (486, 2), (5076, 1), (5082, 1), (528, 6), (5489, 1), (5766, 2), (5917, 1)
