huuuh (DF: 1): (14768, 2)
huuuooooo (DF: 1): (15415, 2)
huuuuh (DF: 1): (909, 2)
huve (DF: 1): (12819, 1)
huvudet (DF: 1): (7428, 4)
huwag (DF: 1): (14872, 4)
huwelijksnacht (DF: 1): (4849, 1)
huy (DF: 8): (5475, 2), (6393, 1), (10442, 1), (13936, 1), (15147, 1), (15369, 1), (16397, 1), (1834, 1)
huyend (DF: 6): (4769, 2), (4852, 1), (5716, 1), (13084, 12), (16663, 3), (17944, 2)
huztl (DF: 3): (8882, 6), (13369, 4), (17847, 1)
huzur (DF: 1): (18053, 1)
hva (DF: 17): (229, 2), (2759, 1), (2952, 2), (3527, 1), (413, 1), (4295, 2), (6674, 1), (7077, 9), (10592, 1), (11019, 1), (11071, 1), (11364, 2), (11953, 5), (15844, 1), (16525, 1), (16718, 5), (17567, 2)
hvad (DF: 10): (2018, 1), (2952, 1), (4295, 1), (4991, 8), (7200, 1), (11019, 1), (13321, 1), (16208, 3), (16869, 1), (17567, 1)
hve (DF: 1): (13659, 1)
hvem (DF: 7): (2018, 1), (3591, 20), (7200, 1), (10592, 2), (11364, 1), (13659, 1), (1465, 4)
hver (DF: 6): (229, 5), (2759, 1), (3527, 3), (6674, 1), (11019, 1), (16307, 1)
hverdag (DF: 1): (16718, 4)
hverken (DF: 1): (10543, 1)
hvert (DF: 1): (4295, 1)
hvide (DF: 1): (2018, 1)
hvidt (DF: 1): (10543, 1)
hvil (DF: 1): (11071, 1)
hvilken (DF: 1): (6674, 2)
hvis (DF: 17): (229, 2), (2759, 1), (2952, 5), (3527, 2), (3591, 1), (413, 6), (4295, 6), (4714, 3), (10592, 1), (11364, 2), (12273, 1), (13321, 7), (15844, 1), (16208, 1), (16307, 4), (16718, 1), (17567, 3)
hvisker (DF: 1): (4991, 1)
hvnnid (DF: 1): (2624, 2)
hvor (DF: 14): (2759, 15), (3591, 1), (413, 3), (4295, 2), (7077, 4), (10543, 2), (10592, 4), (11071, 2), (11953, 1), (12273, 6), (15844, 1), (16208, 1), (17294, 3), (17567, 4)
hvordan (DF: 3): (3527, 1), (10592, 1), (13659, 1)
hvorfor (DF: 7): (4295, 1), (4714, 1), (6292, 2), (10592, 1), (11364, 3), (16208, 4), (16307, 2)
hvornår (DF: 1): (2018, 1)
hwaga (DF: 1): (12323, 1)
hwagin (DF: 1): (15773, 2)
hwaginha (DF: 1): (15773, 2)
hwaksilhag (DF: 1): (13286, 3)
hwaksineul (DF: 1): (13286, 1)
hwangholhaejyeo (DF: 1): (13918, 1)
hwansang (DF: 1): (13918, 1)
hwihwihw (DF: 1): (13096, 3)
hyah (DF: 1): (14304, 1)
hyan (DF: 3): (9199, 1), (12356, 1), (15536, 1)
hyang (DF: 1): (13918, 1)
hyangha (DF: 1): (13918, 1)
hyanghan (DF: 2): (3690, 1), (15773, 2)
hyanni (DF: 1): (12512, 1)
hyatt (DF: 3): (3067, 1), (5228, 1), (7373, 1)
hybrid (DF: 7): (2747, 1), (3864, 1), (683, 1), (7634, 1), (8222, 1), (905, 1), (14127, 1)
hyde (DF: 19): (2069, 1), (2504, 14), (2814, 1), (284, 2), (3996, 1), (5569, 2), (6175, 1), (641, 10), (7387, 1), (10154, 1), (10886, 1), (14035, 2), (14376, 1), (14818, 1), (14821, 8), (15130, 1), (15443, 1), (17732, 1), (18190, 1)
hydein (DF: 1): (13698, 1)
hydeout (DF: 1): (4864, 1)
hydra (DF: 2): (13258, 1), (14919, 2)
hydrant (DF: 6): (5749, 1), (11698, 1), (12075, 1), (14985, 3), (1718, 1), (17105, 1)
hydrashock (DF: 1): (2026, 1)
hydrat (DF: 3): (9096, 1), (9826, 1), (13344, 1)
hydraul (DF: 12): (3652, 1), (6092, 1), (7922, 1), (9676, 1), (10558, 1), (10858, 1), (11015, 1), (1249, 1), (13803, 1), (15530, 2), (16109, 1), (17355, 1)
hydrauliksyst (DF: 1): (5149, 1)
hydro (DF: 14): (2739, 2), (2828, 1), (3009, 1), (7646, 1), (9331, 1), (9818, 1), (10682, 1), (1132, 4), (11663, 2), (11774, 3), (15721, 2), (1674, 6), (17905, 3), (18220, 2)
hydrobon (DF: 1): (2884, 1)
hydrocodon (DF: 1): (5467, 1)
hydrogen (DF: 1): (3479, 1)
hydromel (DF: 1): (15912, 1)
hydroplan (DF: 6): (4649, 1), (6941, 1), (9805, 1), (12914, 1), (15413, 1), (16831, 2)
hydropon (DF: 4): (5633, 2), (595, 2), (9625, 1), (15912, 1)
hydroxycut (DF: 1): (17331, 3)
hyena (DF: 3): (3223, 1), (4523, 1), (10200, 1)
hyeonsireul (DF: 1): (13096, 1)
hyggeligt (DF: 1): (2952, 1)
hygien (DF: 1): (3429, 1)
hym (DF: 1): (12793, 2)
hymen (DF: 1): (332, 1)
hymn (DF: 16): (488, 3), (5890, 1), (5901, 1), (8215, 1), (8767, 1), (10103, 1), (11473, 1), (12076, 1), (12370, 2), (13112, 2), (13213, 2), (13632, 1), (14496, 1), (15643, 1), (1623, 2), (15921, 2)
hyna (DF: 4): (9348, 1), (988, 1), (11671, 4), (16127, 10)
hynas (DF: 1): (16998, 1)
hyp (DF: 13): (246, 1), (4124, 2), (5051, 2), (6026, 1), (1059, 1), (10719, 2), (1244, 1), (13091, 1), (14153, 4), (14345, 2), (14426, 1), (1583, 1), (15536, 1)
