yons (DF: 1): (14552, 2)
yoo (DF: 7): (1898, 1), (2843, 1), (5978, 2), (1136, 1), (12205, 4), (12585, 1), (13739, 1)
yooh (DF: 1): (1979, 1)
yoohoo (DF: 1): (10737, 2)
yoon (DF: 1): (11026, 1)
yooo (DF: 3): (3853, 1), (5687, 1), (1580, 1)
yoooooo (DF: 1): (10030, 1)
yooou (DF: 1): (1282, 1)
yopper (DF: 3): (92, 1), (17083, 4), (17505, 1)
yor (DF: 4): (2306, 4), (5345, 1), (11404, 8), (15912, 1)
yore (DF: 6): (5501, 2), (608, 2), (6789, 1), (10096, 2), (1146, 2), (16365, 1)
yorgunum (DF: 3): (4092, 4), (5052, 4), (11002, 4)
yori (DF: 1): (16209, 1)
york (DF: 242): (1922, 2), (1941, 1), (2053, 1), (2116, 1), (2167, 1), (2276, 1), (2500, 5), (2568, 1), (2581, 1), (2676, 1), (2757, 1), (2765, 1), (2771, 1), (2841, 2), (2866, 1), (3099, 2), (3112, 3), (3288, 1), (3335, 1), (3363, 2), (339, 1), (342, 1), (3594, 1), (3598, 2), (3601, 2), (3657, 1), (3694, 4), (3726, 1), (365, 1), (3774, 1), (3804, 1), (3880, 3), (3891, 1), (3990, 1), (4051, 1), (4219, 2), (36, 1), (4386, 1), (4427, 1), (4498, 6), (4503, 1), (4603, 1), (449, 1), (4645, 1), (4661, 1), (4688, 6), (4720, 1), (4748, 1), (4851, 1), (5026, 2), (5041, 1), (5056, 1), (5105, 1), (5202, 1), (5273, 23), (5396, 2), (5445, 2), (5633, 2), (595, 2), (6137, 1), (6264, 4), (6367, 1), (6411, 1), (6462, 2), (6487, 1), (6728, 1), (6835, 1), (688, 1), (7049, 2), (7171, 1), (7179, 1), (7182, 1), (7189, 1), (712, 5), (7226, 1), (7413, 1), (7450, 1), (7495, 1), (749, 1), (7622, 3), (7829, 1), (7854, 1), (7941, 1), (7973, 1), (8141, 1), (8172, 1), (8183, 1), (8203, 1), (833, 1), (8397, 1), (8475, 3), (8508, 1), (8548, 1), (8551, 1), (8561, 11), (8576, 8), (8680, 2), (8708, 1), (8726, 1), (8804, 1), (8853, 3), (8868, 1), (8885, 2), (9046, 2), (9283, 2), (9424, 1), (9479, 3), (9625, 1), (9767, 1), (9816, 2), (9820, 1), (9823, 1), (10044, 1), (10144, 1), (10154, 1), (10236, 2), (10274, 1), (10370, 1), (10551, 1), (1076, 1), (10622, 2), (10628, 7), (10672, 1), (10675, 1), (10684, 1), (1098, 1), (10779, 1), (10957, 1), (10994, 1), (11015, 1), (11102, 2), (11158, 1), (11181, 1), (11225, 2), (11287, 1), (1152, 1), (11334, 1), (11369, 25), (11400, 1), (1168, 1), (11559, 1), (11662, 2), (11748, 1), (11804, 1), (11807, 1), (11828, 1), (11877, 1), (12108, 4), (12295, 1), (1249, 2), (12379, 1), (1256, 3), (12569, 1), (12623, 4), (12636, 4), (1285, 1), (12729, 1), (12797, 3), (13006, 3), (1319, 1), (1325, 1), (13104, 1), (13223, 1), (13269, 1), (1343, 1), (13289, 2), (1390, 1), (13685, 9), (13689, 1), (13803, 2), (13965, 1), (14006, 1), (14010, 1), (14188, 1), (14223, 1), (1454, 3), (14242, 6), (14371, 2), (14584, 5), (14712, 1), (14766, 1), (14812, 1), (14815, 3), (14895, 1), (14938, 1), (15028, 1), (15039, 2), (1539, 2), (15048, 2), (15084, 2), (15093, 1), (15188, 23), (159, 1), (15371, 2), (15407, 1), (15449, 2), (15461, 1), (15481, 3), (15530, 2), (15547, 1), (15598, 1), (15604, 2), (15667, 4), (15695, 1), (15866, 1), (15967, 1), (16039, 2), (16043, 1), (16109, 1), (16149, 1), (16180, 1), (16405, 3), (16493, 1), (1682, 1), (16520, 1), (16587, 1), (16635, 1), (16753, 4), (16764, 1), (16802, 2), (15, 1), (16814, 4), (16882, 1), (16945, 6), (16969, 1), (17092, 1), (17102, 1), (17241, 1), (17261, 1), (17349, 1), (17418, 1), (17520, 3), (17559, 2), (17592, 1), (17761, 2), (17925, 2), (18089, 1), (18335, 1), (18368, 1), (1872, 1), (9091, 1), (9092, 4)
yorker (DF: 2): (9751, 1), (10140, 1)
yorkian (DF: 1): (5934, 2)
yorsun (DF: 1): (17712, 1)
yoru (DF: 3): (4373, 2), (1102, 2), (15485, 6)
yoruba (DF: 1): (14459, 1)
yorum (DF: 1): (17712, 1)
yoself (DF: 2): (7574, 1), (15314, 1)
yosemit (DF: 1): (17768, 1)
yoshi (DF: 1): (9721, 1)
yoski (DF: 1): (12385, 1)
yosou (DF: 1): (13524, 1)
yota (DF: 2): (11418, 1), (11634, 1)
yottabyt (DF: 1): (4029, 1)
yotto (DF: 1): (1235, 1)
yotuel (DF: 1): (2938, 1)
you (DF: 41): (1974, 1), (2306, 2), (2309, 7), (2328, 1), (2354, 6), (227, 4), (2461, 4), (2648, 10), (2681, 1), (256, 2), (2757, 1), (2885, 34), (3090, 2), (3093, 2), (3123, 1), (3284, 16), (3342, 1), (3348, 1), (3419, 15), (3492, 3), (3631, 15), (3697, 2), (3903, 1), (3962, 1), (3996, 1), (4207, 2), (4347, 4), (4386, 4), (4440, 1), (4507, 2), (4633, 2), (476, 1), (4908, 6), (4909, 2), (4916, 2), (484, 2), (5017, 1), (5105, 4), (5174, 1), (5358, 1), (5363, 5)
