40 (DF: 47): (13497, 1), (1367, 1), (13686, 2), (13756, 1), (13892, 1), (14006, 2), (14410, 3), (14427, 2), (1491, 1), (14744, 3), (14888, 1), (15175, 1), (15188, 6), (1564, 1), (15407, 1), (15524, 2), (15598, 1), (15620, 2), (15840, 1), (1631, 1), (16026, 1), (16100, 2), (16128, 2), (16156, 2), (16237, 1), (16351, 2), (16406, 1), (16907, 3), (16929, 1), (17000, 2), (17019, 1), (17299, 3), (17382, 3), (17540, 3), (17635, 1), (17868, 1), (17902, 1), (17987, 2), (18012, 1), (18027, 1), (18069, 1), (18099, 6), (18171, 1), (18207, 1), (18267, 1), (1849, 2), (18443, 2)
400 (DF: 27): (2020, 1), (3483, 1), (3602, 1), (3821, 1), (4664, 1), (5493, 1), (5909, 1), (6342, 1), (6627, 1), (6899, 2), (7130, 1), (7544, 1), (9070, 1), (9283, 2), (9751, 1), (10731, 1), (10748, 1), (12360, 1), (1304, 1), (13223, 3), (14070, 1), (15625, 1), (15635, 1), (15749, 2), (16238, 1), (17748, 1), (17968, 1)
4000 (DF: 3): (11942, 1), (15301, 2), (16077, 2)
401 (DF: 2): (9041, 1), (14564, 2)
401k (DF: 1): (275, 1)
404 (DF: 3): (6093, 2), (12349, 2), (17579, 1)
405 (DF: 6): (3971, 1), (4928, 1), (9402, 2), (11896, 2), (13353, 2), (17514, 1)
409 (DF: 2): (17514, 1), (17861, 1)
40k (DF: 1): (13729, 2)
40oz (DF: 1): (1101, 1)
40s (DF: 5): (4427, 1), (7611, 1), (11349, 1), (14223, 1), (14894, 1)
40th (DF: 19): (3818, 1), (4786, 1), (4958, 1), (5083, 1), (5924, 2), (5969, 1), (6170, 1), (6354, 1), (8229, 2), (9305, 1), (1040, 1), (10616, 1), (11701, 1), (13206, 1), (13961, 1), (15171, 1), (15616, 1), (17527, 2), (18124, 1)
41 (DF: 14): (2192, 1), (2663, 1), (3333, 1), (6177, 1), (6348, 1), (9477, 1), (10610, 1), (1085, 1), (10792, 1), (11587, 1), (12254, 1), (12645, 1), (13082, 1), (15087, 1)
411 (DF: 10): (337, 1), (4863, 1), (7096, 1), (734, 1), (8134, 1), (8549, 1), (9193, 1), (9220, 1), (15134, 1), (17394, 1)
41st (DF: 3): (4645, 1), (7227, 2), (10672, 1)
42 (DF: 10): (3598, 1), (4533, 1), (494, 1), (5907, 1), (6644, 2), (6700, 1), (7816, 1), (8066, 1), (11784, 1), (12004, 3)
420 (DF: 3): (2461, 2), (6755, 1), (18267, 1)
42nd (DF: 3): (1892, 1), (5243, 1), (1025, 1)
43 (DF: 6): (6139, 2), (7649, 1), (8156, 2), (8316, 1), (980, 3), (11349, 1)
430 (DF: 2): (7540, 1), (13637, 1)
4300 (DF: 1): (4244, 3)
434 (DF: 1): (16780, 1)
43va (DF: 1): (14443, 1)
44 (DF: 41): (1941, 1), (2028, 2), (2276, 1), (2573, 1), (2592, 1), (4374, 1), (5078, 3), (5340, 1), (5426, 1), (6627, 1), (6885, 1), (689, 1), (6953, 1), (7182, 1), (7226, 1), (7237, 1), (7745, 1), (7789, 3), (8003, 1), (8564, 2), (8870, 25), (1036, 1), (11229, 1), (11637, 1), (11804, 1), (12142, 1), (12184, 2), (12252, 1), (12507, 1), (12678, 8), (13242, 1), (13473, 2), (13696, 1), (14068, 1), (14250, 1), (15339, 1), (16019, 1), (16049, 1), (16226, 2), (1717, 1), (17136, 1)
440 (DF: 1): (9470, 1)
441 (DF: 3): (5117, 1), (14433, 1), (17898, 3)
4420 (DF: 2): (15477, 2), (16167, 1)
449404 (DF: 1): (430, 1)
44th (DF: 1): (8650, 3)
45 (DF: 86): (1947, 2), (2020, 1), (2218, 1), (2366, 1), (2493, 1), (246, 1), (2649, 1), (3080, 1), (3133, 1), (3521, 1), (3531, 1), (3538, 1), (3598, 1), (360, 1), (4032, 1), (4250, 1), (4372, 1), (4452, 4), (4627, 1), (4947, 1), (5645, 1), (5734, 1), (6258, 2), (6266, 1), (6375, 1), (6452, 1), (6757, 2), (7090, 1), (7097, 1), (7538, 1), (772, 2), (7745, 4), (782, 1), (7770, 1), (7943, 1), (8755, 1), (8778, 2), (9036, 1), (9140, 1), (9188, 1), (9324, 1), (9479, 3), (1063, 1), (10781, 1), (10809, 2), (11395, 1), (11671, 1), (12079, 1), (12142, 1), (1249, 1), (12396, 1), (12588, 1), (12627, 1), (12734, 3), (13086, 1), (13338, 1), (13440, 2), (13545, 1), (13554, 1), (13746, 2), (13803, 1), (14250, 1), (151, 6), (14568, 2), (14807, 1), (14875, 2), (14916, 1), (15075, 1), (15099, 1), (15351, 1), (15448, 1), (15460, 2), (15611, 2), (16054, 1), (16364, 1), (16440, 1), (16477, 1), (16632, 1), (16667, 1), (16936, 1), (16981, 1), (17308, 1), (17533, 1), (17748, 1), (1812, 1), (18291, 1)
450 (DF: 1): (12830, 1)
458 (DF: 4): (2991, 1), (3205, 2), (8795, 1), (10643, 2)
45s (DF: 3): (12666, 1), (13523, 6), (17968, 1)
45th (DF: 7): (2412, 1), (3880, 1), (4250, 1), (5604, 1), (7696, 1), (8371, 1), (974, 1)
46 (DF: 2): (5796, 1), (1086, 2)
47 (DF: 18): (2843, 1), (3483, 1), (4381, 3), (4547, 1), (5463, 1), (5830, 1), (6114, 1), (7508, 1), (7685, 2), (7953, 1), (8468, 2), (980, 1), (11373, 2), (11708, 1), (12666, 1), (13755, 1), (14388, 1), (14627, 1)
