runnin (DF: 87): (15262, 1), (15278, 4), (15309, 1), (159, 1), (15406, 1), (15413, 3), (15414, 10), (15454, 1), (15464, 1), (15504, 1), (15512, 1), (15635, 1), (15669, 1), (1613, 1), (15866, 1), (15873, 5), (15882, 1), (1625, 3), (15904, 1), (15936, 5), (15966, 1), (1648, 2), (16135, 1), (16138, 2), (16156, 4), (16238, 2), (16319, 1), (16350, 4), (16489, 1), (16560, 3), (16605, 1), (16630, 2), (16703, 1), (16753, 5), (1705, 1), (16778, 1), (16806, 1), (16818, 1), (16854, 1), (16909, 2), (17072, 3), (17083, 1), (17093, 1), (17137, 1), (1741, 1), (1743, 9), (17193, 2), (17206, 1), (17257, 1), (17274, 1), (17318, 1), (17336, 1), (17353, 2), (17367, 1), (17457, 16), (17460, 30), (17481, 1), (17505, 1), (17546, 1), (17548, 1), (17550, 1), (17657, 1), (17686, 2), (17755, 1), (17769, 1), (17815, 4), (17849, 3), (18012, 1), (18018, 1), (18106, 2), (18140, 1), (18270, 1), (18322, 1), (18336, 1), (1849, 4), (18346, 2), (18349, 15), (18382, 4), (188, 1), (289, 1), (291, 1), (8818, 3), (8819, 27), (10333, 6), (10334, 1), (15057, 1), (15058, 2)
running2 (DF: 1): (8316, 1)
runoff (DF: 2): (9523, 1), (12497, 1)
runt (DF: 25): (2100, 1), (2152, 1), (2881, 1), (5214, 1), (5746, 1), (6600, 3), (8498, 1), (8670, 1), (8678, 2), (9199, 1), (9457, 3), (10074, 2), (10764, 1), (11521, 1), (1238, 6), (12356, 1), (13012, 1), (14153, 1), (14419, 1), (14752, 1), (1564, 1), (16026, 1), (1715, 1), (17123, 3), (17437, 2)
runterfallt (DF: 1): (3409, 1)
runterhol (DF: 1): (6600, 1)
runterzukomm (DF: 1): (13476, 1)
runtwhat (DF: 2): (7441, 1), (14570, 1)
runtz (DF: 2): (4561, 1), (18133, 1)
runway (DF: 18): (533, 2), (5584, 1), (7008, 1), (70, 1), (8666, 3), (9308, 1), (9393, 1), (10792, 1), (11080, 3), (11498, 1), (11673, 1), (12579, 4), (13070, 1), (15175, 1), (15328, 1), (16918, 1), (17261, 1), (17401, 1)
runyon (DF: 3): (7098, 1), (8298, 1), (13696, 1)
ruof (DF: 1): (11923, 1)
ruoy (DF: 4): (10579, 1), (10907, 1), (15845, 1), (17475, 1)
rupaul (DF: 2): (7443, 1), (7977, 1)
rupay (DF: 1): (2086, 1)
rupe (DF: 1): (4123, 2)
rupi (DF: 1): (12848, 1)
ruptur (DF: 4): (2069, 1), (4319, 1), (7387, 1), (17846, 1)
rural (DF: 2): (12336, 1), (17050, 1)
rus (DF: 7): (2136, 1), (2967, 1), (7166, 1), (724, 1), (11638, 1), (14550, 6), (15638, 2)
ruse (DF: 2): (13901, 1), (17606, 6)
rush (DF: 205): (1885, 2), (1924, 5), (1952, 2), (2002, 2), (2037, 3), (2067, 5), (2075, 1), (2096, 1), (207, 2), (2185, 1), (2196, 2), (2239, 1), (2245, 1), (2293, 1), (2394, 1), (2422, 1), (2454, 1), (2489, 1), (2540, 2), (2593, 1), (2596, 3), (2658, 1), (2678, 2), (2691, 1), (2699, 1), (2715, 4), (265, 4), (270, 1), (2820, 1), (2844, 1), (2849, 1), (2864, 1), (275, 1), (2925, 4), (2979, 2), (286, 4), (3059, 2), (298, 4), (3180, 2), (3233, 1), (3235, 1), (3283, 2), (3372, 1), (3391, 1), (3394, 6), (3441, 1), (3654, 2), (3716, 1), (367, 1), (3856, 2), (3878, 9), (3904, 1), (394, 4), (4050, 1), (4144, 10), (4149, 1), (4211, 1), (4240, 2), (426, 1), (4345, 6), (4407, 1), (4429, 1), (4500, 2), (4501, 1), (445, 1), (4559, 2), (4579, 1), (4588, 1), (4664, 1), (4684, 1), (4696, 1), (4717, 1), (462, 1), (4788, 2), (4822, 2), (4932, 2), (4982, 1), (5008, 1), (5088, 1), (5203, 3), (5252, 1), (5327, 1), (5330, 4), (5334, 1), (5347, 1), (5394, 2), (5426, 1), (5468, 1), (5482, 1), (5511, 1), (5520, 1), (554, 2), (5681, 4), (5707, 1), (5807, 4), (5952, 2), (5958, 1), (5999, 2), (6024, 1), (6065, 1), (6099, 2), (6161, 1), (6183, 1), (6268, 2), (6285, 1), (6460, 1), (6543, 1), (6589, 1), (6635, 2), (6773, 1), (6827, 4), (6873, 1), (6901, 1), (6910, 3), (6919, 22), (6931, 1), (6964, 1), (7004, 2), (692, 2), (7059, 66), (7064, 3), (7069, 1), (7090, 1), (7106, 1), (7173, 1), (7201, 1), (7206, 1), (714, 1), (7374, 7), (739, 1), (7444, 1), (7470, 2), (7522, 2), (7528, 1), (761, 2), (7564, 1), (7673, 1), (7696, 1), (779, 2), (7785, 2), (7859, 4), (7881, 1), (7973, 1), (8009, 2), (8030, 1), (8063, 1), (820, 1), (8136, 2), (8220, 1), (8254, 1), (8265, 1), (835, 1), (8308, 1), (8316, 1), (8333, 2), (8383, 1), (8395, 1), (8520, 2), (8521, 2), (8555, 1), (8562, 3), (8634, 1), (8724, 1), (8743, 1), (901, 1), (8848, 1), (8875, 2), (910, 1), (8949, 8), (8985, 1), (922, 1), (9010, 1), (85, 1), (9082, 1), (9183, 1), (9267, 1), (9289, 1), (9313, 2), (9468, 2), (9569, 6), (9711, 1), (9723, 4), (9778, 1), (9873, 1), (10011, 1), (10064, 2), (10070, 1), (10085, 4), (10140, 1), (10164, 1), (10212, 1), (10237, 2), (10269, 4), (10277, 1), (10370, 1), (10428, 2), (10568, 1), (10572, 2), (10695, 1), (10696, 1), (10722, 1), (10776, 1), (10778, 34), (10811, 2), (10959, 1)
