brain (DF: 192): (13405, 1), (13472, 1), (13498, 1), (13539, 4), (13596, 2), (13610, 13), (1381, 1), (13660, 1), (13740, 2), (13785, 1), (13818, 1), (13823, 2), (13839, 1), (13841, 1), (13872, 3), (13873, 1), (13883, 1), (13903, 3), (13925, 2), (13943, 3), (13959, 1), (13961, 1), (13990, 2), (14019, 2), (14028, 1), (14076, 1), (14078, 1), (14156, 1), (14184, 1), (1454, 1), (1463, 1), (14315, 1), (1466, 1), (14345, 2), (1469, 1), (14352, 2), (14353, 1), (14455, 1), (14483, 4), (14513, 1), (14548, 1), (14565, 1), (14574, 10), (1490, 4), (14614, 1), (14617, 1), (14633, 4), (14668, 1), (14671, 1), (14688, 2), (14732, 2), (14791, 1), (14868, 1), (14884, 1), (14907, 1), (14964, 3), (14971, 1), (154, 1), (15008, 4), (15085, 1), (15089, 1), (1548, 1), (15111, 3), (1552, 1), (15170, 1), (15202, 3), (15250, 2), (15273, 2), (15294, 2), (159, 1), (15331, 1), (1571, 1), (15413, 1), (15417, 1), (15448, 1), (15450, 1), (15477, 2), (15496, 1), (15512, 1), (15520, 2), (15532, 1), (15552, 1), (15568, 1), (15595, 1), (15619, 1), (15632, 1), (15690, 1), (1613, 1), (1618, 1), (15800, 1), (15828, 1), (15833, 1), (15845, 1), (15977, 1), (15988, 1), (16039, 1), (16052, 1), (16100, 6), (16130, 7), (16141, 2), (16156, 1), (16167, 1), (16195, 1), (16197, 1), (16206, 2), (16232, 1), (16238, 1), (16264, 6), (16267, 2), (16279, 2), (16317, 1), (16319, 2), (16337, 2), (16362, 2), (16376, 6), (16412, 2), (16481, 1), (16539, 1), (16553, 5), (16693, 1), (1699, 1), (16703, 2), (16713, 3), (16734, 13), (1708, 2), (16816, 1), (16819, 1), (16831, 2), (16863, 1), (16870, 1), (16893, 1), (16957, 13), (16971, 1), (17020, 2), (17066, 1), (17093, 1), (17105, 2), (17134, 2), (17158, 1), (17235, 1), (17331, 3), (17353, 2), (17371, 1), (17377, 1), (1766, 2), (17430, 1), (17445, 1), (1768, 1), (17466, 1), (17520, 1), (17568, 4), (181, 5), (17592, 3), (17605, 1), (17651, 1), (17657, 1), (1799, 3), (17750, 1), (17755, 1), (17762, 1), (17850, 2), (17893, 1), (17908, 1), (17934, 1), (17939, 1), (17968, 1), (18005, 1), (18013, 1), (18030, 1), (18125, 1), (18148, 1), (18168, 1), (18194, 2), (18199, 1), (18291, 1), (18303, 1), (1849, 1), (18387, 2), (1875, 1), (278, 4), (279, 1), (4756, 1), (4758, 1), (6594, 1), (6595, 3), (7345, 2), (7346, 4), (7644, 3), (7645, 1), (10333, 3), (10334, 1), (16828, 1)
braindead (DF: 3): (2194, 1), (4119, 2), (12556, 3)
brainer (DF: 3): (13725, 1), (13872, 44), (16337, 1)
braini (DF: 1): (3741, 1)
brainiac (DF: 4): (803, 1), (7992, 1), (10914, 1), (1412, 1)
brainless (DF: 4): (6102, 1), (6837, 1), (10346, 1), (13686, 1)
brainstorm (DF: 10): (1902, 1), (2241, 1), (2276, 1), (2809, 1), (7226, 1), (8953, 2), (11269, 1), (13263, 1), (15854, 1), (18083, 1)
brainwash (DF: 12): (2978, 1), (5155, 1), (5270, 1), (6164, 2), (6867, 1), (699, 1), (9456, 1), (13769, 1), (14336, 1), (16072, 6), (16236, 1), (1690, 1)
brainwav (DF: 1): (8561, 1)
brais (DF: 1): (3068, 1)
brajo (DF: 1): (4816, 1)
brak (DF: 6): (7773, 3), (812, 1), (11378, 1), (1197, 1), (16366, 4), (1682, 1)
brake (DF: 57): (1972, 2), (2174, 1), (2446, 2), (2855, 1), (3186, 1), (3261, 2), (3598, 1), (3626, 1), (4017, 2), (4097, 1), (4736, 14), (4811, 6), (4928, 1), (486, 2), (532, 2), (6464, 1), (6595, 1), (687, 2), (6937, 1), (6969, 1), (8153, 1), (8204, 1), (8433, 1), (8473, 1), (9146, 3), (9472, 1), (9873, 1), (10308, 1), (1073, 8), (10725, 2), (10837, 1), (11448, 1), (11946, 1), (12161, 2), (12298, 2), (12533, 1), (12735, 2), (12749, 3), (12781, 1), (13174, 1), (13232, 1), (14076, 1), (14164, 1), (14477, 8), (14996, 1), (15018, 1), (15053, 1), (15089, 1), (15413, 1), (15778, 1), (16242, 1), (1672, 1), (16497, 4), (16635, 1), (17186, 1), (17224, 4), (17382, 1)
brakelight (DF: 2): (12298, 2), (15847, 1)
brakelin (DF: 1): (2174, 1)
brakin (DF: 1): (15018, 2)
brakka (DF: 2): (812, 1), (14952, 1)
brakuj (DF: 2): (16366, 4), (16860, 1)
bramag (DF: 1): (4907, 1)
bramakarow (DF: 1): (7278, 1)
bramki (DF: 1): (16726, 1)
bran (DF: 1): (1197, 1)
branc (DF: 2): (7251, 2), (1465, 1)
branca (DF: 7): (5007, 5), (9494, 2), (12348, 2), (13647, 1), (16035, 2), (16117, 1), (16522, 1)
branch (DF: 27): (2313, 2), (3861, 1), (4044, 1), (4225, 1), (4267, 1), (4331, 1), (4641, 1), (5751, 1), (7075, 1), (9878, 1), (10066, 1), (10092, 1), (10287, 1), (10505, 1), (11884, 1), (11913, 1), (13854, 1), (14137, 1), (14248, 1), (14359, 1), (15135, 1), (15357, 1), (15484, 1), (16337, 1), (16816, 1), (16981, 1), (17558, 1)
