homi (DF: 2): (18350, 1), (18351, 1)
homic (DF: 1): (4288, 1)
homicid (DF: 56): (1902, 1), (2332, 1), (2489, 1), (3183, 1), (3268, 1), (3374, 1), (3821, 5), (4028, 1), (4279, 1), (4523, 5), (4645, 1), (4971, 1), (5253, 1), (5570, 2), (5587, 2), (5872, 1), (6087, 1), (6558, 1), (6767, 1), (6809, 1), (699, 1), (7323, 2), (7697, 1), (7751, 2), (7857, 1), (8561, 1), (8593, 1), (8662, 2), (9046, 1), (9102, 1), (9324, 1), (9640, 4), (10102, 1), (10672, 1), (10842, 1), (10871, 1), (10945, 1), (11634, 2), (12142, 1), (12218, 1), (12417, 1), (12554, 1), (14019, 3), (14165, 2), (14900, 1), (15013, 2), (15144, 1), (15477, 2), (16045, 1), (16167, 1), (1710, 1), (17205, 1), (17240, 1), (17550, 1), (18038, 1), (18368, 1)
homicidi (DF: 2): (7953, 1), (11558, 1)
homm (DF: 10): (4197, 1), (4308, 1), (540, 1), (6425, 1), (676, 1), (7607, 4), (12662, 1), (12734, 1), (13957, 3), (17140, 1)
hommel (DF: 1): (15205, 1)
hommi (DF: 7): (858, 1), (9845, 1), (10838, 2), (12539, 2), (12833, 1), (12984, 1), (18207, 1)
hommmmmmm (DF: 1): (6460, 2)
hommmmmmmmm (DF: 1): (6460, 1)
homo (DF: 16): (2104, 1), (446, 2), (5049, 2), (6543, 1), (8676, 1), (9668, 1), (9951, 1), (10025, 1), (10981, 1), (11291, 2), (15342, 1), (15671, 1), (15870, 2), (15904, 1), (15988, 1), (17367, 1)
homologu (DF: 1): (15469, 1)
homophob (DF: 2): (2160, 1), (14055, 1)
homosapien (DF: 2): (1564, 1), (16026, 1)
homosexu (DF: 1): (4629, 1)
homs (DF: 1): (178, 1)
homy (DF: 1): (14856, 1)
hon (DF: 12): (3161, 1), (7189, 2), (8026, 2), (8534, 1), (1076, 2), (10622, 4), (10975, 1), (13990, 1), (15093, 1), (15943, 4), (17567, 1), (18172, 4)
hona (DF: 3): (2268, 4), (15929, 1), (18053, 1)
honcho (DF: 2): (4818, 1), (16300, 1)
hond (DF: 11): (4678, 2), (651, 1), (9060, 3), (1051, 1), (14412, 1), (14596, 1), (15169, 1), (15205, 1), (1668, 2), (17861, 1), (18187, 3)
honda (DF: 31): (2084, 4), (2091, 2), (2100, 14), (2228, 2), (2254, 3), (285, 1), (3248, 1), (3408, 1), (3598, 1), (4903, 1), (5107, 2), (5637, 4), (5914, 2), (6092, 1), (689, 1), (7459, 1), (8917, 1), (9594, 1), (9640, 1), (10006, 1), (10102, 3), (11725, 1), (12414, 1), (1282, 5), (14789, 4), (15410, 4), (16355, 1), (17514, 2), (17856, 2), (17908, 1), (18399, 1)
honderd (DF: 3): (1432, 1), (15412, 1), (16349, 1)
hondur (DF: 2): (8116, 1), (1476, 2)
hondura (DF: 1): (14304, 1)
hone (DF: 2): (3010, 1), (12819, 1)
honest (DF: 176): (1961, 1), (1974, 1), (2068, 1), (2166, 2), (2172, 3), (2210, 2), (217, 1), (2228, 2), (2229, 1), (2236, 1), (2273, 1), (2335, 1), (2401, 4), (2456, 1), (2532, 2), (2747, 1), (2776, 1), (2831, 2), (2937, 1), (3021, 2), (3207, 1), (3283, 1), (3439, 1), (3553, 16), (3589, 1), (3700, 2), (3714, 1), (3721, 9), (3727, 1), (3776, 1), (3827, 2), (3990, 1), (4028, 1), (4030, 1), (4068, 1), (4069, 1), (4101, 1), (4107, 1), (4126, 1), (4137, 3), (4370, 1), (4420, 1), (4488, 1), (4504, 1), (4549, 2), (4634, 1), (4772, 2), (5064, 3), (5067, 1), (5071, 2), (5106, 1), (5237, 3), (5375, 1), (5492, 2), (5526, 1), (558, 1), (5700, 1), (5731, 1), (5759, 1), (5776, 1), (5800, 1), (5848, 1), (5862, 1), (5876, 4), (5894, 6), (5942, 1), (5958, 1), (5993, 1), (6017, 1), (6164, 1), (6216, 2), (6244, 1), (6259, 1), (6308, 2), (6380, 1), (6437, 1), (6449, 1), (6483, 1), (6684, 1), (6794, 2), (62, 1), (687, 1), (6949, 3), (6985, 15), (7001, 1), (7006, 1), (7098, 1), (7167, 6), (7201, 1), (718, 1), (7250, 1), (7335, 2), (7363, 2), (7462, 1), (7634, 1), (7665, 1), (7744, 1), (7748, 1), (7881, 1), (7905, 2), (8071, 1), (8135, 1), (8286, 1), (8334, 8), (8357, 2), (8431, 1), (8436, 1), (8445, 4), (8467, 1), (8475, 1), (8481, 1), (8496, 2), (8511, 8), (8537, 2), (876, 2), (8668, 2), (8690, 20), (8701, 1), (8779, 4), (8909, 4), (9135, 1), (9369, 8), (9431, 1), (9508, 2), (9509, 1), (9560, 1), (9594, 1), (9632, 1), (9914, 2), (1020, 15), (10182, 1), (10193, 2), (10198, 9), (10350, 1), (1067, 4), (10509, 1), (10529, 3), (10586, 1), (1084, 1), (10688, 1), (10807, 2), (10830, 1), (10897, 1), (1117, 1), (11007, 1), (1140, 1), (11194, 1), (11197, 1), (11229, 2), (11281, 1), (11388, 2), (11585, 1), (11631, 2), (1210, 1), (11903, 3), (11908, 1), (1214, 3), (12032, 6), (1223, 1), (12135, 1), (1243, 1), (12189, 12), (12249, 1), (12283, 2), (12292, 1), (12295, 3), (12313, 1), (12326, 1), (12543, 1), (12560, 2), (12580, 1), (12587, 1), (12657, 1), (12771, 1), (1302, 4), (12868, 1)
