peel (DF: 2): (17587, 1), (17761, 1)
peela (DF: 1): (12254, 1)
peeler (DF: 9): (2147, 1), (3781, 2), (5050, 1), (7237, 1), (8433, 1), (8496, 1), (8929, 1), (9993, 1), (11794, 1)
peelin (DF: 9): (337, 1), (4575, 1), (7009, 1), (7304, 1), (10256, 3), (11470, 1), (13364, 1), (16489, 1), (17859, 1)
peep (DF: 193): (2076, 2), (204, 1), (2147, 1), (2160, 2), (221, 4), (2276, 1), (2594, 1), (2628, 2), (2692, 1), (2771, 1), (2795, 1), (3010, 1), (3019, 1), (27, 2), (3084, 3), (3127, 1), (3140, 2), (3147, 1), (3300, 1), (3483, 1), (3486, 2), (3597, 1), (3726, 1), (33, 2), (4165, 1), (4218, 3), (4303, 1), (4366, 2), (4490, 1), (446, 2), (4547, 1), (4937, 1), (4942, 2), (4971, 1), (5050, 2), (5061, 1), (5401, 1), (5779, 1), (5842, 2), (603, 4), (6265, 1), (6442, 1), (6516, 6), (6583, 2), (6644, 2), (6677, 1), (6713, 1), (6755, 1), (6771, 3), (6788, 1), (6912, 2), (6999, 1), (7006, 2), (7009, 1), (7024, 2), (7060, 2), (7226, 1), (7231, 2), (69, 1), (7360, 8), (7369, 2), (738, 1), (7540, 1), (7549, 2), (7634, 1), (7635, 1), (789, 9), (7860, 1), (7946, 1), (7960, 2), (8046, 1), (8148, 2), (8183, 1), (8325, 1), (8407, 2), (8555, 1), (8826, 1), (8921, 1), (9057, 1), (9061, 1), (946, 2), (9451, 1), (9730, 1), (9794, 1), (9820, 2), (1011, 1), (9993, 1), (10415, 2), (10448, 1), (10462, 3), (10480, 1), (10583, 2), (10684, 1), (1114, 1), (10994, 1), (11041, 1), (11212, 1), (11219, 1), (11438, 1), (11470, 1), (11593, 1), (1187, 1), (11624, 1), (11679, 1), (11719, 1), (11915, 1), (12000, 1), (12044, 1), (12185, 2), (12210, 1), (12236, 1), (12484, 1), (12569, 1), (12597, 2), (12620, 1), (12659, 1), (12668, 1), (12716, 1), (12722, 1), (12781, 1), (12854, 2), (12891, 1), (13183, 2), (13196, 1), (1343, 1), (13314, 1), (13329, 2), (13343, 1), (13364, 1), (13474, 2), (13509, 1), (13637, 1), (13825, 4), (13916, 3), (13924, 2), (13925, 2), (13961, 1), (14062, 1), (14093, 1), (14176, 1), (14188, 1), (14298, 3), (14377, 1), (14492, 1), (14526, 2), (14564, 2), (14646, 2), (14807, 1), (14820, 1), (1515, 1), (14996, 1), (15093, 1), (15168, 1), (15250, 1), (15328, 1), (15397, 3), (1579, 5), (15481, 3), (15528, 3), (15619, 1), (15666, 1), (15677, 2), (15800, 1), (15988, 1), (16179, 1), (16236, 1), (16274, 2), (16282, 1), (16317, 2), (16319, 1), (1672, 1), (16408, 1), (16821, 16), (16886, 1), (16982, 1), (17016, 1), (17043, 1), (1731, 1), (17121, 1), (17377, 1), (17401, 1), (17479, 1), (17481, 1), (17596, 1), (1784, 1), (17695, 1), (17719, 1), (17732, 1), (17773, 1), (18018, 1), (18168, 1), (18350, 1), (18385, 5)
peephol (DF: 8): (5576, 6), (5918, 1), (7140, 1), (11293, 2), (12594, 1), (14868, 1), (181, 1), (18038, 1)
peepin (DF: 28): (1949, 1), (2562, 1), (2964, 1), (3238, 1), (3432, 1), (4585, 1), (4944, 1), (5484, 1), (6636, 1), (753, 1), (8407, 1), (949, 1), (10626, 2), (12535, 1), (13287, 1), (13634, 1), (14255, 4), (14320, 2), (14633, 1), (14742, 2), (1564, 1), (15448, 1), (15803, 1), (15855, 1), (16026, 1), (16650, 1), (17959, 2), (18342, 1)
peer (DF: 33): (2561, 1), (2596, 1), (2723, 1), (2906, 1), (4094, 1), (4368, 1), (5066, 1), (5367, 2), (5722, 1), (6583, 2), (6847, 2), (7967, 1), (10588, 7), (12210, 1), (12218, 6), (12962, 4), (13405, 1), (13533, 1), (13655, 1), (13664, 1), (13787, 1), (13862, 2), (14093, 1), (14278, 1), (14345, 8), (14391, 1), (14670, 1), (14768, 2), (15084, 1), (15945, 1), (16044, 1), (16351, 2), (1801, 1)
peest (DF: 1): (149, 1)
peet (DF: 1): (18053, 1)
peeth (DF: 1): (10442, 1)
peewe (DF: 1): (17603, 1)
peg (DF: 64): (2033, 1), (216, 1), (2399, 3), (2429, 1), (2487, 2), (2601, 1), (2662, 1), (2814, 1), (284, 2), (3214, 1), (3226, 1), (3358, 6), (3421, 1), (28, 23), (347, 1), (3587, 4), (3590, 1), (3609, 12), (4081, 1), (4189, 1), (4207, 1), (4219, 11), (4285, 1), (4289, 9), (4448, 1), (4479, 3), (4515, 1), (4560, 2), (4633, 4), (450, 2), (4790, 1), (4799, 1), (4912, 1), (4916, 8), (5174, 2), (5218, 1), (5224, 4), (5303, 1), (5352, 1), (5373, 3), (5475, 4), (5502, 2), (567, 6), (5786, 4), (5793, 1), (5881, 4), (5945, 2), (5990, 1), (6205, 4), (6561, 1), (6808, 2), (6872, 2), (6909, 1), (7019, 2), (7068, 1), (7239, 2), (7301, 2), (7380, 4), (7495, 1), (7504, 1), (7508, 1), (7734, 1), (7780, 1), (7799, 1)
