string (DF: 109): (10558, 1), (10566, 1), (10624, 3), (10687, 1), (10728, 1), (10766, 1), (10993, 15), (11061, 1), (1135, 1), (11111, 1), (11197, 1), (11229, 1), (11262, 1), (11298, 1), (11334, 1), (11349, 1), (11490, 1), (11498, 1), (11563, 2), (11642, 1), (11676, 1), (11706, 1), (11935, 1), (12049, 2), (12157, 1), (1249, 1), (12308, 3), (12378, 1), (12508, 2), (12530, 3), (12535, 1), (12537, 1), (12612, 1), (1312, 1), (12946, 1), (12969, 5), (13070, 1), (13160, 1), (13254, 1), (13331, 1), (13346, 15), (13410, 1), (13630, 1), (13711, 2), (13803, 1), (13890, 1), (13912, 2), (13985, 1), (14021, 1), (14100, 1), (1438, 1), (1446, 1), (14193, 1), (14211, 1), (14345, 2), (14352, 1), (14390, 1), (14442, 4), (14539, 1), (14687, 1), (14696, 1), (14778, 3), (15044, 2), (15228, 4), (15323, 1), (15407, 1), (15437, 4), (15631, 1), (15805, 1), (15855, 1), (15861, 1), (15964, 1), (16054, 1), (16073, 1), (16146, 1), (16198, 1), (16355, 10), (16372, 1), (16482, 5), (16553, 1), (16679, 1), (16696, 2), (16746, 2), (16794, 1), (16799, 2), (16905, 2), (17001, 1), (17038, 1), (1741, 2), (1745, 1), (17243, 1), (17282, 1), (17288, 6), (17373, 1), (17380, 1), (17424, 1), (17429, 4), (17695, 1), (17719, 1), (17823, 1), (17959, 2), (18080, 1), (18190, 2), (18253, 1), (18261, 4), (18296, 1), (18320, 1), (5636, 1), (5638, 5)
stringer (DF: 1): (9527, 1)
stringerti (DF: 1): (11419, 1)
stringim (DF: 2): (9912, 3), (14961, 3)
stringimi (DF: 1): (11419, 1)
stringin (DF: 3): (4546, 3), (13996, 1), (16630, 2)
stringray (DF: 1): (13440, 1)
stringtanga (DF: 2): (13755, 1), (17630, 1)
strip (DF: 159): (1922, 1), (1994, 1), (2102, 1), (2223, 4), (222, 1), (2311, 1), (2378, 1), (2733, 1), (2760, 1), (2767, 1), (2820, 1), (2821, 1), (2840, 1), (2865, 2), (3205, 2), (3223, 1), (3282, 2), (3427, 1), (3560, 1), (3570, 4), (352, 1), (3652, 3), (3941, 1), (399, 1), (4106, 2), (4150, 3), (4355, 1), (4585, 1), (4663, 2), (4918, 1), (4982, 1), (5050, 1), (5152, 1), (5162, 2), (5258, 12), (5290, 2), (5484, 1), (541, 1), (5591, 2), (5608, 1), (5753, 1), (5800, 2), (5862, 1), (5902, 1), (5934, 2), (6064, 2), (6228, 2), (6363, 3), (6500, 1), (6646, 22), (6734, 1), (6755, 1), (63, 1), (6817, 1), (684, 2), (6925, 1), (6945, 2), (7186, 1), (7304, 1), (7365, 2), (759, 1), (782, 1), (7763, 1), (789, 1), (7991, 1), (8151, 1), (8168, 1), (8227, 1), (8322, 1), (8431, 2), (8532, 1), (8921, 1), (8951, 3), (9058, 1), (9061, 1), (9096, 1), (9116, 1), (9322, 1), (9526, 1), (9579, 2), (9624, 1), (9627, 1), (9816, 1), (9879, 3), (1021, 1), (10323, 3), (10370, 1), (10444, 1), (10558, 3), (10643, 2), (10648, 2), (10765, 1), (10766, 1), (10808, 1), (10840, 1), (10945, 1), (10979, 1), (11005, 4), (11177, 1), (11207, 23), (11329, 1), (1157, 1), (11483, 1), (11489, 1), (11679, 1), (1196, 1), (11780, 1), (11898, 1), (1214, 3), (12004, 9), (1227, 1), (12251, 1), (128, 1), (12597, 2), (12717, 1), (12793, 1), (12832, 3), (12881, 2), (13196, 1), (13523, 1), (13578, 1), (1375, 8), (1391, 6), (13975, 5), (13997, 3), (14249, 12), (14405, 1), (14742, 1), (14818, 1), (15028, 1), (15080, 2), (1564, 1), (15524, 2), (16026, 1), (16041, 2), (16054, 1), (1646, 2), (16144, 1), (16242, 1), (16417, 1), (16486, 1), (16790, 1), (16870, 1), (16873, 3), (16899, 1), (17075, 2), (17199, 2), (17296, 1), (17377, 1), (17453, 1), (17636, 1), (17875, 1), (17881, 1), (17938, 1), (17939, 1), (1821, 3), (1833, 1), (18360, 1), (1875, 1)
stripclub (DF: 2): (996, 1), (15766, 1)
stripe (DF: 81): (1919, 1), (2256, 2), (2680, 1), (2747, 1), (3177, 1), (3183, 1), (3278, 2), (3518, 1), (346, 1), (3589, 2), (441, 1), (4748, 1), (469, 2), (4833, 1), (5014, 1), (488, 3), (5137, 1), (5766, 2), (6019, 1), (6151, 1), (6162, 1), (6876, 1), (6903, 6), (6960, 1), (731, 1), (737, 1), (7465, 1), (7474, 1), (69, 1), (7686, 1), (782, 1), (789, 1), (8009, 1), (8170, 1), (825, 6), (8425, 1), (8592, 1), (8659, 2), (8666, 1), (9140, 2), (938, 1), (9271, 1), (9753, 1), (10101, 1), (10257, 1), (1050, 1), (1058, 1), (10783, 1), (10834, 1), (11929, 2), (1216, 1), (11989, 2), (12049, 1), (12072, 2), (12200, 1), (12255, 1), (132, 1), (13343, 1), (13359, 1), (13914, 1), (14388, 2), (14428, 1), (14712, 1), (14874, 3), (14950, 1), (15272, 2), (15713, 1), (15847, 1), (15871, 1), (15987, 2), (16189, 1), (16720, 7), (16924, 1), (16936, 1), (17299, 1), (17695, 1), (17699, 1), (17755, 2), (1805, 1), (18156, 1), (18350, 1)
stripp (DF: 1): (3570, 1)
