givin (DF: 43): (14032, 7), (14742, 2), (15018, 1), (15089, 1), (15155, 1), (15262, 1), (15459, 1), (1578, 1), (15479, 1), (1588, 1), (15646, 1), (159, 1), (15727, 1), (15728, 1), (15833, 1), (15870, 1), (16054, 1), (16111, 1), (16229, 1), (16539, 1), (16543, 1), (16633, 1), (1704, 1), (16794, 1), (17099, 1), (17257, 1), (1763, 1), (17371, 1), (17490, 5), (17542, 2), (17574, 3), (17651, 1), (17731, 2), (1799, 1), (17766, 1), (17831, 2), (17865, 12), (17987, 1), (18005, 1), (18198, 1), (18300, 1), (12038, 1), (12040, 2)
giviti (DF: 1): (3271, 1)
giviv (DF: 1): (17111, 1)
giya (DF: 1): (14335, 1)
giz (DF: 3): (5007, 1), (591, 3), (16850, 1)
gizam (DF: 1): (5340, 1)
gizem (DF: 1): (3745, 1)
gizmo (DF: 1): (2058, 1)
gizzard (DF: 1): (18270, 1)
gizzay (DF: 1): (2895, 1)
gizzi (DF: 2): (3249, 1), (17129, 1)
gizzl (DF: 2): (8240, 1), (11848, 1)
gizzo (DF: 3): (6114, 1), (6853, 2), (11373, 2)
già (DF: 44): (3954, 3), (4587, 1), (4873, 1), (5116, 4), (5439, 3), (6341, 2), (6395, 2), (6626, 1), (6631, 1), (6691, 7), (63, 1), (6961, 1), (7466, 2), (8671, 1), (8777, 1), (9203, 1), (9596, 3), (9738, 1), (1010, 1), (10238, 1), (10546, 6), (11111, 3), (11272, 3), (11452, 2), (11590, 1), (14029, 6), (14517, 1), (1485, 6), (14799, 1), (14997, 1), (15449, 1), (15824, 1), (16749, 1), (17014, 3), (17273, 9), (17487, 1), (17758, 1), (17970, 1), (18023, 4), (187, 2), (1848, 1), (1850, 2), (18408, 1), (18442, 1)
giù (DF: 11): (3717, 1), (4086, 1), (4587, 3), (5825, 1), (9222, 1), (10700, 1), (11272, 2), (14517, 6), (17427, 1), (18325, 1), (18408, 1)
gjen (DF: 1): (11447, 1)
gjithka (DF: 1): (11447, 1)
gjord (DF: 4): (413, 4), (11019, 3), (15844, 1), (16718, 1)
gjort (DF: 1): (2952, 1)
gjynah (DF: 1): (3849, 18)
gjør (DF: 1): (9498, 1)
gjøre (DF: 1): (9498, 1)
gka (DF: 1): (4218, 3)
gl (DF: 2): (3849, 1), (5775, 1)
glaad (DF: 2): (15892, 2), (17031, 2)
glac (DF: 4): (4614, 1), (16121, 1), (16898, 1), (17006, 2)
glaceo (DF: 1): (5229, 1)
glaci (DF: 2): (8733, 2), (1089, 1)
glacial (DF: 1): (10395, 3)
glacier (DF: 11): (4779, 4), (6795, 1), (7468, 1), (808, 1), (8348, 8), (11708, 1), (12797, 3), (13530, 1), (14942, 1), (15909, 2), (18346, 1)
glacin (DF: 1): (16767, 1)
glad (DF: 192): (2054, 1), (2075, 1), (2113, 1), (2157, 2), (2202, 1), (2320, 1), (2335, 2), (2388, 1), (232, 2), (2451, 1), (239, 1), (2592, 1), (2600, 1), (2692, 1), (2730, 1), (2830, 1), (2945, 1), (2974, 1), (3095, 2), (303, 4), (3238, 2), (3349, 1), (332, 1), (3408, 1), (3450, 1), (3641, 3), (3707, 2), (372, 1), (3830, 1), (3921, 7), (3959, 15), (4057, 3), (4066, 1), (4080, 1), (411, 1), (4213, 1), (4296, 1), (4310, 1), (425, 1), (4329, 1), (4359, 1), (4395, 1), (435, 1), (4485, 1), (4534, 1), (4569, 1), (455, 1), (4777, 1), (4794, 1), (4856, 1), (4905, 2), (4937, 1), (4993, 1), (5030, 2), (5263, 1), (5387, 4), (5478, 1), (5590, 8), (5712, 1), (5876, 4), (5915, 3), (6014, 1), (6086, 2), (6094, 1), (6097, 1), (6197, 2), (6206, 2), (6215, 1), (6281, 2), (6314, 1), (6315, 1), (6345, 1), (6386, 4), (6390, 3), (6497, 1), (6571, 1), (662, 14), (6693, 30), (6735, 2), (6873, 4), (7120, 2), (7156, 1), (7177, 1), (7441, 1), (7494, 14), (7627, 5), (774, 1), (7698, 1), (7777, 1), (7859, 4), (7924, 1), (7967, 1), (8058, 1), (8099, 6), (8159, 1), (8250, 3), (8259, 1), (8289, 2), (8336, 1), (8459, 1), (8461, 1), (8589, 1), (8636, 15), (8690, 4), (8692, 1), (8757, 1), (9010, 1), (9099, 1), (9180, 2), (9253, 1), (9271, 1), (9288, 1), (9319, 4), (950, 1), (956, 4), (9752, 2), (9796, 1), (9890, 1), (9928, 2), (10092, 1), (10272, 1), (10292, 3), (10404, 1), (10405, 2), (10525, 1), (10590, 1), (10703, 1), (10785, 4), (10828, 10), (10859, 1), (11001, 2), (11041, 1), (11077, 1), (11145, 1), (11220, 2), (118, 1), (1169, 1), (11441, 1), (11508, 5), (11555, 1), (11629, 1), (11691, 10), (11778, 1), (11942, 1), (12150, 1), (12178, 1), (12243, 1), (12416, 1), (12451, 1), (12568, 10), (1281, 1), (12636, 2), (1301, 1), (12792, 4), (12827, 1), (12889, 1), (1315, 1), (13020, 1), (13142, 1), (1332, 1), (1334, 2), (13264, 4), (13270, 1), (13435, 1), (1369, 4), (13518, 11), (1381, 1), (141, 1), (13966, 13), (14179, 3), (14286, 11), (14570, 1), (14673, 6), (14791, 1), (1513, 1), (14957, 1), (14976, 1), (14995, 1), (15093, 1), (15154, 1), (15184, 3), (15229, 1), (15284, 1), (15339, 1), (15392, 1), (15453, 2), (15529, 1), (1591, 1), (15866, 1), (16109, 1), (16127, 1), (16175, 1)
