trunek (DF: 1): (18065, 1)
trunk (DF: 157): (197, 2), (2002, 1), (2230, 1), (2278, 1), (2356, 1), (2377, 1), (2545, 2), (2594, 1), (2887, 1), (27, 2), (3179, 1), (3420, 1), (3483, 1), (3781, 1), (3826, 2), (3963, 1), (4028, 1), (4121, 1), (4267, 1), (4561, 1), (4652, 1), (4707, 1), (4942, 4), (5212, 1), (5345, 1), (5349, 1), (5596, 1), (5682, 1), (6024, 1), (6225, 2), (6266, 2), (6296, 2), (6734, 1), (6771, 1), (6829, 4), (6999, 1), (7020, 1), (7090, 1), (7113, 1), (7159, 8), (7207, 3), (7441, 3), (7540, 1), (759, 1), (7622, 1), (7648, 2), (7704, 1), (7758, 1), (7860, 1), (8209, 1), (8226, 1), (8235, 9), (8369, 5), (8380, 1), (8416, 1), (80, 1), (8470, 1), (8536, 1), (8571, 1), (8621, 6), (8745, 1), (8755, 3), (8852, 1), (8853, 1), (8929, 53), (8959, 1), (9010, 2), (9046, 1), (9205, 1), (9767, 2), (9873, 1), (9894, 1), (10421, 2), (10623, 1), (10711, 1), (10774, 1), (10787, 1), (1122, 1), (11015, 1), (11145, 2), (11458, 1), (11462, 1), (11624, 1), (11794, 53), (11846, 1), (11867, 2), (12004, 3), (12025, 2), (1226, 5), (12051, 1), (12090, 1), (12108, 1), (12344, 1), (1253, 1), (12396, 1), (12418, 1), (12468, 2), (12588, 1), (12596, 2), (12757, 1), (13150, 3), (13269, 1), (13522, 1), (13629, 2), (13637, 1), (1402, 1), (13897, 2), (13937, 1), (14021, 1), (14062, 1), (14186, 1), (14194, 2), (14223, 2), (14227, 1), (1454, 1), (14570, 3), (14637, 1), (14641, 1), (15088, 1), (15175, 8), (15250, 1), (15278, 4), (15294, 1), (15305, 1), (15314, 1), (15357, 1), (15397, 6), (15477, 2), (15524, 2), (15530, 2), (15585, 1), (15604, 9), (15859, 1), (15988, 1), (16156, 1), (16167, 1), (16236, 1), (16319, 1), (16337, 1), (16427, 1), (16440, 1), (16734, 2), (16816, 1), (17016, 2), (1730, 2), (17123, 3), (17129, 1), (17235, 1), (17520, 1), (17881, 1), (17968, 1), (17990, 1), (1833, 1), (18135, 1), (18152, 2), (18158, 2), (1849, 1)
trunki (DF: 1): (8407, 1)
trup (DF: 1): (8604, 3)
trupp (DF: 1): (5493, 2)
truppa (DF: 1): (2729, 1)
truquit (DF: 3): (3881, 1), (4804, 4), (18326, 2)
trus (DF: 1): (2147, 2)
truss (DF: 1): (12507, 1)
trust (DF: 209): (2, 2), (1910, 4), (1926, 1), (1956, 1), (1988, 1), (1990, 8), (1996, 1), (2005, 6), (2028, 6), (2062, 1), (2064, 1), (2147, 1), (2175, 1), (2196, 1), (2290, 1), (2296, 1), (2310, 2), (2333, 2), (2358, 5), (228, 1), (2408, 1), (2433, 1), (237, 2), (2467, 1), (2471, 2), (2489, 1), (2500, 1), (2592, 1), (2599, 1), (2600, 5), (2619, 1), (2636, 1), (2641, 6), (2742, 1), (2745, 2), (2747, 1), (2765, 1), (2795, 1), (270, 1), (2830, 5), (2856, 1), (2864, 1), (2896, 1), (2979, 2), (2988, 1), (3063, 1), (3102, 1), (3113, 6), (3138, 1), (3152, 2), (3174, 3), (3189, 2), (3205, 10), (3221, 2), (3234, 6), (3237, 2), (332, 1), (3356, 1), (3380, 2), (3425, 1), (3468, 8), (3475, 1), (3483, 1), (3537, 9), (3544, 1), (3552, 2), (351, 2), (3594, 1), (3611, 1), (3612, 1), (3619, 3), (3633, 1), (3645, 1), (3673, 1), (3678, 1), (3685, 1), (3707, 2), (3771, 2), (3807, 2), (3811, 1), (3813, 2), (3830, 1), (3840, 3), (3843, 2), (377, 3), (3904, 1), (3907, 4), (3918, 2), (3967, 8), (4094, 1), (4102, 1), (4112, 2), (4126, 5), (4138, 3), (4149, 3), (4154, 1), (4174, 1), (414, 1), (4250, 1), (4261, 3), (419, 2), (4306, 6), (4355, 1), (431, 6), (4395, 5), (4404, 1), (4575, 1), (4592, 1), (4620, 1), (4622, 1), (452, 3), (4717, 1), (4822, 2), (4872, 1), (4877, 2), (4878, 2), (4896, 5), (4897, 1), (4904, 2), (4931, 1), (5009, 1), (5028, 1), (5056, 9), (5087, 1), (5088, 1), (5094, 3), (496, 3), (499, 10), (5207, 2), (5210, 1), (5286, 1), (5334, 2), (5354, 2), (5357, 1), (5359, 1), (5387, 1), (5389, 1), (5411, 6), (5419, 2), (5461, 12), (5543, 2), (5567, 1), (5581, 2), (5610, 1), (5645, 1), (5711, 2), (5725, 1), (5729, 1), (5744, 1), (5797, 6), (5807, 2), (5827, 1), (578, 1), (5840, 1), (5851, 1), (5872, 1), (5937, 4), (5946, 2), (5957, 1), (5961, 1), (5967, 3), (6038, 1), (6061, 1), (6064, 24), (6073, 1), (6099, 2), (6103, 2), (606, 4), (6140, 1), (6146, 2), (616, 1), (6237, 3), (6253, 2), (6259, 4), (6272, 4), (622, 2), (6313, 1), (6361, 1), (6363, 1), (6380, 1), (6382, 1), (635, 1), (6439, 4), (6449, 1), (6468, 12), (6480, 1), (6505, 1), (6510, 1), (6517, 46), (6537, 1), (6538, 1), (6559, 3), (6642, 1), (6649, 1), (6704, 2), (6794, 1), (6797, 2), (6816, 1), (678, 1), (6876, 1), (6885, 1), (6902, 4), (6910, 3), (6923, 2), (6950, 1), (6960, 1), (6972, 1), (6980, 2), (7009, 1)
