cha (DF: 84): (6296, 10), (6326, 2), (6367, 1), (646, 1), (6627, 1), (6638, 1), (6716, 1), (6995, 1), (7553, 4), (7554, 2), (7863, 2), (803, 6), (8110, 1), (8468, 4), (8505, 1), (8551, 1), (8778, 2), (8779, 8), (8800, 5), (8908, 24), (8931, 1), (9185, 1), (9196, 1), (9244, 2), (9264, 24), (9324, 4), (9668, 1), (10340, 4), (10341, 28), (10369, 3), (10448, 1), (10629, 4), (11036, 1), (11241, 1), (11304, 2), (11478, 2), (11650, 2), (11825, 1), (12114, 1), (12127, 9), (12308, 1), (12796, 1), (13028, 3), (13037, 2), (13055, 6), (13223, 2), (13432, 2), (13535, 1), (1429, 1), (14057, 2), (1436, 1), (14231, 4), (14521, 1), (14537, 1), (14565, 1), (1499, 16), (14682, 16), (14986, 1), (14996, 1), (15281, 9), (15373, 4), (159, 1), (15933, 4), (16004, 1), (16109, 1), (16254, 2), (16264, 6), (1668, 4), (16412, 2), (16453, 1), (16532, 1), (16767, 1), (16903, 1), (17060, 16), (17133, 2), (17336, 2), (17382, 4), (17528, 1), (17625, 4), (17683, 1), (17811, 2), (17829, 2), (17861, 1), (18041, 17)
chaabi (DF: 1): (16397, 1)
chaadar (DF: 1): (4686, 1)
chaadiyan (DF: 1): (10667, 4)
chaadungi (DF: 1): (4985, 1)
chaah (DF: 1): (5830, 1)
chaahein (DF: 1): (12819, 1)
chaal (DF: 1): (5830, 1)
chaali (DF: 1): (16397, 1)
chaap (DF: 1): (8510, 1)
chaar (DF: 3): (4421, 1), (9688, 1), (14335, 1)
chaarhuga (DF: 1): (2268, 1)
chaat (DF: 1): (11725, 1)
chab (DF: 4): (3587, 2), (3984, 1), (1177, 2), (12822, 1)
chaba (DF: 2): (2194, 2), (3480, 2)
chabdas (DF: 2): (5775, 1), (10901, 1)
chabel (DF: 1): (13930, 1)
chabli (DF: 1): (11, 1)
chabo (DF: 1): (12822, 1)
chabon (DF: 1): (17237, 1)
chabootar (DF: 1): (4686, 1)
chabos (DF: 4): (3984, 4), (5206, 3), (681, 1), (16963, 1)
chac (DF: 2): (4347, 2), (178, 1)
chacal (DF: 5): (7495, 1), (1116, 2), (13694, 2), (15204, 4), (15993, 4)
chach (DF: 1): (16143, 6)
chachi (DF: 4): (5223, 1), (12278, 1), (14687, 1), (14907, 1)
chaci (DF: 1): (9695, 1)
chacoalha (DF: 2): (9860, 2), (16928, 32)
chacoalhando (DF: 2): (9812, 1), (16928, 8)
chacun (DF: 2): (4308, 1), (9757, 1)
chad (DF: 5): (5535, 1), (7070, 1), (72, 1), (14335, 1), (17024, 1)
chaddo (DF: 1): (8510, 2)
chadh (DF: 3): (6197, 8), (6206, 8), (10667, 1)
chadhi (DF: 1): (14335, 1)
chadi (DF: 1): (10667, 1)
chadna (DF: 1): (149, 1)
chae (DF: 1): (13918, 2)
chael (DF: 3): (399, 1), (17418, 1), (17861, 1)
chaenggimyeon (DF: 1): (13488, 1)
chaeun (DF: 2): (32, 3), (13918, 1)
chaewo (DF: 2): (13096, 1), (13918, 2)
chaey (DF: 1): (1022, 1)
chafe (DF: 1): (13896, 1)
chagaun (DF: 1): (15773, 2)
chaggag (DF: 1): (15773, 2)
chagrijn (DF: 1): (4297, 1)
chagrin (DF: 3): (4308, 1), (649, 2), (17140, 1)
chahad (DF: 1): (7607, 1)
chahe (DF: 4): (8510, 2), (9138, 1), (9688, 1), (10442, 1)
chaheeda (DF: 1): (10975, 1)
chahidi (DF: 1): (5535, 1)
chahiy (DF: 1): (2086, 1)
chahn (DF: 1): (5535, 1)
chahna (DF: 1): (5535, 1)
chahnd (DF: 1): (5535, 1)
chaht (DF: 1): (18053, 1)
chahta (DF: 1): (18053, 1)
chahwan (DF: 1): (16186, 1)
chai (DF: 3): (2747, 1), (8797, 1), (11007, 1)
chaias (DF: 1): (13102, 1)
chaim (DF: 4): (11494, 1), (12531, 1), (1349, 1), (16547, 1)
chain (DF: 93): (1904, 1), (1919, 1), (1922, 3), (2014, 3), (2022, 1), (2032, 2), (2057, 1), (2096, 1), (2164, 2), (2174, 2), (2192, 1), (2218, 4), (2244, 1), (2251, 1), (2315, 1), (2320, 1), (2442, 1), (2446, 2), (2476, 1), (2527, 1), (2537, 1), (2541, 2), (2584, 1), (2607, 2), (248, 1), (2638, 1), (2662, 5), (2727, 2), (2755, 1), (264, 1), (2767, 1), (2801, 2), (2822, 1), (2831, 2), (2840, 6), (2899, 1), (2929, 6), (2942, 4), (283, 2), (3017, 1), (3064, 1), (3144, 4), (3152, 1), (3184, 1), (3194, 1), (3248, 4), (322, 1), (3310, 3), (3329, 1), (3356, 1), (3361, 1), (3383, 1), (3427, 2), (3433, 10), (3444, 2), (3469, 2), (3473, 1), (3524, 1), (3525, 2), (3598, 1), (3620, 1), (3652, 1), (3695, 1), (3709, 1), (3726, 2), (3767, 1), (3776, 1), (3800, 1), (383, 1), (3982, 3), (4047, 3), (4098, 2), (405, 1), (4111, 1), (4121, 4), (4279, 1), (421, 6), (4315, 2), (4358, 1), (4427, 3), (4459, 1), (4501, 2), (4519, 3), (4552, 1), (4604, 1), (4644, 5), (4645, 1), (4661, 1), (4680, 2), (456, 1), (4708, 1), (4736, 7), (4868, 6)
