toast (DF: 108): (2028, 1), (2439, 3), (2472, 1), (2573, 1), (2896, 1), (3079, 2), (299, 1), (3253, 1), (3486, 1), (3726, 1), (396, 2), (4157, 2), (4221, 2), (4311, 1), (4329, 28), (4447, 1), (4641, 1), (4789, 1), (4874, 4), (5066, 1), (5221, 48), (5286, 1), (5345, 1), (5414, 1), (5751, 3), (5807, 1), (6338, 1), (6478, 2), (6627, 1), (6698, 1), (6728, 1), (672, 1), (6858, 1), (6912, 1), (6999, 5), (7096, 1), (7445, 1), (7469, 1), (7564, 1), (8156, 2), (892, 2), (8755, 1), (8784, 2), (9240, 1), (9293, 1), (9331, 1), (952, 2), (9424, 3), (9670, 4), (10013, 1), (10085, 4), (10101, 1), (10162, 1), (10403, 1), (10489, 5), (10534, 1), (10628, 1), (10868, 1), (1152, 8), (11748, 1), (11877, 2), (11890, 2), (11996, 2), (12012, 1), (12034, 1), (12044, 1), (12166, 2), (12237, 1), (12244, 1), (12259, 2), (12441, 3), (12736, 1), (12887, 1), (12966, 1), (13479, 1), (1448, 1), (1452, 1), (1477, 1), (1492, 1), (14740, 2), (14857, 1), (14995, 28), (15018, 1), (15398, 3), (15407, 1), (15432, 1), (15502, 1), (15677, 1), (159, 1), (15924, 1), (16126, 1), (16236, 1), (1664, 12), (16564, 1), (16811, 1), (1714, 6), (16981, 1), (17104, 1), (17105, 1), (17315, 2), (17499, 21), (182, 1), (17877, 1), (17958, 1), (18089, 1), (183, 1), (18279, 1), (5223, 1)
toaster (DF: 16): (3186, 1), (4446, 1), (5082, 1), (535, 2), (591, 1), (7154, 1), (9058, 1), (9549, 1), (14466, 2), (1552, 1), (1588, 1), (16464, 1), (16477, 1), (16693, 1), (1714, 6), (17499, 21)
toasti (DF: 1): (17141, 1)
toastin (DF: 8): (339, 1), (4410, 1), (6363, 1), (9071, 1), (11225, 2), (13104, 1), (14589, 1), (17559, 2)
toat (DF: 1): (16897, 2)
tob (DF: 9): (4761, 2), (6007, 2), (7836, 1), (8452, 1), (8717, 1), (908, 1), (17372, 3), (17564, 1), (18094, 2)
tobacco (DF: 6): (2000, 1), (3597, 1), (5078, 1), (7862, 1), (11440, 1), (12781, 1)
tobey (DF: 1): (1474, 1)
tobi (DF: 17): (7745, 1), (846, 1), (8717, 1), (10083, 4), (10584, 1), (10924, 2), (121, 1), (11977, 1), (12010, 1), (12636, 2), (13591, 2), (13770, 3), (14438, 8), (14714, 1), (14732, 1), (16848, 1), (17761, 1)
tobill (DF: 1): (7773, 3)
tobt (DF: 1): (5051, 1)
tobtok (DF: 1): (13339, 1)
tobu (DF: 1): (7966, 1)
tobymac (DF: 4): (6232, 1), (13043, 1), (13887, 1), (1767, 1)
toc (DF: 182): (1907, 1), (2033, 13), (217, 1), (2383, 3), (2473, 1), (2530, 1), (256, 3), (2814, 5), (2938, 2), (3031, 5), (3062, 1), (3071, 1), (3111, 3), (3358, 1), (3586, 10), (3590, 1), (353, 1), (3609, 2), (3623, 1), (3656, 3), (3665, 3), (371, 1), (3903, 3), (3916, 2), (3981, 1), (3996, 5), (4049, 4), (4258, 1), (4356, 2), (450, 4), (4671, 2), (4711, 2), (466, 3), (4780, 1), (4799, 1), (4912, 1), (4954, 1), (5035, 3), (5040, 1), (5126, 1), (46, 2), (5341, 2), (5352, 12), (5388, 1), (5502, 2), (5574, 4), (5588, 1), (5674, 1), (5696, 2), (5790, 1), (53, 2), (5962, 1), (6079, 2), (6131, 6), (6214, 1), (6326, 2), (6438, 3), (6541, 1), (6561, 7), (651, 3), (6656, 1), (6681, 6), (6682, 1), (6768, 1), (6808, 2), (6878, 5), (7003, 1), (7028, 2), (7068, 1), (707, 5), (7237, 3), (7395, 3), (7508, 1), (7546, 4), (7586, 1), (7646, 1), (7742, 4), (7863, 1), (7886, 1), (7925, 2), (7956, 2), (8236, 3), (8278, 1), (8406, 2), (8420, 5), (858, 2), (8518, 1), (8599, 1), (8646, 1), (8728, 2), (8792, 1), (8866, 6), (910, 1), (8902, 3), (8919, 2), (8928, 5), (8945, 1), (8961, 1), (8994, 1), (9060, 3), (9362, 4), (9387, 1), (9431, 1), (9444, 2), (9469, 3), (9737, 4), (9740, 3), (995, 1), (9867, 4), (9916, 24), (9965, 1), (1022, 2), (10244, 1), (10573, 1), (10612, 9), (10625, 1), (10670, 1), (1095, 2), (10793, 3), (10838, 2), (10892, 1), (11030, 1), (11064, 7), (11068, 1), (1133, 44), (11113, 1), (11280, 1), (11401, 1), (11404, 2), (11412, 1), (11413, 1), (11486, 7), (11620, 2), (11635, 1), (11734, 1), (11783, 1), (11800, 1), (11824, 1), (11944, 2), (11968, 2), (12030, 6), (12092, 2), (1228, 1), (12214, 4), (12307, 1), (12350, 1), (12351, 6), (1255, 1), (1259, 2), (12426, 2), (1296, 1), (1300, 2), (12895, 2), (12984, 1), (13030, 2), (13164, 2), (13205, 2), (13337, 4), (13367, 4), (13481, 2), (13487, 5), (13707, 2), (13806, 1), (13916, 3), (143, 1), (1424, 1), (14000, 1), (14087, 2), (14344, 2), (14346, 1), (14390, 1), (14437, 1), (1481, 8), (14541, 2), (14579, 3), (14627, 1), (14677, 11), (14685, 8), (14799, 1), (14856, 7), (14863, 3), (14878, 2)
