bonafid (DF: 5): (5608, 1), (684, 2), (12402, 4), (14569, 1), (14800, 1)
bonamassa (DF: 1): (11360, 1)
bonanza (DF: 1): (4552, 1)
bonapali (DF: 2): (3529, 1), (4042, 1)
bonbon (DF: 3): (6126, 2), (9049, 2), (15161, 1)
bond (DF: 105): (1949, 1), (2004, 1), (2076, 1), (2228, 2), (2286, 1), (2680, 1), (2856, 2), (2862, 3), (3007, 1), (3019, 1), (3364, 1), (3530, 3), (4016, 1), (4023, 1), (4914, 2), (4931, 3), (4945, 1), (5565, 1), (5720, 1), (5842, 1), (5888, 4), (5918, 1), (6296, 2), (6301, 3), (6397, 1), (6527, 1), (6557, 3), (6728, 1), (7024, 1), (7060, 1), (7441, 1), (7563, 2), (8148, 1), (8154, 2), (8325, 1), (8468, 6), (8574, 1), (8692, 4), (9032, 1), (9054, 1), (9166, 4), (9278, 1), (9479, 3), (9594, 1), (9860, 1), (10417, 1), (10593, 1), (10653, 1), (10684, 1), (10742, 2), (11132, 2), (11269, 1), (11351, 1), (11382, 1), (11408, 1), (11429, 3), (12340, 3), (12569, 1), (12600, 1), (12850, 1), (12981, 3), (13106, 1), (13296, 1), (13652, 1), (13733, 1), (13756, 2), (1414, 2), (13914, 4), (13973, 2), (14188, 1), (14570, 1), (14790, 1), (14805, 1), (14868, 2), (14907, 1), (14996, 1), (15209, 1), (15242, 2), (15348, 1), (15481, 3), (15518, 1), (1622, 1), (16024, 1), (16155, 1), (1655, 3), (16226, 1), (16278, 1), (16488, 1), (16491, 1), (16497, 1), (16663, 2), (16738, 1), (16882, 1), (17373, 1), (17635, 1), (17699, 4), (1791, 3), (17908, 1), (18089, 1), (18327, 6), (18342, 1), (18399, 1), (1881, 6), (5859, 1), (5860, 1)
bondad (DF: 2): (5358, 1), (5512, 1)
bondag (DF: 1): (13919, 1)
bondax (DF: 3): (2438, 1), (3198, 2), (16531, 2)
bonddoubl (DF: 1): (6899, 1)
bonder (DF: 1): (3186, 1)
bondi (DF: 1): (8210, 1)
bondsbrac (DF: 1): (3268, 1)
bone (DF: 249): (1896, 4), (1900, 6), (1915, 2), (1938, 1), (1941, 1), (1977, 12), (2001, 2), (202, 1), (2061, 1), (2075, 1), (2140, 1), (2147, 8), (2227, 1), (2301, 1), (2335, 2), (2441, 1), (2462, 1), (2464, 2), (2482, 1), (2495, 1), (2543, 2), (2573, 3), (247, 6), (2676, 2), (2720, 1), (2793, 2), (2822, 1), (2838, 1), (2852, 1), (2859, 4), (2865, 2), (2937, 2), (2942, 4), (3002, 2), (3009, 3), (3025, 1), (3046, 1), (3076, 1), (3083, 1), (3102, 1), (3185, 2), (3205, 2), (3238, 1), (3302, 2), (3330, 1), (3339, 5), (3392, 4), (3483, 6), (3518, 1), (3521, 1), (3565, 1), (3574, 1), (3583, 3), (3634, 1), (3653, 1), (3682, 2), (3701, 1), (3731, 1), (3771, 1), (3802, 1), (3833, 1), (3846, 1), (3923, 1), (384, 4), (3966, 1), (3983, 47), (4019, 1), (4047, 1), (4065, 1), (407, 1), (4255, 1), (4262, 1), (4272, 2), (4292, 1), (4391, 1), (4420, 1), (4465, 1), (4500, 2), (4525, 2), (4562, 2), (4602, 2), (4626, 1), (4673, 29), (4749, 2), (4792, 1), (4806, 1), (4887, 2), (5050, 29), (5066, 1), (5090, 1), (500, 1), (5135, 2), (5176, 2), (5211, 1), (5228, 1), (5260, 1), (5266, 28), (520, 6), (5338, 1), (5345, 1), (5391, 1), (5395, 17), (5467, 1), (5491, 1), (5519, 1), (5529, 1), (5596, 1), (560, 5), (5661, 2), (5682, 1), (50, 1), (5909, 2), (5944, 2), (5953, 1), (6010, 1), (6018, 5), (6020, 1), (6032, 1), (6034, 1), (6046, 4), (6069, 3), (6086, 2), (6117, 2), (6142, 2), (6255, 2), (6271, 1), (6276, 1), (6344, 2), (6388, 2), (6390, 3), (6475, 1), (6496, 2), (6518, 1), (6543, 1), (6563, 1), (6583, 1), (6619, 2), (6623, 2), (6654, 1), (6797, 1), (6812, 1), (6904, 39), (6921, 3), (689, 1), (7045, 1), (7047, 1), (7055, 1), (7063, 1), (7135, 1), (66, 1), (7182, 1), (7186, 1), (709, 1), (7227, 2), (7237, 1), (7256, 1), (7289, 2), (7291, 1), (7297, 1), (7299, 4), (7317, 4), (68, 1), (7345, 1), (7417, 2), (7425, 3), (740, 1), (7439, 1), (7452, 2), (7502, 4), (7510, 2), (7542, 1), (7548, 1), (7580, 3), (7591, 2), (7645, 1), (7656, 2), (7666, 1), (7686, 1), (7696, 1), (7707, 1), (7857, 1), (799, 1), (7923, 2), (7927, 1), (7974, 4), (7977, 1), (8013, 1), (8020, 1), (8026, 8), (8034, 1), (8076, 1), (74, 2), (8137, 1), (8223, 1), (8227, 1), (8238, 1), (8263, 1), (8282, 1), (8299, 6), (8308, 1), (8370, 1), (8433, 1), (8438, 1), (8467, 1), (8673, 1), (8727, 1), (8771, 1), (8774, 2), (8826, 1), (8920, 2), (8937, 1), (8970, 1), (8987, 1), (9009, 1), (9036, 1), (9046, 1), (9080, 1), (9112, 12), (9119, 1), (9277, 1), (9278, 1), (9284, 2), (9313, 1), (9332, 2), (9343, 1), (9348, 4), (958, 1), (9397, 1), (9432, 1), (9488, 1), (9538, 1), (9677, 8), (9712, 4), (9753, 1), (9761, 1), (9783, 1), (9833, 1), (9861, 1), (9958, 1), (9969, 1), (1021, 1), (10043, 4), (10053, 1), (10066, 5), (10090, 1), (10092, 3), (10126, 1), (10169, 4), (10185, 1)
