segu (DF: 50): (12965, 3), (13010, 2), (13066, 4), (13145, 1), (13389, 1), (13412, 9), (13416, 1), (13442, 1), (13487, 3), (1379, 2), (13710, 1), (13930, 1), (13935, 1), (1443, 1), (14209, 1), (14487, 1), (14629, 1), (15011, 1), (15143, 1), (15617, 1), (15653, 1), (15686, 1), (15721, 2), (15757, 1), (15889, 2), (15894, 1), (16013, 2), (16295, 4), (16401, 6), (1677, 1), (16530, 3), (1686, 5), (16557, 9), (16567, 1), (16626, 1), (16751, 1), (16787, 1), (16840, 2), (1724, 3), (17063, 1), (17197, 1), (17320, 3), (17338, 1), (17432, 1), (1778, 3), (17573, 2), (17861, 1), (18394, 3), (9383, 1), (9384, 1)
segui (DF: 5): (213, 1), (2805, 1), (10203, 1), (11620, 1), (15157, 1)
seguidor (DF: 7): (3586, 2), (3590, 1), (707, 1), (7508, 1), (11734, 1), (15737, 1), (17397, 6)
seguim (DF: 15): (371, 1), (5126, 1), (6111, 1), (628, 4), (6399, 1), (8415, 4), (8733, 14), (9882, 2), (10379, 1), (13487, 3), (13830, 10), (14073, 1), (14743, 1), (17685, 7), (17779, 3)
seguimo (DF: 4): (5569, 12), (8765, 1), (9095, 1), (9450, 1)
seguint (DF: 2): (9087, 1), (16738, 1)
seguir (DF: 10): (4518, 1), (4782, 1), (5040, 1), (5762, 6), (5792, 1), (7049, 2), (87, 1), (11391, 1), (13950, 1), (16530, 6)
seguirt (DF: 2): (632, 3), (12087, 1)
seguist (DF: 1): (4949, 1)
segun (DF: 8): (4347, 1), (4352, 1), (9302, 1), (1079, 1), (17309, 2), (17673, 1), (18264, 1), (18394, 1)
segund (DF: 75): (2114, 2), (2351, 1), (2473, 1), (2488, 1), (2785, 4), (276, 1), (2948, 4), (3211, 1), (312, 1), (3351, 1), (3555, 3), (4246, 1), (4289, 1), (4560, 1), (4711, 1), (4908, 12), (5105, 3), (5363, 1), (5647, 3), (5696, 2), (580, 1), (5962, 1), (6160, 1), (6414, 1), (6450, 1), (6515, 1), (6656, 1), (6851, 1), (7258, 1), (725, 3), (7367, 4), (776, 1), (7948, 2), (8143, 1), (8516, 6), (8699, 1), (8805, 3), (86, 2), (9070, 1), (9185, 1), (9225, 2), (9252, 1), (9606, 1), (9692, 1), (9972, 1), (10209, 3), (10217, 1), (1042, 3), (10407, 1), (10530, 2), (10763, 6), (10819, 4), (11190, 2), (11203, 3), (11393, 2), (11741, 2), (11866, 2), (11932, 1), (12297, 1), (12333, 1), (12924, 2), (13484, 2), (13663, 2), (14239, 4), (15424, 1), (15914, 2), (16183, 2), (16885, 1), (178, 1), (17706, 1), (17847, 1), (18025, 2), (18357, 3), (18394, 1), (11740, 1)
segunda (DF: 3): (4167, 1), (9860, 2), (14250, 1)
segundo (DF: 6): (2735, 1), (9637, 1), (10316, 2), (15462, 1), (16626, 1), (18136, 4)
seguo (DF: 1): (16565, 2)
segur (DF: 98): (2127, 1), (2681, 1), (3211, 2), (3996, 4), (4034, 1), (4540, 1), (4671, 2), (4704, 1), (4711, 1), (5647, 1), (5991, 1), (6001, 1), (6041, 1), (6248, 1), (6279, 2), (6561, 1), (648, 4), (6645, 2), (6705, 1), (6932, 2), (7239, 2), (7367, 4), (7426, 1), (7457, 1), (7501, 1), (7508, 1), (776, 1), (7780, 1), (8066, 3), (8415, 16), (8454, 4), (8546, 1), (8646, 1), (8751, 1), (8919, 2), (9074, 1), (9185, 7), (9204, 3), (9309, 8), (9607, 1), (9692, 1), (9697, 9), (9872, 1), (10676, 1), (11030, 1), (11046, 4), (11064, 1), (11203, 1), (11280, 1), (11464, 6), (11486, 1), (11533, 1), (11610, 1), (11734, 2), (11747, 1), (11800, 1), (11932, 1), (11980, 39), (12098, 4), (1254, 1), (12499, 21), (12672, 1), (12789, 2), (12885, 1), (12924, 1), (13130, 1), (13153, 1), (13335, 20), (13454, 1), (14106, 2), (14215, 4), (14260, 1), (14497, 2), (14727, 2), (14940, 6), (14956, 2), (15098, 1), (15112, 2), (1563, 1), (15355, 3), (15673, 1), (15733, 1), (15764, 1), (16074, 1), (16378, 1), (16419, 1), (16462, 3), (16470, 1), (16557, 3), (16593, 1), (16717, 2), (16780, 4), (17058, 3), (17494, 1), (17546, 1), (17658, 2), (18394, 1), (18427, 1)
segura (DF: 4): (9525, 1), (12677, 1), (17232, 2), (1881, 2)
segurança (DF: 2): (2833, 1), (9838, 3)
segurar (DF: 1): (15617, 1)
seguro (DF: 3): (3467, 1), (7049, 2), (9120, 1)
seguroski (DF: 1): (7068, 1)
seguí (DF: 1): (14840, 2)
segway (DF: 2): (3205, 2), (10643, 2)
seh (DF: 47): (1924, 5), (1987, 8), (2328, 1), (2376, 1), (2535, 1), (246, 1), (2729, 1), (3123, 2), (3212, 1), (3381, 1), (3849, 1), (3962, 3), (3992, 1), (397, 2), (4192, 2), (4411, 3), (4743, 1), (4771, 2), (4816, 1), (484, 1), (493, 1), (5429, 1), (5565, 1), (5577, 1), (5893, 1), (6026, 2), (6430, 1), (6452, 1), (6600, 1), (6748, 1), (6835, 7), (7258, 1), (746, 4), (8247, 1), (8260, 1), (8311, 1), (8678, 2), (9199, 1), (9222, 1), (9452, 2), (9596, 2), (9788, 1), (1010, 1), (9980, 4), (10215, 3), (10343, 2), (10546, 9)
