held (DF: 111): (9349, 2), (9417, 1), (9439, 1), (9553, 1), (9559, 2), (994, 1), (998, 1), (9832, 1), (9856, 1), (10165, 3), (10450, 1), (10552, 1), (1082, 6), (10642, 2), (10712, 1), (10715, 1), (10767, 1), (10768, 1), (10791, 2), (10897, 1), (11010, 1), (11032, 1), (11214, 1), (11222, 1), (11281, 1), (1167, 1), (1185, 1), (11729, 2), (11822, 1), (11841, 2), (12065, 1), (12121, 2), (12149, 1), (12208, 2), (12356, 1), (12448, 1), (12519, 2), (12612, 1), (12642, 1), (12680, 2), (12929, 1), (12977, 1), (13036, 2), (13106, 1), (13116, 2), (1334, 2), (13237, 1), (1363, 1), (13474, 1), (13688, 4), (1392, 4), (13733, 1), (13741, 3), (13801, 1), (13888, 1), (13965, 1), (13976, 1), (14056, 1), (14069, 3), (14305, 2), (14349, 1), (14502, 1), (14599, 1), (14642, 1), (14874, 12), (14935, 1), (15033, 4), (15041, 2), (15044, 2), (15309, 1), (15316, 3), (15362, 1), (15454, 1), (15570, 2), (15861, 1), (1624, 1), (15979, 1), (16063, 1), (16098, 3), (16130, 1), (16175, 1), (16232, 1), (16278, 1), (16539, 1), (16595, 1), (16616, 1), (16625, 3), (1697, 2), (16764, 1), (16797, 1), (1711, 2), (16857, 2), (16861, 2), (16961, 1), (16994, 1), (17075, 2), (1738, 1), (17120, 2), (17144, 2), (17322, 1), (17373, 3), (17790, 1), (1802, 2), (17843, 1), (17862, 2), (17995, 1), (18085, 1), (18238, 1), (18242, 1), (18296, 4), (18378, 1)
helden (DF: 10): (3699, 1), (9076, 1), (10107, 1), (1062, 1), (1283, 1), (13582, 2), (17009, 1), (1755, 2), (17889, 1), (18063, 1)
heldentat (DF: 1): (493, 1)
hele (DF: 23): (2018, 2), (229, 1), (2952, 1), (3527, 6), (4665, 1), (7397, 1), (7421, 1), (9425, 1), (9498, 2), (11019, 1), (11364, 14), (11953, 1), (12273, 1), (12767, 3), (14555, 1), (14757, 1), (14952, 1), (15164, 1), (15412, 1), (15565, 1), (16307, 2), (17294, 1), (17327, 1)
helema (DF: 8): (2260, 2), (4849, 1), (6008, 1), (7421, 1), (12446, 4), (13783, 5), (15412, 1), (16101, 1)
helen (DF: 1): (9500, 13)
helena (DF: 1): (9364, 1)
helf (DF: 7): (3381, 1), (6430, 1), (7411, 1), (7983, 1), (8670, 1), (10239, 2), (11060, 1)
helft (DF: 2): (8418, 1), (1432, 1)
helg (DF: 1): (3399, 2)
heli (DF: 2): (1029, 1), (10659, 1)
helicopt (DF: 27): (2000, 1), (3232, 9), (3991, 1), (4148, 1), (4645, 1), (4699, 1), (5370, 1), (6086, 2), (6342, 7), (6390, 3), (7213, 3), (7593, 1), (80, 8), (9092, 1), (9451, 1), (9538, 1), (9759, 1), (10207, 1), (10672, 1), (10859, 1), (12757, 1), (12834, 1), (13873, 1), (14196, 3), (14707, 3), (14900, 1), (16477, 1)
helicopter (DF: 2): (8846, 1), (15864, 1)
helikopt (DF: 3): (3480, 1), (6835, 1), (13591, 2)
helis (DF: 1): (5775, 1)
helium (DF: 4): (2045, 1), (3741, 1), (7138, 1), (17536, 5)
helix (DF: 2): (643, 2), (18264, 1)
hell (DF: 159): (1891, 18), (1920, 50), (1957, 2), (1972, 1), (1977, 1), (1998, 1), (2000, 1), (2026, 2), (2048, 1), (2058, 6), (2063, 1), (2076, 3), (2082, 1), (2103, 2), (2104, 1), (2143, 1), (2168, 2), (2176, 3), (2177, 1), (2181, 1), (2186, 1), (2211, 3), (2227, 1), (2244, 1), (2250, 2), (2251, 1), (220, 1), (2255, 2), (221, 1), (2294, 4), (2300, 1), (2310, 2), (222, 2), (2321, 5), (2407, 8), (235, 1), (2446, 1), (2450, 1), (2495, 12), (2500, 2), (2528, 5), (2545, 1), (2552, 1), (2556, 5), (2578, 1), (2588, 1), (2592, 8), (2636, 1), (2646, 1), (2663, 1), (2735, 5), (2778, 1), (2787, 1), (2795, 2), (2797, 1), (2832, 1), (2838, 2), (273, 66), (2840, 2), (2896, 2), (2906, 1), (2911, 2), (2939, 1), (2957, 1), (3019, 1), (3044, 1), (3112, 1), (3119, 1), (3122, 4), (3133, 1), (3163, 12), (3164, 1), (3188, 6), (307, 1), (3238, 1), (3241, 1), (3244, 1), (3261, 1), (3268, 1), (324, 1), (3302, 2), (328, 1), (3368, 3), (3371, 1), (3408, 1), (3439, 4), (3483, 1), (3498, 1), (3511, 1), (3553, 4), (3589, 1), (3594, 1), (31, 2), (3624, 1), (3626, 1), (3653, 1), (3670, 1), (3677, 1), (3680, 1), (3741, 1), (368, 4), (3767, 1), (3776, 1), (3781, 1), (3790, 1), (3802, 1), (375, 1), (3884, 1), (3888, 3), (3904, 1), (3924, 1), (3937, 2), (3945, 3), (4017, 2), (4033, 6), (400, 1), (4044, 1), (4045, 1), (4062, 1), (4109, 10), (4121, 4), (4128, 1), (4137, 3), (4153, 2), (4163, 1), (4165, 2), (4177, 1), (4185, 2), (4199, 2), (4211, 1), (4218, 6), (4264, 1), (4267, 1), (4270, 1), (4284, 2), (4289, 5), (4310, 1), (426, 2), (4320, 1), (4328, 5), (4371, 5), (36, 3), (4481, 1), (4488, 2), (4492, 1), (4508, 1), (4522, 6), (4533, 1), (4537, 32), (4569, 1), (40, 1), (4603, 1), (4625, 1), (4634, 1), (4647, 1), (4669, 1), (4683, 2), (4684, 1), (4695, 1)
