maakt (DF: 6): (14553, 2), (14952, 1), (15565, 1), (175, 6), (16826, 1), (17663, 2)
maal (DF: 1): (4686, 1)
maali (DF: 1): (5249, 1)
maalik (DF: 1): (16397, 1)
maam (DF: 1): (18053, 1)
maamin (DF: 1): (4910, 1)
maamuli (DF: 1): (1834, 1)
maan (DF: 1): (12767, 1)
maanden (DF: 1): (6008, 1)
maaneng (DF: 1): (18053, 1)
maang (DF: 1): (18053, 1)
maani (DF: 1): (10442, 1)
maann (DF: 1): (15568, 1)
maar (DF: 62): (2260, 4), (2638, 12), (3355, 6), (3748, 3), (3864, 5), (4607, 5), (4665, 4), (4849, 3), (5582, 1), (5917, 1), (6008, 13), (6184, 34), (6303, 1), (6641, 5), (7382, 7), (7421, 3), (7519, 2), (7547, 8), (812, 2), (852, 3), (8418, 3), (9425, 1), (9595, 2), (10442, 1), (1077, 8), (10667, 1), (11669, 1), (11673, 1), (12243, 3), (12368, 2), (12446, 7), (12662, 2), (12745, 4), (12767, 3), (1318, 4), (13201, 3), (13611, 11), (13783, 4), (1432, 3), (14553, 6), (14555, 4), (14757, 1), (14952, 10), (15205, 1), (15412, 3), (15565, 5), (1619, 10), (16101, 1), (16349, 3), (16435, 6), (16499, 5), (16600, 1), (16602, 1), (175, 6), (16826, 1), (17008, 2), (17160, 3), (17327, 4), (17663, 4), (18053, 1), (18210, 8), (18323, 6)
maara (DF: 1): (2086, 1)
maardi (DF: 1): (8534, 2)
maarha (DF: 1): (14335, 1)
maari (DF: 1): (5830, 1)
maaru (DF: 1): (11725, 1)
maastrikki (DF: 1): (6184, 2)
maati (DF: 1): (11725, 1)
maawa (DF: 1): (16246, 1)
maaya (DF: 1): (13968, 1)
mabalik (DF: 1): (5932, 1)
mabasa (DF: 1): (11387, 1)
mabel (DF: 6): (4218, 3), (8631, 1), (13401, 1), (13843, 1), (16888, 1), (17991, 1)
mabiktima (DF: 1): (11710, 1)
mabokya (DF: 1): (14250, 1)
maboroshid (DF: 1): (1360, 1)
mabubuhay (DF: 1): (15941, 4)
mabura (DF: 1): (5932, 1)
mabushi (DF: 1): (10304, 1)
mabuti (DF: 2): (8490, 1), (8768, 1)
mac (DF: 179): (189, 2), (2075, 1), (2230, 1), (2241, 1), (2276, 1), (2278, 1), (2320, 1), (2332, 2), (2422, 1), (2561, 1), (2562, 1), (2575, 1), (248, 1), (260, 1), (2738, 1), (2771, 1), (2809, 1), (2887, 1), (3054, 1), (3083, 1), (304, 1), (3186, 1), (3300, 2), (3345, 1), (3485, 2), (3538, 1), (3581, 2), (3598, 1), (3737, 1), (3813, 2), (3963, 1), (4028, 1), (4244, 1), (4497, 9), (4707, 1), (4854, 1), (5037, 56), (536, 3), (5909, 8), (6105, 1), (6107, 1), (6225, 2), (6249, 4), (6490, 1), (6552, 2), (6583, 1), (6780, 3), (6835, 1), (6868, 1), (6895, 2), (6969, 1), (7001, 1), (7009, 1), (7070, 1), (7154, 2), (7207, 1), (7226, 1), (7227, 2), (7339, 1), (7352, 2), (7411, 1), (7436, 1), (7448, 1), (7545, 1), (7550, 1), (7554, 1), (768, 1), (7661, 1), (7674, 1), (7936, 1), (8136, 1), (8300, 2), (8473, 1), (8571, 1), (8596, 1), (8663, 1), (8687, 1), (8740, 1), (8756, 1), (8779, 2), (8819, 1), (9016, 1), (9033, 1), (9063, 1), (9130, 1), (9226, 1), (943, 1), (9403, 1), (9509, 1), (9785, 1), (9823, 1), (9921, 1), (9953, 1), (10185, 1), (10206, 2), (1036, 1), (10249, 2), (10480, 1), (10675, 1), (10690, 2), (10815, 1), (1109, 1), (1124, 2), (11293, 2), (11296, 1), (11349, 1), (11594, 4), (11614, 1), (11634, 1), (11658, 2), (11735, 1), (11805, 3), (11867, 1), (12114, 1), (12119, 1), (12168, 1), (12516, 1), (12589, 1), (12816, 2), (12846, 1), (12848, 1), (13075, 1), (13218, 1), (13245, 1), (13263, 1), (13629, 1), (13685, 1), (13732, 2), (13745, 1), (13755, 2), (13914, 4), (14019, 1), (14076, 1), (14122, 1), (14156, 1), (14218, 3), (1458, 1), (14383, 2), (14402, 1), (14496, 1), (14533, 1), (14766, 1), (14796, 1), (15003, 1), (15093, 1), (15120, 1), (15276, 1), (159, 1), (15328, 1), (1576, 1), (15477, 2), (15486, 1), (15518, 2), (15610, 1), (1594, 1), (1613, 2), (15937, 1), (16140, 1), (16167, 1), (16236, 1), (16602, 1), (16703, 1), (16745, 1), (1704, 1), (17193, 1), (17240, 3), (17378, 1), (1773, 1), (181, 1), (17587, 1), (17630, 2), (17699, 4), (17762, 1), (17811, 1), (17925, 2), (18083, 1), (1833, 1), (18158, 1), (1880, 2)
macabr (DF: 2): (3580, 12), (14818, 1)
macac (DF: 1): (15011, 1)
macadamian (DF: 2): (486, 2), (15089, 1)
macan (DF: 2): (9248, 1), (16079, 1)
macaren (DF: 4): (5026, 43), (5396, 43), (9819, 2), (11662, 43)
macarena (DF: 5): (5724, 1), (905, 1), (15389, 212), (15426, 1), (18157, 1)
macaroni (DF: 3): (4222, 1), (8230, 3), (14199, 1)
