needi (DF: 6): (6923, 1), (7520, 1), (8492, 1), (10202, 6), (1111, 1), (16982, 1)
needin (DF: 17): (2076, 1), (4981, 8), (5050, 1), (5842, 1), (6333, 1), (6391, 4), (7024, 1), (7060, 1), (7436, 1), (8148, 1), (8736, 1), (10480, 1), (11382, 1), (1196, 1), (13842, 4), (17297, 3), (1829, 1)
needl (DF: 77): (2140, 1), (2211, 3), (2291, 1), (2937, 1), (294, 1), (3199, 6), (3433, 2), (4100, 3), (4525, 2), (4641, 1), (4831, 4), (5045, 1), (5137, 1), (5417, 1), (5695, 1), (5958, 2), (5979, 2), (6325, 3), (6582, 4), (6663, 3), (6772, 1), (6846, 1), (6946, 1), (7177, 1), (7256, 1), (7429, 2), (7663, 1), (7962, 2), (8121, 1), (8456, 2), (9316, 1), (9377, 2), (9392, 7), (10210, 1), (10246, 2), (1058, 1), (10473, 1), (10770, 7), (11681, 1), (12038, 1), (12116, 1), (12125, 1), (12170, 1), (12923, 7), (13152, 1), (13255, 2), (13301, 1), (13379, 1), (13474, 1), (13496, 1), (13597, 1), (13903, 3), (13965, 1), (14393, 4), (1513, 1), (14840, 2), (14926, 4), (15278, 4), (16362, 1), (16513, 1), (16631, 2), (16661, 3), (16669, 6), (16707, 1), (16809, 3), (16986, 1), (1732, 1), (17121, 6), (17344, 1), (17773, 1), (17777, 1), (17784, 1), (17818, 1), (1820, 1), (17993, 1), (18190, 1), (18351, 1)
needless (DF: 12): (2174, 1), (2745, 4), (332, 1), (3810, 1), (4100, 1), (6232, 1), (6807, 4), (8268, 12), (9751, 1), (13702, 1), (14711, 1), (1693, 6)
neee (DF: 1): (1282, 1)
neeed (DF: 1): (6460, 1)
neeeein (DF: 1): (5053, 1)
neef (DF: 1): (2729, 1)
neefi (DF: 1): (2595, 9)
neek (DF: 1): (8234, 2)
neeko (DF: 2): (824, 3), (18346, 1)
neel (DF: 1): (9070, 5)
neeli (DF: 1): (10667, 1)
neem (DF: 9): (4665, 1), (9595, 1), (1077, 1), (12662, 8), (13783, 3), (15205, 3), (16499, 1), (17327, 7), (18210, 2)
neemt (DF: 2): (3355, 1), (10369, 1)
neend (DF: 1): (12368, 1)
neer (DF: 1): (14555, 4)
neese (DF: 1): (5957, 1)
neeson (DF: 1): (3272, 1)
neeveyan (DF: 1): (14335, 1)
neewi (DF: 1): (12368, 1)
neeyum (DF: 1): (3471, 2)
neeè (DF: 1): (905, 1)
nefari (DF: 1): (15291, 1)
nefert (DF: 2): (89, 4), (15535, 1)
nefertitis (DF: 1): (14311, 3)
neffex (DF: 1): (9104, 1)
neffi (DF: 1): (1218, 1)
nefty (DF: 1): (4879, 1)
neg (DF: 44): (1939, 4), (19, 1), (2782, 1), (284, 4), (3028, 7), (3724, 1), (4518, 1), (4862, 1), (5246, 1), (5373, 18), (6466, 1), (6532, 2), (6645, 4), (7435, 48), (7766, 3), (9060, 6), (9318, 4), (10564, 3), (11944, 2), (12167, 3), (12608, 4), (13096, 5), (13153, 2), (13157, 2), (13526, 1), (14260, 1), (14280, 1), (14341, 1), (14437, 4), (1485, 1), (15237, 1), (15247, 12), (15472, 21), (15732, 1), (15819, 3), (16439, 1), (16475, 4), (16657, 1), (17213, 4), (17706, 6), (17817, 12), (17941, 1), (18321, 2), (18357, 1)
nega (DF: 9): (2817, 1), (4069, 1), (5719, 9), (6270, 1), (8574, 1), (9860, 1), (12911, 1), (15400, 1), (17454, 2)
negacion (DF: 1): (7863, 1)
negado (DF: 1): (3497, 6)
negai (DF: 1): (10299, 2)
negam (DF: 1): (14860, 4)
negan (DF: 2): (696, 1), (7518, 1)
negar (DF: 3): (10598, 2), (14580, 1), (15400, 1)
negaram (DF: 1): (12375, 1)
negart (DF: 6): (2090, 1), (3403, 6), (7258, 1), (12167, 9), (12965, 2), (15732, 3)
negartel (DF: 1): (13257, 1)
negat (DF: 64): (1926, 1), (1964, 1), (2002, 1), (2588, 1), (2590, 1), (2626, 1), (2996, 1), (3146, 1), (3184, 1), (3258, 1), (3374, 1), (3979, 2), (4263, 1), (4372, 1), (4377, 1), (4948, 1), (5851, 1), (616, 1), (6228, 2), (631, 1), (6876, 1), (7266, 1), (7788, 1), (7884, 1), (7893, 1), (8180, 1), (8554, 1), (8560, 1), (8681, 1), (9306, 4), (9668, 1), (10168, 1), (10335, 1), (10419, 4), (10507, 1), (1071, 3), (10686, 1), (10864, 1), (11044, 1), (11063, 1), (11120, 4), (11246, 1), (11877, 1), (11894, 1), (12254, 1), (12575, 1), (12904, 1), (13055, 1), (13079, 1), (13949, 2), (14055, 1), (14642, 1), (14677, 1), (1512, 1), (15125, 1), (15222, 1), (15687, 1), (15808, 1), (16266, 1), (16543, 1), (16800, 1), (16892, 1), (17305, 1), (18107, 1)
negatividad (DF: 1): (7869, 1)
negativo (DF: 1): (4267, 2)
nege (DF: 2): (12323, 1), (15773, 2)
negend (DF: 1): (6641, 1)
neger (DF: 1): (7200, 1)
negero (DF: 1): (2817, 2)
negg (DF: 1): (14743, 2)
neglect (DF: 24): (2540, 2), (2588, 1), (3940, 1), (6, 1), (6337, 1), (6512, 1), (6923, 2), (7105, 1), (7162, 2), (7173, 1), (746, 1), (7789, 1), (7790, 2), (7841, 1), (8446, 1), (8579, 1), (10064, 2), (11246, 1), (13696, 1), (14114, 2), (14275, 1), (16427, 1), (16641, 3), (17895, 1)
