bedau (DF: 2): (12872, 1), (17704, 1)
bedd (DF: 1): (18023, 1)
beddi (DF: 1): (866, 2)
bedeckt (DF: 1): (13789, 1)
bedenk (DF: 2): (4816, 1), (8418, 1)
bedeut (DF: 1): (15283, 1)
bedeutet (DF: 4): (3932, 1), (5691, 1), (6620, 1), (9236, 1)
bedford (DF: 1): (11621, 1)
bedijt (DF: 1): (175, 6)
bedingfield (DF: 2): (2989, 1), (13079, 1)
bedlam (DF: 2): (2012, 1), (2491, 1)
bedo (DF: 1): (7677, 1)
bedoel (DF: 2): (4607, 1), (14555, 1)
bedouin (DF: 2): (899, 1), (12047, 1)
bedpost (DF: 2): (10330, 2), (13925, 2)
bedr (DF: 2): (6674, 10), (11071, 1)
bedragen (DF: 2): (6641, 1), (17663, 4)
bedridden (DF: 1): (6527, 1)
bedrijf (DF: 1): (14553, 3)
bedrijven (DF: 1): (18210, 1)
bedrock (DF: 4): (3769, 1), (4629, 1), (7292, 1), (16779, 2)
bedrog (DF: 1): (16602, 1)
bedroh (DF: 2): (16724, 1), (1715, 1)
bedroht (DF: 1): (1484, 1)
bedroom (DF: 122): (195, 2), (1919, 1), (2076, 1), (2282, 2), (2340, 2), (2391, 2), (2556, 1), (2634, 1), (2890, 1), (2960, 1), (2961, 1), (285, 1), (3369, 1), (3404, 1), (3447, 2), (3463, 13), (3789, 1), (3820, 1), (404, 2), (4120, 2), (4183, 1), (4222, 1), (4396, 1), (4435, 1), (4586, 1), (4688, 3), (4717, 1), (4762, 1), (4824, 1), (4864, 1), (5088, 1), (5223, 2), (5229, 1), (5666, 5), (5707, 1), (5801, 2), (5843, 2), (6039, 1), (601, 3), (6352, 1), (6375, 1), (6409, 1), (6567, 4), (6824, 1), (6903, 6), (6905, 2), (6936, 1), (691, 1), (7024, 1), (7041, 19), (7060, 1), (7133, 1), (7189, 1), (7374, 3), (7553, 2), (7685, 8), (7776, 1), (7998, 1), (8021, 3), (8148, 1), (8343, 1), (8576, 4), (8605, 1), (8893, 1), (9286, 1), (9301, 1), (9529, 1), (10342, 1), (10455, 1), (10555, 1), (1076, 1), (10622, 2), (10634, 1), (10885, 1), (10904, 1), (10960, 1), (1138, 1), (11622, 1), (11656, 6), (11660, 4), (11810, 1), (12133, 1), (12162, 6), (12702, 1), (12754, 1), (12917, 3), (12968, 1), (13282, 1), (13674, 1), (13716, 2), (13853, 3), (14046, 4), (14210, 1), (14443, 3), (14492, 1), (14508, 1), (15030, 1), (15101, 1), (15139, 1), (15232, 1), (15462, 1), (15612, 1), (15752, 2), (15782, 1), (16023, 3), (16130, 1), (16163, 36), (16298, 1), (16489, 1), (16518, 2), (16970, 1), (17098, 3), (17297, 1), (17453, 1), (1789, 1), (17827, 2), (18037, 1), (1839, 18), (5841, 2), (5842, 1), (11384, 1), (11386, 1)
bedsheet (DF: 3): (6751, 1), (7241, 1), (14072, 3)
bedsid (DF: 6): (7500, 1), (1063, 1), (10553, 1), (12378, 1), (17216, 3), (17922, 9)
bedsit (DF: 2): (16502, 3), (1711, 1)
bedsitt (DF: 3): (7706, 1), (15374, 2), (16502, 1)
bedst (DF: 8): (4991, 8), (10050, 2), (11364, 1), (12273, 3), (1465, 4), (15844, 8), (16525, 1), (17294, 1)
bedsteven (DF: 1): (11364, 1)
bedtim (DF: 5): (7237, 1), (13641, 1), (14135, 1), (15564, 5), (17769, 1)
bedwett (DF: 1): (6141, 1)
bedøvet (DF: 1): (11953, 1)
bee (DF: 81): (1922, 1), (202, 1), (2177, 1), (2717, 1), (2879, 2), (2983, 2), (3242, 1), (332, 1), (3543, 1), (3884, 1), (4376, 22), (4387, 1), (4675, 2), (4695, 1), (4746, 1), (4779, 4), (4830, 1), (5412, 9), (5470, 1), (6296, 2), (6477, 1), (6607, 2), (6610, 1), (6795, 1), (691, 1), (7017, 1), (7213, 3), (7480, 6), (7728, 1), (7839, 1), (7934, 1), (7948, 1), (8237, 2), (8301, 1), (984, 1), (10207, 1), (10287, 5), (10435, 2), (10551, 1), (11634, 1), (12120, 1), (12316, 1), (12461, 1), (12578, 1), (1279, 1), (12637, 1), (12685, 6), (12875, 4), (12989, 1), (13400, 1), (13798, 1), (13948, 1), (14078, 1), (14293, 22), (14335, 1), (14680, 2), (14711, 3), (14874, 3), (15028, 1), (15124, 4), (15270, 1), (15273, 2), (1564, 1), (15342, 1), (15363, 4), (15796, 4), (15935, 22), (15943, 2), (16026, 1), (16114, 1), (16424, 2), (16464, 1), (17043, 1), (17045, 22), (17305, 1), (1757, 1), (17331, 3), (1774, 4), (17992, 6), (18004, 2), (18378, 1)
beech (DF: 3): (4686, 1), (149, 3), (1834, 1)
beeda (DF: 1): (15407, 1)
beedi (DF: 1): (13398, 1)
beeee (DF: 1): (1145, 3)
beeesst (DF: 1): (14416, 1)
beeez (DF: 1): (15122, 1)
beef (DF: 33): (2026, 4), (2177, 1), (2218, 4), (2260, 1), (222, 1), (2482, 1), (2545, 1), (2573, 1), (246, 1), (2624, 1), (2637, 1), (2822, 3), (306, 1), (3186, 1), (3234, 4), (3310, 1), (3462, 4), (3485, 6), (350, 1), (3598, 1), (3650, 1), (369, 1), (3800, 1), (3807, 2), (3924, 1), (3941, 24), (3984, 1), (3999, 1), (4128, 1), (4244, 3), (4282, 1), (4515, 2), (4603, 1)
