readi (DF: 274): (15175, 1), (1558, 1), (15239, 1), (15249, 1), (15250, 2), (15251, 1), (15268, 18), (15292, 1), (15316, 3), (15328, 4), (15339, 1), (15364, 1), (15377, 46), (15392, 1), (15421, 48), (15428, 1), (15444, 1), (15464, 4), (15530, 6), (15534, 1), (15541, 3), (15545, 1), (15553, 4), (15588, 1), (15590, 1), (15607, 1), (15611, 1), (15612, 1), (15652, 1), (15671, 2), (15687, 12), (1610, 3), (15771, 6), (15787, 2), (1618, 1), (15800, 1), (15808, 3), (15836, 4), (15852, 1), (15857, 1), (15861, 1), (165, 1), (15916, 1), (15924, 1), (15956, 4), (15963, 2), (15990, 1), (16048, 3), (16050, 2), (16054, 1), (168, 4), (16064, 2), (16068, 1), (16093, 1), (16094, 4), (16100, 4), (16124, 1), (16125, 1), (16127, 2), (16164, 1), (16193, 1), (16243, 1), (16277, 2), (16280, 1), (1661, 3), (16291, 3), (16315, 8), (16319, 1), (16320, 8), (16323, 1), (16326, 2), (16333, 5), (16351, 2), (16361, 2), (16382, 1), (16389, 1), (16402, 1), (16405, 2), (172, 1), (16466, 2), (16499, 1), (16514, 1), (16524, 3), (16539, 1), (16551, 1), (16587, 1), (16591, 2), (16618, 6), (16627, 29), (16641, 3), (16645, 1), (16650, 1), (16681, 3), (16732, 1), (16747, 2), (16769, 1), (16772, 3), (16785, 1), (15, 2), (16814, 1), (16842, 6), (1712, 1), (16865, 2), (16908, 33), (16924, 1), (16978, 3), (16981, 2), (16994, 2), (16995, 2), (1730, 2), (17104, 1), (17145, 7), (1744, 2), (17172, 1), (17184, 2), (17205, 3), (17241, 2), (1750, 1), (17265, 2), (17276, 2), (17290, 1), (17353, 6), (17382, 1), (17415, 1), (17483, 1), (17484, 1), (1773, 2), (17507, 1), (17516, 28), (17520, 1), (17535, 1), (17540, 1), (17544, 2), (17556, 1), (17559, 2), (17587, 1), (17617, 2), (17626, 1), (17631, 1), (17634, 2), (17646, 1), (17667, 1), (17688, 1), (17731, 3), (17737, 1), (17752, 2), (17761, 2), (17767, 4), (17774, 2), (17801, 1), (17823, 1), (17841, 2), (17864, 1), (17875, 2), (17877, 1), (17892, 4), (1809, 2), (17911, 1), (17925, 4), (17968, 1), (1820, 1), (18012, 1), (18017, 1), (18051, 1), (18052, 1), (18053, 1), (18080, 1), (18083, 1), (1829, 23), (18130, 1), (18140, 1), (18181, 1), (18197, 2), (18230, 1), (18238, 1), (18244, 2), (1844, 1), (1846, 1), (18274, 1), (18300, 1), (18309, 1), (18312, 1), (18343, 4), (18397, 1), (1855, 1), (18434, 1), (18447, 1), (18452, 1), (1864, 2), (2147, 5), (2149, 10), (2246, 8), (2247, 3), (2388, 1), (2389, 1), (2416, 1), (2419, 2), (236, 2), (237, 4), (2902, 7), (2904, 2), (351, 1), (352, 1), (4083, 4), (4084, 4), (4153, 2), (4154, 1), (5437, 1), (5438, 1), (6945, 2), (6946, 1), (7197, 1), (7198, 1), (7814, 21), (7815, 1), (8494, 2), (8496, 1), (876, 2), (877, 5), (8672, 1), (8674, 1), (893, 2), (894, 1), (8893, 2), (8896, 2), (9101, 21), (9102, 2), (9654, 4), (9657, 1), (10476, 10), (10477, 3), (10491, 1), (10492, 1), (10745, 1), (10746, 1), (11712, 1), (11713, 4), (12078, 5), (12079, 1), (12719, 1), (12720, 2), (1316, 2), (1317, 1), (13600, 1), (13601, 2), (13947, 2), (13948, 4), (1438, 1), (1439, 1), (1444, 1), (1446, 1), (1513, 1), (1514, 3), (15014, 3), (15015, 1), (15317, 3), (15580, 1), (15582, 1), (1607, 7), (1704, 1), (1705, 4), (16771, 3), (16890, 2), (16891, 3), (1745, 1), (1827, 14), (18342, 1), (5489, 1), (5490, 1), (5492, 1), (12739, 1), (12740, 1), (12741, 1), (12742, 5)
readili (DF: 1): (15291, 1)
readin (DF: 10): (6052, 2), (6141, 1), (6475, 3), (6788, 1), (7992, 1), (8438, 1), (10200, 1), (11382, 1), (1311, 1), (13279, 1)
ready (DF: 53): (2020, 1), (2681, 1), (2739, 1), (3090, 1), (3219, 8), (3570, 2), (3916, 1), (3996, 4), (4189, 1), (444, 2), (6336, 1), (6438, 1), (6872, 1), (7255, 1), (724, 1), (7526, 1), (7587, 1), (7904, 2), (7961, 1), (8506, 1), (8994, 2), (9070, 2), (9309, 1), (9882, 2), (10363, 1), (10380, 1), (10493, 9), (10566, 9), (10660, 1), (11190, 2), (11371, 2), (11638, 1), (11642, 9), (11734, 1), (13033, 1), (13453, 2), (13576, 1), (13830, 10), (14106, 1), (14579, 1), (14704, 2), (15369, 1), (1582, 3), (16022, 1), (16780, 4), (1715, 4), (17142, 2), (17546, 1), (17566, 1), (17607, 1), (17668, 1), (17748, 1), (18222, 2)
reagan (DF: 3): (7697, 1), (12396, 1), (14160, 1)
reaganom (DF: 3): (8135, 1), (8960, 1), (12587, 1)
reagiert (DF: 2): (13755, 1), (17630, 1)
reagir (DF: 1): (16117, 1)
reai (DF: 1): (13710, 2)
reakcja (DF: 1): (14199, 4)
reaktion (DF: 1): (14199, 1)
real (DF: 4): (16, 1), (1891, 2), (1896, 3), (1924, 1)
