mad (DF: 271): (13925, 4), (13972, 1), (13978, 2), (14030, 1), (14038, 1), (14071, 1), (1436, 2), (14154, 1), (14156, 1), (14164, 1), (14181, 1), (14193, 1), (1450, 3), (14214, 1), (14218, 1), (14256, 3), (1458, 2), (1461, 1), (14279, 2), (1463, 2), (14325, 1), (1466, 1), (14345, 2), (14368, 4), (14373, 1), (14376, 1), (14383, 2), (14398, 2), (14427, 1), (14493, 1), (14513, 1), (14523, 1), (14533, 3), (14571, 5), (14588, 1), (14591, 4), (14605, 1), (14612, 2), (14662, 1), (14718, 1), (14733, 1), (14745, 1), (14766, 1), (1513, 1), (14807, 1), (14814, 1), (14821, 1), (14827, 4), (14839, 1), (14840, 4), (14868, 1), (14900, 3), (14910, 9), (14926, 4), (14930, 6), (14955, 1), (14957, 1), (1531, 1), (14967, 4), (14999, 2), (15042, 8), (15073, 1), (1547, 1), (15085, 3), (15091, 2), (15093, 2), (15099, 6), (15104, 3), (15136, 7), (15141, 8), (15154, 1), (1552, 1), (15189, 4), (15191, 1), (15217, 1), (15254, 3), (15263, 1), (1561, 1), (15276, 1), (15296, 2), (15305, 1), (15311, 1), (15313, 2), (15328, 1), (15343, 1), (15365, 1), (15368, 1), (15371, 2), (15423, 1), (15446, 2), (15460, 1), (15463, 3), (15499, 1), (15518, 2), (15541, 1), (15574, 2), (15625, 2), (15635, 1), (1599, 1), (15669, 1), (15672, 1), (15688, 2), (15694, 2), (15703, 2), (15714, 1), (15746, 4), (15806, 3), (15833, 1), (15860, 1), (15863, 1), (1626, 4), (15892, 1), (15896, 1), (15904, 1), (15937, 1), (15938, 1), (15967, 3), (1639, 12), (16032, 1), (16051, 1), (16059, 1), (1648, 2), (16126, 1), (16210, 3), (16218, 4), (16240, 2), (16279, 1), (16296, 1), (16344, 4), (16351, 6), (16355, 1), (16377, 1), (16389, 2), (16405, 10), (16408, 1), (16411, 1), (16426, 1), (16440, 2), (16446, 2), (16504, 2), (16532, 1), (16539, 1), (16543, 1), (16561, 7), (16574, 1), (16674, 1), (16703, 1), (1703, 2), (16750, 1), (16753, 1), (16806, 1), (1710, 1), (16816, 1), (16831, 2), (16888, 62), (16893, 1), (16897, 1), (16924, 1), (16957, 1), (16971, 1), (16994, 1), (17007, 2), (1727, 1), (17031, 1), (17067, 2), (17123, 1), (17152, 3), (17198, 1), (17203, 2), (1751, 10), (17290, 2), (17311, 1), (17329, 1), (17342, 1), (17367, 1), (1766, 2), (17445, 1), (17466, 3), (17481, 1), (17483, 2), (1773, 1), (17506, 3), (17519, 1), (17546, 1), (17559, 2), (181, 2), (17599, 6), (17613, 3), (17683, 1), (1790, 2), (17686, 8), (17699, 1), (17742, 1), (17750, 2), (17751, 1), (17757, 1), (17844, 1), (17865, 1), (17870, 2), (17917, 1), (17939, 1), (17994, 1), (18017, 1), (18021, 1), (18027, 1), (18054, 1), (18073, 1), (18116, 1), (1833, 1), (18128, 1), (18134, 1), (18138, 1), (18183, 3), (18197, 1), (18288, 4), (18291, 2), (18309, 1), (18342, 2), (18354, 1), (18367, 4), (18371, 1), (18444, 1), (18448, 1), (2052, 5), (2054, 1), (2082, 5), (2083, 1), (2157, 2), (2159, 1), (2252, 5), (2254, 1), (2835, 1), (2836, 1), (2957, 2), (2960, 1), (4409, 1), (4410, 2), (4895, 1), (4896, 5), (5956, 6), (5957, 1), (6760, 1), (6761, 1), (8234, 1), (8235, 1), (8459, 1), (8460, 2), (8781, 1), (8782, 1), (9063, 1), (9066, 1), (89, 4), (90, 1), (11161, 1), (11162, 1), (11897, 3), (11898, 1), (12094, 1), (12096, 1), (14905, 1), (14907, 1), (14927, 1), (1540, 6), (1541, 1), (15043, 1), (1720, 2), (1721, 1), (17765, 2), (17766, 1), (18372, 1), (18374, 2)
mada (DF: 2): (13990, 2), (16209, 2)
madad (DF: 1): (10833, 1)
madadaanang (DF: 1): (10818, 1)
madadaig (DF: 1): (14250, 1)
madadala (DF: 1): (8768, 1)
madadapa (DF: 1): (8768, 1)
madaf (DF: 1): (14260, 1)
madafack (DF: 1): (14260, 1)
madaga (DF: 1): (1196, 1)
madagasc (DF: 1): (10418, 2)
madagascar (DF: 1): (16753, 1)
madala (DF: 4): (4910, 1), (871, 2), (11710, 1), (15804, 1)
madam (DF: 11): (2567, 1), (3453, 1), (5055, 8), (8198, 1), (8574, 1), (11060, 1), (13307, 1), (13597, 1), (15823, 1), (16507, 1), (16820, 1)
madama (DF: 1): (5932, 1)
madan (DF: 1): (5978, 1)
madapa (DF: 2): (8768, 1), (16246, 3)
madaragdagan (DF: 1): (18247, 1)
madcap (DF: 1): (13597, 1)
madch (DF: 8): (198, 1), (3067, 1), (3212, 3), (681, 1), (7373, 1), (10860, 1), (12760, 1), (14419, 1)
madchenherz (DF: 1): (3212, 1)
madchenleib (DF: 1): (3212, 5)
madcon (DF: 2): (8457, 1), (14257, 1)
madd (DF: 1): (8780, 2)
maddafukka (DF: 1): (2152, 2)
madden (DF: 8): (2500, 1), (2563, 1), (2820, 1), (4478, 2), (1249, 1), (12777, 1), (13803, 1), (17612, 1)
madder (DF: 1): (2586, 1)
