goddamn (DF: 157): (4937, 1), (4972, 1), (486, 2), (5150, 1), (5267, 1), (5286, 1), (5510, 2), (5514, 1), (5552, 1), (5627, 2), (5641, 1), (5773, 1), (5837, 1), (5907, 1), (5934, 2), (6087, 1), (6253, 1), (6350, 1), (6428, 7), (6478, 2), (6569, 1), (6573, 1), (7217, 4), (7237, 1), (7250, 1), (7266, 4), (7473, 1), (7492, 4), (7654, 1), (7661, 5), (7874, 1), (72, 1), (7892, 1), (7901, 2), (7944, 1), (8004, 1), (8032, 1), (8367, 2), (8433, 1), (8669, 1), (8764, 2), (8842, 1), (8860, 2), (9256, 1), (9262, 1), (9322, 1), (9493, 3), (9520, 2), (9567, 2), (9633, 1), (9670, 2), (9694, 7), (9713, 1), (994, 1), (9833, 7), (9881, 10), (1010, 1), (10044, 1), (10102, 1), (1031, 1), (1032, 1), (10295, 1), (10421, 1), (10606, 1), (10696, 1), (10879, 1), (11135, 1), (1150, 6), (11268, 1), (11295, 1), (11313, 13), (11329, 1), (11432, 1), (11663, 1), (11709, 7), (11757, 1), (11797, 1), (11805, 1), (11825, 1), (11831, 2), (11864, 1), (11898, 1), (11942, 1), (1224, 3), (12061, 1), (12132, 1), (12150, 2), (1243, 1), (12213, 1), (12237, 1), (12283, 2), (12373, 1), (12514, 1), (12575, 2), (12578, 1), (12627, 1), (12636, 4), (12843, 3), (12998, 4), (13111, 1), (13181, 2), (13222, 3), (13473, 1), (13543, 1), (13680, 1), (13787, 1), (13909, 1), (13925, 2), (13965, 1), (14038, 1), (14055, 1), (14228, 1), (14255, 2), (14320, 1), (14337, 6), (14355, 1), (14383, 2), (14479, 2), (14502, 4), (14598, 2), (14628, 1), (14800, 3), (14835, 3), (1531, 1), (15033, 2), (15063, 1), (15089, 1), (15313, 1), (15329, 9), (15339, 2), (15916, 3), (16022, 1), (16059, 3), (1648, 14), (16135, 3), (16300, 1), (16771, 3), (16857, 1), (16869, 13), (16913, 1), (17043, 4), (17093, 1), (17272, 3), (17299, 1), (17319, 1), (17481, 1), (17626, 1), (182, 1), (17761, 2), (17813, 2), (18082, 1), (18150, 4), (18152, 1), (18179, 1), (18309, 1), (5234, 1), (5237, 2)
goddamnit (DF: 6): (692, 2), (7789, 1), (12295, 1), (12895, 2), (14670, 4), (14757, 1)
goddang (DF: 1): (2174, 1)
goddard (DF: 1): (9230, 2)
goddess (DF: 36): (2277, 1), (2907, 2), (2960, 1), (3235, 2), (3526, 1), (3923, 1), (404, 2), (5120, 1), (5327, 1), (7006, 1), (7045, 1), (7063, 1), (714, 2), (7645, 1), (7776, 1), (8487, 2), (8841, 2), (9614, 1), (9783, 1), (9799, 1), (10014, 1), (10590, 1), (12118, 1), (12729, 1), (12752, 1), (13525, 2), (13751, 1), (14792, 1), (15343, 2), (15752, 1), (16200, 1), (16406, 1), (16797, 1), (16916, 1), (17518, 2), (1877, 1)
goddi (DF: 1): (2192, 1)
gode (DF: 1): (10543, 1)
godfath (DF: 16): (2357, 1), (3363, 1), (3991, 1), (5983, 1), (6137, 1), (6835, 1), (8496, 1), (10545, 1), (11130, 1), (11212, 1), (11229, 1), (12000, 1), (1436, 1), (15108, 2), (15823, 1), (17141, 3)
godforsaken (DF: 2): (4119, 1), (1562, 2)
godi (DF: 1): (1136, 1)
godiss (DF: 1): (8210, 1)
godiva (DF: 2): (13600, 1), (17507, 1)
godless (DF: 5): (3103, 2), (6177, 1), (636, 1), (12436, 1), (1804, 1)
godli (DF: 3): (693, 1), (17442, 1), (1856, 1)
godlik (DF: 1): (11351, 1)
godmama (DF: 1): (2174, 1)
godnat (DF: 1): (10543, 1)
godsent (DF: 1): (11369, 1)
godsmack (DF: 8): (2980, 1), (4220, 1), (9614, 1), (9799, 2), (9835, 1), (9918, 2), (11501, 1), (15717, 2)
godson (DF: 7): (5686, 1), (7988, 1), (11357, 1), (13232, 1), (15411, 1), (16688, 1), (18224, 1)
godspe (DF: 1): (7261, 3)
godt (DF: 13): (229, 2), (3591, 5), (4425, 1), (4991, 2), (7077, 1), (10050, 1), (10543, 4), (11364, 4), (11953, 8), (13626, 2), (13659, 1), (16208, 1), (16525, 5)
godzill (DF: 2): (2183, 1), (15913, 5)
godzilla (DF: 6): (3680, 1), (5082, 1), (11295, 1), (12884, 1), (1635, 1), (17331, 16)
godzin (DF: 3): (3744, 2), (16848, 1), (17210, 1)
godzina (DF: 1): (7313, 1)
godzinach (DF: 1): (16366, 1)
godzini (DF: 2): (10138, 1), (15698, 1)
goe (DF: 57): (1908, 1), (1911, 1), (1971, 1), (2081, 1), (204, 1), (2102, 1), (2110, 3), (2120, 9), (2135, 2), (2166, 2), (2174, 2), (2177, 6), (2182, 1), (2198, 2), (2216, 1), (2232, 1), (220, 1), (2276, 1), (2296, 1), (2301, 4), (2305, 1), (2311, 1), (2360, 1), (2380, 1), (2395, 1), (2410, 3), (2444, 1), (2455, 4), (2462, 2), (2492, 1), (2512, 1), (2533, 9), (2559, 2), (2576, 1), (2635, 1), (2652, 2), (2735, 1), (2750, 2), (267, 2), (2795, 1), (2800, 1), (2811, 8), (2864, 2), (2867, 1), (2899, 1), (2909, 18), (2927, 1), (2964, 1), (3018, 1), (3024, 1), (3039, 8), (3041, 1), (3077, 1), (3116, 1), (299, 1), (3201, 1), (3216, 1)
