sky (DF: 210): (17389, 3), (17392, 2), (17429, 4), (17440, 2), (1768, 1), (17469, 1), (17475, 1), (17507, 4), (17510, 8), (17515, 10), (17562, 2), (17628, 3), (17657, 1), (17697, 1), (17701, 1), (17736, 14), (17784, 1), (17804, 16), (17806, 4), (17811, 1), (17832, 1), (17835, 1), (17841, 1), (17843, 1), (17862, 6), (1804, 1), (17866, 1), (17878, 2), (17884, 1), (1808, 3), (17932, 1), (17962, 15), (17965, 1), (17988, 2), (17995, 1), (18033, 2), (18034, 1), (18052, 2), (18056, 4), (18067, 1), (1827, 2), (18082, 1), (18095, 4), (18109, 1), (1833, 1), (18140, 1), (18160, 1), (18171, 1), (18173, 2), (18176, 1), (18205, 1), (18214, 2), (18238, 1), (18260, 2), (18284, 2), (18287, 1), (18311, 2), (18314, 1), (18320, 1), (18322, 1), (18332, 3), (18337, 4), (18345, 1), (18350, 1), (18354, 1), (18367, 5), (18372, 1), (18383, 1), (1853, 8), (18395, 1), (18433, 1), (189, 1), (1876, 3), (1950, 1), (1951, 2), (2135, 1), (2138, 14), (2310, 1), (2311, 1), (2483, 4), (2484, 1), (2578, 1), (2579, 1), (2858, 2), (2859, 1), (2884, 1), (2886, 2), (2910, 1), (2911, 1), (2947, 2), (2950, 1), (3038, 2), (3040, 1), (3136, 2), (3137, 1), (3566, 4), (3567, 2), (3958, 1), (3959, 2), (4321, 2), (4323, 3), (4509, 1), (4513, 2), (4697, 12), (4698, 1), (5305, 2), (5306, 1), (5629, 8), (5630, 2), (5720, 3), (5721, 1), (5927, 3), (5928, 12), (6065, 1), (6066, 1), (6210, 3), (6211, 3), (6415, 2), (6417, 3), (720, 1), (721, 1), (7363, 1), (7365, 4), (7393, 1), (7394, 1), (763, 37), (764, 1), (8280, 1), (8283, 1), (8887, 1), (8888, 1), (9684, 3), (9685, 1), (93, 3), (95, 1), (1006, 15), (1007, 1), (9989, 2), (9990, 3), (10127, 1), (10130, 1), (10162, 1), (10163, 3), (10391, 1), (10392, 1), (10971, 1), (10973, 1), (11344, 1), (11345, 1), (11645, 3), (11646, 1), (11965, 2), (11966, 1), (12940, 1), (12941, 2), (12974, 1), (12976, 8), (12979, 1), (12980, 22), (13234, 1), (13235, 1), (13357, 4), (13358, 1), (1370, 1), (1371, 1), (13651, 2), (13653, 1), (13877, 1), (13879, 2), (147, 1), (148, 6), (14442, 3), (14443, 2), (1487, 1), (1488, 1), (14815, 2), (14816, 2), (15023, 23), (15025, 6), (15118, 8), (15121, 1), (15383, 1), (15385, 5), (15828, 1), (15829, 1), (16415, 1), (16417, 1), (16482, 4), (16483, 3), (16836, 1), (16837, 2), (17449, 1), (17450, 1), (17615, 1), (17616, 1), (17918, 1), (17919, 3), (18180, 1), (18182, 1), (1873, 4), (1874, 1), (3054, 1), (3056, 1), (3057, 1), (5188, 2), (5189, 1), (5190, 1), (5371, 2), (5372, 1), (5373, 6)
sky99 (DF: 1): (11166, 1)
skybox (DF: 1): (646, 1)
skybreak (DF: 1): (12482, 4)
skydiv (DF: 1): (17218, 1)
skydivin (DF: 1): (8496, 1)
skydwel (DF: 1): (11778, 1)
skye (DF: 1): (14338, 1)
skyfield (DF: 1): (5215, 2)
skyggekryb (DF: 1): (7077, 4)
skylar (DF: 6): (6471, 1), (7144, 1), (14238, 1), (15834, 1), (1690, 1), (18066, 2)
skylark (DF: 4): (189, 1), (7352, 1), (802, 1), (8300, 1)
skyld (DF: 1): (7077, 1)
skylder (DF: 1): (413, 1)
skylight (DF: 2): (4764, 1), (11961, 1)
skylin (DF: 31): (2322, 1), (3134, 3), (3984, 1), (4177, 1), (5725, 1), (5902, 1), (6316, 1), (6350, 1), (6555, 5), (6891, 1), (7264, 5), (7800, 8), (8011, 1), (864, 1), (8869, 1), (933, 5), (9509, 1), (10218, 6), (10460, 1), (11116, 1), (11903, 2), (12951, 23), (14024, 3), (14343, 8), (14867, 4), (15038, 1), (15386, 1), (15584, 1), (15714, 1), (16194, 1), (16574, 1)
skynyrd (DF: 34): (2046, 1), (3397, 2), (3532, 1), (3831, 1), (4254, 1), (4535, 1), (5078, 1), (5992, 1), (617, 1), (6325, 1), (6431, 1), (7216, 2), (7556, 2), (9992, 1), (10024, 1), (11339, 1), (11528, 1), (11586, 2), (11792, 1), (12232, 1), (12444, 1), (13298, 1), (1372, 2), (15115, 1), (15366, 1), (16669, 1), (16705, 2), (1722, 1), (17236, 1), (17324, 1), (17339, 2), (17510, 1), (18095, 2), (1873, 1)
skype (DF: 3): (3237, 2), (9838, 2), (15671, 1)
skyrim (DF: 1): (11231, 1)
skyrocket (DF: 1): (11232, 1)
skyscrap (DF: 13): (3079, 6), (3161, 1), (4716, 6), (642, 1), (7133, 1), (9092, 1), (9900, 10), (10140, 1), (14115, 1), (1448, 3), (16816, 5), (17826, 1), (1856, 1)
skyscrapin (DF: 2): (3288, 1), (11737, 1)
skytech (DF: 1): (2725, 2)
skytt (DF: 1): (16444, 2)
skywalk (DF: 4): (4053, 2), (4490, 1), (9549, 1), (17968, 1)
skywalkin (DF: 1): (13855, 4)
skyward (DF: 1): (13519, 1)
skyy (DF: 1): (13717, 12)
skór (DF: 1): (16860, 1)
skóra (DF: 2): (250, 1), (7356, 1)
skóri (DF: 1): (8452, 6)
skórzani (DF: 1): (10138, 1)
skønheden (DF: 1): (6674, 1)
skøre (DF: 1): (10050, 1)
sl (DF: 6): (3048, 2), (3108, 1), (5206, 3), (583, 1), (14419, 1), (15093, 1)
