despues (DF: 154): (4434, 3), (4515, 1), (4560, 1), (4702, 1), (4908, 2), (4961, 4), (5022, 1), (5174, 4), (5198, 1), (5363, 2), (5475, 12), (5512, 2), (5647, 2), (5768, 1), (5945, 1), (5973, 1), (6041, 1), (6205, 2), (6239, 1), (6438, 7), (6862, 1), (6884, 1), (6974, 1), (7016, 2), (7415, 2), (7501, 2), (7508, 1), (7632, 1), (7863, 2), (8091, 1), (8205, 1), (8218, 3), (8242, 1), (8329, 2), (8415, 4), (851, 6), (8466, 3), (8719, 2), (891, 3), (8758, 1), (8792, 1), (8817, 1), (8882, 6), (9001, 1), (9060, 6), (9302, 1), (9431, 1), (9469, 1), (9580, 2), (9682, 2), (996, 1), (9792, 1), (9818, 1), (9887, 1), (9974, 1), (10209, 3), (10418, 4), (10513, 2), (10530, 4), (109, 2), (1079, 1), (10676, 1), (10728, 1), (10793, 6), (10838, 2), (10899, 2), (11068, 1), (11141, 7), (11312, 1), (11317, 1), (11464, 2), (11540, 2), (11558, 1), (11620, 4), (11696, 1), (11840, 1), (12092, 1), (12219, 1), (12297, 3), (12397, 3), (12403, 1), (12421, 1), (12686, 28), (12723, 9), (12852, 1), (12949, 3), (13034, 1), (13107, 1), (13117, 2), (13141, 3), (13369, 2), (13416, 1), (13442, 1), (13484, 3), (13694, 1), (13754, 1), (1398, 4), (13793, 2), (13935, 1), (1422, 1), (14085, 1), (14106, 1), (14311, 6), (14322, 1), (14331, 1), (14444, 4), (1478, 3), (14512, 2), (14579, 7), (14627, 1), (1524, 2), (15006, 1), (15051, 4), (15169, 2), (15204, 1), (15208, 1), (15290, 3), (15349, 1), (15598, 1), (15678, 1), (15686, 1), (15719, 1), (15884, 2), (15922, 2), (1631, 1), (15993, 1), (16013, 2), (16230, 2), (16295, 2), (16373, 3), (16439, 3), (16528, 1), (16740, 4), (16820, 1), (16845, 1), (16885, 1), (16940, 1), (16968, 4), (17097, 4), (17131, 1), (1740, 21), (17202, 1), (17255, 2), (17403, 1), (17407, 2), (17566, 2), (17706, 1), (17961, 1), (17975, 1), (18043, 4), (18050, 4), (1826, 3), (1842, 1), (18321, 1)
desquici (DF: 1): (17671, 1)
desquit (DF: 8): (5525, 8), (5541, 1), (9225, 1), (982, 2), (11433, 1), (11741, 1), (1668, 2), (17260, 1)
dess (DF: 25): (2631, 3), (2651, 2), (2839, 1), (3007, 2), (3364, 7), (6983, 8), (8052, 1), (8938, 1), (9223, 3), (9391, 3), (9876, 1), (1183, 1), (11979, 1), (14182, 1), (14511, 2), (14580, 1), (15605, 1), (16353, 4), (16533, 2), (16738, 1), (16850, 2), (17397, 4), (18163, 6), (18271, 2), (18397, 2)
dessa (DF: 24): (2711, 1), (2839, 1), (3215, 1), (3692, 2), (5011, 1), (5860, 1), (7563, 1), (8858, 1), (8989, 1), (9637, 1), (9860, 1), (9876, 2), (9981, 2), (10080, 2), (10427, 14), (10679, 1), (1183, 3), (13078, 1), (14095, 2), (15274, 1), (15605, 1), (17551, 2), (18166, 13), (18271, 2)
dessert (DF: 9): (200, 1), (3178, 1), (4243, 1), (10785, 1), (121, 1), (12118, 1), (14732, 1), (14850, 1), (16146, 6)
dessin (DF: 1): (13096, 2)
dessus (DF: 8): (3909, 2), (4308, 1), (4614, 1), (637, 1), (649, 1), (12323, 1), (13096, 3), (16898, 1)
destac (DF: 1): (9410, 1)
destap (DF: 10): (577, 1), (6251, 1), (6810, 5), (9302, 1), (9536, 1), (12661, 1), (13714, 1), (13967, 1), (16990, 1), (17059, 3)
destaqu (DF: 2): (9355, 1), (1677, 1)
destell (DF: 6): (216, 1), (3421, 1), (4799, 1), (9756, 2), (10400, 1), (11726, 1)
destierr (DF: 1): (1724, 1)
destil (DF: 4): (3890, 2), (10651, 1), (12, 2), (18145, 1)
destilado (DF: 1): (9860, 1)
destillat (DF: 1): (16644, 3)
destin (DF: 93): (1927, 2), (1993, 32), (2004, 1), (203, 1), (2150, 3), (220, 1), (2432, 1), (2467, 2), (2529, 2), (2552, 1), (269, 1), (2896, 1), (3070, 4), (3079, 2), (3214, 1), (3283, 2), (3403, 2), (3479, 1), (342, 1), (3572, 3), (3588, 2), (362, 1), (3727, 1), (3776, 1), (3790, 1), (4131, 2), (4162, 2), (432, 1), (4540, 1), (4603, 1), (4659, 1), (4780, 1), (479, 3), (4948, 1), (5106, 1), (5228, 1), (5480, 1), (568, 5), (5792, 1), (5851, 1), (5876, 4), (5905, 1), (5946, 2), (5995, 1), (609, 2), (6366, 8), (6588, 6), (6626, 3), (6705, 1), (7108, 1), (7172, 2), (7326, 9), (7349, 1), (746, 1), (7508, 1), (7551, 1), (7782, 2), (7879, 4), (8165, 2), (8182, 1), (8203, 1), (8383, 1), (8518, 1), (8559, 1), (8570, 1), (8583, 1), (8691, 2), (899, 1), (8805, 3), (8922, 26), (9001, 3), (9090, 1), (9225, 2), (9366, 6), (9409, 2), (9609, 2), (9803, 2), (10162, 1), (10224, 1), (10300, 1), (10315, 1), (10382, 1), (10438, 1), (1080, 1), (10705, 3), (1098, 1), (10767, 1), (10982, 2), (11258, 6), (11391, 1), (11421, 1), (11438, 1), (11484, 7)
