skin (DF: 143): (1488, 1), (14585, 1), (1491, 1), (14612, 5), (14635, 1), (14661, 3), (14666, 2), (14731, 1), (14742, 1), (14789, 4), (14859, 1), (14980, 1), (1535, 2), (15080, 1), (15093, 1), (15097, 1), (15127, 4), (15189, 2), (15222, 1), (15242, 2), (15265, 1), (15291, 1), (1564, 1), (15311, 1), (15328, 1), (15357, 2), (15360, 8), (15366, 1), (15493, 1), (1588, 1), (15580, 1), (15631, 1), (15680, 1), (15776, 2), (15901, 4), (15937, 1), (15961, 1), (15972, 1), (1636, 1), (15979, 1), (1642, 1), (16026, 1), (16050, 6), (16159, 6), (16164, 1), (16176, 4), (16227, 1), (16233, 2), (16301, 1), (16339, 1), (16371, 2), (16375, 1), (16383, 4), (16423, 2), (16452, 2), (16489, 1), (16503, 1), (16589, 2), (16595, 1), (16597, 1), (16598, 2), (16601, 1), (16618, 2), (16681, 3), (16683, 1), (16798, 1), (1710, 1), (16815, 1), (16816, 1), (16831, 2), (16864, 1), (16964, 1), (1720, 1), (17009, 2), (17035, 1), (17037, 1), (17057, 1), (17066, 1), (17093, 1), (17105, 1), (17110, 2), (17186, 1), (17248, 6), (17272, 1), (17288, 6), (17313, 1), (1764, 1), (17419, 2), (17428, 1), (17436, 1), (17461, 1), (17547, 1), (17556, 1), (17567, 4), (17764, 4), (17773, 1), (17867, 1), (17869, 1), (17912, 1), (17925, 2), (18130, 1), (18180, 1), (18209, 1), (18230, 1), (18244, 2), (18260, 1), (18266, 1), (18270, 1), (1846, 1), (18318, 1), (18335, 1), (186, 2), (18378, 1), (1853, 4), (18396, 1), (1880, 2), (2348, 1), (2349, 1), (592, 3), (593, 1), (6352, 1), (6353, 1), (7605, 2), (7606, 3), (9077, 1), (9078, 1), (10462, 1), (10464, 1), (12520, 1), (12521, 1), (12612, 4), (12614, 1), (13543, 1), (13544, 4), (13998, 5), (13999, 1), (15831, 1), (15832, 1), (1874, 1), (1875, 1), (6904, 3), (6905, 2), (6906, 3)
skindeepskyhighheartwid (DF: 1): (12856, 2)
skiner (DF: 1): (7603, 1)
skinhead (DF: 2): (13522, 1), (16618, 1)
skinndid (DF: 1): (14460, 1)
skinner (DF: 2): (3527, 1), (16226, 6)
skinni (DF: 92): (1896, 1), (2004, 1), (2269, 1), (2833, 1), (2953, 1), (3270, 1), (3350, 1), (3510, 2), (4027, 1), (4100, 1), (4381, 1), (4844, 1), (5261, 1), (5467, 1), (5584, 1), (5810, 6), (5869, 8), (583, 1), (5957, 1), (6151, 1), (6443, 1), (7092, 3), (7238, 1), (7250, 1), (7554, 1), (8060, 1), (8071, 1), (8172, 1), (8376, 2), (8459, 1), (8489, 6), (8528, 1), (8547, 1), (8573, 6), (8592, 1), (8694, 1), (9009, 1), (9096, 1), (9105, 2), (9117, 1), (9231, 4), (9257, 1), (9481, 1), (9666, 1), (9831, 2), (10169, 1), (10459, 1), (10945, 1), (10993, 1), (1135, 1), (11293, 2), (11415, 9), (11475, 1), (11575, 1), (11660, 1), (11681, 1), (11748, 1), (1216, 1), (12209, 3), (1253, 1), (12553, 3), (12767, 4), (12886, 2), (13368, 1), (13645, 2), (13670, 1), (13951, 1), (14009, 1), (1436, 1), (1491, 1), (14805, 1), (14989, 1), (15093, 1), (15132, 1), (15295, 2), (15376, 6), (15417, 1), (15713, 1), (1608, 1), (16108, 1), (16138, 2), (16582, 3), (16674, 1), (16700, 1), (17504, 1), (181, 1), (17812, 3), (17881, 1), (17910, 12), (17993, 1), (18359, 1), (18450, 3)
skinnier (DF: 2): (4625, 1), (6300, 1)
skinny (DF: 7): (3048, 1), (5459, 6), (9575, 1), (10781, 1), (1112, 2), (14419, 1), (16701, 1)
skinnyjean (DF: 1): (12684, 1)
skint (DF: 2): (2198, 1), (6484, 1)
skip (DF: 115): (1904, 1), (2084, 1), (2178, 1), (2412, 1), (2566, 1), (3018, 1), (3068, 2), (3116, 1), (3484, 1), (3598, 1), (31, 1), (3845, 1), (4201, 6), (4354, 1), (4533, 1), (4552, 1), (4757, 3), (4833, 1), (4963, 1), (5006, 1), (48, 2), (5617, 1), (5907, 1), (6726, 1), (6920, 1), (7097, 1), (7443, 1), (7745, 2), (7798, 1), (7892, 1), (8026, 1), (8060, 1), (8296, 1), (8373, 12), (8413, 1), (8424, 3), (8583, 2), (872, 1), (8629, 1), (8662, 2), (8797, 1), (9116, 2), (9125, 2), (9240, 1), (9313, 1), (9333, 3), (9434, 1), (9670, 2), (9833, 1), (9849, 1), (9951, 1), (10227, 1), (10234, 1), (10746, 1), (11213, 1), (11451, 1), (11530, 1), (11636, 1), (11728, 1), (12000, 1), (12305, 1), (12484, 1), (12491, 3), (12580, 1), (12597, 2), (12659, 1), (12851, 1), (12944, 1), (13135, 1), (13139, 1), (13189, 1), (13500, 1), (13505, 3), (13590, 1), (13715, 1), (13797, 1), (14054, 2), (14183, 1), (14279, 1), (14316, 1), (1469, 1), (14456, 1), (14473, 2), (14789, 1), (14791, 1), (14845, 2), (15015, 1), (15211, 1), (15304, 1), (1599, 3), (15726, 2), (15800, 1), (15850, 1), (1626, 2), (15989, 1), (15999, 5), (1648, 2), (16236, 1), (172, 1), (1661, 1), (16411, 1), (16643, 1), (17049, 1), (17081, 2), (17377, 1), (17453, 1), (17480, 5), (17514, 1), (17561, 1), (18113, 1), (18121, 2), (18253, 1), (18391, 1), (7290, 2), (7291, 1)
skipass (DF: 1): (2116, 1)
