rebirth (DF: 6): (2906, 1), (8551, 3), (8833, 1), (9016, 1), (11269, 1), (1675, 2)
rebola (DF: 11): (2631, 1), (3007, 1), (3838, 1), (4357, 3), (5011, 1), (6804, 2), (9396, 4), (15898, 7), (16071, 2), (1659, 1), (16533, 2)
rebolado (DF: 2): (5719, 1), (6270, 1)
rebolando (DF: 7): (3007, 1), (3364, 1), (8858, 3), (1278, 2), (1415, 1), (16533, 2), (16798, 1)
rebolar (DF: 5): (2631, 1), (6500, 1), (7270, 1), (9812, 1), (9860, 4)
rebolo (DF: 1): (16071, 2)
rebolou (DF: 1): (17652, 3)
rebondira (DF: 1): (12323, 1)
reboot (DF: 7): (1919, 1), (4635, 1), (6903, 6), (12846, 1), (14228, 1), (17762, 1), (17826, 1)
reborn (DF: 17): (1906, 1), (3164, 1), (6374, 2), (8750, 1), (9081, 1), (947, 1), (11218, 9), (12296, 1), (12480, 1), (12549, 1), (12756, 1), (13431, 1), (14253, 1), (15687, 1), (16712, 1), (16869, 1), (17709, 1)
rebot (DF: 22): (1932, 6), (3080, 1), (3897, 2), (4780, 1), (5647, 1), (567, 3), (7773, 50), (8415, 4), (9070, 1), (10363, 1), (10780, 1), (11175, 2), (11240, 2), (11558, 1), (1241, 1), (1255, 2), (13437, 1), (14011, 6), (15948, 6), (16983, 1), (17403, 2), (17607, 2)
rebound (DF: 20): (2290, 2), (3020, 3), (382, 1), (3990, 1), (4918, 1), (5027, 2), (5083, 1), (5250, 2), (6443, 1), (7204, 1), (7952, 1), (9663, 3), (11273, 2), (131, 1), (13144, 4), (13512, 7), (13541, 1), (13901, 1), (15866, 1), (1767, 1)
rebreath (DF: 1): (10449, 3)
rebuild (DF: 10): (925, 1), (9617, 1), (1286, 2), (1344, 1), (13727, 1), (14577, 2), (14964, 3), (15324, 1), (16414, 2), (16849, 3)
rebuildin (DF: 1): (9875, 5)
rebuilt (DF: 1): (14101, 1)
rebuk (DF: 2): (4490, 1), (17934, 1)
rebukin (DF: 1): (9875, 5)
rebul (DF: 5): (7780, 1), (9872, 1), (10838, 2), (12351, 1), (12430, 3)
rebule (DF: 7): (4034, 1), (6001, 1), (7068, 1), (10866, 1), (11533, 1), (14172, 2), (18427, 1)
rebuler (DF: 2): (8506, 1), (13468, 2)
rebuli (DF: 1): (8846, 1)
rebusc (DF: 2): (891, 1), (1826, 1)
rebutt (DF: 2): (16156, 1), (1849, 1)
rebú (DF: 1): (6009, 1)
rec (DF: 17): (3068, 1), (4143, 1), (5035, 3), (5792, 1), (691, 1), (7019, 1), (858, 1), (9974, 1), (11212, 1), (11391, 1), (13138, 1), (14222, 1), (14510, 3), (1501, 1), (15062, 2), (16802, 4), (17043, 1)
recado (DF: 3): (8574, 2), (9812, 1), (15322, 1)
recal (DF: 81): (2154, 1), (2375, 1), (2403, 1), (2592, 1), (2919, 1), (3164, 1), (3707, 2), (3796, 1), (3871, 1), (4060, 1), (4061, 5), (408, 1), (4308, 1), (5286, 1), (5610, 1), (6072, 1), (6312, 1), (629, 1), (6350, 1), (6374, 2), (6563, 1), (6637, 1), (6790, 3), (6922, 1), (7005, 1), (7170, 2), (7197, 1), (718, 1), (721, 1), (734, 2), (7729, 1), (7981, 1), (7994, 1), (8246, 1), (8493, 1), (8521, 2), (9119, 1), (9167, 1), (9421, 1), (10309, 1), (1108, 1), (11455, 1), (11503, 2), (11544, 1), (1202, 4), (12071, 1), (12111, 2), (1242, 1), (12520, 1), (12679, 2), (12899, 1), (13224, 1), (13309, 1), (13459, 1), (13494, 1), (13567, 3), (13815, 2), (13849, 2), (14042, 1), (14047, 1), (14119, 2), (14465, 4), (14548, 3), (14693, 2), (15037, 1), (15339, 1), (15393, 2), (15811, 2), (16040, 3), (16563, 1), (16564, 1), (16598, 1), (16912, 1), (16930, 2), (17027, 1), (17394, 2), (17477, 1), (18124, 1), (1851, 4), (9339, 2), (9341, 1)
recalcada (DF: 1): (18271, 1)
recalcado (DF: 1): (5606, 1)
recalcul (DF: 1): (14767, 1)
recalqu (DF: 1): (7270, 1)
recam (DF: 1): (4799, 1)
recap (DF: 2): (1407, 1), (14156, 1)
recapacit (DF: 2): (3028, 1), (5852, 1)
recaping (DF: 1): (4189, 1)
recaptur (DF: 3): (5561, 1), (6951, 1), (18376, 1)
recarg (DF: 2): (4515, 1), (5655, 1)
recast (DF: 1): (8750, 1)
recayd (DF: 10): (213, 1), (6844, 1), (9494, 1), (9838, 1), (11200, 2), (11504, 1), (12348, 1), (15322, 1), (16035, 1), (17899, 1)
receb (DF: 1): (7270, 1)
recebendo (DF: 3): (7270, 1), (11132, 7), (13710, 1)
recebo (DF: 2): (2711, 1), (11132, 1)
reced (DF: 3): (4618, 2), (5136, 2), (12753, 6)
receio (DF: 1): (5859, 4)
receipt (DF: 17): (2038, 1), (2522, 2), (3075, 1), (3432, 5), (3780, 2), (4267, 1), (6442, 1), (7083, 1), (8373, 3), (8575, 1), (10658, 1), (12283, 2), (14598, 2), (14646, 2), (14670, 1), (15631, 1), (15916, 1)
receiv (DF: 14): (1888, 1), (1957, 2), (2246, 1), (2562, 1), (2672, 1), (2988, 1), (3055, 20), (3156, 1), (3266, 1), (3271, 1), (3371, 1), (3805, 1), (3912, 1), (4082, 6)
