trat (DF: 58): (1379, 2), (13672, 6), (13982, 1), (14011, 4), (14063, 1), (14124, 1), (1441, 2), (14215, 1), (14222, 1), (14389, 1), (14390, 1), (14512, 4), (14600, 1), (14602, 4), (14825, 1), (14856, 1), (14956, 4), (15031, 1), (15157, 1), (15169, 1), (15224, 2), (15415, 1), (15587, 2), (15657, 2), (15868, 2), (15939, 2), (16034, 2), (1652, 3), (16230, 2), (16253, 1), (16293, 3), (16373, 2), (16437, 3), (16439, 1), (16462, 1), (1677, 2), (16711, 1), (16715, 1), (16759, 1), (16968, 8), (16973, 2), (16983, 1), (17064, 1), (17202, 1), (1752, 1), (17418, 1), (17525, 1), (17573, 1), (17623, 1), (17658, 2), (17735, 1), (17896, 3), (1810, 4), (18000, 1), (18046, 3), (18151, 1), (18222, 1), (1878, 2)
trata (DF: 2): (16645, 1), (16798, 1)
tratam (DF: 2): (2354, 17), (444, 2)
tratamento (DF: 1): (7211, 2)
tratando (DF: 1): (3955, 1)
tratandot (DF: 1): (16998, 1)
tratars (DF: 1): (439, 1)
tratart (DF: 4): (2648, 1), (724, 1), (11610, 1), (17747, 1)
trate (DF: 1): (15617, 1)
tratem (DF: 1): (4361, 2)
trato (DF: 4): (1171, 1), (12127, 3), (13307, 3), (16264, 2)
tratt (DF: 4): (4086, 2), (9222, 2), (14778, 1), (17487, 1)
tratten (DF: 2): (3316, 1), (5821, 1)
trattenermi (DF: 1): (16565, 1)
trattenerti (DF: 1): (16565, 1)
tratti (DF: 1): (11419, 1)
tratto (DF: 1): (358, 1)
trau (DF: 5): (5559, 1), (778, 1), (8098, 1), (8999, 1), (14153, 1)
traub (DF: 3): (3984, 1), (681, 1), (11538, 1)
trauertag (DF: 1): (15536, 1)
traum (DF: 22): (2100, 2), (2194, 2), (3409, 1), (3849, 1), (397, 1), (4210, 1), (6208, 1), (6748, 1), (8311, 2), (9652, 2), (9788, 4), (10215, 1), (10719, 5), (10958, 1), (11521, 1), (12642, 1), (12872, 1), (13012, 1), (15517, 1), (16777, 1), (1736, 1), (1771, 3)
trauma (DF: 20): (1964, 1), (3186, 1), (4641, 1), (5695, 1), (5876, 4), (6788, 1), (7926, 2), (8121, 1), (9668, 1), (10792, 1), (10945, 1), (118, 1), (13385, 1), (13451, 2), (139, 5), (13546, 8), (1404, 5), (14800, 2), (1607, 1), (16543, 1)
traumat (DF: 14): (2896, 1), (3152, 2), (3807, 2), (5252, 1), (8550, 1), (10162, 1), (10298, 4), (10357, 1), (12035, 1), (15912, 1), (17240, 1), (17850, 2), (18013, 4), (18311, 1)
traumatisiert (DF: 1): (11552, 1)
traumatisk (DF: 1): (7077, 4)
traumhaft (DF: 1): (11521, 1)
traumhaus (DF: 1): (10958, 1)
traumlederjack (DF: 1): (2881, 1)
traurig (DF: 1): (4876, 2)
traust (DF: 1): (14690, 2)
traut (DF: 1): (4876, 2)
trav (DF: 5): (2356, 1), (8256, 2), (8820, 1), (9196, 14), (16715, 1)
trava (DF: 2): (6500, 8), (13307, 2)
travail (DF: 4): (5703, 11), (13249, 22), (15456, 1), (17888, 1)
travaill (DF: 2): (349, 2), (6425, 1)
travando (DF: 1): (8363, 1)
travar (DF: 2): (1278, 2), (13307, 1)
travay (DF: 1): (8210, 4)
travel (DF: 143): (2010, 1), (203, 4), (2255, 1), (2267, 6), (239, 4), (2572, 1), (2664, 1), (2765, 1), (2841, 3), (2911, 2), (3068, 1), (3116, 2), (3138, 1), (3183, 1), (3233, 1), (3332, 1), (3363, 1), (3512, 6), (3607, 2), (3784, 1), (3791, 1), (3934, 2), (4028, 2), (4098, 2), (4239, 1), (4259, 1), (4280, 32), (4378, 8), (4461, 1), (4485, 4), (4487, 1), (4658, 1), (4722, 1), (4746, 2), (4806, 2), (4857, 1), (4868, 1), (4917, 1), (5066, 1), (5112, 1), (5195, 1), (531, 1), (5370, 1), (5572, 1), (5846, 1), (5899, 1), (5929, 2), (6061, 1), (6100, 1), (6121, 3), (6163, 2), (6247, 1), (6265, 1), (6367, 1), (6382, 1), (642, 1), (6516, 2), (6581, 2), (6607, 4), (6746, 1), (689, 1), (6969, 1), (7515, 2), (772, 2), (7647, 1), (7692, 2), (7715, 1), (7770, 1), (7907, 1), (7911, 1), (7973, 2), (8114, 2), (8150, 4), (8445, 1), (8451, 1), (8611, 5), (8695, 3), (8750, 1), (8775, 1), (8814, 2), (8903, 1), (921, 1), (923, 1), (9075, 2), (931, 1), (9167, 3), (9704, 1), (9723, 1), (9766, 2), (10119, 1), (10188, 1), (10251, 1), (10373, 1), (10386, 4), (10521, 1), (10733, 3), (10998, 1), (1132, 5), (11131, 1), (11210, 2), (11269, 1), (11531, 2), (11553, 1), (11721, 1), (11750, 1), (1200, 1), (11771, 2), (11933, 2), (12104, 1), (12119, 2), (12125, 1), (12193, 2), (12222, 8), (12278, 1), (12327, 12), (12382, 1), (12439, 3), (12866, 1), (12951, 1), (12983, 2), (13008, 1), (13092, 6), (13181, 2), (13278, 2), (1343, 1), (13438, 1), (13480, 1), (13532, 2), (13600, 3), (13615, 2), (13763, 1), (13786, 1), (13796, 1), (13884, 1), (13895, 1), (148, 1), (14178, 3), (14180, 2), (14185, 1), (14195, 1), (14502, 1), (14537, 1), (14578, 8)
