sanctum (DF: 1): (13769, 1)
sand (DF: 228): (1949, 1), (2049, 1), (2113, 2), (2117, 1), (2129, 1), (2227, 1), (2284, 4), (2300, 1), (2301, 1), (2305, 1), (2320, 1), (228, 1), (2360, 1), (2911, 1), (2942, 1), (2985, 1), (3012, 1), (3118, 1), (3160, 3), (3287, 1), (3327, 2), (338, 1), (3477, 5), (3541, 1), (3646, 2), (3721, 3), (31, 1), (3974, 1), (396, 4), (4069, 1), (408, 1), (4293, 3), (4401, 1), (4444, 1), (4933, 1), (5086, 1), (5195, 1), (5253, 1), (5328, 1), (5356, 1), (544, 1), (5685, 2), (5691, 1), (5701, 1), (566, 6), (5726, 3), (5773, 1), (5862, 1), (582, 2), (5880, 1), (600, 1), (6103, 2), (6124, 1), (6135, 1), (6163, 2), (6210, 1), (6316, 1), (6371, 1), (6381, 1), (6411, 3), (6490, 1), (6593, 1), (6620, 1), (6630, 2), (6653, 1), (6835, 1), (6920, 1), (7006, 1), (695, 2), (7050, 5), (7079, 1), (7107, 1), (7359, 1), (7363, 2), (7436, 1), (7439, 1), (7488, 1), (7523, 1), (7538, 1), (7558, 1), (7571, 2), (7583, 1), (7743, 3), (7745, 1), (7761, 2), (7816, 1), (7934, 1), (7945, 1), (8117, 1), (8122, 1), (8125, 1), (8453, 2), (8498, 1), (8587, 2), (8609, 1), (8684, 1), (8687, 1), (8838, 1), (8844, 1), (8895, 6), (8911, 1), (924, 1), (9063, 1), (9080, 1), (942, 1), (9276, 4), (9445, 1), (9563, 3), (9666, 1), (9852, 1), (9897, 3), (10040, 1), (10127, 2), (10154, 1), (10240, 1), (10263, 3), (10375, 1), (10377, 1), (10466, 2), (10586, 1), (10685, 1), (10744, 2), (10836, 3), (11023, 1), (11060, 4), (1149, 3), (11354, 1), (11360, 1), (11411, 2), (11423, 1), (11760, 1), (11789, 8), (11849, 1), (11872, 1), (11965, 4), (11976, 2), (12070, 1), (12294, 1), (1274, 2), (12575, 1), (12642, 1), (12666, 1), (12692, 1), (12729, 1), (12756, 1), (12867, 2), (1319, 1), (13108, 1), (13123, 1), (13217, 1), (13251, 1), (13290, 1), (13299, 1), (13343, 1), (13415, 1), (1358, 1), (13443, 1), (13536, 3), (13542, 1), (13678, 1), (13768, 1), (13833, 3), (13855, 1), (14148, 1), (1456, 1), (14262, 2), (14270, 1), (14276, 2), (14354, 3), (14387, 1), (14407, 2), (1477, 4), (14509, 1), (14560, 3), (1488, 2), (14571, 1), (14669, 6), (14730, 2), (15079, 1), (15276, 1), (15334, 1), (15340, 1), (15356, 1), (15435, 1), (15500, 1), (15664, 1), (15841, 1), (15946, 2), (16015, 2), (16050, 2), (16127, 1), (16149, 1), (16152, 2), (16182, 2), (16214, 1), (16227, 1), (16291, 3), (16473, 2), (16503, 1), (16508, 1), (1685, 1), (16601, 7), (16891, 1), (177, 1), (17051, 1), (17124, 2), (17160, 1), (17234, 1), (17337, 1), (17448, 1), (1771, 3), (1772, 3), (17567, 2), (17583, 4), (17599, 3), (17704, 1), (17723, 1), (17806, 1), (17843, 1), (17935, 1), (17940, 2), (17950, 1), (18292, 1), (18342, 1), (3405, 1), (3406, 1), (17653, 1), (17656, 4)
sandal (DF: 16): (2230, 1), (3521, 1), (3741, 1), (4379, 1), (5983, 1), (6040, 1), (6071, 1), (6225, 2), (7690, 1), (8571, 1), (10119, 1), (12453, 1), (1489, 6), (15018, 2), (15108, 2), (15778, 2)
sandalan (DF: 1): (1489, 1)
sandali (DF: 6): (0, 2), (8490, 1), (10227, 2), (13370, 1), (1489, 1), (14872, 3)
sandbag (DF: 1): (12159, 1)
sandeep (DF: 2): (5582, 1), (5830, 2)
sanden (DF: 1): (7428, 4)
sander (DF: 4): (2314, 1), (8032, 2), (9058, 1), (13628, 1)
sanderson (DF: 2): (7486, 1), (18422, 1)
sandevill (DF: 1): (2589, 1)
sandhu (DF: 2): (8534, 2), (9519, 1)
sandi (DF: 12): (2831, 1), (3850, 3), (4941, 1), (5195, 5), (5401, 1), (6571, 1), (7330, 1), (80, 1), (9576, 4), (11616, 1), (12038, 1), (16981, 1)
sandkast (DF: 1): (10215, 3)
sandman (DF: 8): (3327, 3), (7123, 2), (12294, 2), (12729, 1), (13542, 2), (17448, 2), (17746, 10), (18225, 4)
sandmann (DF: 1): (1771, 13)
sandokan (DF: 1): (18442, 1)
sandov (DF: 1): (17287, 2)
sandpit (DF: 1): (3456, 1)
sandra (DF: 4): (3451, 1), (3741, 1), (8383, 1), (12694, 1)
sandro (DF: 5): (9675, 1), (111, 1), (15712, 1), (16235, 1), (17157, 2)
sandstorm (DF: 3): (4919, 1), (5949, 2), (1336, 1)
sandstrom (DF: 1): (13038, 1)
sandung (DF: 17): (2306, 1), (3669, 1), (5945, 1), (6423, 2), (7068, 1), (9248, 1), (9652, 1), (9882, 1), (11404, 2), (12658, 4), (13416, 1), (13650, 1), (13830, 5), (13986, 3), (14314, 1), (17390, 2), (18222, 1)
sandunge (DF: 1): (13650, 1)
sandungue (DF: 5): (2306, 1), (2604, 1), (11404, 2), (11437, 1), (18222, 1)
sandunguer (DF: 3): (9248, 5), (13117, 4), (1519, 2)
sandunguera (DF: 1): (12539, 1)
sandungui (DF: 2): (2306, 1), (11404, 2)
sandwich (DF: 13): (2649, 1), (3206, 1), (3408, 1), (4982, 2), (510, 1), (5370, 1), (6531, 2), (7123, 1), (7770, 1), (8755, 1), (9704, 1), (9901, 1), (10596, 1)
