gs (DF: 6): (15612, 1), (17021, 1), (17043, 1), (17417, 1), (17630, 1), (18104, 2)
gseht (DF: 1): (14700, 1)
gsfor (DF: 1): (11942, 1)
gsi (DF: 2): (9833, 1), (1648, 2)
gsimagin (DF: 1): (7520, 1)
gsnah (DF: 1): (7745, 1)
gstell (DF: 1): (7000, 1)
gstraight (DF: 3): (4784, 3), (5489, 1), (10745, 1)
gt (DF: 9): (2356, 1), (5604, 1), (6543, 1), (9016, 4), (10468, 1), (11291, 2), (13667, 1), (15188, 1), (16703, 1)
gta (DF: 77): (192, 1), (1902, 1), (2234, 1), (2467, 1), (237, 1), (3252, 1), (3904, 1), (3987, 1), (4282, 1), (4289, 1), (4630, 1), (4708, 1), (5265, 1), (5494, 1), (6470, 1), (6576, 1), (6734, 1), (6777, 1), (6809, 1), (675, 1), (7425, 1), (7518, 1), (7855, 1), (7981, 1), (8027, 14), (821, 1), (8141, 1), (8397, 1), (8932, 2), (8985, 1), (9068, 1), (9368, 1), (9514, 1), (9522, 1), (10103, 1), (10153, 1), (10662, 1), (10745, 1), (11014, 1), (11015, 1), (11109, 1), (11469, 1), (11763, 1), (12173, 1), (12282, 1), (12815, 1), (13280, 1), (13366, 1), (13448, 1), (13565, 1), (13802, 1), (13841, 1), (13928, 1), (1440, 1), (14206, 1), (14352, 1), (14469, 1), (14764, 1), (14794, 1), (14970, 26), (15388, 1), (15730, 2), (15800, 1), (15813, 1), (15860, 1), (15905, 1), (15973, 1), (16032, 1), (16571, 1), (16639, 1), (17123, 1), (17410, 1), (17697, 1), (17730, 1), (17769, 1), (17897, 1), (18029, 1)
gtaif (DF: 1): (7745, 1)
gtb (DF: 1): (8795, 1)
gthe (DF: 4): (4668, 1), (669, 1), (9597, 1), (16128, 2)
gthey (DF: 3): (7189, 1), (1076, 1), (10622, 2)
gthink (DF: 1): (11929, 2)
gthug (DF: 1): (10916, 1)
gto (DF: 5): (2314, 4), (27, 2), (802, 1), (8124, 1), (10929, 1)
gtrr (DF: 1): (13321, 4)
gtv (DF: 1): (17219, 1)
gu (DF: 7): (3587, 2), (4686, 1), (4942, 2), (5801, 1), (7140, 1), (7313, 1), (7922, 1)
gua (DF: 9): (6889, 3), (8054, 1), (8143, 1), (9906, 1), (12256, 2), (14517, 4), (1485, 1), (17718, 4), (1800, 1)
guac (DF: 2): (7892, 1), (13370, 1)
guacamay (DF: 1): (7863, 1)
guacamol (DF: 1): (16144, 1)
guach (DF: 14): (2662, 3), (5218, 1), (7820, 1), (9334, 1), (9431, 1), (1022, 2), (10651, 4), (11356, 1), (11558, 1), (11911, 1), (14697, 1), (1501, 4), (16143, 2), (16850, 1)
guachi (DF: 1): (5696, 2)
guachin (DF: 1): (9540, 1)
guadagn (DF: 2): (4992, 1), (9671, 1)
guadalaj (DF: 2): (2967, 8), (7863, 1)
guadalajara (DF: 2): (2631, 1), (6606, 2)
guadaloops (DF: 1): (1788, 1)
guadalup (DF: 1): (17968, 1)
guadalupan (DF: 1): (14136, 1)
guag (DF: 1): (5050, 2)
guagu (DF: 6): (9185, 1), (1046, 2), (10781, 1), (1631, 1), (16578, 3), (17033, 1)
guaguanc (DF: 2): (9819, 2), (16420, 2)
guajir (DF: 4): (2108, 2), (2585, 2), (9492, 2), (17343, 1)
gual (DF: 1): (7319, 1)
guala (DF: 6): (2541, 13), (2563, 2), (5728, 1), (10083, 1), (1038, 6), (14438, 2)
guall (DF: 2): (10573, 4), (16345, 1)
guallal (DF: 1): (10573, 1)
guallote (DF: 1): (3916, 2)
guanc (DF: 1): (15707, 2)
guann (DF: 1): (6193, 1)
guant (DF: 7): (9368, 2), (11000, 2), (11175, 2), (13117, 2), (14488, 1), (16230, 4), (17803, 1)
guantanam (DF: 1): (1411, 1)
guantanamera (DF: 2): (4282, 2), (18157, 1)
guantanamo (DF: 3): (4868, 6), (10157, 1), (10731, 1)
guap (DF: 57): (2088, 1), (2164, 1), (2275, 1), (2316, 2), (2648, 1), (2656, 1), (2991, 6), (3401, 3), (28, 1), (342, 2), (365, 1), (4880, 1), (535, 4), (5461, 6), (5645, 1), (5728, 9), (577, 1), (6098, 1), (6220, 1), (6734, 1), (6751, 6), (7068, 1), (759, 1), (7900, 1), (8061, 1), (829, 4), (8830, 1), (9273, 1), (9536, 1), (9576, 2), (9833, 1), (10369, 1), (10986, 1), (11037, 2), (11543, 2), (12350, 1), (12661, 1), (12666, 1), (12698, 3), (12793, 1), (12843, 1), (14379, 2), (14539, 1), (14589, 3), (14624, 1), (14743, 1), (15313, 1), (15328, 1), (1572, 1), (15479, 1), (15524, 2), (15678, 1), (1648, 2), (16364, 2), (16417, 1), (17309, 1), (17961, 2)
guapa (DF: 3): (2476, 4), (6674, 1), (12843, 1)
guapach (DF: 1): (11404, 4)
guapdad (DF: 2): (15301, 2), (16077, 2)
guape (DF: 2): (13650, 1), (1519, 2)
guapi (DF: 1): (14884, 1)
guapit (DF: 1): (12574, 1)
guapo (DF: 3): (10115, 1), (12246, 2), (14970, 3)
guar (DF: 8): (1932, 4), (2488, 1), (813, 1), (13611, 2), (14627, 1), (15182, 2), (15424, 1), (17965, 3)
guaragua (DF: 4): (44, 1), (5341, 1), (13164, 1), (18132, 1)
guaran (DF: 1): (10651, 4)
guarante (DF: 2): (1916, 1), (197, 7)
