phoni (DF: 36): (10119, 1), (10404, 1), (10545, 1), (11291, 2), (121, 1), (11634, 1), (11785, 1), (12171, 2), (12539, 2), (12582, 1), (12636, 2), (12851, 1), (12936, 2), (13317, 1), (13331, 1), (13509, 1), (13522, 1), (13873, 1), (13937, 1), (13994, 1), (14001, 1), (14028, 1), (14093, 2), (14316, 1), (14732, 1), (14996, 1), (15371, 4), (16344, 1), (16466, 1), (16633, 1), (17417, 1), (17761, 1), (17810, 1), (18168, 1), (18198, 1), (1847, 1)
phonic (DF: 4): (7908, 1), (15028, 1), (15610, 1), (17603, 1)
phonik (DF: 4): (4044, 1), (8559, 1), (11830, 2), (16913, 1)
phont (DF: 1): (10545, 1)
phoria (DF: 1): (3415, 1)
phosphorus (DF: 1): (4459, 1)
phot (DF: 1): (11997, 3)
photo (DF: 59): (1913, 1), (2137, 1), (2254, 1), (2299, 1), (2330, 2), (3056, 1), (3909, 8), (3990, 2), (4269, 1), (4459, 1), (440, 1), (4874, 1), (4950, 4), (5334, 1), (5605, 2), (5711, 2), (5725, 1), (6375, 1), (6613, 1), (664, 1), (6704, 2), (7142, 1), (7328, 1), (8021, 6), (8614, 1), (9138, 1), (9426, 1), (9823, 3), (102, 1), (10562, 1), (10590, 3), (10675, 3), (10994, 1), (11306, 1), (11811, 1), (12068, 12), (12372, 1), (12729, 1), (12783, 1), (13435, 1), (13480, 1), (13541, 2), (13686, 1), (13817, 1), (13843, 6), (14804, 24), (14820, 1), (15965, 1), (1647, 1), (1688, 1), (16617, 1), (1717, 1), (17083, 1), (17206, 1), (17311, 2), (17351, 4), (17449, 1), (17521, 1), (17991, 1)
photobomb (DF: 1): (5086, 1)
photobooth (DF: 1): (2947, 2)
photocopi (DF: 2): (15291, 1), (17477, 1)
photogen (DF: 2): (10690, 2), (14533, 1)
photograph (DF: 50): (2696, 11), (2907, 4), (3259, 1), (3334, 7), (3366, 5), (5293, 1), (5327, 2), (5809, 1), (6253, 1), (636, 1), (6643, 2), (6876, 1), (7221, 1), (7328, 1), (7642, 1), (7855, 1), (7864, 2), (7913, 3), (7932, 1), (7940, 1), (8021, 3), (932, 1), (9925, 4), (10149, 1), (1075, 3), (10609, 1), (11009, 1), (11328, 1), (11450, 1), (11770, 2), (11819, 1), (123, 1), (11918, 1), (12213, 2), (13080, 1), (13751, 2), (13766, 1), (14302, 1), (14489, 1), (14529, 1), (14648, 5), (15172, 4), (15641, 1), (16144, 1), (16203, 1), (16572, 1), (17656, 4), (17737, 1), (17957, 1), (18190, 1)
photomaton (DF: 1): (7903, 1)
photos (DF: 2): (540, 1), (6886, 3)
photosensit (DF: 1): (2042, 1)
photoshoot (DF: 2): (9008, 1), (12097, 5)
photoshop (DF: 6): (7123, 1), (9781, 4), (12886, 2), (17100, 1), (17746, 5), (18225, 2)
photosynthesi (DF: 3): (7748, 1), (13662, 1), (16337, 1)
phrase (DF: 22): (2820, 1), (4199, 1), (5253, 1), (563, 1), (5815, 1), (5934, 2), (6847, 2), (7249, 1), (7282, 2), (7310, 1), (7634, 2), (8269, 1), (8274, 2), (8904, 1), (10330, 1), (10752, 1), (14006, 1), (14532, 1), (15085, 1), (1699, 1), (16912, 1), (1784, 1)
phresh (DF: 1): (9866, 1)
phrrr (DF: 1): (10648, 4)
phu (DF: 1): (7697, 1)
phull (DF: 2): (5535, 1), (5582, 1)
phum (DF: 2): (6439, 1), (15929, 2)
phunk (DF: 5): (5804, 1), (5951, 2), (6754, 1), (13393, 2), (17195, 2)
phutur (DF: 1): (9241, 2)
phyiscal (DF: 1): (12662, 4)
phys (DF: 2): (6114, 1), (11373, 2)
physco (DF: 1): (909, 1)
physic (DF: 74): (1928, 1), (2458, 1), (2856, 1), (3011, 15), (3075, 1), (3440, 6), (3472, 2), (3561, 1), (3633, 1), (3776, 3), (5019, 4), (490, 1), (5329, 1), (5349, 1), (5773, 1), (5789, 3), (5897, 4), (6024, 1), (6163, 1), (6392, 1), (6860, 18), (6913, 1), (7103, 1), (7690, 1), (7744, 1), (8154, 1), (8159, 1), (9135, 1), (9265, 1), (9274, 1), (9495, 1), (9708, 1), (10014, 1), (10076, 1), (10187, 4), (10406, 1), (10613, 2), (10687, 2), (11161, 1), (11212, 1), (11290, 1), (11438, 1), (1200, 1), (1206, 2), (11970, 1), (12044, 1), (12216, 6), (12781, 1), (13009, 1), (13166, 1), (1343, 1), (13285, 3), (1388, 1), (13686, 1), (13739, 1), (13872, 3), (14228, 1), (14516, 2), (14552, 3), (14717, 2), (15093, 1), (15194, 9), (15446, 2), (15632, 1), (15790, 1), (15866, 1), (15916, 1), (15929, 1), (16009, 4), (16043, 3), (16182, 1), (17028, 1), (17865, 1), (10614, 1)
physik (DF: 1): (17780, 1)
physiqu (DF: 6): (2355, 3), (6876, 3), (9794, 1), (12734, 1), (13797, 1), (1799, 3)
physisch (DF: 2): (13755, 1), (17630, 1)
phénomen (DF: 1): (4198, 2)
pi (DF: 27): (250, 1), (2733, 4), (3909, 2), (4016, 1), (4311, 1), (4855, 1), (5075, 1), (5436, 1), (6007, 4), (6441, 1), (6503, 3), (661, 1), (6678, 2), (6754, 1), (6819, 1), (6865, 1), (7071, 6), (7344, 1), (7607, 1), (7916, 6), (8452, 2), (8498, 1), (8717, 1), (908, 2), (9085, 16), (9162, 1), (9387, 11)
