toqu (DF: 22): (12984, 1), (13023, 4), (13369, 2), (13808, 1), (13930, 1), (1441, 1), (14329, 1), (15355, 36), (1631, 1), (16013, 2), (16074, 12), (16223, 1), (16345, 6), (16373, 3), (16528, 1), (16578, 3), (16593, 2), (16979, 1), (17115, 2), (17432, 1), (17650, 2), (18398, 2)
toquei (DF: 1): (15605, 1)
toquer (DF: 1): (53, 1)
tor (DF: 8): (2170, 1), (2498, 2), (3890, 1), (4387, 1), (6818, 1), (789, 1), (9516, 1), (14254, 1)
tora (DF: 2): (4747, 1), (14313, 1)
toradol (DF: 1): (8777, 3)
torawarenai (DF: 1): (10304, 1)
torb (DF: 2): (1197, 1), (16860, 1)
torba (DF: 3): (2050, 1), (7677, 2), (7916, 2)
torbellin (DF: 1): (8255, 1)
torbi (DF: 3): (6457, 1), (7344, 1), (7916, 7)
torc (DF: 5): (3569, 1), (444, 2), (4507, 1), (11576, 1), (15498, 1)
torcaz (DF: 1): (417, 1)
torch (DF: 36): (1891, 1), (2255, 1), (2906, 1), (3652, 1), (3999, 1), (4199, 1), (4350, 2), (4391, 2), (4547, 1), (4955, 1), (5093, 1), (5221, 8), (5251, 1), (7580, 3), (7964, 2), (7973, 1), (8235, 1), (8347, 1), (8822, 1), (9151, 1), (9471, 1), (9951, 1), (10265, 1), (10558, 1), (11902, 1), (12104, 1), (13231, 1), (13242, 1), (14589, 1), (15084, 1), (15190, 1), (16271, 1), (1664, 2), (16491, 1), (17902, 1), (18306, 1)
torchin (DF: 2): (5934, 2), (15328, 1)
tore (DF: 60): (1899, 1), (1995, 1), (2148, 1), (2516, 1), (2600, 4), (2706, 1), (2830, 4), (2896, 1), (3115, 1), (3317, 7), (3781, 1), (4353, 1), (4395, 4), (4620, 1), (636, 8), (642, 1), (6585, 1), (6857, 2), (7224, 1), (7448, 1), (7531, 1), (7599, 1), (7606, 4), (7778, 6), (7815, 1), (8885, 2), (9282, 3), (9416, 2), (9497, 2), (9590, 1), (9823, 1), (10110, 1), (10162, 1), (10511, 9), (10675, 1), (10681, 3), (10765, 1), (11332, 1), (12038, 1), (12066, 3), (12643, 2), (12823, 1), (13398, 1), (14163, 2), (15137, 1), (15154, 1), (15777, 1), (15891, 1), (16089, 1), (16215, 1), (16314, 1), (17616, 1), (17950, 3), (18011, 1), (1835, 1), (18267, 3), (18291, 1), (18352, 2), (18383, 1), (1860, 1)
toreb (DF: 1): (7916, 1)
torebka (DF: 1): (11977, 2)
toret (DF: 1): (8490, 26)
torett (DF: 1): (15335, 2)
tori (DF: 66): (1896, 1), (1972, 1), (2084, 1), (2174, 1), (2192, 1), (2256, 1), (2459, 1), (2595, 1), (318, 2), (4003, 1), (4046, 1), (4107, 1), (5024, 1), (536, 1), (6363, 1), (6382, 1), (6845, 1), (6885, 1), (6926, 1), (7214, 1), (7616, 1), (7768, 1), (7912, 1), (8040, 1), (8232, 1), (8870, 1), (8953, 1), (9689, 1), (1030, 1), (10237, 1), (10281, 1), (10358, 1), (10764, 1), (10816, 1), (11397, 1), (11705, 1), (11868, 1), (12021, 1), (12252, 1), (12479, 1), (12483, 1), (12868, 1), (1334, 4), (13516, 1), (13591, 2), (13643, 1), (13676, 3), (1391, 1), (13846, 1), (13848, 1), (14170, 1), (14262, 1), (14443, 1), (1498, 4), (15685, 1), (15865, 2), (16083, 1), (16084, 1), (16271, 1), (16473, 1), (16897, 1), (17126, 1), (17137, 3), (1799, 1), (17816, 2), (18027, 1)
torimaki (DF: 1): (11766, 1)
torino (DF: 1): (3545, 6)
torkeln (DF: 1): (11521, 1)
torment (DF: 30): (2108, 2), (2250, 1), (2681, 1), (333, 2), (3479, 1), (403, 1), (4207, 1), (4496, 1), (4520, 1), (5198, 1), (5454, 1), (6339, 1), (6534, 4), (764, 1), (7948, 1), (8817, 1), (9044, 1), (964, 1), (9660, 1), (9938, 1), (10047, 2), (10566, 1), (10705, 1), (12672, 1), (14208, 4), (14510, 1), (15054, 1), (15592, 1), (16468, 1), (17208, 3)
tormentor (DF: 2): (59, 1), (8177, 1)
torn (DF: 99): (2200, 1), (2549, 1), (2616, 1), (2987, 1), (3041, 2), (3047, 1), (314, 3), (3275, 2), (3295, 2), (337, 1), (3465, 12), (3491, 1), (368, 1), (4071, 1), (4100, 1), (432, 1), (438, 2), (4441, 1), (4620, 1), (4715, 3), (464, 1), (4873, 2), (5020, 4), (5071, 1), (5193, 1), (5245, 1), (5412, 3), (5422, 3), (5426, 1), (5439, 1), (5462, 10), (5579, 1), (5624, 38), (5767, 6), (6078, 1), (6212, 1), (6275, 1), (6315, 1), (6504, 2), (6691, 2), (7098, 3), (7437, 2), (7694, 3), (7837, 3), (7973, 1), (8105, 4), (823, 1), (8228, 1), (8264, 1), (8494, 1), (8513, 2), (8540, 1), (8609, 1), (8671, 3), (8742, 2), (913, 1), (8921, 1), (8937, 1), (9269, 1), (947, 1), (9287, 3), (9342, 1), (9420, 3), (9672, 1), (10000, 2), (10173, 1), (10290, 1), (1103, 2), (10882, 1), (11111, 2), (11134, 1), (11177, 1), (11201, 1), (11298, 1), (11314, 1), (11452, 1), (11812, 1), (11821, 2), (12080, 1), (12256, 1), (12584, 5), (12643, 2), (12644, 1), (12672, 1), (12695, 3), (12909, 1), (1344, 1), (13371, 3), (13435, 1), (13608, 1), (13697, 2), (13718, 2), (13757, 5), (13856, 1), (13964, 1), (14145, 1), (14315, 1), (14385, 5), (14389, 1)
