crack (DF: 214): (10016, 1), (1030, 1), (10173, 1), (10195, 1), (10234, 1), (10340, 2), (10370, 1), (10373, 2), (10511, 3), (10539, 1), (10571, 5), (10644, 1), (10672, 2), (10745, 1), (10773, 2), (1111, 1), (10871, 1), (10901, 4), (10927, 1), (10975, 1), (11004, 2), (11080, 2), (1136, 1), (11200, 1), (11219, 1), (11304, 1), (1157, 4), (11351, 2), (11357, 1), (11438, 2), (11462, 1), (11470, 1), (11575, 1), (11648, 1), (11658, 3), (11681, 1), (11683, 1), (11694, 6), (1196, 1), (11698, 1), (11728, 1), (1200, 1), (1202, 1), (11794, 1), (11848, 1), (11916, 2), (11932, 17), (12005, 1), (12038, 1), (12264, 1), (12267, 1), (12288, 1), (12295, 1), (1249, 1), (12369, 1), (12383, 4), (12414, 1), (12597, 2), (12602, 1), (12631, 2), (12718, 4), (12757, 1), (1299, 1), (12776, 1), (12822, 2), (12946, 1), (12971, 1), (12999, 1), (1319, 1), (13068, 1), (13154, 1), (13, 4), (13208, 1), (13214, 1), (13246, 1), (13315, 1), (13323, 1), (13328, 1), (137, 1), (13359, 1), (13364, 1), (13377, 2), (13394, 1), (13435, 1), (13492, 2), (1367, 1), (13522, 1), (13554, 2), (13597, 1), (13632, 1), (13685, 1), (13691, 2), (13696, 1), (13803, 1), (1412, 1), (14005, 2), (14019, 2), (14068, 1), (14070, 6), (14076, 1), (14165, 2), (14223, 2), (14229, 1), (14231, 2), (14245, 1), (14279, 1), (14321, 1), (14373, 1), (14393, 2), (14405, 1), (14418, 1), (1498, 3), (14711, 1), (14717, 2), (14718, 1), (14800, 1), (14907, 1), (14929, 5), (1536, 1), (15013, 2), (15048, 2), (15071, 1), (15080, 1), (15242, 2), (15250, 2), (159, 3), (15334, 1), (15378, 9), (15407, 1), (15461, 2), (15518, 2), (15583, 1), (15595, 1), (15620, 1), (15635, 1), (15675, 1), (15687, 2), (1608, 3), (15726, 2), (15745, 1), (15758, 1), (15788, 1), (15793, 1), (1622, 2), (15846, 1), (1626, 2), (15933, 2), (15937, 1), (15961, 4), (1635, 1), (15982, 1), (15988, 1), (16006, 2), (16039, 1), (16046, 1), (16109, 1), (16190, 1), (1656, 1), (16283, 1), (1661, 1), (16319, 1), (16355, 2), (16464, 1), (16518, 1), (1690, 1), (16597, 1), (16684, 1), (16703, 2), (16845, 1), (16868, 1), (1718, 2), (16981, 1), (16984, 5), (16986, 1), (17029, 1), (1732, 1), (17089, 1), (17144, 6), (17243, 1), (17257, 2), (17285, 1), (17377, 1), (17437, 1), (17505, 1), (17554, 1), (17606, 2), (17632, 1), (17651, 1), (17773, 1), (17809, 1), (17841, 1), (17892, 4), (17899, 1), (17925, 2), (17940, 2), (17987, 1), (18104, 1), (18170, 1), (18179, 1), (1845, 4), (18267, 1), (18342, 1), (18351, 1), (1856, 1), (2643, 1), (2644, 7), (3904, 2), (3905, 1), (5494, 1), (5495, 2), (8121, 1), (8122, 1), (17949, 1), (17950, 3)
cracka (DF: 3): (4341, 1), (15080, 1), (1766, 8)
crackbitch (DF: 3): (7411, 1), (13755, 2), (17630, 2)
cracker (DF: 36): (1919, 1), (2804, 2), (5503, 2), (5506, 1), (5715, 1), (6903, 6), (72, 1), (7901, 1), (8209, 1), (842, 1), (8528, 1), (8818, 1), (9324, 1), (9693, 1), (11265, 1), (11304, 1), (11575, 1), (12385, 9), (12442, 1), (12636, 2), (1304, 1), (13208, 1), (1343, 1), (14017, 1), (14055, 1), (14156, 1), (1469, 1), (14513, 1), (14716, 1), (14903, 1), (15080, 1), (159, 1), (15439, 1), (15933, 2), (17353, 1), (17761, 1)
crackhead (DF: 9): (5367, 2), (8395, 1), (8532, 1), (9130, 1), (11735, 1), (12104, 1), (1319, 1), (14006, 1), (16165, 1)
cracki (DF: 1): (3480, 1)
crackin (DF: 35): (2028, 2), (3232, 3), (3612, 1), (4165, 1), (4381, 1), (5743, 1), (5879, 1), (6164, 1), (6895, 1), (6937, 1), (7908, 1), (8496, 1), (8593, 1), (8731, 1), (9152, 3), (10883, 1), (11848, 1), (12989, 1), (1319, 1), (13040, 26), (13127, 3), (13231, 1), (13812, 1), (14452, 1), (14903, 1), (14975, 1), (14989, 1), (15144, 1), (15190, 1), (15383, 1), (15837, 7), (16238, 1), (17305, 1), (17769, 1), (18270, 1)
crackkuch (DF: 1): (14659, 1)
crackl (DF: 8): (3103, 1), (4067, 1), (6072, 1), (631, 1), (7998, 1), (8634, 2), (10164, 2), (17027, 1)
cracklin (DF: 1): (16155, 1)
crackpip (DF: 1): (3117, 1)
cradl (DF: 23): (0, 1), (2075, 2), (3183, 1), (3393, 6), (3642, 1), (4625, 4), (4958, 3), (6300, 4), (9528, 2), (9820, 1), (10553, 1), (10916, 1), (11283, 2), (11942, 1), (12478, 1), (12729, 1), (13896, 1), (15075, 6), (15457, 2), (16333, 1), (16620, 1), (4756, 1), (4758, 1)
craft (DF: 13): (5225, 1), (6265, 1), (6988, 1), (7580, 3), (7843, 1), (7973, 1), (813, 2), (8231, 1), (9054, 2), (12064, 2), (1329, 1), (16682, 2), (1856, 1)
crafti (DF: 2): (510, 1), (8133, 1)
craftmat (DF: 1): (12125, 1)
