vendett (DF: 1): (11812, 1)
vendetta (DF: 8): (4646, 1), (5294, 2), (6139, 1), (9527, 1), (9871, 2), (10269, 4), (14202, 3), (14687, 1)
vendicion (DF: 1): (13808, 1)
vendin (DF: 1): (5463, 1)
vendo (DF: 13): (3870, 1), (5959, 1), (6500, 1), (6844, 1), (8052, 1), (9637, 1), (9876, 1), (10700, 1), (13307, 1), (16071, 2), (16353, 1), (17649, 1), (18271, 2)
vendor (DF: 1): (17423, 1)
vendr (DF: 6): (2668, 1), (333, 2), (4666, 2), (9309, 5), (12042, 1), (14799, 1)
vendu (DF: 2): (4308, 1), (15161, 1)
vendôm (DF: 1): (14899, 1)
veneer (DF: 5): (7448, 1), (11680, 1), (14415, 1), (18027, 1), (1861, 1)
veneg (DF: 3): (6152, 1), (10223, 1), (180, 1)
venen (DF: 29): (2136, 1), (2354, 1), (2948, 4), (4009, 1), (5105, 1), (5156, 5), (7395, 3), (7587, 1), (7632, 1), (8256, 2), (9196, 2), (9248, 1), (9516, 6), (10632, 8), (10992, 7), (11480, 1), (11997, 3), (14187, 1), (1453, 1), (14314, 1), (14685, 1), (14878, 2), (1627, 2), (16079, 1), (16373, 1), (1687, 2), (16998, 2), (17779, 1), (18222, 1)
veneno (DF: 4): (3479, 1), (5007, 3), (7175, 1), (12128, 1)
venenosa (DF: 1): (8597, 2)
vener (DF: 7): (1939, 4), (6628, 2), (8475, 1), (9695, 1), (11304, 1), (14260, 1), (15933, 2)
venerus (DF: 1): (9222, 1)
veneta (DF: 2): (3849, 4), (1484, 1)
venetian (DF: 3): (3986, 1), (13877, 1), (17477, 1)
venez (DF: 1): (15359, 1)
venezian (DF: 1): (3984, 1)
veneziani (DF: 1): (10867, 1)
venezolan (DF: 1): (16921, 1)
venezolana (DF: 2): (12127, 3), (16264, 2)
venezuel (DF: 15): (4289, 1), (6339, 3), (8116, 5), (8278, 1), (8892, 2), (9001, 3), (10559, 2), (12794, 2), (13369, 2), (13936, 1), (13971, 4), (14260, 2), (1476, 10), (16438, 1), (1842, 3)
venezuela (DF: 5): (2004, 1), (552, 1), (14242, 1), (14604, 1), (18157, 1)
veng (DF: 145): (2530, 1), (2604, 1), (2648, 1), (3070, 2), (3197, 2), (3853, 1), (3876, 1), (3890, 1), (3897, 1), (3996, 1), (4246, 1), (4285, 1), (4288, 1), (4469, 2), (4532, 1), (4556, 1), (4587, 1), (4671, 4), (5040, 1), (5173, 1), (5224, 2), (580, 1), (5852, 2), (6069, 1), (6079, 2), (6138, 2), (6553, 2), (6659, 5), (6706, 2), (6808, 1), (7031, 1), (7171, 8), (724, 1), (7586, 1), (7725, 2), (7734, 1), (7854, 8), (7863, 1), (7961, 2), (8066, 2), (8128, 3), (8177, 5), (8205, 2), (8632, 1), (8792, 4), (8902, 1), (8919, 2), (9185, 2), (9196, 2), (9203, 3), (9204, 2), (9309, 4), (9412, 4), (996, 1), (9819, 2), (9919, 1), (10036, 1), (10208, 1), (10309, 1), (10399, 1), (10682, 6), (10908, 1), (10943, 2), (10952, 1), (11059, 1), (11081, 2), (11235, 2), (11280, 2), (11371, 1), (11517, 1), (11576, 2), (11696, 2), (11724, 1), (11774, 3), (11812, 2), (11993, 1), (12030, 2), (1228, 1), (12256, 1), (12276, 1), (12350, 42), (12430, 1), (1264, 1), (12727, 2), (12789, 1), (12802, 1), (13650, 1), (13694, 1), (13707, 2), (143, 2), (14012, 12), (14124, 2), (1453, 1), (14260, 4), (14322, 2), (14360, 1), (14517, 1), (1501, 2), (14727, 2), (14856, 2), (14863, 1), (1524, 3), (14961, 3), (15024, 4), (15062, 2), (15204, 1), (1563, 1), (15443, 8), (15587, 2), (15678, 1), (15736, 1), (15757, 3), (15791, 1), (15939, 1), (15993, 1), (16024, 4), (16113, 1), (16230, 2), (16373, 2), (16462, 2), (16493, 1), (16593, 1), (16740, 1), (16759, 1), (16780, 1), (16807, 1), (16843, 1), (16979, 1), (16998, 1), (17014, 1), (17064, 1), (17237, 2), (17279, 1), (17368, 1), (17403, 1), (17522, 3), (17641, 2), (17660, 2), (17673, 1), (17965, 1), (18050, 4), (18230, 4), (18249, 4), (18326, 2), (18394, 1)
venga (DF: 1): (13305, 1)
vengaboy (DF: 3): (5977, 3), (9053, 1), (16814, 1)
vengabus (DF: 1): (16814, 10)
vengam (DF: 1): (7863, 1)
vengan (DF: 2): (11650, 1), (13432, 1)
venganz (DF: 14): (2316, 1), (28, 1), (3504, 2), (6351, 4), (10285, 1), (10939, 4), (11059, 1), (11203, 1), (13066, 4), (1379, 2), (14012, 7), (16403, 4), (16456, 1), (16843, 1)
vengat (DF: 1): (14429, 1)
vengeanc (DF: 26): (200, 1), (204, 1), (2250, 1), (2590, 1), (2795, 1), (3373, 10), (3582, 1), (4239, 2), (4614, 1), (4974, 1), (5454, 1), (5763, 1), (5846, 2), (5934, 2), (6902, 2), (7130, 1), (8114, 4), (8265, 1), (9231, 2), (10361, 1), (11138, 1), (13615, 4), (14070, 1), (14245, 2), (15448, 1), (15793, 2)
vengenc (DF: 1): (12668, 1)
vengo (DF: 4): (5811, 1), (9234, 12), (11487, 1), (16521, 1)
venha (DF: 1): (15400, 1)
venho (DF: 2): (7175, 1), (16533, 1)
