gang (DF: 79): (16657, 1), (16698, 1), (16700, 2), (16734, 4), (16738, 1), (16745, 2), (1706, 2), (16811, 1), (1715, 1), (16907, 2), (16919, 2), (16963, 1), (17021, 2), (17047, 14), (17102, 1), (17104, 1), (17123, 3), (17136, 4), (17144, 4), (17219, 3), (17245, 1), (17278, 1), (17299, 1), (17347, 62), (17349, 1), (17418, 12), (17437, 2), (17457, 16), (181, 3), (17596, 1), (17607, 2), (17630, 2), (17657, 1), (1799, 31), (182, 2), (17761, 1), (17818, 1), (17869, 1), (17886, 2), (17899, 1), (17959, 2), (17971, 2), (17972, 1), (17990, 1), (18069, 1), (18073, 1), (18102, 2), (18133, 2), (18136, 6), (18162, 2), (18168, 1), (18183, 3), (18200, 8), (18207, 3), (18245, 1), (18259, 1), (1845, 2), (18308, 1), (18311, 1), (1849, 20), (18354, 6), (18382, 2), (18415, 2), (2084, 2), (2086, 1), (2573, 1), (2574, 2), (3570, 1), (3571, 1), (5493, 1), (5494, 2), (69, 1), (70, 2), (8260, 1), (8263, 1), (1176, 1), (1177, 2), (14006, 1), (14007, 4)
ganga (DF: 3): (9368, 2), (11725, 22), (16397, 1)
gangadhar (DF: 1): (11725, 10)
gangale (DF: 13): (299, 1), (3219, 13), (7104, 2), (9040, 1), (10728, 1), (12949, 3), (13967, 3), (15006, 1), (15290, 3), (15472, 7), (15733, 3), (15819, 1), (17594, 1)
gangan (DF: 1): (12253, 1)
gangbang (DF: 34): (2637, 1), (3174, 3), (3598, 1), (4668, 1), (4942, 2), (5577, 1), (5811, 1), (5909, 1), (7192, 1), (7207, 2), (8235, 1), (8319, 1), (8416, 1), (8592, 1), (9597, 1), (10774, 1), (1132, 1), (11671, 1), (1216, 1), (1249, 1), (13183, 1), (13242, 1), (13448, 2), (13494, 1), (13755, 1), (13803, 1), (15269, 1), (15713, 1), (16127, 1), (16128, 2), (16521, 1), (16909, 2), (17630, 1), (18170, 7)
gangbangerrapp (DF: 1): (10157, 1)
gangbangin (DF: 6): (5633, 2), (595, 2), (8496, 1), (8593, 1), (9625, 1), (15144, 1)
gangdem (DF: 1): (2573, 1)
ganggang (DF: 1): (12822, 1)
gangin (DF: 2): (673, 1), (14216, 1)
gangj (DF: 1): (13488, 4)
gangjetapseunghan (DF: 1): (13286, 1)
gangland (DF: 4): (5251, 1), (11179, 34), (11212, 1), (12797, 3)
gangmitglied (DF: 1): (16640, 1)
gangnam (DF: 1): (7745, 1)
gangnyeolhan (DF: 1): (2817, 1)
gangotri (DF: 1): (16397, 1)
gangren (DF: 1): (8987, 1)
gangshit (DF: 2): (6600, 3), (7411, 1)
gangst (DF: 61): (2530, 2), (2792, 2), (276, 2), (2967, 2), (3080, 2), (3269, 2), (3587, 2), (371, 1), (4009, 2), (4210, 2), (4288, 5), (4556, 2), (4560, 2), (4671, 2), (4692, 1), (4709, 1), (480, 1), (5716, 2), (5792, 2), (5991, 2), (6279, 2), (6810, 1), (6862, 2), (7863, 2), (8205, 2), (8242, 2), (8255, 2), (8518, 2), (9070, 2), (9206, 1), (9430, 2), (9431, 3), (1022, 2), (11356, 2), (11391, 2), (11433, 2), (11558, 2), (1193, 1), (11812, 1), (11932, 2), (12276, 3), (12672, 2), (12885, 2), (13442, 2), (13588, 2), (13930, 2), (14082, 2), (14085, 1), (14136, 2), (14659, 1), (14956, 2), (15169, 1), (15637, 1), (1631, 1), (16295, 2), (178, 2), (17285, 2), (17546, 2), (17673, 2), (18264, 2), (18394, 2)
gangsta (DF: 130): (1919, 1), (1977, 1), (1990, 1), (198, 1), (200, 1), (2075, 1), (2076, 1), (2104, 1), (2164, 1), (2170, 1), (2176, 1), (2225, 1), (2228, 1), (2278, 2), (2305, 1), (2315, 1), (222, 1), (2322, 1), (2357, 1), (21, 1), (2463, 1), (2477, 1), (2489, 1), (2500, 1), (2527, 1), (2552, 1), (2565, 2), (2574, 1), (2612, 1), (2624, 1), (2650, 1), (2660, 1), (2706, 5), (2746, 1), (2760, 1), (2765, 1), (2771, 1), (2776, 1), (2801, 1), (2822, 1), (26, 1), (2840, 1), (2850, 2), (2872, 1), (2887, 2), (2895, 2), (2957, 1), (3009, 1), (3018, 2), (3019, 1), (3101, 1), (3108, 1), (3110, 1), (3127, 1), (3148, 2), (3169, 1), (3216, 1), (3249, 7), (3253, 34), (3273, 3), (3282, 2), (324, 1), (3298, 1), (3428, 5), (3437, 1), (3439, 1), (3462, 1), (3466, 1), (3485, 1), (3502, 1), (3510, 1), (3538, 1), (3543, 1), (3545, 1), (3570, 1), (3581, 1), (3582, 1), (3589, 1), (3597, 9), (3652, 2), (3726, 1), (3781, 2), (3783, 1), (3789, 1), (3800, 1), (3802, 1), (3803, 1), (3804, 1), (3849, 1), (3854, 2), (3884, 1), (3902, 1), (3941, 3), (3963, 2), (3984, 1), (4004, 1), (4062, 1), (4070, 1), (4072, 1), (4106, 1), (4121, 1), (4128, 1), (409, 2), (4170, 1), (4185, 8), (4190, 1), (4222, 1), (4327, 1), (434, 1), (4377, 1), (4381, 4), (4410, 1), (4411, 1), (4427, 1), (441, 2), (4503, 1), (4552, 1), (4612, 1), (4641, 1), (4645, 1), (4669, 1), (455, 1), (4690, 1), (4746, 2), (40, 1), (4767, 1), (471, 1), (4814, 1), (4866, 1), (4877, 1)
