bassjack (DF: 7): (12774, 1), (13040, 1), (14332, 1), (14593, 1), (16586, 1), (17212, 1), (18068, 1)
basslin (DF: 12): (2205, 1), (683, 2), (7973, 1), (74, 4), (8825, 1), (10192, 7), (12379, 1), (13201, 2), (13756, 1), (13990, 1), (15666, 1), (17056, 4)
bassment (DF: 1): (5299, 1)
bassoon (DF: 1): (5043, 1)
bassott (DF: 1): (1987, 7)
bast (DF: 57): (252, 1), (2814, 3), (3295, 3), (3491, 4), (3972, 2), (4009, 1), (4069, 1), (4186, 6), (438, 1), (4804, 4), (4873, 2), (4992, 1), (489, 4), (5321, 2), (5663, 1), (5675, 1), (6395, 1), (6631, 2), (63, 1), (9, 1), (7694, 1), (8054, 1), (8264, 1), (8352, 2), (889, 1), (8744, 1), (9534, 3), (9671, 1), (9692, 1), (10180, 1), (10238, 1), (11298, 1), (11403, 2), (12092, 1), (12885, 1), (13026, 1), (13793, 1), (14260, 1), (14299, 1), (14726, 4), (14775, 2), (14825, 1), (14961, 2), (14997, 3), (15824, 1), (16469, 1), (1682, 6), (16810, 1), (17369, 3), (17487, 1), (17549, 1), (17896, 6), (18023, 1), (18123, 2), (187, 2), (1850, 1), (18408, 2)
basta (DF: 9): (3692, 1), (4910, 1), (8052, 12), (9901, 4), (10706, 1), (15804, 3), (16117, 1), (16133, 2), (17917, 3)
bastant (DF: 12): (1939, 1), (4479, 1), (8066, 1), (8751, 1), (9204, 1), (10573, 1), (11752, 4), (14940, 3), (15617, 1), (16462, 1), (17623, 1), (18046, 3)
bastard (DF: 92): (200, 2), (2075, 1), (2170, 1), (2221, 1), (2255, 1), (2649, 1), (2804, 1), (3731, 2), (3790, 1), (4218, 6), (4326, 1), (4407, 1), (4533, 1), (4603, 1), (4681, 1), (490, 1), (5253, 1), (5434, 1), (5493, 2), (5494, 1), (5570, 4), (5577, 1), (5587, 15), (5751, 1), (5773, 1), (5872, 1), (5907, 1), (5958, 1), (6096, 1), (616, 1), (6258, 1), (6835, 2), (7009, 1), (7323, 1), (7369, 1), (7411, 1), (7480, 1), (7829, 1), (7943, 1), (7992, 1), (8133, 1), (8141, 1), (8228, 1), (8841, 1), (8884, 1), (9036, 1), (9236, 1), (9354, 1), (9816, 1), (10066, 1), (10485, 1), (10696, 1), (11197, 1), (11304, 1), (11320, 1), (11476, 1), (11634, 1), (12000, 1), (12168, 1), (12355, 1), (12554, 2), (12619, 1), (12625, 2), (12685, 2), (12852, 1), (13208, 1), (1336, 1), (13297, 2), (13334, 1), (13578, 1), (13581, 1), (13755, 1), (13925, 2), (14255, 2), (14320, 1), (14604, 1), (14687, 2), (14752, 1), (15540, 1), (15619, 1), (15933, 2), (16375, 1), (16427, 1), (16451, 2), (16461, 2), (16816, 1), (17043, 1), (1736, 1), (17299, 1), (17596, 1), (17630, 1), (17992, 1)
bastardis (DF: 1): (5165, 1)
bastel (DF: 1): (493, 1)
basti (DF: 1): (15929, 1)
bastill (DF: 10): (3119, 1), (310, 1), (5558, 1), (5925, 1), (7947, 1), (11390, 1), (13858, 1), (14436, 1), (14701, 1), (15379, 1)
bastion (DF: 1): (14862, 2)
baston (DF: 3): (2656, 1), (5512, 1), (17494, 1)
bastou (DF: 1): (16353, 1)
basu (DF: 1): (4373, 2)
basur (DF: 5): (1907, 1), (9196, 1), (11932, 1), (16079, 1), (18222, 1)
basura (DF: 2): (14250, 2), (1532, 4)
basurit (DF: 1): (15054, 1)
basyo (DF: 1): (8000, 1)
bat (DF: 101): (2020, 1), (2034, 6), (2147, 1), (2306, 11), (2339, 1), (2399, 4), (2938, 1), (3219, 4), (3251, 1), (332, 1), (3524, 1), (4182, 1), (4567, 2), (4572, 1), (4686, 1), (4763, 1), (4780, 1), (4824, 1), (4963, 1), (5033, 2), (567, 6), (5743, 1), (591, 1), (628, 1), (6541, 1), (6572, 3), (6808, 1), (6918, 1), (7016, 1), (696, 1), (7130, 1), (7147, 1), (7266, 1), (7518, 1), (789, 1), (8009, 1), (815, 1), (8336, 7), (8369, 1), (8481, 2), (9040, 2), (9115, 1), (9302, 1), (9315, 1), (10227, 2), (10442, 2), (10701, 1), (11277, 1), (11295, 1), (11404, 22), (11634, 1), (11746, 6), (12042, 13), (12237, 1), (12484, 1), (12804, 3), (1315, 5), (12964, 3), (13087, 1), (13154, 1), (13188, 3), (13223, 1), (13619, 1), (13650, 1), (13925, 2), (14070, 1), (14087, 1), (14565, 1), (14581, 1), (14687, 1), (14872, 1), (15042, 1), (15222, 1), (1559, 2), (159, 1), (15407, 1), (15469, 1), (15598, 1), (15637, 1), (15700, 1), (15863, 1), (15866, 1), (1647, 1), (16295, 4), (16301, 1), (16411, 1), (16728, 1), (1717, 1), (16968, 4), (16990, 32), (17140, 2), (17331, 3), (1766, 2), (17411, 1), (17594, 1), (17673, 1), (17748, 1), (17920, 1), (18099, 6), (18104, 1), (18444, 1)
bata (DF: 4): (4815, 1), (15804, 1), (18053, 1), (18094, 1)
bataan (DF: 1): (2910, 1)
batalha (DF: 1): (5860, 1)
batall (DF: 19): (3092, 1), (371, 1), (3920, 1), (4711, 1), (5353, 1), (7843, 1), (9196, 1), (9470, 1), (1022, 2), (11142, 1), (11203, 1), (13370, 1), (13442, 3), (13694, 3), (14082, 1), (14087, 2), (15204, 3), (15993, 3), (16079, 1)
batallon (DF: 1): (5792, 1)
