tight (DF: 9): (9312, 1), (9313, 2), (11469, 1), (11470, 1), (1746, 1), (1748, 1), (17060, 1), (17061, 1), (17062, 1)
tightcamafiacup (DF: 1): (17579, 1)
tighten (DF: 22): (2145, 1), (2829, 1), (3902, 1), (3924, 1), (5748, 2), (5947, 3), (8209, 6), (10153, 1), (10387, 1), (11197, 1), (11717, 1), (12274, 6), (1299, 3), (1304, 1), (14307, 1), (14670, 1), (15726, 2), (16100, 2), (1756, 4), (17675, 1), (2821, 1), (2822, 1)
tighter (DF: 27): (1975, 1), (2278, 1), (2887, 1), (3963, 1), (432, 1), (6065, 1), (6352, 1), (7053, 2), (7070, 1), (7119, 12), (7244, 1), (740, 6), (7754, 2), (9151, 2), (10885, 1), (1171, 1), (11807, 5), (11909, 1), (12090, 1), (13343, 1), (13348, 13), (14151, 2), (16554, 1), (16561, 1), (16654, 3), (17100, 1), (17989, 1)
tightest (DF: 3): (2896, 2), (10162, 2), (15015, 1)
tightin (DF: 3): (4533, 1), (471, 1), (5907, 1)
tightrop (DF: 18): (3291, 1), (3661, 1), (4169, 1), (4866, 1), (5042, 4), (5216, 1), (5952, 1), (7067, 1), (8108, 2), (9231, 4), (10112, 2), (11287, 1), (14441, 2), (15331, 1), (15610, 1), (15847, 1), (15919, 2), (1671, 1)
tigr (DF: 13): (2357, 1), (2567, 1), (284, 2), (4032, 1), (4780, 4), (5110, 1), (5860, 1), (5945, 1), (9203, 3), (9524, 13), (1095, 4), (13416, 1), (18132, 2)
tigress (DF: 1): (15912, 1)
tigtig (DF: 1): (15773, 2)
tiguer (DF: 19): (2585, 2), (3587, 4), (3875, 1), (476, 1), (5990, 1), (6872, 1), (6889, 2), (7301, 2), (8218, 1), (8478, 2), (10, 2), (9719, 1), (13650, 4), (14035, 2), (15443, 1), (17343, 1), (17418, 12), (17668, 1), (17896, 3)
tigueraj (DF: 1): (13650, 2)
tii (DF: 3): (335, 2), (3853, 1), (10271, 2)
tiii (DF: 1): (12052, 1)
tiimmi (DF: 3): (2319, 47), (8472, 47), (16200, 1)
tijara (DF: 3): (246, 1), (5206, 2), (1177, 1)
tijarist (DF: 4): (4387, 6), (5493, 7), (12619, 7), (17886, 16)
tijd (DF: 15): (3355, 3), (3748, 1), (3864, 1), (4256, 1), (4665, 2), (7421, 1), (12446, 1), (12662, 4), (12745, 16), (12767, 1), (14553, 1), (16435, 1), (16602, 3), (175, 1), (18323, 1)
tijden (DF: 5): (4849, 1), (6184, 2), (11673, 1), (16435, 1), (17327, 1)
tijdj (DF: 3): (6008, 1), (6303, 1), (16602, 2)
tijdmachin (DF: 1): (12745, 6)
tijer (DF: 2): (5436, 1), (858, 1)
tijoux (DF: 1): (16378, 1)
tiju (DF: 1): (4009, 1)
tijuan (DF: 5): (4219, 1), (12623, 2), (13930, 1), (16900, 2), (17546, 1)
tijuana (DF: 4): (2084, 1), (7411, 1), (808, 1), (14789, 1)
tik (DF: 12): (3408, 1), (3451, 1), (4995, 3), (7421, 1), (7836, 1), (9138, 1), (948, 1), (12368, 1), (13260, 1), (14632, 12), (15914, 2), (17702, 4)
tikaan (DF: 1): (9138, 1)
tikan (DF: 1): (4985, 2)
tike (DF: 1): (14335, 1)
tikhi (DF: 1): (8534, 8)
tiki (DF: 3): (4285, 20), (11058, 1), (11933, 1)
tikkeltj (DF: 1): (14555, 1)
tikker (DF: 1): (3527, 1)
tikta (DF: 2): (149, 1), (15929, 1)
tikwa (DF: 1): (3150, 1)
til (DF: 136): (1887, 3), (1892, 1), (1919, 3), (1924, 1), (1964, 1), (1975, 1), (200, 2), (2012, 1), (2015, 2), (2018, 26), (2028, 2), (2031, 2), (2044, 6), (2067, 4), (2075, 1), (2076, 3), (2081, 1), (204, 1), (2129, 8), (2142, 2), (2154, 1), (2162, 3), (2168, 2), (2174, 3), (2179, 3), (2185, 4), (2197, 2), (2198, 1), (2203, 6), (2211, 1), (2225, 1), (2236, 3), (2241, 1), (2245, 4), (2251, 1), (220, 1), (2255, 1), (2272, 1), (2276, 1), (2285, 1), (2294, 2), (2299, 3), (2320, 1), (2332, 1), (2333, 1), (2337, 1), (2346, 2), (2357, 1), (2392, 12), (229, 1), (2440, 1), (236, 1), (2472, 3), (2484, 1), (2500, 1), (2520, 2), (2524, 6), (2541, 2), (2550, 22), (2556, 1), (2595, 3), (2624, 1), (2634, 1), (2646, 2), (2649, 1), (2650, 3), (2684, 1), (2706, 2), (2709, 6), (2723, 1), (2730, 1), (2733, 3), (2740, 1), (2757, 1), (2759, 1), (2760, 1), (264, 1), (2771, 1), (2783, 2), (2788, 2), (2809, 1), (2822, 2), (2832, 1), (2884, 1), (2893, 2), (2895, 1), (2902, 1), (2911, 2), (2935, 1), (2952, 3), (2978, 1), (2993, 1), (2996, 4), (290, 2), (3068, 2), (3077, 2), (3079, 4), (3095, 2), (3100, 1), (3107, 1), (3112, 2), (3126, 1), (3156, 3), (3174, 2), (3178, 1), (3183, 1), (3217, 1), (3225, 3), (3232, 6), (3234, 2), (3237, 4), (3246, 4), (320, 1), (3253, 1), (3271, 1), (3278, 8), (3282, 2), (3303, 1), (3307, 1), (3318, 3), (3327, 1), (3339, 9), (3432, 1), (3455, 2), (3487, 3), (3493, 23), (3519, 1), (3521, 1), (3527, 1), (3591, 10), (3598, 1), (3612, 2), (3615, 6), (3620, 1), (3626, 1), (3628, 1)
