1950s (DF: 56): (564, 1), (6011, 1), (6271, 1), (6813, 1), (6859, 1), (732, 1), (7517, 1), (7999, 1), (8124, 1), (8219, 1), (79, 1), (8609, 1), (8613, 1), (884, 1), (9217, 1), (9422, 1), (10015, 1), (10051, 1), (10413, 1), (10615, 1), (11040, 1), (11140, 1), (11152, 1), (12024, 1), (12101, 1), (12311, 1), (12708, 1), (12751, 1), (13147, 1), (13511, 1), (1369, 1), (13738, 1), (13780, 1), (13800, 1), (13947, 1), (1439, 1), (14381, 1), (14399, 1), (14592, 1), (1504, 1), (14832, 1), (14993, 1), (15140, 1), (15145, 1), (15976, 1), (16114, 1), (16132, 1), (1685, 1), (16775, 1), (17188, 1), (17282, 1), (17532, 1), (18022, 1), (18435, 1), (8693, 1), (8694, 1)
1951 (DF: 1): (16250, 1)
1954 (DF: 1): (15691, 1)
1957 (DF: 1): (14437, 1)
1960s (DF: 71): (2125, 1), (22, 1), (2484, 1), (2829, 1), (3257, 1), (3474, 1), (3880, 1), (4213, 1), (4274, 1), (4433, 1), (452, 1), (4777, 1), (4794, 1), (5457, 1), (5555, 1), (564, 1), (6011, 1), (6271, 1), (6813, 1), (6859, 1), (732, 1), (7517, 1), (7999, 1), (8124, 1), (8219, 1), (79, 1), (8609, 1), (8613, 1), (884, 1), (9217, 1), (9422, 1), (10015, 1), (10051, 1), (10413, 1), (10615, 1), (11040, 1), (11140, 1), (11152, 1), (12024, 1), (12101, 1), (12311, 1), (12708, 1), (12751, 1), (13147, 1), (13511, 1), (1369, 1), (13738, 1), (13780, 1), (13800, 1), (13947, 1), (1439, 1), (14381, 1), (14399, 1), (14592, 1), (1504, 1), (14832, 1), (14993, 1), (15140, 1), (15145, 1), (15976, 1), (16114, 1), (16132, 1), (1685, 1), (16775, 1), (17188, 1), (17282, 1), (17532, 1), (18022, 1), (18435, 1), (8693, 1), (8694, 1)
1962 (DF: 1): (11320, 1)
1963 (DF: 1): (10759, 1)
1964 (DF: 6): (5004, 1), (5908, 1), (6387, 1), (8804, 1), (12258, 1), (12607, 1)
1965 (DF: 5): (2466, 12), (9989, 1), (11387, 1), (16836, 1), (17832, 1)
1966 (DF: 3): (14064, 2), (15794, 3), (17317, 3)
1967 (DF: 56): (2250, 1), (2404, 1), (2837, 1), (3648, 1), (3919, 1), (4758, 1), (5755, 1), (5846, 1), (5948, 1), (6000, 1), (6005, 1), (6065, 1), (6125, 1), (6261, 1), (6587, 1), (6671, 1), (7014, 1), (8309, 1), (8382, 1), (8634, 1), (8659, 1), (8984, 1), (9011, 1), (9378, 1), (9388, 1), (1093, 1), (11556, 1), (11745, 1), (11788, 1), (11836, 1), (11865, 1), (12245, 1), (12925, 1), (12943, 1), (14048, 1), (1446, 1), (14265, 1), (14318, 1), (14693, 1), (14774, 1), (14819, 1), (15227, 1), (15441, 1), (15614, 1), (16060, 1), (16294, 1), (16327, 1), (16836, 1), (16944, 1), (17172, 1), (17832, 1), (17901, 1), (17922, 1), (18430, 1), (3638, 1), (3640, 1)
1968 (DF: 9): (3176, 1), (435, 1), (6295, 1), (6995, 1), (8531, 1), (12701, 1), (15263, 1), (15295, 1), (17092, 1)
1969 (DF: 10): (2965, 1), (5291, 1), (6523, 1), (8625, 1), (9458, 4), (10002, 1), (12584, 1), (13883, 1), (15824, 1), (16250, 1)
1970 (DF: 7): (4534, 1), (5972, 1), (8984, 1), (12071, 2), (12300, 1), (13563, 1), (1427, 1)
1970s (DF: 71): (2125, 1), (22, 1), (2484, 1), (2829, 1), (3257, 1), (3474, 1), (3880, 1), (4213, 1), (4274, 1), (4433, 1), (452, 1), (4777, 1), (4794, 1), (5457, 1), (5555, 1), (564, 1), (6011, 1), (6271, 1), (6813, 1), (6859, 1), (732, 1), (7517, 1), (7999, 1), (8124, 1), (8219, 1), (79, 1), (8609, 1), (8613, 1), (884, 1), (9217, 1), (9422, 1), (10015, 1), (10051, 1), (10413, 1), (10615, 1), (11040, 1), (11140, 1), (11152, 1), (12024, 1), (12101, 1), (12311, 1), (12708, 1), (12751, 1), (13147, 1), (13511, 1), (1369, 1), (13738, 1), (13780, 1), (13800, 1), (13947, 1), (1439, 1), (14381, 1), (14399, 1), (14592, 1), (1504, 1), (14832, 1), (14993, 1), (15140, 1), (15145, 1), (15976, 1), (16114, 1), (16132, 1), (1685, 1), (16775, 1), (17188, 1), (17282, 1), (17532, 1), (18022, 1), (18435, 1), (8693, 1), (8694, 1)
1971 (DF: 11): (5004, 1), (5908, 1), (6387, 1), (8531, 1), (8804, 1), (9000, 1), (9027, 1), (9498, 1), (12258, 1), (12607, 1), (17149, 1)
1972 (DF: 5): (2661, 1), (387, 1), (10712, 1), (11041, 1), (16282, 1)
1973 (DF: 3): (9315, 1), (10091, 6), (13883, 1)
1974 (DF: 14): (2844, 1), (2849, 1), (3709, 1), (4708, 1), (5291, 1), (5407, 1), (6295, 1), (11319, 1), (15052, 1), (15720, 1), (17019, 1), (17181, 1), (17822, 1), (1802, 1)
1975 (DF: 13): (3107, 1), (5744, 1), (7120, 1), (7208, 1), (9512, 1), (10755, 1), (11105, 1), (11387, 1), (11802, 1), (14021, 1), (15658, 1), (16274, 1), (17461, 1)
1976 (DF: 1): (15720, 1)
1977 (DF: 8): (2661, 1), (3176, 1), (435, 1), (6995, 1), (9989, 1), (12701, 1), (15295, 1), (17092, 1)
1978 (DF: 3): (6523, 1), (12754, 1), (15082, 1)
1979 (DF: 8): (2945, 1), (3494, 1), (8159, 1), (9284, 2), (10929, 1), (12986, 2), (13064, 1), (13408, 2)
1980 (DF: 8): (9613, 1), (10712, 1), (11121, 1), (11745, 1), (13308, 1), (13697, 1), (13733, 1), (16060, 1)
1980s (DF: 15): (2125, 1), (22, 1), (2484, 1), (2829, 1), (3257, 1), (3474, 1), (3880, 1), (4040, 1), (4213, 1), (4274, 1), (4433, 1), (452, 1), (4777, 1), (4794, 1), (5457, 1)
