bore (DF: 51): (13853, 6), (14038, 1), (14188, 1), (14246, 1), (14261, 1), (14443, 3), (1531, 1), (1541, 1), (15085, 1), (15130, 1), (15378, 3), (15435, 1), (15453, 4), (1581, 1), (15481, 3), (15524, 2), (15547, 1), (15585, 1), (15668, 1), (160, 11), (15684, 6), (15782, 1), (15931, 1), (16010, 2), (16102, 2), (16190, 1), (16237, 1), (16267, 1), (16392, 1), (16411, 1), (16484, 8), (16692, 2), (16730, 1), (16952, 1), (1742, 1), (17363, 1), (17387, 1), (17453, 1), (17461, 1), (17616, 1), (17698, 1), (17881, 1), (18002, 1), (18115, 1), (18309, 1), (18363, 1), (18376, 1), (4348, 1), (4350, 2), (1025, 1), (1026, 1)
boreal (DF: 1): (5381, 2)
boreali (DF: 3): (6262, 1), (6479, 1), (10917, 1)
boredom (DF: 5): (5934, 2), (10458, 1), (11784, 2), (11930, 1), (13853, 46)
borel (DF: 2): (7270, 1), (18163, 2)
borer (DF: 1): (7758, 1)
borgeous (DF: 9): (4056, 2), (4118, 1), (4393, 1), (9990, 1), (10127, 1), (13413, 1), (13585, 1), (15387, 1), (16710, 1)
borgor (DF: 4): (5943, 2), (10946, 1), (12406, 1), (13791, 1)
bori (DF: 5): (3371, 1), (7836, 1), (11237, 1), (16657, 1), (18232, 1)
borici (DF: 1): (13935, 1)
boricu (DF: 8): (4236, 1), (4879, 1), (8116, 1), (9040, 2), (1259, 1), (1476, 2), (14953, 2), (18132, 1)
boricua (DF: 10): (552, 1), (6157, 18), (7969, 18), (8870, 1), (11785, 2), (12127, 3), (14242, 1), (16264, 2), (17161, 1), (17810, 2)
borin (DF: 9): (2256, 8), (2730, 2), (3095, 4), (4030, 1), (9099, 2), (11508, 10), (11698, 1), (12383, 1), (16242, 1)
borincan (DF: 2): (2306, 1), (11404, 2)
borinqu (DF: 4): (2604, 1), (9040, 23), (9819, 2), (17546, 4)
borinqueñ (DF: 2): (9040, 2), (9652, 1)
boriqu (DF: 1): (9819, 2)
boris (DF: 1): (15536, 1)
boriyan (DF: 1): (8534, 2)
born (DF: 250): (1885, 2), (1934, 4), (1951, 1), (1957, 2), (2002, 1), (2032, 2), (2044, 3), (2064, 1), (2109, 1), (2129, 39), (2142, 2), (2244, 2), (2255, 1), (2272, 1), (2281, 6), (2284, 6), (2366, 1), (2425, 1), (236, 1), (2491, 1), (2495, 1), (2543, 2), (2647, 1), (251, 2), (2770, 1), (2795, 1), (2840, 1), (2856, 1), (2960, 2), (3087, 1), (3103, 1), (3156, 1), (3164, 1), (3183, 1), (311, 1), (3286, 2), (3298, 1), (3323, 1), (3373, 3), (3426, 1), (3429, 2), (3482, 1), (3484, 1), (3505, 2), (3598, 1), (3602, 1), (3606, 1), (3737, 1), (3741, 1), (3743, 1), (3778, 1), (3818, 10), (3899, 39), (381, 3), (3940, 1), (390, 2), (4021, 1), (4045, 1), (4062, 1), (404, 4), (4093, 5), (4237, 1), (4278, 1), (4286, 3), (4296, 1), (4305, 10), (4501, 1), (4534, 1), (4547, 2), (40, 4), (4601, 1), (4634, 1), (4654, 1), (4661, 1), (4674, 1), (456, 1), (4690, 1), (4733, 1), (4748, 1), (4754, 1), (4834, 1), (4907, 7), (4933, 1), (5014, 2), (488, 1), (490, 1), (5127, 10), (501, 1), (511, 3), (5209, 1), (5215, 3), (5219, 1), (5274, 3), (5314, 1), (5316, 1), (5340, 4), (5461, 6), (5468, 1), (5478, 1), (5483, 1), (5561, 1), (5610, 2), (5627, 6), (5630, 8), (5634, 3), (558, 1), (5672, 2), (5734, 2), (5751, 2), (5779, 1), (5872, 1), (5908, 1), (5947, 1), (5974, 1), (5996, 1), (6018, 1), (6031, 2), (6074, 1), (6108, 1), (606, 1), (6156, 3), (6164, 1), (6168, 1), (6217, 3), (6233, 2), (6254, 2), (6258, 2), (6273, 1), (6334, 1), (6348, 11), (6367, 1), (6374, 2), (6388, 5), (6458, 1), (6552, 2), (6568, 2), (6582, 1), (6613, 1), (664, 1), (6700, 2), (6714, 6), (6723, 1), (672, 1), (6781, 1), (6792, 2), (6847, 2), (6858, 1), (6915, 1), (6931, 1), (6951, 1), (6997, 2), (7088, 1), (7095, 2), (7197, 6), (7237, 5), (7320, 1), (7325, 1), (7375, 1), (7470, 2), (7512, 1), (766, 1), (7642, 1), (7700, 1), (7776, 2), (788, 1), (7834, 2), (7857, 2), (7930, 1), (7934, 1), (7943, 1), (7978, 1), (7987, 1), (8020, 1), (8032, 1), (8120, 3), (8135, 2), (8154, 1), (8177, 1), (8182, 1), (8241, 6), (8244, 1), (8270, 1), (8277, 1), (8297, 15), (8306, 8), (838, 1), (8339, 9), (8365, 1), (8378, 2), (8397, 1), (864, 1), (8570, 1), (8573, 2), (870, 1), (8596, 1), (8648, 1), (8718, 1), (8753, 5), (8756, 1), (8770, 2), (8778, 4), (8819, 1), (8822, 1), (8842, 1), (8850, 3), (8878, 1), (8921, 1), (8943, 2), (9000, 2), (9035, 2), (9041, 1), (9081, 1), (9102, 1), (9136, 2), (9209, 1), (946, 2), (9297, 1), (9305, 2), (9315, 1), (9343, 1), (9349, 12), (9370, 9), (958, 3), (9404, 1), (9421, 2), (9477, 11), (9513, 1), (9538, 1), (9651, 4), (9699, 1), (9720, 3), (9731, 1), (9735, 21), (993, 1), (9759, 1), (9787, 8), (9790, 1), (9804, 2), (9886, 1), (9920, 1), (9926, 6), (9945, 4), (9947, 1), (9957, 1), (9998, 2), (10013, 3), (10025, 1), (10026, 2), (10041, 1), (10119, 2)
