actitud (DF: 20): (8751, 1), (10, 1), (9412, 1), (9431, 1), (9960, 4), (10493, 1), (10566, 1), (10877, 1), (11155, 1), (11576, 1), (11582, 1), (11642, 1), (11783, 1), (13153, 1), (14722, 1), (1653, 12), (16439, 1), (16715, 1), (17213, 1), (18187, 3)
activ (DF: 105): (2076, 1), (2408, 1), (3084, 3), (3090, 1), (3117, 1), (3179, 1), (3383, 6), (364, 2), (3916, 2), (4014, 1), (4034, 8), (4434, 3), (4633, 2), (4879, 1), (5110, 1), (5475, 4), (567, 6), (5794, 1), (5842, 1), (5909, 1), (6001, 8), (6043, 1), (6243, 1), (6251, 1), (6475, 1), (6553, 2), (6751, 1), (6909, 2), (7024, 1), (7060, 1), (7104, 2), (7239, 2), (7339, 1), (7526, 1), (7989, 2), (8148, 1), (8204, 1), (8454, 1), (8883, 2), (9252, 5), (9309, 1), (9318, 10), (9410, 1), (9972, 5), (1030, 1), (10148, 1), (10363, 1), (10813, 1), (10838, 4), (10850, 1), (1141, 1), (11533, 8), (11540, 2), (11696, 1), (11924, 1), (11975, 1), (12191, 2), (12344, 1), (12351, 1), (1259, 1), (12597, 2), (12603, 9), (12672, 1), (12723, 3), (12949, 6), (12989, 1), (13095, 1), (13183, 1), (13400, 1), (13405, 1), (13435, 2), (13657, 1), (13967, 1), (13985, 2), (14035, 2), (14260, 1), (14301, 1), (14379, 1), (14685, 1), (14718, 1), (14810, 1), (1524, 3), (14956, 2), (15290, 6), (15598, 1), (15873, 1), (16223, 1), (16258, 1), (16321, 6), (173, 2), (16438, 1), (1694, 3), (16905, 4), (16979, 1), (17141, 1), (17171, 1), (17276, 2), (17377, 1), (1766, 2), (17641, 1), (17658, 2), (1794, 2), (17871, 1), (18116, 1), (18427, 8)
activa (DF: 4): (2351, 2), (6851, 2), (8606, 2), (12351, 1)
activat (DF: 2): (5547, 2), (15283, 1)
activatin (DF: 1): (7538, 1)
activens (DF: 1): (10838, 2)
activi (DF: 1): (17013, 2)
activist (DF: 1): (12034, 1)
activité (DF: 1): (12734, 2)
activo (DF: 5): (3513, 1), (4188, 2), (6006, 1), (12127, 3), (16264, 2)
acto (DF: 9): (2092, 2), (9367, 1), (10822, 2), (11433, 1), (13481, 1), (14785, 2), (173, 6), (18050, 4), (18356, 1)
actor (DF: 36): (2432, 1), (2521, 1), (2543, 2), (2767, 1), (3180, 2), (3224, 1), (4133, 1), (4310, 1), (5152, 1), (616, 1), (8347, 1), (8491, 1), (8554, 1), (8666, 1), (9262, 1), (9729, 1), (10808, 1), (11014, 1), (11028, 2), (11428, 1), (11929, 4), (12514, 1), (12571, 1), (13266, 1), (14225, 1), (14624, 1), (15093, 1), (15192, 1), (15703, 1), (16390, 2), (16700, 1), (17125, 1), (17354, 1), (1833, 1), (18207, 3), (18374, 1)
actos (DF: 2): (12175, 1), (1788, 1)
actress (DF: 17): (3468, 4), (3967, 4), (428, 1), (4641, 1), (5047, 1), (5961, 1), (616, 1), (6350, 1), (6447, 1), (11428, 1), (11995, 1), (12578, 1), (13266, 1), (14767, 1), (15931, 1), (17228, 1), (18368, 1)
actric (DF: 3): (11464, 2), (11483, 1), (14405, 1)
actriz (DF: 6): (5852, 1), (6243, 1), (13967, 1), (15297, 3), (16751, 1), (17237, 1)
actu (DF: 11): (4210, 1), (6862, 1), (8242, 1), (9074, 1), (9108, 1), (12098, 1), (12672, 1), (14856, 1), (15415, 2), (16751, 1), (16885, 3)
actuacion (DF: 1): (17664, 1)
actual (DF: 89): (2174, 1), (2356, 1), (2456, 1), (2642, 1), (2686, 2), (269, 1), (3226, 1), (3588, 1), (3816, 1), (4072, 2), (4594, 1), (4620, 1), (4886, 1), (5184, 2), (5373, 1), (5563, 1), (5598, 4), (5841, 2), (5934, 2), (6516, 2), (6527, 1), (7098, 1), (7462, 1), (7688, 1), (802, 1), (74, 2), (8243, 1), (8397, 3), (8559, 1), (8825, 1), (8922, 1), (9784, 1), (9920, 1), (10066, 1), (10312, 2), (10607, 1), (10793, 1), (11135, 1), (11380, 16), (11438, 1), (11536, 1), (11539, 1), (11608, 1), (11866, 1), (12052, 1), (12090, 1), (12110, 4), (12125, 1), (12144, 2), (12506, 1), (12655, 1), (1287, 2), (12887, 1), (13030, 1), (13067, 1), (13222, 1), (13572, 1), (13742, 1), (14107, 1), (14156, 4), (14711, 1), (14, 1), (15137, 1), (15290, 1), (15462, 1), (15714, 1), (15721, 1), (15815, 1), (15937, 1), (16150, 1), (16215, 1), (16491, 1), (16693, 1), (16855, 1), (16982, 1), (17006, 1), (17058, 1), (1740, 1), (1748, 1), (17329, 1), (17384, 1), (17572, 2), (17625, 1), (17700, 1), (17896, 1), (17905, 1), (18046, 1), (5470, 1), (5471, 1)
acu (DF: 2): (7836, 1), (890, 1)
acualqu (DF: 1): (4550, 1)
acuarel (DF: 2): (890, 1), (14737, 1)
acuari (DF: 1): (910, 1)
acuchill (DF: 1): (11666, 1)
acucucu (DF: 1): (15335, 2)
acueduct (DF: 1): (10781, 1)
acuerd (DF: 20): (1932, 4), (2111, 1), (2336, 3), (2351, 1), (2606, 2), (269, 1), (2972, 6), (3090, 2), (3569, 1), (3631, 1), (3897, 1), (4207, 6), (4246, 6), (5110, 1), (5793, 1), (5990, 1), (6346, 4), (6851, 1), (7526, 2), (7851, 1)
