instead (DF: 4): (18319, 1), (18344, 2), (18409, 1), (18431, 1)
instig (DF: 6): (3267, 1), (7138, 1), (10666, 2), (1535, 2), (15543, 2), (18433, 1)
instiga (DF: 2): (3364, 1), (4357, 3)
instigatin (DF: 1): (893, 1)
instigou (DF: 1): (9396, 2)
instil (DF: 1): (5041, 1)
instinct (DF: 19): (2255, 1), (2636, 1), (2970, 1), (3183, 1), (4165, 1), (4427, 1), (4957, 1), (7062, 1), (7425, 1), (7468, 1), (8145, 8), (8436, 5), (901, 1), (8903, 1), (10118, 1), (12101, 7), (13488, 2), (13509, 1), (17947, 23)
instinctu (DF: 1): (2462, 1)
instinkt (DF: 1): (778, 1)
instint (DF: 17): (227, 1), (276, 1), (3070, 2), (3351, 1), (4180, 1), (4550, 1), (5364, 1), (53, 1), (632, 3), (9641, 2), (10899, 2), (12276, 1), (12297, 3), (13145, 1), (14073, 1), (15889, 2), (17941, 1)
institut (DF: 5): (8984, 3), (12231, 1), (12910, 1), (13301, 1), (14087, 1)
institution (DF: 7): (2076, 1), (5842, 1), (7024, 1), (7060, 1), (8148, 1), (8593, 1), (15144, 1)
instru (DF: 2): (7922, 2), (15369, 1)
instruccion (DF: 1): (13023, 1)
instruct (DF: 11): (2733, 1), (457, 1), (8660, 1), (8743, 1), (8903, 1), (10653, 1), (11245, 1), (13836, 1), (15534, 1), (16102, 1), (16564, 1)
instruindo (DF: 1): (9355, 2)
instrument (DF: 71): (2075, 1), (2371, 1), (2559, 1), (270, 1), (2855, 1), (316, 1), (3481, 1), (4006, 3), (4426, 2), (4516, 1), (4723, 1), (471, 1), (4888, 2), (5434, 1), (5529, 1), (5755, 1), (5818, 1), (615, 1), (6552, 2), (6608, 1), (6716, 1), (680, 2), (7464, 1), (7550, 1), (7577, 1), (7619, 1), (7650, 1), (789, 1), (8496, 1), (8532, 1), (8552, 2), (8561, 1), (883, 3), (9432, 1), (9447, 2), (9561, 2), (9979, 1), (10823, 1), (10963, 1), (11086, 1), (11109, 2), (11414, 1), (11425, 2), (12021, 2), (12224, 1), (12284, 1), (12845, 1), (13077, 2), (14339, 1), (14377, 1), (14539, 1), (14823, 1), (15271, 2), (15447, 1), (15812, 6), (16029, 1), (16075, 1), (16196, 1), (16279, 1), (16379, 2), (16384, 1), (16582, 2), (16775, 1), (16846, 1), (17527, 1), (17665, 1), (17984, 1), (18117, 1), (18377, 1), (10935, 2), (10936, 2)
instrumental (DF: 10): (3071, 1), (484, 2), (5358, 1), (5376, 1), (8618, 1), (1022, 2), (10852, 2), (1637, 1), (17534, 1), (17598, 1)
instrumento (DF: 2): (5811, 1), (16521, 1)
insuffer (DF: 1): (9354, 1)
insuffici (DF: 2): (7897, 1), (1123, 1)
insuficient (DF: 1): (5852, 1)
insulfilm (DF: 1): (6234, 1)
insult (DF: 21): (3399, 2), (3521, 1), (4197, 1), (438, 1), (5082, 1), (5745, 2), (5966, 10), (5983, 1), (7406, 1), (964, 1), (9674, 1), (1019, 1), (11757, 1), (12098, 1), (13297, 2), (14405, 6), (14412, 1), (14915, 1), (16468, 1), (16820, 1), (17373, 1)
insultent (DF: 1): (540, 1)
insuper (DF: 3): (8454, 1), (8479, 1), (13935, 2)
insur (DF: 13): (2978, 1), (3538, 1), (4028, 1), (5319, 1), (7084, 1), (9217, 1), (9944, 2), (11209, 1), (12868, 1), (13276, 1), (13696, 1), (13729, 2), (13920, 1)
int (DF: 9): (2152, 2), (3278, 1), (6125, 1), (7428, 2), (7603, 1), (12344, 1), (12393, 1), (1446, 1), (17777, 1)
intact (DF: 19): (2325, 3), (5126, 2), (885, 10), (9808, 2), (10322, 1), (1123, 1), (10994, 1), (12672, 1), (12780, 1), (13481, 1), (13639, 1), (13809, 1), (14006, 1), (14655, 2), (14665, 1), (15224, 2), (15943, 2), (16076, 1), (1757, 1)
intak (DF: 4): (9509, 1), (10767, 1), (12728, 1), (13876, 1)
intang (DF: 3): (7782, 1), (964, 1), (18400, 1)
intant (DF: 3): (7910, 1), (1010, 1), (12277, 1)
integr (DF: 13): (3113, 1), (6468, 2), (7605, 2), (8554, 1), (8634, 1), (8930, 1), (10141, 1), (10164, 1), (11135, 1), (13933, 2), (14336, 1), (16753, 1), (17970, 1)
integra (DF: 5): (2076, 1), (5842, 1), (7024, 1), (7060, 1), (8148, 1)
integration (DF: 1): (2078, 1)
inteira (DF: 7): (2986, 4), (5719, 1), (6500, 2), (7211, 2), (8027, 2), (15617, 1), (17232, 8)
inteiro (DF: 8): (2680, 1), (3007, 7), (4016, 1), (10203, 1), (12677, 1), (14511, 5), (16310, 2), (16850, 4)
intel (DF: 1): (3923, 1)
intelektualista (DF: 1): (14869, 1)
inteligent (DF: 8): (5364, 1), (53, 1), (9079, 1), (9697, 3), (9919, 1), (10793, 3), (14722, 1), (16033, 1)
intellect (DF: 15): (1885, 6), (1924, 1), (2462, 1), (270, 1), (4190, 1), (5087, 1), (5468, 3), (5729, 1), (7470, 6), (8561, 1), (964, 1), (12379, 1), (12440, 3), (13939, 1), (14718, 1)
intellectu (DF: 6): (3203, 1), (4014, 1), (4764, 1), (5495, 1), (15494, 1), (16144, 1)
intellig (DF: 19): (3288, 1), (3821, 1), (3923, 1), (4622, 1), (5072, 1), (5479, 1), (5840, 1), (5958, 1), (6157, 1), (6283, 1), (6582, 1), (7969, 1), (8532, 1), (9033, 1), (9057, 1), (9794, 1), (10140, 1), (10421, 1), (10690, 1)
