gessner (DF: 1): (8470, 1)
gest (DF: 23): (2078, 1), (3570, 1), (4004, 1), (5825, 3), (778, 1), (8498, 1), (9664, 1), (10285, 1), (10659, 3), (10821, 1), (11272, 1), (11331, 2), (11480, 1), (12212, 1), (12619, 1), (13165, 1), (14899, 5), (15066, 2), (16963, 6), (17780, 2), (17961, 3), (1825, 2), (18094, 1)
gestahlt (DF: 1): (11552, 4)
gestank (DF: 2): (3437, 1), (397, 1)
gestapelt (DF: 1): (7411, 1)
gestapo (DF: 1): (18190, 1)
gesteckt (DF: 1): (1845, 4)
gestellt (DF: 3): (2535, 2), (9999, 1), (1715, 1)
gestenigd (DF: 1): (1318, 1)
gestickt (DF: 1): (17142, 1)
gestillt (DF: 1): (681, 1)
gestion (DF: 1): (12789, 1)
gestoch (DF: 1): (1244, 1)
gestohn (DF: 2): (2496, 3), (3048, 1)
gestopft (DF: 1): (13125, 1)
gestoppt (DF: 2): (3984, 1), (10074, 1)
gestort (DF: 1): (2328, 1)
gestreckt (DF: 6): (5206, 1), (10523, 1), (11521, 2), (12619, 1), (13755, 1), (17630, 1)
gestritt (DF: 1): (3570, 1)
gestur (DF: 4): (6226, 1), (6335, 1), (8496, 1), (15972, 1)
gestylt (DF: 1): (10719, 1)
gestört (DF: 1): (15059, 1)
gesucht (DF: 2): (14970, 1), (16640, 1)
gesund (DF: 2): (13093, 1), (14153, 1)
gesundheit (DF: 1): (17987, 1)
gesung (DF: 2): (13755, 1), (17630, 1)
get (DF: 277): (2, 2), (1891, 3), (1896, 4), (1901, 1), (1902, 1), (195, 4), (1906, 3), (1909, 2), (1912, 6), (1916, 3), (1919, 1), (1922, 5), (197, 4), (1924, 1), (1929, 1), (1940, 2), (1941, 7), (1945, 2), (1949, 3), (1952, 2), (1956, 1), (1957, 16), (1958, 1), (1964, 3), (1972, 6), (1975, 1), (1977, 1), (1979, 1), (1985, 1), (1994, 1), (1995, 5), (2000, 1), (2001, 1), (2002, 8), (2005, 1), (2011, 7), (2022, 2), (2028, 5), (202, 3), (2039, 2), (2045, 6), (2048, 1), (2052, 6), (2058, 6), (2064, 4), (2067, 2), (2069, 2), (20, 2), (204, 14), (2071, 3), (2075, 2), (2076, 2), (2083, 7), (2084, 1), (2089, 2), (2091, 10), (2093, 2), (2101, 8), (2102, 1), (2104, 3), (2110, 15), (2113, 2), (206, 5), (2131, 1), (2138, 2), (2145, 2), (209, 2), (2147, 4), (2154, 6), (2158, 1), (2160, 1), (2164, 1), (2174, 5), (2176, 2), (2177, 2), (2178, 1), (212, 11), (2181, 1), (2198, 7), (2208, 2), (2211, 2), (215, 2), (2221, 5), (2223, 6), (2225, 3), (2228, 5), (2230, 1), (218, 1), (2233, 3), (2236, 1), (2241, 3), (21, 3), (2254, 1), (2255, 5), (2259, 4), (2263, 5), (221, 15), (2272, 1), (2276, 8), (2277, 2), (2278, 2), (2279, 3), (2286, 2), (2291, 4), (2294, 6), (2300, 1), (2305, 3), (2307, 1), (2309, 1), (2315, 4), (2317, 6), (2320, 1), (2322, 4), (2326, 8), (2328, 1), (2329, 4), (2333, 5), (2337, 2), (2340, 2), (2341, 1), (2349, 2), (226, 1), (2356, 1), (2357, 9), (2359, 2), (2361, 5), (2363, 5), (2368, 16), (2372, 1), (228, 1), (2374, 12), (2378, 3), (2381, 9), (2397, 4), (231, 1), (2399, 2), (2411, 5), (2422, 2), (2423, 4), (2431, 4), (2440, 4), (2446, 1), (2455, 2), (2459, 1), (2460, 1), (2462, 1), (2467, 2), (2471, 14), (2472, 3), (2478, 1), (2489, 6), (2491, 1), (2497, 4), (2500, 1), (2501, 4), (241, 3), (2509, 2), (2512, 2), (2522, 4), (2523, 4), (2527, 1), (2537, 1), (2540, 10), (2541, 6), (2544, 7), (245, 5), (2545, 1), (2552, 3), (2555, 1), (2561, 1), (2562, 2), (2563, 3), (2565, 1), (2566, 1), (2568, 2), (2569, 3), (2573, 6), (2580, 1), (2583, 2), (2586, 5), (2589, 2), (2592, 2), (2594, 4), (2599, 2), (2624, 1), (2628, 6), (2629, 2), (2635, 1), (2636, 3), (2639, 3), (2644, 5), (2646, 4), (2649, 3), (2660, 6), (2663, 1), (2666, 3), (2669, 3), (2677, 7), (2679, 1), (2685, 1), (255, 16), (2687, 3), (2690, 1), (2692, 2), (2699, 1), (2705, 1), (2708, 1), (2712, 2), (2716, 2), (261, 4), (2730, 1), (2733, 2), (2735, 3), (2741, 1), (2744, 17), (2747, 1), (2757, 1), (2760, 4), (2765, 9), (2771, 1), (2781, 5), (2784, 4), (267, 2), (2787, 1), (2790, 1), (2793, 2), (2795, 2), (2800, 6), (2804, 1), (2811, 2), (2816, 6), (2820, 1), (2822, 9), (26, 7), (270, 3), (2827, 3), (2829, 1), (2832, 4), (2840, 1), (2842, 2), (2849, 2), (2850, 6), (2851, 3), (2855, 7), (273, 3), (2859, 4), (2865, 8), (2872, 4), (2873, 2), (275, 1), (2878, 2), (2880, 13), (2882, 1), (2884, 6), (2887, 1), (2895, 4), (2896, 2), (2899, 10), (2906, 2), (2912, 4), (278, 5), (2927, 2), (2932, 1), (2939, 4), (2943, 1), (2950, 1), (2971, 6), (2974, 2), (2978, 5), (2982, 3), (2988, 1), (2991, 1), (2997, 3), (3009, 87), (286, 6), (3018, 3), (3027, 2)
