denali (DF: 1): (15988, 1)
denar (DF: 1): (711, 1)
denaun (DF: 1): (10195, 1)
dend (DF: 1): (4222, 1)
denden (DF: 1): (15397, 3)
dene (DF: 3): (10442, 1), (10833, 1), (11725, 1)
denerwuj (DF: 1): (4761, 1)
deng (DF: 1): (18053, 3)
dengan (DF: 1): (12477, 1)
dengang (DF: 1): (413, 1)
dengi (DF: 1): (11024, 1)
dengo (DF: 1): (15400, 1)
dengu (DF: 1): (8308, 4)
deni (DF: 252): (1914, 4), (1964, 1), (2002, 1), (2036, 1), (2191, 1), (2247, 2), (2272, 6), (2362, 1), (2419, 1), (236, 6), (241, 2), (2515, 1), (2594, 1), (2613, 7), (2769, 4), (2984, 2), (3126, 1), (3157, 2), (3277, 1), (3281, 2), (3396, 2), (3449, 1), (368, 1), (3749, 1), (3776, 1), (3923, 1), (3931, 3), (3998, 1), (4035, 1), (4233, 2), (4315, 1), (4351, 1), (4413, 1), (4564, 1), (4643, 7), (4663, 2), (4944, 1), (4957, 1), (4982, 5), (4996, 2), (5098, 7), (5107, 1), (5255, 28), (5274, 1), (5314, 2), (5316, 1), (5450, 1), (5455, 1), (5660, 2), (5676, 6), (5721, 2), (5758, 5), (578, 1), (5947, 5), (6043, 1), (6163, 6), (6214, 1), (56, 2), (621, 3), (627, 10), (6314, 1), (6328, 1), (631, 4), (6369, 1), (6375, 1), (6474, 1), (645, 1), (6608, 4), (6752, 1), (6778, 2), (6832, 2), (6858, 1), (6901, 1), (6916, 3), (6936, 1), (6956, 1), (6992, 1), (7044, 3), (699, 1), (717, 3), (7325, 3), (7636, 1), (7813, 1), (7933, 3), (7955, 1), (7992, 1), (8235, 1), (8322, 1), (8485, 5), (8522, 1), (8554, 1), (8557, 1), (8561, 1), (8578, 2), (870, 1), (8782, 2), (8850, 21), (8991, 1), (9137, 2), (9193, 6), (9459, 2), (9472, 1), (9639, 1), (9645, 6), (9789, 2), (9801, 1), (9813, 4), (9835, 2), (9948, 3), (1015, 1), (9965, 1), (9977, 1), (10021, 1), (10082, 3), (10106, 1), (10171, 1), (10178, 1), (10366, 1), (10374, 1), (10425, 2), (10453, 2), (10520, 3), (10541, 1), (10569, 1), (10608, 1), (10668, 2), (110, 1), (10836, 1), (10840, 1), (11011, 2), (11133, 1), (11188, 1), (11201, 2), (11208, 1), (1148, 1), (1169, 1), (1188, 1), (11725, 2), (11962, 2), (12161, 2), (1240, 1), (12353, 1), (12361, 1), (12463, 5), (12577, 1), (12595, 1), (12812, 2), (12849, 2), (13044, 1), (13049, 1), (13057, 1), (13162, 42), (13203, 1), (13258, 1), (13298, 2), (13312, 2), (13387, 5), (13391, 1), (13419, 1), (13446, 1), (13471, 1), (13586, 1), (13604, 2), (13703, 2), (13767, 4), (13781, 6), (13797, 1), (1405, 1), (13831, 1), (13954, 1), (14058, 2), (14116, 1), (14141, 1), (14145, 2), (14175, 3), (1452, 1), (14300, 1), (14308, 1), (14358, 7), (14372, 8), (14377, 2), (14382, 1), (14440, 1), (14516, 1), (14654, 4), (14855, 4), (14883, 2), (14909, 1), (14991, 8), (15040, 3), (15059, 1), (15134, 6), (15158, 2), (15280, 1), (15396, 1), (15397, 3), (15434, 1), (15608, 4), (15642, 1), (15725, 1), (15728, 1), (15734, 2), (15754, 1), (15809, 4), (15822, 2), (16009, 4), (16045, 1), (16182, 6), (16229, 1), (16251, 1), (1667, 1), (16389, 2), (16488, 2), (16504, 2), (16527, 1), (16543, 1), (16590, 2), (16831, 2), (1712, 1), (16894, 3), (17016, 1), (17023, 1), (17109, 1), (17195, 2), (17217, 1), (17235, 1), (17290, 2), (17472, 1), (17482, 2), (17600, 2), (17620, 1), (17654, 1), (17828, 2), (17839, 6), (17885, 4), (17943, 1), (17947, 2), (17982, 1), (18234, 7), (18237, 1), (18252, 2), (4074, 2), (4075, 1), (5536, 10), (5537, 2), (10405, 2), (10406, 1), (10477, 2), (10478, 1), (15133, 1), (15361, 1), (15363, 1)
denial (DF: 25): (2445, 11), (2872, 1), (3143, 18), (3417, 1), (3479, 1), (4169, 1), (4523, 1), (4966, 11), (5195, 2), (6228, 1), (6308, 1), (6936, 1), (708, 1), (9441, 1), (10432, 18), (10601, 1), (12008, 1), (12218, 1), (12660, 9), (13131, 1), (14033, 1), (1508, 1), (16233, 2), (18114, 3), (18372, 1)
deniceemoberg (DF: 42): (1927, 1), (2099, 1), (2621, 1), (3567, 1), (3848, 1), (4970, 1), (5324, 1), (568, 1), (571, 1), (6212, 1), (6551, 1), (7057, 1), (704, 1), (7532, 1), (7716, 1), (8202, 1), (8457, 1), (9121, 1), (9142, 1), (984, 1), (9904, 1), (10617, 1), (11039, 1), (11547, 1), (13081, 1), (13496, 1), (13505, 1), (13627, 1), (13962, 1), (14306, 1), (14449, 1), (14927, 1), (15300, 1), (15697, 1), (15895, 1), (16285, 1), (17041, 1), (17271, 1), (17379, 1), (17637, 1), (17725, 1), (18258, 1)
denigr (DF: 1): (9179, 1)
denim (DF: 28): (2039, 1), (2218, 1), (2322, 1), (2867, 1), (3268, 1), (6721, 1), (6817, 1), (6969, 1), (7006, 1), (7690, 1), (7977, 1), (9071, 1), (938, 1), (9767, 1), (11117, 1), (11418, 1), (11489, 6), (11660, 2), (12391, 1), (14745, 1), (15251, 1), (1574, 2), (16068, 1), (16364, 1), (16635, 1), (17304, 1), (18086, 1), (18253, 1)
denimlyric (DF: 1): (8367, 2)
