hook (DF: 123): (10752, 3), (10754, 1), (10829, 1), (10841, 1), (10859, 1), (10975, 3), (11057, 2), (11061, 2), (11079, 1), (11088, 1), (11140, 1), (11203, 3), (11212, 1), (11234, 2), (11349, 1), (11382, 2), (11453, 12), (11460, 1), (11498, 1), (1180, 2), (1187, 2), (11634, 1), (11843, 1), (11950, 2), (12010, 1), (12034, 1), (1230, 1), (1244, 1), (12463, 1), (12501, 3), (12525, 3), (12535, 1), (12653, 2), (130, 1), (12891, 5), (12946, 1), (1315, 1), (13002, 2), (13070, 1), (13127, 9), (13221, 2), (13268, 2), (13323, 1), (1355, 2), (13551, 1), (13593, 1), (13655, 1), (13773, 1), (13914, 1), (14142, 1), (14213, 1), (14236, 2), (14255, 2), (14264, 2), (14320, 1), (14325, 2), (14353, 3), (14377, 1), (14475, 1), (14531, 7), (14642, 1), (14748, 2), (14893, 1), (14942, 1), (14950, 1), (14998, 2), (15028, 1), (15240, 1), (15276, 3), (15416, 1), (15534, 1), (15568, 3), (15598, 1), (15610, 1), (1594, 1), (15674, 1), (15728, 3), (15855, 1), (15866, 1), (15988, 1), (16012, 1), (16054, 1), (16181, 1), (16190, 1), (16220, 1), (16238, 2), (16334, 2), (16351, 2), (16408, 5), (16472, 1), (16488, 3), (16518, 1), (16570, 1), (16598, 1), (16604, 1), (16812, 2), (16855, 1), (1713, 1), (16886, 2), (16947, 7), (16970, 1), (17061, 5), (17117, 3), (17277, 1), (17349, 1), (17482, 1), (17504, 1), (17603, 1), (17635, 1), (17699, 1), (17740, 1), (17916, 1), (17959, 2), (17987, 3), (1820, 1), (18016, 2), (18181, 1), (18192, 1), (18253, 1), (18399, 2), (1874, 1), (1028, 2), (1029, 1)
hookah (DF: 20): (2164, 38), (3541, 1), (3587, 14), (3884, 1), (450, 2), (5622, 1), (6808, 1), (711, 1), (7342, 3), (7922, 1), (7925, 1), (11005, 14), (11037, 2), (11495, 1), (12127, 9), (14298, 3), (15402, 2), (16264, 6), (18398, 2), (18441, 1)
hooker (DF: 32): (2143, 1), (2294, 2), (2701, 1), (3587, 2), (3803, 2), (6636, 1), (6923, 2), (7175, 1), (7178, 1), (753, 1), (7786, 1), (8468, 2), (9823, 1), (10341, 1), (10675, 1), (11492, 1), (11616, 1), (11909, 1), (12535, 1), (13364, 1), (13797, 1), (13846, 1), (14006, 2), (14095, 1), (14410, 1), (1618, 1), (15823, 1), (15855, 1), (16650, 1), (16720, 1), (17959, 2), (17998, 1)
hookey (DF: 1): (16208, 1)
hooki (DF: 1): (17419, 2)
hookin (DF: 9): (4784, 3), (5489, 1), (6788, 1), (8431, 2), (10044, 1), (10373, 1), (10745, 1), (13279, 1), (18270, 1)
hookup (DF: 3): (3238, 1), (5122, 2), (13512, 7)
hoola (DF: 1): (14742, 1)
hooligan (DF: 15): (2002, 1), (2771, 1), (3128, 1), (5049, 1), (5974, 1), (6447, 1), (6595, 1), (7376, 1), (9748, 1), (10725, 1), (10731, 1), (14118, 1), (15956, 1), (16507, 2), (17048, 1)
hoon (DF: 5): (2086, 15), (10442, 2), (12819, 3), (18053, 3), (1834, 1)
hooo (DF: 11): (5222, 1), (6135, 14), (6286, 1), (7578, 2), (8296, 2), (9676, 3), (10858, 3), (13005, 8), (15340, 14), (16518, 1), (17355, 3)
hoooo (DF: 5): (2263, 2), (8296, 1), (8347, 6), (9288, 1), (18110, 1)
hoooohoo (DF: 1): (6286, 1)
hooooooood (DF: 1): (17224, 1)
hoooooooooo (DF: 1): (11615, 1)
hoooooooyyy (DF: 1): (6079, 2)
hooooyyy (DF: 1): (6079, 2)
hooop (DF: 1): (15205, 1)
hoop (DF: 36): (2116, 2), (2637, 1), (2895, 1), (3152, 1), (3914, 1), (4575, 1), (5460, 2), (5779, 1), (5958, 1), (7459, 1), (7697, 1), (8470, 1), (10066, 1), (10133, 1), (11255, 4), (122, 9), (12049, 1), (12678, 4), (13269, 1), (13817, 1), (13876, 6), (14555, 1), (14757, 1), (15164, 1), (15263, 1), (15518, 1), (15565, 1), (15765, 1), (15978, 4), (16435, 1), (16765, 1), (1711, 1), (17182, 1), (17373, 1), (18308, 1), (18441, 44)
hoopa (DF: 1): (3589, 1)
hoopin (DF: 4): (2053, 1), (6447, 1), (16812, 1), (17102, 1)
hoopl (DF: 2): (2112, 1), (5428, 1)
hoopla (DF: 2): (819, 1), (16946, 3)
hoopti (DF: 16): (222, 1), (2545, 1), (3121, 4), (3914, 2), (5460, 4), (8726, 1), (9479, 3), (9873, 8), (10102, 3), (13235, 1), (13315, 1), (1410, 1), (1692, 2), (16886, 1), (1717, 1), (1718, 1)
hoopz (DF: 1): (17773, 1)
hoor (DF: 8): (6303, 1), (852, 1), (13201, 1), (1432, 1), (14335, 1), (14757, 3), (1619, 1), (16602, 1)
hoorah (DF: 1): (10439, 3)
hooray (DF: 9): (4096, 3), (4468, 9), (4770, 3), (6988, 1), (7411, 1), (8825, 1), (13670, 1), (15100, 1), (15291, 1)
hoort (DF: 1): (15205, 1)
hoosegow (DF: 1): (1957, 2)
hoosier (DF: 1): (3884, 1)
hoot (DF: 2): (8026, 1), (8187, 1)
