profit (DF: 5): (17611, 3), (17657, 1), (17773, 1), (18291, 1), (1880, 2)
profond (DF: 5): (5821, 3), (9912, 1), (13096, 1), (13126, 1), (15824, 1)
profondeur (DF: 1): (7254, 1)
profondo (DF: 1): (358, 1)
profound (DF: 7): (5474, 2), (8400, 2), (8474, 1), (11212, 1), (11915, 1), (13951, 1), (14546, 1)
profum (DF: 7): (5116, 4), (7251, 1), (7466, 3), (8208, 1), (15449, 1), (17273, 1), (1800, 4)
profund (DF: 25): (3092, 1), (312, 1), (3572, 1), (4678, 2), (5183, 1), (5762, 3), (6339, 1), (8805, 3), (9248, 1), (9470, 1), (10217, 1), (10291, 1), (1095, 1), (11866, 2), (12087, 1), (13442, 1), (15310, 1), (1686, 1), (16715, 1), (16820, 1), (1724, 1), (17431, 1), (1769, 1), (17671, 1), (17685, 7)
profus (DF: 1): (9659, 1)
prog (DF: 1): (16608, 1)
progenitor (DF: 1): (14627, 1)
progett (DF: 1): (10238, 1)
prognosi (DF: 1): (2628, 2)
program (DF: 33): (2677, 1), (3565, 1), (4279, 1), (4939, 2), (5270, 1), (5519, 1), (5679, 1), (6899, 1), (6959, 1), (7371, 2), (7820, 1), (7973, 1), (8433, 1), (8820, 1), (8987, 1), (9458, 4), (9649, 1), (10002, 1), (10826, 1), (11135, 1), (12423, 1), (13246, 1), (13427, 1), (14400, 1), (14697, 1), (15172, 1), (15534, 1), (15866, 1), (15905, 4), (15929, 1), (17076, 2), (18067, 1), (18398, 2)
programaton (DF: 1): (3969, 1)
programm (DF: 2): (5565, 1), (10114, 1)
programmiert (DF: 1): (17716, 2)
progres (DF: 6): (1978, 1), (3723, 1), (4210, 1), (7760, 2), (15157, 1), (16183, 1)
progresion (DF: 1): (1677, 1)
progresiv (DF: 1): (7760, 1)
progresivo (DF: 52): (2024, 1), (2042, 1), (2371, 1), (2451, 1), (2658, 1), (263, 1), (3000, 1), (3320, 1), (3407, 1), (3796, 1), (4260, 1), (4296, 1), (443, 1), (4618, 1), (4945, 1), (5239, 1), (5287, 1), (5393, 1), (5726, 1), (615, 1), (7363, 1), (7897, 1), (827, 1), (8656, 1), (8660, 1), (9979, 1), (10093, 1), (10449, 1), (10738, 1), (11715, 1), (11873, 1), (1242, 1), (13347, 1), (1350, 1), (1381, 1), (13736, 1), (14138, 1), (14166, 1), (14401, 1), (14523, 1), (1533, 1), (15206, 1), (15447, 1), (15670, 1), (16116, 1), (1663, 1), (16384, 1), (16597, 1), (16608, 1), (16742, 1), (16835, 1), (18117, 1)
progress (DF: 249): (1905, 1), (1917, 2), (1946, 1), (1991, 2), (2009, 1), (201, 1), (2024, 1), (2042, 1), (2138, 1), (2149, 2), (2193, 2), (2197, 1), (2285, 1), (2314, 2), (2370, 2), (2371, 1), (231, 1), (2451, 1), (2457, 2), (2468, 1), (2474, 2), (2517, 1), (2607, 1), (2608, 2), (2620, 1), (2658, 1), (2722, 2), (258, 1), (2740, 2), (263, 1), (2777, 2), (2789, 2), (2905, 1), (2924, 1), (2941, 2), (2966, 1), (2970, 1), (2987, 1), (2995, 2), (2997, 1), (3000, 1), (3017, 1), (289, 1), (3061, 1), (3086, 1), (3115, 1), (3122, 1), (3141, 2), (3250, 1), (323, 1), (3287, 2), (3301, 1), (3306, 1), (326, 1), (3314, 1), (3320, 1), (3328, 1), (3336, 1), (3377, 2), (3391, 1), (3396, 2), (3407, 1), (3411, 2), (3423, 1), (3475, 1), (3477, 2), (3481, 2), (344, 1), (3539, 1), (3616, 2), (3630, 1), (3643, 1), (3654, 1), (3709, 1), (3716, 2), (3796, 1), (31, 1), (3817, 1), (3819, 2), (3825, 1), (3829, 1), (3856, 1), (3868, 1), (3877, 2), (3899, 2), (380, 1), (385, 1), (3928, 1), (3998, 1), (4035, 1), (401, 1), (4109, 2), (4118, 1), (4164, 2), (4179, 1), (4202, 1), (4227, 2), (4241, 2), (4260, 1), (4276, 1), (419, 1), (4296, 1), (423, 1), (4336, 2), (4346, 1), (4350, 1), (4358, 3), (4363, 2), (4389, 1), (4414, 2), (4435, 1), (4441, 1), (443, 1), (4559, 1), (448, 1), (4618, 1), (4698, 2), (461, 2), (4725, 2), (4735, 1), (41, 1), (4764, 1), (4768, 2), (4772, 2), (4801, 2), (4835, 1), (4945, 1), (5009, 2), (488, 1), (5095, 2), (5113, 2), (5129, 1), (5138, 1), (5153, 1), (508, 1), (5180, 2), (5194, 2), (5220, 1), (5264, 1), (5282, 1), (5287, 1), (5325, 1), (531, 2), (5377, 2), (5393, 1), (5427, 1), (5476, 1), (5485, 1), (542, 2), (5500, 1), (5515, 1), (5517, 1), (5539, 1), (5542, 2), (5550, 2), (5556, 2), (5600, 2), (5603, 1), (5609, 2), (5611, 2), (5632, 2), (560, 1), (5684, 1), (5706, 2), (5726, 1), (5727, 1), (5733, 1), (5756, 1), (572, 1), (5807, 1), (5858, 1), (5911, 1), (5939, 1), (5951, 2), (5978, 2), (5985, 1), (6017, 1), (6027, 2), (6030, 1), (6035, 2), (6066, 2), (6076, 1), (602, 2), (6088, 1), (6099, 1), (6113, 2), (6116, 2), (610, 1), (6174, 1), (6180, 1), (6183, 1), (615, 1), (6201, 1), (6204, 2), (6257, 2), (6283, 2), (6294, 1), (6360, 1), (6363, 1), (634, 2), (6433, 2), (6456, 2), (6482, 2), (6519, 2), (6549, 1), (6579, 1), (6594, 2), (6597, 1), (652, 2), (6602, 1), (6611, 1), (6625, 2), (6662, 1), (6669, 1), (6672, 2), (6684, 2), (6692, 2), (6717, 2), (6775, 1), (6820, 1), (6830, 1), (6836, 1), (6869, 1), (6874, 1), (6892, 1), (6916, 2), (6924, 1), (6943, 1), (6954, 1), (6955, 1), (6991, 2), (7002, 2), (7006, 1), (7007, 1), (7040, 1), (7086, 1), (7111, 1), (7165, 2), (7199, 1), (717, 2), (720, 2), (7263, 1), (7326, 2), (7347, 1), (7389, 1), (7400, 2), (7416, 1), (739, 1), (7428, 2)
