mexican (DF: 30): (11563, 1), (11671, 2), (11748, 1), (11961, 1), (12802, 6), (12969, 4), (13075, 1), (13368, 1), (13432, 1), (13812, 1), (13817, 1), (13930, 1), (14136, 2), (14160, 5), (14260, 1), (14486, 1), (14840, 1), (1625, 2), (16127, 1), (16295, 2), (16482, 4), (16521, 1), (16816, 1), (16957, 1), (17035, 1), (17059, 6), (17673, 2), (1799, 3), (17881, 1), (18382, 1)
mexicana (DF: 2): (14242, 1), (17161, 1)
mexicano (DF: 3): (9046, 1), (11424, 1), (16619, 1)
mexico (DF: 41): (1899, 1), (2707, 2), (346, 1), (3594, 1), (4128, 1), (4158, 1), (4543, 1), (5056, 2), (5413, 1), (5497, 1), (5610, 1), (6487, 1), (6606, 2), (7197, 1), (7393, 1), (9631, 2), (10083, 2), (10851, 2), (11397, 1), (11727, 12), (12690, 4), (13409, 3), (13635, 1), (1433, 1), (14138, 3), (14163, 2), (14219, 4), (14438, 4), (14475, 1), (15294, 1), (15595, 1), (15604, 2), (15873, 1), (16144, 1), (16271, 1), (16605, 1), (16924, 1), (17291, 1), (17435, 4), (18346, 1), (18399, 1)
mexiko (DF: 2): (14970, 1), (15867, 1)
mexo (DF: 1): (9812, 1)
mextasis (DF: 1): (14624, 5)
meynberg (DF: 2): (2647, 1), (12389, 1)
mez (DF: 1): (4686, 1)
mezasu (DF: 1): (10304, 2)
mezcal (DF: 5): (2252, 2), (5610, 1), (7197, 1), (1510, 3), (17152, 1)
mezcl (DF: 38): (3214, 1), (3401, 2), (3555, 3), (3631, 2), (371, 1), (417, 1), (5224, 2), (5525, 4), (5547, 1), (5990, 1), (6650, 2), (711, 1), (7851, 1), (8733, 14), (9039, 3), (9172, 6), (9532, 1), (9786, 8), (10379, 1), (1098, 1), (11480, 1), (11734, 1), (12505, 1), (12770, 1), (13369, 2), (13650, 1), (14260, 1), (14379, 1), (14825, 4), (15402, 1), (1631, 1), (16373, 6), (1687, 1), (17237, 1), (17293, 1), (17467, 1), (17607, 1), (17965, 3)
mezcla (DF: 1): (10327, 1)
mezclam (DF: 2): (14429, 2), (14457, 2)
mezclando (DF: 1): (9474, 1)
mezclo (DF: 1): (8870, 1)
mezelf (DF: 6): (4297, 1), (6008, 2), (8418, 1), (11266, 1), (12662, 1), (16435, 2)
mezmor (DF: 1): (7449, 1)
mezquin (DF: 1): (18222, 3)
mezz (DF: 21): (2567, 1), (3210, 1), (3717, 1), (3972, 1), (4587, 2), (4890, 1), (4992, 2), (6395, 1), (63, 3), (6961, 1), (8161, 2), (11314, 1), (12256, 1), (1485, 1), (14629, 4), (15824, 1), (16749, 1), (17014, 1), (17718, 3), (1850, 1), (18370, 1)
mezzanin (DF: 7): (2500, 1), (2939, 1), (5610, 1), (7197, 1), (7232, 1), (7537, 1), (11702, 1)
mezzanott (DF: 1): (438, 1)
meñiqu (DF: 1): (17309, 2)
mf (DF: 8): (2124, 1), (2256, 1), (9088, 1), (12308, 1), (12320, 1), (12507, 1), (13364, 2), (15153, 1)
mfalm (DF: 1): (16131, 8)
mfnmelo (DF: 1): (14810, 1)
mfuck (DF: 1): (920, 1)
mg (DF: 3): (3748, 1), (10259, 1), (10756, 1)
mga (DF: 25): (0, 5), (3150, 8), (3887, 8), (4657, 5), (4815, 1), (4910, 1), (8001, 1), (8490, 2), (8768, 1), (9901, 2), (10227, 1), (10596, 8), (10818, 1), (11761, 1), (13701, 4), (14084, 1), (14250, 8), (14872, 1), (15516, 4), (15706, 3), (15763, 2), (16133, 1), (17094, 1), (18247, 1), (18453, 1)
mgh (DF: 2): (483, 1), (1654, 1)
mgk (DF: 1): (5862, 1)
mgle (DF: 1): (8452, 6)
mgm (DF: 4): (10044, 1), (11524, 2), (17371, 1), (18005, 1)
mgmt (DF: 3): (3505, 1), (7915, 1), (10458, 1)
mgs (DF: 2): (13755, 1), (17630, 1)
mh (DF: 14): (454, 1), (4872, 1), (5720, 1), (5727, 1), (6066, 1), (647, 1), (7137, 1), (8777, 2), (9222, 7), (12981, 3), (13358, 1), (14089, 1), (14919, 2), (17604, 2)
mhd (DF: 1): (3453, 2)
mhh (DF: 2): (8440, 8), (14970, 1)
mhhhh (DF: 1): (14154, 1)
mhm (DF: 38): (256, 1), (2949, 2), (3033, 1), (3738, 2), (4269, 3), (4662, 2), (4834, 1), (5137, 4), (5237, 1), (5461, 6), (5926, 1), (7137, 2), (848, 2), (8671, 2), (8908, 1), (9140, 5), (9264, 1), (1058, 4), (10412, 3), (10999, 1), (11512, 1), (1192, 7), (11812, 1), (13364, 1), (1351, 2), (13896, 1), (13953, 1), (14800, 2), (15235, 3), (15259, 1), (15285, 1), (15588, 1), (15653, 7), (15825, 5), (15893, 2), (16015, 12), (17976, 1), (18165, 4)
mhmm (DF: 7): (2202, 1), (4018, 2), (5058, 6), (5926, 2), (13659, 2), (13899, 1), (17142, 3)
mhmmhm (DF: 2): (13659, 2), (16414, 34)
mi (DF: 29): (1900, 32), (194, 12), (1920, 10), (1924, 16), (2210, 3), (2277, 1), (2402, 9), (2540, 8), (247, 32), (2609, 4), (250, 1), (2730, 1), (2843, 3), (278, 2), (2951, 1), (3035, 3), (3095, 2), (299, 2), (3146, 3), (3213, 1), (3217, 3), (3380, 2), (335, 6), (3479, 1), (3513, 2), (3559, 1), (358, 1), (3691, 1), (380, 6)
