businessclass (DF: 2): (1176, 1), (15010, 1)
businessman (DF: 3): (6644, 2), (7943, 1), (10543, 1)
businessmen (DF: 11): (5044, 2), (5182, 2), (6721, 1), (7882, 1), (886, 1), (11602, 1), (15251, 1), (15584, 1), (16068, 1), (16546, 2), (18348, 1)
busqu (DF: 51): (2043, 2), (3158, 2), (3211, 1), (3504, 1), (4479, 1), (476, 1), (4886, 2), (481, 1), (5174, 6), (6111, 1), (6205, 2), (7042, 1), (8171, 2), (8569, 1), (8758, 4), (8940, 2), (9580, 2), (9719, 1), (10036, 1), (1027, 1), (10682, 3), (10813, 1), (10877, 2), (10892, 4), (12541, 1), (12901, 1), (13030, 2), (13066, 2), (13067, 1), (1333, 2), (13454, 1), (1379, 1), (13694, 2), (1422, 4), (13971, 2), (14341, 1), (14512, 4), (15147, 12), (15204, 2), (15208, 1), (15716, 1), (15993, 2), (16321, 1), (16465, 6), (16751, 1), (17213, 4), (17285, 1), (17345, 1), (17660, 1), (17861, 1), (17975, 1)
busqued (DF: 2): (489, 1), (13033, 2)
busquei (DF: 3): (9494, 1), (12348, 1), (16035, 1)
busquem (DF: 1): (11371, 2)
busqueper (DF: 1): (996, 6)
busqué (DF: 1): (11014, 4)
buss (DF: 25): (1924, 2), (2822, 1), (3234, 2), (4837, 2), (5312, 1), (6319, 1), (6452, 2), (6761, 2), (8455, 1), (9032, 1), (9119, 1), (9767, 2), (10133, 1), (1030, 1), (10648, 2), (1143, 30), (12946, 1), (1334, 4), (13473, 1), (1574, 16), (15442, 1), (16423, 1), (16598, 1), (17954, 1), (18344, 2)
bussa (DF: 1): (9102, 30)
bussi (DF: 1): (6168, 1)
bussin (DF: 9): (2045, 1), (2527, 1), (7323, 1), (7580, 3), (7787, 47), (10085, 4), (1036, 1), (1436, 1), (18082, 1)
bust (DF: 251): (1903, 2), (1941, 1), (1949, 1), (1995, 1), (2014, 3), (2026, 2), (2028, 6), (2039, 2), (2058, 3), (2064, 1), (2067, 1), (2069, 2), (2075, 1), (2076, 2), (2083, 1), (204, 2), (2104, 4), (2110, 3), (2174, 2), (2177, 1), (2228, 2), (2276, 1), (222, 2), (2394, 1), (2399, 1), (2453, 4), (2511, 2), (2545, 1), (2567, 1), (2583, 3), (2624, 1), (2628, 2), (2636, 1), (2649, 1), (2666, 1), (2706, 1), (2730, 1), (2746, 1), (270, 1), (2825, 2), (2832, 1), (2843, 1), (2850, 1), (3037, 1), (3052, 1), (3065, 1), (3084, 3), (3095, 2), (3127, 1), (3144, 30), (3148, 1), (3161, 2), (3170, 1), (3241, 1), (3249, 1), (3253, 1), (3254, 2), (3265, 1), (3293, 1), (332, 1), (3439, 1), (3483, 1), (3485, 1), (3538, 2), (3581, 1), (3597, 2), (3602, 1), (3726, 2), (369, 1), (3803, 2), (3813, 1), (3821, 2), (3904, 1), (3925, 5), (3956, 1), (4034, 10), (4046, 1), (4144, 2), (4165, 1), (415, 5), (4218, 3), (418, 1), (4341, 1), (4407, 1), (4503, 2), (4575, 1), (4621, 3), (4641, 1), (4669, 2), (4719, 3), (469, 1), (4807, 32), (4814, 2), (4830, 1), (4866, 5), (479, 3), (4956, 2), (4971, 1), (5015, 6), (5032, 1), (5050, 1), (5075, 1), (5076, 1), (5080, 1), (5082, 1), (5085, 2), (5087, 1), (5109, 3), (5121, 4), (5170, 2), (5225, 1), (524, 2), (5312, 1), (47, 1), (527, 1), (5325, 2), (5426, 3), (5463, 1), (5478, 1), (5494, 1), (5506, 1), (5587, 6), (5596, 4), (5642, 1), (5645, 2), (5692, 1), (5707, 2), (5794, 2), (5838, 1), (5842, 2), (5863, 1), (581, 1), (5872, 2), (583, 1), (5941, 1), (5947, 2), (5950, 1), (591, 1), (5974, 1), (6001, 10), (6061, 1), (6141, 1), (6144, 1), (6168, 3), (6184, 4), (6226, 8), (6258, 1), (6266, 4), (6322, 1), (6367, 1), (6382, 1), (6403, 1), (6503, 1), (646, 2), (6543, 1), (6560, 2), (6565, 1), (6583, 1), (660, 1), (6729, 1), (669, 1), (6761, 2), (6819, 1), (6824, 2), (6837, 1), (6899, 1), (6910, 3), (6923, 2), (7004, 2), (7024, 2), (7060, 2), (7090, 1), (7113, 1), (7140, 1), (7182, 1), (7189, 1), (7198, 1), (7207, 8), (7218, 1), (7226, 1), (7297, 1), (731, 1), (7383, 2), (7387, 2), (7454, 5), (7469, 1), (7520, 1), (7538, 3), (7540, 1), (7544, 2), (7550, 1), (7553, 2), (7574, 1), (7635, 1), (7654, 1), (7751, 2), (7754, 1), (7768, 2), (7771, 1), (7787, 3), (789, 1), (7829, 1), (7873, 1), (7892, 1), (7928, 1), (7973, 1), (808, 1), (7992, 1), (8009, 1), (8061, 7), (8103, 11), (8132, 8), (8148, 2), (825, 3), (8232, 1), (8234, 1), (8238, 1), (8264, 1), (8299, 2), (8367, 1), (8387, 6), (8393, 1), (8470, 1), (8532, 2), (8538, 43), (8555, 1), (8559, 1), (8561, 1), (8592, 1), (8593, 2), (8602, 1), (8662, 2), (8726, 2), (8755, 2), (8779, 2), (8784, 2), (8830, 3), (8870, 1), (8959, 1), (9032, 4), (9046, 1), (9054, 1), (9061, 1), (9073, 2), (9093, 6), (9099, 1), (9102, 1), (9119, 1), (9140, 7), (9143, 2), (9183, 1)
