free (DF: 90): (693, 1), (694, 1), (7180, 2), (7181, 1), (7636, 1), (7638, 2), (7736, 1), (7737, 6), (8633, 6), (8634, 2), (8916, 1), (8917, 3), (1006, 2), (1007, 1), (9913, 1), (9914, 1), (10127, 1), (10129, 1), (10135, 1), (10136, 1), (10343, 1), (10344, 2), (11736, 40), (11737, 9), (11830, 1), (11832, 4), (12189, 1), (12190, 1), (12376, 1), (12377, 1), (12388, 1), (12390, 1), (12459, 3), (12461, 2), (12462, 5), (12465, 5), (12467, 1), (12749, 2), (12751, 1), (12858, 1), (12860, 1), (13301, 2), (13302, 5), (13443, 1), (13444, 1), (13498, 10), (13499, 2), (13660, 1), (13661, 1), (1388, 1), (1390, 1), (14688, 2), (14689, 1), (14980, 1), (14982, 2), (15212, 18), (15215, 1), (15392, 1), (15394, 6), (15613, 2), (15614, 2), (16046, 1), (16047, 1), (16155, 1), (16156, 1), (16604, 4), (16605, 1), (16610, 2), (16611, 3), (16965, 2), (16967, 17), (16992, 1), (16993, 1), (17076, 2), (17077, 1), (17155, 1), (17158, 1), (17190, 24), (17191, 1), (17552, 1), (17554, 3), (1815, 2), (1817, 2), (18021, 1), (18022, 1), (18100, 1), (18102, 1), (11205, 1), (11206, 1), (11207, 1)
freeband (DF: 4): (7250, 1), (10834, 1), (15099, 1), (16605, 1)
freebandz (DF: 13): (2014, 3), (2619, 2), (2831, 2), (8784, 2), (10834, 1), (11123, 7), (11857, 1), (14589, 1), (14740, 2), (15875, 1), (16322, 1), (13479, 1), (13480, 1)
freebas (DF: 4): (2045, 1), (8107, 1), (10571, 1), (13472, 1)
freebi (DF: 1): (17934, 1)
freed (DF: 15): (3304, 1), (3687, 14), (4499, 1), (5256, 1), (593, 1), (6542, 3), (6923, 2), (7437, 1), (8190, 1), (8925, 1), (9668, 1), (12749, 3), (1299, 1), (15520, 2), (17945, 1)
freedg (DF: 1): (1834, 1)
freedia (DF: 1): (7856, 2)
freedom (DF: 168): (1902, 1), (204, 1), (2246, 1), (2259, 1), (2263, 1), (2364, 1), (2410, 1), (233, 1), (2462, 1), (2738, 1), (2786, 1), (2798, 1), (2982, 1), (3223, 1), (3266, 1), (3335, 3), (332, 1), (3363, 1), (3373, 1), (3391, 1), (3469, 1), (3687, 4), (3769, 1), (4129, 16), (4243, 1), (4276, 8), (425, 2), (4365, 1), (4400, 2), (450, 2), (4664, 2), (4674, 1), (456, 6), (4739, 1), (5014, 1), (505, 1), (510, 2), (5201, 2), (5338, 1), (5367, 2), (5479, 5), (5483, 1), (548, 1), (5704, 1), (5715, 1), (5857, 2), (5934, 2), (588, 1), (6022, 1), (6110, 4), (6285, 1), (6340, 1), (6366, 1), (6388, 1), (6459, 1), (6575, 2), (6652, 1), (6766, 1), (6790, 1), (6850, 9), (7014, 3), (699, 1), (7221, 1), (7263, 3), (737, 1), (7551, 2), (71, 4), (7925, 1), (7940, 1), (8320, 1), (8365, 4), (8408, 3), (8438, 2), (8442, 1), (8565, 1), (8582, 1), (8960, 1), (9046, 1), (9328, 1), (9372, 2), (976, 2), (979, 2), (987, 1), (991, 1), (9927, 1), (10041, 1), (10101, 1), (10117, 1), (10164, 1), (10458, 1), (10524, 9), (10708, 16), (1101, 1), (10891, 1), (10999, 2), (11007, 1), (11210, 4), (11220, 4), (11334, 2), (11559, 1), (11626, 1), (11664, 3), (11731, 1), (11745, 1), (11759, 1), (11788, 1), (11801, 1), (11891, 1), (12113, 3), (12398, 18), (12511, 1), (12622, 1), (1290, 1), (12910, 1), (13029, 2), (13218, 1), (13236, 8), (13258, 2), (13347, 1), (142, 1), (13837, 1), (13866, 1), (1417, 1), (13933, 8), (14251, 1), (1458, 1), (14283, 1), (14641, 2), (14648, 1), (14805, 1), (14867, 4), (15252, 1), (15386, 1), (15396, 1), (15526, 2), (15547, 2), (15610, 1), (15626, 1), (15658, 1), (15693, 1), (16020, 3), (16046, 1), (16231, 6), (16262, 2), (1667, 3), (16411, 1), (16489, 1), (16495, 6), (16565, 19), (16681, 1), (16706, 1), (17049, 1), (17052, 3), (17155, 1), (1757, 1), (17383, 2), (17710, 1), (17737, 1), (17749, 2), (1811, 3), (18176, 2), (5219, 1), (5220, 2), (8633, 2), (8634, 1), (11665, 1), (13318, 1), (13319, 1)
freefal (DF: 2): (2024, 3), (9073, 1)
freek (DF: 2): (733, 37), (9584, 37)
freelanc (DF: 3): (55, 1), (11470, 1), (14551, 1)
freeli (DF: 20): (2028, 1), (2047, 1), (2861, 1), (40, 1), (4850, 2), (5082, 1), (6077, 2), (6388, 1), (6984, 2), (7372, 2), (9180, 2), (11970, 1), (13683, 1), (1551, 1), (15881, 1), (16350, 4), (17318, 1), (17394, 2), (17871, 1), (18199, 1)
freeman (DF: 1): (5068, 1)
freer (DF: 3): (11289, 6), (11499, 6), (13319, 1)
freeskin (DF: 1): (9988, 1)
freestyl (DF: 40): (2183, 2), (2276, 1), (2427, 1), (2639, 1), (2855, 1), (3035, 1), (308, 1), (3356, 1), (3369, 1), (337, 1), (341, 1), (347, 1), (3548, 1), (3564, 1), (373, 2), (3970, 1), (397, 1), (4427, 1), (4468, 1), (4512, 1), (4599, 1), (4610, 1), (4805, 1), (4854, 1), (4907, 1), (5062, 1), (5082, 1), (5301, 1), (5316, 1), (540, 1), (5594, 16), (5761, 3), (5792, 1), (5968, 1), (6106, 2), (56, 1), (6258, 1), (6460, 1), (6837, 1), (6844, 3)
