plastic (DF: 109): (3135, 1), (3356, 1), (3428, 1), (3500, 1), (3594, 1), (3695, 2), (3786, 2), (371, 1), (3972, 1), (4165, 1), (4326, 1), (4428, 1), (4681, 1), (40, 1), (4962, 1), (5041, 1), (5074, 6), (5225, 1), (5242, 3), (5338, 1), (546, 1), (5596, 1), (5701, 1), (6125, 1), (6169, 1), (6445, 1), (6447, 1), (6543, 1), (6552, 4), (6933, 1), (7020, 1), (7030, 5), (7169, 3), (7634, 1), (790, 2), (798, 1), (7943, 1), (7960, 1), (8039, 1), (8133, 1), (8208, 1), (8236, 1), (8592, 1), (923, 1), (9036, 1), (9237, 1), (9547, 2), (9573, 4), (9586, 1), (10112, 2), (10171, 1), (102, 1), (10373, 1), (10397, 1), (10517, 1), (10699, 2), (10701, 1), (10985, 1), (11111, 1), (11164, 1), (11291, 2), (11473, 1), (11482, 1), (1189, 1), (1216, 1), (12090, 1), (12418, 1), (12804, 3), (12927, 1), (12989, 1), (13107, 1), (13134, 1), (13188, 3), (13254, 1), (13331, 1), (137, 4), (13354, 3), (13364, 1), (13390, 1), (1361, 3), (1367, 2), (14314, 2), (14509, 1), (14894, 3), (15098, 2), (15169, 1), (15192, 1), (15443, 1), (1586, 2), (15573, 3), (15713, 1), (15859, 1), (16005, 1), (16317, 1), (16417, 1), (16477, 1), (16635, 1), (1700, 1), (16816, 1), (17023, 1), (1730, 2), (1737, 3), (17124, 2), (1753, 1), (1773, 1), (17512, 2), (17709, 1), (17966, 1), (17971, 1)
plasticin (DF: 1): (10730, 1)
plastik (DF: 10): (3348, 1), (8311, 1), (8717, 1), (9162, 1), (10997, 1), (15066, 1), (15517, 2), (16579, 1), (16726, 1), (17071, 1)
plastikmess (DF: 1): (14419, 1)
plastiksoldat (DF: 1): (1715, 1)
plastilin (DF: 1): (17788, 1)
plastilina (DF: 1): (10327, 1)
plastiqu (DF: 1): (3213, 1)
plastiscin (DF: 1): (11982, 1)
plat (DF: 73): (1974, 1), (2656, 1), (276, 1), (2967, 1), (3104, 4), (3184, 1), (3344, 1), (3351, 1), (3590, 1), (4032, 2), (4210, 1), (4419, 1), (4515, 1), (4560, 1), (4651, 2), (4752, 2), (4790, 1), (4948, 1), (5768, 1), (5797, 6), (5801, 1), (6226, 2), (6251, 4), (628, 2), (6818, 2), (6889, 1), (7171, 1), (7415, 1), (7734, 1), (7820, 5), (7854, 1), (7863, 1), (7948, 1), (8256, 2), (8542, 1), (8733, 2), (8914, 2), (9070, 2), (9248, 1), (9437, 2), (9740, 1), (10180, 1), (10530, 2), (10713, 1), (10728, 1), (10899, 2), (11030, 10), (11407, 1), (11909, 1), (12098, 1), (12686, 1), (12809, 2), (12984, 2), (13197, 1), (13437, 1), (13754, 1), (13935, 2), (13985, 1), (14260, 1), (14311, 3), (14360, 5), (14677, 1), (14697, 5), (14743, 4), (14988, 1), (15637, 1), (16898, 2), (16905, 2), (17097, 2), (17279, 5), (17573, 1), (18123, 1), (18298, 5)
plata (DF: 2): (6009, 1), (13305, 1)
plataform (DF: 1): (14390, 1)
platan (DF: 1): (399, 4)
plate (DF: 171): (1943, 1), (2014, 3), (2026, 1), (2045, 1), (2174, 1), (2177, 1), (2269, 1), (2278, 1), (2545, 1), (245, 1), (248, 1), (2669, 1), (2706, 1), (2716, 2), (264, 1), (2887, 1), (3001, 1), (3121, 2), (3137, 1), (3186, 2), (3206, 1), (324, 1), (3277, 1), (3652, 1), (3721, 3), (3731, 1), (3793, 1), (3813, 1), (3867, 1), (3884, 1), (3963, 1), (4106, 1), (4128, 1), (4169, 4), (4185, 2), (4244, 1), (4267, 1), (4420, 1), (4622, 1), (4627, 1), (40, 1), (4788, 2), (4903, 1), (4942, 2), (4973, 5), (5041, 1), (5314, 1), (47, 1), (5446, 3), (5604, 1), (5725, 1), (5734, 1), (5773, 1), (5814, 1), (6149, 6), (6266, 1), (6452, 1), (658, 1), (6801, 1), (7134, 1), (7217, 2), (7430, 1), (7441, 1), (7462, 1), (7550, 1), (7559, 1), (767, 2), (7787, 1), (8040, 1), (8060, 1), (8319, 1), (8358, 1), (8445, 3), (8468, 2), (8547, 1), (8778, 2), (8784, 2), (8811, 1), (82, 1), (8929, 1), (8934, 1), (9116, 1), (9256, 1), (949, 1), (9313, 1), (9356, 1), (92, 1), (9833, 1), (1030, 1), (10147, 6), (10312, 2), (10489, 1), (10491, 1), (10558, 1), (10615, 1), (1084, 2), (10785, 1), (11080, 1), (11151, 1), (11320, 1), (11634, 1), (121, 1), (11794, 1), (11856, 3), (11886, 6), (12266, 1), (12289, 4), (1253, 1), (12412, 1), (12432, 4), (12436, 1), (12468, 2), (12489, 1), (12575, 1), (12578, 1), (12712, 1), (12757, 1), (12797, 3), (12973, 1), (1315, 1), (13111, 1), (13338, 1), (13480, 4), (13494, 2), (13597, 1), (1402, 1), (14072, 1), (14078, 1), (14156, 2), (1469, 1), (14443, 1), (14489, 1), (14570, 1), (14642, 1), (14732, 1), (14740, 2), (14759, 1), (14796, 1), (14820, 1), (14829, 1), (14950, 1), (14993, 1), (14996, 1), (15003, 2), (1536, 1), (15108, 2), (15313, 1), (15320, 6), (15328, 1), (1574, 2), (15413, 1), (15466, 1), (15479, 1), (15537, 1), (15606, 4), (15610, 1), (15665, 1), (15684, 12), (1613, 1), (1622, 1), (15854, 1), (1648, 2), (16098, 3), (16870, 1), (1748, 1), (17348, 1), (17356, 1), (17465, 1), (17505, 1), (17606, 2), (1798, 1)
