bent (DF: 62): (6303, 5), (6352, 1), (6355, 1), (6543, 1), (6741, 2), (7382, 7), (7421, 3), (7690, 1), (7748, 1), (7944, 1), (812, 1), (8338, 2), (877, 1), (8803, 4), (8934, 1), (9425, 1), (9595, 2), (9751, 1), (10115, 2), (10369, 1), (10396, 2), (10412, 2), (10885, 1), (1124, 1), (11241, 1), (11266, 1), (11291, 2), (11389, 1), (11461, 9), (11492, 1), (11563, 2), (11650, 1), (12034, 1), (1226, 1), (12662, 13), (13297, 2), (13432, 1), (13783, 81), (14067, 1), (14334, 1), (14502, 1), (14553, 1), (14555, 4), (14632, 1), (14952, 4), (15164, 3), (15205, 2), (15493, 1), (16101, 18), (16499, 1), (16602, 2), (175, 2), (16831, 10), (16878, 2), (17160, 4), (17224, 1), (17327, 9), (17663, 5), (18207, 1), (18210, 2), (18253, 7), (18323, 9)
bentayga (DF: 2): (8725, 4), (15042, 1)
benti (DF: 1): (3660, 1)
bentley (DF: 150): (2064, 1), (2081, 1), (2102, 1), (2256, 1), (2286, 1), (2442, 1), (246, 1), (2650, 1), (2706, 1), (2831, 1), (2856, 1), (2991, 2), (3079, 2), (3101, 1), (3152, 2), (3507, 2), (4046, 2), (4106, 1), (4302, 1), (4329, 1), (4700, 1), (4746, 1), (4820, 2), (4897, 1), (480, 1), (4963, 1), (5045, 1), (5087, 1), (5158, 1), (5206, 1), (5249, 2), (5267, 2), (5314, 1), (5401, 1), (5463, 1), (5570, 2), (5641, 1), (5734, 1), (5817, 2), (5876, 8), (586, 1), (5955, 9), (6032, 1), (6095, 1), (6189, 2), (6220, 1), (6396, 1), (6530, 8), (6543, 1), (6607, 2), (6728, 1), (675, 1), (6846, 1), (6876, 1), (6970, 1), (7134, 1), (7214, 1), (7323, 1), (7348, 1), (740, 1), (7459, 1), (7461, 2), (7500, 1), (7806, 1), (7912, 6), (8154, 1), (8167, 3), (8418, 1), (8726, 1), (8778, 2), (8830, 1), (8860, 1), (9016, 4), (9322, 2), (9479, 6), (9628, 1), (9759, 1), (9933, 2), (10116, 1), (1030, 1), (10236, 1), (10307, 1), (10383, 1), (10417, 1), (10798, 2), (10986, 5), (10993, 1), (11015, 1), (1132, 1), (11291, 2), (11294, 1), (11464, 2), (11482, 1), (11780, 1), (11797, 1), (11868, 2), (12029, 16), (12126, 2), (12554, 1), (12588, 1), (1282, 1), (12971, 1), (13359, 1), (13448, 2), (13756, 1), (13914, 6), (14032, 21), (14049, 4), (1448, 1), (14196, 3), (14298, 3), (14415, 1), (14504, 2), (14547, 3), (14766, 1), (14942, 1), (14995, 1), (15042, 1), (15128, 16), (15207, 1), (1556, 1), (15303, 1), (15479, 2), (15518, 1), (15530, 2), (15595, 1), (15675, 1), (16108, 2), (16130, 1), (16144, 1), (16355, 1), (16453, 1), (16503, 1), (16605, 1), (16734, 5), (16823, 1), (16909, 2), (16929, 1), (16971, 1), (179, 1), (17216, 1), (17410, 10), (17567, 1), (17699, 6), (17773, 1), (17785, 2), (18308, 1), (18351, 1), (18354, 2), (18444, 1)
bentleys (DF: 1): (5955, 1)
bentli (DF: 4): (5463, 1), (11227, 2), (11905, 1), (13807, 1)
benton (DF: 2): (2045, 2), (183, 2)
benutz (DF: 2): (2637, 1), (15010, 1)
benutzt (DF: 1): (9999, 1)
benven (DF: 1): (5187, 1)
beny (DF: 2): (12802, 1), (1443, 8)
benz (DF: 107): (200, 1), (2050, 1), (2164, 1), (2178, 1), (2230, 1), (221, 16), (2286, 2), (2305, 1), (2329, 1), (2341, 1), (2442, 1), (2509, 1), (2541, 6), (2566, 1), (2574, 8), (2619, 1), (2636, 1), (2687, 1), (2706, 1), (2708, 1), (2711, 6), (2771, 1), (268, 3), (2822, 1), (2831, 1), (2840, 1), (2964, 1), (3048, 2), (3101, 1), (3163, 12), (3216, 1), (3253, 1), (3261, 1), (3350, 1), (3424, 1), (339, 1), (3462, 2), (3466, 1), (3485, 1), (3510, 6), (352, 1), (3727, 1), (3748, 6), (3962, 1), (4121, 1), (4222, 1), (4318, 1), (4533, 1), (4707, 1), (4767, 1), (4789, 6), (4903, 2), (4963, 1), (5106, 1), (5107, 1), (5251, 3), (5267, 1), (525, 1), (5340, 6), (5367, 4), (5382, 4), (5392, 4), (5429, 2), (5445, 1), (541, 1), (5734, 1), (5775, 1), (5814, 1), (5902, 14), (5907, 1), (586, 1), (6020, 1), (6095, 1), (6139, 1), (6157, 1), (6225, 2), (6304, 1), (6342, 2), (6352, 1), (6398, 1), (6462, 1), (6631, 3), (6755, 2), (6835, 1), (6853, 2), (6895, 1), (6923, 4), (6999, 1), (7130, 1), (7204, 2), (7302, 1), (7360, 1), (7369, 2), (7447, 1), (7469, 1), (7520, 1), (7544, 6), (7574, 1), (778, 2), (7732, 1), (7889, 1), (7892, 1), (802, 1), (7960, 8), (7969, 1), (7977, 2), (7983, 2)
