ren (DF: 12): (10240, 1), (10774, 1), (11019, 1), (12374, 1), (12636, 8), (12744, 2), (13201, 4), (1465, 1), (14752, 1), (15937, 1), (1741, 1), (17761, 4)
renac (DF: 5): (3211, 1), (4518, 1), (489, 1), (13588, 1), (14968, 1)
renaiss (DF: 2): (6212, 13), (15866, 1)
renalien (DF: 1): (11448, 1)
renam (DF: 1): (11694, 5)
renan (DF: 1): (7270, 1)
renard (DF: 1): (12323, 1)
renasçam (DF: 1): (6234, 1)
renc (DF: 1): (5071, 1)
rencontr (DF: 1): (3213, 1)
rencor (DF: 12): (3158, 2), (3403, 2), (6939, 1), (6967, 1), (10632, 1), (11155, 1), (11696, 1), (12307, 1), (13382, 4), (14016, 2), (15634, 2), (15821, 1)
rend (DF: 16): (2498, 2), (3666, 2), (4197, 1), (4496, 1), (5793, 1), (7151, 8), (776, 1), (7922, 1), (813, 1), (13442, 1), (13957, 1), (14405, 7), (16198, 1), (16378, 3), (17487, 1), (18442, 1)
rendent (DF: 1): (13096, 3)
render (DF: 8): (337, 1), (3745, 1), (4047, 1), (605, 2), (7973, 1), (10767, 1), (11563, 2), (15970, 1)
rendev (DF: 1): (18140, 1)
rendez (DF: 4): (12662, 1), (14924, 1), (169, 2), (18181, 1)
rendezv (DF: 18): (2054, 5), (2320, 1), (2974, 22), (3542, 2), (3975, 3), (6439, 4), (741, 15), (7859, 4), (870, 1), (9801, 1), (9890, 22), (10330, 5), (12410, 1), (12717, 3), (15061, 1), (1573, 2), (16361, 4), (18072, 1)
rendezvous (DF: 3): (11020, 1), (11122, 1), (14690, 1)
rendi (DF: 1): (14444, 2)
rendr (DF: 4): (3660, 1), (4197, 1), (1089, 4), (15469, 1)
rendu (DF: 1): (7254, 1)
rene (DF: 8): (448, 1), (5146, 1), (6721, 1), (12787, 1), (13038, 1), (15101, 1), (15251, 1), (16068, 1)
reneezi (DF: 1): (10137, 1)
reneg (DF: 1): (11634, 1)
renegad (DF: 19): (2045, 1), (2954, 7), (3192, 4), (4102, 11), (4411, 1), (5233, 1), (5889, 10), (6698, 1), (9144, 3), (10147, 4), (10913, 3), (1135, 1), (14300, 1), (1552, 14), (16162, 1), (16242, 1), (17331, 3), (17615, 1), (17725, 14)
renegou (DF: 1): (7175, 1)
renew (DF: 7): (1959, 1), (3324, 2), (5862, 1), (5941, 1), (14731, 2), (1599, 1), (17732, 1)
renfort (DF: 1): (4308, 1)
renggang (DF: 1): (12477, 1)
renglon (DF: 1): (14627, 1)
renig (DF: 1): (11658, 1)
renmak (DF: 1): (10012, 1)
renn (DF: 27): (2463, 2), (3381, 3), (397, 1), (4387, 1), (5577, 1), (5775, 1), (6430, 12), (6600, 1), (7463, 1), (8098, 13), (8260, 1), (9236, 1), (9999, 1), (10074, 2), (10901, 3), (10958, 1), (1177, 1), (1238, 1), (12363, 1), (12619, 1), (12822, 1), (12839, 1), (13085, 1), (13476, 2), (13755, 1), (17630, 1), (18415, 6)
rennan (DF: 1): (17454, 1)
rennen (DF: 10): (3355, 1), (3748, 1), (11266, 1), (1432, 1), (14553, 1), (14952, 1), (15205, 1), (16435, 1), (16602, 2), (18253, 1)
rennend (DF: 3): (6641, 1), (10157, 1), (11669, 1)
renni (DF: 1): (16237, 1)
rennt (DF: 8): (3437, 4), (3932, 1), (4743, 1), (10958, 8), (11654, 1), (12212, 1), (14153, 1), (17136, 1)
reno (DF: 6): (3184, 1), (5459, 1), (11797, 1), (13254, 1), (13331, 1), (16507, 1)
renoi (DF: 3): (5622, 5), (16701, 1), (17275, 1)
renounc (DF: 1): (3201, 1)
renov (DF: 6): (2180, 2), (3158, 2), (3908, 3), (7843, 1), (10140, 1), (14400, 1)
renovi (DF: 1): (681, 1)
renown (DF: 1): (8475, 1)
rent (DF: 113): (1924, 1), (2032, 1), (2145, 1), (2156, 4), (2172, 3), (2192, 1), (2304, 1), (2333, 1), (2472, 1), (2726, 1), (264, 1), (2821, 1), (276, 1), (2962, 4), (3079, 2), (3232, 3), (3310, 1), (3351, 1), (3510, 4), (3618, 1), (3626, 1), (369, 1), (3821, 1), (3914, 1), (3976, 1), (4190, 1), (4219, 1), (4226, 1), (4290, 1), (4575, 1), (4955, 1), (5200, 1), (5250, 8), (5258, 1), (5340, 6), (5401, 1), (5460, 2), (5492, 1), (5589, 2), (5598, 2), (5830, 1), (52, 1), (6157, 1), (6273, 2), (6287, 1), (6442, 1), (6484, 1), (644, 2), (6535, 1), (6573, 1), (6722, 1), (6741, 2), (6800, 1), (6801, 2), (6809, 1), (7018, 1), (7249, 1), (7360, 1), (7443, 1), (7969, 1), (7988, 1), (829, 1), (8244, 1), (8418, 2), (855, 1), (8496, 1), (8578, 2), (8639, 1), (8724, 6), (8745, 5), (8756, 1), (899, 1), (8860, 2), (8934, 1), (8987, 2), (9020, 1), (9143, 1), (9190, 1), (9289, 4), (9501, 1), (9582, 1), (9593, 2), (9622, 1), (9758, 1), (9833, 1), (1026, 4), (10102, 1), (10213, 4), (10222, 2), (10323, 1), (10585, 1), (10606, 1), (10684, 1), (10690, 2), (10749, 1), (10838, 2), (10850, 1), (11313, 7), (1156, 4), (11357, 1), (11523, 2), (11589, 2), (11709, 1), (11774, 18), (11805, 4), (11858, 1), (12025, 10), (12040, 1), (1226, 1), (12124, 1), (12215, 2), (12251, 1), (12360, 3)
