macaroni (DF: 3): (1469, 1), (14907, 1), (17123, 1)
macaulay (DF: 4): (2045, 1), (4019, 1), (14008, 1), (15400, 1)
macbook (DF: 1): (10131, 1)
macc (DF: 1): (3210, 1)
macchi (DF: 1): (10833, 1)
macchiato (DF: 3): (6007, 1), (8383, 1), (18323, 1)
macchin (DF: 2): (6798, 2), (13019, 1)
macchina (DF: 1): (11419, 2)
mace (DF: 10): (2174, 1), (5587, 2), (5773, 1), (646, 1), (11937, 6), (13254, 1), (13331, 1), (14907, 1), (17841, 1), (17881, 1)
macedoni (DF: 1): (4361, 1)
macedonia (DF: 1): (3707, 2)
maceo (DF: 1): (1011, 1)
macet (DF: 3): (1563, 1), (15898, 1), (17899, 1)
mach (DF: 158): (198, 1), (2078, 1), (2170, 5), (2194, 1), (2328, 7), (2376, 3), (2463, 2), (246, 6), (2574, 3), (2637, 2), (2729, 2), (2856, 1), (3048, 1), (3067, 2), (3123, 3), (3298, 1), (3418, 3), (3437, 2), (3570, 1), (3849, 1), (3932, 1), (3962, 5), (3984, 1), (397, 1), (4124, 2), (4192, 2), (4246, 1), (4318, 1), (4347, 1), (4387, 1), (460, 3), (4743, 1), (483, 2), (4989, 5), (4998, 1), (5049, 4), (5051, 4), (493, 3), (5149, 4), (5206, 1), (5214, 2), (5382, 2), (5429, 2), (5459, 16), (5559, 2), (5577, 17), (5890, 2), (5955, 2), (6025, 1), (6139, 2), (6600, 1), (6835, 3), (681, 3), (7278, 2), (7287, 5), (7373, 2), (7411, 10), (7463, 2), (778, 4), (7720, 1), (7983, 12), (8019, 1), (8098, 2), (8154, 1), (8210, 1), (8247, 8), (8311, 4), (8498, 3), (8651, 2), (8670, 1), (8829, 1), (8932, 2), (8999, 2), (9236, 2), (9415, 1), (9457, 1), (9740, 1), (996, 1), (9795, 2), (9797, 2), (9941, 1), (10074, 1), (10157, 7), (10523, 3), (10603, 3), (10659, 1), (10676, 1), (10860, 3), (11020, 1), (11024, 2), (11060, 4), (11179, 1), (11493, 1), (1177, 8), (11521, 2), (11522, 2), (11551, 2), (11552, 6), (11949, 1), (1218, 3), (1238, 2), (12212, 5), (12355, 2), (12356, 3), (12363, 3), (12433, 5), (12619, 1), (12822, 4), (12839, 2), (12872, 3), (13012, 4), (13085, 3), (13091, 1), (13102, 1), (13125, 3), (13520, 1), (13755, 4), (14199, 1), (14254, 4), (14263, 1), (14419, 2), (14426, 3), (14496, 1), (151, 1), (14659, 3), (14752, 1), (15066, 1), (15174, 1), (15269, 2), (15458, 2), (1583, 2), (15517, 2), (15536, 1), (15766, 2), (15867, 2), (1654, 2), (16253, 1), (16309, 3), (16409, 1), (16507, 3), (16777, 2), (16811, 2), (16839, 1), (1715, 2), (16919, 2), (16963, 8), (17021, 1), (1736, 1), (17136, 2), (17142, 1), (1771, 3), (17630, 4), (17718, 1), (17780, 4), (17886, 1), (18223, 10), (1845, 1), (18415, 1)
macha (DF: 1): (4405, 2)
machac (DF: 1): (4347, 1)
machado (DF: 1): (16353, 1)
machaj (DF: 1): (4405, 8)
macham (DF: 2): (1918, 2), (4405, 1)
machbar (DF: 1): (12356, 1)
machel (DF: 2): (13931, 2), (17921, 2)
machen (DF: 1): (11179, 1)
macheque (DF: 1): (18132, 2)
machet (DF: 34): (2729, 1), (2792, 2), (276, 6), (3351, 6), (4671, 1), (4941, 3), (5040, 1), (5957, 7), (6131, 1), (6681, 1), (6767, 1), (6862, 1), (8205, 1), (8242, 1), (8866, 1), (9147, 1), (9430, 2), (10400, 1), (10407, 7), (11280, 1), (11493, 5), (12507, 1), (12672, 1), (12777, 1), (13588, 1), (14042, 1), (14136, 11), (14260, 1), (14322, 1), (1558, 1), (16321, 1), (1773, 1), (17546, 1), (17968, 1)
machi (DF: 3): (32, 1), (11688, 1), (12323, 1)
machiavel (DF: 1): (11000, 4)
machik (DF: 1): (8632, 70)
machika (DF: 1): (11487, 70)
machin (DF: 82): (195, 2), (1909, 1), (2032, 1), (202, 1), (2062, 1), (2172, 1), (2279, 2), (222, 1), (2329, 1), (2344, 5), (2357, 1), (2391, 2), (2456, 1), (2522, 2), (2643, 6), (2721, 2), (2822, 1), (3025, 1), (3053, 1), (3174, 1), (3196, 1), (3468, 1), (3487, 1), (3521, 1), (3689, 2), (3759, 1), (3769, 1), (3988, 2), (4006, 1), (4012, 3), (4266, 4), (4358, 1), (4522, 1), (4557, 1), (4628, 1), (4712, 2), (4831, 1), (4923, 1), (4953, 2), (5082, 1), (5089, 1), (508, 1), (5236, 1), (5323, 1), (5450, 3), (5463, 2), (5513, 2), (5517, 2), (5547, 2), (5582, 1), (5610, 1), (5757, 1), (5982, 2), (5997, 1), (6055, 1), (6065, 1), (6156, 1), (6180, 2), (6271, 2), (6277, 4), (624, 1), (6327, 1), (6328, 1), (6383, 1), (6389, 2), (6415, 1), (6521, 3), (6572, 3), (6660, 13), (6759, 1), (6819, 4), (6825, 1), (691, 1), (7197, 1), (7317, 3), (7349, 1), (7371, 2), (7589, 1), (7787, 1), (790, 2), (7883, 1), (7918, 2)
