utha (DF: 1): (1834, 1)
uthaya (DF: 1): (4686, 1)
utheya (DF: 1): (5582, 1)
util (DF: 3): (6040, 1), (15937, 1), (17671, 1)
utiliz (DF: 10): (3031, 1), (3550, 2), (5016, 2), (6878, 1), (8066, 1), (9204, 1), (1259, 1), (12639, 2), (14392, 1), (16462, 1)
utilizandot (DF: 1): (2668, 6)
utmost (DF: 4): (4381, 1), (5587, 2), (975, 3), (1757, 1)
utna (DF: 2): (11725, 1), (15929, 2)
utopi (DF: 5): (4238, 1), (6553, 1), (9415, 1), (11605, 1), (12354, 1)
utopia (DF: 3): (13175, 1), (13302, 1), (18088, 1)
utopian (DF: 1): (17867, 1)
utt (DF: 10): (5535, 1), (5582, 3), (5830, 1), (8510, 1), (8534, 2), (9138, 3), (9519, 2), (10667, 4), (10975, 2), (16186, 1)
uttaeru (DF: 1): (13524, 1)
utter (DF: 11): (245, 1), (4508, 1), (5261, 3), (5270, 1), (5918, 1), (7559, 1), (8145, 1), (8151, 1), (13618, 1), (13632, 1), (15405, 1)
utterin (DF: 1): (13658, 1)
utto (DF: 1): (8510, 1)
utton (DF: 2): (4421, 3), (9519, 2)
utvecklingen (DF: 1): (18172, 1)
utz (DF: 1): (7754, 1)
uu (DF: 2): (6126, 2), (9049, 4)
uug (DF: 1): (14054, 1)
uugh (DF: 1): (17693, 5)
uuh (DF: 18): (216, 1), (2444, 3), (3421, 1), (63, 4), (780, 1), (830, 4), (8522, 4), (9040, 4), (11919, 2), (12073, 1), (12381, 3), (13491, 1), (14341, 1), (1517, 1), (1653, 2), (16951, 2), (17847, 1), (18425, 1)
uuhh (DF: 2): (9808, 2), (16378, 12)
uuhhh (DF: 1): (11616, 2)
uuhhhh (DF: 1): (11644, 1)
uukit (DF: 1): (9703, 1)
uulitin (DF: 1): (15941, 1)
uummm (DF: 1): (13364, 1)
uundgåelig (DF: 1): (16208, 3)
uur (DF: 1): (175, 1)
uuu (DF: 5): (6754, 1), (7356, 3), (7641, 3), (908, 1), (16885, 3)
uuuh (DF: 11): (2043, 1), (3031, 3), (6878, 3), (8136, 1), (9383, 12), (10467, 2), (14666, 3), (15206, 4), (15443, 3), (16787, 12), (17788, 2)
uuungh (DF: 1): (3249, 2)
uuunnnggghhh (DF: 1): (11942, 2)
uuuu (DF: 2): (7356, 6), (16885, 1)
uuuuh (DF: 1): (7247, 2)
uuuuhh (DF: 1): (9473, 1)
uuuuuf (DF: 1): (14700, 3)
uuuuugh (DF: 1): (6258, 15)
uuuuuh (DF: 2): (3031, 3), (6878, 3)
uuuuuhhhh (DF: 3): (2404, 1), (2428, 2), (2873, 1)
uuuuuu (DF: 1): (7641, 1)
uuuuuugh (DF: 1): (6258, 1)
uuuuuuma (DF: 1): (11950, 12)
uuuuuuuuh (DF: 1): (13760, 2)
uuuuuuuup (DF: 1): (17224, 1)
uuuuuuuuuuuuuuuuuuuuuuuuuuuuup (DF: 1): (8822, 1)
uuuy (DF: 2): (5881, 4), (13267, 2)
uv (DF: 1): (5149, 1)
uva (DF: 7): (2316, 1), (5187, 1), (5962, 1), (9682, 1), (11814, 1), (12841, 1), (14063, 1)
uvit (DF: 1): (15678, 1)
uwa (DF: 2): (250, 1), (3744, 4)
uwalniam (DF: 1): (9647, 1)
uwe (DF: 1): (14998, 2)
uweaway (DF: 1): (15823, 1)
uwi (DF: 2): (8452, 1), (8768, 1)
uwielbiam (DF: 1): (9647, 1)
uwierz (DF: 1): (10436, 1)
uwierzi (DF: 1): (2951, 2)
ux (DF: 2): (9884, 1), (16208, 4)
uxbridg (DF: 1): (4900, 1)
uy (DF: 19): (648, 2), (6808, 2), (711, 1), (7457, 1), (7646, 1), (7953, 5), (8733, 2), (8768, 1), (8940, 6), (9079, 4), (9296, 1), (13067, 3), (13197, 3), (14035, 2), (14215, 2), (14825, 1), (14884, 1), (15174, 4), (173, 1)
uyeah (DF: 1): (1653, 2)
uyir (DF: 1): (3471, 5)
uyy (DF: 1): (16751, 1)
uz (DF: 2): (2028, 1), (3101, 1)
uzhaikkum (DF: 1): (3471, 1)
uzi (DF: 84): (2053, 1), (2612, 1), (3140, 2), (3205, 28), (3598, 1), (369, 10), (3930, 3), (4028, 1), (4122, 2), (4339, 2), (434, 2), (5049, 1), (5212, 1), (5249, 1), (5300, 1), (5349, 1), (5461, 25), (5496, 1), (5779, 1), (5863, 1), (6220, 2), (6352, 1), (675, 6), (6835, 1), (6895, 1), (7235, 2), (7298, 2), (7302, 1), (7520, 1), (7549, 2), (8103, 1), (8278, 1), (8419, 1), (8570, 1), (8705, 1), (8733, 2), (8780, 2), (9231, 1), (10187, 2), (10231, 2), (10626, 3), (10643, 27), (10885, 1), (10993, 1), (11024, 1), (11197, 1), (11229, 1), (1164, 1), (11470, 1), (11536, 1), (11689, 1), (11716, 2), (11848, 1), (12015, 1), (12068, 3), (12777, 1), (13037, 1), (13755, 1), (13924, 2), (14019, 1), (14250, 1), (14539, 1), (14668, 1), (14804, 4), (14820, 1), (15207, 1), (15328, 1), (15766, 1), (16022, 1), (16039, 1), (16156, 1), (16560, 2), (16897, 2), (16936, 1), (1727, 1), (17071, 1), (17261, 1), (17340, 2), (17410, 1), (17445, 1), (17630, 1), (18038, 1), (18106, 2), (1849, 1)
uzis (DF: 1): (7278, 1)
uzuiteiru (DF: 1): (16209, 1)
uzup (DF: 1): (14869, 1)
