agu (DF: 14): (1584, 2), (15657, 3), (16143, 2), (16148, 2), (16578, 18), (16905, 2), (17033, 1), (17468, 1), (1769, 2), (1803, 1), (18151, 1), (18222, 1), (7379, 6), (7380, 1)
agua (DF: 2): (7583, 1), (10533, 2)
aguacat (DF: 2): (6279, 1), (11517, 1)
aguacer (DF: 6): (4352, 1), (6239, 1), (13145, 1), (14187, 4), (17285, 1), (17407, 2)
aguadill (DF: 1): (9040, 4)
aguaj (DF: 4): (4729, 1), (46, 1), (15143, 1), (15939, 1)
aguamal (DF: 1): (858, 1)
aguant (DF: 92): (2033, 2), (2183, 2), (2488, 2), (2564, 3), (2681, 1), (2814, 2), (2948, 2), (2972, 2), (3092, 1), (3111, 1), (3197, 6), (3211, 1), (3724, 1), (371, 3), (4210, 1), (4465, 4), (4550, 6), (476, 2), (4862, 1), (4879, 3), (481, 1), (5246, 2), (5352, 2), (5475, 2), (5906, 3), (6514, 2), (6706, 1), (7166, 2), (7367, 4), (7501, 1), (7539, 1), (7760, 2), (7942, 1), (8236, 1), (8406, 8), (8415, 4), (8518, 1), (8758, 12), (9012, 6), (9252, 1), (9568, 3), (9719, 2), (9972, 1), (1022, 1), (1039, 3), (10363, 1), (10379, 1), (10399, 2), (10410, 2), (10682, 1), (10705, 1), (10908, 3), (11081, 1), (11433, 1), (12352, 2), (12449, 1), (12493, 20), (12950, 3), (13117, 6), (1333, 2), (13468, 4), (13487, 1), (1422, 12), (14331, 1), (14370, 4), (14543, 1), (14856, 1), (15062, 24), (15415, 1), (15424, 2), (15678, 1), (15899, 1), (1627, 3), (15926, 1), (15939, 8), (16183, 1), (16293, 1), (1668, 2), (16403, 4), (16545, 2), (16557, 3), (16593, 3), (16711, 1), (178, 1), (17064, 2), (17202, 1), (17293, 1), (17467, 1), (17678, 1), (17861, 1), (17944, 4), (6515, 3)
aguantat (DF: 1): (3197, 4)
aguapanel (DF: 1): (3875, 2)
aguard (DF: 1): (4439, 1)
aguardando (DF: 1): (11132, 1)
aguardient (DF: 7): (1932, 14), (6326, 1), (7851, 1), (9039, 3), (10573, 1), (17293, 7), (17625, 2)
agud (DF: 2): (858, 1), (12672, 1)
aguenta (DF: 7): (2680, 1), (3692, 1), (5606, 1), (7563, 1), (9812, 1), (16071, 1), (1881, 1)
aguentar (DF: 3): (10131, 1), (16071, 4), (18097, 1)
aguentou (DF: 1): (2651, 2)
aguero (DF: 1): (7745, 1)
aguerr (DF: 1): (4288, 1)
agui (DF: 1): (2090, 1)
aguil (DF: 2): (2530, 1), (16378, 1)
aguiler (DF: 2): (4879, 5), (5613, 1)
aguilera (DF: 6): (2406, 2), (3789, 1), (3, 1), (5135, 1), (8431, 1), (9301, 1)
aguirr (DF: 1): (14085, 1)
aguit (DF: 1): (17033, 1)
aguj (DF: 2): (6808, 1), (9469, 1)
agujer (DF: 4): (6279, 2), (7948, 1), (11576, 1), (15653, 2)
agujerito (DF: 2): (3146, 2), (8560, 2)
agus (DF: 1): (9580, 4)
agust (DF: 1): (10321, 2)
agustin (DF: 1): (12214, 1)
aguz (DF: 3): (4790, 1), (7734, 1), (17573, 1)
agü (DF: 1): (4386, 1)
agüer (DF: 1): (5352, 1)
agüit (DF: 1): (10407, 1)
ah (DF: 156): (17, 1), (195, 2), (1915, 1), (1918, 36), (1920, 25), (1924, 1), (1932, 39), (1957, 2), (1976, 18), (1984, 1), (2013, 6), (2033, 3), (2038, 1), (2048, 7), (2063, 1), (2066, 7), (19, 8), (2078, 4), (2084, 1), (2093, 2), (2100, 1), (2106, 3), (2116, 3), (2127, 3), (2132, 1), (2147, 2), (2155, 1), (2164, 2), (2170, 1), (213, 1), (2192, 1), (2198, 1), (2205, 7), (2228, 4), (2242, 1), (2247, 1), (2249, 5), (2252, 6), (2322, 1), (2336, 2), (2357, 2), (229, 15), (2380, 2), (2383, 3), (2391, 2), (2419, 2), (2433, 7), (2454, 14), (2461, 2), (2472, 2), (2485, 12), (2511, 2), (2519, 3), (243, 1), (2527, 3), (2530, 2), (2540, 8), (2544, 1), (2546, 2), (2567, 13), (2588, 1), (2595, 26), (2631, 2), (2633, 1), (2642, 4), (2656, 1), (2668, 1), (252, 2), (256, 8), (2697, 3), (2703, 4), (2712, 1), (2729, 3), (2730, 2), (2739, 2), (2756, 1), (2759, 37), (2760, 12), (2770, 1), (2781, 1), (2798, 1), (2799, 1), (27, 2), (2828, 8), (2833, 1), (2839, 3), (2842, 7), (2867, 30), (2877, 1), (276, 13), (2911, 4), (278, 4), (2921, 1), (2931, 1), (2939, 1), (284, 6), (2985, 18), (2999, 3), (3016, 2), (3025, 1), (3027, 2), (3033, 1), (3041, 1), (3048, 3), (3053, 16), (3078, 4), (3085, 3), (3090, 7), (3093, 32), (296, 12), (3095, 4), (3108, 6), (3122, 2), (3142, 8), (303, 8), (3152, 1), (3179, 1), (3187, 3), (3195, 2), (3204, 1), (3210, 17), (3213, 1), (3223, 6), (3227, 8), (3244, 7), (3247, 2), (3265, 8), (3273, 2), (3278, 2), (3282, 24), (328, 1), (3325, 18), (3337, 3), (3351, 13), (3356, 1), (3360, 1), (333, 8), (3380, 1), (3403, 2), (3420, 1), (3429, 5), (3444, 1), (3453, 2), (340, 4), (3467, 1), (3476, 8), (3485, 1), (346, 1), (3521, 1), (3527, 3), (349, 4), (3570, 2), (3577, 5), (3588, 8), (3603, 3), (3611, 7)
