medi (DF: 77): (7258, 2), (724, 2), (7395, 1), (7412, 1), (7513, 4), (776, 1), (7749, 4), (7879, 1), (7925, 12), (7948, 1), (8236, 1), (8733, 6), (8751, 1), (8866, 1), (8945, 1), (8961, 1), (9060, 3), (9070, 4), (9492, 4), (9540, 2), (9692, 1), (9882, 3), (10046, 4), (10158, 1), (10285, 1), (10400, 2), (10625, 1), (10804, 1), (10866, 1), (1116, 2), (10952, 1), (11059, 1), (11112, 2), (11238, 1), (11558, 1), (11576, 2), (11582, 2), (11786, 1), (11968, 1), (12167, 3), (12924, 1), (12970, 1), (13164, 1), (13337, 1), (13830, 15), (14087, 1), (14172, 2), (14209, 1), (14217, 1), (14346, 1), (14379, 1), (14392, 3), (14420, 5), (14561, 4), (1501, 2), (14940, 3), (15054, 1), (15143, 1), (15237, 1), (15355, 3), (15402, 1), (15732, 1), (16074, 1), (16345, 7), (1668, 2), (16843, 1), (16885, 3), (16910, 2), (17293, 5), (17467, 1), (17522, 1), (17528, 1), (17566, 2), (17909, 2), (17931, 5), (18090, 5), (18394, 1)
media (DF: 38): (1964, 1), (2002, 4), (2160, 1), (2170, 1), (2489, 1), (3487, 1), (5143, 28), (5227, 2), (5350, 1), (5775, 1), (5862, 2), (6130, 1), (6963, 1), (7696, 1), (7943, 1), (8177, 1), (8433, 1), (9752, 1), (10200, 1), (10958, 1), (11074, 1), (11685, 2), (11949, 4), (12052, 1), (12185, 1), (12213, 1), (12405, 1), (12779, 7), (12990, 1), (13545, 1), (14101, 1), (14783, 7), (1552, 1), (15603, 3), (16232, 1), (16543, 1), (16693, 1), (17805, 1)
median (DF: 2): (1157, 1), (16693, 1)
mediant (DF: 1): (7508, 1)
mediat (DF: 2): (5036, 2), (9576, 2)
medic (DF: 53): (3156, 1), (3356, 1), (3619, 1), (3846, 1), (4681, 1), (4901, 8), (5036, 1), (5064, 1), (5228, 1), (5634, 1), (5886, 2), (687, 1), (7328, 1), (7392, 2), (8434, 1), (8573, 2), (8581, 1), (8825, 1), (8890, 1), (9127, 1), (9147, 1), (9290, 1), (975, 3), (9668, 1), (9697, 3), (10068, 1), (10089, 6), (10200, 1), (10321, 1), (10473, 1), (10714, 1), (10907, 1), (11365, 1), (11413, 1), (12756, 10), (13003, 5), (13242, 1), (13299, 1), (13378, 2), (13474, 1), (13778, 1), (13985, 1), (14281, 1), (14687, 1), (14708, 1), (14979, 1), (15291, 1), (15312, 1), (16022, 1), (16799, 2), (16905, 2), (18062, 1), (18291, 1)
medicaid (DF: 1): (1741, 1)
medicament (DF: 5): (7851, 1), (9039, 3), (11734, 1), (15775, 1), (17309, 1)
medicat (DF: 2): (4081, 3), (8466, 3)
medicin (DF: 85): (1978, 1), (2082, 2), (2291, 22), (245, 1), (2787, 1), (2938, 2), (3031, 3), (3144, 1), (3722, 1), (3851, 1), (4267, 4), (4289, 3), (4871, 6), (4885, 1), (5126, 2), (510, 1), (5219, 1), (5285, 6), (5475, 2), (5479, 1), (5496, 3), (5502, 2), (5587, 2), (5592, 1), (580, 6), (592, 3), (6018, 1), (6269, 1), (6481, 1), (6527, 1), (6543, 1), (6878, 3), (709, 1), (7302, 1), (7559, 1), (7586, 1), (8199, 1), (8420, 1), (875, 1), (8914, 1), (8928, 1), (9415, 1), (9598, 1), (10151, 1), (11235, 2), (11291, 2), (12125, 1), (12666, 1), (1298, 1), (12953, 2), (13141, 1), (13152, 22), (13359, 1), (13411, 1), (14063, 1), (14197, 1), (14374, 1), (14379, 4), (14600, 1), (14677, 1), (14979, 1), (1540, 2), (1545, 1), (15284, 1), (15342, 1), (15425, 7), (1586, 1), (15596, 16), (15831, 1), (1630, 1), (16006, 2), (16084, 1), (16113, 1), (16190, 2), (16245, 1), (16631, 43), (16979, 1), (17445, 1), (17494, 1), (17777, 22), (17897, 1), (17965, 3), (18139, 2), (18190, 1), (18270, 1)
medicina (DF: 1): (2680, 1)
medicinal (DF: 1): (12431, 1)
medien (DF: 1): (11179, 1)
medier (DF: 1): (2759, 1)
mediev (DF: 3): (1150, 1), (13571, 1), (13696, 1)
medin (DF: 1): (5973, 1)
medina (DF: 6): (2628, 2), (3145, 1), (3731, 1), (6662, 1), (10119, 1), (13802, 3)
medio (DF: 1): (16645, 1)
mediocr (DF: 7): (4569, 1), (8930, 1), (12597, 2), (1564, 1), (16026, 1), (17377, 1), (18372, 1)
mediodi (DF: 1): (14968, 1)
medisin (DF: 1): (592, 2)
medit (DF: 36): (1964, 1), (3479, 1), (4100, 1), (4641, 1), (5036, 1), (5045, 1), (6800, 1), (6846, 1), (7619, 1), (7679, 2), (8532, 1), (9127, 1), (9190, 1), (9398, 1), (9953, 1), (10089, 6), (10609, 1), (10868, 1), (11936, 1), (12507, 1), (12783, 1), (13235, 1), (13474, 1), (13658, 8), (14361, 1), (14695, 1), (14717, 2), (15006, 1), (15015, 1), (15108, 2), (168, 1), (16142, 1), (16144, 1), (16427, 1), (16543, 1), (17800, 2)
meditatin (DF: 6): (3807, 2), (4440, 1), (490, 1), (11524, 2), (17371, 1), (18005, 1)
mediterrane (DF: 1): (3891, 1)
mediterranean (DF: 3): (2054, 1), (7973, 1), (18287, 2)
mediterraneo (DF: 1): (10700, 1)
medium (DF: 1): (3741, 1)
