amerikkka (DF: 2): (12636, 2), (17761, 1)
amerikkkan (DF: 2): (7136, 1), (10879, 1)
amerit (DF: 4): (450, 2), (46, 1), (7925, 1), (14106, 1)
amerykah (DF: 6): (5523, 2), (9476, 3), (11078, 3), (1629, 1), (16694, 1), (16706, 1)
ames (DF: 2): (791, 1), (10982, 2)
amethyst (DF: 1): (8419, 1)
ametrall (DF: 1): (15011, 1)
amex (DF: 2): (7279, 1), (15573, 6)
amf (DF: 33): (1993, 1), (2065, 1), (294, 1), (3309, 1), (4475, 1), (4819, 1), (5616, 1), (6356, 1), (6566, 1), (697, 1), (777, 1), (7709, 1), (8030, 1), (8073, 1), (8622, 1), (9106, 1), (9416, 1), (9570, 1), (9923, 1), (11790, 1), (11829, 1), (12651, 1), (1357, 1), (13692, 1), (14666, 1), (16501, 1), (16520, 1), (17122, 1), (17246, 1), (17675, 1), (1795, 1), (18019, 1), (18154, 1)
amg (DF: 30): (2574, 2), (3462, 1), (4743, 1), (4907, 1), (5382, 1), (5707, 1), (5902, 3), (6272, 4), (6886, 1), (6961, 1), (7463, 1), (778, 2), (8999, 1), (10648, 2), (118, 1), (11395, 1), (11476, 1), (1203, 1), (11949, 1), (13019, 1), (1318, 1), (14426, 19), (151, 1), (15269, 2), (15397, 3), (15766, 1), (16963, 1), (17016, 1), (17881, 1), (18415, 1)
amg320 (DF: 1): (5775, 1)
amggangstreit (DF: 1): (14426, 1)
ami (DF: 44): (2192, 1), (3491, 3), (3618, 1), (3635, 1), (3962, 1), (4124, 1), (34, 1), (4405, 1), (438, 1), (5020, 1), (540, 1), (5825, 1), (6007, 2), (6691, 11), (7607, 2), (8123, 1), (8193, 1), (8842, 1), (963, 2), (9607, 1), (10063, 1), (11122, 21), (11200, 1), (11272, 1), (1156, 4), (11513, 1), (11791, 1), (1222, 1), (12433, 2), (13025, 2), (13130, 1), (1351, 2), (14706, 1), (14970, 1), (14996, 1), (15939, 3), (16177, 1), (16197, 1), (16726, 1), (17210, 1), (17275, 10), (17989, 1), (18439, 1), (187, 1)
amic (DF: 26): (2498, 3), (2518, 1), (2567, 2), (4587, 1), (5109, 4), (5392, 2), (5785, 2), (6341, 6), (6368, 1), (63, 1), (7726, 2), (7837, 1), (8161, 1), (9222, 1), (9596, 2), (9671, 1), (10546, 1), (12256, 1), (13126, 1), (15864, 1), (16746, 1), (17718, 2), (17970, 1), (18370, 2), (18408, 1), (18442, 19)
amid (DF: 2): (487, 1), (11735, 6)
amidon (DF: 1): (13977, 1)
amig (DF: 189): (1932, 2), (1967, 4), (1978, 1), (2090, 1), (2108, 2), (217, 4), (2316, 1), (2325, 1), (227, 2), (2461, 1), (2488, 1), (2585, 2), (2642, 2), (2659, 4), (256, 3), (2828, 1), (284, 14), (2972, 2), (3062, 2), (3070, 2), (3093, 6), (328, 1), (3313, 4), (3358, 1), (3434, 1), (3609, 2), (3656, 1), (3697, 1), (3881, 2), (3908, 1), (403, 5), (412, 2), (4186, 8), (4219, 4), (4236, 6), (4288, 1), (4352, 1), (4448, 1), (4532, 1), (4560, 2), (4633, 2), (4666, 16), (4704, 2), (4780, 1), (4797, 2), (4799, 2), (5013, 1), (5026, 4), (5035, 6), (5040, 2), (5110, 2), (5174, 3), (5224, 2), (5246, 5), (5396, 2), (5475, 24), (5512, 1), (5647, 1), (5655, 1), (5713, 1), (567, 12), (5745, 4), (5786, 1), (577, 1), (53, 1), (6175, 3), (6205, 2), (6326, 1), (6414, 1), (6562, 3), (6588, 12), (6706, 1), (6808, 5), (6810, 1), (6909, 2), (6917, 1), (6974, 1), (7031, 10), (7056, 1), (711, 7), (7258, 3), (728, 1), (7392, 2), (7435, 4), (7555, 1), (7587, 1), (7646, 2), (7820, 1), (7879, 2), (7904, 18), (7989, 2), (8036, 1), (8149, 4), (8188, 1), (8243, 3), (8353, 2), (8406, 4), (8454, 1), (858, 2), (8478, 2), (8518, 1), (8646, 1), (8733, 6), (8751, 1), (84, 1), (9070, 1), (9206, 2), (9318, 2), (9410, 1), (9428, 1), (9534, 4), (9536, 1), (9575, 1), (9606, 1), (9607, 4), (982, 6), (9641, 4), (9692, 1), (9697, 3), (9762, 1), (9797, 2), (1008, 8), (9882, 2), (9960, 12), (9963, 2), (10036, 1), (10209, 1), (10233, 1), (1046, 2), (10461, 6), (10513, 3), (10559, 2), (10651, 1), (10682, 7), (10780, 2), (10807, 2), (11000, 2), (11037, 2), (117, 9), (11113, 2), (11142, 1), (11169, 24), (11199, 1), (11203, 1), (11235, 2), (11317, 4), (11331, 4), (11442, 1), (11526, 2), (11620, 2), (11638, 1), (11662, 4), (11724, 9), (11746, 3), (11840, 2), (12030, 2), (12055, 2), (12092, 1), (12191, 1), (12205, 1), (1255, 2), (12431, 1), (12623, 8), (12648, 2), (12656, 1), (12661, 1), (12686, 3), (12770, 1), (12808, 1), (12833, 1), (12895, 2), (12924, 1), (12949, 21), (13084, 4), (13107, 1), (13130, 4), (13141, 4), (13209, 2), (13233, 2), (13370, 1), (13425, 4), (13442, 2), (13453, 2), (13572, 25), (13576, 3), (13672, 4), (13793, 6), (13799, 4), (13830, 2)
