attent (DF: 159): (7664, 1), (7788, 1), (7789, 1), (7811, 1), (7859, 4), (7873, 1), (7908, 1), (7932, 1), (7960, 1), (811, 1), (8083, 1), (8106, 1), (8139, 9), (8148, 1), (8168, 3), (8489, 1), (8579, 1), (8716, 1), (8850, 6), (9020, 2), (9301, 2), (9322, 1), (9394, 1), (9546, 1), (9560, 1), (9632, 1), (9649, 1), (9674, 2), (9711, 1), (9742, 1), (9754, 1), (9784, 1), (9875, 5), (1010, 5), (9922, 1), (9965, 1), (10011, 1), (10161, 6), (10167, 2), (1050, 1), (10355, 1), (10357, 1), (10404, 1), (10424, 1), (10476, 37), (10610, 1), (10864, 1), (10945, 1), (10971, 1), (11088, 4), (11194, 1), (11208, 1), (11490, 1), (11536, 1), (11539, 1), (11767, 3), (11805, 2), (11821, 1), (11920, 1), (11955, 2), (1217, 2), (12006, 2), (12184, 4), (12234, 1), (12283, 2), (12296, 1), (12367, 15), (12400, 2), (1258, 1), (12515, 1), (12520, 1), (12571, 1), (1304, 1), (12846, 1), (12850, 1), (13003, 1), (13029, 2), (13073, 1), (13297, 4), (13474, 1), (13540, 1), (13552, 1), (13554, 1), (13590, 1), (13655, 1), (13722, 1), (13792, 1), (13872, 3), (13934, 2), (13999, 1), (14061, 1), (14070, 1), (14149, 2), (14156, 1), (14176, 1), (14233, 1), (14281, 1), (14378, 1), (14517, 2), (14576, 1), (14598, 2), (14612, 1), (14635, 2), (14779, 1), (14807, 1), (14808, 2), (14922, 1), (1545, 1), (15073, 1), (15089, 1), (15103, 1), (15156, 1), (1553, 3), (15230, 1), (15296, 1), (15406, 1), (15411, 1), (15606, 1), (15656, 1), (15726, 2), (15803, 1), (15870, 1), (15891, 4), (1636, 1), (1647, 2), (16107, 4), (16180, 1), (16191, 1), (16229, 1), (16317, 1), (1684, 3), (16561, 2), (16589, 4), (16650, 1), (16688, 1), (16694, 2), (16800, 1), (16886, 1), (16943, 2), (17220, 1), (17243, 1), (17463, 1), (17591, 2), (17739, 2), (17762, 1), (17809, 1), (17868, 4), (17983, 1), (18067, 1), (18131, 3), (18168, 1), (18199, 1), (18224, 1), (1847, 1), (18433, 1), (1996, 2), (1997, 1), (10885, 1), (10886, 1)
attentat (DF: 2): (1089, 4), (14426, 1)
attention (DF: 3): (5206, 1), (12421, 1), (18050, 8)
attento (DF: 1): (10700, 1)
atterr (DF: 1): (11590, 1)
attes (DF: 3): (7281, 2), (9738, 1), (11111, 2)
attest (DF: 2): (2896, 1), (10162, 1)
atti (DF: 1): (15211, 1)
attic (DF: 22): (2562, 1), (4936, 1), (5463, 1), (548, 1), (7053, 2), (7540, 2), (9809, 1), (10044, 1), (1029, 1), (10869, 1), (11006, 15), (11063, 1), (11693, 3), (12602, 2), (12726, 4), (13587, 1), (13637, 2), (14998, 6), (15211, 1), (15850, 1), (16306, 1), (17611, 2)
attic400 (DF: 1): (2004, 4)
attica (DF: 1): (13338, 1)
atticus (DF: 1): (3449, 1)
attila (DF: 2): (924, 1), (17331, 3)
attim (DF: 7): (3491, 1), (5392, 3), (6961, 1), (7281, 1), (9222, 1), (9664, 1), (14799, 1)
attir (DF: 12): (365, 1), (4197, 1), (5253, 1), (6936, 1), (9866, 1), (10690, 2), (14533, 1), (1564, 1), (16026, 1), (16720, 1), (17449, 1), (17533, 1)
attitud (DF: 134): (1952, 2), (200, 2), (2055, 7), (2192, 3), (2193, 1), (221, 2), (2269, 1), (2322, 1), (2333, 1), (2405, 6), (2422, 1), (2503, 2), (2586, 1), (2726, 1), (2824, 1), (2847, 1), (285, 1), (3144, 2), (3209, 1), (3265, 1), (3535, 2), (3538, 1), (3741, 1), (3845, 1), (3925, 1), (4112, 1), (4255, 1), (4263, 1), (4427, 1), (4490, 1), (455, 2), (4736, 14), (4982, 1), (5018, 1), (5120, 1), (5260, 1), (5494, 1), (5575, 1), (5607, 6), (5811, 1), (6114, 4), (6144, 1), (627, 20), (6350, 1), (6442, 1), (6451, 1), (6565, 1), (6650, 2), (6721, 1), (6742, 1), (6952, 1), (702, 1), (7411, 1), (740, 1), (7445, 3), (7465, 1), (7845, 2), (7926, 1), (7960, 1), (8107, 1), (8209, 1), (8247, 1), (8261, 1), (8299, 2), (847, 2), (8416, 14), (8459, 1), (8808, 1), (8850, 3), (9035, 1), (9062, 1), (9251, 1), (9283, 2), (9293, 3), (9474, 1), (9569, 1), (9846, 1), (1017, 15), (10154, 1), (10329, 6), (10448, 2), (10533, 2), (10571, 1), (10748, 1), (10749, 1), (10774, 14), (11020, 1), (11373, 8), (11615, 1), (11671, 1), (11894, 3), (12575, 2), (12582, 1), (12636, 2), (12659, 1), (131, 1), (12966, 3), (13207, 1), (13223, 1), (1377, 1), (13655, 1), (13802, 1), (14088, 1), (14114, 1), (14186, 1), (14197, 1), (14220, 1), (1465, 1), (1469, 1), (14441, 1), (14477, 8), (14646, 2), (14752, 1), (1512, 1), (15092, 3), (15101, 1), (15159, 1), (15251, 1), (15392, 2), (15417, 1), (1581, 1), (15502, 3), (15532, 1), (15838, 1), (15943, 2), (16068, 1), (16218, 2), (16317, 1), (16355, 2), (16521, 1), (16527, 1), (16674, 1), (16684, 1), (16870, 2)
