corinn (DF: 3): (10199, 2), (11721, 1), (12241, 2)
coris (DF: 1): (11493, 1)
corit (DF: 3): (9070, 1), (15402, 1), (16940, 1)
cork (DF: 9): (2676, 1), (4111, 1), (7597, 2), (7973, 1), (11536, 3), (13231, 1), (13685, 1), (14265, 1), (15405, 2)
corkscrew (DF: 2): (8009, 1), (16297, 2)
corl (DF: 1): (15154, 2)
corleon (DF: 13): (284, 2), (3594, 1), (5797, 6), (9297, 1), (9331, 1), (10370, 2), (10513, 1), (11262, 1), (11374, 1), (14690, 1), (15154, 2), (16696, 2), (18291, 2)
cormega (DF: 3): (4645, 1), (5483, 1), (10672, 1)
corn (DF: 34): (2032, 1), (2399, 1), (306, 1), (317, 2), (3284, 2), (435, 2), (4821, 1), (484, 3), (5032, 1), (6319, 1), (6817, 6), (7320, 1), (7360, 1), (8230, 3), (8360, 2), (8884, 1), (9147, 1), (9512, 1), (10297, 1), (10484, 8), (11314, 6), (11493, 1), (11877, 1), (12757, 1), (13214, 1), (13457, 1), (13925, 2), (14042, 1), (14158, 1), (1481, 2), (14839, 1), (15242, 2), (17354, 1), (17635, 1)
corna (DF: 1): (17123, 1)
cornbal (DF: 5): (2254, 1), (3310, 1), (5082, 1), (13443, 1), (15705, 2)
cornbread (DF: 11): (510, 1), (8592, 1), (11868, 2), (1216, 1), (12038, 1), (14946, 1), (15242, 2), (15713, 1), (17354, 1), (17719, 5), (17863, 9)
corncob (DF: 1): (15510, 1)
cornea (DF: 1): (12729, 1)
cornej (DF: 1): (12307, 1)
cornel (DF: 1): (1808, 1)
cornelius (DF: 2): (3597, 1), (6245, 2)
corner (DF: 260): (1909, 1), (2026, 1), (202, 1), (2143, 1), (210, 1), (2187, 1), (2217, 3), (2236, 1), (2241, 1), (2259, 1), (2263, 2), (2278, 4), (2315, 1), (2333, 1), (2423, 1), (2562, 1), (2649, 1), (2677, 1), (2682, 1), (2733, 1), (2746, 1), (2771, 1), (2798, 1), (2809, 1), (2855, 1), (2869, 1), (2887, 4), (2895, 1), (3009, 1), (3249, 2), (3291, 1), (3300, 1), (330, 4), (3350, 1), (3371, 5), (3529, 1), (3537, 1), (3538, 1), (3581, 1), (356, 2), (3651, 2), (3675, 1), (3680, 1), (3704, 1), (3963, 4), (3991, 1), (3999, 1), (4013, 1), (4033, 2), (4042, 1), (4071, 1), (4185, 2), (4222, 1), (4226, 1), (4250, 1), (4319, 1), (4348, 1), (39, 4), (4392, 1), (4452, 2), (4516, 1), (4526, 1), (4645, 3), (4699, 2), (4731, 4), (4789, 1), (4854, 1), (4900, 1), (4941, 3), (4942, 2), (4944, 1), (4950, 8), (4974, 1), (5010, 1), (5031, 2), (5041, 2), (5136, 1), (508, 2), (5190, 1), (5362, 1), (5434, 1), (5481, 4), (5520, 1), (5589, 1), (5610, 1), (5633, 2), (6, 1), (5728, 1), (5755, 1), (5760, 2), (5848, 1), (5868, 1), (5902, 1), (5918, 1), (5972, 1), (5974, 2), (595, 2), (6089, 2), (6108, 1), (6164, 1), (6182, 1), (6214, 1), (6235, 3), (6265, 1), (6266, 1), (6287, 1), (6296, 2), (6342, 1), (6363, 4), (6417, 1), (6478, 2), (6573, 1), (6583, 3), (6585, 1), (6604, 4), (6683, 1), (669, 1), (6741, 2), (6784, 1), (6853, 2), (65, 1), (7057, 1), (7065, 2), (7098, 1), (7130, 1), (7136, 1), (7154, 1), (702, 1), (7192, 1), (7197, 1), (7209, 3), (7264, 1), (7276, 1), (7290, 1), (7304, 1), (69, 3), (7439, 1), (746, 2), (7561, 3), (7564, 1), (7574, 1), (7629, 2), (782, 1), (7798, 1), (7888, 5), (72, 1), (7991, 1), (8133, 1), (8276, 5), (8279, 1), (8303, 1), (8319, 1), (8359, 2), (8400, 1), (8533, 2), (8547, 1), (8550, 1), (8555, 2), (8635, 5), (8662, 2), (8725, 4), (8749, 8), (893, 1), (8779, 2), (8841, 3), (909, 1), (8975, 1), (9027, 1), (9080, 1), (927, 1), (928, 1), (9121, 2), (9234, 3), (9251, 4), (9261, 1), (9394, 1), (9447, 2), (9504, 1), (9561, 2), (9625, 1), (981, 1), (9710, 2), (9751, 1), (9839, 4), (9917, 1), (9936, 1), (9965, 1), (9993, 1), (10014, 1), (10029, 1), (10102, 2), (10141, 1), (10188, 1), (10200, 1), (10279, 1), (10348, 1), (10370, 1), (10469, 9), (10480, 1), (10487, 2), (10565, 1), (10610, 1), (10642, 1), (10672, 3), (10723, 8), (10767, 1), (10771, 1), (10890, 2), (10912, 3), (10951, 1), (1124, 1), (11026, 5), (11058, 2), (11086, 1), (11090, 1), (11134, 1), (1140, 1), (11188, 1), (11197, 1), (11214, 1), (11233, 1), (11285, 2), (11294, 1), (11415, 6), (11422, 6), (11448, 1), (11470, 1), (11541, 1), (11555, 1), (11563, 2), (11616, 2), (11663, 1), (11671, 1), (1196, 1), (11701, 9), (11722, 2), (11807, 1), (11857, 1), (11868, 1), (11918, 1), (11954, 1), (11961, 1), (11995, 2), (12108, 1), (12184, 8), (12210, 1), (12251, 1), (12293, 1), (12308, 1), (12347, 1), (12385, 1), (12396, 1), (12414, 1), (12418, 1), (12445, 1), (12468, 2), (12483, 3), (12589, 1), (12659, 1), (12666, 1)
