huh (DF: 239): (14781, 4), (14789, 1), (1513, 1), (14812, 2), (1515, 1), (14835, 1), (14893, 2), (14932, 2), (14950, 1), (14974, 2), (155, 12), (1532, 2), (14978, 16), (15013, 2), (15015, 2), (15018, 1), (1539, 2), (15023, 1), (15033, 10), (15044, 1), (15058, 4), (1547, 3), (15099, 1), (15101, 2), (15118, 1), (15132, 1), (15157, 5), (1552, 1), (15170, 5), (15214, 1), (15250, 3), (1559, 2), (15266, 14), (15301, 1), (1564, 5), (15309, 4), (15313, 1), (15320, 8), (15328, 2), (15334, 1), (15369, 12), (15371, 4), (15464, 2), (15477, 2), (15481, 3), (15487, 10), (15504, 2), (15518, 1), (15529, 1), (15530, 2), (1588, 1), (15555, 10), (15568, 1), (15595, 2), (15669, 12), (15675, 9), (15684, 30), (15708, 2), (15765, 1), (15813, 14), (15833, 1), (15838, 1), (15850, 1), (15854, 1), (15857, 1), (15860, 4), (15867, 1), (15873, 3), (1626, 2), (15916, 4), (1631, 4), (15942, 6), (15989, 3), (16026, 5), (16028, 9), (16035, 1), (16037, 1), (16043, 2), (16054, 4), (16077, 1), (16095, 1), (16098, 6), (16123, 2), (16132, 2), (16138, 6), (16165, 2), (1653, 16), (16167, 1), (169, 2), (16256, 1), (16279, 1), (16280, 1), (16282, 1), (16294, 1), (16304, 2), (16315, 2), (16322, 1), (16330, 2), (16344, 4), (16391, 1), (1672, 1), (16424, 14), (16438, 1), (16442, 4), (16503, 6), (16518, 3), (16521, 1), (16532, 6), (16579, 2), (16641, 3), (16684, 3), (16700, 14), (16771, 15), (1705, 2), (16775, 2), (16794, 1), (16800, 1), (16806, 1), (16857, 5), (16886, 1), (16894, 9), (16909, 10), (16916, 3), (16932, 8), (16938, 3), (16975, 6), (16994, 12), (17010, 2), (17043, 1), (17047, 12), (17059, 6), (17061, 1), (17089, 1), (17100, 1), (17162, 1), (17169, 10), (17219, 1), (17240, 1), (17261, 1), (17272, 3), (17274, 2), (17298, 1), (17299, 1), (17319, 1), (17336, 4), (1763, 1), (1766, 48), (17407, 6), (17460, 6), (17483, 1), (1772, 3), (17533, 1), (17552, 4), (17556, 1), (17559, 8), (181, 6), (1778, 4), (17626, 1), (17638, 2), (17663, 1), (17683, 6), (17685, 14), (17688, 4), (17720, 1), (17727, 2), (17755, 4), (1799, 2), (17769, 1), (17785, 1), (17793, 1), (17818, 1), (17833, 3), (17838, 24), (17870, 2), (17899, 3), (17914, 2), (17934, 1), (17942, 1), (17954, 4), (18086, 1), (1829, 2), (18103, 4), (18106, 2), (18110, 1), (18126, 1), (18140, 1), (18143, 1), (18149, 45), (18179, 5), (18183, 12), (18211, 2), (18245, 2), (18251, 2), (18254, 1), (18293, 2), (18324, 1), (18327, 3), (18342, 1), (18344, 8), (18376, 1), (18444, 1), (1881, 6), (5032, 4), (5033, 6), (5035, 1), (5560, 1), (5561, 1), (825, 4), (826, 1), (8530, 3), (8531, 3), (900, 6), (904, 1), (8807, 1), (8808, 1), (9060, 6), (9061, 2), (9796, 1), (9797, 6), (10457, 1), (10459, 1), (11107, 1), (11109, 1), (1142, 5), (1143, 2), (13289, 2), (13290, 1), (13987, 7), (13990, 1), (14054, 5), (14055, 1), (1565, 1), (15671, 3), (16050, 2), (16051, 1), (1704, 1), (17304, 1), (17305, 1), (179, 1)
huhh (DF: 3): (5075, 1), (7137, 1), (8848, 1)
huho (DF: 1): (15773, 2)
huhuoh (DF: 1): (2937, 4)
hui (DF: 6): (4297, 3), (540, 1), (8198, 1), (14553, 1), (15912, 1), (17327, 1)
huid (DF: 5): (6025, 1), (10804, 1), (117, 1), (15164, 2), (16253, 1)
huilen (DF: 2): (6008, 1), (7519, 1)
huin (DF: 1): (13918, 1)
huir (DF: 2): (679, 1), (9660, 1)
huissi (DF: 1): (15456, 1)
huk (DF: 1): (14754, 1)
hukiem (DF: 1): (1197, 1)
hul (DF: 4): (4347, 1), (11696, 1), (15939, 1), (18441, 97)
hula (DF: 11): (2637, 1), (5779, 1), (7697, 1), (12533, 9), (12678, 4), (13174, 9), (13876, 6), (15205, 1), (15765, 1), (16765, 1), (18308, 1)
huldig (DF: 1): (6835, 1)
hule (DF: 2): (4815, 1), (14250, 1)
hulk (DF: 15): (3234, 2), (3444, 1), (3680, 1), (3962, 1), (4895, 2), (646, 1), (6835, 1), (702, 1), (9273, 3), (9833, 1), (10195, 1), (11356, 1), (13988, 1), (1648, 2), (1799, 1)
hull (DF: 2): (10246, 2), (15643, 1)
huller (DF: 2): (8564, 1), (10543, 1)
hulugan (DF: 1): (8768, 1)
hum (DF: 10): (1927, 1), (2260, 1), (2261, 1), (2422, 2), (2676, 2), (276, 1), (2967, 1), (3104, 4), (3195, 2), (3219, 4)
