paredão (DF: 1): (2833, 2)
parei (DF: 2): (16533, 1), (17454, 1)
pareil (DF: 1): (12042, 1)
pareill (DF: 1): (15570, 1)
parej (DF: 7): (403, 1), (8323, 2), (10410, 2), (11175, 2), (12449, 1), (15686, 1), (18321, 2)
parel (DF: 1): (6184, 1)
parem (DF: 2): (11371, 2), (1787, 2)
paren (DF: 1): (13305, 3)
parend (DF: 1): (15632, 1)
parens (DF: 1): (11576, 2)
parent (DF: 93): (2235, 1), (2582, 4), (2791, 1), (2803, 1), (2815, 1), (2961, 1), (3156, 2), (3237, 2), (3769, 1), (3789, 1), (3880, 1), (4031, 1), (4107, 1), (4197, 1), (4490, 1), (4581, 2), (4632, 8), (5179, 1), (5367, 2), (588, 1), (612, 1), (6228, 2), (6409, 1), (6475, 1), (6527, 1), (6721, 1), (6905, 2), (7532, 1), (7857, 1), (7874, 1), (7950, 2), (7992, 1), (8210, 1), (8357, 1), (8394, 1), (8559, 1), (8964, 4), (9301, 1), (9507, 2), (9752, 1), (9946, 1), (101, 1), (10056, 1), (10701, 1), (10750, 1), (10842, 1), (10921, 1), (11656, 1), (11812, 1), (11897, 3), (11906, 1), (1237, 1), (12696, 1), (12798, 1), (13270, 1), (13279, 1), (13297, 2), (13435, 1), (13564, 1), (13635, 1), (13686, 1), (13769, 1), (1400, 2), (13844, 1), (13968, 1), (13994, 1), (14158, 1), (14228, 1), (14393, 2), (1473, 1), (14456, 1), (14466, 7), (1485, 1), (1552, 1), (15251, 1), (1581, 1), (15679, 1), (1613, 1), (1623, 2), (16068, 1), (16250, 1), (1670, 1), (16575, 1), (16970, 1), (17052, 3), (17099, 2), (17261, 1), (17340, 1), (17550, 1), (17775, 2), (17957, 1), (18004, 2), (18269, 6)
parentel (DF: 1): (11314, 1)
parenthesi (DF: 1): (1829, 1)
parenthet (DF: 2): (10507, 1), (15808, 1)
parenthood (DF: 1): (8960, 1)
paresi (DF: 1): (14543, 1)
paret (DF: 1): (11298, 1)
parezc (DF: 18): (2043, 2), (2656, 1), (4361, 1), (5173, 1), (5906, 1), (6379, 3), (6889, 3), (8036, 2), (9756, 1), (9916, 1), (10892, 3), (12082, 1), (13935, 1), (13982, 1), (15926, 3), (16968, 4), (17063, 3), (18222, 1)
pareça (DF: 1): (16117, 1)
pareço (DF: 1): (12128, 1)
parfait (DF: 3): (7254, 1), (12380, 1), (15110, 1)
parfoi (DF: 1): (30, 6)
parfois (DF: 6): (598, 1), (13019, 2), (15912, 1), (16701, 1), (16898, 1), (17888, 1)
parfum (DF: 2): (5450, 1), (5955, 1)
parg (DF: 1): (17390, 1)
pargol (DF: 1): (4992, 1)
parguer (DF: 2): (1046, 2), (16578, 3)
parh (DF: 1): (9138, 3)
parham (DF: 1): (15536, 1)
pari (DF: 110): (1911, 1), (2032, 1), (2121, 2), (2192, 3), (2199, 1), (2249, 1), (2256, 2), (2260, 1), (2545, 1), (2582, 18), (2699, 3), (2748, 1), (2841, 2), (2943, 1), (3618, 1), (4107, 1), (4240, 2), (4358, 4), (4462, 1), (4582, 1), (4793, 1), (4855, 1), (5172, 1), (540, 1), (5728, 1), (5915, 1), (6040, 1), (6487, 1), (6800, 1), (6876, 1), (6935, 3), (7179, 2), (7454, 1), (7527, 3), (7593, 1), (7603, 1), (7680, 1), (7787, 1), (7941, 1), (812, 1), (8168, 1), (8172, 1), (833, 1), (8333, 1), (8505, 1), (8666, 2), (8755, 1), (8804, 2), (9019, 1), (9143, 1), (9363, 1), (9487, 1), (9567, 1), (9693, 1), (9734, 1), (9832, 23), (9946, 2), (10072, 1), (10165, 5), (10458, 1), (10495, 1), (1067, 1), (10794, 1), (10856, 2), (1118, 2), (10955, 3), (10994, 1), (1156, 4), (11378, 2), (11633, 1), (11882, 3), (11976, 2), (12259, 1), (12323, 1), (12733, 6), (13338, 1), (13343, 1), (13354, 1), (1361, 1), (13731, 1), (13817, 1), (13992, 2), (1432, 4), (14361, 1), (14524, 1), (14628, 1), (14728, 1), (14814, 1), (14947, 2), (15125, 1), (15278, 4), (15316, 5), (15371, 2), (15454, 24), (15540, 1), (15667, 4), (16067, 3), (16753, 1), (16945, 6), (16999, 1), (17057, 3), (17100, 1), (17245, 1), (17261, 1), (17421, 1), (17775, 10), (17868, 1), (18113, 1), (18215, 4), (12734, 2)
pariah (DF: 1): (5375, 1)
parico (DF: 1): (1304, 1)
parient (DF: 1): (2967, 1)
parig (DF: 2): (3295, 2), (13019, 3)
pariguay (DF: 1): (1563, 1)
parii (DF: 1): (18170, 1)
parij (DF: 1): (13201, 1)
parin (DF: 2): (13968, 1), (14250, 1)
parinda (DF: 1): (10442, 1)
parinig (DF: 1): (8768, 1)
paripititumon (DF: 1): (1447, 2)
paris (DF: 18): (3962, 1), (4614, 1), (480, 1), (5547, 1), (6798, 1), (7411, 1), (7607, 1), (9457, 1), (10109, 4), (10400, 6), (1177, 6), (15766, 1), (15867, 1), (16525, 1), (16973, 1), (17888, 6), (18073, 1), (18213, 1)
parise (DF: 1): (10400, 1)
parish (DF: 3): (7964, 1), (9227, 1), (15130, 1)
parisi (DF: 2): (5945, 5), (13416, 5)
parisian (DF: 1): (15871, 1)
parisienn (DF: 1): (11576, 2)
pariwar (DF: 1): (5830, 1)
pariyon (DF: 1): (149, 1)
parizon (DF: 1): (13707, 1)
parjaiy (DF: 1): (5830, 1)
