fix (DF: 184): (6790, 1), (6801, 1), (6995, 1), (7041, 1), (7048, 1), (7130, 1), (7204, 1), (7248, 22), (7394, 1), (7460, 3), (7481, 1), (7484, 1), (7703, 1), (7808, 3), (7811, 2), (7878, 1), (7884, 1), (8021, 1), (8032, 1), (8100, 4), (823, 1), (8147, 1), (8180, 1), (8206, 4), (8249, 2), (8265, 1), (8326, 1), (8346, 1), (8365, 1), (8397, 1), (8434, 4), (8616, 1), (8747, 2), (900, 4), (8800, 1), (8811, 1), (9047, 1), (9109, 2), (935, 4), (9209, 1), (9310, 1), (9322, 1), (9517, 1), (9579, 2), (9809, 1), (9863, 1), (1009, 1), (9914, 1), (9948, 1), (10052, 1), (10076, 1), (10133, 2), (10199, 1), (10331, 2), (10338, 1), (10439, 2), (10453, 2), (10464, 1), (10473, 2), (10479, 1), (10576, 2), (10586, 4), (1089, 1), (10736, 1), (10817, 1), (10969, 1), (1128, 2), (11129, 1), (11168, 3), (1143, 1), (11214, 1), (11215, 1), (11217, 1), (11265, 1), (11278, 2), (11310, 1), (11325, 1), (11461, 2), (11694, 5), (1199, 1), (11770, 2), (11976, 16), (12008, 1), (12068, 1), (12097, 5), (12099, 1), (12102, 1), (12239, 2), (12286, 4), (12313, 1), (12360, 1), (1266, 2), (12581, 1), (12835, 1), (12854, 6), (1312, 1), (1313, 1), (12987, 1), (13065, 2), (13072, 1), (13211, 1), (13274, 2), (13297, 2), (13316, 1), (13387, 1), (13616, 1), (13636, 1), (13712, 1), (140, 2), (13720, 1), (13824, 1), (13863, 3), (1421, 1), (13997, 1), (14070, 1), (14148, 10), (14281, 1), (14352, 2), (14489, 1), (14507, 3), (14591, 4), (14638, 2), (14647, 1), (14683, 1), (14706, 1), (14715, 1), (14735, 2), (14745, 3), (14804, 2), (14809, 1), (14845, 2), (14918, 3), (1536, 1), (15018, 1), (15073, 1), (15104, 1), (15124, 1), (15163, 4), (15188, 1), (15221, 1), (15250, 1), (15305, 1), (15433, 1), (15529, 1), (15574, 2), (15632, 1), (15664, 1), (1611, 1), (15776, 2), (15823, 1), (15856, 1), (165, 2), (15952, 2), (16146, 1), (16232, 1), (16294, 1), (16329, 2), (16592, 1), (16595, 2), (16613, 2), (15, 1), (16870, 2), (16875, 1), (1749, 3), (17322, 6), (17335, 3), (1774, 1), (17719, 2), (17800, 1), (17808, 1), (17824, 4), (17852, 2), (17869, 5), (1813, 3), (17995, 1), (18038, 1), (18153, 3), (18167, 1), (18202, 1), (18269, 1), (18292, 1), (18324, 2), (18381, 3), (17334, 1)
fixat (DF: 5): (6575, 2), (9277, 1), (9376, 1), (9397, 1), (10606, 1)
fixen (DF: 2): (3355, 1), (14553, 1)
fixer (DF: 2): (8824, 1), (15844, 1)
fixiert (DF: 2): (5691, 1), (6620, 1)
fixin (DF: 10): (202, 1), (3727, 1), (4724, 1), (5106, 1), (6132, 1), (731, 1), (980, 1), (11867, 1), (13629, 1), (16043, 1)
fixx (DF: 1): (15710, 1)
fiya (DF: 4): (306, 1), (3565, 1), (10504, 1), (17756, 2)
fiyaa (DF: 1): (6817, 1)
fiyah (DF: 1): (10919, 1)
fiz (DF: 21): (213, 1), (2680, 1), (3467, 5), (3838, 1), (5007, 1), (6234, 1), (6844, 3), (7270, 1), (7649, 4), (7795, 1), (8052, 1), (8574, 1), (8989, 1), (9355, 2), (10203, 1), (10316, 2), (11200, 4), (12901, 1), (15322, 2), (16762, 2), (17652, 1)
fizeram (DF: 1): (16117, 1)
fizz (DF: 6): (2765, 1), (3745, 1), (4872, 1), (5840, 1), (10135, 1), (15269, 1)
fizza (DF: 1): (17596, 1)
fizzact (DF: 1): (9073, 1)
fizzeel (DF: 1): (12588, 1)
fizzi (DF: 4): (6953, 1), (737, 1), (7745, 1), (1574, 8)
fizzin (DF: 2): (11623, 2), (16450, 2)
fizziv (DF: 3): (2562, 1), (15048, 2), (1833, 1)
fizzl (DF: 6): (5041, 1), (5051, 12), (8240, 1), (14419, 1), (15269, 1), (1874, 1)
fizzlin (DF: 1): (17705, 3)
fizzo (DF: 1): (6771, 1)
fjern (DF: 1): (3527, 1)
fjerner (DF: 1): (11364, 4)
fjolleri (DF: 1): (16208, 1)
fk (DF: 1): (10442, 2)
fka (DF: 3): (9118, 1), (1378, 1), (1535, 1)
fkj (DF: 6): (1954, 1), (4609, 1), (9988, 1), (12951, 1), (13878, 1), (15723, 1)
fkn (DF: 1): (2324, 1)
fl (DF: 4): (9837, 2), (11946, 1), (15673, 1), (16247, 1)
fla (DF: 4): (2354, 2), (688, 1), (7874, 1), (13289, 2)
flab (DF: 1): (9194, 1)
flabet (DF: 1): (14092, 1)
flac (DF: 18): (2656, 1), (4288, 1), (4386, 1), (4515, 1), (4752, 2), (6249, 2), (628, 1), (7508, 1), (8278, 2), (9939, 1), (10189, 9), (11037, 4), (11356, 1), (12055, 2), (14222, 2), (15054, 1), (15192, 1), (17671, 1)
flaca (DF: 1): (10257, 1)
flach (DF: 3): (2328, 1), (7344, 1), (14263, 2)
flachbildschirm (DF: 1): (2729, 1)
flachenbrand (DF: 1): (397, 1)
flachgelegt (DF: 1): (9999, 1)
flachi (DF: 1): (1918, 1)
flack (DF: 3): (303, 4), (11315, 2), (17331, 3)
flackern (DF: 1): (3599, 1)
flackert (DF: 1): (18073, 1)
flacki (DF: 1): (2309, 3)
flacko (DF: 4): (4661, 1), (5137, 2), (6104, 1), (7106, 1)
