oye (DF: 37): (15939, 9), (16223, 3), (16230, 4), (16253, 3), (16345, 1), (1668, 2), (16373, 1), (16419, 1), (16420, 1), (16437, 1), (16439, 2), (16717, 2), (16885, 2), (16921, 1), (16990, 3), (16998, 1), (17131, 1), (1740, 6), (17192, 1), (1752, 1), (17279, 2), (17343, 3), (17390, 1), (17405, 1), (17522, 3), (17573, 1), (17604, 2), (1786, 1), (18000, 2), (18047, 1), (18053, 1), (18187, 3), (18213, 1), (18222, 1), (18441, 1), (11401, 1), (11404, 2)
oyeah (DF: 3): (2570, 1), (7295, 1), (11807, 1)
oyel (DF: 5): (3823, 4), (4961, 1), (8758, 7), (1141, 3), (1422, 7)
oyem (DF: 11): (5105, 2), (891, 3), (11535, 2), (11924, 1), (12599, 4), (14301, 1), (14677, 1), (15192, 1), (1740, 3), (17171, 1), (1826, 3)
oyen (DF: 5): (5363, 1), (13971, 1), (13986, 3), (15939, 2), (17549, 1)
oyend (DF: 4): (5592, 2), (7380, 2), (9246, 1), (14817, 1)
oyendot (DF: 2): (13026, 1), (16469, 1)
oyes (DF: 2): (6917, 1), (8518, 1)
oyet (DF: 2): (2351, 1), (6851, 1)
oyl (DF: 2): (11090, 1), (13405, 1)
oynarken (DF: 1): (8375, 1)
oyo (DF: 4): (2606, 2), (4210, 1), (667, 1), (9431, 1)
oyogitsukareta (DF: 1): (1102, 1)
oyou (DF: 1): (14888, 1)
oyster (DF: 6): (2356, 1), (3100, 1), (7430, 1), (9288, 1), (16536, 1), (18110, 1)
oyun (DF: 1): (8375, 1)
oz (DF: 24): (3249, 1), (4702, 2), (4769, 1), (5463, 2), (5955, 1), (6767, 1), (6819, 1), (7166, 1), (7904, 2), (9325, 1), (10373, 1), (10418, 2), (10711, 1), (11425, 3), (11924, 1), (13134, 1), (14301, 1), (15271, 3), (15328, 1), (16897, 1), (17171, 1), (17353, 1), (17861, 1), (18346, 2)
ozcan (DF: 5): (2420, 1), (4545, 1), (7246, 1), (1195, 1), (13633, 1)
ozean (DF: 1): (16724, 1)
ozeanblau (DF: 1): (1736, 1)
ozhora (DF: 1): (3864, 2)
ozi (DF: 1): (2020, 2)
oznacza (DF: 1): (6678, 1)
ozon (DF: 12): (2422, 1), (6363, 1), (885, 1), (9398, 1), (9764, 18), (10041, 1), (11259, 1), (11524, 2), (11665, 1), (12152, 1), (17371, 1), (18005, 1)
ozun (DF: 56): (1967, 3), (2020, 2), (2659, 1), (2814, 4), (4193, 1), (4469, 2), (4484, 3), (4532, 1), (4704, 5), (4797, 2), (5525, 1), (5547, 4), (6351, 2), (6514, 1), (6532, 1), (6871, 4), (6909, 3), (7016, 3), (7309, 3), (7367, 12), (7513, 6), (7646, 4), (7989, 3), (9792, 1), (1008, 7), (10046, 6), (10322, 2), (10452, 2), (1079, 1), (10682, 3), (10939, 2), (1213, 3), (1307, 2), (13369, 3), (13672, 3), (13742, 5), (14124, 3), (15208, 1), (15224, 4), (15587, 3), (15638, 9), (15721, 4), (1631, 1), (15948, 3), (16150, 6), (16403, 8), (16438, 2), (16475, 2), (17748, 2), (17779, 1), (17905, 7), (17975, 1), (18220, 5), (18249, 1), (10937, 1), (13744, 2)
ozuna (DF: 3): (8132, 4), (11525, 2), (11673, 1)
ozunit (DF: 1): (11068, 1)
ozymandia (DF: 1): (12756, 1)
ozz (DF: 1): (5227, 1)
ozzi (DF: 19): (2250, 2), (3638, 1), (5227, 1), (520, 1), (5454, 1), (6130, 2), (6963, 2), (7125, 1), (7658, 1), (10600, 2), (11428, 1), (12990, 1), (13266, 1), (13622, 1), (14816, 1), (15829, 1), (16991, 1), (1735, 1), (17144, 1)
ozzman (DF: 2): (3638, 1), (16991, 1)
oási (DF: 1): (15605, 2)
oír (DF: 1): (1257, 1)
où (DF: 12): (349, 55), (3660, 1), (3909, 2), (4308, 1), (540, 2), (5801, 1), (9884, 4), (12042, 1), (12323, 1), (15469, 3), (15637, 1), (16701, 3)
p (DF: 97): (197, 2), (198, 1), (202, 1), (2076, 1), (2198, 1), (2225, 2), (2278, 1), (2377, 1), (2423, 1), (2440, 1), (2470, 1), (2476, 1), (240, 4), (2523, 1), (2545, 1), (248, 3), (2607, 1), (250, 1), (2646, 1), (2726, 1), (2733, 1), (2737, 1), (2765, 1), (270, 1), (2832, 1), (2850, 5), (2881, 1), (2887, 1), (2892, 1), (2895, 1), (2896, 1), (2898, 5), (2936, 2), (282, 2), (2951, 1), (3009, 1), (3018, 2), (3048, 1), (3076, 1), (3163, 2), (306, 1), (3207, 1), (3238, 1), (3249, 7), (3253, 1), (324, 1), (3273, 1), (3453, 1), (3483, 1), (3553, 1), (3587, 2), (3594, 17), (3598, 1), (3612, 4), (3624, 1), (3652, 1), (3704, 1), (3742, 1), (3744, 4), (369, 1), (3773, 2), (3781, 5), (3884, 2), (3886, 3), (3900, 1), (3923, 3), (3941, 1), (3963, 1), (4003, 1), (4026, 4), (4034, 2), (4045, 1), (4091, 2), (4128, 1), (4185, 2), (4210, 1), (4226, 1), (4256, 1), (4308, 1), (4316, 1), (4326, 1), (4358, 4), (4361, 1), (4381, 3), (4407, 1), (4468, 2), (4518, 1), (4533, 1), (4582, 3), (4608, 1), (4614, 1), (4669, 4), (4681, 14), (4784, 9), (477, 1), (4874, 1), (4889, 1)
