weep (DF: 13): (1377, 1), (1449, 1), (14276, 1), (14846, 1), (15076, 4), (15492, 1), (1599, 1), (16372, 11), (16731, 1), (17386, 1), (17785, 2), (17800, 2), (18197, 1)
weeper (DF: 1): (7242, 2)
weepin (DF: 4): (3642, 5), (6141, 1), (9989, 1), (1211, 1)
weepy (DF: 1): (10728, 1)
weer (DF: 18): (2260, 1), (4297, 1), (4607, 3), (6008, 1), (7421, 1), (7547, 2), (852, 1), (12243, 2), (1318, 1), (1432, 1), (14555, 9), (14632, 1), (14952, 2), (15205, 2), (15565, 1), (16101, 1), (175, 1), (17327, 1)
weet (DF: 55): (2260, 2), (2638, 3), (3355, 2), (3453, 10), (3864, 5), (4256, 4), (4297, 2), (4607, 4), (4665, 1), (4849, 1), (43, 2), (5917, 1), (6008, 2), (6184, 18), (6303, 1), (6641, 3), (7382, 6), (7421, 2), (7519, 1), (7547, 1), (812, 2), (8360, 2), (852, 3), (8418, 7), (8831, 1), (9425, 1), (9595, 4), (1077, 4), (10894, 1), (11444, 1), (11669, 6), (11673, 16), (12446, 2), (12767, 3), (1318, 8), (13783, 15), (1432, 1), (14553, 1), (14555, 2), (14632, 1), (14757, 1), (14952, 1), (15164, 2), (15412, 1), (15565, 2), (1619, 1), (16101, 1), (16435, 1), (16600, 1), (16602, 17), (175, 5), (17327, 3), (17663, 2), (18210, 1), (18253, 2)
weez (DF: 4): (365, 1), (7685, 2), (8231, 1), (11594, 4)
weezer (DF: 11): (3436, 1), (3974, 1), (4654, 1), (5880, 1), (6067, 2), (11182, 1), (11712, 2), (11755, 1), (13921, 2), (16193, 2), (18274, 2)
weezi (DF: 36): (2000, 1), (2093, 2), (2563, 2), (248, 2), (2669, 2), (3999, 3), (4107, 1), (446, 2), (4880, 6), (4895, 2), (4918, 1), (6398, 1), (6543, 1), (7441, 1), (7459, 1), (7721, 1), (7892, 3), (8133, 8), (8168, 1), (8862, 2), (10394, 1), (11291, 2), (11304, 1), (11313, 1), (11594, 16), (13011, 1), (13914, 1), (14565, 3), (14570, 1), (14665, 5), (1588, 2), (1594, 1), (15854, 2), (15933, 2), (17699, 1), (17727, 1)
weezl (DF: 1): (1060, 1)
weezyana (DF: 2): (2964, 1), (13232, 1)
weg (DF: 53): (2078, 1), (2100, 1), (2260, 1), (246, 1), (2638, 1), (2729, 2), (2881, 1), (3108, 5), (3123, 1), (3462, 1), (3466, 2), (3570, 1), (4124, 2), (437, 13), (4476, 1), (483, 1), (484, 2), (5051, 2), (5429, 1), (5955, 1), (6008, 2), (6835, 1), (7306, 1), (7411, 1), (7421, 1), (8670, 1), (9199, 1), (11024, 1), (11122, 1), (11123, 1), (11493, 1), (11772, 2), (1238, 1), (12154, 1), (12356, 1), (12619, 1), (12662, 8), (12745, 4), (13755, 1), (14952, 3), (15050, 4), (15269, 1), (15565, 2), (1654, 1), (16290, 1), (16409, 2), (16499, 1), (16507, 2), (16602, 1), (1715, 1), (17160, 1), (17630, 1), (18415, 1)
wegblijft (DF: 1): (7519, 1)
wegblow (DF: 1): (6600, 3)
wegdruck (DF: 1): (14659, 6)
wegen (DF: 1): (14952, 1)
weggebugelt (DF: 1): (2729, 1)
weggefickt (DF: 1): (2194, 1)
wegnehm (DF: 2): (8260, 1), (1583, 1)
wegrenn (DF: 2): (6748, 1), (14752, 1)
wegschweb (DF: 1): (6748, 1)
wegzulauf (DF: 1): (14613, 2)
wegzutreib (DF: 2): (13755, 1), (17630, 1)
weh (DF: 25): (1924, 2), (2402, 6), (3466, 1), (4465, 1), (4771, 2), (4828, 2), (476, 1), (7411, 1), (778, 2), (8151, 2), (9019, 2), (9638, 1), (9719, 1), (9980, 4), (10919, 1), (11285, 4), (1256, 1), (12723, 3), (13321, 2), (14370, 1), (14654, 4), (15252, 2), (16405, 1), (17334, 2), (17816, 3)
weho (DF: 2): (9842, 1), (13050, 1)
wehr (DF: 1): (5053, 1)
wehrt (DF: 1): (2194, 1)
weht (DF: 2): (2328, 1), (16644, 1)
wei (DF: 1): (5522, 16)
weib (DF: 9): (5691, 2), (6620, 2), (6835, 3), (8642, 1), (10603, 1), (13012, 1), (14153, 2), (16919, 1), (18415, 1)
weich (DF: 3): (2535, 2), (9788, 1), (13102, 1)
weichgespult (DF: 1): (6835, 1)
weicht (DF: 1): (2496, 1)
weier (DF: 1): (12805, 1)
weigh (DF: 61): (2154, 1), (222, 1), (2542, 1), (3100, 2), (3571, 1), (3675, 1), (3681, 2), (3753, 1), (4243, 2), (4303, 1), (4402, 1), (4477, 1), (4558, 4), (446, 2), (4616, 1), (4640, 1), (516, 3), (5350, 1), (5584, 1), (5837, 1), (5918, 1), (6039, 1), (6819, 1), (7130, 1), (7520, 1), (7569, 1), (7924, 1), (8005, 4), (8069, 4), (8373, 6), (8424, 3), (8532, 1), (9096, 1), (9166, 8), (9506, 4), (9667, 3), (10373, 1), (10690, 2), (10692, 2), (11011, 2), (11489, 1), (11571, 1), (11933, 2), (12479, 1), (12590, 2), (12627, 1), (12793, 1), (13116, 1), (13309, 1), (13845, 2), (14070, 1), (1437, 1), (14235, 1), (14326, 1), (14354, 1), (14431, 1), (14533, 1), (14560, 1), (14841, 1), (15357, 1), (16257, 1)
