edm (DF: 242): (10581, 1), (10582, 1), (10617, 3), (10618, 1), (10656, 2), (10657, 1), (10769, 1), (10770, 3), (10801, 2), (10802, 1), (10826, 1), (10827, 1), (10829, 1), (10830, 1), (10862, 3), (10863, 1), (1129, 1), (1130, 1), (11031, 2), (11033, 1), (11084, 1), (11085, 1), (11103, 1), (11104, 2), (11183, 3), (11185, 2), (11270, 1), (11271, 1), (11358, 1), (11359, 1), (11611, 1), (11612, 1), (1189, 2), (1190, 1), (11828, 1), (11829, 2), (11983, 1), (11984, 2), (12139, 1), (12140, 3), (12247, 1), (12248, 3), (12249, 3), (12250, 2), (1256, 3), (1257, 1), (1265, 1), (1266, 2), (12515, 1), (12518, 1), (12663, 2), (12664, 1), (12774, 1), (12775, 1), (13013, 3), (13014, 1), (13058, 1), (13059, 3), (13236, 1), (13239, 1), (1339, 1), (1340, 1), (1347, 2), (1348, 1), (13354, 2), (13355, 1), (13357, 1), (13358, 1), (1356, 3), (1357, 2), (13459, 1), (13460, 3), (13527, 1), (13529, 1), (13559, 1), (13560, 1), (1382, 1), (1384, 1), (13692, 2), (13693, 1), (13721, 1), (13722, 3), (13898, 3), (13899, 3), (14052, 1), (14053, 3), (14174, 2), (14175, 2), (14461, 2), (14462, 3), (14649, 1), (14650, 1), (14833, 1), (14834, 1), (14857, 2), (14858, 2), (14892, 1), (14893, 2), (1537, 1), (1538, 3), (157, 3), (158, 1), (15386, 2), (15387, 3), (15599, 3), (15601, 3), (15730, 1), (15731, 1), (15739, 1), (15741, 2), (15742, 1), (15744, 1), (15816, 2), (15818, 3), (15954, 1), (15955, 2), (15959, 3), (15960, 1), (16254, 1), (16257, 1), (16285, 3), (16286, 1), (16310, 3), (16311, 2), (16404, 3), (16405, 2), (16529, 1), (16530, 3), (16584, 1), (16586, 1), (16616, 3), (16617, 3), (16691, 1), (16692, 1), (1701, 1), (1702, 1), (16824, 2), (16825, 3), (16828, 3), (16830, 1), (16964, 2), (16966, 2), (17003, 3), (17004, 2), (17054, 1), (17056, 1), (17174, 3), (17176, 1), (17227, 2), (17228, 1), (17263, 1), (17266, 2), (17384, 2), (17385, 2), (17396, 1), (17397, 3), (17412, 1), (17413, 1), (17620, 3), (17621, 1), (17669, 1), (17670, 3), (17783, 1), (17784, 1), (17854, 3), (17856, 3), (17984, 1), (17986, 3), (18030, 1), (18033, 1), (18227, 1), (18229, 1), (18237, 1), (18238, 3), (18336, 3), (18337, 1), (4178, 3), (4179, 1), (4181, 1), (5027, 1), (5028, 2), (5029, 1), (5100, 1), (5103, 3), (5104, 1), (5112, 2), (5113, 1), (5114, 1), (6662, 1), (6664, 3), (6666, 3), (7398, 1), (7400, 1), (7401, 1), (900, 1), (901, 1), (902, 1), (9075, 1), (9076, 1), (9078, 3), (93, 2), (94, 1), (96, 2), (10107, 1), (10108, 1), (10109, 1), (105, 1), (107, 1), (108, 3), (10736, 3), (10737, 1), (10740, 1), (12001, 3), (12002, 3), (12003, 2), (12712, 3), (12713, 1), (12714, 1), (15879, 2), (15880, 3), (15881, 1), (16660, 2), (16661, 1), (16662, 3), (16931, 1), (16932, 1), (16934, 2), (17300, 1), (17301, 1), (17303, 2), (18055, 1), (18056, 1), (18058, 1), (4414, 1), (4415, 1), (4417, 1), (4418, 1), (6358, 1), (6359, 3), (6360, 1), (6361, 3), (6362, 3)
edmond (DF: 1): (13756, 1)
edmundo (DF: 1): (16117, 1)
edovag (DF: 1): (11786, 1)
edredon (DF: 1): (5973, 1)
edsclus (DF: 1): (14196, 3)
edsel (DF: 1): (7697, 1)
edu (DF: 4): (8765, 1), (9450, 1), (10297, 1), (14839, 1)
educ (DF: 61): (1920, 5), (1949, 1), (2916, 5), (2998, 2), (3562, 1), (3672, 1), (4109, 1), (4454, 5), (4664, 1), (4681, 1), (4812, 2), (5319, 1), (5478, 1), (5774, 1), (6005, 3), (6408, 1), (6510, 1), (6657, 2), (7334, 1), (7380, 2), (7520, 1), (7864, 1), (8391, 1), (8974, 2), (8994, 1), (9054, 1), (9141, 1), (9246, 1), (9469, 2), (10119, 1), (10339, 6), (10721, 1), (10921, 1), (1141, 1), (11151, 1), (11320, 1), (11475, 1), (1200, 1), (11981, 4), (12210, 1), (1251, 1), (12358, 1), (12412, 1), (12484, 1), (1473, 1), (14762, 1), (15787, 4), (15800, 1), (1623, 2), (16200, 1), (16232, 1), (16357, 3), (16816, 2), (16970, 1), (17370, 1), (17427, 1), (17488, 1), (17491, 3), (17815, 4), (1846, 1), (18342, 1)
educando (DF: 2): (8765, 1), (9450, 1)
edup (DF: 1): (13141, 1)
eduqu (DF: 3): (3269, 1), (476, 4), (9719, 4)
edward (DF: 8): (2769, 1), (3575, 2), (4112, 1), (6534, 2), (9768, 1), (10867, 1), (12931, 1), (17126, 2)
edwin (DF: 1): (12940, 1)
edwyn (DF: 1): (16365, 1)
edx (DF: 11): (3714, 2), (6666, 1), (8262, 1), (9908, 1), (11903, 2), (12257, 2), (12337, 1), (13531, 2), (15724, 2), (16735, 1), (17575, 1)
ee (DF: 20): (2615, 45), (3162, 20), (4049, 3), (5193, 5), (5579, 5), (5978, 1), (6362, 3), (6437, 1), (7760, 1), (9672, 5), (10107, 3), (10290, 5), (11441, 3), (11862, 1), (1248, 1), (12927, 12), (13192, 1), (13375, 4), (13921, 3), (13925, 2)
