loompa (DF: 1): (7747, 1)
loon (DF: 4): (4368, 1), (9519, 4), (13210, 1), (16291, 1)
loonatik (DF: 1): (3494, 3)
looney (DF: 10): (4709, 6), (6561, 1), (7217, 2), (8604, 1), (8846, 2), (11064, 1), (11486, 1), (13468, 2), (1773, 1), (18018, 1)
looni (DF: 3): (6203, 1), (702, 1), (8768, 3)
looniest (DF: 1): (1157, 1)
looo (DF: 1): (11982, 12)
looooooovvee (DF: 1): (13798, 1)
loooooov (DF: 1): (10326, 3)
looov (DF: 1): (5335, 1)
loop (DF: 57): (2522, 2), (2740, 1), (3048, 1), (3084, 3), (3344, 1), (3355, 1), (3726, 1), (405, 1), (4297, 2), (4686, 1), (5349, 1), (5519, 2), (6132, 1), (6350, 1), (6610, 1), (7231, 1), (7357, 2), (7514, 2), (7922, 1), (7973, 1), (8026, 1), (8668, 2), (8939, 4), (9598, 1), (9619, 1), (9837, 1), (10234, 1), (11212, 1), (11604, 6), (1227, 1), (1318, 1), (13533, 3), (13540, 2), (13792, 1), (13802, 1), (13852, 2), (14010, 1), (14032, 14), (14627, 1), (14996, 1), (15015, 1), (15156, 2), (15168, 1), (15452, 4), (15631, 1), (15847, 3), (16101, 1), (16351, 2), (16499, 1), (16600, 1), (17277, 1), (17346, 1), (17396, 2), (17750, 1), (17773, 1), (1834, 1), (18179, 1)
looper (DF: 5): (4415, 1), (6987, 1), (7087, 1), (12139, 1), (13433, 1)
loophol (DF: 1): (13052, 1)
loopi (DF: 7): (4465, 1), (5957, 1), (8132, 1), (11716, 2), (12848, 1), (14370, 1), (16936, 1)
loopin (DF: 1): (428, 3)
loops (DF: 2): (3093, 2), (9960, 4)
loopt (DF: 6): (2260, 1), (6008, 1), (1432, 1), (14555, 3), (14632, 1), (15565, 1)
looptid (DF: 2): (8528, 1), (11575, 1)
loos (DF: 265): (1894, 1), (1902, 1), (1919, 1), (1929, 1), (1956, 1), (1962, 1), (2001, 3), (2005, 2), (2036, 1), (2067, 1), (2082, 1), (2162, 3), (2251, 1), (2252, 4), (2255, 2), (2432, 1), (234, 41), (2583, 2), (2636, 1), (2641, 2), (2677, 3), (2733, 1), (2752, 1), (2761, 1), (2879, 1), (2937, 1), (2957, 1), (2964, 1), (2997, 3), (3044, 1), (3128, 1), (303, 4), (3173, 1), (3205, 4), (3265, 1), (3363, 1), (3443, 1), (3533, 1), (30, 2), (3661, 1), (3693, 3), (3694, 1), (3745, 9), (3770, 3), (3776, 1), (3789, 2), (3803, 2), (3852, 12), (3966, 1), (396, 1), (4030, 1), (4044, 1), (4053, 1), (4083, 1), (4168, 1), (4212, 1), (4214, 3), (4274, 1), (4315, 1), (4320, 1), (428, 1), (4407, 1), (4433, 1), (4446, 1), (441, 1), (4501, 2), (4546, 3), (4575, 1), (4701, 3), (4718, 2), (4731, 1), (4824, 1), (4828, 1), (5015, 6), (5041, 1), (5050, 1), (5091, 1), (5158, 1), (5170, 4), (5210, 1), (5226, 1), (5250, 4), (5251, 1), (5273, 1), (5289, 1), (5303, 1), (5309, 1), (5461, 6), (5467, 1), (5609, 2), (5649, 2), (5701, 1), (5810, 2), (5840, 1), (5889, 1), (5960, 1), (5988, 2), (6050, 1), (6103, 14), (6114, 1), (6147, 1), (612, 1), (6298, 1), (6412, 2), (639, 1), (6451, 1), (6472, 1), (6491, 1), (646, 1), (6565, 1), (6582, 2), (6586, 1), (6618, 1), (6698, 1), (6729, 1), (6743, 1), (6903, 6), (7032, 1), (694, 1), (7073, 1), (7080, 1), (7146, 1), (7257, 2), (7302, 1), (7376, 1), (7383, 2), (7497, 1), (7499, 1), (7534, 2), (7622, 2), (7635, 1), (7667, 3), (7723, 1), (7754, 1), (7756, 1), (787, 1), (7792, 1), (7840, 2), (795, 1), (798, 1), (7946, 3), (7999, 2), (811, 1), (8038, 1), (8180, 1), (8203, 1), (8244, 1), (8311, 1), (8341, 2), (8456, 1), (8470, 1), (8513, 2), (8570, 1), (8662, 2), (8736, 1), (8787, 1), (8853, 2), (8862, 1), (8924, 2), (8957, 1), (8965, 1), (8986, 1), (9057, 1), (9229, 1), (9240, 1), (9258, 1), (9263, 4), (9267, 1), (9273, 1), (9301, 2), (9347, 1), (9461, 1), (9542, 2), (9546, 1), (9579, 2), (983, 1), (9668, 2), (9689, 1), (988, 1), (9700, 3), (9755, 1), (9761, 1), (9784, 1), (9840, 1), (9842, 1), (9873, 1), (9951, 6), (10014, 1), (10095, 1), (1028, 1), (10414, 1), (10446, 1), (10451, 1), (10593, 1), (10643, 4), (10713, 1), (10752, 1), (10815, 1), (10964, 3), (10985, 1), (11004, 8), (11076, 1), (11082, 1), (1138, 1), (11162, 1), (11258, 1), (11304, 1), (11306, 1), (11329, 1), (11363, 1), (11373, 2), (11438, 1), (11492, 1), (11536, 1), (11539, 1), (11721, 1), (11738, 1), (11855, 1), (11917, 1), (11982, 9), (11995, 1), (1223, 2), (12056, 1), (12090, 1), (1237, 1), (12136, 2), (12144, 7), (12209, 1), (12266, 1), (12295, 1), (12314, 1), (12385, 1), (12405, 1), (12437, 1), (12448, 1), (12488, 1), (12508, 2), (12598, 1), (12600, 1), (12610, 1), (12646, 1), (12657, 1), (12659, 1), (12705, 1), (12784, 1), (12813, 1), (12900, 1), (12912, 1), (12963, 1), (12972, 1), (13047, 3), (13052, 1), (13074, 1), (13106, 1), (13134, 1), (13184, 2), (13221, 1), (13223, 1), (13277, 1), (13296, 1), (13340, 1), (13359, 1), (13398, 1), (13413, 1), (13421, 1)
