gaze (DF: 36): (2256, 1), (2581, 1), (427, 1), (4618, 1), (5595, 2), (5751, 1), (5847, 1), (6331, 1), (6445, 1), (729, 1), (7706, 1), (8212, 1), (8447, 1), (8669, 1), (9310, 1), (9573, 1), (11124, 1), (1154, 2), (12369, 1), (12741, 1), (12916, 1), (13215, 3), (13332, 1), (13519, 1), (13961, 1), (14606, 1), (14662, 1), (1569, 1), (15374, 2), (15475, 2), (15828, 1), (15918, 2), (16060, 1), (17111, 1), (17684, 3), (17835, 1)
gazeless (DF: 2): (2581, 1), (8212, 1)
gazell (DF: 1): (12507, 1)
gazi (DF: 7): (7720, 2), (8247, 1), (880, 1), (11476, 1), (13085, 1), (14153, 1), (16919, 1)
gazin (DF: 3): (2091, 2), (2304, 1), (17258, 1)
gazo (DF: 4): (3123, 1), (880, 1), (14254, 1), (16919, 1)
gazu (DF: 1): (15770, 6)
gazzell (DF: 2): (6368, 1), (15707, 1)
gazzo (DF: 1): (13180, 2)
gb (DF: 1): (15250, 1)
gbe (DF: 2): (51, 3), (9336, 2)
gbedu (DF: 1): (7912, 1)
gbesid (DF: 2): (2069, 1), (7387, 1)
gbess (DF: 1): (430, 6)
gbitch (DF: 1): (2332, 1)
gbono (DF: 1): (16126, 4)
gbut (DF: 4): (2110, 3), (5692, 1), (6572, 3), (13965, 1)
gc (DF: 1): (8210, 1)
gcbw (DF: 2): (15359, 1), (17245, 1)
gconvers (DF: 1): (14400, 1)
gd (DF: 6): (6478, 2), (7865, 1), (10442, 1), (13037, 1), (14383, 2), (182, 1)
gde (DF: 1): (11024, 1)
gdfr (DF: 2): (2583, 2), (5015, 1)
gdi (DF: 18): (250, 13), (4405, 2), (6678, 2), (7836, 6), (908, 1), (10138, 2), (10362, 5), (10756, 1), (11977, 1), (13591, 4), (13770, 1), (14869, 1), (15162, 2), (1655, 3), (16962, 2), (17071, 1), (17372, 3), (18094, 1)
gdick (DF: 2): (10404, 1), (1847, 1)
gdimel (DF: 1): (11944, 2)
gdk (DF: 1): (10115, 2)
gds (DF: 1): (14807, 1)
gdybi (DF: 2): (6678, 1), (8604, 3)
gdybym (DF: 2): (6678, 2), (16726, 4)
gdynia (DF: 1): (18065, 1)
gdzie (DF: 29): (250, 1), (2951, 2), (4311, 8), (6007, 1), (6678, 1), (7313, 1), (7677, 4), (7836, 1), (7916, 7), (8604, 4), (9647, 6), (10020, 2), (10138, 1), (10756, 3), (10784, 2), (11378, 1), (13770, 2), (14199, 1), (14899, 1), (15162, 4), (15770, 1), (1655, 5), (16526, 4), (16726, 8), (16848, 1), (16860, 3), (17071, 5), (1825, 4), (18094, 2)
gdziekolwiek (DF: 1): (17410, 1)
ge (DF: 15): (3288, 1), (3587, 2), (41, 1), (4985, 1), (5443, 3), (7428, 2), (10713, 6), (12356, 1), (12368, 1), (12911, 1), (13990, 3), (14250, 1), (14754, 1), (15164, 1), (15773, 12)
geah (DF: 9): (1904, 2), (8122, 1), (8133, 9), (9759, 1), (12041, 1), (12851, 2), (12985, 6), (16406, 2), (16886, 4)
geakin (DF: 2): (8107, 1), (10571, 1)
gealt (DF: 1): (14283, 1)
geandert (DF: 1): (2729, 1)
gear (DF: 89): (2152, 1), (2418, 1), (2838, 2), (2856, 1), (2946, 1), (291, 1), (337, 1), (365, 1), (4037, 1), (4113, 2), (4535, 1), (4686, 1), (4953, 2), (5037, 2), (5137, 1), (5168, 1), (5223, 1), (5231, 1), (5312, 1), (5431, 1), (5722, 1), (5829, 1), (6065, 1), (6203, 1), (6602, 1), (6646, 2), (6761, 2), (6819, 4), (6829, 1), (7538, 1), (7707, 1), (8009, 1), (8063, 1), (8154, 1), (8234, 1), (1023, 2), (10371, 1), (1058, 1), (10448, 1), (10552, 1), (10628, 1), (10834, 1), (11151, 1), (11207, 2), (11258, 1), (11536, 3), (11627, 1), (11753, 1), (12124, 1), (12141, 4), (12227, 1), (12442, 1), (12468, 2), (12643, 2), (12946, 1), (12987, 1), (13028, 1), (13232, 1), (13522, 1), (13573, 1), (13651, 1), (1402, 1), (13956, 1), (14186, 1), (14212, 1), (14768, 2), (14888, 1), (14917, 1), (15041, 2), (1541, 1), (15242, 2), (15254, 3), (1575, 1), (15477, 2), (1622, 1), (16167, 1), (16982, 1), (17043, 1), (17172, 1), (1757, 1), (1760, 2), (1773, 1), (17633, 1), (17771, 2), (17925, 2), (17954, 1), (18048, 1), (1835, 2), (18344, 2)
gearin (DF: 1): (16854, 1)
geb (DF: 53): (198, 1), (2050, 2), (2194, 1), (2463, 2), (246, 3), (2574, 2), (2637, 1), (3212, 1), (3462, 2), (3466, 1), (3480, 3), (3984, 1), (483, 1), (484, 1), (493, 1), (5149, 1), (5775, 3), (6139, 1), (6600, 1), (6835, 4), (681, 1), (7278, 1), (7287, 2), (7411, 1), (7983, 1), (8829, 1), (8932, 2), (9457, 1), (10239, 4), (10719, 2), (10958, 1), (11024, 1), (11060, 1), (11493, 1), (1176, 1), (11521, 1), (11551, 2), (11654, 1), (11772, 1), (11949, 1), (1238, 1), (1244, 1), (12355, 1), (12356, 1), (12363, 1), (12839, 2), (13085, 1), (13091, 1), (13520, 4), (13755, 2), (14254, 1), (14263, 1), (14426, 1)
