pimpin (DF: 33): (13773, 1), (13846, 1), (14006, 1), (14142, 1), (14256, 3), (14269, 4), (14410, 1), (14438, 2), (14533, 1), (14742, 1), (15042, 1), (15402, 1), (15669, 1), (15725, 1), (16045, 1), (16180, 11), (16322, 1), (16412, 2), (16650, 1), (16767, 1), (16788, 1), (16812, 1), (1717, 2), (17133, 2), (17205, 1), (17305, 1), (17336, 1), (17349, 1), (17382, 3), (17811, 8), (17993, 1), (18027, 2), (18368, 1)
pimpl (DF: 10): (204, 1), (3589, 1), (4190, 1), (5312, 1), (6761, 2), (8136, 1), (9226, 1), (10083, 1), (12946, 1), (14438, 2)
pimpslaps (DF: 2): (13755, 1), (17630, 1)
pimpsta (DF: 1): (10945, 1)
pimpster (DF: 1): (10815, 2)
pimpstress (DF: 1): (6203, 1)
pimpz (DF: 1): (2850, 1)
pin (DF: 125): (1929, 1), (2037, 1), (2091, 2), (2511, 2), (2569, 2), (2765, 1), (3199, 6), (3331, 2), (3433, 4), (3510, 4), (3631, 1), (3794, 3), (4044, 1), (4189, 3), (4218, 3), (4343, 3), (450, 6), (4729, 1), (464, 1), (476, 1), (4951, 2), (5173, 1), (5484, 1), (5734, 1), (5963, 1), (6019, 1), (6024, 1), (6321, 1), (6384, 1), (637, 1), (6532, 1), (6946, 1), (6974, 1), (724, 1), (7292, 1), (7429, 4), (7476, 2), (752, 1), (7607, 1), (7634, 1), (7732, 1), (7925, 3), (7962, 2), (8066, 1), (8099, 3), (8231, 1), (76, 1), (8406, 4), (8473, 1), (8489, 1), (8554, 1), (8778, 2), (8813, 3), (8910, 2), (8967, 5), (9189, 3), (9204, 1), (9263, 1), (9321, 7), (9347, 1), (9377, 2), (9568, 1), (9719, 1), (9870, 1), (10210, 1), (10259, 1), (10287, 1), (10513, 2), (10564, 1), (10676, 1), (10781, 3), (11061, 1), (11182, 2), (11190, 5), (1143, 1), (11249, 3), (11262, 1), (11738, 2), (12034, 1), (12127, 6), (12237, 1), (12316, 1), (12493, 5), (12582, 1), (13054, 2), (13255, 2), (13469, 2), (13522, 1), (13769, 1), (1411, 1), (13903, 6), (13935, 2), (13985, 1), (14309, 1), (14550, 1), (14671, 2), (14840, 2), (14882, 1), (15143, 1), (15621, 1), (15753, 1), (15894, 1), (1631, 1), (15968, 1), (16053, 1), (16108, 1), (16216, 2), (16261, 1), (16264, 4), (1665, 1), (16373, 1), (16462, 1), (16475, 2), (16696, 2), (16701, 1), (16776, 1), (16809, 3), (16905, 2), (17169, 15), (17297, 1), (17403, 1), (17555, 1), (17695, 1), (17896, 3), (18222, 1)
pina (DF: 5): (1949, 1), (4552, 1), (6135, 1), (15340, 1), (18342, 1)
pinaasa (DF: 1): (18247, 3)
pinag (DF: 2): (10596, 2), (1489, 1)
pinagbabaw (DF: 1): (9901, 1)
pinagdaras (DF: 1): (5932, 1)
pinagmulan (DF: 1): (17760, 1)
pinagpalit (DF: 1): (14084, 1)
pinagtagpo (DF: 1): (8490, 1)
pinagtatanto (DF: 1): (10818, 1)
pinahaba (DF: 1): (17760, 1)
pinaikkum (DF: 1): (3471, 1)
pinakamalupit (DF: 1): (14250, 1)
pinapaalala (DF: 1): (8768, 1)
pinapakita (DF: 1): (15804, 1)
pinapangako (DF: 1): (15941, 1)
pinapangarap (DF: 1): (15763, 1)
pinapansin (DF: 1): (15763, 1)
pinapasan (DF: 1): (15763, 1)
pinaplano (DF: 1): (15516, 2)
pinbal (DF: 2): (4712, 15), (13724, 8)
pincel (DF: 3): (5007, 1), (7042, 1), (11073, 1)
pinch (DF: 58): (2081, 1), (2322, 1), (2636, 1), (2735, 1), (2967, 1), (3789, 1), (370, 1), (382, 1), (4009, 1), (4071, 1), (5208, 1), (5318, 1), (5467, 1), (5635, 1), (5735, 1), (5792, 2), (641, 1), (6568, 1), (6732, 1), (8614, 1), (8787, 1), (9079, 1), (9295, 1), (9301, 1), (9431, 2), (9633, 1), (1022, 1), (10321, 2), (10407, 5), (10493, 1), (10566, 1), (10731, 1), (11356, 1), (11391, 2), (11642, 1), (11870, 2), (12033, 6), (13937, 3), (15184, 1), (15367, 3), (15434, 1), (15630, 1), (15846, 4), (15937, 1), (16022, 1), (16079, 3), (16186, 2), (16295, 4), (16426, 1), (16539, 1), (16759, 1), (178, 2), (17105, 1), (17968, 1), (18190, 1), (1844, 1), (18264, 1), (18359, 1)
pincher (DF: 1): (12210, 1)
pinchin (DF: 3): (12396, 1), (13885, 1), (14820, 1)
pinckney (DF: 1): (4223, 1)
pind (DF: 3): (4985, 1), (5535, 1), (9138, 1)
pinda (DF: 1): (4421, 2)
pine (DF: 30): (1926, 1), (2672, 1), (2786, 1), (3582, 1), (3941, 1), (4885, 1), (5190, 1), (5241, 1), (5345, 1), (6290, 2), (6758, 1), (7090, 1), (7783, 1), (7829, 1), (8009, 1), (8993, 2), (10101, 1), (10404, 1), (1172, 1), (12150, 1), (12377, 12), (13319, 1), (13565, 1), (13922, 1), (14018, 1), (15492, 1), (16816, 1), (16986, 1), (17635, 1), (1847, 1)
pineappl (DF: 7): (3363, 1), (3407, 1), (5082, 1), (13111, 1), (13523, 1), (14415, 1), (14907, 1)
pinegrov (DF: 1): (14393, 1)
pinewood (DF: 1): (8369, 2)
ping (DF: 3): (3597, 2), (4619, 2), (5223, 1)
