underneath (DF: 154): (4013, 2), (4095, 1), (4158, 1), (4221, 2), (4359, 1), (4391, 2), (4693, 5), (4760, 3), (4905, 2), (5211, 1), (513, 3), (5285, 1), (5348, 5), (5478, 1), (5538, 1), (5602, 3), (5666, 1), (5777, 1), (5927, 3), (592, 2), (597, 1), (6069, 1), (604, 4), (611, 4), (6159, 1), (641, 1), (6461, 4), (6483, 1), (6530, 1), (6533, 1), (689, 1), (7107, 1), (7146, 2), (7349, 1), (7451, 1), (7464, 2), (7541, 1), (7576, 6), (7589, 3), (7617, 3), (7661, 5), (7783, 1), (8070, 1), (8083, 2), (819, 1), (8123, 1), (8175, 2), (8725, 12), (901, 1), (8950, 3), (9153, 1), (941, 1), (9345, 2), (9645, 18), (9721, 2), (9934, 2), (10069, 2), (10356, 2), (10389, 2), (10449, 1), (10767, 1), (10924, 4), (1135, 1), (11261, 2), (11263, 1), (11283, 5), (11434, 24), (119, 1), (1172, 3), (11548, 1), (11623, 8), (1192, 4), (11799, 1), (11815, 1), (11987, 1), (11996, 1), (12012, 1), (1223, 1), (12083, 2), (1227, 1), (1239, 1), (12200, 1), (12216, 2), (12229, 1), (1281, 1), (12665, 1), (12887, 1), (12904, 1), (1312, 1), (13036, 2), (13079, 4), (1330, 1), (134, 1), (13177, 1), (13351, 1), (13357, 1), (13385, 1), (13440, 1), (13543, 1), (13565, 1), (13628, 2), (13655, 1), (13661, 1), (13708, 1), (13709, 1), (13726, 10), (13843, 6), (13978, 2), (14166, 3), (14401, 1), (14492, 3), (14564, 2), (14584, 1), (14730, 3), (14901, 3), (14943, 1), (1538, 1), (15128, 2), (15342, 1), (1576, 1), (15446, 8), (15559, 3), (15646, 1), (15691, 1), (15998, 3), (16008, 1), (16050, 2), (16086, 8), (16233, 2), (16450, 8), (16464, 1), (16536, 6), (16803, 1), (16818, 1), (16864, 1), (16882, 4), (16946, 2), (17231, 1), (17292, 1), (17315, 2), (17323, 2), (17764, 4), (17864, 1), (17866, 1), (17900, 1), (17925, 2), (17991, 1), (18345, 2), (18364, 1), (1871, 1), (4756, 1), (4758, 1), (14505, 3), (14506, 6)
underpaid (DF: 2): (7884, 1), (10744, 2)
underpass (DF: 4): (2120, 1), (7758, 1), (8859, 1), (17186, 1)
underprepar (DF: 1): (6161, 1)
underprivileg (DF: 1): (12756, 1)
underr (DF: 10): (2626, 1), (2776, 3), (7634, 1), (834, 1), (8979, 4), (10886, 1), (1316, 6), (14466, 1), (1701, 4), (17750, 1)
underscor (DF: 1): (7680, 1)
underst (DF: 1): (5868, 1)
understad (DF: 1): (10949, 1)
understand (DF: 215): (1904, 2), (1906, 1), (1910, 10), (1944, 1), (1969, 1), (1999, 3), (2002, 2), (2025, 1), (2047, 1), (2065, 1), (2075, 1), (2080, 1), (2117, 1), (2128, 2), (2153, 1), (2166, 1), (2172, 1), (2196, 2), (2209, 3), (2219, 2), (219, 1), (2236, 1), (2241, 1), (2248, 1), (2318, 2), (2320, 1), (2333, 1), (2359, 2), (2372, 1), (2388, 1), (2402, 18), (2413, 1), (2427, 4), (25, 2), (2497, 4), (2536, 1), (2543, 1), (2548, 2), (2552, 2), (2562, 1), (2589, 2), (2592, 1), (2610, 1), (2634, 1), (2636, 1), (2647, 1), (2650, 3), (2686, 1), (2708, 1), (2715, 2), (259, 1), (2742, 3), (2760, 2), (2775, 1), (2790, 1), (2809, 1), (2812, 2), (2821, 1), (2834, 1), (2850, 1), (2891, 1), (2895, 1), (2901, 1), (2906, 2), (278, 2), (2957, 1), (2964, 2), (287, 2), (3036, 2), (3076, 4), (3083, 2), (3096, 1), (3097, 3), (3148, 1), (3157, 2), (3160, 5), (304, 1), (3189, 1), (3207, 1), (3230, 1), (3247, 2), (3260, 3), (3273, 1), (3282, 4), (3284, 2), (325, 2), (3291, 1), (3306, 1), (3390, 3), (3406, 1), (3470, 2), (3484, 1), (3499, 4), (3515, 3), (3522, 1), (3525, 1), (3532, 4), (3540, 1), (3557, 1), (3575, 2), (3612, 1), (3619, 1), (3707, 2), (3737, 2), (3739, 1), (3742, 3), (3749, 1), (3753, 2), (3796, 1), (3813, 1), (3850, 1), (3866, 1), (3900, 2), (3907, 1), (3933, 1), (3935, 3), (3948, 1), (4001, 1), (4097, 1), (4148, 1), (4155, 1), (4159, 1), (4168, 2), (4196, 8), (4199, 1), (4203, 1), (414, 1), (4222, 1), (4228, 2), (4266, 1), (420, 2), (4286, 1), (4293, 1), (4324, 1), (4331, 1), (4348, 1), (4351, 1), (4383, 2), (4384, 2), (4401, 1), (4427, 1), (4452, 2), (4494, 1), (4513, 2), (4539, 1), (4543, 1), (4564, 3), (4569, 2), (4574, 1), (4622, 4), (4643, 1), (4663, 2), (4677, 1), (4700, 3), (4731, 1), (4767, 3), (4781, 3), (4789, 2), (4793, 1), (4801, 1), (4813, 5), (4837, 1), (4872, 1), (4889, 1), (4936, 2), (486, 10), (4968, 2), (4983, 1), (4996, 1), (5012, 4), (5014, 2), (5031, 8), (5037, 2), (5068, 1), (5086, 1), (5098, 1), (5107, 1), (5112, 1), (5121, 4), (5123, 8), (5136, 1), (5185, 1), (5201, 2), (5235, 3), (5273, 1), (5277, 1), (5292, 6), (5298, 1), (5301, 2), (527, 3), (5332, 2), (5346, 2), (5356, 1), (5365, 1), (5370, 1), (5372, 2), (5428, 1), (5440, 4), (5469, 1), (5494, 1), (5529, 1), (548, 3), (5554, 1), (5589, 2), (5610, 1), (556, 2), (563, 1), (5685, 2), (5704, 1), (6, 1), (5722, 1), (5729, 1), (5753, 2), (5758, 3), (5771, 2)
