hadouk (DF: 1): (10728, 1)
hadouken (DF: 1): (5075, 1)
hadshot (DF: 1): (18115, 8)
hae (DF: 4): (3690, 1), (7941, 3), (8505, 3), (12323, 4)
haebwado (DF: 1): (14754, 1)
haedo (DF: 1): (8505, 1)
haengwi (DF: 1): (15773, 2)
haesseo (DF: 1): (12911, 1)
haetgo (DF: 1): (12911, 1)
haettago (DF: 1): (8505, 1)
haeu (DF: 1): (17260, 1)
haf (DF: 5): (2050, 1), (2328, 1), (6238, 1), (1218, 1), (151, 1)
hafenschlamp (DF: 1): (493, 1)
haffa (DF: 2): (5783, 1), (10471, 1)
haffad (DF: 1): (7603, 1)
haffi (DF: 22): (2540, 8), (3322, 2), (3380, 2), (380, 1), (4411, 3), (4611, 1), (5947, 3), (6483, 5), (7173, 4), (746, 5), (9980, 2), (10064, 8), (13201, 1), (13516, 1), (13931, 2), (14275, 4), (14654, 2), (1574, 2), (16641, 12), (16826, 1), (17126, 2), (17921, 2)
haft (DF: 12): (3108, 1), (3527, 1), (3962, 2), (4124, 1), (5206, 1), (8260, 1), (880, 1), (9236, 1), (10239, 1), (1177, 1), (13125, 4), (16963, 2)
hafta (DF: 1): (6141, 1)
haftbefehl (DF: 5): (5206, 1), (1218, 1), (12822, 1), (13125, 1), (16963, 1)
haftenas (DF: 1): (4387, 1)
hafti (DF: 3): (3962, 2), (1218, 4), (12822, 1)
haftling (DF: 1): (3437, 1)
haftricht (DF: 1): (11476, 1)
haftschad (DF: 2): (2078, 2), (13125, 1)
haftstraf (DF: 3): (3108, 2), (3849, 1), (10901, 1)
hag (DF: 262): (1939, 2), (2027, 2), (2033, 1), (2043, 2), (2098, 1), (217, 2), (2309, 1), (2336, 3), (2342, 2), (2351, 2), (2383, 3), (2461, 1), (2529, 2), (2585, 2), (2877, 6), (2972, 4), (3006, 8), (3214, 1), (3239, 1), (328, 7), (3419, 3), (3492, 4), (345, 4), (353, 1), (3603, 1), (3623, 3), (3631, 1), (3656, 3), (3724, 3), (3875, 1), (3876, 2), (3897, 1), (3969, 1), (4011, 4), (4081, 1), (4143, 2), (4193, 2), (4210, 2), (4236, 1), (417, 1), (4347, 2), (4434, 2), (4469, 2), (4484, 2), (4544, 9), (4550, 11), (4560, 1), (4568, 2), (4797, 6), (476, 2), (4862, 3), (4912, 1), (4961, 4), (5022, 1), (5246, 1), (5352, 1), (5436, 1), (5449, 1), (5502, 1), (5574, 7), (5592, 2), (5735, 1), (5745, 12), (5770, 3), (5786, 6), (5796, 1), (577, 1), (5852, 1), (5908, 1), (5945, 2), (5962, 2), (5975, 2), (53, 2), (6079, 6), (6111, 1), (6205, 4), (6263, 1), (6279, 2), (6280, 1), (6336, 1), (6351, 1), (6423, 2), (6432, 2), (6436, 3), (6466, 3), (6485, 1), (6513, 1), (6515, 3), (6532, 1), (648, 1), (6651, 4), (6768, 9), (6851, 2), (6884, 4), (6889, 2), (6976, 1), (7016, 1), (7028, 2), (7056, 2), (7068, 1), (7166, 1), (7171, 8), (724, 1), (7301, 2), (728, 2), (7380, 4), (7392, 2), (7395, 1), (7501, 1), (7508, 2), (7513, 4), (7586, 3), (7587, 1), (7604, 2), (7760, 9), (7766, 2), (7854, 8), (7863, 1), (7948, 1), (7953, 1), (7956, 2), (8036, 1), (8097, 1), (8128, 1), (8149, 3), (8187, 1), (8278, 1), (836, 1), (8342, 3), (8352, 1), (8454, 1), (8466, 1), (8482, 1), (8526, 1), (8580, 3), (897, 2), (8815, 1), (8846, 2), (8882, 30), (918, 1), (9070, 1), (9079, 2), (86, 2), (9225, 1), (9246, 2), (9248, 1), (9252, 1), (10, 2), (9410, 1), (9469, 1), (9536, 1), (9568, 1), (9580, 2), (9652, 5), (9697, 12), (9719, 4), (9756, 1), (9762, 4), (996, 7), (9792, 1), (9903, 1), (9972, 1), (9974, 1), (10036, 4), (10046, 4), (10217, 16), (1039, 1), (1042, 6), (10285, 1), (10385, 2), (10410, 6), (10442, 1), (10490, 2), (109, 1), (10559, 3), (10573, 3), (10584, 1), (10607, 2), (10625, 2), (10651, 1), (10676, 3), (10807, 2), (10813, 6), (10819, 2), (10838, 2), (10866, 6), (1112, 1), (10899, 2), (10939, 1), (11000, 4), (11030, 1), (11068, 2), (1141, 1), (11155, 14), (11169, 3), (11240, 1), (11243, 6), (11262, 2), (11312, 4), (11324, 6), (11356, 2), (11393, 2), (11442, 6), (11517, 1), (11526, 1), (11576, 4), (11605, 2), (11610, 3), (11635, 1), (11638, 1), (11666, 2), (11734, 2), (11750, 1), (12030, 2), (12098, 1), (12167, 3), (1244, 2), (12276, 1), (12350, 1), (12354, 1), (12449, 3), (12484, 1), (12607, 1), (12615, 1), (12648, 2), (12658, 4), (12661, 1), (12686, 1), (12730, 1), (12744, 20), (12770, 8), (13117, 14), (13138, 2), (13257, 1), (13337, 7), (13370, 1), (13389, 2), (13416, 2), (13437, 2), (13501, 1), (1370, 2), (13672, 12), (13707, 5), (13744, 5), (13806, 1), (13986, 6), (14012, 2), (14016, 8), (14035, 2), (14073, 1), (14085, 1), (14087, 1), (1441, 2), (14172, 12), (14215, 1), (14247, 1), (14311, 3), (14329, 2), (14341, 1), (14344, 18), (14390, 2), (14392, 1)
