que (DF: 91): (14511, 1), (1486, 3), (14580, 5), (14615, 10), (14618, 1), (14783, 15), (14799, 5), (14961, 1), (15274, 10), (15286, 2), (15322, 17), (15389, 7), (15400, 26), (15562, 14), (15570, 1), (15589, 15), (15605, 11), (15617, 11), (15898, 8), (15954, 4), (16035, 17), (16106, 1), (1649, 1), (16117, 9), (16127, 1), (16174, 22), (16199, 14), (16202, 2), (1659, 16), (16264, 24), (16304, 6), (16310, 2), (16353, 14), (1669, 2), (16400, 1), (16521, 1), (16522, 24), (16530, 6), (16533, 11), (16555, 3), (16578, 6), (16626, 10), (16645, 6), (16738, 9), (16762, 2), (16792, 16), (16798, 3), (16847, 18), (16850, 15), (16855, 6), (16928, 14), (17096, 2), (17161, 16), (17232, 11), (17241, 1), (17245, 1), (17325, 13), (17347, 4), (17397, 4), (17454, 6), (17462, 1), (17551, 16), (1787, 7), (17650, 4), (17652, 24), (17685, 14), (17697, 5), (1800, 1), (17899, 24), (17968, 1), (18097, 7), (18136, 26), (18157, 1), (18166, 10), (18186, 12), (18271, 16), (1850, 1), (18397, 3), (18442, 1), (1881, 8), (3363, 1), (3364, 5), (11486, 1), (11487, 6), (11671, 1), (11673, 2), (12127, 7), (12128, 7), (13304, 21), (13305, 3), (17649, 12)
queasi (DF: 1): (6509, 1)
quebec (DF: 1): (8475, 1)
quebr (DF: 14): (2354, 1), (4852, 2), (5716, 2), (7820, 1), (7948, 1), (8187, 1), (9070, 1), (9532, 1), (1022, 1), (11610, 1), (14082, 1), (14697, 1), (16378, 1), (17671, 1)
quebra (DF: 3): (2631, 1), (6289, 5), (6804, 2)
quebrada (DF: 15): (2839, 1), (4167, 1), (8113, 6), (9494, 4), (9812, 1), (10131, 1), (11132, 6), (1183, 1), (11943, 1), (11979, 1), (12348, 4), (13892, 1), (16035, 4), (17325, 1), (18271, 4)
quebradinha (DF: 1): (16850, 1)
quebradit (DF: 2): (4780, 1), (16900, 3)
quebrando (DF: 5): (1979, 2), (5859, 4), (9981, 2), (10598, 2), (13892, 6)
quebrant (DF: 1): (17459, 1)
quebrar (DF: 4): (5143, 8), (6289, 1), (12779, 2), (14783, 2)
quebrei (DF: 2): (7869, 1), (17347, 1)
quebro (DF: 1): (10598, 16)
quebrou (DF: 3): (3838, 1), (7175, 3), (16850, 2)
quec (DF: 1): (16557, 6)
qued (DF: 193): (1907, 1), (1967, 2), (1974, 2), (2033, 1), (2043, 1), (19, 3), (217, 3), (2309, 2), (2354, 2), (2429, 3), (2461, 2), (2601, 1), (2604, 1), (2681, 6), (2792, 1), (2877, 1), (276, 1), (2938, 1), (2948, 2), (2967, 1), (2972, 4), (3187, 1), (3197, 6), (3214, 2), (312, 2), (3226, 2), (3342, 2), (3351, 1), (333, 4), (3418, 2), (3489, 1), (3495, 2), (3569, 3), (3572, 1), (3587, 12), (3588, 4), (3596, 1), (3603, 1), (3631, 1), (3666, 1), (3723, 2), (366, 1), (3853, 2), (3881, 1), (3908, 1), (3920, 1), (4009, 1), (4152, 2), (4162, 8), (4180, 5), (4189, 1), (417, 1), (4246, 2), (4257, 10), (4288, 1), (4300, 9), (4344, 3), (4448, 6), (4518, 1), (4532, 1), (4540, 1), (4550, 4), (4556, 1), (4560, 1), (4567, 2), (4591, 1), (4594, 9), (4605, 2), (4763, 1), (4780, 6), (4782, 5), (4799, 1), (4852, 2), (476, 1), (4879, 1), (4951, 1), (5013, 1), (5017, 1), (5110, 2), (5218, 1), (5224, 2), (5306, 1), (5352, 1), (5436, 1), (5512, 1), (5563, 2), (557, 1), (5621, 1), (5647, 1), (5655, 1), (5659, 1), (5716, 2), (5735, 1), (5740, 1), (5754, 4), (5770, 3), (5793, 1), (5975, 2), (5991, 1), (6120, 2), (6138, 3), (6179, 6), (6190, 1), (6205, 14), (6249, 1), (6263, 3), (6280, 3), (6321, 5), (6326, 1), (628, 1), (6351, 1), (6414, 2), (6514, 5), (6562, 1), (6588, 6), (6650, 6), (6651, 7), (6659, 1), (6705, 1), (6889, 1), (6928, 4), (7003, 3), (7019, 1), (7151, 4), (7183, 1), (7239, 2), (7255, 1), (7284, 1), (7309, 1), (7379, 1), (7395, 1), (7455, 6), (7501, 1), (7555, 2), (7572, 2), (7586, 1), (776, 2), (7742, 2), (7773, 3), (7935, 4), (7942, 10), (7948, 1), (7961, 1), (8188, 1), (8218, 1), (8243, 3), (8255, 3), (836, 1), (8323, 3), (8342, 4), (8429, 3), (8454, 1), (8569, 6), (8792, 4), (8815, 2), (8945, 2), (8961, 1), (8994, 3), (86, 1), (9070, 1), (9074, 1), (9079, 1), (9108, 1), (9179, 32), (9196, 1), (9252, 1), (9285, 1), (9306, 1), (9334, 1), (9430, 1), (9437, 2), (9475, 1), (9496, 1), (9521, 1), (9580, 4), (9606, 2), (9682, 1), (9690, 4), (9692, 1), (9697, 9), (9719, 1), (9740, 1), (9756, 1), (9818, 1), (9819, 2), (1008, 8), (9887, 1), (9919, 2), (9939, 1), (9972, 1), (1022, 5), (1027, 1), (10087, 2)
