altijd (DF: 8): (12767, 1), (13611, 1), (14952, 1), (15412, 1), (1619, 1), (16435, 1), (16499, 4), (17327, 1)
altima (DF: 1): (1223, 1)
altiplan (DF: 1): (12421, 1)
altitu (DF: 2): (9387, 1), (11113, 1)
altitud (DF: 2): (9441, 1), (17105, 1)
alto (DF: 48): (1939, 1), (213, 1), (2539, 2), (2711, 12), (2839, 2), (3080, 1), (3211, 1), (3364, 1), (3467, 4), (3491, 1), (3891, 1), (4556, 8), (5040, 1), (524, 1), (5541, 1), (5792, 1), (6436, 3), (7508, 1), (7539, 1), (7555, 3), (7837, 1), (7869, 1), (8278, 1), (8323, 2), (9120, 1), (9196, 1), (9355, 2), (9410, 1), (9664, 1), (9756, 1), (10625, 1), (11391, 1), (11452, 1), (1171, 2), (1183, 1), (11685, 2), (11821, 7), (12656, 1), (13425, 2), (13526, 9), (13588, 1), (13647, 1), (14390, 8), (1653, 4), (16353, 1), (16438, 1), (18163, 6), (18271, 4)
altogeth (DF: 3): (6286, 1), (16134, 1), (17464, 1)
altos (DF: 4): (5792, 1), (11391, 1), (14390, 10), (14627, 1)
altra (DF: 18): (2518, 1), (3954, 1), (4873, 2), (6395, 2), (63, 1), (9, 1), (8777, 1), (9222, 3), (1000, 1), (1010, 1), (10238, 1), (11298, 1), (14799, 1), (16451, 1), (18325, 2), (187, 4), (1848, 1), (18370, 1)
altre (DF: 5): (5020, 1), (9222, 1), (17273, 1), (18325, 3), (1850, 2)
altri (DF: 8): (2059, 1), (5321, 1), (6691, 3), (9671, 3), (11821, 1), (16749, 1), (17718, 1), (18370, 1)
altro (DF: 21): (3972, 1), (438, 1), (4587, 1), (5392, 2), (5439, 1), (5785, 1), (5821, 1), (63, 1), (7726, 1), (7837, 2), (8671, 5), (8777, 1), (8936, 3), (9222, 1), (11272, 1), (11452, 2), (11821, 2), (15449, 2), (16746, 1), (17970, 1), (18442, 1)
altrov (DF: 2): (4873, 1), (14997, 1)
altur (DF: 15): (3851, 2), (4300, 3), (4594, 3), (7412, 1), (9060, 3), (10909, 1), (11734, 1), (13437, 1), (13973, 1), (14940, 6), (15415, 1), (16940, 1), (16969, 1), (17494, 1), (17673, 1)
alu (DF: 2): (2078, 1), (8260, 1)
alucin (DF: 15): (3269, 1), (476, 4), (53, 1), (8646, 1), (9719, 4), (9963, 2), (1133, 1), (11371, 1), (11980, 2), (12499, 1), (13335, 1), (14136, 1), (15330, 1), (15736, 1), (15775, 1)
alucina (DF: 1): (2680, 1)
alucinada (DF: 1): (12677, 2)
alucinado (DF: 1): (12677, 1)
alucinando (DF: 1): (15605, 2)
alucinant (DF: 1): (4016, 1)
alucinart (DF: 1): (86, 2)
alucinógeno (DF: 1): (2631, 1)
aluguei (DF: 1): (15322, 1)
aluguel (DF: 1): (15322, 1)
alum (DF: 1): (5289, 1)
alumbr (DF: 13): (2488, 1), (342, 1), (6534, 4), (7412, 1), (8255, 1), (885, 1), (10513, 1), (11464, 2), (12205, 2), (12404, 2), (14094, 4), (14346, 1), (15424, 1)
alumin (DF: 1): (3258, 1)
alumini (DF: 1): (7412, 1)
aluminium (DF: 2): (12445, 1), (12668, 1)
aluminum (DF: 3): (405, 1), (13231, 1), (17346, 1)
alumn (DF: 1): (4484, 2)
alumni (DF: 3): (3291, 1), (8669, 1), (9331, 1)
alunageorg (DF: 4): (2609, 1), (729, 1), (1482, 1), (15958, 1)
alvar (DF: 3): (2070, 1), (2369, 1), (15237, 1)
alvarado (DF: 1): (2422, 1)
alvarez (DF: 20): (3071, 4), (3342, 2), (4434, 3), (4702, 2), (6079, 4), (7166, 2), (7961, 2), (9225, 1), (11030, 3), (11741, 1), (11924, 3), (12431, 3), (1284, 3), (14301, 4), (15237, 2), (16885, 1), (17171, 3), (17368, 1), (17443, 2), (17861, 2)
alven (DF: 2): (4979, 1), (9142, 1)
alvin (DF: 1): (14818, 1)
alvo (DF: 1): (2839, 1)
alvvay (DF: 1): (12747, 2)
alwasta (DF: 1): (13317, 1)
alway (DF: 106): (190, 5), (1889, 2), (1897, 1), (1902, 2), (194, 1), (1915, 1), (1922, 1), (1926, 9), (1934, 4), (1937, 1), (1950, 2), (1955, 2), (1958, 2), (1961, 1), (1964, 1), (1968, 1), (1973, 1), (1988, 1), (1990, 7), (201, 1), (2026, 1), (2028, 5), (2037, 1), (2039, 1), (2041, 6), (2061, 1), (2075, 1), (2080, 1), (2097, 2), (204, 1), (2113, 2), (2131, 2), (2134, 1), (2141, 8), (209, 1), (2147, 1), (2154, 1), (2157, 16), (2161, 1), (2169, 6), (2173, 10), (2174, 1), (2184, 1), (2185, 1), (2187, 1), (2195, 1), (2199, 2), (2202, 1), (2218, 1), (2219, 1), (2223, 2), (2225, 1), (2228, 10), (2231, 1), (2236, 1), (2241, 1), (2254, 1), (2255, 1), (2264, 12), (2270, 1), (2274, 3), (2276, 1), (2286, 26), (2296, 2), (223, 3), (2332, 2), (2344, 1), (2350, 1), (2352, 45), (228, 2), (2364, 1), (2372, 2), (2379, 1), (2384, 4), (2390, 3), (2393, 2), (230, 1), (2402, 3), (2405, 8), (2423, 3), (2441, 3), (2444, 1), (2447, 1), (2449, 4), (2452, 2), (2462, 1), (2474, 1), (2485, 8), (238, 1), (2497, 3), (2503, 2), (2520, 2), (2523, 3), (244, 1), (2544, 3), (2550, 2), (2560, 1), (2561, 1), (2562, 1), (2588, 1), (2589, 2), (2594, 1), (2596, 3), (2598, 1), (2605, 1), (2614, 1)
