volv (DF: 252): (2354, 6), (2529, 2), (2585, 2), (2656, 1), (2659, 2), (3028, 1), (3070, 6), (3104, 6), (3187, 5), (3211, 6), (312, 5), (3239, 1), (333, 2), (3403, 8), (3459, 20), (3569, 1), (353, 1), (3631, 1), (3665, 3), (3722, 2), (3897, 2), (3969, 2), (4049, 1), (4162, 8), (4207, 3), (4219, 1), (4236, 1), (417, 1), (4386, 1), (4484, 2), (4504, 1), (4518, 3), (4540, 1), (4752, 1), (4769, 4), (4804, 4), (476, 1), (4846, 4), (4860, 2), (477, 4), (481, 3), (5017, 1), (5035, 3), (44, 1), (5224, 2), (5341, 1), (5352, 1), (5376, 1), (5399, 2), (5471, 12), (5502, 2), (5512, 2), (5621, 1), (5778, 1), (5790, 1), (577, 1), (594, 1), (6041, 4), (6248, 2), (6263, 3), (6336, 1), (632, 1), (6485, 4), (6645, 8), (6656, 3), (6705, 1), (6928, 2), (6932, 2), (7031, 2), (7056, 1), (7108, 1), (7205, 10), (715, 2), (7288, 2), (728, 2), (7415, 1), (7501, 1), (7513, 8), (7587, 1), (7742, 12), (7820, 1), (7935, 2), (8036, 1), (8066, 1), (8091, 1), (8128, 1), (8140, 1), (8199, 2), (8353, 1), (8482, 2), (875, 2), (8719, 8), (8805, 12), (8945, 1), (8997, 4), (86, 2), (9172, 1), (9259, 1), (9285, 2), (9362, 1), (9415, 1), (9437, 1), (9444, 1), (9496, 12), (9532, 3), (9536, 1), (9580, 6), (9636, 2), (9660, 1), (9690, 2), (9706, 1), (9719, 1), (9762, 1), (9818, 1), (9916, 1), (1022, 2), (10046, 8), (10193, 14), (10278, 2), (10322, 1), (10564, 1), (10607, 1), (10625, 1), (10676, 2), (10682, 2), (10793, 6), (10866, 1), (10877, 6), (10892, 1), (10898, 1), (10908, 1), (10944, 1), (11017, 1), (11059, 10), (1133, 1), (11155, 1), (11169, 18), (11199, 2), (11335, 1), (11356, 1), (11383, 4), (11464, 4), (11484, 4), (11689, 1), (11724, 2), (11750, 1), (11800, 4), (11866, 8), (1215, 1), (11944, 6), (12082, 1), (1241, 1), (12214, 26), (12608, 6), (12623, 2), (1284, 1), (12661, 1), (12686, 1), (12750, 1), (1296, 1), (12770, 5), (12808, 1), (12863, 1), (13026, 8), (13034, 2), (13107, 2), (1333, 6), (13153, 4), (13164, 1), (13205, 4), (13257, 1), (13484, 1), (13580, 1), (13694, 1), (13806, 2), (13967, 10), (14172, 2), (14331, 1), (14346, 1), (14420, 1), (14497, 1), (14525, 1), (14697, 1), (14703, 2), (14775, 4), (14856, 2), (1519, 2), (14953, 2), (14968, 1), (15031, 1), (15169, 1), (15186, 4), (15204, 1), (15224, 2), (15321, 4), (15369, 1), (15587, 1), (15598, 2), (15678, 2), (15721, 1), (15764, 1), (15815, 4), (15821, 1), (1631, 1), (15948, 2), (15993, 1), (16004, 1), (16013, 2), (1652, 4), (16150, 3), (16230, 2), (16260, 1), (16345, 2), (16373, 3), (16419, 2), (16462, 1), (16469, 8), (16567, 1), (16678, 6), (16751, 1), (16840, 1), (16843, 10), (16889, 1), (16968, 8), (178, 1), (17202, 3), (17285, 5), (17343, 1), (17345, 3), (17459, 2), (17462, 1), (17494, 1), (17607, 2), (17659, 2), (17671, 1), (17821, 1), (17847, 3), (17931, 1), (17961, 1), (17980, 1), (18025, 9), (18047, 1), (18090, 1), (18119, 24), (18310, 2), (18326, 2), (18421, 1), (4361, 1), (4362, 1), (9204, 1), (9206, 1), (13033, 1)
volvam (DF: 1): (13967, 1)
volvamon (DF: 1): (15799, 1)
volvem (DF: 2): (11484, 6), (14860, 4)
volver (DF: 7): (4605, 1), (7354, 1), (8546, 1), (10291, 1), (1133, 1), (11747, 1), (16746, 1)
volveri (DF: 3): (6645, 4), (10030, 3), (13153, 2)
volvert (DF: 31): (2480, 7), (3070, 2), (3211, 2), (3401, 2), (3588, 2), (3908, 1), (4344, 1), (4445, 9), (4540, 2), (5363, 1), (5541, 1), (5826, 9), (6339, 6), (6705, 2), (6818, 2), (8091, 1), (9034, 1), (9362, 1), (9444, 1), (9636, 4), (1109, 1), (10943, 2), (11968, 2), (14222, 1), (14289, 1), (14541, 1), (14561, 1), (14856, 1), (15349, 1), (17462, 6), (17941, 12)
volvet (DF: 1): (1061, 1)
volvi (DF: 2): (2090, 1), (17623, 1)
volvim (DF: 1): (13197, 1)
volvo (DF: 6): (2104, 1), (11132, 1), (11523, 1), (12339, 1), (14388, 1), (1688, 1)
vom (DF: 3): (3213, 1), (11179, 1), (15912, 1)
vomit (DF: 23): (3597, 1), (4067, 2), (4386, 1), (5299, 1), (5785, 1), (6151, 1), (8208, 1), (1032, 1), (10195, 1), (10458, 1), (11215, 1), (1187, 1), (13539, 1), (14038, 1), (14360, 1), (14743, 1), (15054, 1), (1618, 1), (17279, 1), (17750, 1), (18027, 3), (18309, 1), (18372, 1)
von (DF: 6): (3923, 1), (9252, 1), (9866, 1), (9972, 1), (10195, 1), (11123, 1)
vonderen (DF: 2): (9784, 1), (11539, 1)
vong (DF: 1): (7607, 1)
vonk (DF: 1): (10369, 1)
vonn (DF: 1): (5663, 1)
vonnegut (DF: 1): (12729, 1)
vont (DF: 6): (4308, 2), (4614, 2), (5032, 1), (7607, 1), (15161, 1), (15637, 1)
