ta (DF: 228): (6912, 2), (7000, 2), (7019, 1), (7178, 1), (7276, 4), (7301, 1), (7344, 3), (7508, 2), (762, 1), (7583, 8), (7603, 1), (7677, 6), (7836, 35), (7857, 11), (7863, 9), (7953, 1), (7989, 1), (8036, 1), (8039, 1), (8091, 1), (8132, 1), (8156, 22), (8170, 1), (8187, 1), (8198, 1), (8353, 5), (8452, 6), (8510, 1), (8564, 1), (8632, 3), (8711, 16), (8733, 8), (8785, 1), (908, 1), (910, 1), (9032, 1), (9049, 10), (9060, 18), (9162, 8), (9185, 1), (9225, 1), (9236, 1), (9322, 1), (9334, 4), (9336, 2), (9381, 10), (10, 1), (9474, 2), (9498, 1), (9524, 2), (9532, 1), (9740, 64), (9808, 1), (9960, 56), (10050, 1), (10084, 4), (10138, 1), (10148, 2), (1046, 2), (10396, 2), (10448, 1), (10539, 2), (1074, 72), (10543, 2), (10559, 1), (10591, 2), (10592, 2), (10625, 1), (10667, 1), (10682, 9), (10744, 32), (10784, 2), (10838, 10), (10894, 4), (10899, 6), (11019, 1), (11024, 1), (11071, 2), (11113, 1), (11205, 1), (11364, 8), (11378, 10), (11437, 1), (11447, 1), (11487, 3), (11540, 2), (11558, 1), (11563, 2), (11594, 7), (11634, 1), (11673, 1), (11734, 1), (11741, 1), (11746, 3), (11824, 2), (1211, 1), (11911, 6), (11944, 2), (11953, 7), (11968, 1), (11979, 1), (12167, 9), (1255, 1), (1277, 1), (12670, 6), (1296, 12), (12744, 2), (12804, 1), (12864, 6), (1310, 6), (12949, 3), (13091, 1), (13188, 1), (13290, 1), (13364, 1), (13369, 6), (1358, 1), (13453, 8), (13520, 18), (13576, 1), (13611, 7), (13626, 2), (13659, 203), (13710, 1), (13754, 1), (13770, 1), (13884, 2), (13889, 1), (13930, 1), (1424, 3), (14011, 2), (14078, 3), (14092, 3), (14156, 4), (149, 1), (14265, 1), (14314, 2), (14335, 1), (14391, 1), (14428, 1), (14429, 10), (14459, 6), (14524, 1), (14579, 1), (14596, 1), (14704, 2), (14869, 2), (15098, 2), (15162, 4), (15169, 1), (15209, 1), (15290, 3), (15297, 3), (15355, 3), (15389, 7), (15638, 2), (15653, 2), (15673, 1), (15677, 2), (15678, 3), (15680, 1), (15732, 3), (15800, 2), (15814, 1), (15844, 3), (15868, 3), (15913, 5), (15939, 1), (1631, 1), (15943, 4), (16074, 1), (16108, 2), (1655, 1), (16200, 2), (16226, 1), (16247, 2), (16253, 1), (16290, 1), (16307, 4), (16345, 1), (1668, 14), (16432, 1), (16438, 4), (16442, 1), (16528, 1), (16578, 3), (1704, 9), (16833, 1), (16848, 1), (16921, 1), (16962, 24), (16983, 12), (16990, 1), (17021, 1), (17089, 1), (17210, 1), (17222, 1), (17224, 1), (17245, 1), (17260, 1), (17294, 1), (17336, 1), (17348, 1), (17368, 1), (17407, 6), (17421, 1), (1772, 3), (17534, 2), (17546, 1), (17550, 11), (17564, 1), (17566, 2), (17573, 1), (17625, 2), (17700, 3), (17720, 1), (17766, 1), (17788, 1), (17829, 8), (1803, 1), (17861, 3), (17896, 3), (18050, 44), (18065, 1), (18069, 1), (18094, 1), (1833, 1), (1867, 4)
ta3a (DF: 1): (12433, 2)
ta7aria (DF: 1): (8678, 2)
ta7chich (DF: 1): (246, 1)
ta7schisch (DF: 2): (4387, 4), (17886, 1)
ta7schischpaket (DF: 1): (5493, 2)
taa (DF: 5): (276, 1), (3351, 1), (871, 1), (8768, 1), (18018, 1)
taaa (DF: 4): (2943, 1), (5172, 1), (14524, 1), (17421, 1)
taadiya (DF: 1): (10667, 2)
taai (DF: 2): (3660, 1), (7519, 1)
taaiyon (DF: 1): (5535, 1)
taal (DF: 1): (4849, 1)
taan (DF: 6): (4421, 2), (5582, 1), (13990, 2), (14335, 1), (16186, 1), (18053, 1)
taanhi (DF: 1): (14335, 1)
taani (DF: 1): (4985, 1)
taasan (DF: 1): (16246, 1)
taaza (DF: 2): (4686, 1), (12819, 1)
tab (DF: 38): (2952, 1), (3223, 10), (4434, 1), (4543, 1), (4686, 1), (480, 1), (4960, 1), (6684, 2), (6758, 1), (6884, 1), (7291, 1), (7749, 4), (7787, 1), (8061, 1), (8455, 1), (8653, 1), (9657, 1), (9873, 1), (10006, 1), (10260, 3), (1109, 1), (11026, 1), (11312, 1), (13030, 2), (13270, 1), (13808, 1), (13902, 1), (14319, 1), (14547, 1), (14721, 1), (1564, 1), (15328, 1), (15865, 1), (16026, 1), (16845, 1), (17353, 2), (17841, 1), (18053, 1)
tabac (DF: 6): (417, 1), (9786, 9), (10530, 2), (1098, 3), (1411, 1), (1443, 1)
tabacada (DF: 1): (7270, 1)
tabaco (DF: 1): (3007, 1)
tabajara (DF: 1): (7270, 1)
tabak (DF: 2): (14690, 2), (16290, 1)
tabasco (DF: 1): (17238, 4)
tabe (DF: 1): (9528, 1)
taber (DF: 1): (3527, 1)
tabernacl (DF: 2): (2500, 1), (3291, 1)
tabhi (DF: 3): (4686, 1), (9688, 1), (15929, 1)
tabibito (DF: 1): (1102, 3)
