home (DF: 177): (10945, 1), (10948, 1), (11274, 2), (11276, 1), (11309, 2), (11310, 1), (11585, 4), (11586, 15), (11681, 1), (11682, 1), (1201, 13), (1202, 4), (11848, 1), (11849, 1), (12238, 1), (12239, 1), (12398, 1), (12400, 1), (1261, 47), (1262, 1), (12509, 1), (12510, 1), (12643, 1), (12644, 8), (12680, 2), (12681, 1), (12753, 2), (12754, 2), (13299, 2), (13300, 4), (13457, 1), (13459, 1), (13562, 1), (13563, 1), (13849, 2), (13852, 1), (13978, 4), (13979, 1), (13991, 10), (13993, 8), (13995, 4), (13997, 1), (14022, 3), (14023, 1), (14369, 2), (14370, 1), (14570, 1), (14571, 2), (14619, 2), (14620, 2), (1516, 4), (1518, 1), (14908, 1), (14909, 2), (14966, 1), (14967, 5), (15064, 12), (15065, 3), (15094, 1), (15095, 1), (15267, 2), (15268, 1), (1561, 1), (1562, 2), (15311, 1), (15312, 1), (15466, 2), (15467, 2), (15552, 5), (15553, 1), (15570, 1), (15571, 1), (1605, 11), (1606, 1), (15831, 4), (15832, 1), (15909, 1), (15910, 1), (16053, 1), (16054, 1), (16111, 1), (16112, 2), (16224, 1), (16226, 1), (16297, 6), (16298, 1), (16363, 1), (16364, 2), (16480, 2), (16481, 1), (16504, 1), (16506, 1), (16575, 1), (16576, 2), (16617, 5), (16618, 2), (16781, 1), (16782, 26), (16906, 1), (16907, 1), (17109, 2), (17112, 1), (17162, 2), (17164, 11), (17180, 4), (17181, 1), (1744, 2), (1746, 1), (17301, 1), (17302, 4), (17313, 1), (17314, 1), (17341, 2), (17342, 1), (17552, 3), (17554, 1), (1779, 2), (1780, 1), (17580, 12), (17581, 2), (17713, 2), (17714, 1), (17797, 1), (17798, 1), (17823, 5), (17824, 3), (17990, 1), (17992, 1), (18029, 6), (18030, 1), (18126, 1), (18127, 8), (18176, 1), (18179, 1), (18200, 1), (18201, 4), (18268, 2), (18269, 1), (18290, 1), (18291, 1), (1871, 1), (1873, 1), (3638, 11), (3640, 1), (3641, 1), (3871, 1), (3872, 2), (3873, 1), (6431, 1), (6433, 13), (6434, 1), (7839, 1), (7840, 4), (7842, 1), (8332, 1), (8333, 2), (8334, 2), (8502, 1), (8503, 4), (8504, 4), (1113, 2), (1114, 1), (1115, 8), (13219, 5), (13220, 2), (13221, 1), (1596, 1), (1597, 6), (1598, 56), (17361, 1), (17362, 6), (17363, 1), (17582, 3), (17583, 4), (18283, 2), (18284, 4), (18285, 3)
homebodi (DF: 3): (2471, 2), (4325, 6), (16227, 1)
homebound (DF: 1): (11514, 2)
homeboy (DF: 94): (1952, 2), (1972, 1), (1995, 1), (2045, 1), (2076, 1), (2110, 6), (2255, 1), (2825, 2), (27, 2), (4226, 1), (441, 1), (4866, 2), (4907, 1), (5107, 1), (5350, 1), (5495, 1), (5633, 2), (5692, 2), (5811, 1), (5842, 1), (595, 2), (6012, 2), (6141, 1), (6258, 1), (6573, 1), (6721, 1), (6784, 1), (7024, 1), (7060, 1), (7192, 1), (7214, 1), (7237, 1), (7459, 1), (7635, 1), (8148, 1), (8319, 1), (8662, 6), (922, 5), (9032, 1), (9209, 1), (9368, 2), (9625, 1), (9676, 1), (993, 1), (9886, 1), (10140, 1), (10255, 4), (1092, 2), (10858, 1), (1147, 2), (11322, 1), (1191, 1), (11671, 2), (11942, 1), (12041, 1), (12150, 1), (12210, 1), (12636, 2), (12729, 1), (13176, 2), (13246, 1), (13522, 1), (13732, 2), (13937, 4), (13961, 1), (14391, 1), (14565, 1), (1558, 2), (15251, 1), (15284, 1), (15342, 1), (15480, 4), (15870, 1), (16050, 2), (16068, 1), (16127, 2), (16350, 8), (1671, 2), (16453, 1), (16521, 1), (16582, 1), (16886, 3), (17318, 2), (17355, 1), (17452, 1), (17481, 3), (17546, 2), (17740, 1), (17761, 1), (17881, 2), (17897, 1), (18012, 1), (18259, 2), (18382, 1)
homeboys (DF: 1): (1501, 1)
homecom (DF: 3): (2594, 2), (16162, 1), (16180, 1)
homecomin (DF: 1): (11832, 1)
homecoming (DF: 1): (10501, 1)
homegirl (DF: 26): (2397, 1), (3803, 2), (441, 1), (5075, 1), (5448, 2), (5918, 1), (6140, 1), (6721, 1), (6945, 2), (8662, 2), (9117, 1), (975, 3), (988, 1), (9866, 1), (10226, 1), (10272, 2), (1044, 1), (11492, 1), (12602, 1), (12850, 1), (14078, 1), (14446, 1), (15251, 1), (15462, 1), (15725, 1), (16068, 1)
homegrown (DF: 16): (3112, 1), (7320, 1), (7681, 5), (8592, 1), (10321, 1), (11374, 1), (1216, 1), (12276, 1), (14642, 1), (14805, 1), (1575, 1), (15713, 1), (16227, 1), (16357, 1), (1760, 2), (17989, 1)
homeland (DF: 3): (2849, 1), (462, 1), (15823, 1)
homeless (DF: 32): (2232, 1), (2929, 1), (3300, 1), (3727, 1), (5106, 1), (5319, 1), (5565, 1), (6098, 1), (6363, 1), (7697, 1), (7888, 5), (8228, 1), (9853, 1), (9875, 5), (10141, 1), (10387, 1), (10731, 1), (11470, 1), (11524, 2), (11665, 1), (1304, 1), (13533, 1), (1443, 2), (14658, 1), (1573, 6), (15521, 1), (15904, 1), (1741, 1), (17367, 1), (17371, 1), (18005, 1), (18118, 1)
homem (DF: 1): (3467, 1)
