swang (DF: 22): (4942, 1), (5050, 1), (692, 2), (7020, 2), (7860, 2), (8299, 2), (9102, 2), (11624, 2), (11679, 1), (11687, 3), (11867, 5), (1226, 1), (12726, 4), (12762, 3), (13629, 5), (14076, 1), (14967, 2), (15042, 1), (15859, 2), (16084, 2), (16806, 1), (1833, 1)
swanga (DF: 1): (12588, 1)
swangaz (DF: 1): (1226, 4)
swanger (DF: 2): (4942, 2), (13817, 1)
swangin (DF: 15): (4784, 3), (5489, 1), (6771, 1), (7369, 1), (8299, 10), (10606, 1), (10745, 1), (12190, 1), (12588, 1), (12762, 12), (14076, 1), (16156, 1), (17129, 1), (17626, 7), (1849, 1)
swank (DF: 2): (13686, 1), (15823, 1)
swanki (DF: 1): (5371, 1)
swap (DF: 18): (3232, 3), (3811, 1), (6715, 1), (7550, 1), (8331, 2), (952, 2), (9382, 1), (9541, 4), (9759, 1), (9852, 1), (11623, 2), (12184, 6), (12185, 1), (13512, 14), (14256, 6), (15518, 1), (16450, 2), (16734, 2)
swappin (DF: 2): (2322, 1), (12185, 1)
swardi (DF: 1): (8160, 1)
sware (DF: 1): (9073, 1)
swarm (DF: 23): (1885, 2), (1949, 1), (2174, 1), (416, 1), (5253, 1), (5468, 1), (5576, 1), (6407, 4), (7470, 2), (7480, 3), (10287, 5), (10696, 4), (12440, 1), (12685, 3), (12875, 4), (13215, 1), (13925, 2), (14651, 1), (17198, 1), (17790, 1), (17835, 1), (17992, 3), (18342, 1)
swarmin (DF: 2): (3152, 1), (8662, 2)
swarovski (DF: 1): (5459, 1)
swaréinscr (DF: 1): (8210, 1)
swasher (DF: 1): (12090, 1)
swass (DF: 2): (14759, 2), (17881, 3)
swastika (DF: 1): (2851, 1)
swat (DF: 6): (2377, 1), (5223, 1), (7018, 1), (11327, 1), (1375, 24), (17811, 1)
swatch (DF: 5): (2557, 1), (4313, 1), (7509, 1), (8746, 1), (13625, 1)
swati (DF: 1): (5018, 1)
swatter (DF: 2): (6445, 1), (11212, 1)
swavey (DF: 1): (4341, 1)
sway (DF: 37): (1950, 2), (2179, 1), (2537, 1), (3162, 3), (309, 7), (3527, 12), (3592, 2), (3680, 1), (3715, 2), (5517, 18), (6180, 18), (6231, 1), (7280, 1), (745, 10), (7917, 2), (8102, 2), (8138, 10), (9054, 3), (9317, 1), (10012, 1), (10051, 10), (10092, 1), (1041, 2), (11865, 7), (1239, 1), (12208, 5), (12281, 2), (13013, 2), (1364, 1), (14403, 2), (15291, 1), (15870, 1), (16031, 1), (170, 2), (16323, 1), (17600, 2), (18041, 2)
swayam (DF: 1): (16397, 1)
swayday (DF: 1): (5619, 1)
swayin (DF: 5): (2301, 1), (4854, 1), (5078, 1), (12065, 2), (17083, 1)
swayz (DF: 8): (1941, 1), (3521, 1), (7182, 1), (7648, 1), (11804, 1), (14718, 1), (16279, 1), (16362, 1)
swazi (DF: 2): (1028, 1), (13221, 1)
swe (DF: 4): (5588, 1), (6650, 2), (6768, 1), (15, 1)
swear (DF: 167): (2014, 6), (2016, 3), (2062, 1), (204, 1), (2124, 1), (2128, 8), (2167, 1), (212, 2), (2218, 1), (2222, 1), (2248, 1), (2333, 1), (2357, 1), (2364, 1), (2378, 2), (2407, 1), (2421, 12), (235, 1), (2472, 2), (2568, 1), (2587, 4), (2720, 1), (2725, 2), (2818, 1), (2821, 1), (2855, 1), (2856, 1), (2865, 2), (2872, 1), (2896, 2), (2988, 5), (3037, 1), (3079, 2), (3083, 1), (3099, 1), (3121, 2), (3128, 4), (3152, 1), (3170, 1), (3205, 6), (3216, 1), (3221, 1), (3244, 1), (320, 1), (3278, 6), (3334, 3), (3335, 1), (3338, 2), (3404, 1), (3440, 24), (3472, 2), (3484, 1), (3507, 1), (346, 1), (3526, 2), (3543, 1), (3568, 1), (3573, 6), (29, 2), (3675, 1), (3734, 2), (3739, 1), (3752, 2), (3753, 1), (5, 1), (3815, 12), (3827, 2), (3863, 3), (379, 2), (3939, 4), (388, 3), (3953, 1), (4020, 1), (4022, 7), (4026, 1), (4073, 1), (4077, 4), (4094, 1), (4107, 1), (4113, 2), (4128, 2), (4150, 2), (410, 1), (4231, 1), (4244, 2), (4261, 1), (4291, 1), (4388, 5), (440, 1), (4440, 1), (4481, 1), (4488, 4), (4497, 6), (4498, 3), (4506, 1), (4611, 1), (4627, 2), (4660, 4), (474, 4), (4833, 1), (4836, 2), (4857, 2), (4905, 2), (486, 2), (5012, 2), (5025, 2), (5032, 1), (5056, 1), (5068, 1), (5071, 1), (5089, 3), (5092, 1), (5137, 2), (5142, 2), (5259, 5), (5273, 1), (5281, 1), (5298, 1), (5372, 1), (5406, 1), (5413, 2), (5424, 1), (5425, 1), (5438, 28), (5461, 30), (5496, 6), (5531, 1), (5586, 2), (554, 2), (5605, 2), (560, 6), (5661, 1), (5676, 1), (51, 1), (5752, 2), (5823, 3), (5837, 1), (52, 2), (5909, 1), (5937, 2), (5947, 1), (5957, 2), (6033, 1), (6116, 2), (6213, 1), (6216, 2), (6220, 3), (618, 1), (6246, 2), (6253, 1), (6264, 2), (6296, 2), (6344, 2), (6419, 6), (641, 1), (6491, 1), (6508, 1), (6570, 1), (6611, 2), (6615, 1), (6633, 10), (6667, 1), (6670, 1), (6686, 1), (6709, 2), (6720, 1), (6727, 1)
