schrot (DF: 3): (11459, 1), (13085, 1), (16290, 1)
schrotflint (DF: 1): (12822, 1)
schrott (DF: 3): (2328, 1), (4387, 1), (16507, 1)
schrumpft (DF: 1): (4989, 1)
schtop (DF: 1): (8825, 1)
schub (DF: 2): (12212, 1), (14419, 1)
schublad (DF: 1): (3462, 1)
schucht (DF: 1): (6835, 1)
schuf (DF: 1): (2050, 1)
schufa (DF: 1): (10523, 1)
schuh (DF: 11): (6139, 1), (6430, 1), (10958, 1), (11522, 3), (12619, 1), (13125, 1), (13755, 1), (14496, 1), (16777, 1), (16839, 1), (17630, 1)
schuhen (DF: 1): (11179, 1)
schuhgross (DF: 2): (13755, 1), (17630, 1)
schuhkarton (DF: 2): (13012, 1), (14899, 5)
schuhschrank (DF: 1): (681, 1)
schuhsohlenabdruck (DF: 1): (6835, 1)
schuif (DF: 1): (1077, 1)
schuin (DF: 1): (15565, 1)
schul (DF: 7): (198, 1), (3381, 1), (3962, 1), (4004, 1), (4318, 2), (8019, 1), (9788, 1)
schuld (DF: 5): (3348, 2), (7519, 1), (10997, 2), (1583, 1), (16409, 1)
schuldig (DF: 2): (6208, 2), (1616, 1)
schule (DF: 1): (11179, 1)
schulevent (DF: 1): (16507, 2)
schulschwanz (DF: 1): (2328, 1)
schult (DF: 2): (9505, 1), (10719, 1)
schultz (DF: 2): (11130, 1), (13787, 1)
schulz (DF: 27): (1985, 1), (218, 1), (2382, 1), (2885, 1), (3222, 1), (3405, 1), (384, 1), (4130, 1), (4134, 1), (555, 1), (5930, 1), (8451, 1), (8463, 1), (9405, 1), (10638, 1), (11333, 2), (12074, 1), (13499, 1), (13536, 2), (13614, 1), (1437, 1), (14205, 1), (150, 1), (15649, 1), (16202, 1), (16252, 1), (1862, 1)
schumach (DF: 1): (4405, 1)
schummi (DF: 1): (14158, 1)
schupp (DF: 1): (6835, 1)
schurk (DF: 1): (3462, 1)
schuss (DF: 21): (3123, 1), (3849, 4), (6139, 2), (8829, 1), (10239, 1), (11521, 2), (1238, 1), (1244, 1), (12433, 1), (12619, 1), (12684, 1), (13091, 2), (13125, 1), (13245, 1), (13476, 2), (14254, 1), (14659, 2), (16290, 1), (17021, 1), (17437, 2), (18415, 1)
schussfeld (DF: 1): (3123, 1)
schussw (DF: 1): (13245, 1)
schusswaff (DF: 3): (11654, 1), (15269, 1), (1583, 1)
schutt (DF: 2): (12356, 1), (13125, 1)
schutteln (DF: 1): (9457, 2)
schutz (DF: 4): (5493, 1), (15010, 1), (1583, 1), (1715, 1)
schutzenf (DF: 1): (16745, 1)
schutzengel (DF: 1): (397, 1)
schutzgeld (DF: 4): (3123, 1), (5691, 1), (6620, 1), (11949, 1)
schutzt (DF: 3): (12453, 1), (14496, 1), (1845, 1)
schutzw (DF: 1): (6748, 1)
schuur (DF: 2): (6184, 2), (14952, 1)
schuwop (DF: 1): (9117, 1)
schwabbeltitt (DF: 1): (10157, 2)
schwach (DF: 8): (3381, 1), (4004, 1), (397, 1), (8311, 1), (9457, 1), (10157, 1), (1845, 1), (18415, 1)
schwamm (DF: 2): (5691, 1), (6620, 1)
schwanek (DF: 1): (3048, 1)
schwanz (DF: 26): (2170, 2), (2194, 2), (2637, 4), (2729, 1), (2881, 1), (3048, 2), (3984, 1), (5206, 2), (5577, 1), (6139, 1), (6600, 1), (6835, 1), (7463, 1), (7720, 6), (8247, 1), (8498, 1), (9788, 1), (1218, 2), (12212, 2), (12453, 1), (13755, 1), (14419, 1), (1715, 1), (16963, 1), (17136, 1), (17630, 1)
schwanzend (DF: 1): (9236, 1)
schwanzgesteuert (DF: 1): (9999, 1)
schwanzgross (DF: 1): (2637, 1)
schwanzlos (DF: 1): (1715, 1)
schwanzt (DF: 1): (9788, 1)
schwartzenigg (DF: 1): (14627, 1)
schwarz (DF: 22): (2100, 8), (3067, 1), (3932, 1), (4743, 2), (6748, 8), (7373, 1), (9236, 1), (11522, 2), (11863, 1), (12212, 1), (12642, 2), (12839, 1), (14199, 1), (14254, 2), (14426, 2), (151, 1), (14752, 1), (1583, 1), (16290, 1), (16309, 1), (16507, 1), (16745, 1)
schwarzenegg (DF: 6): (2104, 1), (246, 1), (4218, 3), (7292, 1), (8959, 1), (16351, 2)
schwarzgeld (DF: 1): (1218, 1)
schwarzkopf (DF: 1): (12684, 1)
schwarzlicht (DF: 1): (2050, 1)
schwarzweiss (DF: 1): (14254, 1)
schwarzy (DF: 1): (4308, 1)
schwatz (DF: 1): (6748, 1)
schweb (DF: 2): (11122, 1), (14254, 1)
schwedisch (DF: 3): (2881, 1), (10239, 1), (1244, 1)
schweif (DF: 1): (16919, 1)
schweig (DF: 5): (2194, 1), (7306, 1), (13091, 1), (13755, 1), (17630, 1)
schweigt (DF: 2): (2078, 1), (4816, 1)
schwein (DF: 2): (6835, 1), (11476, 1)
schweiss (DF: 1): (681, 1)
schweitzer (DF: 1): (17835, 1)
schweiz (DF: 4): (2881, 1), (12684, 1), (14613, 1), (15867, 1)
schweizer (DF: 1): (12273, 1)
schwenk (DF: 1): (1244, 1)
schweppervesc (DF: 1): (11438, 1)
schweppes (DF: 1): (9906, 2)
schwer (DF: 14): (3123, 1), (3381, 1), (3466, 1), (484, 1), (5049, 1), (6835, 2), (7479, 1), (8098, 1), (8340, 3), (8932, 1), (10074, 3), (10239, 1), (13476, 1), (16290, 1)
schwerkraft (DF: 1): (3381, 1)
schwermetallvergift (DF: 1): (14199, 1)
