turban (DF: 2): (16200, 1), (17902, 1)
turbin (DF: 3): (14677, 1), (15234, 1), (15633, 1)
turbo (DF: 17): (4046, 3), (4614, 1), (5107, 1), (5783, 1), (5863, 1), (6065, 9), (7616, 1), (8666, 1), (10471, 1), (10929, 1), (11265, 1), (11487, 2), (13476, 1), (15461, 1), (16635, 1), (16981, 1), (17486, 2)
turbococc (DF: 1): (2498, 6)
turbodiesel (DF: 1): (11175, 2)
turbonegro (DF: 1): (14898, 1)
turbul (DF: 5): (4059, 1), (7973, 1), (10256, 3), (12515, 4), (1581, 1)
turbulent (DF: 3): (7508, 1), (9938, 1), (9974, 1)
ture (DF: 2): (7998, 1), (10062, 1)
turen (DF: 1): (413, 1)
turf (DF: 22): (2361, 1), (2737, 1), (369, 1), (4303, 1), (441, 1), (646, 1), (6953, 7), (9054, 3), (9751, 1), (9820, 1), (10957, 1), (11929, 2), (12509, 1), (1313, 1), (12989, 1), (13480, 5), (14515, 1), (14903, 1), (1594, 2), (15726, 6), (17278, 1), (18207, 1)
turfin (DF: 1): (16084, 1)
turin (DF: 1): (14199, 1)
turism (DF: 2): (5306, 1), (16915, 2)
turismo (DF: 2): (1937, 1), (8169, 1)
turist (DF: 5): (5796, 1), (9652, 1), (11774, 3), (14289, 1), (17664, 5)
turiz (DF: 11): (3459, 7), (7205, 5), (8751, 1), (8805, 6), (10260, 13), (117, 3), (11866, 4), (13967, 3), (14344, 8), (14408, 3), (1740, 6)
turk (DF: 8): (4944, 2), (1244, 1), (12396, 1), (1282, 1), (14337, 2), (14820, 1), (15635, 1), (17766, 1)
turkei (DF: 1): (1244, 2)
turkey (DF: 17): (1972, 1), (2255, 1), (3974, 1), (4319, 1), (5865, 1), (6141, 1), (7310, 1), (7441, 1), (72, 1), (8274, 1), (9096, 1), (963, 1), (1084, 1), (13025, 1), (13254, 1), (13331, 1), (14570, 1)
turkis (DF: 1): (1238, 1)
turkisch (DF: 1): (1244, 1)
turkish (DF: 1): (12227, 1)
turma (DF: 2): (8858, 2), (18036, 1)
turmoil (DF: 5): (3680, 1), (8554, 1), (879, 1), (16337, 1), (17514, 1)
turn (DF: 255): (1885, 4), (1888, 4), (1891, 1), (195, 4), (1914, 2), (1919, 1), (1921, 2), (1925, 1), (1931, 3), (1936, 1), (1937, 1), (1946, 1), (1949, 1), (1964, 2), (1968, 1), (1972, 2), (1975, 1), (1980, 1), (1988, 1), (1995, 1), (2002, 1), (2008, 2), (2022, 1), (2026, 1), (202, 1), (2039, 1), (2048, 1), (2064, 2), (204, 1), (2075, 1), (2076, 1), (2084, 1), (2102, 2), (2105, 3), (2110, 3), (2115, 1), (2117, 1), (2135, 6), (2142, 1), (2156, 5), (2168, 10), (2177, 1), (2189, 4), (2208, 1), (2211, 3), (2216, 1), (2221, 1), (2239, 1), (2248, 1), (21, 1), (2272, 3), (2274, 2), (2305, 2), (2310, 1), (2315, 1), (2317, 4), (223, 1), (2318, 1), (2320, 1), (2322, 1), (2333, 1), (2340, 1), (2355, 3), (2359, 12), (2361, 4), (2363, 1), (2372, 1), (2382, 4), (2389, 1), (2391, 4), (230, 1), (2399, 1), (2400, 1), (2402, 3), (2407, 1), (2422, 1), (2427, 1), (2430, 2), (2433, 1), (2438, 2), (2440, 1), (2442, 1), (2447, 4), (2455, 1), (2456, 4), (2462, 2), (236, 3), (2471, 2), (2494, 1), (2499, 1), (2507, 2), (2512, 1), (2521, 4), (2522, 2), (2534, 1), (2540, 12), (245, 1), (2552, 1), (2561, 1), (2571, 7), (2579, 1), (2584, 1), (2588, 2), (2594, 1), (2597, 1), (2602, 2), (2604, 1), (2609, 2), (2612, 1), (2616, 1), (2621, 3), (2622, 3), (2630, 1), (2646, 4), (2649, 4), (2669, 1), (2672, 1), (2674, 1), (255, 1), (2693, 2), (2703, 1), (2710, 1), (260, 1), (2742, 1), (262, 1), (2751, 7), (2758, 2), (2765, 1), (266, 2), (2771, 1), (2775, 2), (2776, 1), (2789, 1), (2792, 1), (2804, 2), (2808, 1), (2812, 1), (2822, 1), (26, 3), (2831, 2), (2840, 2), (2848, 2), (2850, 1), (2855, 1), (274, 2), (2859, 4), (2869, 1), (2878, 1), (2884, 1), (2888, 5), (2891, 3), (2906, 2), (2907, 1), (2915, 2), (2924, 6), (2927, 1), (2930, 1), (281, 1), (2944, 1), (2962, 5), (2975, 2), (2980, 1), (3011, 15), (3029, 9), (288, 1), (3041, 1), (3047, 1), (3051, 4), (3066, 2), (3073, 1), (293, 3), (3081, 6), (3086, 1), (3094, 3), (3101, 1), (3109, 1), (3117, 1), (3120, 1), (3126, 1), (3128, 1), (3136, 1), (3142, 1), (3146, 1), (3153, 1), (3164, 1), (3167, 1), (304, 1), (3178, 1), (3183, 1), (306, 4), (3218, 1), (3225, 2), (3231, 1), (3253, 1), (3273, 4), (3281, 1), (3284, 2), (3291, 1), (3312, 1), (331, 1), (3341, 1), (332, 1), (3357, 3), (3368, 1), (3373, 1), (3376, 14), (3380, 1), (3393, 1), (3419, 1), (3439, 1), (3441, 4), (3445, 59), (3452, 2), (3456, 1), (3458, 1), (341, 1), (3470, 29), (3477, 1), (3479, 1), (3483, 1), (3484, 1), (3485, 1), (3486, 1), (3498, 1), (3503, 1), (3510, 4), (3514, 1), (3524, 4), (3525, 1), (3528, 1), (348, 1), (3556, 1), (3562, 1), (3565, 1), (3571, 4), (350, 2), (3576, 1), (3582, 1), (3584, 2), (351, 1), (3589, 1), (3601, 2), (3608, 5), (3611, 1), (3612, 1), (3618, 1), (3619, 1), (3620, 1), (356, 2), (3638, 2), (3645, 10), (3652, 4), (3657, 1), (3658, 12), (359, 3)
