heat (DF: 142): (13324, 1), (13326, 3), (13331, 1), (1344, 1), (13338, 1), (13355, 1), (13361, 1), (13364, 1), (1354, 2), (13405, 1), (13408, 1), (13474, 1), (13494, 1), (13597, 1), (13603, 4), (13637, 1), (13685, 1), (13696, 2), (13774, 2), (13787, 1), (13845, 4), (13893, 2), (13902, 1), (13961, 1), (14031, 1), (14186, 2), (14242, 6), (14257, 1), (14371, 5), (14383, 2), (14452, 1), (14460, 1), (1479, 3), (14490, 1), (14532, 1), (1488, 1), (14670, 1), (14804, 2), (14820, 1), (14835, 1), (1515, 1), (15005, 1), (15015, 1), (15018, 1), (1551, 5), (15134, 5), (15146, 1), (15154, 2), (1558, 1), (15246, 1), (15250, 2), (1564, 1), (15328, 1), (15332, 1), (15356, 2), (1574, 2), (15405, 2), (15407, 1), (15570, 2), (15573, 3), (15590, 1), (15606, 1), (15710, 2), (1622, 1), (15882, 1), (15943, 2), (1636, 1), (15988, 1), (16015, 2), (16026, 1), (16036, 1), (16057, 1), (16072, 6), (16124, 1), (16137, 1), (16151, 1), (16156, 1), (16174, 6), (16196, 2), (16227, 1), (16233, 6), (16238, 1), (16280, 1), (16382, 1), (16453, 1), (16594, 1), (16596, 2), (1692, 2), (16706, 1), (16785, 4), (16812, 1), (1709, 1), (16890, 2), (16908, 1), (17043, 1), (17050, 1), (17135, 3), (17205, 1), (17220, 1), (17235, 1), (17281, 1), (17291, 1), (17298, 1), (17326, 2), (17331, 3), (17424, 1), (17490, 5), (17492, 1), (181, 2), (17589, 2), (17601, 4), (17606, 6), (1790, 1), (17694, 27), (1798, 1), (17755, 1), (17818, 1), (17883, 3), (17939, 1), (182, 1), (18004, 6), (1820, 1), (18038, 1), (18070, 1), (18099, 4), (1833, 1), (18245, 1), (18291, 1), (18311, 2), (18316, 3), (1849, 1), (18342, 1), (18350, 1), (18396, 1), (18402, 6), (1867, 1), (8787, 1), (8788, 1), (9615, 7), (9616, 2), (17357, 1), (17358, 1)
heater (DF: 19): (1972, 1), (210, 1), (3741, 1), (4059, 1), (4731, 1), (5137, 1), (5225, 1), (5456, 1), (6296, 2), (7073, 1), (7634, 1), (8862, 1), (1058, 1), (10834, 1), (11970, 1), (14971, 1), (17452, 1), (18026, 2), (18168, 1)
heathcliff (DF: 2): (14018, 8), (16144, 1)
heathen (DF: 13): (2143, 1), (3291, 1), (3373, 1), (7454, 3), (789, 1), (11797, 1), (13963, 1), (153, 2), (14838, 1), (15026, 1), (15111, 20), (16144, 1), (17698, 1)
heather (DF: 8): (4917, 1), (9583, 1), (10296, 1), (13871, 1), (15288, 2), (1574, 2), (17866, 1), (18089, 1)
heathrow (DF: 3): (4864, 1), (16298, 1), (16868, 1)
heatin (DF: 5): (3811, 1), (4069, 1), (4680, 2), (5851, 1), (9826, 1)
heatless (DF: 1): (12698, 2)
heatmis (DF: 1): (6403, 1)
heaton (DF: 2): (2083, 21), (10595, 1)
heatwav (DF: 7): (1936, 3), (4134, 17), (5930, 16), (7620, 1), (7870, 2), (9826, 14), (18318, 1)
heav (DF: 10): (2459, 1), (7179, 1), (8804, 1), (11916, 2), (12590, 2), (13597, 2), (14311, 6), (14371, 2), (15926, 1), (16015, 2)
heaven (DF: 166): (1891, 2), (1946, 1), (1961, 3), (1977, 5), (2004, 4), (2044, 28), (2063, 1), (204, 1), (2085, 1), (2105, 1), (2120, 2), (2138, 2), (2154, 1), (2218, 1), (2220, 1), (2224, 1), (2250, 1), (2288, 3), (2297, 3), (2300, 1), (2301, 2), (2315, 1), (2332, 1), (2363, 2), (2373, 4), (2389, 1), (2399, 1), (2404, 13), (2407, 9), (2428, 25), (2446, 1), (2458, 7), (2489, 2), (2492, 1), (2494, 1), (2495, 1), (2500, 1), (2528, 5), (2536, 2), (2541, 2), (2545, 1), (2555, 2), (2576, 1), (2592, 9), (2594, 12), (2626, 1), (2671, 1), (2690, 1), (2710, 2), (263, 1), (2762, 2), (2795, 1), (2808, 1), (2843, 1), (2856, 1), (2896, 2), (2903, 2), (2934, 2), (2946, 1), (2960, 2), (2992, 3), (3014, 4), (3036, 4), (3041, 1), (3115, 3), (3119, 1), (3188, 6), (3222, 2), (3258, 2), (3291, 1), (3299, 6), (332, 1), (3371, 1), (3375, 14), (3456, 1), (3498, 1), (3514, 1), (3519, 1), (3537, 4), (3581, 2), (3582, 1), (351, 2), (3657, 18), (3662, 1), (3715, 2), (3743, 6), (367, 1), (3763, 1), (3767, 1), (3812, 2), (3878, 1), (3904, 1), (3918, 4), (3923, 3), (3946, 1), (389, 4), (3966, 2), (404, 4), (406, 1), (4185, 2), (4264, 1), (4301, 4), (4306, 1), (426, 2), (4320, 8), (4327, 1), (4337, 2), (4350, 2), (431, 6), (4372, 1), (432, 1), (4424, 1), (4492, 1), (4508, 3), (4542, 2), (4555, 6), (4565, 1), (4575, 1), (4598, 1), (4603, 1), (452, 2), (4674, 1), (4691, 1), (4710, 2), (4722, 1), (4731, 1), (4764, 2), (4773, 1), (4777, 1), (4805, 3), (4841, 1), (482, 3), (4917, 1), (4983, 35), (5036, 1), (5047, 1), (5061, 1), (5066, 1), (5080, 3), (5120, 1), (5129, 1), (5145, 1), (5151, 3), (5159, 1), (507, 1), (5195, 2), (5220, 2), (5264, 2), (5286, 8), (5310, 45), (5320, 1), (5329, 3), (5356, 1), (5379, 13), (5394, 13), (5407, 1), (5435, 1), (5455, 2), (5495, 1), (543, 4), (5552, 9), (5585, 1), (5624, 2), (5705, 2), (564, 2), (5773, 7)
