cure (DF: 1): (18144, 1)
cureless (DF: 1): (6816, 1)
curetal (DF: 1): (11081, 3)
curfew (DF: 17): (4148, 1), (4468, 1), (6100, 1), (6273, 1), (7798, 1), (7889, 1), (7988, 1), (8755, 1), (987, 1), (1094, 1), (11014, 1), (11357, 1), (13873, 1), (15268, 2), (16414, 2), (17100, 1), (18203, 2)
curi (DF: 18): (1966, 1), (2948, 14), (284, 4), (3401, 1), (4729, 1), (6928, 2), (724, 1), (7948, 1), (9225, 1), (10530, 2), (10676, 1), (10944, 1), (11741, 1), (14963, 1), (15143, 1), (15875, 1), (16979, 5), (17941, 1)
curio (DF: 1): (13238, 1)
curios (DF: 22): (2038, 2), (342, 1), (4633, 2), (565, 4), (10658, 2), (12770, 1), (1371, 1), (13833, 1), (13905, 2), (14290, 1), (14717, 2), (14956, 2), (15092, 1), (15639, 1), (15875, 2), (16483, 3), (17020, 2), (17226, 1), (17623, 1), (18145, 1), (14314, 2), (14315, 1)
curious (DF: 32): (1922, 1), (2075, 1), (2174, 1), (21, 1), (2515, 1), (4148, 1), (4185, 2), (4717, 1), (5088, 1), (6215, 1), (6723, 1), (6847, 2), (7036, 1), (736, 1), (7465, 1), (8399, 1), (8619, 1), (949, 1), (9933, 2), (10272, 1), (11208, 1), (11850, 2), (12717, 2), (12883, 2), (1314, 1), (1329, 1), (13873, 1), (14006, 1), (14529, 1), (1515, 1), (14909, 1), (17572, 2)
curit (DF: 3): (450, 2), (7925, 1), (14512, 2)
curl (DF: 51): (2105, 1), (2294, 2), (245, 1), (3133, 1), (3195, 1), (317, 1), (3612, 1), (3745, 1), (4365, 1), (4483, 1), (4681, 1), (4690, 1), (478, 2), (4927, 1), (5077, 1), (5217, 1), (6253, 1), (664, 1), (6824, 1), (740, 1), (7559, 1), (7602, 2), (7743, 1), (8175, 2), (9215, 3), (9490, 14), (9612, 2), (9677, 2), (1018, 4), (10234, 1), (10341, 1), (10815, 1), (11188, 1), (11470, 1), (12079, 1), (12107, 1), (12636, 4), (12756, 1), (12907, 1), (13871, 1), (14273, 1), (14633, 1), (1554, 2), (15758, 1), (15943, 2), (1672, 4), (16597, 1), (1711, 2), (17719, 2), (17761, 2), (17878, 1)
curou (DF: 1): (18097, 1)
curr (DF: 1): (6817, 1)
curren (DF: 3): (5484, 1), (862, 1), (16242, 1)
currenc (DF: 12): (3253, 1), (4903, 1), (6259, 1), (6937, 1), (7469, 1), (922, 1), (12441, 3), (15660, 1), (15924, 1), (1647, 1), (16187, 1), (17104, 1)
current (DF: 40): (1922, 1), (209, 1), (2184, 1), (2432, 1), (288, 1), (4028, 1), (4134, 1), (4401, 1), (4622, 1), (4833, 1), (5289, 1), (5685, 2), (5930, 1), (6210, 1), (6864, 1), (7721, 1), (8541, 2), (9230, 2), (9922, 1), (10112, 2), (10296, 1), (11465, 1), (12213, 1), (12571, 1), (13011, 1), (13162, 21), (13404, 4), (13884, 1), (13954, 2), (13983, 1), (14225, 1), (15084, 1), (158, 2), (15202, 1), (15288, 1), (16370, 1), (17234, 1), (17337, 1), (18173, 1), (18238, 2)
currey (DF: 1): (16854, 1)
curri (DF: 29): (2076, 2), (2624, 1), (357, 1), (3985, 1), (3993, 3), (4244, 1), (4620, 3), (4834, 1), (5065, 1), (5576, 1), (5842, 2), (6695, 1), (7024, 2), (7060, 2), (696, 2), (7497, 1), (7518, 1), (8148, 2), (8819, 1), (10141, 1), (1219, 1), (12756, 1), (1313, 2), (13055, 1), (14415, 2), (15371, 4), (15893, 2), (17102, 2), (18082, 1)
curriculum (DF: 2): (5426, 1), (16753, 1)
currituck (DF: 1): (80, 1)
curry (DF: 6): (2729, 1), (4550, 1), (4912, 1), (598, 1), (7508, 1), (15598, 1)
curs (DF: 119): (1929, 1), (2063, 1), (2088, 1), (2176, 1), (2184, 1), (2250, 1), (2489, 1), (2500, 1), (2521, 1), (2592, 1), (2767, 1), (2850, 1), (288, 1), (3545, 2), (3808, 10), (4286, 1), (4292, 1), (4427, 1), (4513, 1), (445, 1), (4611, 2), (4764, 4), (4973, 5), (5050, 1), (5093, 1), (5152, 1), (5285, 2), (5454, 1), (5556, 1), (5746, 1), (5780, 1), (5872, 1), (6117, 1), (6253, 1), (6276, 2), (6367, 1), (6428, 2), (6456, 1), (6472, 1), (646, 1), (6563, 8), (6666, 2), (6824, 2), (6847, 2), (6960, 1), (6964, 1), (7084, 13), (7130, 1), (7177, 1), (7247, 2), (7595, 2), (7939, 1), (8109, 1), (823, 1), (8400, 1), (8595, 1), (9146, 1), (9221, 1), (9297, 2), (9389, 1), (9403, 1), (9663, 1), (9674, 1), (9752, 3), (9820, 1), (9873, 1), (10140, 1), (10141, 1), (10192, 4), (10224, 1), (10390, 1), (10808, 1), (10975, 2), (1133, 1), (11269, 1), (11313, 2), (11727, 1), (11970, 1), (12218, 1), (12287, 1), (12337, 2), (12514, 1), (12781, 1), (1318, 1), (13480, 5), (13816, 1), (14070, 1), (14076, 1), (14374, 1), (152, 1), (14642, 1), (14695, 1), (14767, 1), (1512, 1), (1513, 1), (15065, 7), (15231, 1), (15312, 1), (15339, 1), (15395, 1), (15433, 1), (15503, 2), (16039, 1), (16155, 1), (16425, 2), (16477, 1), (16581, 7), (16745, 2), (16794, 1), (17235, 7), (17515, 1), (1773, 1), (17651, 1), (17863, 1), (17929, 1), (1846, 1), (18382, 1), (200, 1), (201, 1)
cursi (DF: 2): (5198, 1), (9692, 1)
cursin (DF: 1): (6704, 6)
