ha (DF: 232): (10593, 3), (10700, 1), (10765, 2), (10784, 9), (10883, 2), (10927, 1), (1122, 5), (10957, 4), (11019, 1), (11058, 1), (11071, 4), (1136, 15), (11121, 12), (11132, 1), (11133, 3), (11144, 1), (11179, 1), (11225, 8), (11245, 1), (11274, 2), (11277, 1), (11295, 2), (11304, 4), (11313, 1), (11327, 1), (11364, 5), (11395, 1), (1167, 8), (11500, 2), (11521, 1), (11563, 4), (11618, 2), (11650, 2), (11725, 1), (11728, 2), (11857, 1), (11883, 1), (11915, 2), (11931, 1), (11950, 2), (11970, 10), (12024, 1), (12034, 4), (12153, 5), (12171, 2), (12252, 1), (12266, 4), (12283, 2), (1253, 2), (12348, 2), (12372, 4), (12419, 3), (12441, 12), (12448, 8), (12578, 2), (12591, 3), (12666, 3), (12739, 2), (12791, 2), (12830, 2), (12868, 1), (12937, 3), (12946, 1), (1316, 4), (13006, 9), (13078, 1), (13104, 4), (13105, 9), (13232, 1), (13296, 3), (13420, 8), (13432, 2), (13436, 1), (13443, 1), (13523, 2), (13551, 7), (13602, 1), (13635, 3), (13646, 1), (13659, 3), (13667, 4), (13685, 2), (13702, 1), (13769, 2), (13783, 2), (13812, 2), (13836, 1), (13947, 1), (13990, 3), (13994, 3), (1429, 1), (14045, 1), (14068, 1), (14092, 1), (1439, 7), (14129, 2), (14156, 1), (14186, 2), (1454, 2), (14269, 2), (14279, 2), (1465, 1), (14349, 8), (14452, 2), (14496, 4), (14546, 8), (14598, 2), (14687, 3), (14700, 3), (14754, 1), (14869, 2), (14952, 1), (14986, 1), (14991, 2), (14998, 4), (15003, 2), (15058, 6), (15085, 1), (15099, 3), (15140, 4), (15144, 1), (1552, 2), (15160, 2), (15238, 1), (15253, 8), (15278, 12), (15299, 2), (15334, 45), (15370, 2), (1580, 6), (15477, 8), (15611, 7), (15625, 2), (15635, 4), (15669, 4), (15703, 1), (15792, 9), (1626, 4), (15924, 4), (15928, 3), (15929, 1), (15933, 8), (15937, 2), (16035, 2), (16080, 3), (16084, 1), (16098, 9), (16167, 4), (16174, 6), (16226, 1), (16238, 34), (16248, 1), (16280, 1), (16307, 1), (16315, 6), (16322, 1), (16424, 2), (16532, 6), (1692, 2), (16679, 1), (16684, 2), (16722, 4), (1704, 5), (16779, 2), (16800, 1), (15, 4), (1712, 5), (16862, 2), (1714, 4), (16925, 2), (16958, 1), (16970, 2), (17104, 4), (1739, 1), (17158, 3), (17162, 3), (17191, 23), (17203, 33), (17219, 1), (17241, 3), (1755, 4), (17297, 6), (17321, 4), (17347, 1), (179, 3), (1766, 20), (17481, 1), (17483, 2), (17499, 14), (17520, 2), (17533, 7), (17559, 8), (17581, 5), (17586, 1), (17620, 3), (17624, 11), (17627, 1), (17683, 6), (17705, 19), (17727, 3), (17750, 2), (17755, 4), (1801, 1), (17830, 2), (17839, 4), (17908, 2), (17954, 1), (17976, 1), (17993, 11), (18051, 1), (1828, 3), (18153, 1), (18162, 5), (18294, 1), (1847, 1), (18344, 2), (18378, 1), (2881, 1), (2882, 12), (3251, 2), (3253, 4), (3474, 2), (3476, 3), (6986, 4), (6988, 2), (8237, 2), (8238, 3), (8807, 1), (8808, 1), (13577, 3), (13578, 4), (17298, 2)
haa (DF: 7): (4486, 1), (4559, 2), (5667, 2), (7026, 1), (10833, 1), (12153, 5), (14335, 3)
haaa (DF: 6): (7728, 3), (11594, 1), (11683, 2), (15205, 1), (16919, 1), (17191, 1)
haaaa (DF: 4): (4091, 3), (4460, 1), (12666, 1), (16800, 1)
haaaaaa (DF: 2): (15205, 1), (17720, 1)
haaaaaauuuuffff (DF: 1): (18213, 1)
haaaah (DF: 1): (17192, 1)
haaaardest (DF: 1): (9993, 1)
haaaeeh (DF: 1): (5273, 2)
haaan (DF: 1): (18368, 1)
haakj (DF: 1): (14757, 1)
haal (DF: 5): (2260, 1), (5535, 1), (5917, 5), (11673, 1), (14952, 1)
haan (DF: 20): (2086, 7), (4127, 11), (4918, 12), (4985, 1), (5535, 2), (5830, 1), (7654, 1), (9519, 2), (10442, 1), (10975, 1), (11725, 2), (12391, 1), (13848, 17), (13909, 1), (13990, 6), (149, 3), (155, 27), (15929, 1), (16397, 2), (18053, 22)
haandeng (DF: 1): (18053, 1)
haaniya (DF: 1): (8534, 5)
haar (DF: 27): (4607, 2), (4743, 1), (4849, 1), (493, 2), (5382, 1), (6008, 4), (6184, 2), (681, 1), (7283, 4), (7382, 1), (7519, 1), (7547, 2), (8831, 1), (9425, 7), (1077, 1), (12212, 1), (12243, 1), (12453, 1), (1318, 1), (13201, 1), (13611, 2), (14199, 1), (14254, 1), (14555, 15), (15412, 1), (17136, 1), (18210, 2)
haark (DF: 1): (2086, 1)
haartz (DF: 1): (6892, 2)
haarwasch (DF: 1): (6835, 1)
haast (DF: 3): (2260, 1), (10369, 3), (17663, 2)
haat (DF: 1): (7547, 1)
haath (DF: 1): (10833, 1)
haatho (DF: 1): (11725, 1)
haato (DF: 1): (1834, 1)
haay (DF: 1): (5830, 1)
