bake (DF: 9): (15937, 1), (15973, 2), (16242, 1), (16728, 1), (16734, 1), (1704, 2), (17240, 1), (17934, 1), (18082, 1)
baker (DF: 19): (4468, 1), (4920, 1), (6741, 2), (6771, 2), (6809, 1), (6960, 1), (7703, 1), (7995, 1), (8468, 2), (9147, 1), (9256, 1), (12680, 3), (13685, 1), (14165, 2), (15013, 2), (15294, 1), (16418, 1), (16627, 1), (18205, 1)
bakeri (DF: 4): (2500, 1), (14057, 2), (14118, 1), (17693, 5)
bakermat (DF: 4): (2834, 1), (10714, 1), (10963, 1), (14306, 1)
bakersfield (DF: 1): (11807, 1)
baki (DF: 1): (14335, 1)
bakin (DF: 9): (1891, 1), (1972, 1), (3487, 2), (6092, 4), (6937, 1), (10373, 1), (12107, 1), (13143, 1), (13440, 2)
bakit (DF: 8): (5932, 3), (8335, 1), (8768, 3), (10227, 1), (11542, 2), (13968, 2), (14084, 3), (14250, 2)
bakka (DF: 6): (9595, 3), (10894, 3), (14632, 1), (15164, 4), (15412, 1), (17663, 1)
baknaffek (DF: 1): (14996, 1)
bakspejl (DF: 1): (10592, 1)
baksteen (DF: 1): (6184, 6)
baku (DF: 1): (5663, 1)
bakåfram (DF: 1): (2152, 1)
bal (DF: 41): (276, 1), (2967, 1), (3214, 1), (3351, 1), (4210, 2), (4445, 1), (4504, 1), (5574, 1), (5821, 2), (5826, 1), (5962, 1), (6872, 1), (7632, 1), (7863, 8), (7953, 1), (8505, 1), (8518, 1), (9362, 2), (10180, 1), (1098, 1), (11237, 1), (11558, 1), (12276, 1), (1259, 2), (13085, 1), (13337, 1), (13918, 1), (14087, 2), (14260, 2), (14550, 4), (14600, 1), (15169, 3), (15939, 4), (1631, 1), (16378, 1), (16528, 3), (16759, 2), (16998, 1), (17546, 1), (17668, 1), (18398, 2)
bala (DF: 32): (2631, 1), (2711, 1), (2735, 1), (2833, 1), (3353, 3), (3690, 3), (4016, 1), (5011, 4), (5606, 1), (5860, 4), (5959, 2), (6844, 2), (7270, 1), (7563, 1), (9368, 2), (9494, 2), (9637, 1), (9838, 1), (11200, 4), (11725, 1), (11979, 2), (12128, 4), (12348, 2), (13647, 1), (13717, 1), (16035, 2), (16738, 1), (17347, 1), (17564, 3), (17899, 6), (17917, 6), (1881, 1)
balac (DF: 1): (16998, 1)
balacer (DF: 5): (8478, 2), (14087, 1), (14260, 1), (15369, 1), (15673, 1)
balaclava (DF: 1): (2208, 1)
balad (DF: 3): (34, 1), (7922, 1), (9737, 4)
balada (DF: 3): (9860, 1), (11808, 1), (15562, 6)
baladeira (DF: 1): (3364, 1)
balahibo (DF: 1): (4815, 1)
balak (DF: 1): (11725, 1)
balaklava (DF: 1): (3984, 1)
balalaika (DF: 4): (8582, 1), (11788, 1), (13866, 1), (16262, 2)
balam (DF: 1): (3471, 4)
balanc (DF: 84): (1930, 1), (2462, 8), (2590, 2), (2667, 1), (2748, 1), (270, 1), (2891, 13), (2898, 5), (2971, 3), (3146, 2), (3208, 2), (345, 2), (3978, 1), (4308, 2), (4320, 1), (4614, 2), (4620, 3), (4764, 1), (469, 1), (4995, 3), (5360, 1), (5370, 1), (5667, 2), (5743, 1), (577, 1), (5876, 8), (5902, 1), (5984, 2), (6217, 1), (6458, 1), (6535, 1), (7062, 1), (7080, 2), (7178, 1), (7707, 1), (8155, 1), (825, 3), (8324, 1), (8554, 1), (8560, 2), (8740, 1), (9256, 1), (9331, 1), (9514, 1), (9536, 1), (9884, 1), (10154, 1), (1050, 1), (1079, 1), (1087, 2), (11303, 1), (11347, 1), (11707, 1), (11858, 1), (12125, 2), (1243, 2), (12213, 1), (12282, 2), (12631, 2), (12661, 1), (12736, 1), (12817, 1), (12998, 1), (13612, 1), (14283, 1), (14405, 1), (14516, 1), (14856, 1), (14985, 3), (15073, 1), (15365, 1), (15413, 1), (15545, 13), (15570, 3), (1657, 1), (16249, 1), (16318, 1), (16447, 1), (16538, 1), (16564, 1), (16701, 3), (1700, 1), (17755, 1), (18089, 1)
balancen (DF: 1): (8564, 6)
balancétout (DF: 1): (3909, 2)
balanz (DF: 4): (2316, 1), (4009, 1), (14012, 1), (16657, 1)
balanç (DF: 1): (17260, 3)
balança (DF: 5): (5143, 8), (5860, 13), (12779, 2), (14783, 2), (1881, 1)
balançando (DF: 1): (9812, 1)
balançar (DF: 3): (5143, 16), (12779, 4), (14783, 4)
balançou (DF: 3): (9812, 17), (11979, 6), (15605, 1)
balat (DF: 1): (4657, 1)
balaz (DF: 2): (8187, 1), (10407, 1)
balba (DF: 1): (10227, 1)
balbett (DF: 1): (11298, 2)
balboa (DF: 1): (4956, 2)
balcani (DF: 1): (10700, 1)
balchikham (DF: 1): (12323, 1)
balcon (DF: 12): (2488, 1), (5352, 1), (9342, 1), (9818, 1), (11324, 4), (12474, 1), (1296, 1), (13964, 1), (15424, 1), (15637, 1), (17237, 1), (17697, 1)
balconi (DF: 16): (3729, 1), (5117, 1), (5354, 1), (6350, 1), (6415, 1), (7178, 1), (8397, 1), (9263, 1), (10700, 1), (10733, 1), (11105, 1), (12666, 2), (12938, 2), (14433, 1), (14526, 1), (15223, 3)
