flessen (DF: 1): (18323, 1)
fletcher (DF: 8): (2307, 1), (3018, 1), (3990, 1), (11588, 1), (1325, 1), (13541, 1), (16375, 1), (17592, 1)
fletscht (DF: 1): (4318, 1)
flett (DF: 1): (15757, 8)
fleur (DF: 5): (6425, 2), (12042, 2), (13096, 1), (14114, 3), (17904, 2)
fleuri (DF: 1): (7128, 1)
flew (DF: 72): (2004, 1), (2320, 1), (2634, 1), (2935, 1), (3010, 1), (3164, 1), (3244, 1), (3266, 1), (3662, 1), (3776, 6), (4960, 1), (536, 3), (5416, 2), (5888, 2), (5909, 1), (6350, 1), (6374, 2), (6507, 1), (6550, 2), (6698, 1), (6876, 1), (6937, 1), (7267, 1), (782, 1), (8045, 1), (8288, 1), (8391, 1), (862, 2), (922, 1), (9054, 1), (10120, 3), (1036, 1), (10552, 1), (10845, 1), (11400, 1), (11907, 2), (12027, 1), (12068, 1), (12308, 1), (12859, 1), (13440, 1), (13488, 1), (13553, 1), (13846, 2), (13858, 1), (14032, 21), (14181, 1), (14255, 2), (14320, 1), (14804, 2), (14859, 1), (14885, 6), (1538, 2), (159, 1), (15323, 1), (15559, 6), (15684, 24), (15873, 1), (15874, 6), (16219, 1), (16350, 4), (16414, 2), (16477, 1), (16913, 1), (17027, 1), (17102, 1), (17178, 3), (17252, 1), (17318, 1), (179, 1), (17524, 1), (18327, 3)
flex (DF: 265): (1902, 1), (1975, 1), (2033, 1), (204, 1), (2093, 2), (2208, 1), (2221, 1), (2251, 1), (2377, 1), (2520, 2), (2651, 2), (2801, 2), (2878, 1), (2895, 1), (3055, 2), (3075, 1), (3144, 1), (337, 8), (3408, 2), (3427, 1), (3444, 1), (3466, 1), (3478, 1), (3590, 1), (3598, 1), (3601, 4), (3637, 2), (3903, 1), (4051, 2), (4062, 1), (4072, 1), (4121, 1), (4192, 2), (4256, 1), (4300, 6), (4410, 3), (4552, 1), (4594, 6), (4608, 1), (4661, 1), (4692, 1), (4720, 2), (4723, 1), (4811, 1), (477, 1), (4887, 1), (4950, 4), (4995, 3), (5008, 1), (5031, 2), (494, 3), (5200, 1), (5206, 1), (5214, 3), (5352, 1), (5357, 1), (5456, 2), (5493, 1), (547, 1), (5588, 1), (5627, 6), (562, 1), (5775, 1), (5827, 1), (5917, 2), (5937, 1), (598, 1), (606, 1), (6165, 8), (6280, 1), (6304, 1), (6485, 1), (6582, 1), (6600, 1), (658, 1), (661, 2), (6667, 1), (6810, 1), (6876, 2), (681, 1), (6935, 3), (6953, 1), (6961, 5), (7105, 1), (7247, 2), (7251, 8), (7261, 1), (7297, 1), (7411, 1), (7421, 2), (7520, 1), (7547, 1), (7554, 1), (7597, 2), (7720, 1), (778, 3), (7751, 2), (7754, 1), (7789, 2), (7983, 2), (7991, 1), (8007, 1), (8232, 1), (8233, 1), (8234, 2), (8238, 1), (829, 1), (8340, 1), (8519, 2), (8555, 1), (8564, 1), (8668, 4), (8678, 1), (8708, 2), (8795, 2), (8803, 8), (8830, 5), (8884, 1), (8987, 2), (9093, 1), (9140, 1), (9236, 1), (946, 2), (9356, 1), (9425, 1), (966, 1), (9457, 1), (9710, 2), (9795, 1), (9853, 1), (1007, 1), (9946, 1), (10016, 10), (10039, 2), (1030, 1), (10256, 1), (10274, 2), (109, 1), (10584, 1), (10612, 3), (10700, 3), (10758, 1), (10815, 1), (10966, 1), (1135, 1), (11200, 2), (1147, 1), (11241, 1), (11247, 1), (1152, 1), (11300, 8), (11368, 1), (1174, 1), (11483, 1), (11493, 1), (11536, 2), (11538, 1), (11563, 2), (11650, 1), (11719, 2), (11874, 2), (11900, 2), (11937, 6), (11949, 2), (12127, 3), (1263, 2), (12745, 1), (12752, 1), (12872, 1), (12873, 1), (1319, 1), (13085, 1), (13091, 1), (13231, 1), (13261, 1), (13280, 1), (13299, 4), (13314, 1), (13427, 5), (13432, 1), (13474, 1), (13476, 3), (13707, 1), (13783, 1), (13802, 1), (13961, 1), (13969, 1), (14054, 2), (14076, 1), (14093, 1), (14153, 4), (14218, 2), (14229, 1), (14295, 1), (14377, 1), (14415, 3), (14419, 1), (1485, 1), (14564, 2), (14766, 1), (14792, 1), (14826, 4), (14840, 2), (14877, 2), (14967, 2), (14970, 2), (14972, 2), (15016, 1), (15034, 2), (15061, 1), (15065, 1), (159, 1), (15161, 1), (15167, 1), (15207, 1), (15258, 5), (15332, 2), (15440, 1), (15458, 1), (1583, 1), (15675, 1), (15688, 1), (15757, 28), (1613, 1), (15867, 1), (15916, 1), (15922, 1), (16022, 1), (16085, 1), (16264, 2), (16290, 1), (16304, 2), (16350, 4), (16460, 2), (16499, 1), (16532, 1), (16581, 1), (16650, 1), (16679, 1), (16897, 1), (16963, 1), (17021, 2), (17076, 10), (17123, 1), (17133, 2), (17141, 1), (17237, 1), (17245, 6), (17255, 1), (17306, 1), (17318, 1), (17325, 6), (17351, 4), (17401, 1), (17496, 1), (17607, 3), (17683, 1), (17697, 1), (17841, 2), (17881, 1), (1825, 2), (18206, 2), (18385, 10), (5583, 1), (5584, 1)
flexbeutel (DF: 1): (15536, 1)
flexen (DF: 1): (17008, 1)
flexer (DF: 3): (10543, 1), (12603, 3), (15757, 1)
flexfit (DF: 2): (7411, 1), (7983, 1)
