candel (DF: 5): (16578, 3), (17064, 2), (17237, 1), (17390, 1), (17594, 1)
candela (DF: 9): (2210, 1), (5894, 1), (6009, 1), (6947, 1), (7583, 3), (8909, 2), (11631, 1), (12752, 2), (14792, 2)
candelight (DF: 2): (10960, 1), (13282, 1)
candelit (DF: 3): (364, 2), (16223, 1), (18222, 1)
candent (DF: 1): (46, 2)
candestin (DF: 1): (8171, 1)
candi (DF: 177): (1929, 1), (2143, 1), (2231, 1), (221, 2), (2278, 2), (2323, 3), (2442, 1), (2545, 6), (2655, 1), (2746, 1), (2822, 1), (2831, 1), (2855, 1), (2887, 2), (2899, 5), (3045, 1), (3152, 1), (3188, 4), (3244, 1), (3247, 2), (3329, 1), (346, 1), (3525, 2), (3594, 1), (382, 1), (3948, 1), (3963, 2), (405, 1), (4106, 1), (4170, 2), (4267, 2), (4431, 41), (4503, 1), (4580, 4), (449, 1), (4641, 1), (4645, 1), (4680, 6), (4707, 1), (4941, 1), (4942, 8), (5031, 8), (5041, 1), (490, 1), (5150, 1), (5170, 20), (5345, 1), (5401, 1), (5453, 1), (5531, 1), (5729, 1), (6127, 2), (612, 3), (6170, 1), (6258, 1), (6352, 1), (6470, 1), (6554, 1), (6652, 1), (6721, 1), (669, 1), (688, 1), (7137, 1), (7178, 1), (7445, 1), (7448, 1), (7459, 1), (7516, 2), (7860, 1), (802, 1), (7960, 1), (8083, 1), (8180, 1), (8209, 1), (8369, 2), (8547, 1), (8668, 4), (904, 7), (8929, 1), (9130, 1), (9147, 1), (9293, 1), (9363, 2), (9380, 4), (9520, 2), (9576, 2), (9710, 8), (9796, 1), (9849, 24), (101, 1), (10035, 5), (10144, 1), (10222, 2), (10306, 16), (10516, 17), (10623, 2), (10652, 3), (10672, 1), (10744, 2), (10798, 2), (10885, 1), (10929, 1), (11165, 1), (11327, 1), (11448, 1), (11470, 1), (11536, 2), (11624, 1), (11679, 1), (11770, 3), (11794, 1), (11805, 1), (11848, 1), (11942, 2), (12038, 1), (1226, 2), (12093, 1), (12108, 1), (1237, 3), (12171, 4), (12266, 1), (12373, 1), (12418, 2), (12514, 1), (12676, 12), (12966, 1), (13119, 4), (13261, 4), (13289, 2), (13448, 2), (13578, 1), (13669, 1), (13817, 5), (13844, 3), (13941, 16), (13969, 4), (14023, 2), (1430, 1), (14262, 2), (14531, 1), (14718, 1), (14805, 1), (14932, 1), (15110, 1), (15114, 4), (15251, 1), (15262, 1), (1566, 2), (15397, 3), (15502, 1), (15509, 3), (15649, 1), (15708, 8), (15961, 2), (15967, 1), (16068, 1), (16317, 1), (16476, 1), (16566, 2), (16771, 3), (16779, 1), (16785, 2), (16909, 2), (16924, 1), (17016, 1), (17346, 1), (17540, 1), (17611, 2), (17617, 2), (17635, 1), (17695, 1), (17811, 1), (17958, 1), (18038, 1), (18125, 3), (18266, 1), (18351, 1)
candid (DF: 12): (245, 1), (5055, 1), (514, 2), (7559, 1), (7642, 1), (10333, 1), (12401, 1), (1375, 8), (13863, 1), (14302, 1), (16064, 1), (1813, 1)
candidat (DF: 2): (628, 1), (18441, 1)
candl (DF: 128): (1941, 1), (1952, 2), (2048, 1), (2064, 1), (2121, 1), (2511, 2), (2562, 1), (257, 1), (3016, 1), (3081, 5), (3604, 1), (3741, 1), (3992, 3), (4006, 1), (4121, 1), (4446, 1), (4553, 4), (4955, 1), (4960, 1), (5130, 1), (5225, 1), (5302, 1), (5307, 1), (5318, 1), (5628, 1), (5701, 1), (5794, 1), (6071, 1), (6087, 1), (605, 1), (6193, 3), (6508, 1), (6602, 1), (6981, 2), (7133, 1), (7182, 1), (7312, 1), (7349, 1), (7473, 1), (7500, 1), (7561, 3), (7583, 3), (766, 2), (7681, 5), (8007, 1), (8008, 1), (8331, 1), (8356, 1), (8364, 1), (8434, 3), (8537, 3), (8557, 6), (8666, 1), (9267, 1), (9433, 2), (9452, 6), (9458, 4), (9717, 1), (9800, 11), (10002, 1), (10013, 1), (10066, 1), (10076, 1), (10084, 1), (10176, 1), (10281, 2), (106, 1), (10406, 1), (10413, 1), (10468, 1), (10482, 1), (10538, 1), (10574, 1), (10617, 3), (10628, 1), (10647, 1), (10714, 1), (10744, 2), (10836, 1), (10903, 4), (11334, 2), (11525, 4), (11548, 5), (11770, 3), (11804, 1), (11813, 3), (11910, 1), (11933, 1), (11959, 1), (11986, 1), (12495, 3), (12622, 2), (12791, 2), (1355, 1), (13510, 1), (13779, 1), (13875, 6), (14255, 2), (14256, 3), (14320, 1), (14569, 1), (14601, 1), (14905, 1), (15114, 1), (15394, 9), (1605, 3), (15711, 2), (1611, 1), (15812, 2), (1635, 2), (16562, 1), (16906, 1), (17201, 1), (17216, 3), (17349, 1), (17526, 2), (17548, 1), (17646, 1), (17730, 1), (17781, 3), (17791, 2), (17874, 1), (18026, 2), (18033, 2), (1832, 1), (18116, 1), (18175, 1), (188, 4)
candlelight (DF: 24): (208, 1), (2974, 3), (3598, 1), (527, 1), (5984, 1), (6060, 1), (6571, 1), (6613, 1), (734, 2), (7998, 1), (8152, 10), (8159, 1), (8661, 2), (8694, 1), (9890, 3), (10713, 1), (11001, 1), (11193, 3), (12269, 1), (12507, 1), (12601, 1), (13083, 1), (13287, 1), (14032, 1)
