chillout (DF: 27): (13760, 1), (1401, 1), (1460, 1), (150, 1), (14562, 1), (14595, 1), (1496, 1), (14828, 1), (15346, 1), (15508, 1), (15783, 1), (15925, 1), (16131, 1), (16207, 1), (16224, 1), (16351, 2), (16672, 1), (16852, 1), (17441, 1), (17456, 1), (17612, 1), (17795, 1), (18084, 1), (1832, 1), (18113, 1), (35, 1), (37, 1)
chillt (DF: 3): (2170, 1), (1077, 1), (14254, 1)
chillwagon (DF: 5): (4405, 30), (4859, 1), (7836, 4), (13591, 7), (17210, 1)
chillwagona (DF: 1): (7836, 1)
chillwagonem (DF: 1): (13591, 2)
chillwagoni (DF: 1): (4859, 1)
chillwagonowni (DF: 1): (4405, 1)
chillwagonu (DF: 1): (13591, 6)
chilo (DF: 1): (8128, 1)
chilometr (DF: 1): (1818, 1)
chilwagon (DF: 1): (9695, 1)
chim (DF: 2): (13925, 6), (17089, 1)
chimb (DF: 6): (1932, 12), (5358, 4), (1682, 1), (16820, 1), (16968, 4), (18187, 3)
chimba (DF: 1): (13305, 1)
chime (DF: 7): (3406, 1), (376, 2), (4272, 1), (11639, 1), (15526, 1), (15585, 1), (16733, 4)
chimene (DF: 1): (8994, 1)
chimera (DF: 1): (8748, 2)
chimic (DF: 1): (8054, 1)
chimini (DF: 1): (13925, 2)
chimney (DF: 22): (357, 1), (3993, 3), (4185, 4), (4190, 1), (4459, 2), (5065, 1), (5223, 1), (6969, 1), (749, 1), (10116, 1), (10172, 1), (10325, 1), (10484, 4), (1187, 1), (13291, 7), (1491, 1), (14718, 1), (14859, 2), (16116, 1), (16149, 4), (16411, 1), (1747, 1)
chimp (DF: 3): (3037, 1), (3170, 1), (15315, 2)
chimpanze (DF: 6): (11534, 1), (11714, 1), (13254, 1), (13331, 1), (14634, 1), (15212, 1)
chin (DF: 96): (2277, 3), (2399, 3), (2607, 1), (2660, 1), (2785, 3), (3093, 1), (3110, 1), (3183, 1), (3487, 1), (3581, 1), (3619, 6), (3666, 1), (3938, 1), (394, 2), (4032, 1), (4165, 1), (4201, 3), (4218, 3), (4250, 1), (4282, 2), (4308, 1), (4374, 1), (4532, 1), (4560, 1), (4570, 1), (4651, 1), (4908, 5), (4912, 1), (5547, 1), (5766, 2), (6274, 2), (6467, 3), (6961, 1), (6994, 1), (6999, 2), (724, 1), (7426, 5), (7820, 1), (7829, 1), (8170, 1), (8175, 2), (8416, 1), (8733, 2), (920, 1), (9532, 1), (9787, 2), (9792, 1), (9993, 1), (9995, 1), (10087, 12), (10573, 1), (10774, 1), (10785, 1), (1124, 1), (11053, 1), (11117, 1), (11317, 1), (11350, 1), (11360, 1), (11724, 1), (11786, 15), (12104, 1), (12396, 1), (12739, 1), (12984, 1), (13212, 3), (13233, 3), (13472, 1), (13694, 3), (13936, 6), (13986, 3), (14087, 1), (14107, 24), (14196, 3), (14428, 1), (14653, 1), (14697, 1), (1515, 1), (1555, 1), (15204, 3), (15208, 1), (15224, 1), (15847, 2), (15884, 1), (1631, 1), (15993, 3), (16004, 1), (16197, 1), (17097, 2), (17740, 2), (17773, 1), (17917, 1), (18169, 2), (18220, 1), (18359, 1), (6466, 2)
china (DF: 35): (2396, 1), (2851, 17), (2943, 1), (3838, 1), (3840, 1), (4256, 1), (5121, 2), (5172, 1), (570, 1), (6149, 6), (6599, 2), (6835, 1), (7650, 1), (7697, 2), (8311, 1), (899, 1), (941, 1), (9507, 2), (9787, 2), (10648, 8), (11886, 5), (11950, 1), (12379, 1), (13448, 2), (14524, 1), (1538, 1), (15667, 4), (16693, 1), (1715, 1), (16909, 2), (17139, 28), (17191, 1), (17421, 1), (17740, 1), (18018, 1)
chinah (DF: 1): (7729, 1)
chinatown (DF: 3): (2072, 1), (7741, 15), (13085, 1)
chinbon (DF: 1): (7696, 1)
chinchet (DF: 1): (14481, 2)
chinchil (DF: 1): (13055, 1)
chinchilla (DF: 15): (1904, 1), (4315, 1), (6114, 1), (6613, 1), (8756, 1), (10269, 2), (11373, 2), (12396, 1), (12851, 1), (13140, 1), (13315, 1), (14262, 2), (14316, 1), (15048, 2), (1635, 1)
chinchorr (DF: 1): (13935, 1)
chinchorre (DF: 2): (8149, 1), (9040, 2)
chine (DF: 1): (13611, 1)
chines (DF: 22): (1968, 1), (2923, 1), (3541, 1), (3795, 1), (5059, 1), (5121, 2), (5537, 1), (6013, 1), (6135, 1), (6312, 1), (7992, 1), (8156, 2), (8373, 3), (8500, 1), (10303, 1), (12464, 3), (12602, 1), (13208, 1), (137, 1), (14028, 1), (15340, 1), (17002, 1)
chinezinho (DF: 1): (11808, 1)
ching (DF: 33): (2143, 2), (2322, 8), (2336, 2), (2877, 3), (3383, 1), (3569, 1), (3913, 1), (4069, 1), (413, 2), (4246, 5), (4356, 52), (4410, 1), (4532, 6), (4619, 2), (4627, 12), (5352, 2), (5473, 2), (5578, 16), (5647, 1), (5840, 1), (6509, 1), (6808, 2), (737, 1), (7508, 2), (789, 2), (8039, 1), (8255, 1), (8580, 2), (8722, 4), (8838, 2), (8931, 1), (8945, 2), (9060, 1)
