ahhhh (DF: 15): (4012, 1), (5680, 1), (6411, 1), (6839, 4), (6977, 2), (7371, 4), (7844, 2), (8075, 1), (8383, 1), (11644, 2), (12385, 1), (12428, 1), (14565, 6), (17066, 1), (17993, 1)
ahhhhehhhohhhh (DF: 1): (14642, 1)
ahhhhh (DF: 8): (2531, 2), (3203, 2), (9278, 2), (12034, 1), (12341, 1), (14642, 1), (16055, 2), (16518, 1)
ahhhhhh (DF: 3): (6411, 1), (7583, 2), (14642, 1)
ahhhhhhh (DF: 2): (4404, 1), (14399, 1)
ahhhhhhhehhhh (DF: 1): (14642, 1)
ahhhhhhhh (DF: 1): (12002, 3)
ahhhhhhhhh (DF: 2): (2235, 1), (14399, 1)
ahhigh (DF: 1): (9762, 1)
ahi (DF: 227): (1907, 2), (1953, 14), (2027, 2), (2034, 2), (2090, 1), (2108, 2), (2183, 1), (2342, 2), (2354, 1), (227, 1), (2429, 1), (2498, 6), (2642, 2), (2662, 1), (2898, 5), (3078, 1), (3080, 2), (3226, 1), (3580, 2), (3631, 1), (3665, 3), (364, 8), (3881, 6), (3903, 1), (3916, 2), (4034, 1), (403, 1), (412, 12), (4193, 2), (4219, 1), (4258, 1), (4352, 1), (4361, 1), (4386, 3), (4416, 1), (4507, 4), (4532, 1), (4550, 1), (4633, 4), (4702, 1), (4704, 1), (4799, 1), (476, 2), (480, 1), (5017, 8), (5040, 2), (5116, 30), (5358, 2), (5363, 1), (5541, 1), (5621, 8), (5696, 2), (5713, 1), (5991, 11), (6001, 1), (6057, 1), (6079, 2), (6138, 1), (6207, 1), (6239, 3), (6248, 1), (6249, 1), (6326, 3), (6379, 1), (6422, 6), (6432, 2), (6438, 3), (6450, 1), (6532, 1), (6588, 6), (6928, 2), (7042, 1), (7068, 1), (7104, 2), (7239, 2), (7457, 3), (7501, 1), (7508, 2), (7555, 6), (7935, 1), (7942, 7), (7948, 3), (7993, 2), (8047, 2), (8116, 1), (8149, 7), (836, 1), (8454, 1), (8569, 2), (8606, 2), (897, 2), (8923, 2), (9012, 6), (9040, 2), (9074, 2), (9206, 1), (9225, 1), (9383, 4), (9428, 6), (9431, 1), (9473, 1), (9516, 1), (9532, 1), (9641, 2), (9719, 2), (9762, 1), (9792, 1), (9845, 1), (1022, 1), (10380, 24), (10385, 2), (10407, 1), (10452, 1), (10467, 2), (10490, 2), (10573, 2), (10612, 3), (10625, 1), (10635, 1), (10670, 1), (10728, 2), (10898, 1), (10982, 9), (11000, 4), (11005, 2), (11081, 1), (11303, 1), (11437, 1), (11533, 1), (11535, 4), (11558, 1), (11635, 45), (11638, 1), (11643, 1), (11741, 1), (1213, 16), (11978, 1), (12167, 6), (12191, 3), (12307, 1), (12397, 1), (12599, 8), (12608, 2), (12623, 2), (12804, 1), (1307, 6), (12984, 1), (13023, 6), (13034, 1), (13188, 1), (13197, 1), (13369, 8), (13572, 55), (13576, 1), (13793, 2), (13799, 2), (13832, 11), (13971, 2), (13985, 1), (14011, 4), (14063, 6), (14087, 2), (14136, 1), (14143, 6), (14187, 2), (14222, 1), (14247, 1), (14260, 1), (14280, 1), (1461, 1), (14360, 6), (1474, 2), (1476, 2), (1478, 1), (14561, 2), (14579, 3), (14704, 2), (1501, 1), (14743, 1), (1519, 2), (14973, 4), (15024, 1), (15219, 2), (1577, 13), (15498, 4), (15622, 1), (15732, 2), (15889, 2), (1631, 1), (16079, 1), (16143, 2), (16148, 5), (16223, 4), (16295, 10), (16373, 1), (16377, 1), (1677, 1), (16475, 2), (1686, 1), (16648, 26), (16663, 2), (16678, 1), (16787, 4), (16905, 2), (16921, 1), (17202, 1), (17279, 6), (17368, 3), (17390, 2), (17407, 6), (1778, 2), (17625, 6), (17660, 4), (17673, 2), (17706, 2), (17747, 3), (17965, 1), (17972, 1), (18047, 2), (18050, 32), (18145, 1), (18298, 5), (18375, 2), (18407, 2), (18427, 1), (18445, 1), (1309, 3)
ahich (DF: 2): (11814, 3), (12841, 3)
ahiln (DF: 1): (8977, 4)
ahimagin (DF: 1): (6911, 1)
ahinc (DF: 1): (16820, 1)
ahis (DF: 1): (11635, 1)
ahit (DF: 1): (15941, 1)
ahizzead (DF: 2): (6114, 1), (11373, 2)
ahk (DF: 3): (494, 1), (12064, 2), (17987, 1)
ahki (DF: 1): (808, 1)
ahkrieg (DF: 1): (15766, 1)
ahlen (DF: 1): (13321, 6)
ahm (DF: 2): (4729, 1), (15143, 1)
ahmadinejad (DF: 1): (14135, 1)
ahmagh (DF: 1): (15536, 1)
ahmed (DF: 1): (15458, 1)
ahmm (DF: 1): (15598, 1)
ahn (DF: 27): (213, 5), (2539, 1), (2651, 42), (2680, 1), (3215, 19), (3467, 1), (3838, 2), (4016, 1), (5271, 1), (5959, 9), (6844, 3), (7912, 4), (8113, 12), (8574, 2), (8938, 1), (9087, 2), (9812, 6), (1072, 19), (12128, 9), (13078, 1), (13647, 1), (1415, 2), (14254, 1), (15322, 12), (17899, 1), (18166, 2), (1881, 8)
ahneln (DF: 1): (15766, 1)
ahnelt (DF: 2): (493, 1), (8670, 1)
ahnenstamm (DF: 2): (5691, 1), (6620, 1)
ahnlich (DF: 2): (16811, 1), (18223, 1)
ahnn (DF: 1): (9336, 8)
ahnt (DF: 1): (13093, 1)
ahnung (DF: 3): (4998, 1), (8670, 2), (14659, 2)
