lover (DF: 176): (13871, 1), (13884, 35), (13924, 3), (1418, 2), (13939, 1), (13958, 1), (1429, 1), (1431, 1), (14072, 1), (14075, 2), (14080, 1), (14173, 2), (14188, 1), (14202, 3), (14284, 1), (14402, 3), (14421, 4), (14422, 1), (14430, 1), (1477, 1), (14504, 2), (14553, 1), (14569, 1), (14605, 2), (14656, 3), (14733, 7), (14750, 1), (14756, 3), (1504, 1), (14784, 5), (14790, 1), (14826, 2), (14829, 3), (14890, 1), (14929, 1), (1528, 8), (14965, 1), (1535, 8), (15019, 1), (15034, 3), (15055, 2), (1544, 2), (15080, 1), (15100, 1), (1551, 10), (15134, 1), (15242, 2), (15252, 1), (15262, 5), (15273, 1), (15280, 1), (15288, 4), (15345, 2), (15363, 2), (15374, 2), (15405, 1), (15410, 4), (15436, 1), (15441, 1), (15481, 3), (15507, 3), (15535, 1), (15556, 11), (15658, 1), (15734, 1), (15758, 5), (15759, 1), (15774, 2), (15781, 6), (15826, 2), (15845, 1), (15854, 4), (15862, 28), (15876, 8), (15882, 3), (15892, 1), (15908, 6), (15962, 1), (15963, 2), (15996, 1), (16041, 4), (16057, 1), (16152, 2), (16174, 4), (16198, 1), (16222, 21), (16296, 1), (1663, 1), (16369, 1), (16375, 1), (16423, 1), (16486, 1), (16538, 6), (16548, 4), (16614, 1), (16694, 1), (16789, 1), (16827, 9), (16837, 1), (16859, 22), (16866, 2), (16911, 1), (16917, 1), (16953, 1), (16964, 1), (16980, 2), (1733, 1), (17145, 1), (17160, 2), (17163, 3), (17205, 1), (17310, 1), (17384, 1), (17423, 1), (1772, 9), (17503, 6), (17527, 1), (17553, 3), (17616, 8), (17620, 2), (17653, 9), (17723, 1), (17752, 2), (17755, 2), (17835, 1), (17856, 2), (17860, 1), (17874, 3), (17878, 2), (17880, 2), (1807, 5), (17919, 1), (17935, 1), (17943, 1), (18020, 3), (18037, 2), (18071, 5), (18083, 1), (18144, 5), (18174, 18), (1836, 1), (18193, 4), (18263, 2), (18272, 3), (18349, 3), (18382, 1), (18411, 1), (18419, 2), (18433, 1), (1865, 3), (1868, 1), (189, 1), (2385, 1), (2388, 1), (2730, 1), (2731, 4), (2741, 5), (2742, 9), (5275, 2), (5277, 1), (6854, 1), (6856, 33), (7, 6), (8, 4), (7823, 1), (7824, 11), (8655, 1), (8657, 1), (9238, 18), (9240, 1), (9481, 5), (9484, 1), (16627, 1), (16628, 1), (17637, 3), (17639, 2)
loverboy (DF: 5): (7277, 1), (916, 1), (1258, 5), (15656, 5), (1759, 1)
lovergirl (DF: 1): (2490, 13)
loverman (DF: 2): (11844, 25), (15970, 20)
loversland (DF: 1): (1898, 1)
loveseat (DF: 1): (13254, 1)
lovesick (DF: 12): (5064, 9), (5487, 1), (8395, 1), (11432, 1), (12090, 1), (12467, 2), (13372, 35), (13818, 1), (15261, 6), (16165, 1), (17242, 3), (1836, 9)
lovesong (DF: 5): (2141, 1), (6058, 1), (8718, 1), (13898, 1), (17564, 1)
lovesound (DF: 2): (10836, 1), (14213, 1)
loveston (DF: 1): (14213, 1)
lovestruck (DF: 2): (5538, 2), (12083, 4)
lovetap (DF: 1): (14698, 1)
lovett (DF: 1): (6988, 1)
lovey (DF: 6): (2868, 12), (6490, 1), (7333, 12), (9063, 1), (15276, 1), (16061, 2)
lovin (DF: 136): (1884, 1), (1922, 1), (1957, 4), (1964, 1), (209, 1), (2157, 2), (2283, 42), (2294, 2), (2301, 2), (2307, 1), (2320, 1), (2321, 4), (2322, 1), (2519, 1), (2541, 2), (257, 1), (2741, 1), (2842, 10), (2868, 4), (2884, 1), (2892, 1), (277, 1), (278, 2), (2965, 4), (3002, 1), (3009, 2), (3010, 2), (3277, 1), (3286, 2), (3362, 1), (3382, 4), (3413, 3), (3520, 2), (3593, 1), (3601, 2), (3604, 1), (3702, 3), (3706, 2), (3707, 2), (3740, 1), (3800, 1), (3807, 2), (3947, 1), (3999, 1), (33, 4), (4051, 1), (4055, 2), (4242, 2), (4489, 2), (4553, 9), (4689, 7), (4720, 1), (4733, 1), (4771, 2), (4808, 1), (4824, 8), (4828, 2), (4863, 1), (4897, 1), (4901, 1), (4933, 1), (4941, 1), (4993, 3), (4995, 3), (5169, 8), (5174, 1), (5176, 1), (510, 2), (5222, 3), (5277, 1), (5309, 1), (5435, 4), (5440, 1), (5507, 1), (5708, 3), (5736, 1), (5748, 1), (5758, 2), (5783, 1), (5998, 3), (6006, 4), (6024, 1), (6096, 1), (6166, 1), (6185, 3), (6217, 1), (6315, 1), (6345, 2), (6369, 2), (6402, 20), (6587, 1), (6738, 2), (6777, 1), (6864, 2), (6929, 2), (6937, 1), (6980, 1), (7045, 1), (7063, 1), (7066, 1), (7113, 1), (7131, 1), (703, 4), (7333, 4), (7342, 6), (7436, 1), (7591, 2), (7625, 2), (772, 4), (7645, 1), (7687, 2), (7708, 1), (7753, 1), (7825, 9), (7859, 28), (7914, 1), (7955, 2), (7994, 1), (809, 4), (8119, 3), (8290, 2), (8356, 1), (8388, 1), (8394, 1), (8442, 1), (859, 8), (8519, 2), (8578, 2), (8641, 2), (8693, 1), (8708, 1), (8771, 2), (8780, 2), (8829, 1), (8871, 3), (8935, 1)
