pijam (DF: 2): (14, 1), (16787, 1)
pijana (DF: 1): (9162, 1)
pijani (DF: 4): (6007, 1), (7836, 1), (1197, 1), (18094, 3)
pijanica (DF: 1): (5890, 1)
pije (DF: 4): (1918, 1), (250, 1), (7836, 1), (17071, 1)
pijemi (DF: 1): (6007, 1)
pijn (DF: 1): (4665, 1)
pik (DF: 3): (6184, 2), (661, 1), (7836, 1)
pika (DF: 1): (7563, 1)
pikachu (DF: 8): (4582, 2), (5173, 1), (711, 1), (9276, 2), (9933, 2), (115, 2), (12264, 1), (12777, 1)
pike (DF: 1): (1243, 1)
piken (DF: 2): (6126, 4), (9049, 8)
piker (DF: 1): (16108, 1)
piket (DF: 8): (2309, 1), (7068, 1), (7495, 1), (8149, 2), (8353, 2), (10781, 1), (1474, 2), (15157, 1)
pikin (DF: 1): (13568, 2)
pikit (DF: 1): (8335, 1)
piky (DF: 1): (10781, 1)
pil (DF: 20): (2183, 1), (2309, 1), (229, 1), (2662, 1), (3316, 2), (3723, 1), (4186, 2), (4651, 6), (7019, 1), (9252, 1), (9302, 1), (9534, 1), (9972, 1), (11235, 2), (12042, 1), (13930, 1), (14082, 1), (14379, 3), (1631, 2), (17566, 2)
pila (DF: 3): (299, 1), (6804, 1), (11685, 2)
pilar (DF: 3): (4167, 1), (7780, 1), (9872, 1)
pilat (DF: 3): (650, 1), (8531, 1), (14935, 1)
pildorit (DF: 1): (46, 1)
pile (DF: 56): (2145, 1), (3179, 2), (3320, 1), (339, 1), (4090, 1), (4490, 1), (4680, 1), (4874, 4), (4910, 1), (5030, 1), (5082, 1), (5576, 2), (5934, 2), (6141, 1), (6230, 3), (6728, 1), (7721, 1), (7875, 1), (8107, 2), (8230, 1), (8494, 1), (8774, 2), (9054, 1), (9325, 1), (10008, 1), (10147, 9), (10288, 1), (10571, 2), (11050, 1), (11058, 1), (1135, 1), (11099, 1), (11225, 2), (11380, 1), (11594, 1), (12344, 2), (13011, 1), (13082, 1), (13104, 1), (13223, 1), (13235, 6), (13746, 2), (14459, 1), (14840, 2), (14974, 1), (15492, 1), (16098, 3), (16238, 1), (16460, 1), (16632, 1), (16667, 1), (16693, 1), (16986, 1), (17559, 2), (17902, 1), (18331, 3)
piledriv (DF: 2): (7242, 2), (9852, 4)
pilers (DF: 2): (364, 2), (16223, 1)
pilet (DF: 1): (2662, 4)
pilf (DF: 1): (8156, 32)
pilgrim (DF: 10): (2177, 1), (2798, 1), (490, 1), (6695, 1), (7897, 1), (12310, 1), (14269, 1), (16200, 1), (17128, 1), (17502, 1)
pilgrimag (DF: 3): (2912, 1), (16835, 1), (16856, 1)
pilha (DF: 2): (2711, 2), (6270, 1)
pili (DF: 2): (14869, 1), (15912, 1)
pilin (DF: 6): (3216, 1), (7752, 1), (9290, 1), (10616, 3), (13231, 1), (18062, 1)
pilipinong (DF: 1): (14250, 1)
pilit (DF: 1): (4910, 1)
pill (DF: 177): (1908, 3), (1932, 2), (1958, 1), (1963, 1), (2005, 3), (2026, 1), (2063, 1), (2100, 1), (2160, 1), (2251, 1), (2291, 1), (2397, 2), (2545, 4), (2641, 3), (2656, 1), (2697, 1), (2864, 1), (2967, 1), (2999, 1), (3093, 10), (3104, 2), (3148, 1), (3163, 2), (310, 1), (3272, 1), (3312, 1), (3356, 1), (3521, 1), (3624, 1), (3652, 1), (364, 2), (3727, 3), (3759, 1), (3770, 4), (3813, 1), (3900, 1), (4034, 2), (4054, 2), (4066, 1), (4091, 1), (407, 1), (4196, 1), (4282, 1), (4345, 2), (4361, 1), (4433, 2), (4493, 3), (4523, 1), (4559, 2), (4569, 2), (450, 2), (4709, 1), (469, 1), (4905, 2), (4909, 19), (4999, 3), (5066, 1), (5091, 1), (5106, 3), (5124, 1), (5325, 2), (5334, 1), (529, 3), (5345, 1), (5349, 1), (5418, 3), (5426, 1), (5456, 4), (5467, 2), (5518, 1), (5529, 1), (5598, 2), (5674, 1), (5743, 1), (5862, 1), (5876, 4), (582, 2), (5912, 1), (5915, 1), (6001, 2), (6025, 1), (6090, 4), (6151, 1), (6273, 1), (6527, 1), (6563, 1), (6667, 1), (661, 1), (6814, 3), (6994, 1), (691, 1), (7057, 1), (7070, 1), (7082, 19), (7177, 1), (7239, 2), (7269, 1), (7302, 1), (7464, 1), (7492, 1), (7593, 1), (7764, 1), (7903, 3), (7925, 1), (8022, 1), (8036, 1), (8046, 4), (8091, 2), (8101, 1), (825, 3), (8373, 3), (8406, 4), (8455, 1), (8478, 2), (8493, 1), (8508, 1), (8524, 4), (8530, 3), (868, 1), (8577, 9), (8615, 1), (8666, 1), (8748, 1), (895, 1), (8779, 2), (8938, 1), (8987, 2), (9050, 2), (9109, 1), (9173, 6), (938, 1), (9211, 1), (9268, 1), (952, 1), (9432, 1), (9493, 1), (9507, 1), (9549, 1), (9554, 3), (9603, 5), (9632, 1), (9682, 1), (9685, 1), (9709, 1), (9785, 1), (1004, 19), (9878, 1), (9960, 20), (10137, 1), (10195, 16), (10222, 1), (10393, 38), (10418, 2), (10456, 2), (1068, 3), (10513, 1), (10538, 7), (10558, 1), (10652, 3), (1084, 1), (10838, 2), (10893, 1), (10899, 2), (10952, 6), (10966, 1), (11023, 1), (1135, 1), (11232, 1), (11287, 1), (11404, 2), (11416, 1), (11468, 6), (11495, 2), (11533, 2), (11663, 1), (11672, 2), (11881, 1)
