piper (DF: 4): (1710, 1), (17419, 2), (17683, 1), (18309, 1)
piperlin (DF: 1): (14837, 1)
pipi (DF: 1): (9410, 1)
pipigilan (DF: 1): (1489, 6)
pipin (DF: 1): (2964, 2)
pipki (DF: 1): (14869, 1)
pipoca (DF: 1): (12677, 1)
pipp (DF: 2): (2567, 1), (5786, 1)
pippen (DF: 14): (2255, 1), (2624, 1), (3510, 2), (3879, 1), (6102, 1), (7497, 1), (13395, 1), (13435, 1), (13448, 6), (14223, 1), (16070, 3), (16870, 1), (16909, 6), (17993, 1)
pippi (DF: 1): (9742, 1)
piqu (DF: 29): (2539, 1), (3313, 1), (4909, 2), (5363, 1), (6397, 1), (6983, 1), (7082, 2), (7211, 1), (7270, 1), (724, 1), (7380, 2), (8574, 1), (891, 3), (9246, 1), (9737, 6), (1004, 2), (10393, 4), (11132, 1), (11200, 4), (1183, 2), (12723, 3), (13650, 1), (16013, 2), (1659, 1), (16798, 3), (16801, 2), (16979, 1), (17226, 1), (1826, 3)
piquent (DF: 1): (6425, 1)
piquet (DF: 35): (2108, 1), (3881, 1), (4193, 4), (444, 2), (4704, 1), (4729, 3), (5547, 1), (567, 3), (6326, 1), (6889, 1), (6909, 1), (7068, 1), (711, 1), (7989, 1), (8188, 4), (8352, 10), (9792, 2), (9845, 1), (10322, 2), (10780, 1), (10781, 1), (10838, 2), (11968, 1), (12833, 1), (13107, 1), (13209, 1), (14011, 2), (15143, 3), (15157, 4), (15224, 4), (15598, 1), (16845, 1), (17390, 1), (17625, 2), (1803, 4)
piquetu (DF: 3): (7495, 3), (11113, 1), (15157, 1)
piqui (DF: 1): (18000, 1)
piquit (DF: 1): (7016, 2)
pir (DF: 3): (2739, 1), (5166, 1), (15456, 1)
pira (DF: 2): (3471, 1), (8113, 1)
piramid (DF: 1): (3717, 1)
piranh (DF: 1): (15912, 1)
piranha (DF: 15): (2084, 1), (2771, 1), (3364, 1), (4675, 1), (4874, 1), (6767, 1), (6850, 1), (10593, 1), (11835, 2), (13296, 1), (13440, 1), (14789, 1), (15168, 1), (18027, 4), (18166, 1)
pirat (DF: 32): (2261, 1), (3741, 1), (3949, 3), (4425, 1), (4895, 2), (5622, 1), (6139, 4), (6558, 2), (6630, 2), (6808, 1), (7430, 1), (81, 1), (8825, 1), (1022, 1), (10625, 1), (10758, 1), (11130, 1), (11231, 1), (1211, 1), (11950, 1), (1366, 7), (13610, 1), (13985, 1), (14412, 1), (14502, 1), (14543, 1), (16232, 1), (16905, 2), (16957, 1), (17430, 6), (17514, 1), (17673, 1)
pirata (DF: 1): (16353, 5)
piratem (DF: 1): (16366, 1)
piraton (DF: 1): (1022, 2)
pirañ (DF: 2): (8518, 1), (9431, 1)
pire (DF: 1): (11380, 1)
pirelli (DF: 4): (1972, 2), (7611, 1), (10567, 1), (10966, 1)
piri (DF: 1): (10513, 12)
pirinthaai (DF: 1): (3471, 1)
piripaqu (DF: 1): (6983, 1)
pirithidum (DF: 1): (3471, 1)
pirivaai (DF: 1): (3471, 1)
pirob (DF: 2): (7948, 1), (17285, 1)
piroca (DF: 1): (5011, 1)
pirop (DF: 2): (12055, 2), (14011, 4)
pirouett (DF: 3): (2935, 1), (6702, 2), (16219, 1)
pirrelli (DF: 1): (12835, 1)
piru (DF: 5): (446, 2), (4941, 3), (6352, 1), (10885, 1), (1491, 1)
pirueta (DF: 1): (12677, 1)
pirulito (DF: 1): (8363, 1)
pirus (DF: 3): (2923, 1), (6220, 1), (12850, 1)
piryo (DF: 1): (2817, 1)
pis (DF: 80): (2098, 1), (2739, 1), (276, 1), (2967, 2), (2972, 3), (3070, 2), (3226, 6), (3351, 1), (3459, 5), (3587, 2), (3881, 1), (4032, 6), (4081, 1), (4180, 2), (4285, 12), (4430, 1), (4504, 1), (4515, 1), (4671, 2), (4908, 2), (5358, 1), (5512, 1), (5852, 1), (5990, 1), (6079, 2), (7205, 3), (7254, 1), (7572, 2), (7604, 1), (7948, 1), (8187, 1), (8205, 1), (8418, 1), (8466, 1), (8518, 2), (8606, 8), (8805, 15), (8902, 1), (9387, 88), (9568, 1), (9797, 2), (10233, 6), (10285, 1), (10625, 1), (10838, 2), (11280, 1), (11433, 4), (11866, 10), (11978, 1), (12350, 1), (12656, 1), (12730, 2), (13389, 1), (14209, 1), (14247, 1), (14322, 1), (1474, 2), (14437, 1), (14444, 4), (14512, 2), (14627, 1), (14863, 1), (15098, 2), (15186, 4), (15330, 5), (15637, 1), (15653, 1), (1631, 1), (16022, 1), (16034, 2), (16106, 1), (16378, 1), (173, 2), (16439, 1), (16802, 1), (17368, 1), (17522, 1), (17735, 6), (17847, 1), (18046, 4)
pisa (DF: 7): (6678, 1), (10020, 1), (1197, 1), (13474, 1), (14513, 1), (15814, 1), (16726, 4)
pisada (DF: 1): (17325, 1)
pisak (DF: 1): (10756, 1)
pisali (DF: 1): (6007, 1)
pisant (DF: 1): (3353, 1)
pisar (DF: 2): (6804, 3), (8989, 1)
pisc (DF: 4): (3316, 2), (4611, 1), (15159, 4), (17938, 1)
pisca (DF: 1): (3353, 1)
piscada (DF: 1): (9812, 1)
piscin (DF: 13): (4186, 2), (6111, 1), (8699, 1), (8936, 1), (9534, 1), (13985, 1), (14405, 1), (15330, 1), (16898, 7), (16905, 2), (17237, 1), (17403, 1), (17965, 1)
