magic (DF: 346): (235, 1), (2450, 1), (2515, 1), (2547, 1), (2561, 1), (2563, 1), (2565, 12), (2596, 2), (2664, 1), (2765, 1), (2790, 1), (2825, 1), (2879, 9), (277, 1), (2898, 5), (3019, 1), (3130, 1), (3149, 8), (3152, 1), (3205, 4), (3229, 2), (3291, 1), (3758, 2), (3762, 1), (3794, 3), (3, 1), (3854, 13), (382, 1), (4006, 5), (4085, 8), (4169, 5), (4173, 1), (4247, 2), (4253, 26), (4310, 1), (4337, 2), (4404, 1), (4479, 1), (4500, 2), (4648, 1), (4663, 2), (4805, 3), (472, 1), (4894, 10), (4915, 7), (5083, 2), (510, 1), (5206, 1), (513, 1), (5226, 1), (5244, 1), (5329, 1), (5356, 1), (5383, 1), (5463, 1), (5479, 1), (5507, 1), (5533, 1), (5564, 1), (5602, 1), (5693, 2), (5797, 6), (5867, 1), (6096, 1), (6151, 1), (619, 1), (6255, 2), (6265, 1), (6278, 3), (6282, 1), (6305, 1), (6307, 2), (6336, 2), (6379, 3), (6447, 1), (645, 1), (6535, 2), (6643, 1), (6652, 1), (6656, 1), (6725, 1), (6767, 1), (6837, 1), (6854, 1), (6964, 5), (7121, 1), (7159, 2), (7271, 1), (7280, 1), (729, 2), (7341, 1), (734, 2), (7370, 2), (7394, 1), (7440, 2), (7596, 1), (7612, 10), (72, 1), (7725, 5), (7781, 2), (7924, 1), (7934, 1), (8037, 8), (8087, 1), (8103, 1), (8132, 1), (8171, 1), (8316, 1), (8325, 1), (8362, 6), (8408, 3), (8420, 2), (8536, 1), (864, 1), (8550, 2), (8554, 1), (8582, 5), (8627, 1), (8634, 2), (8693, 1), (8707, 1), (889, 2), (8810, 2), (904, 1), (8839, 2), (8882, 3), (8893, 3), (8920, 2), (8928, 2), (8957, 3), (8967, 5), (9057, 1), (9060, 6), (926, 8), (9097, 1), (9210, 1), (9216, 1), (9262, 1), (9332, 1), (9349, 1), (959, 1), (9388, 2), (964, 1), (9394, 1), (9404, 1), (9467, 8), (9582, 2), (9589, 1), (9619, 1), (9628, 3), (9632, 1), (9713, 1), (9714, 1), (9747, 7), (9778, 1), (9780, 1), (9782, 9), (9822, 1), (9878, 2), (9930, 1), (10077, 1), (10106, 1), (10141, 2), (102, 1), (10237, 2), (10238, 2), (10469, 1), (10479, 1), (10518, 4), (10594, 1), (10619, 1), (10634, 3), (10643, 4), (10702, 2), (10742, 1), (10752, 1), (10758, 1), (10776, 1), (10822, 2), (10840, 1), (10853, 7), (10932, 2), (11065, 1), (1138, 4), (11160, 1), (11174, 7), (11208, 1), (11, 1), (11288, 13), (1154, 4), (11303, 1), (1156, 1), (11380, 2), (11469, 8), (1176, 1), (11540, 3), (1183, 1), (11623, 2), (11678, 1), (11690, 7), (11693, 3), (11701, 1), (11704, 7), (11780, 3), (11788, 5), (11797, 1), (11845, 1), (11877, 1), (11898, 1), (11969, 3), (11975, 3), (1220, 2), (1222, 1), (12034, 1), (12118, 1), (12291, 6), (12377, 1), (12443, 2), (12542, 6), (1279, 2), (12726, 4), (12727, 5), (12777, 1), (12828, 3), (12836, 1), (12842, 1), (12864, 3), (12917, 9), (13163, 12), (13176, 1), (13205, 5), (13207, 1), (1338, 4), (13324, 6), (13345, 2), (13403, 7), (13435, 1), (13463, 2), (13492, 1), (13515, 2), (13525, 2), (13647, 1), (13717, 1), (13725, 1), (13756, 1), (13772, 2), (13795, 1), (13866, 5), (13922, 3), (13929, 1), (13958, 13), (14158, 1), (1445, 1), (1470, 1), (14427, 1), (14442, 8), (14506, 9), (14513, 2), (14539, 1), (14557, 2), (14591, 24), (1492, 1), (14620, 1), (14681, 2), (14730, 1), (14785, 2), (14790, 1), (14805, 1), (14817, 1), (14904, 1), (15121, 4), (15152, 1), (15203, 1), (15260, 1), (15267, 2), (15316, 1), (15322, 2), (15494, 1), (15499, 1), (15504, 2), (15510, 1), (15597, 2), (15607, 1), (15621, 1), (15708, 1), (1610, 2), (15762, 2), (15812, 9), (15829, 2), (15850, 1), (15876, 2), (15880, 1), (15900, 2), (16144, 1), (16231, 2), (16262, 10), (16337, 1), (16347, 2), (16371, 2), (16450, 2), (16501, 1), (16529, 2), (16741, 7), (16862, 1), (16929, 1), (16956, 2), (1721, 1), (16991, 1), (1727, 3), (17037, 4), (17083, 1), (17211, 2), (17223, 1), (1752, 1), (17274, 2), (17296, 1), (1763, 1), (17373, 1), (17392, 2), (17429, 8), (17470, 3), (17504, 1), (17506, 1), (17595, 3), (17686, 6), (17701, 4), (17709, 1), (17847, 1), (1810, 5), (17955, 1), (17957, 1), (1832, 1), (18330, 1), (18351, 1), (18368, 1), (18442, 1), (18451, 1), (5992, 1), (5993, 2), (7065, 2), (7066, 2), (984, 2), (985, 3), (10164, 2), (10165, 1), (1811, 1)
magical (DF: 2): (9060, 3), (1810, 2)
magician (DF: 16): (2311, 2), (2500, 1), (2778, 1), (3797, 2), (422, 1), (6047, 1), (8203, 1), (975, 3), (9785, 1), (10118, 1), (10581, 2), (1276, 1), (13689, 1), (14895, 1), (15871, 1), (17908, 1)
magigis (DF: 1): (9703, 1)
magik (DF: 2): (1957, 1), (7717, 1)
magin (DF: 3): (6777, 1), (6929, 2), (14744, 3)
magingat (DF: 1): (14250, 2)
magiqu (DF: 1): (5622, 1)
magisch (DF: 1): (12760, 49)
magistr (DF: 1): (7874, 1)
magit (DF: 1): (9703, 4)
magka (DF: 1): (871, 1)
magkaakbay (DF: 1): (4815, 1)
