voic (DF: 150): (1412, 4), (13888, 1), (13952, 3), (13959, 1), (14023, 2), (14043, 1), (14069, 1), (14096, 1), (14119, 2), (14160, 1), (14181, 2), (14205, 2), (14218, 1), (14272, 10), (14302, 1), (1469, 1), (14372, 2), (14380, 1), (14394, 1), (14415, 1), (149, 2), (1477, 1), (14529, 1), (14533, 1), (14552, 2), (14638, 2), (14643, 2), (14662, 1), (14672, 1), (14673, 1), (14679, 1), (14714, 1), (14732, 1), (14758, 1), (1507, 1), (14806, 1), (14839, 1), (14851, 2), (14874, 6), (14931, 2), (14939, 16), (15023, 1), (1549, 1), (15117, 1), (15154, 1), (15172, 1), (15228, 1), (15265, 1), (15287, 1), (15313, 1), (15345, 2), (15356, 2), (15432, 1), (15521, 2), (15584, 1), (15616, 3), (15630, 1), (15632, 1), (15747, 4), (15755, 2), (15856, 4), (15963, 1), (1637, 2), (16007, 1), (16039, 1), (16091, 2), (16129, 3), (16197, 1), (16205, 1), (16214, 2), (16219, 1), (16228, 1), (16233, 1), (16288, 1), (16306, 2), (16383, 1), (16454, 1), (16461, 1), (16488, 2), (16520, 1), (16596, 2), (16625, 1), (16675, 2), (16742, 1), (16772, 1), (16825, 1), (16854, 1), (16858, 1), (16950, 1), (16954, 1), (16971, 1), (17028, 1), (17029, 1), (17087, 1), (17099, 1), (17118, 1), (17219, 2), (17239, 1), (17247, 3), (17302, 1), (17331, 3), (17342, 1), (1761, 1), (17460, 6), (17509, 6), (17531, 1), (17537, 1), (17622, 2), (17633, 1), (17752, 1), (17771, 1), (17774, 1), (1801, 1), (17913, 1), (17919, 1), (17949, 1), (18048, 1), (1827, 2), (18079, 1), (18140, 1), (18167, 1), (18197, 1), (18238, 2), (18244, 1), (18343, 2), (18385, 5), (1863, 2), (1872, 1), (3488, 1), (3490, 1), (3978, 4), (3979, 3), (7038, 2), (7039, 1), (10544, 1), (10545, 2), (11176, 1), (11178, 2), (11180, 1), (11181, 1), (11859, 2), (11860, 1), (12465, 3), (12467, 1), (13621, 3), (13622, 1), (13991, 1), (13993, 2), (16861, 1), (16862, 1)
voicebox (DF: 1): (10169, 1)
voiceless (DF: 1): (10545, 1)
voicemail (DF: 4): (8953, 2), (10455, 1), (11986, 1), (12539, 2)
voicenot (DF: 3): (12367, 1), (15810, 1), (16272, 1)
voicin (DF: 3): (11832, 1), (16753, 1), (1733, 1)
void (DF: 49): (204, 1), (2486, 1), (2747, 1), (2940, 1), (3012, 1), (368, 1), (4062, 1), (4323, 2), (4843, 4), (5038, 1), (5122, 1), (5317, 1), (5597, 1), (6, 1), (6781, 2), (7177, 1), (8190, 1), (8561, 1), (9527, 1), (9549, 1), (9721, 2), (9922, 1), (10163, 2), (10429, 1), (10545, 1), (10865, 2), (10988, 1), (11173, 1), (11268, 2), (11432, 1), (11873, 1), (11926, 1), (12484, 1), (12494, 2), (13003, 1), (13443, 2), (1473, 1), (1513, 1), (15119, 1), (15338, 1), (15433, 1), (15704, 3), (15792, 1), (1643, 1), (17353, 1), (17932, 1), (17950, 3), (18003, 2), (18074, 1)
voidofpop (DF: 1): (3597, 1)
voidz (DF: 2): (7149, 1), (939, 1)
voil (DF: 1): (7607, 1)
voila (DF: 1): (2855, 1)
voilaa (DF: 1): (16898, 1)
voilà (DF: 6): (3909, 2), (4197, 1), (8103, 1), (11536, 1), (14264, 1), (17140, 1)
voinic (DF: 2): (335, 2), (10271, 2)
voir (DF: 10): (30, 1), (34, 1), (4440, 1), (4614, 2), (598, 1), (7533, 4), (13096, 2), (14114, 1), (15637, 4), (16898, 2)
vois (DF: 16): (34, 1), (4197, 3), (4198, 3), (4308, 2), (540, 1), (5622, 1), (7607, 1), (7818, 1), (7922, 1), (9737, 2), (11483, 1), (11982, 3), (13957, 1), (15912, 1), (17140, 2), (17275, 2)
voisin (DF: 2): (3213, 1), (4197, 1)
voit (DF: 2): (3453, 1), (4308, 1)
voitur (DF: 2): (7922, 4), (12042, 5)
voix (DF: 2): (4440, 1), (16898, 2)
vokal (DF: 1): (153, 2)
vokuhila (DF: 1): (493, 1)
vol (DF: 104): (1944, 1), (2029, 1), (2043, 1), (2059, 1), (2070, 1), (2090, 2), (2269, 1), (2434, 1), (2461, 1), (2465, 1), (2560, 1), (2565, 1), (2661, 1), (2684, 1), (2711, 1), (2719, 1), (2747, 1), (2753, 1), (2805, 1), (2877, 1), (2916, 1), (2967, 1), (2983, 1), (3048, 1), (3104, 8), (3111, 2), (301, 1), (3197, 4), (3206, 1), (3213, 1), (3219, 4), (3238, 1), (3252, 1), (3269, 1), (3355, 3), (3419, 1), (3421, 1), (3424, 1), (342, 1), (3491, 3), (3492, 1), (3633, 1), (3653, 1), (3825, 1), (3892, 1), (3908, 1), (3942, 2), (4032, 1), (4091, 1), (4121, 1), (4168, 1), (4258, 2), (4285, 8), (4288, 1), (4416, 5), (438, 6), (4544, 7), (4592, 1), (4610, 1), (456, 1), (4702, 1), (4708, 1), (4841, 1), (4849, 1), (478, 1), (4992, 2), (5040, 2), (5109, 2), (5218, 3), (5267, 1), (5342, 1), (5381, 2), (5439, 3), (5502, 4), (5512, 6), (5525, 4), (5541, 1), (5607, 1), (5622, 1), (5696, 1), (5734, 1), (5762, 2), (5765, 1), (5796, 3), (5825, 1), (5871, 1), (591, 1), (5991, 1), (5998, 1), (6106, 1), (6160, 6), (6209, 2), (6249, 1), (6297, 1), (6513, 3), (6528, 1), (6626, 2), (6653, 1), (6681, 1), (6826, 1), (676, 1), (6886, 1), (6889, 2), (6934, 1)
