line (DF: 9): (11894, 1), (11895, 2), (11896, 2), (12000, 1), (12002, 19), (12004, 2), (12579, 1), (12580, 1), (12581, 1)
lineag (DF: 1): (1856, 1)
lineal (DF: 1): (12672, 1)
linear (DF: 2): (16505, 2), (16873, 2)
lineback (DF: 1): (10412, 1)
lineman (DF: 1): (5779, 1)
linen (DF: 28): (2218, 1), (2230, 1), (2315, 1), (2471, 7), (2771, 1), (3216, 1), (3772, 1), (4222, 1), (5456, 1), (6064, 2), (6225, 2), (6630, 4), (7448, 1), (8571, 1), (8822, 1), (938, 1), (9946, 2), (10323, 3), (10653, 1), (110, 1), (11411, 1), (12142, 1), (1282, 1), (12622, 1), (14116, 1), (15028, 1), (16510, 1), (17967, 2)
liner (DF: 4): (574, 1), (8168, 1), (8226, 1), (9418, 2)
linesunnam (DF: 2): (5783, 1), (10471, 1)
lineup (DF: 4): (8966, 2), (15434, 1), (1651, 2), (16473, 1)
ling (DF: 11): (1898, 2), (4717, 1), (5088, 1), (5682, 1), (789, 4), (12290, 1), (15192, 1), (16820, 1), (17162, 2), (17546, 1), (17766, 1)
linger (DF: 39): (2311, 1), (2412, 10), (2920, 4), (4722, 1), (472, 2), (5154, 5), (6407, 2), (7894, 2), (847, 17), (8443, 1), (8634, 1), (8643, 1), (8657, 1), (9542, 2), (990, 1), (10164, 1), (10200, 1), (10309, 1), (10485, 1), (10537, 1), (10735, 2), (10773, 1), (10826, 1), (10970, 1), (12304, 1), (1329, 1), (13243, 4), (1417, 1), (13981, 1), (1504, 1), (15342, 1), (16964, 1), (17151, 1), (17349, 1), (1766, 2), (17511, 1), (17703, 1), (17836, 10), (18277, 1)
lingeri (DF: 16): (2760, 1), (2832, 1), (2872, 1), (3282, 2), (3300, 1), (3804, 1), (4771, 2), (5753, 1), (6585, 1), (7895, 1), (8800, 1), (1077, 2), (11214, 1), (14819, 2), (16522, 1), (17875, 1)
lingerin (DF: 1): (14068, 1)
linggong (DF: 1): (10596, 2)
lingin (DF: 1): (7928, 1)
lingo (DF: 12): (3902, 1), (4641, 1), (4887, 1), (5811, 11), (964, 1), (11673, 1), (13343, 1), (14840, 2), (15085, 1), (15448, 1), (169, 9), (16521, 11)
lingot (DF: 2): (637, 1), (13957, 1)
lingu (DF: 4): (6395, 1), (8198, 1), (10546, 1), (17014, 1)
linguada (DF: 1): (6270, 1)
linguagem (DF: 1): (13307, 1)
lingual (DF: 1): (13343, 1)
linguist (DF: 3): (11286, 1), (14718, 1), (17417, 1)
linha (DF: 4): (2631, 2), (2839, 1), (14182, 1), (14580, 1)
lini (DF: 7): (1911, 1), (250, 1), (3067, 3), (7373, 3), (11024, 1), (13125, 1), (17057, 1)
linia (DF: 1): (14899, 1)
linik (DF: 1): (17650, 1)
linin (DF: 11): (5349, 1), (5689, 3), (603, 2), (7113, 1), (7217, 2), (7862, 1), (948, 2), (9730, 1), (11518, 2), (13260, 1), (17184, 1)
linj (DF: 3): (8564, 1), (11019, 3), (16226, 1)
link (DF: 105): (2116, 1), (2198, 1), (2322, 1), (2565, 1), (246, 1), (3037, 1), (3170, 1), (3237, 2), (3288, 1), (3312, 1), (3571, 3), (3681, 6), (3707, 2), (3854, 1), (380, 1), (3962, 1), (4404, 1), (4427, 1), (4558, 12), (4814, 1), (4827, 1), (4837, 1), (4905, 2), (5249, 1), (5413, 1), (5516, 3), (5713, 1), (5851, 1), (5862, 1), (5909, 2), (7133, 1), (7189, 1), (7479, 2), (7589, 2), (772, 4), (7745, 1), (7798, 1), (7991, 1), (8209, 1), (8548, 1), (8830, 1), (9138, 3), (9263, 1), (9394, 1), (9648, 1), (9685, 1), (9866, 1), (9905, 1), (9941, 2), (9977, 1), (10137, 1), (10346, 1), (1076, 1), (10622, 2), (10626, 1), (10816, 1), (10994, 1), (11020, 7), (11231, 1), (11311, 1), (11397, 1), (11536, 1), (11663, 1), (12021, 2), (12355, 1), (12387, 1), (12479, 3), (12887, 2), (13085, 1), (13444, 3), (13961, 2), (14028, 1), (14160, 1), (14551, 1), (14591, 2), (14841, 3), (14942, 1), (1533, 1), (15008, 8), (15168, 1), (15258, 1), (15315, 2), (15397, 6), (15406, 1), (15635, 1), (15860, 1), (16111, 3), (16146, 1), (16185, 1), (16503, 2), (16507, 1), (175, 1), (16965, 26), (17016, 1), (1812, 2), (18183, 3), (18194, 4), (18302, 7), (18319, 1), (18415, 1), (18428, 5), (2642, 2), (2643, 1), (55, 1), (56, 1)
link87 (DF: 1): (6092, 1)
linker (DF: 1): (9425, 1)
linkin (DF: 18): (1929, 1), (2123, 1), (2996, 1), (3182, 1), (4110, 1), (5616, 1), (6133, 1), (6703, 1), (7536, 1), (7590, 1), (7893, 1), (8222, 1), (11297, 1), (11684, 1), (14101, 1), (14127, 1), (15543, 1), (17995, 1)
linkon (DF: 3): (6645, 2), (13153, 1), (16969, 3)
linksfuss (DF: 1): (4192, 1)
linn (DF: 2): (11943, 1), (12170, 1)
linna (DF: 1): (14345, 2)
linnwood (DF: 1): (118, 1)
lino (DF: 1): (16539, 1)
linquist (DF: 1): (13449, 1)
lint (DF: 10): (3582, 1), (4788, 2), (5909, 2), (6287, 1), (7360, 1), (10269, 2), (11594, 1), (1552, 1), (15568, 1), (18103, 1)
lintik (DF: 1): (15706, 6)
linton (DF: 1): (16335, 1)
linwood (DF: 1): (8496, 1)
linx (DF: 1): (3726, 1)
