hum (DF: 88): (3351, 1), (347, 5), (353, 5), (3876, 1), (389, 1), (4015, 1), (4347, 1), (430, 2), (442, 3), (4556, 8), (450, 2), (4671, 2), (4790, 1), (4889, 1), (4912, 1), (5090, 1), (5475, 2), (5792, 1), (6271, 2), (6630, 1), (668, 1), (6759, 1), (6808, 1), (7734, 1), (7925, 1), (8205, 2), (8470, 1), (8736, 1), (8994, 1), (9108, 2), (9132, 1), (9302, 2), (10125, 1), (10233, 1), (10321, 4), (10513, 1), (10780, 1), (10833, 1), (11005, 14), (11280, 1), (11391, 1), (11650, 1), (11696, 2), (11725, 3), (11859, 2), (12082, 1), (12394, 2), (12397, 1), (12539, 4), (1282, 1), (13227, 1), (13242, 1), (13248, 1), (13297, 4), (13307, 1), (13351, 1), (13367, 2), (13432, 1), (13714, 1), (13930, 1), (13967, 1), (14222, 2), (14322, 2), (149, 3), (1478, 1), (14497, 1), (14511, 1), (14825, 1), (15198, 2), (15448, 1), (15462, 1), (16132, 1), (1656, 1), (16310, 3), (16333, 2), (16620, 1), (1697, 1), (17029, 1), (17522, 1), (17566, 2), (17573, 1), (17678, 1), (17735, 1), (18026, 2), (18053, 6), (1834, 1), (18264, 7), (18441, 1)
humahalay (DF: 1): (3150, 1)
humain (DF: 1): (7254, 1)
humakbang (DF: 1): (8768, 1)
human (DF: 261): (1964, 1), (2023, 1), (2028, 1), (2038, 2), (2042, 2), (2168, 4), (2255, 1), (2274, 1), (2288, 3), (2423, 1), (2433, 1), (2448, 6), (2588, 1), (2665, 1), (2677, 1), (2737, 1), (2750, 3), (2753, 1), (2782, 1), (2813, 2), (2895, 1), (2912, 1), (2960, 1), (2968, 8), (3030, 1), (3073, 2), (3156, 1), (3172, 2), (353, 1), (3611, 1), (3646, 2), (3739, 1), (3769, 2), (3923, 1), (3928, 1), (4012, 1), (404, 2), (4100, 1), (4199, 1), (4258, 1), (4277, 8), (4365, 2), (4391, 1), (4422, 1), (4424, 2), (4459, 1), (4549, 1), (4569, 1), (4620, 1), (4622, 1), (4670, 3), (456, 1), (4732, 1), (4854, 1), (4908, 2), (5010, 1), (5032, 2), (5067, 1), (5151, 1), (5219, 1), (5298, 1), (5358, 1), (5363, 1), (5364, 1), (5481, 1), (5518, 8), (5573, 1), (5626, 1), (5629, 4), (5662, 1), (5763, 2), (5787, 1), (5915, 1), (6055, 2), (6099, 4), (6167, 11), (6194, 6), (6283, 4), (6297, 1), (627, 31), (6331, 1), (6349, 8), (6455, 2), (6491, 1), (6517, 1), (646, 1), (6553, 2), (6653, 1), (6660, 3), (6663, 11), (6700, 4), (6746, 1), (6867, 1), (6902, 1), (6959, 1), (693, 1), (7026, 1), (699, 5), (7177, 1), (7194, 2), (7363, 1), (7371, 2), (7401, 1), (7425, 6), (7445, 1), (7569, 1), (766, 1), (7758, 1), (7776, 1), (7815, 1), (808, 1), (8128, 1), (8177, 2), (8231, 1), (8263, 1), (8286, 1), (8305, 1), (8347, 1), (8399, 1), (8412, 4), (8431, 1), (8474, 1), (8594, 4), (8628, 1), (8655, 1), (8841, 1), (8987, 1), (9142, 1), (9182, 4), (9293, 1), (962, 4), (9459, 2), (9479, 3), (9755, 12), (1020, 1), (10041, 1), (10052, 8), (10112, 6), (10118, 3), (10181, 8), (10378, 4), (1059, 1), (10463, 1), (10478, 1), (10526, 1), (10570, 8), (10590, 1), (10629, 1), (10658, 2), (10670, 1), (10696, 1), (10717, 9), (10767, 1), (10826, 16), (11023, 1), (1130, 1), (11208, 1), (11246, 1), (11283, 5), (11363, 1), (11510, 20), (11536, 1), (11691, 10), (11926, 15), (11965, 2), (12003, 2), (12007, 1), (12135, 1), (12170, 1), (12370, 1), (12423, 1), (1270, 1), (12601, 1), (12754, 1), (12778, 2), (12793, 1), (12910, 1), (12966, 1), (13271, 1), (13315, 1), (1345, 2), (13423, 5), (13446, 1), (13473, 1), (13530, 1), (13731, 2), (13852, 1), (13945, 1), (13994, 1), (14085, 1), (14228, 1), (1463, 1), (14295, 1), (14365, 3), (14502, 1), (14507, 1), (14520, 1), (1488, 1), (14627, 1), (14662, 1), (14777, 2), (1513, 1), (14859, 2), (14890, 1), (1533, 1), (15035, 4), (15080, 1), (15149, 1), (15168, 1), (15192, 4), (15235, 1), (1561, 4), (15291, 1), (15405, 1), (15502, 1), (15577, 1), (15880, 3), (15900, 15), (15912, 1), (15937, 1), (16015, 2), (16060, 1), (16144, 1), (16266, 1), (16411, 1), (16543, 1), (16567, 1), (16608, 1), (16633, 1), (16715, 1), (16820, 2), (1711, 1), (16856, 1), (17066, 1), (17075, 1), (1745, 1), (17278, 1), (17305, 1), (17439, 4), (17442, 1), (17623, 2), (17651, 1), (17750, 1), (17790, 3), (17803, 5), (1813, 1), (17958, 1), (18074, 15), (18137, 10), (1835, 1), (18198, 1), (18200, 1), (1864, 2), (2360, 1), (2361, 1), (2514, 4), (2515, 1), (6985, 1), (6988, 1), (7564, 9), (7565, 2)
humanitari (DF: 1): (2316, 1)
humankind (DF: 2): (11873, 1), (18287, 1)
humanoid (DF: 1): (2747, 1)
humbalig (DF: 1): (6035, 1)
humbl (DF: 32): (2056, 1), (2076, 1), (2423, 1), (2906, 1), (2916, 1), (3444, 1), (3628, 1), (3741, 1), (3991, 6), (4454, 1), (4461, 1), (4645, 1), (4808, 1), (5313, 1), (5724, 3), (5842, 1), (5862, 1), (5902, 1), (5996, 1), (6061, 1), (6505, 2), (6597, 1), (6602, 1), (7006, 1), (7024, 1), (7060, 1), (7123, 18), (7580, 3), (8135, 1), (8148, 1), (8492, 1), (8726, 1)
