sooner (DF: 12): (11291, 2), (13365, 1), (13452, 6), (15203, 1), (15441, 1), (15811, 2), (15981, 1), (16323, 6), (16563, 1), (17349, 1), (17729, 1), (18402, 1)
sooo (DF: 2): (9696, 1), (17743, 1)
soooo (DF: 3): (4279, 1), (4407, 1), (113, 1)
soooooooo (DF: 1): (6610, 2)
soopafli (DF: 1): (4381, 1)
soorat (DF: 1): (4985, 2)
soort (DF: 2): (13783, 2), (14757, 1)
soot (DF: 3): (5102, 1), (749, 1), (9873, 1)
sooth (DF: 20): (2490, 2), (2512, 1), (2927, 1), (3663, 10), (3912, 1), (5307, 3), (5529, 1), (6973, 1), (7511, 1), (8276, 2), (8635, 2), (914, 3), (9432, 1), (9794, 1), (1015, 1), (12550, 15), (1285, 1), (14028, 1), (16544, 1), (17871, 1)
soothi (DF: 1): (9263, 1)
soothin (DF: 1): (4984, 1)
soowoo (DF: 1): (1588, 1)
sop (DF: 7): (11814, 2), (12841, 2), (14087, 1), (14555, 2), (15342, 1), (15939, 1), (1788, 1)
sopa (DF: 1): (9087, 1)
soph (DF: 1): (7607, 1)
sophi (DF: 7): (3921, 1), (9904, 1), (10404, 1), (1071, 2), (18082, 1), (1847, 1), (18413, 2)
sophist (DF: 10): (3277, 6), (4224, 1), (5794, 14), (6415, 1), (88, 1), (10297, 1), (14814, 1), (14839, 1), (15684, 6), (18116, 13)
sophistiqu (DF: 1): (17006, 2)
sophomor (DF: 2): (5367, 2), (8774, 2)
sopl (DF: 11): (3908, 1), (468, 1), (4799, 1), (5198, 1), (7604, 3), (836, 1), (8945, 1), (10625, 1), (14510, 1), (16295, 2), (17194, 6)
soplabot (DF: 2): (364, 2), (16223, 1)
soplapot (DF: 3): (4709, 1), (1193, 1), (15939, 6)
soplet (DF: 2): (53, 1), (16845, 1)
soplo (DF: 1): (7446, 6)
sopoci (DF: 1): (14869, 1)
soport (DF: 26): (312, 1), (4081, 1), (4797, 2), (5246, 2), (557, 1), (5975, 2), (6025, 1), (8218, 3), (8329, 1), (8466, 1), (8846, 1), (9609, 1), (9660, 4), (10363, 1), (11113, 1), (11696, 1), (11734, 1), (12092, 1), (1366, 1), (13672, 4), (1474, 1), (14450, 3), (15415, 1), (16253, 1), (16378, 1), (17861, 2)
sopport (DF: 3): (12256, 1), (17273, 1), (17718, 6)
sopr (DF: 29): (1987, 1), (2518, 2), (4587, 3), (4890, 2), (4992, 1), (5109, 1), (524, 1), (6341, 1), (7466, 1), (7910, 1), (8208, 1), (8777, 1), (9222, 2), (1010, 5), (9906, 1), (10380, 1), (10546, 1), (11272, 1), (11314, 3), (13019, 1), (13126, 3), (15707, 2), (16749, 1), (17427, 1), (17718, 1), (18023, 2), (187, 1), (1848, 1), (18370, 2)
sopra (DF: 1): (10700, 1)
sopram (DF: 1): (6524, 1)
sopramo (DF: 1): (3497, 1)
soprano (DF: 16): (1904, 1), (4866, 1), (5801, 2), (6415, 1), (7123, 1), (7561, 3), (9046, 1), (9953, 1), (10700, 1), (11007, 1), (12851, 1), (14316, 1), (16144, 1), (1671, 1), (17746, 5), (18225, 2)
sopravv (DF: 1): (18370, 1)
sopravviv (DF: 1): (8264, 1)
sopres (DF: 1): (8255, 1)
soqueteam (DF: 2): (2585, 2), (17343, 1)
sor (DF: 13): (3213, 2), (34, 3), (4405, 1), (4614, 1), (5622, 1), (6886, 1), (6961, 1), (11298, 1), (13957, 1), (1441, 2), (14405, 2), (15456, 1), (17275, 1)
sora (DF: 3): (11688, 1), (1360, 1), (15485, 1)
soraia (DF: 1): (5479, 1)
soray (DF: 2): (594, 1), (679, 1)
sorb (DF: 4): (8744, 1), (14299, 1), (16079, 1), (1686, 1)
sorbet (DF: 1): (7611, 1)
sorcer (DF: 2): (17105, 1), (18173, 2)
sorceri (DF: 1): (6006, 1)
sorci (DF: 1): (15469, 3)
sord (DF: 4): (11605, 2), (11734, 1), (13650, 1), (17418, 1)
sordid (DF: 1): (5417, 1)
sordomud (DF: 1): (17671, 7)
sore (DF: 39): (1909, 1), (2303, 1), (2312, 2), (2397, 1), (3026, 1), (3085, 2), (3266, 1), (3895, 1), (4898, 1), (5431, 2), (6269, 1), (6926, 1), (7177, 1), (754, 1), (7990, 1), (8608, 1), (9008, 1), (9058, 1), (9392, 1), (10304, 3), (10709, 1), (10770, 1), (11338, 1), (11406, 6), (12728, 2), (12850, 1), (12923, 1), (13984, 1), (14767, 1), (1513, 1), (15170, 1), (15970, 1), (1643, 1), (16209, 1), (1694, 1), (17069, 2), (17084, 1), (17329, 1), (18308, 1)
sored (DF: 1): (7990, 1)
soredemo (DF: 1): (13524, 1)
sorg (DF: 10): (2463, 1), (4998, 1), (5214, 1), (10719, 2), (12363, 2), (12619, 1), (13085, 1), (15283, 1), (1583, 1), (17780, 1)
sorglos (DF: 1): (10958, 1)
sorgt (DF: 2): (11654, 1), (15766, 1)
sori (DF: 3): (7941, 2), (8505, 1), (10784, 1)
sorkin (DF: 1): (16854, 1)
sorma (DF: 1): (11144, 1)
soro (DF: 1): (430, 1)
sorpass (DF: 2): (11314, 1), (12277, 1)
sorprend (DF: 23): (2601, 1), (3219, 4), (3724, 1), (4382, 1), (444, 2), (4671, 2), (4780, 1), (4862, 1), (6279, 2), (7426, 1), (9652, 1), (9864, 1), (10682, 1), (10804, 1), (1141, 1), (11280, 1), (11734, 1), (11938, 1), (12350, 1), (1259, 2), (12656, 1), (13454, 1), (14775, 2)
