rat (DF: 106): (11030, 1), (11090, 1), (1147, 2), (11280, 1), (11371, 2), (11470, 1), (11558, 3), (11582, 1), (11671, 1), (11698, 1), (11741, 1), (11800, 1), (11865, 5), (11883, 1), (11968, 1), (12041, 1), (1226, 1), (12079, 1), (12147, 1), (12219, 1), (12266, 1), (12277, 1), (12403, 1), (12484, 1), (12536, 1), (12830, 26), (12839, 1), (12864, 6), (12949, 6), (13172, 1), (13198, 1), (13235, 1), (13242, 1), (13274, 1), (13347, 1), (13376, 1), (13448, 2), (13484, 1), (13512, 14), (13523, 1), (13685, 1), (13732, 2), (13857, 1), (13916, 3), (13990, 2), (14035, 2), (14073, 1), (14078, 2), (14360, 1), (14390, 1), (14415, 4), (1477, 1), (14444, 2), (1487, 1), (14570, 1), (14665, 1), (14703, 4), (14848, 1), (13, 1), (15051, 4), (15290, 6), (15294, 2), (15297, 3), (159, 2), (15454, 1), (1580, 2), (15518, 1), (15583, 1), (15625, 2), (15671, 1), (15737, 1), (15775, 1), (15823, 1), (15835, 6), (15884, 2), (1652, 19), (16295, 4), (16300, 1), (173, 12), (1677, 2), (16489, 1), (1682, 2), (16787, 2), (1713, 1), (16909, 2), (16929, 1), (17015, 2), (17136, 1), (1740, 39), (178, 1), (17279, 1), (17506, 2), (1773, 1), (17668, 8), (17769, 1), (17847, 1), (17965, 6), (1826, 6), (18214, 1), (18221, 1), (1847, 1), (18385, 5), (8352, 2), (8353, 1), (17129, 1), (17131, 1)
rata (DF: 5): (5382, 1), (10257, 1), (10667, 1), (13520, 6), (17841, 1)
ratas (DF: 1): (7411, 1)
ratat (DF: 4): (7301, 5), (10, 5), (1010, 1), (15637, 1)
ratata (DF: 2): (13700, 1), (16640, 6)
ratatat (DF: 6): (5727, 1), (6066, 1), (910, 1), (10513, 2), (13358, 1), (14089, 1)
ratatatata (DF: 1): (13154, 1)
ratatatatai (DF: 1): (9797, 2)
ratatouill (DF: 3): (3205, 2), (10643, 2), (17514, 1)
ratchet (DF: 42): (2319, 1), (2583, 2), (3248, 1), (3598, 1), (3811, 1), (4028, 1), (4440, 1), (4552, 28), (5015, 4), (5426, 1), (51, 1), (5838, 2), (5981, 1), (6889, 1), (7721, 1), (782, 1), (8204, 3), (8472, 1), (8636, 1), (8666, 1), (8733, 14), (8830, 1), (9140, 1), (9324, 1), (11080, 2), (11767, 1), (1296, 1), (13011, 1), (13135, 1), (13202, 2), (1336, 2), (13480, 1), (13756, 1), (14186, 1), (14932, 3), (15518, 2), (15684, 6), (16130, 1), (16812, 1), (1727, 2), (17296, 1), (18368, 1)
rate (DF: 88): (2332, 1), (3205, 2), (3227, 1), (3288, 1), (3597, 1), (3769, 1), (3789, 1), (3811, 1), (4045, 1), (4100, 1), (4128, 1), (4486, 1), (4962, 1), (4981, 2), (5158, 3), (5179, 1), (5192, 1), (6760, 1), (6923, 2), (7017, 1), (7242, 2), (7624, 1), (7992, 1), (834, 1), (8532, 1), (8603, 1), (8776, 1), (8842, 1), (938, 1), (9301, 1), (9308, 1), (9324, 1), (9382, 3), (9958, 1), (10455, 1), (10457, 1), (10643, 2), (10667, 1), (10690, 2), (10977, 2), (11014, 1), (11101, 1), (11123, 1), (11151, 1), (11188, 2), (11797, 1), (11906, 1), (11970, 1), (12068, 2), (12150, 1), (12185, 1), (1253, 1), (12376, 1), (12380, 1), (12484, 1), (12748, 1), (12809, 1), (12812, 1), (1316, 8), (13044, 1), (1343, 1), (13334, 1), (136, 1), (13802, 1), (14010, 1), (14144, 1), (14200, 1), (14533, 1), (14554, 1), (14589, 1), (14804, 4), (14815, 1), (14818, 1), (14907, 1), (15018, 1), (1552, 1), (15222, 1), (15537, 1), (16259, 1), (16539, 1), (16615, 1), (16806, 1), (16826, 1), (16927, 1), (17102, 1), (17552, 2), (17793, 1), (18138, 1)
rateliff (DF: 1): (5916, 2)
rater (DF: 1): (667, 1)
ratfu (DF: 1): (8311, 1)
rath (DF: 1): (3419, 1)
rather (DF: 106): (1916, 1), (1994, 1), (1995, 1), (2061, 1), (2068, 1), (2093, 2), (2153, 1), (2201, 1), (2206, 1), (2236, 2), (2315, 1), (2361, 1), (2405, 1), (2451, 2), (2489, 1), (2491, 1), (2522, 4), (2552, 1), (2562, 1), (2573, 1), (2594, 1), (248, 1), (2629, 2), (2676, 1), (2677, 1), (258, 1), (2754, 3), (2776, 1), (2901, 1), (2924, 1), (2949, 1), (3052, 1), (3103, 1), (3149, 1), (3156, 2), (3221, 7), (3248, 1), (3299, 1), (3425, 1), (340, 4), (3521, 1), (3535, 2), (3581, 1), (3582, 1), (3608, 5), (3628, 1), (3635, 1), (3663, 2), (3696, 2), (3731, 1), (3752, 2), (3769, 1), (3867, 2), (3907, 1), (3975, 1), (4072, 2), (407, 1), (4126, 1), (4161, 2), (4249, 1), (4328, 1), (4342, 2), (4400, 1), (4408, 1), (4420, 1), (4447, 1), (4520, 1), (4542, 1), (4555, 1), (4598, 1), (4664, 1), (464, 1), (4828, 1), (4953, 1), (4969, 1), (4971, 1), (5001, 1), (5019, 1), (5029, 1), (5044, 2), (5076, 1), (5082, 1), (5107, 1), (5120, 1), (5137, 1), (5230, 3), (5273, 1), (5307, 1), (5316, 1), (5345, 1), (5421, 1), (5446, 1), (5624, 2), (5628, 1), (5680, 1), (6, 1), (5715, 2), (5723, 1), (5727, 1), (5731, 1), (5737, 2), (5814, 1), (5848, 2), (5849, 2), (5861, 2), (5862, 1)
