skrtt (DF: 6): (6289, 4), (8745, 1), (10203, 4), (11504, 5), (12025, 2), (17347, 8)
skrupel (DF: 1): (2463, 1)
skrupellos (DF: 4): (3462, 1), (5691, 1), (6620, 1), (11024, 1)
skryci (DF: 1): (10784, 1)
skrzi (DF: 1): (250, 1)
skrzyd (DF: 3): (10436, 4), (13770, 1), (16833, 1)
sks (DF: 1): (11594, 1)
sksee (DF: 1): (9251, 4)
sku (DF: 7): (2739, 1), (2952, 3), (8564, 2), (10592, 1), (13019, 1), (16307, 2), (17567, 1)
skubber (DF: 1): (11019, 3)
skud (DF: 1): (4295, 1)
skuddi (DF: 1): (1304, 1)
skull (DF: 43): (2002, 1), (2152, 2), (2422, 1), (2545, 1), (2822, 1), (3538, 1), (5604, 1), (5722, 1), (5743, 1), (5862, 1), (5993, 1), (6203, 1), (8158, 2), (8202, 1), (8648, 1), (9036, 1), (9957, 1), (10195, 1), (10269, 2), (10491, 1), (10609, 1), (11130, 1), (11, 1), (11287, 1), (11374, 1), (11438, 1), (11601, 1), (11791, 1), (13254, 1), (14006, 1), (14054, 3), (14768, 2), (14859, 2), (15168, 1), (15573, 3), (16177, 1), (1658, 2), (16319, 1), (16432, 1), (16693, 1), (16984, 5), (17037, 1), (17049, 1)
skulli (DF: 6): (4827, 1), (7360, 1), (7944, 1), (10480, 1), (10567, 1), (13052, 1)
skuma (DF: 1): (13591, 2)
skumaj (DF: 2): (4859, 1), (7356, 1)
skumasz (DF: 1): (1655, 1)
skuml (DF: 1): (16226, 1)
skuna (DF: 3): (10436, 1), (13591, 2), (16860, 5)
skunaboi (DF: 1): (7454, 1)
skunk (DF: 25): (3009, 1), (3437, 1), (3591, 1), (3781, 1), (5082, 1), (6784, 1), (7020, 1), (7247, 2), (7983, 1), (8209, 1), (9648, 1), (10623, 1), (11015, 1), (13269, 1), (13925, 2), (14978, 8), (15530, 2), (15604, 1), (15680, 1), (15859, 1), (17129, 1), (17263, 5), (17305, 1), (17567, 1), (18264, 1)
skur (DF: 1): (13019, 4)
skurrin (DF: 1): (12405, 1)
skurt (DF: 2): (3213, 1), (17938, 2)
skurwiela (DF: 1): (4405, 1)
skurwysynu (DF: 1): (7836, 1)
skuterem (DF: 1): (9695, 1)
skuti (DF: 2): (7356, 1), (17071, 1)
skuuu (DF: 1): (10369, 1)
skwela (DF: 1): (4815, 1)
sky (DF: 231): (1, 1), (189, 4), (1961, 2), (1971, 3), (1973, 1), (1975, 20), (2003, 1), (2036, 1), (202, 1), (2049, 1), (2106, 3), (208, 1), (2155, 2), (2158, 3), (2168, 8), (2204, 13), (2219, 2), (2222, 1), (2227, 1), (2228, 2), (2235, 1), (2237, 2), (2249, 3), (221, 2), (2285, 1), (2299, 3), (2329, 1), (2331, 1), (2395, 1), (230, 3), (2398, 1), (2404, 5), (2428, 10), (2435, 2), (2438, 6), (2441, 4), (2446, 1), (2452, 2), (2462, 1), (2485, 2), (2502, 3), (2524, 3), (2537, 1), (2547, 1), (2565, 1), (2583, 1), (2609, 1), (2621, 4), (2648, 1), (2672, 1), (2685, 1), (2689, 1), (2708, 1), (2710, 2), (2717, 1), (258, 2), (2749, 2), (2758, 6), (2762, 2), (2770, 1), (2786, 1), (2808, 1), (2824, 2), (2833, 1), (273, 4), (2856, 1), (2859, 3), (2869, 1), (2873, 5), (2896, 1), (2919, 3), (2936, 1), (281, 1), (2942, 1), (2947, 1), (2950, 1), (2975, 1), (3008, 4), (3013, 4), (3018, 1), (294, 1), (3079, 4), (295, 4), (3112, 2), (3117, 1), (3118, 1), (3135, 2), (3146, 1), (303, 4), (3167, 1), (3179, 8), (3183, 1), (3188, 2), (3218, 1), (3258, 1), (3266, 1), (3284, 2), (327, 3), (3352, 1), (3375, 2), (3386, 2), (3396, 2), (3430, 1), (3443, 2), (3444, 1), (3449, 2), (3454, 3), (3456, 1), (3458, 1), (3465, 3), (3520, 2), (3545, 6), (3563, 1), (3566, 2), (3577, 3), (3595, 3), (3600, 2), (3629, 1), (3657, 2), (3679, 2), (3694, 4), (3703, 8), (3707, 2), (3710, 1), (3725, 5), (367, 2), (3745, 1), (3766, 7), (3786, 6), (3790, 1), (3802, 1), (3808, 6), (3812, 3), (3829, 2), (3836, 1), (3841, 3), (3854, 1), (3867, 1), (3893, 1), (3914, 6), (3919, 1), (3923, 1), (3979, 1), (4021, 1), (4030, 1), (4032, 1), (4035, 2), (400, 2), (402, 2), (4061, 5), (4070, 4), (4072, 1), (4094, 1), (4098, 2), (4104, 3), (4121, 1), (4130, 4), (4145, 1), (4146, 1), (411, 1), (4160, 1), (4169, 1), (412, 2), (4194, 3), (4196, 5), (4199, 1), (4230, 3), (4235, 1), (4245, 6), (4248, 1), (4264, 1), (420, 21), (4290, 3), (4306, 1), (4333, 3), (4337, 2), (4350, 2), (4353, 1), (39, 1), (4401, 3), (4433, 1), (4443, 1), (4459, 1), (441, 1), (4466, 1), (4472, 3), (4492, 1), (4509, 3), (4542, 4), (4545, 2), (4590, 1), (4674, 3), (4675, 1), (4689, 2), (4691, 1), (4697, 2), (4703, 4), (4716, 1), (4741, 1), (4745, 1), (4757, 3), (4770, 3), (4802, 12), (4805, 2), (4819, 3), (4836, 1), (4880, 3), (4896, 5), (482, 2), (4922, 8), (4946, 4), (4947, 1), (4957, 4), (4970, 1), (4996, 2), (5003, 1), (5015, 2), (5022, 1), (5066, 1), (5070, 3), (5082, 1), (5086, 1), (5113, 4), (5123, 1), (5137, 1), (5141, 1), (5145, 1), (5159, 1), (5174, 1), (5220, 2), (5253, 1)
