hors (DF: 132): (3238, 3), (3456, 1), (3524, 1), (3751, 2), (404, 2), (4145, 1), (4314, 4), (435, 1), (4746, 1), (4749, 7), (4867, 2), (4933, 1), (5059, 1), (5287, 1), (5309, 1), (5416, 2), (5593, 8), (5604, 1), (5721, 1), (6328, 1), (6331, 3), (6443, 1), (6503, 1), (646, 1), (6607, 2), (6642, 1), (6698, 1), (6895, 1), (7072, 1), (7240, 4), (7349, 1), (7410, 2), (7498, 2), (7528, 1), (7559, 1), (7634, 1), (7678, 1), (7747, 2), (7776, 1), (7835, 1), (7860, 1), (7892, 1), (802, 1), (7934, 1), (8046, 1), (8085, 1), (8168, 1), (8249, 2), (8259, 1), (8475, 1), (8583, 1), (8623, 1), (8893, 4), (9110, 1), (9283, 2), (9624, 1), (9686, 4), (9844, 1), (10312, 2), (10444, 1), (10545, 1), (10634, 5), (10724, 1), (11193, 1), (11247, 1), (11295, 1), (11329, 1), (11363, 6), (11448, 1), (11624, 1), (11626, 9), (11681, 1), (11736, 1), (11891, 9), (11898, 1), (11931, 7), (11946, 1), (11965, 9), (11986, 1), (12027, 1), (12100, 3), (12104, 2), (12150, 1), (12442, 11), (12856, 2), (12912, 1), (12917, 13), (13052, 1), (13394, 2), (13440, 1), (13653, 1), (13677, 1), (13740, 6), (13890, 1), (14064, 2), (14163, 2), (14238, 2), (1488, 5), (14789, 1), (14805, 1), (14964, 3), (1558, 1), (15305, 1), (15334, 1), (15521, 1), (1593, 6), (15834, 4), (1635, 1), (16060, 3), (16080, 21), (16122, 2), (16224, 1), (16406, 1), (16426, 1), (16582, 1), (16841, 9), (16991, 1), (17380, 1), (17448, 1), (17477, 1), (17535, 1), (17626, 1), (17632, 5), (17740, 1), (18066, 4), (18322, 1), (18324, 2), (6984, 3), (6986, 28), (8251, 14), (10730, 1), (10731, 1)
horseback (DF: 1): (10744, 2)
horsefli (DF: 1): (18162, 1)
horsemen (DF: 1): (16351, 2)
horseplayin (DF: 1): (6817, 1)
horsepow (DF: 1): (6065, 1)
horserac (DF: 2): (6888, 1), (9315, 1)
horsesho (DF: 5): (2936, 1), (8135, 1), (9182, 2), (12587, 1), (17049, 3)
horsey (DF: 1): (6984, 1)
horst (DF: 6): (6835, 1), (7411, 1), (8340, 3), (11459, 1), (14254, 1), (15867, 1)
hort (DF: 14): (4374, 1), (6026, 1), (8209, 1), (10648, 2), (11476, 1), (11522, 1), (1218, 2), (12839, 1), (13472, 2), (14199, 1), (1490, 1), (14659, 1), (14690, 1), (15113, 1)
hortensj (DF: 1): (3744, 2)
horuragi (DF: 1): (13488, 2)
horário (DF: 2): (13307, 1), (17347, 1)
hos (DF: 5): (2952, 1), (4714, 1), (12684, 1), (1484, 1), (15766, 1)
hosana (DF: 1): (2839, 1)
hosanna (DF: 1): (9979, 5)
hose (DF: 12): (2039, 1), (2672, 2), (3059, 1), (5170, 2), (7752, 4), (7785, 1), (8993, 1), (9403, 1), (9549, 2), (12104, 1), (13440, 1), (15069, 1)
hosea (DF: 1): (4427, 1)
hosenbund (DF: 1): (778, 1)
hosentasch (DF: 2): (13755, 1), (17630, 1)
hosh (DF: 2): (15929, 1), (18053, 1)
hoshi (DF: 1): (15485, 2)
hoshii (DF: 1): (1102, 4)
hosic (DF: 2): (5792, 1), (11391, 1)
hosla (DF: 1): (9688, 1)
hospedaj (DF: 1): (2877, 1)
hospit (DF: 35): (2220, 1), (2771, 1), (2850, 1), (2899, 2), (3183, 1), (3428, 1), (3775, 1), (4641, 1), (5800, 1), (6296, 2), (6583, 1), (6585, 1), (702, 1), (7701, 3), (803, 1), (8336, 1), (8360, 2), (9046, 1), (10035, 2), (1060, 1), (10785, 1), (12041, 2), (13242, 2), (13297, 2), (13390, 1), (13732, 2), (15080, 1), (15532, 1), (15584, 1), (15613, 1), (15928, 1), (16816, 1), (17113, 3), (17331, 3), (18291, 1)
hospital (DF: 3): (1939, 1), (2354, 2), (1631, 2)
hossisiless (DF: 1): (6937, 1)
host (DF: 23): (201, 1), (2293, 1), (5587, 2), (5729, 1), (5961, 1), (6478, 2), (6931, 1), (8378, 1), (11144, 6), (11900, 1), (12736, 1), (12798, 1), (1343, 1), (13758, 1), (14006, 2), (14047, 1), (14992, 1), (16045, 1), (16834, 2), (16981, 1), (17373, 1), (182, 1), (17964, 1)
hostag (DF: 13): (2616, 4), (3781, 1), (4519, 4), (4897, 1), (5091, 1), (5974, 1), (913, 4), (9023, 1), (12412, 1), (12643, 2), (13885, 1), (15028, 1), (16233, 1)
hostel (DF: 1): (4962, 1)
hostetl (DF: 1): (11902, 1)
hostig (DF: 1): (12686, 1)
hostil (DF: 9): (3183, 2), (3407, 2), (4218, 3), (4962, 1), (5817, 2), (11894, 1), (12916, 2), (14217, 3), (16918, 1)
hostin (DF: 1): (6999, 5)
hot (DF: 48): (195, 6), (1935, 1), (1949, 2), (1957, 1), (1972, 1), (202, 1), (2039, 1), (2069, 1), (2070, 1), (2084, 1), (2093, 2), (2101, 8), (204, 1), (2104, 5), (2143, 1), (2155, 4), (2159, 1), (2182, 1), (2211, 1), (2230, 1), (2235, 1), (2286, 1), (2322, 6), (2329, 1), (2340, 3), (2357, 1), (2366, 2), (2369, 1), (2374, 1), (2378, 3), (2391, 6), (2404, 1), (2428, 2), (2440, 1), (24, 1), (2442, 1), (2450, 1), (2476, 1), (2482, 1), (2512, 1), (2527, 1), (2544, 1), (2551, 1), (2562, 1), (2593, 1), (2596, 1), (2607, 1), (2624, 1)
