woah (DF: 77): (1692, 2), (16681, 2), (16710, 1), (16750, 1), (16769, 1), (15, 1), (16832, 1), (16943, 1), (16978, 3), (1727, 33), (17008, 3), (17053, 2), (17072, 9), (17085, 2), (17102, 1), (17123, 4), (17131, 16), (17143, 2), (17159, 1), (17169, 20), (17303, 12), (17316, 8), (17338, 4), (17341, 2), (17373, 6), (17379, 4), (17412, 7), (17447, 20), (17507, 1), (17554, 10), (17560, 4), (17613, 2), (17640, 1), (17736, 12), (17743, 1), (17783, 2), (1801, 17), (17825, 1), (17899, 1), (17902, 3), (17954, 1), (17962, 25), (17990, 1), (18080, 16), (18106, 6), (18188, 2), (18191, 4), (18293, 2), (18313, 1), (18344, 2), (18353, 2), (18358, 2), (18369, 25), (18399, 2), (1867, 2), (4592, 1), (4593, 13), (4700, 1), (4701, 6), (4993, 1), (4995, 3), (6044, 1), (6045, 1), (6712, 1), (6713, 1), (9358, 2), (9361, 1), (10886, 1), (10888, 1), (12283, 9), (12284, 3), (13203, 4), (13204, 1), (13494, 5), (13497, 1), (1446, 10), (1447, 7)
woahh (DF: 1): (14604, 1)
woahhh (DF: 1): (12991, 1)
woahoah (DF: 1): (4964, 3)
woahoahow (DF: 1): (4964, 1)
woahwawoah (DF: 1): (12120, 6)
wobbl (DF: 16): (1900, 4), (247, 4), (2895, 1), (3529, 2), (4042, 2), (4495, 1), (7685, 2), (9122, 1), (9331, 1), (10489, 4), (11448, 1), (11880, 4), (14168, 2), (14460, 2), (15135, 1), (16216, 20)
wobblede (DF: 1): (4956, 2)
wobbledi (DF: 1): (9713, 2)
wobblin (DF: 1): (6910, 3)
wobec (DF: 1): (13591, 2)
woblede (DF: 1): (4956, 4)
woch (DF: 8): (3932, 1), (4743, 1), (484, 1), (681, 1), (8498, 1), (9236, 1), (1238, 1), (14254, 3)
wochen (DF: 1): (6835, 1)
wochent (DF: 1): (3462, 1)
wock (DF: 5): (3485, 6), (8455, 1), (12726, 4), (13350, 1), (13825, 3)
wockhardt (DF: 1): (3427, 2)
wocki (DF: 1): (16656, 6)
wod (DF: 57): (1891, 1), (2083, 1), (2254, 1), (2493, 1), (3205, 1), (3507, 1), (3813, 1), (4150, 1), (4831, 1), (5031, 1), (5091, 1), (5158, 1), (5370, 1), (5943, 1), (6272, 1), (6452, 1), (6738, 1), (7227, 1), (7339, 1), (7684, 1), (8156, 1), (8249, 1), (8373, 1), (9262, 1), (9393, 1), (9833, 1), (9894, 1), (1050, 1), (10378, 1), (10382, 1), (10727, 1), (11658, 1), (11677, 1), (1197, 1), (12553, 1), (12748, 1), (13135, 1), (13427, 1), (13573, 1), (13920, 1), (1425, 1), (14295, 1), (14526, 1), (15138, 1), (15162, 1), (15286, 1), (15371, 1), (1625, 1), (16532, 1), (16618, 1), (16734, 1), (16870, 1), (17535, 1), (1778, 1), (17993, 1), (18188, 1), (18271, 1)
woda (DF: 4): (4582, 2), (8604, 1), (14199, 1), (15359, 1)
woddi (DF: 3): (2100, 1), (7411, 1), (14199, 1)
woddis (DF: 1): (11024, 1)
wodi (DF: 5): (3999, 6), (4303, 1), (11026, 1), (1704, 1), (17235, 1)
wodiska (DF: 1): (5890, 1)
wodka (DF: 6): (6600, 4), (6748, 1), (7287, 1), (9788, 1), (1176, 1), (16811, 1)
wodzi (DF: 1): (11977, 1)
wodzirej (DF: 1): (7836, 1)
woe (DF: 30): (2000, 1), (4027, 4), (4199, 1), (4623, 1), (4974, 1), (5478, 1), (6971, 1), (7102, 1), (7133, 1), (7884, 1), (808, 1), (823, 1), (974, 1), (9546, 1), (9581, 1), (9785, 1), (9905, 1), (10390, 3), (10895, 4), (12118, 1), (12843, 1), (13444, 3), (13722, 1), (14233, 1), (14245, 1), (14378, 1), (1553, 3), (15541, 1), (15793, 1), (18038, 2)
woed (DF: 1): (2638, 1)
woelig (DF: 1): (1077, 1)
wofur (DF: 1): (10215, 1)
woh (DF: 88): (2086, 3), (2183, 1), (2703, 2), (256, 1), (2749, 4), (284, 2), (3043, 2), (3093, 6), (296, 6), (306, 1), (3348, 1), (333, 2), (3881, 2), (4056, 4), (4300, 3), (4387, 1), (4469, 2), (4594, 3), (4692, 4), (4702, 1), (477, 1), (5304, 5), (5525, 40), (5547, 6), (6193, 7), (6205, 14), (6485, 1), (6514, 14), (6871, 21), (6932, 10), (7016, 3), (7028, 20), (7031, 2), (711, 1), (7258, 1), (7367, 20), (7646, 5), (7749, 16), (8057, 2), (8816, 4), (9060, 3), (9312, 2), (9697, 3), (1008, 18), (9874, 2), (9960, 12), (10559, 1), (10579, 1), (10682, 4), (10838, 4), (10899, 2), (10997, 1), (11068, 3), (11081, 1), (11113, 1), (11452, 1), (11724, 2), (1213, 8), (11944, 2), (12130, 1), (12307, 1), (12723, 24), (1296, 1), (1300, 4), (12819, 2), (12852, 1), (12984, 12), (13028, 1), (13205, 20), (13369, 26), (13742, 4), (14389, 1), (14510, 1), (14600, 4), (1519, 2), (14940, 21), (15010, 1), (1563, 4), (15292, 2), (15472, 35), (15638, 32), (15706, 6), (15721, 10), (15819, 5), (15948, 4), (16083, 2), (16289, 18), (16403, 8)
