24 (DF: 87): (9730, 3), (9801, 1), (9818, 1), (9867, 1), (9946, 1), (10169, 1), (1036, 1), (10307, 2), (10380, 1), (10394, 1), (10711, 1), (10868, 1), (10899, 2), (10901, 5), (1124, 1), (1135, 1), (11145, 1), (11188, 1), (11193, 1), (11307, 1), (1156, 4), (11428, 1), (11482, 1), (11708, 1), (11780, 1), (11874, 1), (1213, 2), (12036, 4), (1226, 4), (12054, 1), (12067, 1), (12068, 1), (12334, 1), (12357, 2), (12540, 1), (12588, 1), (12615, 1), (12678, 2), (12842, 1), (12988, 1), (13198, 1), (13266, 1), (13314, 1), (13649, 1), (13780, 1), (13873, 1), (13924, 4), (1430, 1), (14045, 1), (14164, 2), (14379, 1), (1471, 1), (14388, 1), (14468, 1), (14496, 1), (14591, 26), (14804, 2), (1512, 1), (14916, 1), (15018, 1), (1547, 1), (15332, 1), (15680, 1), (15698, 1), (1623, 1), (15937, 1), (16045, 1), (16132, 1), (16412, 2), (16507, 1), (16551, 5), (1699, 1), (16868, 1), (16935, 1), (16984, 1), (17083, 1), (17308, 1), (17361, 1), (1775, 1), (17586, 1), (17658, 2), (17815, 4), (18038, 1), (1844, 1), (18335, 1), (13575, 1), (13576, 1)
240 (DF: 1): (11663, 1)
246 (DF: 2): (7820, 1), (14697, 1)
247 (DF: 2): (7820, 1), (1429, 1)
24h (DF: 3): (4587, 1), (14379, 2), (16726, 10)
24hrs (DF: 3): (322, 2), (12540, 1), (15451, 4)
24k (DF: 6): (2565, 1), (3854, 2), (1156, 1), (13729, 2), (13929, 1), (14591, 2)
24kgoldn (DF: 6): (4672, 1), (5200, 1), (528, 1), (5510, 1), (14566, 1), (15718, 1)
24th (DF: 4): (4168, 1), (12335, 1), (12972, 1), (18207, 1)
25 (DF: 79): (221, 2), (229, 1), (2471, 2), (2500, 1), (3152, 2), (3374, 1), (3479, 6), (3510, 2), (3581, 1), (3936, 1), (4403, 1), (5286, 1), (5312, 1), (5367, 2), (5601, 1), (5734, 1), (6032, 1), (6184, 2), (6761, 2), (7009, 1), (7392, 2), (7492, 1), (71, 1), (7829, 1), (7906, 1), (7960, 1), (8778, 2), (9324, 1), (9823, 2), (9847, 1), (9886, 1), (1011, 1), (10258, 4), (10675, 2), (1094, 1), (10824, 1), (10916, 1), (10977, 1), (1124, 1), (11091, 1), (11113, 1), (11188, 1), (11395, 1), (11654, 1), (1200, 1), (11805, 1), (11867, 33), (11970, 1), (12130, 1), (12152, 1), (12372, 1), (12602, 7), (12615, 12), (12848, 9), (12946, 1), (13075, 1), (13135, 1), (13246, 1), (13365, 1), (13629, 33), (13662, 1), (13917, 1), (13937, 1), (14339, 1), (14357, 1), (15175, 1), (159, 2), (15455, 2), (15714, 1), (15844, 1), (16079, 1), (16317, 1), (16563, 1), (16717, 2), (16820, 1), (16929, 1), (17914, 1), (18012, 1), (18135, 21)
250 (DF: 8): (2991, 1), (5775, 1), (673, 1), (6800, 2), (11805, 1), (1410, 2), (14216, 1), (14361, 2)
25i (DF: 1): (12436, 2)
25th (DF: 14): (335, 1), (3559, 1), (5370, 1), (5506, 1), (646, 1), (8903, 1), (9653, 1), (10997, 1), (11511, 1), (12636, 1), (13071, 1), (1647, 1), (18430, 1), (18435, 1)
26 (DF: 19): (4106, 1), (6147, 1), (6835, 1), (6926, 1), (65, 1), (704, 1), (7349, 1), (802, 1), (9257, 1), (9519, 20), (10279, 1), (1098, 1), (11127, 1), (13435, 1), (14064, 1), (14090, 1), (15138, 1), (16109, 1), (18265, 3)
268 (DF: 1): (6073, 1)
27 (DF: 20): (2081, 1), (3291, 1), (3746, 2), (4627, 1), (5157, 1), (546, 1), (5801, 2), (6787, 1), (737, 6), (9308, 1), (9325, 1), (9494, 1), (9724, 3), (11316, 1), (11734, 1), (12348, 1), (1313, 1), (13014, 2), (16035, 1), (17779, 1)
270 (DF: 3): (6238, 1), (789, 1), (14254, 1)
274 (DF: 1): (9237, 1)
275 (DF: 1): (56, 1)
27club (DF: 1): (3830, 1)
27th (DF: 2): (13630, 1), (13885, 1)
28 (DF: 10): (2411, 1), (5104, 2), (5941, 1), (6814, 1), (6937, 1), (7634, 1), (9173, 2), (11933, 1), (17219, 1), (18368, 1)
280 (DF: 1): (17013, 1)
285 (DF: 2): (2198, 1), (2397, 1)
28er (DF: 1): (6238, 1)
28th (DF: 1): (17276, 2)
29 (DF: 11): (2256, 1), (3521, 1), (4076, 1), (536, 1), (7133, 1), (8889, 1), (9357, 3), (11933, 1), (15101, 1), (15108, 2), (17047, 2)
29th (DF: 1): (4392, 1)
2am (DF: 9): (2394, 1), (6518, 2), (6655, 1), (9105, 2), (10248, 1), (10588, 1), (11955, 1), (13435, 1), (13676, 1)
2b (DF: 2): (15235, 1), (18137, 2)
2c (DF: 1): (4386, 1)
2c2c (DF: 1): (8161, 1)
2cb (DF: 2): (4386, 1), (17222, 1)
2d (DF: 3): (8777, 1), (13055, 1), (14447, 2)
2g (DF: 3): (5267, 1), (975, 3), (17533, 1)
2hype (DF: 1): (3988, 1)
2i (DF: 2): (5758, 1), (12463, 1)
2k (DF: 4): (2405, 1), (6953, 2), (7411, 1), (16722, 2)
2k12 (DF: 1): (15814, 1)
2k17 (DF: 1): (12777, 1)
2k18 (DF: 2): (3427, 1), (6881, 2)
2k19 (DF: 2): (10138, 1), (16945, 2)
2ki (DF: 2): (5627, 2), (15124, 1)
2kshow (DF: 1): (16100, 2)
2m2h (DF: 1): (13250, 1)
2na (DF: 1): (12379, 2)
2nd (DF: 1): (2237, 1)
