perman (DF: 34): (11711, 1), (11712, 2), (12519, 1), (12520, 2), (12583, 2), (12585, 2), (13276, 1), (13277, 2), (13630, 2), (13631, 2), (13870, 2), (13871, 1), (1561, 2), (1562, 1), (15495, 2), (15496, 2), (1639, 2), (1642, 2), (16189, 2), (16190, 2), (16772, 2), (16773, 2), (16924, 1), (16925, 2), (17357, 2), (17358, 2), (17834, 1), (17835, 2), (3266, 2), (3267, 2), (3268, 6), (12179, 2), (12180, 1), (12182, 2)
permanec (DF: 6): (2325, 1), (353, 2), (4954, 2), (7843, 1), (11938, 2), (16004, 2)
permanent (DF: 18): (2757, 2), (3969, 1), (4846, 1), (5198, 1), (7508, 1), (7533, 2), (8329, 1), (8569, 1), (10632, 1), (11772, 2), (1295, 1), (13666, 1), (1461, 1), (14392, 1), (15310, 1), (16377, 1), (16898, 2), (18141, 1)
permanezc (DF: 1): (15587, 2)
permeat (DF: 2): (4175, 1), (50, 1)
permecito (DF: 1): (7178, 1)
permess (DF: 2): (6250, 1), (17970, 1)
permettent (DF: 1): (3213, 1)
permis (DF: 19): (5040, 1), (5399, 1), (6111, 1), (6872, 1), (7379, 1), (7604, 1), (9387, 4), (10291, 1), (11742, 1), (12191, 2), (1424, 1), (14247, 1), (14346, 1), (14444, 2), (14856, 1), (15653, 1), (16289, 1), (17459, 1), (17668, 1)
permiss (DF: 37): (1999, 18), (3601, 2), (4051, 1), (4155, 6), (4231, 1), (4622, 4), (4720, 1), (497, 1), (5225, 1), (5759, 1), (7569, 1), (781, 6), (7968, 1), (7973, 1), (8009, 1), (8475, 1), (8708, 1), (9064, 1), (10274, 1), (10491, 1), (10576, 2), (1084, 1), (10991, 2), (1200, 1), (12414, 1), (12666, 1), (13546, 4), (13677, 1), (15034, 1), (165, 2), (1640, 3), (169, 3), (16133, 1), (16248, 6), (16561, 1), (16627, 2), (17764, 1)
permit (DF: 32): (19, 1), (2098, 1), (2561, 1), (3211, 3), (3434, 3), (3745, 1), (3908, 3), (450, 2), (5013, 2), (489, 1), (5198, 1), (5592, 1), (5852, 1), (7925, 1), (8218, 1), (8243, 6), (8792, 1), (9412, 1), (972, 1), (9524, 1), (11262, 1), (11605, 1), (1307, 2), (13023, 1), (13935, 1), (14963, 2), (16456, 1), (16696, 2), (17320, 1), (17431, 1), (17671, 1), (17678, 2)
permita (DF: 2): (2205, 1), (2839, 3)
permitam (DF: 5): (2814, 1), (5388, 5), (6682, 5), (11401, 5), (16106, 1)
permitem (DF: 2): (5246, 1), (13362, 2)
perna (DF: 2): (11808, 1), (18397, 2)
pernah (DF: 1): (12477, 1)
pero (DF: 48): (1920, 5), (2322, 1), (299, 2), (306, 1), (3902, 1), (4049, 1), (4109, 1), (4465, 2), (4563, 1), (5369, 1), (5610, 1), (6408, 1), (6657, 2), (7049, 6), (7197, 1), (8132, 2), (8490, 1), (8590, 8), (8597, 2), (8768, 4), (8870, 2), (9095, 1), (9474, 1), (10327, 1), (1087, 4), (11026, 1), (11290, 4), (11424, 1), (11525, 16), (11671, 1), (11685, 2), (12127, 9), (13251, 1), (13765, 2), (14250, 2), (14370, 2), (15589, 1), (15804, 1), (16260, 1), (16264, 6), (16304, 2), (16645, 4), (17161, 6), (17697, 3), (17760, 3), (17917, 3), (17976, 1), (18247, 2)
peron (DF: 2): (6754, 1), (7697, 1)
perot (DF: 1): (16143, 2)
peroxid (DF: 1): (12907, 1)
perpendicular (DF: 2): (7973, 1), (8316, 1)
perpentratin (DF: 2): (4866, 1), (1671, 1)
perpetr (DF: 9): (1902, 1), (2002, 1), (3184, 3), (4326, 1), (4600, 1), (5434, 1), (7635, 1), (8596, 1), (14142, 1)
perpetratin (DF: 6): (4866, 1), (7297, 1), (8238, 1), (12360, 1), (14996, 1), (1671, 1)
perpetu (DF: 21): (2356, 1), (283, 1), (3100, 1), (3201, 1), (28, 3), (3940, 1), (4941, 1), (5137, 1), (6428, 1), (6532, 1), (6553, 2), (7484, 1), (7702, 1), (1058, 1), (10412, 1), (10609, 1), (13616, 1), (13984, 3), (15054, 1), (16475, 2), (17866, 2)
perpin (DF: 1): (9820, 1)
perpintratin (DF: 2): (4866, 1), (1671, 1)
perplex (DF: 4): (3521, 1), (6474, 1), (8492, 1), (17174, 2)
perplexin (DF: 1): (6926, 1)
perq (DF: 1): (16744, 1)
perqu (DF: 2): (4945, 1), (14405, 1)
perquisit (DF: 2): (9153, 1), (16744, 1)
perr (DF: 68): (1932, 2), (2414, 4), (2530, 22), (2604, 2), (2681, 1), (276, 1), (2898, 5), (3062, 1), (3111, 2), (312, 1), (3351, 1), (3358, 1), (3609, 2), (353, 2), (3666, 1), (3724, 6), (3757, 2), (3898, 1), (3916, 1), (4032, 1), (4186, 12), (4189, 1), (4210, 3), (4288, 1), (4289, 1), (4347, 4), (4470, 1), (4532, 2), (4852, 2), (4862, 6), (4916, 8), (5174, 7), (5358, 3), (5363, 1), (5716, 2), (5770, 3), (5991, 3), (53, 1), (6689, 1), (7068, 6), (7151, 4), (7367, 8), (7572, 1), (7646, 2), (7863, 3), (8039, 1), (8236, 2), (8415, 8), (8454, 1), (858, 2), (8478, 12), (8482, 1), (8646, 1), (8733, 4), (9079, 1), (9302, 1), (9431, 1), (9534, 6), (9762, 1), (9974, 2), (10559, 3), (1079, 1), (10952, 8), (11068, 1), (11155, 1), (11203, 1), (11235, 2), (11303, 1)
