jaki (DF: 9): (10756, 1), (1197, 1), (13591, 2), (13770, 1), (15770, 1), (1655, 3), (16366, 1), (16526, 2), (17564, 1)
jakiej (DF: 1): (6441, 4)
jakim (DF: 1): (13591, 2)
jakjeonghamyeon (DF: 1): (7941, 1)
jakko (DF: 1): (9942, 2)
jakku (DF: 4): (12323, 2), (13286, 3), (14754, 2), (15773, 6)
jakkuman (DF: 1): (8505, 3)
jakkyboi (DF: 1): (6730, 1)
jako (DF: 8): (6678, 1), (7677, 2), (10539, 1), (15162, 1), (16247, 1), (16526, 6), (16833, 1), (18065, 1)
jakob (DF: 1): (18101, 1)
jal (DF: 35): (3603, 1), (3669, 1), (4246, 1), (4532, 1), (4568, 1), (44, 1), (5017, 1), (5341, 1), (5535, 1), (5621, 1), (5735, 1), (5786, 1), (7166, 1), (7395, 1), (7863, 2), (8994, 1), (9172, 1), (9196, 1), (9682, 1), (1022, 1), (11203, 1), (11558, 1), (12167, 3), (12276, 1), (13164, 1), (13205, 6), (13370, 1), (13930, 1), (14429, 1), (15732, 1), (15773, 4), (16295, 4), (16802, 1), (16998, 1), (17059, 3)
jala (DF: 1): (11725, 1)
jalam (DF: 1): (14429, 3)
jalan (DF: 2): (12127, 6), (16264, 4)
jalapeño (DF: 1): (8103, 1)
jalart (DF: 1): (13107, 1)
jaldi (DF: 2): (4686, 1), (15929, 1)
jale (DF: 3): (4686, 1), (8994, 1), (988, 1)
jalebi (DF: 1): (10833, 1)
jaleel (DF: 1): (10442, 1)
jalen (DF: 1): (5092, 1)
jalens (DF: 1): (3603, 1)
jales (DF: 1): (3603, 1)
jali (DF: 2): (8510, 1), (10833, 1)
jalisc (DF: 2): (10866, 1), (14172, 2)
jall (DF: 1): (5535, 1)
jaln (DF: 1): (12819, 1)
jalnasseo (DF: 1): (15773, 4)
jaloezi (DF: 2): (7547, 1), (15205, 1)
jalon (DF: 1): (178, 1)
jaloo (DF: 1): (16792, 1)
jalopi (DF: 1): (12736, 1)
jalou (DF: 1): (16208, 4)
jalous (DF: 3): (598, 1), (9884, 1), (15469, 1)
jalousi (DF: 1): (16208, 3)
jaloux (DF: 3): (12042, 1), (16208, 4), (16701, 1)
jalvarezmusic (DF: 1): (11741, 2)
jam (DF: 226): (2002, 3), (2064, 1), (2102, 1), (2228, 2), (2351, 7), (2411, 1), (2434, 25), (2470, 1), (2529, 2), (2604, 1), (2697, 1), (2706, 1), (2865, 6), (2999, 1), (3019, 1), (3218, 1), (3225, 1), (3290, 3), (3350, 1), (3369, 1), (349, 1), (3561, 1), (3594, 1), (3641, 1), (3665, 3), (3707, 2), (363, 1), (3765, 1), (3772, 1), (3909, 4), (3911, 5), (3922, 1), (3938, 1), (3941, 1), (3951, 1), (3999, 1), (4011, 6), (4023, 1), (4030, 3), (4069, 1), (4090, 1), (4136, 4), (4197, 1), (4218, 6), (4249, 1), (4308, 46), (4319, 1), (4440, 1), (442, 1), (4580, 2), (449, 1), (4664, 1), (4668, 1), (4687, 1), (4690, 1), (4703, 3), (4770, 1), (4854, 44), (4885, 1), (4897, 1), (4937, 1), (4961, 3), (486, 2), (5032, 1), (5166, 10), (5223, 1), (5345, 1), (5349, 1), (5386, 1), (5446, 1), (540, 1), (5473, 3), (5482, 12), (5503, 2), (5507, 1), (5513, 2), (5682, 1), (5686, 10), (563, 2), (5722, 1), (5723, 1), (5728, 1), (5754, 2), (5862, 1), (6024, 1), (6025, 1), (6141, 1), (6175, 1), (6236, 1), (6268, 1), (6280, 2), (624, 1), (6326, 2), (6327, 1), (6337, 1), (632, 1), (6411, 1), (6420, 1), (6422, 1), (6490, 1), (6527, 1), (6597, 1), (6603, 1), (6636, 1), (666, 1), (6721, 2), (6737, 1), (6768, 1), (6812, 1), (676, 1), (6851, 7), (6886, 9), (6950, 1), (6999, 2), (7061, 2), (7102, 1), (7115, 1), (7120, 1), (7132, 1), (7186, 3), (7189, 1), (7218, 2), (7247, 2), (7254, 2), (724, 1), (7435, 5), (7467, 1), (7520, 1), (7528, 2), (7535, 12), (7571, 1), (7611, 1), (7624, 1), (7635, 1), (7650, 2), (7671, 1), (7758, 1), (7763, 1), (7811, 1), (7860, 2), (7862, 1), (7876, 2), (7998, 1), (8062, 1), (8069, 1), (8079, 1), (8097, 2), (8174, 1), (8215, 1), (8243, 7), (8284, 1), (8316, 1), (8325, 1), (841, 1), (8407, 1), (8475, 1), (8596, 1), (8613, 1), (8625, 1), (8661, 2), (8674, 1), (8687, 1), (8721, 1), (8759, 2), (8768, 1), (8780, 1), (904, 1), (8842, 3), (8848, 2), (8950, 1), (9012, 4), (9077, 1), (9115, 11), (9125, 1), (9129, 1), (9154, 1), (9249, 1), (9278, 1), (9312, 1), (9348, 1), (9354, 1), (964, 1), (9427, 8), (9594, 1), (9597, 1), (9658, 1), (988, 1), (9752, 3), (9816, 1), (9886, 1), (1011, 2), (9949, 8), (9985, 1), (10041, 1), (10072, 1), (10084, 2), (10136, 6), (10144, 1), (10185, 6), (10234, 2), (10250, 1), (10371, 2), (10433, 1), (1076, 1), (10622, 2), (10629, 1), (1089, 4), (10700, 2), (10748, 1), (10794, 2), (10807, 2), (10839, 1), (10844, 1), (1110, 1), (11077, 1), (11194, 1), (11212, 1), (11324, 3), (11341, 1), (11367, 4), (11379, 1), (11408, 1), (11535, 2), (11577, 1), (11624, 2), (11694, 1)
