verd (DF: 98): (11081, 2), (11157, 2), (11169, 3), (11175, 4), (11243, 3), (11317, 1), (11350, 2), (11356, 2), (11361, 2), (11533, 1), (11605, 1), (11610, 2), (11734, 1), (11740, 1), (11750, 1), (11866, 2), (1213, 14), (11932, 1), (11938, 1), (11979, 1), (12082, 1), (12214, 1), (12307, 1), (12352, 2), (12354, 1), (1254, 3), (12430, 1), (12493, 5), (12615, 1), (1284, 3), (12863, 2), (12949, 3), (12970, 5), (13066, 8), (13230, 1), (13382, 1), (1366, 1), (1379, 4), (13714, 1), (13717, 1), (13864, 1), (13971, 2), (13973, 2), (13985, 1), (14085, 1), (1441, 2), (14239, 1), (14280, 1), (1474, 2), (14450, 1), (14525, 2), (14541, 1), (14624, 1), (14703, 1), (1501, 1), (14953, 2), (15290, 3), (15369, 1), (15382, 1), (15424, 2), (15473, 1), (15733, 1), (15737, 1), (15934, 2), (16143, 4), (16345, 1), (16403, 4), (16407, 2), (16470, 3), (1682, 1), (16557, 3), (16751, 1), (16840, 1), (16889, 2), (16905, 2), (16951, 2), (16973, 2), (17063, 1), (17146, 4), (17202, 1), (17345, 4), (17368, 1), (180, 1), (17405, 1), (17459, 1), (17468, 2), (1769, 5), (17494, 1), (17735, 1), (1800, 3), (17788, 6), (17803, 2), (17821, 1), (17861, 1), (17941, 1), (18119, 4), (18302, 1), (18427, 1)
verdad (DF: 26): (1979, 1), (2277, 1), (2476, 4), (3007, 1), (3364, 1), (3467, 1), (347, 1), (4167, 1), (5011, 1), (5118, 2), (5271, 2), (5860, 1), (6862, 1), (7049, 2), (7270, 1), (8242, 1), (8597, 3), (1072, 2), (10651, 1), (11200, 1), (1415, 4), (14346, 1), (16199, 1), (16353, 1), (16555, 1), (17649, 3)
verdadeiro (DF: 1): (6234, 1)
verdader (DF: 49): (3093, 4), (3214, 1), (4143, 1), (4419, 1), (4909, 1), (4916, 1), (5040, 1), (5696, 2), (5792, 1), (5986, 1), (6175, 1), (6336, 1), (7082, 1), (8518, 4), (8805, 3), (9060, 12), (9248, 1), (9431, 1), (9568, 1), (9636, 2), (1004, 1), (9960, 8), (10393, 2), (11030, 1), (11391, 1), (11540, 2), (11866, 2), (12191, 1), (13095, 1), (13138, 1), (13205, 2), (13935, 1), (14035, 2), (14087, 1), (14240, 1), (14260, 1), (14412, 1), (1563, 1), (15443, 1), (1631, 1), (16079, 1), (16373, 1), (1677, 1), (16715, 18), (16884, 1), (17115, 1), (17418, 12), (1810, 2), (18050, 4)
verdaderament (DF: 1): (16400, 1)
verdammt (DF: 10): (3570, 6), (397, 1), (4743, 1), (8340, 1), (10215, 1), (10239, 1), (12872, 1), (14153, 2), (1616, 1), (16745, 1)
verdank (DF: 3): (483, 1), (11459, 1), (1654, 1)
verdant (DF: 1): (794, 1)
verdeal (DF: 1): (1238, 1)
verdeckt (DF: 2): (10074, 1), (12684, 1)
verdel (DF: 1): (16600, 1)
verden (DF: 5): (4425, 9), (6292, 2), (9498, 1), (10543, 1), (11019, 3)
verder (DF: 5): (6008, 1), (1318, 1), (16101, 1), (16349, 1), (18323, 1)
verderb (DF: 1): (7411, 1)
verdi (DF: 22): (2078, 1), (2463, 1), (2574, 1), (3067, 1), (3381, 1), (3409, 1), (5890, 1), (5955, 4), (6835, 1), (7373, 1), (8247, 1), (8829, 1), (10215, 1), (11024, 2), (11521, 1), (13012, 1), (13085, 1), (13102, 1), (14419, 1), (15269, 1), (15517, 1), (15536, 1)
verdict (DF: 6): (3164, 1), (5862, 1), (6374, 2), (7098, 1), (9550, 1), (15870, 1)
verdien (DF: 3): (14555, 1), (15010, 1), (16435, 1)
verdiend (DF: 2): (6008, 1), (1432, 8)
verdienen (DF: 1): (14952, 6)
verdient (DF: 7): (5890, 1), (12363, 2), (13085, 1), (13201, 2), (14254, 1), (14555, 1), (16640, 1)
verdiklerim (DF: 1): (11144, 1)
verdiklerin (DF: 1): (11144, 1)
verdin (DF: 2): (6497, 1), (7563, 3)
verdirbt (DF: 1): (8498, 1)
verdoi (DF: 1): (4986, 2)
verdoppel (DF: 3): (246, 1), (8260, 1), (13093, 1)
verdoppeln (DF: 1): (13012, 1)
verdoppl (DF: 1): (6748, 1)
verdoven (DF: 1): (4297, 1)
verdrahtet (DF: 1): (16579, 1)
verdrang (DF: 2): (10074, 1), (10659, 1)
verdrangt (DF: 2): (2327, 1), (9999, 1)
verdreh (DF: 1): (6600, 1)
verdreht (DF: 1): (8340, 1)
verdreifach (DF: 1): (10603, 1)
verdreifacht (DF: 1): (5382, 1)
verdriet (DF: 2): (6008, 1), (12767, 3)
verdug (DF: 3): (2316, 2), (7239, 2), (11203, 2)
verdunkelt (DF: 1): (6835, 1)
verdur (DF: 1): (9196, 3)
verdwaal (DF: 1): (6008, 1)
verdwaald (DF: 1): (5917, 1)
verdwenen (DF: 1): (6641, 1)
vered (DF: 3): (276, 1), (3351, 1), (12672, 1)
verein (DF: 2): (10523, 1), (13125, 1)
vereinigt (DF: 2): (13755, 1), (17630, 1)
verf (DF: 1): (18253, 1)
verfahr (DF: 1): (18415, 1)
verfehlt (DF: 1): (198, 1)
verfickt (DF: 1): (1244, 1)
verfluch (DF: 2): (7411, 1), (14263, 1)
verflucht (DF: 1): (13226, 1)
verfolg (DF: 2): (5890, 1), (11476, 1)
verfolgt (DF: 1): (14970, 3)
