demasi (DF: 11): (13370, 2), (13971, 1), (14107, 4), (14437, 1), (16253, 1), (16462, 1), (16678, 1), (16951, 2), (17905, 3), (18220, 2), (18248, 1)
demasia (DF: 7): (2782, 2), (4434, 1), (4504, 1), (6532, 2), (11750, 2), (14012, 1), (16475, 4)
demasiado (DF: 1): (16645, 2)
demassoy (DF: 1): (2530, 1)
dembow (DF: 44): (2114, 34), (2277, 1), (2617, 93), (3111, 6), (3489, 1), (3536, 47), (364, 2), (3757, 2), (4081, 3), (4419, 48), (450, 16), (5522, 20), (5796, 1), (6207, 2), (6326, 1), (6909, 1), (7068, 1), (7641, 1), (7646, 2), (7773, 27), (7925, 8), (7989, 1), (8218, 3), (8236, 6), (8466, 3), (8478, 8), (9974, 1), (10728, 2), (11005, 4), (11235, 6), (11968, 1), (12350, 1), (12351, 1), (13197, 1), (13663, 34), (13985, 1), (14035, 10), (15330, 4), (16223, 1), (16905, 2), (17528, 8), (17625, 2), (18000, 8), (18445, 1)
dembows (DF: 1): (3587, 2)
demboy (DF: 1): (9498, 1)
demean (DF: 1): (7181, 1)
demeanor (DF: 12): (2747, 1), (409, 2), (65, 1), (7798, 1), (8347, 1), (9256, 1), (10279, 1), (10878, 1), (15138, 1), (1552, 1), (15595, 1), (18265, 3)
demeanour (DF: 2): (5082, 1), (9724, 1)
demenci (DF: 9): (5475, 4), (6553, 2), (7258, 1), (8218, 1), (8902, 1), (13233, 1), (13971, 1), (14863, 1), (15415, 1)
dement (DF: 19): (2805, 8), (2889, 1), (6808, 1), (8255, 1), (8922, 6), (9475, 1), (1008, 2), (10233, 1), (10330, 1), (10407, 1), (12, 4), (12351, 3), (15178, 3), (15192, 2), (16106, 1), (16820, 1), (17059, 3), (1732, 1), (17735, 1)
dementia (DF: 2): (2821, 1), (4855, 2)
demerol (DF: 1): (15532, 2)
demi (DF: 33): (2771, 1), (2897, 1), (3682, 2), (4408, 2), (4716, 2), (492, 1), (5082, 1), (5135, 1), (5351, 2), (5403, 1), (5446, 1), (5855, 1), (5912, 1), (7036, 1), (7454, 1), (7764, 1), (8497, 1), (9900, 1), (11380, 2), (11856, 1), (12234, 1), (1294, 1), (1316, 1), (13059, 2), (13809, 3), (14593, 2), (15341, 2), (1585, 1), (15950, 2), (16002, 1), (17438, 1), (17535, 1), (18364, 1)
demis (DF: 19): (2032, 1), (2677, 1), (295, 2), (3754, 2), (5010, 1), (6269, 2), (6785, 1), (8177, 1), (8955, 1), (11023, 1), (1261, 1), (14037, 1), (14717, 2), (15126, 3), (15826, 1), (15850, 1), (16566, 2), (16954, 1), (18400, 1)
demiurg (DF: 1): (14627, 1)
demo (DF: 26): (1902, 1), (2048, 1), (2895, 1), (4294, 1), (4535, 1), (6226, 1), (6673, 1), (6698, 2), (7894, 1), (7990, 1), (8077, 1), (8407, 1), (9202, 1), (9270, 1), (10304, 2), (1176, 1), (11749, 1), (11942, 1), (12173, 2), (12853, 1), (16209, 2), (16539, 1), (16744, 1), (17533, 1), (18240, 1), (18352, 1)
democraci (DF: 12): (2564, 1), (311, 1), (5537, 1), (6013, 1), (6312, 1), (6695, 1), (8500, 1), (976, 1), (10303, 1), (10545, 1), (12464, 2), (16493, 1)
democrat (DF: 5): (245, 1), (7559, 1), (10491, 1), (12385, 1), (14260, 1)
demol (DF: 1): (4651, 1)
demoledor (DF: 2): (11911, 2), (15894, 2)
demoli (DF: 1): (10523, 1)
demolish (DF: 1): (4282, 2)
demolit (DF: 6): (2816, 1), (2837, 1), (6783, 1), (1246, 1), (14581, 4), (1528, 4)
demon (DF: 135): (2, 1), (1925, 2), (2058, 1), (2184, 1), (2254, 1), (2256, 1), (2319, 1), (237, 1), (2520, 2), (2556, 1), (2737, 1), (2776, 2), (2795, 1), (2804, 1), (2987, 1), (3033, 2), (3247, 2), (332, 2), (3426, 2), (3483, 1), (3511, 13), (3524, 1), (3562, 1), (3797, 1), (378, 1), (3948, 1), (4076, 1), (407, 1), (4122, 1), (4377, 1), (4400, 2), (4538, 2), (4569, 1), (4620, 4), (469, 6), (4814, 1), (4878, 1), (5081, 1), (507, 1), (5228, 1), (5238, 1), (5241, 1), (5347, 1), (5372, 1), (5419, 1), (5479, 1), (5511, 14), (5556, 1), (5676, 1), (5865, 1), (592, 3), (603, 1), (6158, 1), (6192, 13), (6258, 1), (622, 1), (6307, 1), (6352, 1), (6413, 1), (643, 1), (6527, 1), (6568, 1), (6612, 9), (657, 1), (6853, 2), (6867, 1), (6902, 1), (6946, 2), (6956, 1), (7006, 1), (7009, 1), (7051, 1), (7072, 8), (7235, 1), (7454, 1), (7678, 1), (7691, 2), (7748, 1), (7903, 3), (7990, 1), (8038, 1), (8062, 1), (8125, 2), (825, 18), (8221, 3), (8228, 1), (8337, 25), (8384, 1), (8472, 1), (8579, 1), (8788, 1), (8854, 6), (8889, 1), (9026, 1), (9219, 5), (941, 1), (9268, 1), (9273, 6), (9328, 1), (9353, 1), (9361, 1), (9388, 1), (9459, 4), (9470, 1), (9742, 1), (9771, 3), (9820, 1), (9892, 1), (1015, 3), (9966, 2), (1021, 1), (10115, 4), (10118, 1), (10127, 2), (10160, 3), (10176, 1), (10195, 1), (10357, 1), (10398, 1), (10415, 4), (10478, 2), (10485, 1), (10495, 2), (10537, 3), (10635, 2), (10702, 1), (10721, 2), (10885, 1), (10891, 1), (11012, 1), (1130, 2), (11178, 1), (11267, 3), (1157, 1), (11411, 1)
