mientr (DF: 119): (6438, 2), (648, 2), (6808, 2), (6917, 1), (7284, 1), (7379, 2), (7392, 2), (7395, 2), (7426, 3), (7749, 2), (7925, 1), (7948, 1), (8036, 4), (8205, 1), (858, 1), (8846, 4), (8914, 1), (8945, 3), (918, 1), (9060, 3), (9302, 6), (9383, 1), (9430, 1), (9516, 1), (9524, 3), (9568, 1), (9575, 1), (982, 6), (1005, 1), (9960, 4), (9974, 2), (10036, 1), (1022, 1), (10060, 2), (10217, 6), (10410, 2), (109, 1), (10607, 3), (10728, 1), (10819, 4), (10838, 2), (1109, 1), (11017, 1), (11068, 2), (117, 2), (11203, 1), (11235, 6), (11331, 1), (11367, 2), (1159, 1), (11391, 3), (11393, 2), (11433, 2), (11464, 2), (11517, 7), (11526, 2), (11635, 1), (11643, 14), (11696, 1), (11750, 1), (11924, 1), (12098, 1), (12130, 1), (12177, 4), (12449, 1), (12474, 1), (12541, 3), (12804, 1), (1307, 1), (12885, 1), (13107, 1), (13117, 4), (13157, 5), (13188, 1), (13437, 1), (13707, 2), (13744, 6), (13864, 1), (143, 1), (13986, 3), (14106, 2), (14207, 2), (14215, 2), (14289, 2), (14301, 1), (14322, 1), (14392, 1), (14408, 4), (14579, 2), (14602, 2), (1501, 1), (15006, 2), (15062, 2), (1582, 1), (15894, 1), (15922, 1), (1631, 2), (1665, 1), (1668, 12), (16373, 2), (16420, 1), (173, 1), (16711, 1), (16787, 1), (16820, 1), (17171, 1), (17213, 2), (17255, 1), (17443, 7), (17944, 4), (17961, 1), (17972, 1), (18222, 1), (18264, 1), (18295, 1), (18326, 16), (1878, 1), (2033, 2), (2034, 1)
mientra (DF: 1): (6006, 1)
mier (DF: 2): (11997, 3), (14700, 1)
miercol (DF: 1): (2108, 1)
mierd (DF: 58): (2656, 2), (2662, 1), (2967, 2), (3269, 1), (3587, 2), (3724, 3), (3881, 1), (4081, 4), (417, 1), (4560, 1), (4651, 1), (4799, 1), (477, 1), (4862, 3), (5174, 1), (5358, 1), (5696, 2), (5792, 2), (5990, 7), (6485, 1), (7258, 1), (7820, 2), (8131, 1), (8278, 1), (8466, 4), (858, 6), (8518, 1), (8580, 1), (9185, 1), (10781, 1), (11237, 1), (11317, 1), (11371, 3), (11391, 2), (11412, 1), (11576, 3), (12350, 1), (13141, 1), (13799, 8), (143, 2), (14000, 1), (14087, 1), (14124, 1), (14260, 1), (1481, 12), (14697, 2), (1501, 2), (1631, 1), (16022, 2), (16373, 1), (16438, 1), (1686, 2), (16751, 1), (16820, 1), (17202, 1), (17368, 1), (17534, 2), (17604, 2)
mierda (DF: 2): (299, 1), (12251, 1)
miertelni (DF: 1): (17071, 3)
miertelno (DF: 1): (17071, 2)
mieru (DF: 1): (16209, 1)
mierz (DF: 1): (7313, 1)
mierzi (DF: 1): (15162, 1)
mierzysz (DF: 1): (2951, 1)
mies (DF: 21): (198, 2), (2463, 1), (2729, 1), (4004, 1), (4387, 1), (4876, 1), (483, 1), (6835, 1), (681, 1), (9457, 1), (11476, 1), (11493, 2), (12822, 1), (12839, 1), (13085, 1), (13520, 6), (151, 1), (14690, 1), (1654, 1), (16507, 25), (18415, 1)
miesz (DF: 2): (16366, 1), (16526, 4)
mieszka (DF: 1): (11378, 1)
mieszkani (DF: 1): (15698, 1)
mieszkania (DF: 2): (10784, 1), (14899, 1)
mieszkaniu (DF: 1): (13770, 3)
mieszn (DF: 1): (7916, 1)
miesznym (DF: 1): (661, 1)
miet (DF: 4): (2881, 1), (10603, 1), (15536, 1), (16290, 1)
mietj (DF: 1): (16499, 1)
mietwag (DF: 2): (6748, 1), (8678, 1)
mietwagentap (DF: 1): (681, 1)
mieux (DF: 4): (349, 1), (4197, 1), (598, 1), (12042, 1)
miewam (DF: 1): (13770, 1)
miezu (DF: 1): (10304, 1)
mig (DF: 49): (2018, 26), (2152, 1), (229, 14), (2759, 1), (3527, 2), (3591, 7), (413, 16), (4295, 3), (4425, 11), (4714, 12), (4991, 16), (5013, 4), (5126, 1), (6292, 6), (6674, 9), (7077, 9), (7200, 7), (7428, 6), (8036, 2), (8243, 12), (8564, 9), (9196, 1), (10050, 10), (10543, 9), (10592, 5), (11019, 6), (11071, 1), (11364, 30), (11944, 2), (11953, 3), (12273, 4), (12723, 3), (1296, 1), (13321, 1), (13626, 3), (13659, 16), (14092, 4), (1465, 3), (15844, 27), (16208, 5), (16226, 2), (16307, 15), (16525, 1), (16718, 5), (16820, 1), (17294, 3), (17567, 12), (17702, 23), (1803, 1)
miga (DF: 2): (4358, 1), (16366, 1)
migaj (DF: 1): (14260, 1)
migam (DF: 4): (4358, 5), (4914, 4), (16108, 2), (16860, 5)
miggida (DF: 1): (5037, 32)
miggiti (DF: 1): (204, 1)
might (DF: 18): (3, 1), (191, 2), (1885, 2), (1896, 1), (1911, 1), (1919, 1), (1952, 2), (1959, 3), (1972, 9), (1977, 1), (1981, 1), (1994, 2), (1996, 1), (2002, 1), (2028, 1), (2039, 2), (2046, 1), (2047, 1)
