click (DF: 114): (7249, 2), (7265, 8), (7276, 4), (7297, 1), (7376, 1), (7421, 1), (7432, 6), (7751, 2), (7860, 1), (7892, 2), (7950, 24), (7991, 1), (8052, 2), (8107, 1), (8113, 1), (8127, 1), (8231, 1), (8235, 1), (8238, 1), (8369, 2), (8470, 2), (8498, 2), (8726, 1), (8736, 1), (8822, 1), (8852, 29), (9102, 2), (9226, 2), (9363, 1), (9379, 1), (9387, 1), (9515, 1), (980, 6), (9668, 1), (9689, 1), (992, 10), (9763, 2), (9844, 1), (9922, 1), (10014, 1), (10240, 2), (10257, 1), (10480, 1), (10571, 1), (10599, 5), (10701, 1), (10808, 1), (10815, 1), (10838, 2), (10854, 3), (1132, 1), (11470, 1), (11559, 1), (11624, 1), (11650, 1), (11694, 6), (11867, 1), (1211, 1), (11946, 1), (12000, 1), (12017, 24), (12034, 1), (12190, 2), (12308, 1), (1253, 1), (12588, 1), (12643, 2), (12854, 6), (13045, 2), (13102, 2), (13338, 1), (13398, 1), (13432, 1), (13629, 1), (13825, 1), (13897, 2), (13925, 2), (14019, 1), (14078, 1), (14361, 1), (14561, 1), (1501, 1), (14801, 2), (14806, 1), (14835, 1), (14868, 10), (14870, 1), (15278, 4), (15407, 1), (15448, 5), (15479, 1), (15607, 2), (15727, 2), (15943, 2), (15961, 1), (15988, 1), (16111, 1), (16130, 1), (16140, 1), (16184, 20), (16319, 1), (1674, 1), (16477, 1), (16759, 1), (17043, 1), (17257, 1), (17419, 2), (18051, 1), (18207, 1), (18245, 1), (18291, 1), (18342, 1), (18369, 1), (18391, 2)
clicka (DF: 1): (14840, 2)
clickbait (DF: 4): (2160, 1), (3521, 1), (8917, 1), (12185, 2)
clickbaiting (DF: 1): (3972, 1)
clicker (DF: 2): (7297, 1), (8238, 1)
clickin (DF: 10): (2220, 1), (4533, 1), (5907, 1), (6304, 1), (7249, 1), (9873, 1), (1211, 1), (1249, 1), (13803, 1), (18270, 2)
clickiti (DF: 2): (3439, 1), (10236, 12)
clickity (DF: 1): (5955, 1)
cliclon (DF: 1): (10780, 10)
clicquot (DF: 7): (3079, 2), (5137, 1), (952, 2), (1058, 1), (12200, 1), (1448, 1), (16053, 1)
client (DF: 9): (342, 1), (53, 1), (637, 4), (8231, 1), (12672, 1), (12798, 1), (15263, 1), (1661, 1), (16321, 7)
clientel (DF: 16): (2091, 2), (4641, 1), (5085, 1), (5349, 1), (5729, 1), (7550, 1), (8107, 1), (9745, 2), (10571, 1), (12184, 2), (12266, 1), (12757, 1), (15041, 2), (15869, 2), (16684, 1), (18051, 1)
cliff (DF: 16): (2399, 1), (2593, 1), (2747, 1), (4396, 1), (5165, 1), (6038, 1), (6649, 1), (7238, 1), (8397, 1), (9075, 1), (10711, 1), (12962, 4), (13231, 2), (16432, 1), (1699, 1), (16863, 1)
cliffhangin (DF: 1): (6799, 1)
clifford (DF: 1): (3598, 1)
clik (DF: 6): (2198, 1), (3569, 1), (4009, 1), (5050, 3), (7829, 1), (8009, 1)
clim (DF: 6): (6425, 1), (711, 1), (1255, 2), (14222, 4), (14627, 1), (16715, 1)
clima (DF: 8): (3364, 3), (3838, 1), (4357, 1), (7211, 1), (9812, 1), (11979, 4), (15562, 2), (16310, 2)
climat (DF: 17): (2592, 1), (285, 1), (3417, 1), (5338, 1), (8209, 1), (9742, 1), (9767, 1), (9826, 1), (10100, 3), (10919, 1), (11193, 1), (11757, 1), (12585, 7), (13480, 1), (14228, 1), (15339, 1), (1613, 1)
climax (DF: 9): (2105, 1), (5453, 1), (7159, 2), (8231, 1), (10825, 6), (12135, 1), (13513, 1), (14762, 1), (16460, 1)
climaxxx (DF: 2): (875, 1), (16968, 1)
climb (DF: 134): (1900, 2), (1902, 1), (1910, 1), (1951, 2), (1971, 1), (2104, 1), (2228, 2), (2321, 1), (2395, 2), (2398, 3), (2485, 2), (2537, 3), (2596, 2), (247, 2), (2677, 1), (2692, 1), (2753, 1), (2845, 1), (2918, 6), (2935, 1), (2942, 1), (3040, 1), (3137, 1), (3152, 1), (3164, 1), (3209, 3), (3260, 1), (3289, 2), (3311, 1), (3439, 1), (3469, 2), (3512, 3), (3537, 2), (3582, 1), (3625, 10), (3668, 2), (3739, 1), (3741, 1), (3796, 1), (3802, 1), (3811, 1), (4230, 3), (4273, 1), (4296, 1), (4299, 5), (4581, 2), (4596, 1), (4746, 1), (40, 1), (4764, 1), (4821, 1), (4836, 3), (5069, 2), (5153, 2), (5189, 3), (5203, 1), (5298, 1), (5393, 1), (5424, 1), (5464, 3), (5589, 2), (5683, 1), (5880, 1), (588, 1), (5992, 1), (5996, 1), (601, 1), (6374, 2), (6407, 2), (6607, 2), (6643, 1), (6671, 1), (6763, 1), (6779, 2), (6973, 2), (7002, 1), (7007, 2), (7064, 1), (7102, 2), (7238, 1), (7267, 1), (7327, 1), (7420, 1), (740, 6), (7472, 1), (7652, 4), (7655, 1), (7724, 1), (7739, 1), (73, 1), (8011, 1), (8172, 1), (8182, 3), (8231, 1), (8269, 18), (8339, 2), (8364, 1), (8368, 1), (8448, 1), (8501, 1), (881, 1), (904, 1), (8864, 2), (8964, 4), (8982, 1), (8995, 4), (9014, 2), (9171, 4), (9229, 3), (9231, 6), (9257, 1), (9336, 2), (9370, 2), (9386, 1), (969, 1), (9594, 1), (9633, 1), (9694, 2), (9720, 2), (1001, 1), (9950, 3), (9953, 1), (10040, 1), (10140, 1), (10282, 2), (10318, 2), (10593, 1), (10678, 1), (10730, 1), (10765, 1), (10767, 6), (10864, 2), (10919, 1), (10996, 5)
