have (DF: 1): (11915, 1)
havelock (DF: 1): (3940, 1)
haveta (DF: 1): (17224, 1)
havi (DF: 1): (14118, 1)
havin (DF: 181): (2142, 3), (2164, 1), (2235, 1), (2305, 1), (2489, 1), (2495, 1), (245, 1), (2726, 3), (2786, 1), (2957, 16), (2995, 1), (3009, 2), (3179, 2), (3237, 4), (322, 1), (3430, 2), (339, 6), (3513, 1), (350, 1), (3680, 3), (3731, 1), (369, 1), (3804, 1), (3924, 1), (3938, 3), (4188, 2), (4374, 1), (457, 1), (4907, 1), (4941, 1), (510, 1), (5434, 1), (5583, 2), (5783, 2), (6012, 1), (6073, 12), (6168, 4), (6281, 2), (6342, 1), (6392, 1), (6465, 1), (6558, 1), (6732, 1), (6784, 1), (6837, 1), (6876, 4), (6890, 1), (6937, 1), (7084, 3), (7090, 1), (7180, 1), (7220, 2), (7369, 1), (7559, 1), (7751, 2), (7791, 5), (7857, 1), (7988, 2), (824, 3), (8233, 1), (8424, 3), (8825, 1), (9102, 1), (939, 1), (9295, 1), (9468, 2), (975, 3), (9668, 1), (9752, 1), (9846, 1), (9944, 4), (1018, 1), (10153, 1), (1049, 1), (1050, 1), (10392, 2), (10404, 1), (10415, 2), (10421, 8), (10471, 2), (10511, 3), (1084, 1), (10653, 1), (1092, 1), (10749, 3), (10783, 1), (10871, 1), (11054, 1), (11140, 1), (11217, 2), (11225, 12), (11245, 1), (11265, 1), (1152, 1), (11357, 2), (1157, 1), (11547, 1), (11797, 1), (11970, 1), (12040, 4), (12060, 6), (12170, 2), (12218, 1), (12344, 2), (1262, 2), (12494, 1), (12690, 8), (12720, 1), (12864, 3), (12868, 1), (12879, 1), (13083, 1), (13104, 6), (13143, 1), (13183, 1), (1336, 1), (13287, 1), (13398, 2), (13440, 1), (1367, 1), (138, 1), (13600, 2), (13769, 1), (13841, 1), (13855, 1), (13923, 4), (13970, 1), (14028, 1), (14032, 7), (14055, 1), (14057, 2), (14255, 2), (14307, 1), (14320, 1), (14427, 5), (14443, 1), (14589, 1), (14619, 4), (14692, 1), (14718, 1), (14742, 1), (14786, 12), (14800, 1), (14813, 2), (15008, 4), (15093, 1), (15113, 2), (15225, 1), (15229, 2), (15327, 1), (15512, 1), (15604, 1), (15833, 1), (15838, 3), (15904, 2), (15937, 1), (16168, 1), (16582, 1), (16670, 1), (16794, 1), (17349, 1), (17367, 2), (17507, 2), (17550, 1), (17559, 12), (17561, 1), (17581, 1), (17599, 3), (17626, 9), (17635, 1), (17657, 1), (17809, 1), (17850, 2), (18022, 1), (18039, 1), (18152, 8), (18194, 2), (18267, 1), (1847, 1), (18382, 1), (18390, 1)
havoc (DF: 12): (2746, 1), (3479, 1), (4027, 1), (4622, 1), (6623, 2), (7992, 2), (11459, 1), (14156, 1), (14345, 2), (15726, 2), (15850, 1), (1643, 1)
havra (DF: 1): (8977, 1)
haw (DF: 5): (792, 14), (9730, 1), (1151, 3), (13563, 7), (16576, 14)
hawa (DF: 2): (4686, 1), (14335, 2)
hawaian (DF: 1): (2088, 1)
hawaii (DF: 15): (1949, 1), (3923, 1), (9228, 1), (9788, 3), (9944, 2), (10044, 1), (10377, 1), (12533, 10), (13174, 10), (13648, 1), (14212, 1), (15873, 1), (16180, 1), (17602, 3), (18342, 1)
hawaiian (DF: 10): (964, 1), (10404, 2), (10690, 2), (11534, 1), (11714, 1), (14533, 1), (14634, 1), (15212, 1), (18082, 1), (1847, 2)
hawakan (DF: 1): (8490, 1)
hawk (DF: 21): (2418, 2), (2729, 1), (3469, 1), (4681, 1), (5252, 3), (6215, 1), (6375, 1), (6721, 1), (6995, 1), (7238, 1), (7973, 1), (11079, 1), (11646, 2), (12125, 1), (12335, 2), (13961, 2), (14526, 1), (15251, 1), (16068, 1), (16100, 2), (18448, 1)
hawkin (DF: 4): (441, 1), (6490, 1), (9063, 1), (15276, 1)
hawking (DF: 1): (8264, 1)
hawkish (DF: 1): (3084, 3)
hawkwind (DF: 1): (8656, 1)
hawley (DF: 1): (2400, 1)
hawthorn (DF: 3): (5839, 1), (14369, 1), (18180, 1)
haxa (DF: 1): (6844, 1)
haxi (DF: 2): (13307, 1), (13717, 1)
haxix (DF: 4): (3353, 1), (7563, 1), (8938, 2), (13307, 2)
hay (DF: 47): (202, 2), (2220, 1), (2277, 1), (2636, 1), (2832, 1), (3420, 1), (4214, 3), (4258, 1), (4465, 2), (4468, 1), (4665, 3), (4985, 1), (5369, 1), (5494, 1), (5569, 4), (5894, 1), (5979, 2), (6137, 1), (6197, 2), (6206, 2), (6663, 3), (7020, 1), (7049, 2), (8456, 2), (8736, 1), (10249, 1), (10363, 1), (10670, 1), (10744, 2), (10815, 1), (11487, 1), (12038, 21), (12090, 1), (12151, 1), (12971, 1), (13181, 2), (13522, 1), (14370, 2), (1511, 2), (14998, 2), (15859, 1), (16496, 3), (16645, 1), (16707, 1), (17349, 1), (17697, 1), (18351, 1)
haya (DF: 2): (3565, 1), (16645, 2)
hayabus (DF: 4): (44, 1), (5341, 1), (10838, 2), (13164, 1)
hayabusa (DF: 2): (3067, 1), (7373, 1)
