frozen (DF: 64): (7439, 1), (7761, 2), (7839, 1), (7892, 1), (823, 1), (8333, 1), (9015, 1), (9080, 1), (9147, 1), (9256, 1), (963, 1), (9472, 1), (9505, 3), (9721, 2), (9904, 1), (9925, 2), (10300, 1), (1075, 2), (10698, 8), (10752, 1), (1103, 1), (10864, 1), (10884, 6), (11374, 1), (11415, 3), (11739, 1), (11855, 3), (12161, 2), (1272, 1), (13025, 1), (13530, 1), (13628, 2), (13676, 1), (140, 2), (13870, 1), (13961, 1), (14125, 1), (14167, 4), (14771, 2), (14855, 1), (14867, 4), (14928, 1), (155, 9), (15386, 1), (1590, 1), (1600, 3), (15687, 1), (15762, 1), (15846, 1), (16152, 2), (16233, 6), (16427, 1), (16548, 2), (16863, 1), (17042, 1), (17186, 3), (17723, 1), (17935, 1), (18038, 1), (18191, 4), (18338, 2), (7912, 1), (7913, 2), (18336, 1)
frsh (DF: 1): (8418, 1)
fruca (DF: 1): (16619, 1)
fruchtpunch (DF: 1): (10860, 1)
frugal (DF: 2): (14564, 2), (17005, 1)
frugin (DF: 1): (13440, 1)
fruh (DF: 23): (2328, 1), (246, 1), (2729, 1), (3048, 1), (3212, 1), (5051, 2), (6748, 1), (6835, 3), (7983, 4), (8678, 2), (9199, 3), (10239, 1), (10860, 1), (10958, 1), (11060, 1), (11521, 2), (13102, 1), (14613, 1), (15458, 2), (17021, 2), (1736, 1), (18073, 3), (18223, 1)
fruit (DF: 59): (1919, 1), (2030, 1), (2313, 7), (2916, 2), (3151, 1), (4037, 1), (405, 1), (4127, 1), (4454, 2), (4724, 1), (5066, 1), (5168, 1), (5210, 1), (5467, 1), (5824, 3), (5918, 1), (6610, 1), (6788, 1), (6903, 6), (7099, 1), (7321, 3), (7607, 1), (7663, 1), (7732, 1), (8168, 1), (8655, 1), (10066, 1), (10234, 1), (10315, 1), (10421, 1), (1063, 9), (10744, 2), (1128, 2), (11423, 1), (12360, 1), (12416, 1), (12596, 2), (12600, 1), (12957, 2), (13150, 3), (1378, 4), (13933, 1), (1436, 1), (14415, 2), (14716, 2), (14932, 1), (15076, 1), (15141, 1), (15351, 1), (15440, 1), (15487, 2), (15871, 1), (15887, 2), (15962, 1), (16601, 1), (17102, 1), (17346, 1), (17579, 2), (18152, 1)
fruitcak (DF: 2): (1135, 1), (12728, 1)
fruiti (DF: 9): (4028, 1), (4629, 1), (4717, 1), (5088, 1), (5529, 1), (8132, 1), (9432, 1), (12627, 1), (17579, 2)
fruition (DF: 2): (9759, 1), (12196, 1)
fruk (DF: 1): (2275, 3)
fruktansvärt (DF: 1): (2152, 1)
frullator (DF: 1): (1818, 1)
frumher (DF: 1): (2343, 1)
frun (DF: 1): (3744, 4)
frunc (DF: 1): (7948, 1)
frust (DF: 2): (2535, 1), (8340, 1)
frustat (DF: 2): (4023, 1), (11408, 1)
frustess (DF: 1): (13245, 1)
frustr (DF: 2): (5622, 1), (12276, 3)
frustrado (DF: 2): (8113, 1), (16522, 1)
frustrat (DF: 56): (2228, 2), (5023, 1), (5201, 2), (5704, 1), (5720, 1), (5850, 1), (5905, 1), (6413, 1), (6429, 2), (6741, 2), (6825, 3), (7268, 3), (7486, 1), (7740, 1), (8254, 1), (8279, 1), (8774, 2), (9594, 1), (9826, 1), (10245, 2), (10313, 3), (10686, 1), (11019, 1), (1140, 1), (11470, 1), (1173, 3), (11592, 1), (12799, 1), (12846, 2), (12877, 1), (12981, 3), (13236, 1), (13434, 1), (13601, 1), (13907, 4), (14251, 1), (14520, 1), (14720, 1), (14903, 1), (15015, 1), (1552, 1), (15293, 1), (15403, 1), (15532, 1), (16229, 1), (16350, 4), (16402, 3), (16516, 1), (16568, 1), (17318, 1), (1796, 1), (17750, 1), (17762, 2), (18190, 1), (18266, 1), (18381, 2)
frustration (DF: 1): (8651, 1)
frustriert (DF: 1): (2328, 1)
frut (DF: 17): (2585, 2), (3421, 1), (4210, 1), (460, 5), (476, 1), (5659, 3), (6251, 1), (6541, 1), (9719, 1), (11666, 1), (11752, 6), (14561, 1), (14627, 1), (15333, 1), (1582, 3), (17213, 1), (17343, 1)
fruta (DF: 2): (2277, 1), (7342, 3)
frutal (DF: 1): (11361, 1)
frutic (DF: 1): (11361, 2)
frutit (DF: 1): (13370, 1)
fruto (DF: 1): (11685, 1)
frutt (DF: 2): (7251, 1), (14517, 1)
frutti (DF: 2): (7382, 1), (10894, 1)
fryar (DF: 1): (6156, 1)
fryer (DF: 1): (1011, 1)
frygter (DF: 1): (13659, 1)
fryin (DF: 3): (6203, 1), (13334, 1), (17651, 1)
frytkach (DF: 1): (15814, 1)
fråga (DF: 1): (7603, 1)
från (DF: 1): (7428, 1)
fræk (DF: 1): (229, 1)
frèr (DF: 3): (63, 1), (11314, 1), (18408, 2)
frère (DF: 2): (3466, 1), (5206, 1)
frèro (DF: 1): (4614, 1)
fré (DF: 1): (15637, 1)
frérot (DF: 3): (4614, 1), (13957, 4), (14405, 1)
frío (DF: 3): (7049, 6), (7446, 6), (17697, 2)
fríoi (DF: 1): (4833, 1)
fsana (DF: 1): (1834, 1)
fsfor (DF: 2): (7780, 1), (9872, 1)
fsk (DF: 3): (6631, 14), (7000, 3), (11590, 9)
ft (DF: 12): (1939, 1), (3184, 1), (3309, 2), (3453, 1), (3492, 1), (3864, 1), (4246, 1), (4256, 1), (4356, 2), (4484, 1), (4502, 2), (4607, 1)
