depict (DF: 4): (2255, 1), (9820, 1), (13315, 1), (14642, 1)
depil (DF: 1): (982, 4)
deplet (DF: 4): (631, 1), (9509, 1), (9547, 1), (1196, 1)
depletin (DF: 1): (9538, 1)
deplor (DF: 1): (10194, 1)
deploy (DF: 2): (11527, 1), (16812, 1)
depoi (DF: 26): (2242, 1), (2833, 2), (4016, 1), (5719, 2), (6270, 1), (6397, 1), (6804, 2), (7175, 2), (7211, 2), (7795, 2), (9525, 1), (9860, 2), (1072, 2), (11264, 1), (11504, 1), (1183, 1), (11835, 2), (13304, 2), (14511, 2), (15274, 1), (15322, 1), (16199, 1), (16626, 1), (17551, 2), (17899, 1), (1881, 1)
deport (DF: 16): (2656, 1), (5811, 1), (7780, 1), (9872, 1), (10838, 2), (11018, 1), (11748, 1), (12418, 1), (1295, 1), (13729, 2), (14474, 1), (15309, 3), (16230, 2), (1677, 1), (16521, 1), (18441, 1)
deposit (DF: 25): (2000, 1), (2522, 2), (2896, 1), (3144, 1), (4833, 1), (4903, 1), (5036, 1), (5583, 1), (6011, 1), (6447, 1), (6667, 1), (7349, 1), (9875, 5), (9922, 1), (10162, 1), (10781, 1), (1111, 2), (12068, 2), (12868, 1), (14804, 4), (14835, 1), (15369, 1), (15529, 1), (15631, 1), (1803, 3)
deposita (DF: 5): (1920, 5), (2711, 1), (4109, 1), (6408, 1), (6657, 2)
depositam (DF: 1): (13307, 1)
depot (DF: 4): (4124, 1), (7073, 1), (16053, 1), (16707, 1)
depp (DF: 3): (3408, 2), (8914, 2), (17859, 1)
deppa (DF: 1): (16366, 1)
depr (DF: 2): (11081, 2), (14596, 1)
deprav (DF: 3): (4967, 1), (5102, 1), (8177, 1)
deprec (DF: 1): (14076, 1)
depreci (DF: 1): (11830, 1)
depred (DF: 2): (5792, 1), (11391, 1)
depres (DF: 2): (13971, 1), (16645, 1)
depresion (DF: 2): (14087, 1), (17685, 21)
depresj (DF: 1): (2951, 1)
depresji (DF: 1): (16526, 4)
depress (DF: 91): (1902, 1), (1961, 1), (2415, 1), (2603, 1), (3064, 1), (3089, 1), (3438, 1), (3635, 1), (3769, 1), (3979, 2), (4062, 1), (4377, 2), (4551, 1), (5091, 1), (5350, 1), (5410, 1), (5466, 1), (5634, 1), (5953, 1), (6156, 1), (6269, 1), (6800, 1), (7102, 1), (7231, 1), (7337, 3), (7442, 1), (69, 1), (8095, 2), (8145, 1), (8394, 1), (8419, 1), (8425, 1), (9010, 1), (9161, 1), (9493, 1), (9567, 1), (9915, 1), (9976, 1), (1021, 1), (10200, 3), (10357, 1), (10396, 2), (10593, 1), (11004, 1), (11143, 2), (11145, 1), (11268, 1), (11559, 1), (11693, 15), (12213, 2), (12490, 10), (12519, 1), (12571, 1), (12781, 1), (12826, 1), (12978, 4), (1323, 1), (13235, 1), (13296, 1), (13338, 1), (13356, 1), (13539, 1), (13612, 1), (13619, 1), (13680, 2), (13704, 1), (13805, 1), (14361, 1), (14472, 4), (14473, 4), (14494, 1), (14800, 1), (1512, 1), (154, 1), (1545, 1), (15073, 3), (15195, 1), (15727, 1), (1613, 1), (16560, 2), (16645, 1), (16719, 1), (1708, 1), (16865, 1), (17138, 1), (17722, 1), (1796, 1), (17843, 1), (17881, 1), (17925, 2), (18038, 1)
depressin (DF: 1): (1588, 1)
depression (DF: 1): (6368, 2)
depressão (DF: 1): (2839, 1)
depresyonda (DF: 1): (11144, 1)
depri (DF: 1): (2078, 1)
deprim (DF: 2): (5174, 1), (5364, 1)
depris (DF: 3): (9867, 1), (14726, 5), (18145, 1)
depriv (DF: 8): (5228, 1), (9058, 1), (9889, 1), (12737, 1), (13508, 1), (13558, 2), (14717, 2), (16831, 2)
deptania (DF: 1): (2951, 1)
depth (DF: 41): (1925, 1), (2441, 1), (2763, 1), (2930, 1), (3109, 1), (3175, 1), (5, 1), (4185, 2), (4324, 1), (4579, 1), (4896, 5), (4931, 1), (520, 2), (5426, 1), (5483, 1), (5618, 1), (5684, 3), (6537, 1), (6923, 2), (7664, 1), (8319, 1), (8408, 3), (925, 1), (9820, 1), (10449, 3), (11023, 1), (12020, 2), (12691, 4), (12940, 1), (1336, 1), (13916, 3), (14840, 2), (16544, 1), (16560, 2), (16879, 1), (17498, 2), (17503, 3), (17517, 1), (17990, 1), (18230, 4), (1860, 1)
depu (DF: 1): (9652, 1)
depuis (DF: 10): (3768, 28), (4197, 1), (4287, 28), (637, 2), (649, 3), (7607, 1), (7922, 2), (11341, 2), (15912, 1), (16701, 1)
depur (DF: 1): (6808, 1)
deputi (DF: 7): (2364, 4), (8468, 2), (9177, 1), (9761, 1), (13318, 4), (13509, 1), (17189, 1)
depósito (DF: 1): (11132, 1)
dequ (DF: 1): (7876, 2)
der (DF: 38): (2018, 2), (2208, 1), (229, 6), (2451, 1), (2631, 1), (2759, 1), (2767, 1), (2784, 1), (2855, 1), (2952, 4), (3527, 3), (3591, 2), (3599, 5), (3735, 1), (397, 1), (4167, 1), (413, 17), (4295, 8), (4425, 1), (4991, 6), (5152, 1), (5606, 1), (6184, 2), (6292, 3), (6464, 1), (6674, 2), (7077, 8), (7200, 4), (8054, 1), (8363, 2), (8399, 2), (8564, 13), (9120, 1), (10050, 7), (10543, 8), (10592, 11), (10781, 3), (10808, 1)
