overrun (DF: 1): (10561, 3)
overs (DF: 4): (3759, 2), (9283, 22), (9403, 1), (14950, 1)
overscrutin (DF: 1): (12093, 1)
oversea (DF: 55): (1964, 1), (2402, 3), (2650, 1), (2879, 1), (3584, 2), (4148, 1), (4533, 1), (4559, 2), (4627, 1), (4700, 1), (5340, 1), (5496, 3), (5641, 1), (5907, 1), (6342, 1), (6644, 2), (6771, 2), (6935, 3), (696, 3), (7103, 1), (7178, 1), (7331, 2), (7369, 1), (7518, 3), (7892, 1), (8165, 1), (8433, 1), (8445, 1), (8666, 1), (10151, 1), (11933, 1), (12061, 6), (12690, 2), (12762, 1), (12797, 3), (12821, 1), (13627, 1), (13873, 1), (14242, 1), (14459, 1), (14474, 2), (14848, 1), (15016, 3), (15414, 2), (15937, 1), (16543, 1), (16812, 1), (17334, 1), (17445, 1), (1799, 1), (17804, 2), (18133, 3), (18448, 1), (10993, 1), (10994, 1)
overseein (DF: 1): (9820, 1)
overset (DF: 1): (13321, 1)
overshadow (DF: 3): (3772, 1), (7538, 1), (10714, 1)
overshin (DF: 2): (2493, 1), (9331, 1)
oversimplifi (DF: 1): (1767, 3)
oversimplifyin (DF: 1): (1767, 4)
overslept (DF: 1): (3589, 2)
oversold (DF: 3): (3142, 2), (11992, 1), (18189, 1)
overstand (DF: 8): (2499, 2), (4023, 2), (110, 1), (11408, 2), (12125, 1), (14116, 1), (16592, 1), (16896, 2)
overstay (DF: 1): (15320, 2)
overstep (DF: 2): (6123, 1), (17934, 1)
overstood (DF: 1): (3148, 1)
overstuf (DF: 2): (121, 1), (14732, 1)
overtak (DF: 2): (9007, 1), (17326, 2)
overtaken (DF: 1): (13942, 3)
overthink (DF: 29): (240, 1), (2977, 2), (3221, 1), (4367, 1), (4384, 1), (5422, 1), (6232, 1), (6340, 2), (7143, 1), (7149, 3), (8503, 2), (959, 4), (9600, 1), (9680, 2), (10609, 2), (1173, 2), (11661, 1), (1293, 1), (13021, 1), (13699, 1), (14734, 1), (14912, 3), (15471, 2), (15735, 4), (16402, 2), (16689, 1), (1742, 1), (17203, 1), (17924, 3)
overthinkin (DF: 11): (2761, 1), (3202, 2), (5254, 2), (5557, 1), (831, 1), (10200, 1), (10414, 1), (10942, 1), (10972, 2), (13003, 1), (14786, 1)
overthought (DF: 6): (3651, 1), (5760, 1), (7855, 2), (9121, 1), (15346, 1), (17734, 1)
overthrew (DF: 3): (8630, 1), (14050, 1), (18410, 1)
overthrow (DF: 4): (3710, 1), (5788, 1), (7736, 1), (11241, 1)
overthrown (DF: 5): (5278, 1), (9602, 1), (10265, 1), (17436, 1), (17867, 3)
overtim (DF: 33): (2208, 1), (2493, 1), (2523, 1), (2896, 1), (2964, 1), (4429, 1), (4698, 1), (4857, 1), (5443, 12), (6952, 1), (7057, 1), (7665, 1), (8568, 2), (874, 3), (8727, 1), (920, 1), (9331, 1), (9539, 1), (10162, 1), (10434, 1), (10497, 1), (11121, 2), (11316, 4), (12004, 3), (12509, 1), (12683, 1), (1293, 1), (15058, 11), (15304, 6), (16018, 1), (16072, 6), (17287, 1), (1777, 2)
overtip (DF: 1): (7218, 1)
overtir (DF: 1): (671, 2)
overtog (DF: 1): (16525, 1)
overton (DF: 1): (8492, 1)
overtop (DF: 1): (8995, 1)
overtown (DF: 2): (3628, 1), (6728, 1)
overtur (DF: 1): (1802, 1)
overturn (DF: 1): (5308, 4)
overus (DF: 1): (6335, 1)
overv (DF: 1): (15205, 1)
overweight (DF: 15): (3601, 2), (4051, 1), (4720, 1), (5309, 1), (5810, 2), (8708, 1), (10274, 1), (11421, 1), (12209, 1), (13699, 1), (14605, 1), (15034, 1), (15376, 2), (17812, 1), (17910, 4)
overwhelm (DF: 18): (265, 3), (3951, 1), (4191, 2), (8732, 2), (8845, 4), (9118, 3), (9227, 1), (9826, 1), (9950, 4), (10032, 4), (10458, 1), (11090, 1), (12796, 3), (13488, 1), (14308, 2), (15602, 5), (16427, 1), (17465, 1)
overwight (DF: 1): (5309, 1)
overwork (DF: 3): (7884, 1), (9059, 1), (10744, 2)
overzeal (DF: 4): (6124, 1), (7481, 1), (9569, 1), (15574, 2)
ovest (DF: 1): (11314, 2)
ovi (DF: 1): (13305, 3)
ovni (DF: 1): (17607, 2)
ovo (DF: 16): (1994, 1), (2896, 1), (5797, 6), (6913, 1), (6926, 1), (7133, 1), (7771, 1), (9711, 1), (10162, 1), (12809, 1), (1313, 1), (1354, 1), (1474, 1), (14496, 2), (15157, 1), (1875, 1)
ovosumm (DF: 1): (10533, 2)
ovul (DF: 1): (13297, 2)
ovulatin (DF: 1): (18308, 1)
ovum (DF: 1): (3156, 1)
ovunqu (DF: 8): (5020, 1), (6395, 5), (6961, 5), (11272, 1), (15864, 1), (17014, 1), (17273, 1), (17427, 1)
ovy (DF: 20): (2782, 1), (5962, 1), (6422, 2), (6932, 8), (7258, 1), (8352, 2), (8919, 6), (9697, 9), (10180, 2), (11944, 6), (1259, 1), (12965, 8), (12984, 2), (13209, 3), (13412, 6), (13707, 2), (14940, 6), (15473, 1), (173, 2), (17685, 14)
ow (DF: 11): (1970, 2), (2211, 1), (2301, 1), (2484, 2), (2561, 2), (2713, 1), (2829, 2), (2847, 1), (2978, 1), (3093, 8), (3227, 5)
