level (DF: 126): (9666, 1), (9795, 1), (9841, 1), (9875, 5), (9922, 1), (10044, 1), (10136, 2), (10140, 1), (10207, 1), (10240, 1), (10259, 1), (10295, 1), (1056, 2), (10505, 1), (10568, 1), (10621, 1), (1091, 1), (11063, 1), (118, 1), (11143, 1), (11149, 1), (11193, 1), (11229, 1), (11232, 1), (11444, 2), (11691, 5), (12125, 3), (12168, 1), (12200, 1), (12237, 1), (12275, 6), (12296, 1), (12319, 1), (12534, 1), (12535, 1), (12540, 4), (12790, 4), (12817, 1), (1315, 1), (12987, 2), (13092, 1), (13140, 1), (13166, 1), (13269, 1), (13385, 1), (13474, 1), (13478, 3), (13508, 2), (13515, 2), (13525, 2), (13687, 94), (13728, 2), (13756, 1), (13802, 1), (13829, 1), (1412, 1), (13884, 1), (13924, 3), (14142, 1), (14147, 3), (14156, 2), (14257, 1), (14399, 1), (14446, 1), (14569, 1), (1490, 41), (1498, 3), (14749, 2), (14822, 1), (14903, 1), (1531, 2), (14986, 1), (15016, 1), (15108, 2), (15151, 1), (15157, 1), (15161, 1), (1555, 1), (15339, 1), (15397, 3), (15411, 1), (15481, 1), (15518, 1), (15573, 3), (15666, 1), (15708, 1), (15855, 1), (15879, 1), (16038, 3), (16130, 1), (16139, 2), (16242, 1), (16401, 1), (16464, 1), (16579, 1), (16688, 1), (16700, 1), (16779, 1), (16794, 1), (1712, 1), (16860, 1), (17016, 1), (17037, 1), (17102, 1), (179, 5), (17390, 1), (17533, 1), (17535, 1), (17720, 1), (17731, 1), (17746, 5), (17943, 1), (17954, 1), (17959, 2), (17988, 2), (18164, 93), (18205, 1), (18206, 1), (18224, 1), (18225, 2), (18329, 1), (18344, 2), (18348, 1), (9278, 1), (9280, 5), (9282, 1)
leveltj (DF: 1): (10369, 1)
leven (DF: 16): (2638, 2), (2949, 1), (3748, 6), (4607, 1), (6008, 3), (7519, 1), (11669, 6), (12734, 1), (12767, 2), (14555, 2), (14942, 2), (15412, 1), (15565, 1), (175, 2), (17160, 1), (18412, 1)
levend (DF: 2): (6303, 1), (11019, 2)
lever (DF: 12): (223, 1), (3527, 3), (5722, 1), (6024, 1), (6169, 1), (7200, 1), (10103, 1), (11071, 2), (14156, 1), (1498, 3), (14768, 2), (18294, 1)
leverag (DF: 2): (12737, 1), (12904, 1)
levert (DF: 9): (3882, 2), (6008, 1), (6480, 2), (7483, 2), (7814, 1), (1145, 3), (15759, 1), (15811, 1), (17631, 1)
levi (DF: 18): (3309, 1), (4326, 1), (5695, 1), (6030, 1), (6203, 1), (7113, 1), (8121, 1), (8397, 1), (924, 1), (11750, 1), (12527, 1), (13252, 1), (14254, 1), (14446, 2), (15739, 1), (16706, 1), (17780, 1), (17988, 1)
leviat (DF: 1): (10868, 1)
leviathan (DF: 1): (5349, 1)
levig (DF: 1): (13126, 1)
levin (DF: 3): (11728, 1), (14279, 1), (1626, 1)
levit (DF: 13): (4100, 1), (407, 1), (6874, 2), (7227, 2), (7789, 1), (8822, 1), (8893, 1), (10634, 1), (10961, 4), (11197, 1), (12917, 3), (1532, 2), (15937, 1)
levitar (DF: 1): (15274, 1)
leviticus (DF: 1): (17750, 1)
levo (DF: 12): (2631, 1), (5859, 6), (5959, 1), (6397, 1), (8052, 1), (9120, 1), (9812, 1), (10598, 8), (11943, 1), (11979, 1), (13717, 2), (15274, 1)
levon (DF: 2): (4197, 1), (10696, 1)
levou (DF: 3): (3955, 8), (13078, 1), (16850, 1)
levr (DF: 7): (3213, 1), (4379, 1), (6425, 1), (6886, 1), (9757, 1), (1089, 1), (15161, 1)
levv (DF: 1): (1507, 1)
levy (DF: 1): (6450, 1)
levántat (DF: 1): (3806, 2)
lewej (DF: 3): (4405, 1), (7356, 1), (16848, 1)
lewi (DF: 63): (2939, 1), (3073, 1), (3153, 1), (3863, 1), (419, 1), (4402, 1), (4468, 1), (4497, 1), (4642, 1), (4788, 2), (5223, 1), (5640, 1), (5797, 1), (5808, 1), (599, 1), (602, 1), (6215, 2), (6572, 1), (6636, 1), (6739, 2), (6903, 1), (7267, 1), (753, 1), (7537, 1), (7580, 1), (7611, 1), (7635, 1), (7834, 1), (825, 1), (8259, 1), (8538, 1), (8553, 1), (8687, 1), (8742, 1), (8960, 1), (1011, 1), (10550, 1), (10923, 1), (11173, 1), (11702, 1), (12049, 1), (1243, 1), (12494, 1), (12535, 1), (13504, 1), (13730, 1), (13915, 1), (14256, 1), (14300, 1), (1532, 1), (15416, 1), (15497, 1), (15500, 1), (15855, 1), (16231, 1), (17088, 1), (17216, 1), (1811, 1), (17959, 2), (18044, 2), (18060, 1), (18281, 1), (18338, 1)
lewinski (DF: 6): (4298, 1), (1077, 2), (12734, 1), (15937, 1), (1661, 1), (16358, 1)
lewis (DF: 1): (14940, 1)
lewo (DF: 1): (16962, 1)
lewym (DF: 1): (16442, 1)
lex (DF: 31): (2224, 1), (2278, 1), (2357, 1), (250, 2), (2771, 1), (2887, 1), (3963, 1), (4887, 1), (5401, 1), (5773, 1), (6168, 1), (6342, 1), (6478, 2), (7349, 1), (7973, 1), (7977, 1), (7991, 2), (8259, 1), (8470, 1), (8745, 1), (9251, 1), (10191, 1), (10585, 2), (11368, 1), (11395, 1), (11559, 1), (12025, 2), (13860, 1), (13914, 4), (15122, 1), (15201, 1)
