door (DF: 343): (15526, 1), (15530, 2), (15534, 2), (15543, 1), (15557, 1), (15565, 4), (15582, 1), (15585, 1), (15595, 44), (1590, 1), (15614, 1), (15619, 1), (1597, 1), (15647, 1), (15650, 1), (15656, 1), (1600, 1), (15671, 1), (15681, 1), (160, 3), (1604, 1), (15702, 1), (15708, 1), (1608, 1), (15725, 1), (1611, 1), (15767, 1), (15771, 2), (15809, 2), (15816, 1), (15823, 5), (15831, 1), (15859, 1), (15863, 1), (15866, 1), (15870, 1), (15880, 1), (15882, 1), (15900, 5), (15908, 3), (15915, 1), (15944, 5), (15961, 1), (15970, 5), (16019, 3), (16020, 2), (1643, 1), (16040, 2), (16047, 3), (16054, 1), (16061, 3), (16070, 3), (16073, 2), (1647, 1), (16088, 1), (16093, 1), (16098, 3), (16099, 16), (16101, 12), (16114, 1), (16123, 1), (16155, 1), (16159, 6), (16177, 1), (16204, 1), (16207, 2), (16210, 2), (16219, 1), (16228, 1), (16238, 1), (16240, 2), (16249, 1), (16282, 1), (16302, 1), (16315, 2), (16323, 1), (16341, 3), (16365, 1), (16367, 1), (16398, 2), (1673, 1), (16427, 1), (16493, 1), (16497, 1), (16503, 1), (16508, 1), (16518, 1), (16595, 2), (16603, 23), (16609, 4), (16613, 2), (16636, 1), (16666, 2), (16697, 1), (1704, 1), (16779, 4), (16788, 1), (16815, 1), (16836, 3), (16868, 2), (16886, 3), (16903, 1), (16922, 3), (16925, 3), (16927, 1), (16934, 1), (1718, 4), (16956, 2), (16971, 1), (16981, 1), (16993, 2), (17000, 1), (17016, 2), (17024, 2), (17028, 1), (17038, 2), (17055, 1), (17069, 1), (1732, 1), (17084, 1), (17093, 1), (17098, 3), (17113, 3), (17135, 3), (17160, 1), (17189, 1), (1747, 9), (17251, 1), (17281, 3), (17288, 3), (17297, 2), (17314, 1), (17339, 1), (17349, 1), (17354, 6), (17361, 2), (17373, 1), (17381, 2), (17383, 1), (17385, 1), (17419, 4), (17447, 45), (17453, 1), (17480, 1), (17490, 1), (17501, 2), (17512, 2), (17524, 1), (17541, 1), (17586, 3), (17587, 1), (17616, 1), (17626, 1), (17631, 14), (17672, 1), (17698, 1), (17712, 1), (17738, 1), (17751, 2), (17753, 1), (17766, 1), (17769, 1), (17776, 12), (17787, 1), (17791, 2), (1801, 1), (17818, 1), (17832, 3), (17853, 1), (17859, 1), (1806, 6), (17902, 1), (17908, 3), (17949, 1), (17954, 1), (17977, 4), (17985, 1), (17989, 1), (18003, 3), (18018, 1), (1824, 2), (18042, 1), (18044, 4), (18053, 1), (18056, 8), (18067, 1), (18070, 4), (18099, 2), (18124, 2), (18135, 3), (183, 1), (1834, 1), (18158, 2), (18179, 1), (18199, 8), (18205, 1), (18221, 1), (18231, 1), (18245, 1), (18252, 1), (18259, 2), (18267, 1), (18270, 1), (18278, 4), (18291, 1), (18308, 2), (18312, 1), (18317, 2), (18331, 4), (18344, 2), (18347, 1), (18382, 2), (18395, 1), (18417, 1), (18452, 1), (1882, 1), (2669, 1), (2671, 1), (254, 1), (255, 2), (2703, 1), (2704, 1), (2799, 3), (2801, 2), (271, 4), (273, 12), (274, 2), (2870, 1), (2871, 1), (2974, 6), (2975, 2), (3661, 1), (3663, 2), (4055, 2), (4056, 2), (4146, 1), (4147, 1), (4565, 1), (4566, 1), (5614, 1), (5616, 1), (5678, 7), (5680, 1), (6235, 10), (6236, 1), (6410, 1), (6412, 6), (57, 8), (58, 2), (6574, 1), (6576, 1), (6738, 2), (6739, 2), (7065, 4), (7067, 1), (7214, 1), (7216, 1), (7327, 3), (7328, 1), (7381, 2), (7383, 1), (7722, 1), (7723, 1), (8511, 2), (8512, 2), (8581, 8), (8583, 1), (8705, 5), (8706, 1), (9027, 2), (9030, 1), (9303, 6), (9305, 1), (9890, 5), (9892, 2), (9910, 10), (9911, 2), (10240, 1), (10242, 3), (104, 1), (105, 4), (10547, 22), (10549, 2), (10699, 2), (10700, 1), (10998, 1), (10999, 1), (1164, 1), (1166, 1), (1188, 1), (1189, 1), (11646, 1), (11648, 1), (12137, 1), (12139, 1), (12255, 2), (12258, 1), (12458, 1), (12460, 1), (12508, 4), (12510, 2), (12668, 1), (12671, 1), (12831, 1), (12832, 2), (13076, 5), (13077, 2), (13479, 2), (13480, 2), (13597, 1), (13599, 1), (1385, 1), (1388, 1), (13749, 2), (13750, 1), (14170, 1), (14171, 1), (14489, 1), (14490, 1), (14738, 5), (14740, 2), (15336, 1), (15337, 1), (15772, 1), (15836, 5), (15837, 1), (15906, 4), (15949, 1), (15950, 1), (15975, 1), (15976, 1), (16647, 1), (16650, 1), (16689, 5), (16691, 1), (1762, 1), (1763, 1), (17833, 3), (1815, 1), (1817, 1), (14592, 2), (14594, 2), (14595, 1)
doorbel (DF: 6): (265, 2), (2923, 2), (6492, 1), (7711, 1), (10435, 1), (11502, 4)
doorgaat (DF: 1): (11673, 1)
dooriyan (DF: 1): (4125, 2)
doorknob (DF: 5): (3582, 1), (9823, 1), (10675, 1), (12034, 1), (12383, 1)
doorman (DF: 3): (2223, 1), (4543, 1), (15084, 1)
doormat (DF: 5): (7192, 1), (7550, 1), (9649, 1), (12010, 2), (15466, 1)
doors (DF: 1): (4912, 1)
doors32 (DF: 1): (16684, 1)
doorstep (DF: 1): (2206, 1)
