aussicht (DF: 3): (8829, 1), (10239, 5), (11949, 1)
aussieht (DF: 2): (4989, 1), (11024, 1)
ausspah (DF: 1): (3462, 1)
aussteig (DF: 1): (14659, 1)
auster (DF: 2): (1677, 1), (17006, 1)
austickt (DF: 1): (9236, 1)
austin (DF: 28): (2219, 1), (2692, 3), (4469, 6), (6102, 3), (6203, 1), (636, 1), (6808, 2), (7508, 2), (8994, 1), (9778, 2), (11041, 3), (11679, 1), (11746, 6), (11872, 1), (11914, 1), (12382, 1), (13578, 1), (13589, 1), (14106, 4), (14390, 1), (15184, 1), (15598, 1), (16106, 1), (16124, 1), (16282, 3), (1739, 1), (17525, 2), (17877, 1)
australia (DF: 7): (7751, 2), (7892, 1), (10366, 1), (11004, 1), (12293, 1), (15796, 2), (16493, 1)
australian (DF: 3): (938, 1), (9590, 3), (11527, 1)
ausub (DF: 1): (13091, 1)
ausverkauft (DF: 1): (12872, 1)
auswahl (DF: 2): (13755, 1), (17630, 1)
ausweg (DF: 1): (10239, 1)
auszuhalt (DF: 1): (6835, 1)
aut (DF: 13): (4288, 3), (4289, 1), (4344, 3), (7003, 1), (7508, 1), (7694, 1), (9664, 1), (11526, 1), (13096, 1), (15673, 1), (16759, 1), (16885, 1), (18394, 1)
auta (DF: 2): (10436, 1), (14869, 1)
autem (DF: 1): (9085, 2)
autent (DF: 7): (2316, 1), (4288, 7), (6326, 1), (6336, 2), (6339, 1), (14260, 2), (17625, 2)
autenticament (DF: 3): (10007, 2), (10560, 2), (15286, 2)
autenticoo (DF: 1): (15415, 1)
autentik (DF: 3): (8342, 1), (15415, 2), (16751, 3)
auteur (DF: 1): (676, 1)
authent (DF: 10): (5166, 1), (7237, 1), (8347, 1), (8850, 3), (10412, 1), (11805, 1), (12793, 1), (12951, 1), (14101, 1), (15254, 3)
authentic (DF: 3): (3437, 1), (4004, 1), (6748, 1)
authentizitat (DF: 2): (5382, 1), (11522, 1)
author (DF: 23): (1926, 1), (2069, 1), (2411, 1), (2677, 1), (6543, 1), (7387, 1), (7758, 1), (8496, 1), (101, 1), (11269, 1), (11291, 2), (12176, 1), (12396, 1), (12764, 1), (12871, 1), (13180, 1), (13545, 1), (13852, 1), (14393, 2), (1575, 1), (16212, 1), (1760, 2), (18372, 1)
autist (DF: 1): (12767, 1)
auto (DF: 51): (2329, 1), (246, 1), (2583, 1), (3252, 1), (3521, 1), (3781, 1), (4708, 1), (5015, 2), (5225, 1), (5559, 9), (5862, 1), (6092, 4), (6141, 1), (6479, 1), (7071, 1), (7175, 1), (7720, 1), (8583, 1), (9493, 3), (10404, 1), (10436, 1), (10784, 2), (1164, 1), (1176, 1), (11763, 1), (12168, 1), (12668, 1), (12819, 1), (12839, 1), (13012, 1), (1343, 1), (13317, 1), (13802, 1), (13928, 1), (1440, 1), (14206, 1), (14794, 1), (15042, 1), (15260, 2), (15306, 1), (15373, 2), (15700, 1), (15814, 1), (16290, 1), (16639, 1), (17142, 1), (17329, 1), (17730, 1), (17737, 1), (17769, 1), (1847, 1)
autoanaliz (DF: 1): (11932, 1)
autobahn (DF: 8): (2100, 1), (6238, 1), (11024, 1), (11949, 1), (14718, 1), (15159, 1), (16180, 1), (17021, 1)
autobiographi (DF: 3): (8496, 1), (12944, 1), (18406, 1)
autobomb (DF: 1): (2050, 1)
autobus (DF: 1): (3898, 5)
autocontroll (DF: 1): (14629, 1)
autocritic (DF: 1): (11932, 1)
autodenomin (DF: 1): (3981, 1)
autodidact (DF: 1): (5126, 2)
autodiebstahl (DF: 1): (14970, 3)
autoerotiqu (DF: 1): (17406, 1)
autoestim (DF: 3): (9318, 10), (14085, 2), (17197, 1)
autofen (DF: 1): (198, 1)
autograf (DF: 4): (8509, 1), (10294, 1), (1401, 1), (14852, 1)
autografi (DF: 1): (10756, 1)
autogrammstund (DF: 1): (6748, 1)
autograph (DF: 25): (2797, 3), (3521, 1), (3800, 1), (4641, 1), (4699, 2), (4941, 1), (4972, 1), (7054, 1), (7752, 1), (9010, 2), (9033, 1), (9752, 1), (1031, 1), (10491, 1), (11145, 2), (1150, 1), (11405, 1), (123, 1), (11883, 1), (1367, 1), (13812, 1), (15625, 2), (16854, 1), (17191, 1), (17695, 1)
automat (DF: 79): (200, 1), (2004, 4), (2069, 1), (2198, 1), (2264, 4), (2467, 2), (2563, 1), (2669, 1), (2687, 1), (2850, 2), (281, 3), (3248, 16), (3437, 1), (3817, 1), (3924, 1), (4129, 1), (4165, 1), (4240, 2), (4359, 1), (434, 1), (4381, 3), (4552, 3), (4702, 1), (4709, 1), (4746, 1), (5091, 1), (5126, 1), (5273, 3), (5695, 1), (5775, 2), (5817, 4), (5946, 2), (5974, 6), (6087, 3), (6151, 1), (6236, 2), (6478, 2), (6585, 1), (6602, 1), (6607, 2), (6937, 1), (6988, 1), (7154, 1), (7249, 1), (7387, 1), (7908, 13), (7992, 1), (8008, 1), (8121, 1), (8122, 1), (8133, 1), (8208, 1), (8214, 1), (8369, 1), (8445, 3), (855, 18), (8862, 8), (9250, 1), (9262, 1), (9717, 2), (9807, 28), (9873, 1), (10044, 2), (10153, 1), (10246, 2), (10307, 1), (10397, 1), (10653, 1), (10708, 1), (10945, 1), (11015, 1), (11063, 1), (11269, 1), (11313, 1), (1176, 1), (1193, 1), (11848, 1), (12000, 1), (12420, 2)
