só (DF: 97): (5959, 5), (6234, 6), (6270, 3), (6289, 1), (6397, 1), (60, 7), (6804, 7), (6844, 10), (6983, 1), (7175, 1), (7211, 1), (7270, 2), (7563, 6), (7649, 2), (7869, 4), (8052, 14), (8113, 9), (8363, 4), (8574, 2), (8938, 4), (8941, 2), (8989, 1), (9087, 10), (9120, 6), (9279, 4), (9355, 1), (9391, 6), (9494, 7), (9525, 2), (9637, 2), (9812, 3), (9838, 6), (9876, 3), (9981, 2), (10131, 2), (10203, 1), (1072, 5), (10598, 1), (10637, 3), (10679, 1), (11132, 9), (11200, 8), (11264, 1), (1183, 5), (11808, 2), (11835, 2), (11979, 1), (12128, 3), (12348, 7), (12375, 1), (1278, 4), (12649, 5), (12677, 1), (13078, 5), (13304, 1), (13307, 6), (13647, 3), (13710, 2), (13717, 1), (13892, 8), (1415, 6), (14182, 6), (14511, 2), (14580, 2), (15274, 2), (15322, 6), (15400, 4), (15605, 1), (15617, 3), (15898, 2), (16035, 7), (16117, 43), (16199, 13), (1659, 6), (16353, 1), (16530, 2), (16533, 1), (16626, 2), (16762, 2), (16798, 1), (16847, 1), (16928, 12), (17232, 5), (17325, 4), (17347, 1), (17397, 6), (1787, 1), (17649, 3), (17652, 1), (17899, 10), (18036, 12), (18136, 3), (18163, 2), (18166, 2), (18271, 1), (18397, 1), (1881, 6)
sóbrio (DF: 2): (2631, 1), (6844, 1)
sólo (DF: 23): (1920, 5), (2205, 1), (2210, 1), (3001, 1), (4109, 1), (5143, 28), (5859, 1), (6323, 1), (6408, 1), (6657, 2), (6947, 1), (7350, 1), (8590, 4), (8909, 2), (9851, 2), (11631, 1), (12779, 7), (13305, 3), (13377, 1), (14783, 7), (15589, 4), (15954, 4), (17749, 2)
söyle (DF: 2): (16496, 2), (17712, 2)
söze (DF: 2): (13545, 1), (17934, 1)
søger (DF: 1): (16307, 1)
søn (DF: 1): (11019, 3)
sørger (DF: 1): (229, 1)
súbanlo (DF: 1): (299, 2)
súbele (DF: 2): (299, 1), (7583, 3)
sûr (DF: 5): (5801, 2), (637, 1), (7922, 2), (15912, 1), (17275, 1)
sürer (DF: 3): (4092, 4), (5052, 4), (11002, 4)
t (DF: 101): (2316, 2), (2567, 1), (2648, 2), (2681, 1), (3348, 1), (3419, 2), (3480, 2), (3962, 1), (4347, 1), (4387, 1), (439, 4), (4651, 3), (4743, 1), (480, 2), (4948, 4), (4989, 1), (5020, 1), (5105, 3), (5174, 1), (5363, 3), (5525, 4), (5588, 1), (5663, 3), (5785, 1), (5890, 2), (5955, 1), (6395, 2), (6541, 1), (6650, 6), (6889, 5), (6961, 1), (7104, 2), (7255, 4), (7278, 1), (7392, 2), (7508, 2), (7780, 8), (7851, 2), (7948, 2), (8198, 1), (836, 2), (8353, 1), (858, 2), (8777, 1), (8829, 1), (9039, 6), (9185, 1), (9236, 1), (9309, 1), (9367, 1), (9475, 12), (9845, 1), (9872, 8), (1008, 2), (10380, 2), (10467, 2), (1061, 5), (10501, 2), (109, 38), (10546, 3), (10584, 1), (10660, 4), (10997, 1), (11068, 2), (11199, 3), (11407, 8), (11605, 1), (11638, 1), (11997, 9), (1218, 1), (12421, 3), (13012, 1), (13102, 1), (13362, 2), (13454, 1), (14207, 1), (14627, 3), (1501, 2), (14722, 4), (15157, 3), (15198, 1), (15517, 1), (15707, 4), (15922, 38), (15926, 1), (16309, 1), (16745, 4), (16940, 2), (17115, 1), (17255, 38), (17273, 1), (17437, 1), (17546, 6), (17594, 1), (17685, 42), (17965, 2), (17970, 1), (18000, 2), (18213, 1), (18356, 1), (18398, 6)
t3 (DF: 1): (7804, 3)
t3r (DF: 1): (4267, 1)
t69 (DF: 1): (4571, 2)
ta (DF: 93): (1918, 1), (1932, 6), (2018, 1), (2034, 2), (205, 10), (2147, 14), (2152, 1), (2275, 1), (229, 5), (250, 6), (2666, 1), (2759, 2), (276, 3), (2943, 1), (2952, 2), (2985, 1), (3007, 1), (3060, 1), (3062, 2), (3093, 28), (312, 1), (3219, 4), (3223, 1), (3249, 1), (3351, 3), (3453, 1), (3486, 2), (3587, 2), (3603, 1), (3660, 1), (3669, 2), (3674, 12), (3916, 1), (3930, 16), (3999, 3), (4009, 1), (397, 2), (4111, 1), (413, 3), (4386, 1), (4387, 8), (4419, 1), (4434, 2), (4501, 1), (4515, 1), (444, 2), (4646, 1), (4675, 1), (4684, 2), (4707, 48), (4762, 1), (4766, 3), (4790, 1), (4859, 14), (4985, 10), (4991, 16), (5050, 1), (5156, 1), (5172, 1), (5173, 4), (5218, 4), (5291, 2), (5406, 1), (5439, 1), (5647, 1), (5674, 1), (5766, 2), (5768, 1), (5775, 1), (5786, 3), (5796, 2), (53, 1), (5932, 3), (593, 10), (6007, 1), (6025, 1), (6064, 2), (6126, 5), (6168, 1), (6239, 3), (6251, 7), (6280, 1), (6292, 3), (6326, 1), (6397, 1), (6399, 3), (6438, 1), (6650, 4), (6674, 1), (6678, 2), (675, 32), (6818, 1), (6909, 1)
