bling (DF: 11): (16085, 2), (16697, 3), (16781, 9), (16870, 1), (1715, 2), (17007, 4), (17540, 1), (17811, 2), (18149, 3), (5583, 1), (5584, 2)
blinger (DF: 1): (14584, 1)
blingi (DF: 2): (5570, 2), (12554, 1)
blingin (DF: 5): (2164, 1), (6629, 1), (10013, 1), (13914, 1), (17699, 1)
blinin (DF: 1): (1253, 1)
blink (DF: 90): (2217, 1), (2300, 1), (2447, 1), (2545, 1), (2759, 1), (2861, 2), (3047, 1), (3368, 1), (3598, 1), (3949, 3), (4396, 1), (4521, 2), (4715, 1), (4851, 1), (5001, 1), (5122, 1), (5366, 1), (5401, 1), (5774, 1), (5862, 1), (5965, 2), (6021, 1), (603, 2), (6499, 21), (6569, 1), (59, 1), (6975, 1), (7077, 1), (7103, 1), (7209, 1), (7727, 2), (7892, 1), (7950, 2), (8044, 1), (8082, 1), (8355, 2), (8627, 1), (8949, 1), (9138, 1), (9313, 1), (9658, 1), (9685, 1), (9904, 1), (1026, 1), (10119, 1), (10283, 1), (10785, 1), (10929, 1), (1134, 1), (11279, 4), (11538, 1), (11894, 3), (12041, 2), (12090, 1), (12182, 1), (12443, 1), (12519, 1), (12934, 1), (13075, 1), (1338, 2), (13519, 2), (13564, 1), (13610, 1), (14382, 1), (14584, 1), (14747, 1), (14979, 1), (1555, 1), (15207, 1), (15417, 1), (1603, 1), (15760, 1), (16269, 1), (16298, 4), (16374, 2), (16665, 1), (16718, 8), (16721, 1), (16783, 1), (16957, 1), (17034, 10), (17102, 1), (17119, 1), (17484, 1), (17613, 1), (18003, 1), (18089, 1), (18384, 1), (16007, 1), (16008, 1)
blinker (DF: 3): (6287, 1), (8299, 2), (8596, 1)
blinki (DF: 3): (10469, 1), (11701, 1), (13401, 1)
blinkin (DF: 5): (4831, 1), (5773, 2), (7473, 1), (14926, 1), (16362, 1)
blip (DF: 3): (2359, 4), (6310, 1), (16362, 1)
blir (DF: 3): (4295, 2), (9498, 10), (18172, 3)
blisci (DF: 1): (16833, 1)
bliska (DF: 1): (7677, 2)
bliss (DF: 63): (2415, 1), (2433, 1), (2511, 2), (2541, 2), (2687, 1), (2780, 1), (3029, 9), (3385, 1), (3510, 2), (3521, 1), (3552, 1), (3611, 1), (3858, 3), (382, 6), (4266, 1), (4281, 1), (4805, 3), (4810, 1), (5061, 1), (5446, 1), (5522, 2), (5938, 1), (618, 1), (6428, 1), (6649, 2), (7231, 1), (8222, 2), (8321, 3), (8847, 1), (9052, 4), (937, 2), (9380, 2), (10063, 1), (10118, 1), (10200, 1), (1038, 1), (10649, 12), (1096, 3), (10831, 1), (11023, 1), (11436, 1), (11601, 2), (11833, 9), (11856, 1), (12007, 1), (13139, 1), (13355, 1), (13423, 1), (1362, 1), (13581, 1), (13883, 1), (13884, 1), (14374, 1), (15170, 1), (15227, 1), (1562, 4), (15711, 1), (15902, 6), (17087, 2), (17269, 1), (17651, 1), (17969, 1), (18329, 2)
blissett (DF: 1): (8742, 1)
blist (DF: 2): (5786, 4), (11576, 2)
blister (DF: 23): (2076, 1), (204, 1), (4533, 1), (495, 2), (5842, 1), (5907, 1), (7022, 1), (7024, 1), (7060, 1), (8148, 1), (9140, 1), (980, 1), (11047, 4), (11534, 2), (11714, 2), (12365, 1), (13631, 4), (14634, 2), (15168, 1), (15212, 2), (16707, 1), (17773, 1), (18436, 2)
blisterin (DF: 3): (9010, 1), (11145, 1), (18118, 1)
blit (DF: 1): (16983, 1)
blitz (DF: 24): (2050, 1), (2121, 1), (2294, 2), (2711, 1), (4559, 12), (4837, 1), (5041, 1), (5775, 1), (63, 1), (6839, 1), (696, 1), (7518, 1), (8026, 1), (8276, 21), (8635, 21), (10341, 1), (10484, 4), (11255, 2), (12038, 1), (1583, 1), (15978, 2), (1833, 1), (18294, 2), (18378, 1)
blitzaktion (DF: 1): (11949, 1)
blitzdieb (DF: 3): (3462, 1), (13091, 1), (13476, 1)
blitzeinbruch (DF: 1): (7983, 1)
blitzkrieg (DF: 4): (650, 1), (8531, 1), (10616, 7), (14935, 1)
blitzlicht (DF: 4): (7983, 1), (10901, 5), (12839, 1), (13091, 1)
blitzraub (DF: 1): (7463, 1)
blitzschnell (DF: 1): (8498, 1)
blitzt (DF: 1): (1583, 1)
blive (DF: 1): (4295, 5)
bliver (DF: 3): (13321, 2), (16208, 2), (17567, 1)
blivion (DF: 1): (553, 2)
bliziutko (DF: 1): (15359, 1)
blizni (DF: 1): (8452, 1)
blizzard (DF: 20): (1971, 1), (1999, 3), (3, 1), (4155, 1), (4185, 2), (5227, 1), (5622, 1), (6767, 1), (6771, 1), (781, 1), (8502, 1), (8532, 1), (9742, 1), (10135, 4), (10234, 1), (12385, 1), (1315, 1), (16197, 1), (16248, 1), (16809, 1)
bljad (DF: 2): (1176, 2), (18415, 1)
blk (DF: 1): (11574, 2)
bllaaaa (DF: 1): (16706, 1)
blluz (DF: 2): (6126, 1), (9049, 2)
bln (DF: 1): (16963, 1)
blo (DF: 7): (7863, 1), (9919, 1), (11444, 1), (12191, 4), (15412, 1), (16109, 1), (17241, 1)
bloat (DF: 4): (288, 1), (3064, 6), (3485, 1), (15258, 1)
bloaw (DF: 2): (5587, 6), (13685, 1)
bloblobl (DF: 1): (9179, 1)
bloc (DF: 4): (2626, 1), (6886, 1), (11109, 2), (15469, 4)
blocboy (DF: 2): (11109, 11), (181, 2)
blocc (DF: 5): (4128, 2), (4587, 2), (5663, 3), (6961, 1), (10238, 6)
