literal (DF: 2): (14087, 1), (18046, 3)
literari (DF: 4): (1995, 1), (2320, 1), (4427, 1), (17309, 1)
literatur (DF: 1): (9852, 2)
litfass (DF: 1): (11522, 1)
litfasssaul (DF: 2): (6835, 1), (14419, 1)
lith (DF: 3): (2671, 1), (16192, 1), (17229, 1)
lithanol (DF: 1): (16210, 1)
lithesom (DF: 1): (16039, 1)
lithgow (DF: 1): (8755, 1)
lithium (DF: 2): (5426, 1), (6981, 1)
liti (DF: 1): (7641, 1)
litig (DF: 7): (3316, 1), (4308, 1), (7694, 1), (8936, 1), (11559, 1), (12277, 1), (13232, 1)
litor (DF: 1): (16626, 1)
litorai (DF: 1): (16850, 1)
litoral (DF: 1): (858, 1)
litr (DF: 5): (417, 1), (8733, 16), (13209, 1), (14379, 1), (14988, 1)
litro (DF: 1): (3838, 2)
litron (DF: 1): (34, 1)
litter (DF: 15): (1941, 1), (1956, 1), (2658, 2), (2767, 1), (360, 1), (5957, 1), (8470, 1), (9993, 2), (10149, 2), (11672, 6), (11796, 1), (11961, 1), (12285, 1), (13509, 1), (14185, 1)
litterin (DF: 1): (11109, 2)
litti (DF: 12): (4, 23), (4046, 2), (5838, 1), (9026, 1), (9490, 14), (10237, 3), (12029, 16), (12868, 33), (14049, 4), (16071, 1), (17100, 1), (179, 2)
littiest (DF: 1): (5294, 3)
littl (DF: 285): (1886, 1), (1896, 1), (195, 2), (1920, 25), (1926, 8), (1944, 2), (1957, 12), (1964, 1), (1977, 1), (1997, 1), (200, 1), (2002, 4), (2017, 1), (2025, 1), (2028, 1), (2031, 2), (2035, 4), (2037, 1), (2039, 1), (2060, 1), (2061, 1), (2064, 1), (20, 4), (2074, 1), (204, 1), (2101, 2), (2110, 3), (2112, 1), (2115, 1), (206, 1), (2137, 1), (2139, 20), (2144, 3), (2147, 2), (2153, 2), (2157, 1), (2164, 1), (2169, 3), (2172, 1), (2174, 2), (2178, 4), (2181, 1), (2197, 1), (2198, 3), (2208, 1), (2211, 2), (2218, 2), (2222, 2), (2225, 1), (2228, 2), (2229, 2), (2236, 1), (2241, 1), (2245, 1), (2255, 1), (2260, 3), (2262, 6), (221, 2), (2274, 2), (2276, 7), (2278, 1), (2282, 2), (2291, 2), (2294, 4), (2298, 2), (2304, 1), (2305, 2), (2311, 2), (2315, 1), (2319, 1), (2363, 1), (2366, 2), (2374, 1), (2377, 1), (2384, 4), (2388, 1), (2391, 2), (2423, 15), (2427, 20), (2434, 3), (2442, 4), (2447, 2), (2455, 1), (2456, 1), (236, 3), (2466, 5), (2482, 1), (2485, 4), (2490, 6), (2512, 3), (2523, 5), (245, 1), (2525, 1), (2536, 1), (2545, 1), (2548, 2), (2551, 1), (2557, 1), (2566, 4), (2584, 1), (2586, 1), (2588, 1), (2594, 2), (248, 2), (2607, 2), (2610, 1), (2618, 1), (249, 4), (2626, 4), (2630, 1), (2634, 8), (2636, 1), (2655, 14), (2660, 1), (2666, 1), (2672, 1), (2674, 1), (2687, 1), (2691, 1), (2693, 3), (2697, 2), (2701, 1), (2705, 1), (2710, 1), (2712, 2), (2730, 1), (2735, 2), (2737, 4), (2738, 1), (2741, 15), (2747, 1), (2752, 2), (2755, 4), (2760, 2), (2765, 3), (2770, 3), (2780, 1), (2783, 13), (2789, 2), (2794, 1), (2804, 1), (2809, 1), (2816, 8), (2822, 2), (2825, 1), (2837, 2), (2850, 1), (2851, 13), (2855, 2), (2865, 8), (2878, 1), (2884, 4), (2891, 1), (2895, 2), (2901, 2), (2908, 2), (2927, 1), (2957, 1), (2965, 4), (2967, 2), (2981, 5), (2999, 2), (287, 2), (3010, 1), (3023, 4), (3034, 2), (3052, 1), (3055, 2), (3059, 1), (292, 1), (3079, 6), (3083, 1), (3086, 2), (3095, 1), (3096, 1), (3105, 1), (3124, 3), (3139, 2), (3147, 1), (3148, 1), (3151, 10), (304, 1), (3161, 1), (3169, 1), (3171, 2), (3178, 1), (3181, 4), (3184, 1), (306, 1), (311, 1), (3206, 1), (3216, 1), (3223, 1), (3224, 1), (3234, 4), (318, 3), (3244, 1), (3253, 1), (3254, 1), (3273, 8), (3277, 2), (3282, 4), (3285, 12), (3286, 1), (3292, 21), (3300, 1), (3301, 1), (3303, 1), (3307, 10), (3310, 1), (3327, 1), (329, 36), (3337, 2), (3363, 1), (3371, 3), (3382, 1), (3383, 2), (3393, 5), (3420, 1), (3425, 2), (3427, 1), (3429, 1), (3432, 1), (3439, 1), (3465, 6), (3468, 1), (3483, 1), (3507, 2), (3512, 12), (3514, 1), (3521, 1), (3522, 2), (3528, 2), (3542, 2), (3560, 1), (3601, 4), (3602, 2), (3606, 1), (3627, 13), (3634, 1), (3641, 2), (3672, 3), (3676, 2), (3679, 2), (3696, 2), (3705, 27), (3713, 2), (3715, 2), (365, 1), (3731, 1), (3742, 12), (3753, 1), (3769, 2), (3771, 1), (3773, 2), (3781, 1), (3789, 4), (3790, 2), (3803, 2), (31, 1), (3807, 2), (3814, 9), (3818, 1), (3828, 1), (3834, 21), (3847, 1), (3860, 1), (377, 4), (3866, 1), (3879, 6), (3884, 1), (379, 4), (3901, 20), (3913, 1), (3914, 1), (3923, 2), (3924, 1), (3925, 1), (3931, 1), (3934, 18), (388, 1), (3941, 1), (3947, 15), (3950, 1), (3963, 1)
