fore (DF: 13): (16700, 1), (16734, 1), (16823, 1), (17299, 1), (17311, 2), (17693, 5), (1805, 5), (17954, 1), (17968, 1), (18149, 3), (18197, 1), (18251, 1), (18344, 2)
foreal (DF: 3): (2083, 3), (7611, 1), (15048, 2)
forearm (DF: 2): (8593, 1), (15144, 1)
foreblosur (DF: 1): (966, 1)
forecast (DF: 5): (6455, 2), (6819, 4), (10693, 1), (11053, 1), (12064, 10)
foreclos (DF: 3): (3335, 1), (7348, 1), (14129, 1)
foreclosur (DF: 3): (966, 1), (12396, 1), (17611, 2)
forefath (DF: 1): (17049, 2)
forefront (DF: 1): (8842, 1)
foregår (DF: 2): (413, 1), (16226, 1)
forehead (DF: 17): (3790, 1), (5934, 2), (6203, 1), (6217, 1), (7602, 4), (7644, 2), (8172, 2), (1172, 3), (11671, 1), (12043, 3), (12156, 1), (12514, 1), (13405, 1), (1469, 1), (16267, 1), (17340, 1), (17890, 1)
foreheadt (DF: 2): (8593, 1), (15144, 1)
foreign (DF: 205): (1911, 2), (1994, 1), (2014, 45), (2064, 1), (2081, 3), (2091, 2), (2254, 3), (2315, 2), (2467, 2), (2581, 1), (2630, 1), (25, 1), (2730, 1), (2747, 1), (2855, 8), (3037, 1), (3095, 2), (3170, 1), (305, 1), (3232, 3), (3350, 1), (3356, 3), (3374, 1), (3408, 1), (3451, 1), (3512, 1), (3721, 9), (3822, 1), (4345, 2), (4364, 1), (436, 2), (4468, 1), (4533, 1), (4661, 1), (4672, 1), (4736, 21), (4820, 1), (4969, 1), (5200, 3), (5294, 1), (5370, 2), (47, 1), (5510, 1), (51, 1), (5782, 4), (5797, 6), (5907, 1), (5946, 2), (5996, 1), (6006, 2), (6040, 1), (6202, 1), (6237, 1), (6265, 1), (6290, 2), (6543, 1), (661, 8), (6837, 1), (6895, 1), (7006, 1), (7296, 1), (7327, 2), (7384, 1), (7500, 1), (7697, 1), (7721, 1), (7739, 2), (7768, 1), (7973, 1), (8004, 1), (810, 1), (8111, 2), (8132, 1), (8212, 1), (8373, 3), (8470, 1), (8784, 30), (8823, 2), (9099, 1), (928, 1), (9231, 4), (9290, 1), (9324, 1), (9368, 2), (9429, 1), (9736, 1), (9861, 1), (9958, 1), (10115, 1), (10116, 1), (10216, 2), (10281, 2), (10300, 2), (10307, 1), (10623, 1), (10624, 12), (1107, 4), (1122, 1), (11051, 1), (11263, 1), (11291, 2), (11295, 1), (11316, 4), (11418, 1), (11438, 1), (11458, 2), (11508, 5), (11645, 1), (11658, 1), (11663, 1), (11778, 1), (11857, 1), (11867, 1), (11947, 2), (12021, 2), (1226, 5), (12061, 6), (12222, 1), (12276, 1), (12383, 1), (12540, 1), (12634, 1), (12659, 1), (12665, 1), (12777, 1), (12868, 4), (13011, 1), (13017, 1), (13103, 5), (13191, 1), (13270, 1), (13343, 1), (13439, 2), (13479, 15), (13480, 1), (13629, 1), (13846, 1), (1425, 4), (14074, 2), (14086, 2), (14100, 2), (14170, 9), (14443, 7), (14474, 5), (14477, 12), (14554, 1), (14740, 30), (14766, 1), (14857, 4), (1531, 1), (15028, 2), (15079, 1), (15099, 4), (15207, 1), (15258, 3), (15294, 1), (15309, 2), (15315, 2), (15385, 1), (15397, 3), (15518, 1), (15730, 2), (15850, 1), (15888, 3), (15929, 1), (16027, 1), (16056, 1), (16070, 3), (1647, 1), (16077, 2), (16126, 1), (16138, 2), (16156, 1), (16239, 1), (16322, 1), (16361, 1), (16466, 1), (16605, 1), (16635, 1), (16927, 1), (16943, 1), (17013, 1), (1727, 1), (17083, 4), (17102, 1), (17137, 1), (17216, 3), (17229, 23), (17344, 1), (17401, 1), (1773, 1), (1777, 2), (17793, 1), (18032, 2), (18062, 1), (18106, 2), (18278, 2), (1849, 1), (18414, 1), (1875, 1), (3541, 1), (3542, 2), (5334, 1), (5337, 1), (12060, 3)
foreman (DF: 8): (2091, 2), (405, 1), (8088, 2), (8662, 2), (10690, 2), (12388, 1), (14533, 1), (17346, 1)
forens (DF: 3): (2624, 8), (7973, 1), (12308, 1)
foreplay (DF: 17): (2093, 2), (2840, 2), (5092, 2), (5863, 1), (6457, 1), (6738, 1), (740, 1), (10960, 1), (12305, 2), (13282, 1), (13749, 1), (14262, 2), (15989, 2), (17473, 2), (18002, 1), (18113, 1), (18115, 1)
forer (DF: 1): (417, 1)
forese (DF: 10): (2135, 1), (2911, 1), (4146, 1), (8657, 1), (11810, 1), (12258, 1), (15995, 1), (16836, 1), (16964, 1), (17832, 1)
foreskin (DF: 1): (17105, 1)
forest (DF: 48): (2658, 1), (2730, 1), (2861, 1), (3095, 2), (3295, 1), (3317, 14), (3335, 2), (389, 1), (4658, 1), (4868, 1), (6496, 1), (6516, 2), (7075, 1), (7433, 4), (7885, 2), (7977, 1), (8514, 2), (8559, 1), (9099, 1), (9730, 1), (10044, 1), (10234, 1), (10552, 1), (10577, 2), (10681, 6), (11134, 1), (11258, 1), (118, 1), (11508, 5), (11549, 1), (11660, 1), (11859, 2), (12394, 2), (12407, 1), (1375, 8), (13630, 1), (13812, 1), (14234, 1), (1471, 1), (14578, 4), (14805, 1), (14933, 2), (15042, 1), (15168, 1), (15189, 1), (16608, 2), (17179, 2), (17191, 1)
