turnt (DF: 8): (14032, 6), (14232, 1), (1574, 2), (15573, 3), (1648, 2), (16300, 1), (16473, 3), (18368, 1)
turntabl (DF: 7): (4854, 1), (11448, 1), (12190, 1), (14010, 1), (14840, 2), (15687, 1), (17329, 1)
turquesa (DF: 1): (18397, 1)
turr (DF: 3): (2604, 1), (9070, 1), (9519, 2)
turrahm (DF: 1): (10901, 1)
turret (DF: 2): (4503, 1), (81, 1)
turri (DF: 1): (8580, 1)
tursteh (DF: 2): (2637, 2), (6139, 1)
turtl (DF: 16): (1959, 1), (3420, 1), (3520, 1), (4104, 1), (5223, 1), (5406, 1), (7554, 1), (7747, 1), (8666, 1), (11024, 1), (11192, 1), (11327, 1), (15295, 1), (16981, 1), (18351, 5), (18417, 4)
turtleneck (DF: 2): (6040, 1), (12887, 1)
turuan (DF: 1): (10706, 1)
turudum (DF: 1): (5271, 124)
turup (DF: 1): (4770, 3)
tururu (DF: 1): (11356, 1)
turururutu (DF: 1): (594, 1)
turururututu (DF: 1): (594, 1)
turutu (DF: 3): (3078, 4), (6057, 4), (17574, 6)
turututu (DF: 1): (14618, 16)
turututurutu (DF: 1): (17574, 9)
turututurututurututu (DF: 1): (14618, 20)
turvi (DF: 1): (18330, 1)
turvo (DF: 1): (2839, 1)
tus (DF: 26): (2843, 1), (3093, 1), (3146, 1), (3666, 1), (5143, 8), (6197, 1), (6206, 1), (7049, 2), (724, 1), (8560, 1), (8765, 1), (9450, 1), (9792, 1), (1087, 1), (11350, 1), (11724, 1), (1257, 2), (12779, 2), (13377, 1), (14783, 2), (15208, 1), (15224, 1), (15884, 1), (16174, 2), (17685, 16), (18220, 1)
tuscan (DF: 1): (13315, 1)
tush (DF: 2): (3640, 4), (10441, 4)
tusi (DF: 5): (8510, 2), (8870, 1), (8945, 1), (11968, 3), (13990, 1)
tusind (DF: 2): (6674, 1), (8564, 1)
tusk (DF: 5): (4407, 1), (7130, 1), (7860, 1), (11624, 1), (14070, 1)
tuskege (DF: 1): (5457, 1)
tuss (DF: 3): (5467, 1), (938, 1), (14443, 1)
tussen (DF: 3): (14757, 2), (15412, 1), (16600, 1)
tussi (DF: 4): (3006, 4), (5126, 2), (8733, 2), (13808, 1)
tussin (DF: 5): (5581, 1), (922, 1), (13449, 1), (14589, 3), (16466, 1)
tussionex (DF: 1): (5467, 1)
tussl (DF: 6): (4165, 1), (6288, 1), (6837, 1), (8416, 1), (10774, 1), (13965, 1)
tusslin (DF: 3): (12052, 1), (13449, 1), (16694, 1)
tusson (DF: 1): (2594, 1)
tust (DF: 4): (3123, 1), (484, 1), (8498, 1), (11122, 2)
tusz (DF: 2): (250, 2), (6678, 1)
tut (DF: 26): (2376, 1), (2729, 1), (3108, 1), (3466, 1), (3849, 1), (5214, 8), (6238, 9), (7251, 1), (7466, 1), (8498, 6), (8999, 4), (9457, 1), (11020, 1), (11122, 1), (11476, 1), (11489, 1), (12684, 1), (14153, 1), (14254, 1), (14613, 1), (15458, 2), (15757, 1), (16304, 2), (1845, 1), (1850, 1), (18408, 59)
tutaj (DF: 12): (1918, 13), (6007, 1), (6457, 1), (6678, 1), (7356, 1), (9695, 3), (15814, 2), (16442, 1), (17372, 1), (17410, 1), (1825, 2), (18065, 1)
tutankhamun (DF: 1): (8491, 1)
tutelag (DF: 1): (3183, 1)
tuti (DF: 1): (11437, 1)
tutifruti (DF: 1): (539, 1)
tutor (DF: 8): (2255, 1), (471, 1), (5667, 2), (6040, 1), (8467, 1), (9324, 1), (9593, 2), (12850, 1)
tutt (DF: 32): (2518, 3), (3210, 2), (3295, 1), (5439, 1), (5663, 2), (6341, 1), (6961, 2), (7726, 1), (8264, 1), (8777, 1), (8936, 1), (9138, 1), (9222, 2), (9, 1), (1010, 1), (10238, 1), (10546, 1), (11298, 1), (11743, 2), (11812, 1), (14029, 2), (14629, 1), (14799, 1), (15449, 1), (16746, 1), (17014, 8), (17273, 3), (17369, 1), (17648, 2), (17718, 1), (17758, 7), (18370, 1)
tutter (DF: 2): (17073, 1), (17365, 1)
tutti (DF: 5): (4479, 1), (7382, 1), (10700, 2), (10894, 1), (16990, 1)
tutudum (DF: 1): (16071, 6)
tutugon (DF: 1): (0, 1)
tututu (DF: 2): (9029, 1), (16824, 2)
tutututu (DF: 1): (14604, 4)
tututututututu (DF: 2): (9029, 44), (16824, 44)
tuu (DF: 1): (3853, 1)
tuurlijk (DF: 1): (13783, 2)
tuuu (DF: 3): (3853, 2), (5663, 1), (14124, 1)
tuve (DF: 1): (16645, 1)
tuvi (DF: 1): (12368, 1)
tuviera (DF: 2): (3146, 1), (8560, 1)
tuvim (DF: 6): (8902, 1), (10400, 1), (14863, 1), (15472, 7), (15473, 2), (15819, 1)
tuw (DF: 1): (17760, 1)
tux (DF: 4): (8793, 1), (10370, 1), (14548, 1), (18374, 1)
tuxedo (DF: 6): (2198, 1), (8844, 1), (8897, 1), (11627, 1), (13797, 1), (14745, 1)
tuya (DF: 1): (9474, 1)
tuyit (DF: 2): (11786, 1), (1584, 1)
tuyo (DF: 7): (4465, 2), (8765, 3), (9450, 3), (1087, 4), (13377, 1), (14370, 2), (17756, 1)
tuê (DF: 2): (5860, 1), (6500, 2)
tv (DF: 18): (1920, 5), (2112, 1), (2115, 1), (213, 2), (2230, 1), (2231, 1), (2236, 1), (2245, 1), (2298, 2), (2309, 1), (2329, 1), (2331, 1), (2410, 1), (245, 1), (2567, 1), (2634, 1), (2765, 1), (2771, 1)
