hoe (DF: 85): (17336, 2), (17346, 1), (17349, 6), (17371, 1), (17382, 1), (1766, 2), (17417, 1), (17479, 2), (17481, 2), (17483, 1), (1773, 4), (17533, 1), (17550, 1), (17559, 4), (17626, 8), (17630, 1), (17663, 1), (17699, 2), (17727, 14), (17740, 1), (17755, 2), (17766, 1), (17773, 2), (17811, 4), (17859, 41), (17865, 1), (17870, 2), (17875, 1), (17908, 1), (17925, 2), (17934, 1), (1812, 1), (17938, 1), (17954, 1), (183, 3), (17959, 2), (17971, 1), (18005, 1), (18007, 1), (18012, 1), (18018, 8), (18038, 2), (18051, 3), (18062, 1), (18069, 2), (18099, 2), (1833, 2), (18104, 1), (18152, 1), (18158, 1), (18168, 1), (18179, 2), (18183, 3), (18205, 1), (18245, 1), (18253, 1), (18259, 2), (18265, 3), (18270, 3), (18308, 1), (18309, 2), (1847, 1), (18344, 2), (18346, 1), (1849, 1), (18351, 1), (18359, 2), (18385, 5), (7071, 1), (7073, 1), (7459, 1), (7461, 1), (7464, 1), (7465, 3), (8778, 2), (8779, 4), (8780, 3), (12077, 1), (12079, 1), (12756, 1), (12757, 1), (13872, 3), (13873, 1), (16179, 1), (16180, 1)
hoe24 (DF: 1): (6600, 1)
hoecak (DF: 1): (6296, 2)
hoedown (DF: 2): (9751, 1), (12488, 5)
hoef (DF: 3): (4849, 1), (6184, 2), (14952, 1)
hoeft (DF: 3): (1077, 1), (11673, 1), (13201, 9)
hoein (DF: 3): (9046, 1), (1304, 1), (13522, 1)
hoeish (DF: 1): (3843, 1)
hoek (DF: 2): (2260, 1), (13611, 1)
hoeken (DF: 1): (15164, 1)
hoelaat (DF: 1): (12767, 1)
hoelang (DF: 1): (13611, 48)
hoenesshab (DF: 1): (11024, 1)
hoeren (DF: 1): (17663, 1)
hoertj (DF: 1): (12243, 1)
hoes (DF: 13): (2648, 1), (3570, 1), (3962, 1), (5126, 4), (6835, 2), (7415, 1), (8311, 1), (10321, 1), (11552, 2), (12453, 1), (13755, 1), (14496, 1), (17630, 1)
hoeveel (DF: 1): (4256, 1)
hoez (DF: 2): (10645, 2), (11188, 1)
hof (DF: 6): (2078, 1), (3962, 1), (6748, 1), (10239, 1), (11024, 1), (1176, 2)
hoff (DF: 14): (2463, 1), (4004, 1), (4998, 2), (6026, 1), (6835, 1), (9999, 1), (10215, 1), (10860, 1), (12684, 1), (13755, 1), (14690, 1), (16745, 1), (17630, 1), (18223, 1)
hoffa (DF: 1): (7247, 2)
hoffent (DF: 1): (5890, 1)
hoffmxn (DF: 1): (10203, 1)
hoffnung (DF: 8): (3599, 2), (3849, 1), (10215, 1), (10239, 1), (10901, 1), (13755, 1), (1758, 1), (17630, 1)
hofjung (DF: 1): (1176, 1)
hoflich (DF: 1): (11538, 1)
hofnar (DF: 3): (976, 1), (10045, 1), (17409, 1)
hog (DF: 33): (3253, 1), (3419, 1), (4226, 2), (4629, 1), (4641, 2), (4936, 2), (5358, 1), (5587, 2), (6086, 2), (6304, 1), (6390, 3), (6573, 2), (7469, 1), (7751, 4), (8547, 1), (9262, 1), (9379, 1), (9437, 2), (10378, 1), (10859, 1), (11376, 1), (12184, 2), (12190, 1), (12227, 1), (12342, 1), (12441, 3), (15054, 2), (15924, 1), (1650, 1), (17104, 1), (17426, 3), (18012, 1), (18018, 1)
hoga (DF: 2): (9688, 1), (11725, 1)
hogai (DF: 1): (11725, 1)
hogan (DF: 3): (702, 1), (9833, 1), (1648, 2)
hogani (DF: 1): (9022, 1)
hogar (DF: 4): (7183, 1), (13986, 3), (14424, 1), (14772, 1)
hoger (DF: 1): (14968, 1)
hogg (DF: 5): (3525, 1), (7369, 1), (10396, 2), (12171, 2), (17934, 1)
hoggin (DF: 3): (2329, 1), (7121, 1), (11929, 2)
hogi (DF: 3): (4985, 1), (149, 1), (16186, 8)
hogland (DF: 4): (4201, 1), (6290, 1), (9857, 1), (17190, 1)
hoguer (DF: 1): (1305, 1)
hogwe (DF: 1): (2042, 7)
hogwild (DF: 1): (7360, 1)
hoh (DF: 15): (2606, 1), (397, 1), (4563, 12), (6460, 1), (8146, 12), (10513, 4), (11396, 1), (13476, 1), (13753, 6), (1438, 1), (14426, 2), (15140, 1), (17577, 1), (17704, 1), (17823, 1)
hohepri (DF: 1): (17704, 1)
hohepunkt (DF: 2): (3067, 1), (7373, 1)
hohl (DF: 1): (9999, 1)
hohn (DF: 2): (7521, 1), (11522, 1)
hohohohoho (DF: 1): (7867, 2)
hoi (DF: 4): (5879, 1), (8534, 1), (10883, 1), (14452, 1)
hoia (DF: 1): (10157, 1)
hoin (DF: 6): (5478, 1), (8107, 1), (10571, 1), (1276, 1), (12578, 1), (17811, 1)
hoist (DF: 6): (2500, 1), (7045, 1), (7063, 1), (7645, 1), (9322, 1), (9783, 1)
hoj (DF: 14): (2090, 3), (4430, 1), (4704, 1), (6466, 3), (7993, 2), (8047, 2), (10233, 1), (11558, 1), (14094, 4), (14457, 3), (14510, 1), (15062, 2), (17735, 1), (18375, 2)
hoje (DF: 8): (213, 3), (2242, 1), (2631, 2), (2651, 2), (2680, 1), (2839, 1), (2986, 8), (3007, 1)
