lap (DF: 74): (9536, 1), (9557, 1), (92, 1), (9627, 2), (9672, 1), (95, 1), (9979, 1), (10054, 8), (10162, 1), (10234, 1), (10290, 1), (10505, 1), (10558, 3), (10571, 1), (10690, 4), (10744, 2), (10766, 1), (10864, 1), (10879, 1), (10993, 5), (11313, 1), (11340, 1), (11848, 1), (11888, 1), (11896, 6), (12237, 1), (1250, 1), (12596, 2), (12661, 1), (1287, 1), (12733, 3), (13006, 3), (13138, 1), (13150, 3), (13435, 1), (13512, 14), (13984, 1), (14264, 1), (14423, 1), (14427, 1), (14533, 2), (14574, 1), (14718, 1), (14835, 1), (1516, 4), (14903, 1), (155, 3), (15021, 1), (15084, 1), (15122, 1), (15311, 1), (15389, 7), (15407, 1), (15529, 1), (15573, 3), (16077, 1), (16130, 1), (16144, 2), (16156, 1), (16180, 1), (1661, 1), (16326, 4), (16406, 1), (16503, 1), (16981, 1), (17042, 1), (17052, 3), (17505, 1), (17606, 6), (17881, 1), (18027, 1), (18069, 1), (18331, 1), (1849, 1)
lapd (DF: 3): (3581, 1), (1124, 1), (16684, 4)
lapdanc (DF: 1): (7411, 1)
lapdi (DF: 1): (13242, 1)
lapel (DF: 1): (15018, 1)
lapet (DF: 1): (18053, 1)
lapi (DF: 1): (8768, 1)
lapicer (DF: 1): (12686, 1)
lapidada (DF: 1): (9860, 1)
lapitan (DF: 1): (8768, 1)
lapiz (DF: 3): (8143, 1), (13369, 2), (13453, 1)
lapkin (DF: 1): (6087, 1)
lapo (DF: 1): (430, 2)
lapp (DF: 3): (3123, 1), (7463, 1), (14752, 3)
lapper (DF: 3): (413, 1), (16208, 1), (16226, 2)
lappi (DF: 1): (2328, 1)
lappin (DF: 1): (14628, 2)
laps (DF: 4): (6862, 1), (7424, 1), (8242, 1), (15726, 2)
lapt (DF: 1): (13201, 1)
laptop (DF: 7): (2923, 1), (631, 1), (7800, 1), (10567, 1), (11658, 1), (14228, 1), (15937, 1)
laqu (DF: 1): (14457, 2)
lar (DF: 17): (3219, 8), (3498, 1), (3723, 1), (6379, 1), (8112, 1), (8210, 4), (9196, 1), (9412, 2), (10223, 7), (11582, 6), (12431, 1), (14444, 4), (14541, 3), (15006, 1), (16496, 4), (17528, 1), (18302, 2)
lara (DF: 1): (299, 2)
laramercy (DF: 2): (7104, 2), (13967, 1)
laranja (DF: 1): (11132, 6)
larceni (DF: 2): (15048, 2), (159, 1)
lare (DF: 1): (6371, 1)
lared (DF: 1): (13930, 1)
larg (DF: 178): (196, 1), (2168, 1), (2294, 2), (2316, 1), (2354, 1), (2461, 2), (2488, 1), (243, 1), (2588, 3), (2604, 1), (270, 1), (2931, 1), (2989, 1), (3074, 1), (3078, 1), (3168, 1), (3216, 1), (3269, 1), (3295, 4), (3344, 1), (337, 1), (3425, 1), (3492, 4), (3665, 3), (3738, 1), (3750, 1), (3770, 1), (3821, 1), (3850, 2), (3914, 1), (3916, 1), (4008, 1), (4106, 1), (4739, 1), (468, 1), (4780, 1), (4868, 1), (4937, 1), (4995, 9), (5309, 1), (5381, 2), (5453, 1), (5624, 1), (5627, 2), (5640, 1), (5749, 1), (576, 1), (5866, 1), (5921, 1), (6057, 1), (6136, 1), (6200, 1), (6280, 2), (6367, 1), (632, 2), (6466, 1), (6651, 1), (6659, 1), (669, 1), (6925, 1), (6949, 1), (7003, 3), (7215, 1), (7241, 1), (722, 1), (731, 1), (7554, 1), (7607, 1), (7635, 1), (7690, 1), (7768, 1), (7904, 2), (7947, 1), (7968, 1), (8071, 2), (823, 1), (8149, 2), (833, 1), (8337, 1), (8345, 1), (8526, 1), (8528, 1), (8646, 1), (891, 1), (9007, 1), (924, 1), (9262, 3), (9306, 1), (9315, 7), (9384, 1), (9746, 1), (9853, 1), (1019, 1), (10158, 1), (10315, 1), (10341, 1), (10392, 1), (10400, 6), (10419, 1), (10489, 1), (1083, 1), (10655, 1), (11022, 1), (11120, 1), (1140, 1), (11224, 1), (11246, 3), (11298, 1), (11356, 1), (11447, 1), (11554, 1), (11575, 1), (11576, 1), (11807, 1), (1210, 1), (11873, 1), (11883, 1), (12098, 1), (12473, 1), (12594, 43), (12597, 2), (12606, 1), (12666, 1), (12790, 1), (12808, 1), (12945, 1), (12947, 1), (13481, 1), (13512, 14), (13536, 1), (13639, 9), (13838, 1), (13961, 1), (14001, 1), (14028, 3), (14130, 1), (14337, 4), (14434, 3), (14644, 1), (14818, 3), (14988, 1), (15004, 4), (15015, 1), (15076, 1), (15168, 1), (15170, 1), (15377, 1), (15424, 1), (15565, 6), (15607, 1), (15625, 2), (15635, 1), (1618, 1), (1622, 1), (16242, 1), (16453, 1), (16460, 1), (16474, 1), (16715, 1), (16765, 1), (16971, 1), (17042, 1), (17100, 1), (17203, 1), (17274, 1), (17368, 3), (17377, 1), (17390, 1), (1783, 2), (1788, 1), (17813, 1), (17888, 1), (1826, 1), (18089, 2), (18250, 1), (18273, 1), (18285, 1), (18353, 6)
larga (DF: 2): (9120, 1), (14285, 2)
largam (DF: 1): (12984, 1)
largar (DF: 1): (12677, 1)
largart (DF: 1): (15297, 3)
largat (DF: 2): (4210, 1), (6279, 2)
larger (DF: 1): (1922, 1)
