gloria (DF: 22): (6546, 2), (6893, 2), (7244, 3), (7459, 1), (7506, 2), (7608, 2), (8794, 2), (9120, 1), (969, 2), (9868, 3), (11074, 2), (11818, 2), (12536, 2), (12646, 2), (1288, 1), (13179, 2), (1394, 2), (14592, 1), (171, 2), (16989, 2), (17642, 2), (18045, 1)
glorifi (DF: 6): (2903, 2), (4302, 1), (11805, 1), (12729, 1), (154, 1), (15845, 3)
glorific (DF: 1): (813, 3)
glorious (DF: 14): (3731, 1), (3952, 1), (4385, 1), (4641, 1), (7707, 1), (7778, 15), (8320, 8), (9642, 2), (11261, 1), (11963, 2), (14955, 1), (15542, 2), (17973, 2), (1861, 1)
gloryfikuj (DF: 1): (1197, 1)
gloryhol (DF: 1): (12619, 1)
gloss (DF: 25): (2278, 2), (2522, 2), (245, 1), (2887, 2), (3963, 2), (5139, 1), (6721, 1), (7121, 1), (7559, 1), (7812, 1), (7889, 1), (8369, 1), (8793, 1), (11567, 1), (12588, 8), (14464, 1), (15251, 1), (15414, 12), (15434, 1), (15631, 1), (15637, 1), (16068, 1), (16561, 1), (17026, 1), (17773, 1)
glossi (DF: 3): (3716, 1), (4837, 1), (9343, 1)
glotz (DF: 2): (5559, 1), (15269, 1)
glotzt (DF: 1): (2376, 1)
glov (DF: 1): (2757, 1)
glove (DF: 56): (1922, 1), (2632, 1), (2765, 1), (3594, 1), (4245, 1), (420, 1), (4343, 3), (4953, 1), (5018, 1), (5872, 1), (6087, 1), (6508, 3), (647, 1), (6569, 1), (7065, 2), (7423, 1), (752, 1), (7548, 3), (7691, 1), (7751, 2), (8156, 2), (8299, 2), (8343, 1), (8739, 1), (8765, 1), (8903, 1), (9221, 1), (9240, 1), (9450, 1), (980, 1), (9751, 1), (9816, 1), (10421, 1), (1067, 1), (10565, 1), (10690, 2), (1150, 1), (11807, 5), (12999, 1), (13836, 1), (14356, 2), (14459, 1), (14533, 1), (14882, 1), (15113, 2), (1569, 2), (1581, 1), (1594, 1), (15759, 1), (15806, 1), (16700, 1), (17035, 1), (17533, 1), (17590, 1), (17829, 1), (18152, 1)
glovebox (DF: 1): (16085, 1)
glover (DF: 4): (2356, 1), (235, 1), (15845, 1), (17035, 2)
glow (DF: 199): (1980, 1), (1994, 1), (2006, 2), (2179, 1), (2231, 1), (2254, 20), (2310, 1), (2313, 2), (2556, 1), (2579, 1), (2672, 1), (2710, 1), (2727, 2), (2737, 1), (2808, 1), (2852, 1), (2899, 1), (278, 2), (3064, 1), (3134, 3), (3142, 5), (3233, 1), (3329, 1), (331, 1), (3473, 1), (3513, 1), (350, 3), (351, 1), (3601, 2), (3716, 1), (3745, 1), (3786, 2), (3802, 1), (3806, 2), (3812, 1), (3817, 6), (3869, 1), (3966, 1), (3998, 19), (4025, 3), (4051, 1), (4069, 1), (4110, 1), (411, 1), (4188, 2), (4190, 1), (4267, 2), (4315, 1), (4408, 3), (4463, 2), (4561, 3), (4613, 8), (4641, 1), (4682, 2), (4716, 1), (4720, 1), (4938, 1), (4942, 2), (4955, 1), (5102, 1), (5472, 5), (564, 1), (5965, 1), (6294, 1), (6303, 1), (629, 1), (6349, 1), (6396, 1), (6434, 1), (6677, 4), (6708, 3), (6830, 24), (6994, 3), (7034, 2), (7140, 1), (7217, 35), (7232, 1), (7347, 1), (7384, 1), (739, 3), (7625, 1), (7644, 4), (7754, 1), (7770, 5), (7959, 1), (74, 2), (8158, 1), (8235, 1), (8372, 2), (8708, 1), (8709, 1), (8803, 24), (8953, 2), (9003, 2), (9051, 1), (9061, 1), (9068, 1), (9138, 1), (9267, 1), (9704, 5), (9875, 5), (10018, 1), (10035, 1), (10044, 1), (10137, 1), (10192, 1), (10274, 1), (10346, 1), (10370, 1), (10555, 1), (10694, 1), (10698, 1), (10699, 2), (10709, 9), (10857, 1), (11016, 1), (11128, 1), (11164, 1), (11263, 2), (11337, 1), (11465, 1), (1189, 1), (11697, 2), (11843, 2), (11848, 1), (12278, 4), (12442, 1), (12601, 1), (12630, 1), (12665, 2), (12682, 9), (12783, 1), (12899, 1), (12960, 1), (13001, 1), (13082, 3), (13222, 2), (1336, 1), (13308, 4), (13323, 1), (13423, 1), (1387, 9), (13865, 2), (13945, 2), (14096, 1), (14125, 1), (14137, 1), (14210, 1), (14421, 1), (14589, 1), (14711, 1), (14951, 4), (15034, 1), (15038, 1), (1547, 1), (15268, 2), (15348, 2), (15357, 6), (15385, 18), (15389, 7), (15414, 2), (15432, 1), (15541, 3), (15641, 1), (1600, 1), (15762, 1), (16122, 1), (16126, 2), (16216, 2), (16267, 2), (16416, 1), (16435, 25), (16489, 3), (16563, 1), (16569, 1), (16652, 1), (16748, 2), (16770, 1), (16784, 1), (16834, 2), (16970, 1), (17015, 1), (17035, 9), (17111, 1), (17128, 8), (17207, 6), (17291, 1), (17583, 2), (17606, 2), (17670, 1), (1801, 1), (1804, 1), (17872, 4), (17920, 5), (17995, 1), (18181, 1), (18284, 12), (18385, 5), (1875, 1)
glowi (DF: 1): (13201, 1)
glowin (DF: 12): (2254, 30), (4106, 1), (7078, 1), (7133, 1), (7860, 1), (8289, 2), (8470, 1), (10234, 1), (11051, 1), (1132, 1), (11624, 1), (17450, 1)
glowstix (DF: 1): (9739, 13)
glowwwow (DF: 1): (1387, 1)
glu (DF: 13): (1902, 1), (4515, 5), (4524, 1), (5173, 1), (7495, 2), (7634, 1), (8579, 1), (10606, 1), (10894, 3), (14364, 1), (1552, 1), (15328, 1), (15939, 1)
gluck (DF: 1): (2078, 3)
