som (DF: 23): (16226, 4), (1659, 3), (16307, 1), (16435, 1), (16525, 9), (16533, 1), (16578, 15), (16602, 1), (16718, 5), (17160, 1), (17294, 1), (17432, 1), (17567, 3), (17594, 1), (17607, 1), (17652, 1), (17685, 7), (17702, 3), (17788, 5), (17861, 2), (18172, 6), (18186, 1), (18227, 9)
soma (DF: 3): (7892, 1), (10756, 1), (1430, 1)
somal (DF: 1): (17904, 2)
somali (DF: 7): (9356, 1), (10758, 1), (12127, 3), (13321, 1), (14526, 1), (15612, 2), (16264, 2)
somalia (DF: 3): (2192, 1), (8726, 1), (11019, 3)
somalian (DF: 3): (8532, 3), (17954, 1), (18344, 2)
somar (DF: 2): (6983, 1), (16522, 1)
sombariari (DF: 1): (3669, 1)
somber (DF: 2): (13545, 1), (13649, 1)
sombr (DF: 31): (312, 1), (3399, 1), (3434, 2), (4361, 1), (460, 3), (5363, 1), (6651, 1), (6917, 3), (7183, 1), (7953, 1), (8205, 1), (8329, 1), (8646, 1), (890, 1), (10632, 1), (11017, 2), (11666, 1), (11932, 1), (12175, 1), (13588, 1), (14322, 1), (14424, 1), (14471, 1), (14772, 1), (14880, 1), (15011, 3), (15234, 1), (15633, 1), (17525, 7), (17819, 1), (17944, 2)
sombra (DF: 1): (3870, 1)
sombrer (DF: 8): (342, 1), (4186, 2), (5110, 1), (9534, 1), (10158, 2), (12302, 1), (1443, 1), (17673, 1)
sombrero (DF: 2): (3521, 1), (16200, 1)
somebodi (DF: 290): (1926, 4), (1972, 1), (1977, 3), (2001, 1), (200, 3), (2007, 4), (2061, 2), (2071, 6), (2081, 1), (204, 1), (2143, 1), (2145, 2), (2160, 1), (2169, 6), (2173, 1), (2195, 4), (2214, 4), (2248, 11), (2274, 1), (2276, 1), (2305, 1), (224, 3), (2372, 1), (2403, 6), (232, 2), (2419, 1), (2451, 2), (2472, 1), (2474, 3), (2489, 1), (2502, 16), (2569, 2), (2589, 4), (2607, 1), (2660, 1), (2665, 6), (2670, 4), (255, 1), (2701, 3), (2713, 7), (2720, 1), (2726, 1), (259, 1), (2731, 1), (2771, 1), (2775, 1), (2820, 2), (272, 1), (2859, 4), (2865, 1), (2883, 3), (2907, 2), (2936, 1), (282, 2), (2961, 2), (2965, 2), (3029, 18), (3073, 7), (3147, 1), (3153, 7), (3180, 4), (3238, 1), (3263, 1), (3278, 4), (3306, 1), (3343, 8), (3406, 2), (3414, 1), (3424, 1), (3478, 3), (3498, 1), (3528, 1), (348, 1), (3549, 1), (3560, 1), (3594, 1), (3597, 1), (3652, 1), (3675, 1), (3694, 1), (368, 2), (3769, 2), (6, 2), (3845, 1), (3884, 1), (3950, 11), (3976, 1), (4003, 1), (4008, 1), (4047, 1), (4048, 1), (4057, 37), (4060, 8), (4080, 13), (4087, 1), (4104, 24), (4115, 3), (4122, 1), (4173, 10), (4211, 17), (4229, 2), (4263, 1), (421, 1), (4312, 4), (4340, 1), (4374, 1), (39, 1), (436, 12), (4404, 2), (4412, 4), (4524, 1), (4549, 2), (4670, 1), (4684, 1), (457, 1), (4723, 1), (4750, 1), (4754, 6), (4809, 1), (4831, 1), (4851, 2), (4861, 11), (4874, 1), (4880, 1), (4904, 1), (4907, 1), (4944, 1), (4947, 5), (5021, 2), (5027, 2), (492, 8), (5081, 1), (5103, 1), (507, 1), (511, 18), (5199, 2), (5208, 1), (5221, 8), (5285, 2), (5315, 35), (5327, 1), (5387, 2), (5403, 8), (5424, 1), (5434, 1), (5440, 1), (5456, 1), (5481, 1), (5495, 1), (5529, 1), (5560, 1), (5608, 1), (5658, 3), (563, 1), (5707, 1), (5714, 4), (5720, 3), (5723, 1), (5759, 1), (5772, 1), (5803, 3), (5877, 2), (583, 1), (5936, 1), (5960, 10), (5996, 1), (5998, 17), (6022, 1), (6035, 3), (6036, 1), (6044, 2), (6050, 16), (6073, 3), (6099, 2), (6142, 7), (6189, 1), (6193, 5), (6197, 1), (6200, 1), (6206, 1), (6213, 2), (617, 1), (6286, 1), (6352, 2), (6391, 4), (6431, 3), (6442, 1), (6472, 1), (6508, 2), (6535, 1), (6558, 1), (6563, 1), (6574, 1), (6589, 1), (6599, 2), (6604, 1), (6618, 16), (6624, 32), (6644, 2), (6654, 46), (6688, 2), (6786, 11), (6794, 2), (6796, 1), (6832, 18), (677, 2), (6845, 2), (6847, 2), (6863, 1), (684, 2), (6905, 4), (6913, 1), (6945, 4), (6965, 1), (64, 2), (6969, 1), (6989, 1), (6992, 1), (7001, 1), (7005, 8), (7009, 1), (7035, 2), (7102, 2), (7103, 2), (7143, 1), (7149, 4), (7178, 1), (7186, 1), (7207, 1), (7216, 1), (7226, 1), (7235, 1), (721, 9), (7289, 2), (7314, 8), (7320, 1), (7325, 1), (7346, 1), (7361, 8), (7369, 1), (7381, 8), (7390, 1), (7414, 4), (740, 1), (7474, 1), (7530, 1), (7534, 1), (7544, 2), (7599, 2), (767, 4), (7622, 3), (7624, 1), (7644, 4), (7657, 11), (7666, 46), (7671, 24), (7682, 4), (7695, 2), (72, 2), (779, 1), (7727, 1), (7751, 2), (7775, 2), (7788, 1), (7802, 12), (7811, 5), (7815, 3), (7859, 8), (7895, 2), (7905, 13), (7932, 1), (7937, 3), (7939, 1), (7945, 1), (7999, 4), (8021, 1), (8031, 1), (8046, 2), (814, 30), (8064, 48), (8075, 1), (8083, 1), (820, 1), (8136, 1), (8176, 2), (8266, 4), (8283, 1), (8290, 1), (8313, 2), (8321, 6)
