town (DF: 54): (6602, 1), (6604, 1), (6728, 1), (6729, 4), (7418, 10), (7419, 1), (7473, 8), (7474, 1), (7828, 1), (7829, 1), (8640, 1), (8641, 10), (8813, 1), (8816, 4), (8855, 1), (8857, 1), (10374, 1), (10375, 1), (12066, 3), (12067, 1), (12151, 1), (12153, 1), (12336, 6), (12338, 2), (12459, 1), (12461, 1), (12986, 1), (12987, 1), (13261, 1), (13262, 4), (13846, 1), (13848, 1), (13969, 1), (13970, 1), (1433, 2), (1434, 2), (15242, 1), (15243, 2), (15583, 4), (15584, 1), (1671, 1), (1672, 1), (16519, 1), (16520, 1), (16574, 1), (16576, 2), (16767, 1), (16769, 1), (18267, 1), (18268, 3), (18270, 1), (9188, 1), (9189, 3), (9190, 1)
town24 (DF: 1): (13626, 1)
towner (DF: 5): (4645, 1), (10672, 1), (12150, 1), (15154, 1), (17205, 1)
townhous (DF: 1): (938, 1)
townish (DF: 1): (2747, 1)
townsend (DF: 1): (9143, 1)
townshend (DF: 1): (15200, 1)
towwwwn (DF: 1): (2957, 1)
toxic (DF: 31): (1984, 1), (2151, 1), (3298, 1), (416, 1), (4323, 1), (522, 1), (5411, 1), (5511, 1), (5752, 1), (5953, 1), (6205, 2), (6727, 2), (703, 6), (789, 1), (7884, 1), (8573, 6), (8917, 1), (10163, 1), (10714, 1), (12185, 1), (13465, 1), (13539, 1), (13759, 1), (14364, 1), (14450, 1), (15123, 13), (15255, 2), (1775, 1), (1790, 1), (1794, 4), (18087, 1)
toxicum (DF: 1): (9739, 1)
toxin (DF: 3): (2422, 1), (7984, 1), (15003, 2)
toy (DF: 199): (1892, 1), (1902, 1), (2039, 1), (2221, 1), (2309, 1), (2344, 1), (2351, 1), (2487, 4), (2529, 2), (2545, 1), (2589, 2), (2658, 2), (2662, 11), (2676, 1), (2715, 2), (2940, 1), (3045, 2), (3104, 24), (3245, 1), (345, 2), (3513, 1), (347, 1), (3695, 2), (3996, 1), (398, 1), (4106, 1), (4188, 2), (4249, 1), (4289, 1), (38, 1), (4504, 1), (4515, 2), (4752, 2), (4767, 6), (4853, 1), (4854, 1), (4880, 1), (4936, 1), (4962, 1), (5107, 1), (5145, 1), (5218, 4), (513, 1), (5234, 1), (5317, 1), (5421, 1), (5518, 1), (5547, 2), (5602, 1), (5674, 5), (6, 1), (567, 21), (5786, 2), (5810, 2), (577, 1), (53, 1), (5957, 1), (6024, 1), (6108, 1), (6213, 2), (6268, 1), (6403, 1), (6439, 1), (667, 1), (6734, 1), (6851, 1), (6889, 1), (6927, 1), (7016, 1), (7019, 5), (7028, 2), (694, 1), (7098, 7), (7214, 1), (7255, 1), (7310, 1), (737, 1), (7392, 2), (7418, 2), (7508, 3), (759, 1), (7683, 1), (7690, 1), (7857, 2), (7900, 1), (7920, 3), (802, 1), (7963, 3), (7978, 1), (8156, 4), (8234, 1), (8248, 1), (8256, 2), (8274, 1), (8278, 2), (8406, 4), (8597, 1), (8662, 2), (8733, 2), (8929, 1), (8970, 1), (9285, 1), (9334, 4), (9464, 1), (9470, 1), (9502, 1), (9532, 1), (9536, 1), (982, 2), (996, 1), (9845, 1), (9938, 6), (98, 1), (10141, 2), (10468, 1), (109, 2), (10639, 1), (10660, 1), (10676, 2), (10764, 1), (10785, 1), (10835, 3), (10899, 2), (11006, 38), (11073, 1), (11166, 1), (11558, 1), (121, 1), (11641, 1), (11794, 1), (11864, 1), (11942, 1), (11992, 2), (12209, 1), (12221, 2), (12331, 1), (1253, 1), (1258, 3), (12553, 1), (12596, 2), (12661, 1), (12726, 4), (12730, 1), (1296, 1), (12770, 1), (13150, 3), (13181, 2), (13209, 1), (13509, 1), (13573, 1), (13587, 1), (13808, 5), (1424, 4), (14006, 1), (14048, 1), (14051, 1), (14207, 1), (1453, 6), (14379, 7), (14381, 2), (1477, 1), (14545, 1), (14732, 1), (1501, 2), (14738, 1), (14773, 1), (15119, 1), (15170, 1), (15193, 1), (1563, 1), (15357, 1), (15369, 1), (15376, 2), (15524, 2), (15656, 3), (15673, 3), (15678, 1), (15922, 2), (15976, 1), (16022, 1), (16034, 1), (16228, 1), (1658, 1), (16401, 1), (16432, 1), (16635, 1), (16657, 1), (16719, 1), (17093, 1), (17220, 1), (17255, 2), (17550, 2), (17607, 1), (17812, 1), (17910, 4), (17972, 1), (18050, 8), (18426, 1), (18450, 1)
toyac (DF: 1): (16022, 1)
toyin (DF: 2): (11290, 1), (17220, 1)
toyland (DF: 1): (7418, 2)
toyoci (DF: 1): (14869, 1)
toyot (DF: 1): (18398, 2)
toyota (DF: 6): (2574, 1), (7603, 2), (8564, 1), (13476, 1), (16144, 1), (18311, 1)
toys (DF: 2): (15458, 1), (1845, 1)
tozashit (DF: 1): (13524, 1)
tp (DF: 1): (14564, 2)
tpeep (DF: 3): (2939, 1), (7537, 1), (11702, 1)
tprzejecha (DF: 1): (1197, 1)
tq (DF: 1): (15113, 2)
tr (DF: 4): (7685, 2), (14718, 2), (15036, 2), (17272, 3)
tr3s (DF: 6): (2180, 1), (4445, 1), (6209, 1), (6628, 1), (7056, 1), (10763, 1)
tr3yway (DF: 4): (5445, 3), (6462, 3), (11102, 3), (17990, 1)
tra (DF: 16): (1978, 1), (2108, 1), (2530, 4), (2814, 17), (2938, 1), (3403, 2), (3587, 1), (355, 6), (3903, 5), (4285, 8), (4532, 3), (4799, 12), (44, 3), (5105, 1), (5126, 8), (5341, 3)
