mas (DF: 67): (15112, 2), (15143, 4), (15192, 1), (15237, 1), (15274, 2), (15322, 1), (15402, 2), (15516, 3), (15560, 4), (15562, 2), (15598, 2), (15605, 3), (15617, 5), (15678, 1), (15686, 2), (15804, 1), (15898, 1), (15939, 11), (1633, 8), (16022, 2), (16035, 1), (16079, 2), (16199, 1), (16223, 1), (1659, 3), (16295, 4), (16353, 1), (16401, 6), (16453, 1), (16521, 1), (16522, 3), (1686, 2), (16626, 1), (16678, 1), (16696, 2), (16715, 1), (16738, 4), (16759, 1), (16792, 4), (16820, 1), (16847, 2), (16885, 1), (16928, 2), (17232, 4), (17260, 2), (17325, 2), (17397, 2), (17528, 14), (17546, 1), (17549, 1), (17551, 4), (17623, 1), (1787, 4), (17649, 1), (17673, 1), (17899, 3), (18036, 4), (18136, 1), (18169, 1), (18213, 1), (18397, 1), (18407, 4), (3351, 1), (3353, 1), (12351, 2), (12352, 2), (1788, 1)
masa (DF: 8): (3744, 2), (6083, 1), (8712, 1), (9634, 1), (11024, 1), (12477, 1), (16892, 1), (1836, 1)
masabi (DF: 1): (14250, 1)
masacot (DF: 2): (9819, 2), (15939, 4)
masacr (DF: 3): (4515, 1), (10838, 2), (12191, 5)
masada (DF: 1): (7178, 1)
masaj (DF: 4): (2877, 1), (3996, 1), (14012, 4), (16780, 1)
masaje (DF: 1): (17972, 1)
masajit (DF: 1): (10559, 1)
masakit (DF: 2): (18247, 2), (18453, 1)
masalahnya (DF: 1): (12477, 1)
masalex (DF: 1): (5754, 1)
masamp (DF: 1): (5932, 1)
masarap (DF: 1): (11542, 1)
masari (DF: 1): (7071, 1)
masasabi (DF: 1): (17760, 1)
masaya (DF: 5): (4910, 1), (11542, 5), (1489, 1), (15763, 1), (15804, 3)
masc (DF: 9): (2316, 2), (2354, 1), (2604, 1), (5821, 1), (7953, 1), (9, 1), (10418, 2), (11978, 1), (14389, 1)
mascara (DF: 7): (3776, 1), (5682, 1), (6715, 2), (9971, 1), (12734, 1), (13077, 1), (16008, 1)
mascaracachimb (DF: 1): (2306, 1)
masch (DF: 4): (2881, 1), (4743, 1), (13091, 1), (1715, 1)
mascher (DF: 1): (3210, 1)
mascheran (DF: 1): (9070, 1)
maschin (DF: 3): (5775, 1), (13520, 12), (15766, 1)
maschinenraum (DF: 1): (16724, 1)
maschinenschweiss (DF: 1): (13789, 1)
mascolo (DF: 2): (301, 1), (7303, 2)
mascot (DF: 7): (3278, 2), (7070, 1), (9823, 1), (10675, 1), (10764, 1), (13662, 1), (1391, 3)
mascoutin (DF: 1): (9637, 1)
masculin (DF: 7): (8159, 1), (11382, 1), (11814, 1), (12135, 1), (12841, 1), (14028, 1), (17028, 1)
mase (DF: 14): (3101, 3), (3924, 1), (4222, 4), (5401, 4), (10153, 1), (1094, 3), (10785, 1), (11395, 1), (14307, 1), (14653, 5), (16510, 1), (16684, 1), (17483, 4), (17967, 1)
masego (DF: 6): (3036, 1), (3277, 1), (4943, 1), (11311, 1), (11861, 1), (15553, 2)
masekela (DF: 1): (11387, 1)
maser (DF: 2): (15869, 2), (17635, 1)
maserat (DF: 1): (14405, 1)
maserati (DF: 29): (3010, 1), (4341, 1), (4559, 2), (5082, 1), (5418, 2), (6458, 1), (7006, 1), (7455, 1), (7492, 1), (7983, 1), (8373, 6), (8524, 10), (9331, 1), (9393, 1), (11304, 1), (11464, 2), (1218, 1), (12103, 1), (12363, 1), (1259, 1), (12649, 1), (13473, 1), (13961, 1), (151, 1), (15933, 2), (16798, 1), (16981, 1), (17167, 1), (17306, 2)
maseratis (DF: 1): (1238, 1)
masestoy (DF: 1): (8632, 1)
maseta (DF: 1): (3902, 1)
mash (DF: 53): (1924, 1), (2276, 1), (2958, 48), (3322, 2), (369, 1), (3957, 1), (3992, 7), (4069, 1), (4576, 1), (4641, 1), (5075, 1), (5766, 2), (5974, 1), (6189, 1), (6478, 2), (7098, 1), (7104, 4), (702, 1), (7226, 1), (8170, 1), (8470, 1), (8774, 4), (9143, 3), (9452, 14), (9873, 1), (9980, 1), (1030, 7), (10617, 7), (11231, 3), (11374, 1), (11482, 1), (11813, 7), (12666, 2), (13082, 1), (1343, 1), (14019, 1), (14068, 1), (14164, 1), (14271, 3), (14335, 1), (14428, 1), (1477, 2), (15026, 1), (15394, 21), (15405, 5), (15452, 2), (15462, 1), (16775, 1), (17007, 16), (17396, 1), (17781, 7), (182, 1), (18221, 1)
mashakel (DF: 3): (6292, 1), (10050, 9), (16307, 1)
mashakil (DF: 1): (4387, 1)
mashal (DF: 1): (17434, 2)
mashatuck (DF: 1): (16180, 1)
mashi (DF: 1): (441, 1)
mashin (DF: 16): (2076, 1), (3133, 1), (5766, 2), (5842, 1), (6847, 2), (7024, 1), (7060, 1), (7860, 1), (8148, 1), (8170, 1), (11624, 1), (12079, 1), (13183, 1), (1343, 1), (14428, 1), (18350, 1)
mashkal (DF: 1): (11538, 1)
mashoor (DF: 2): (16186, 1), (18053, 1)
mashup (DF: 1): (5024, 1)
masi (DF: 3): (3427, 1), (439, 1), (10764, 1)
masih (DF: 1): (12477, 1)
masilip (DF: 1): (8490, 1)
masim (DF: 2): (6126, 1), (9049, 2)
masindak (DF: 1): (14250, 1)
masipa (DF: 1): (10227, 1)
