quem (DF: 33): (15192, 1), (15286, 2), (15290, 3), (15322, 1), (15562, 4), (15736, 1), (15775, 1), (1631, 1), (16035, 1), (1652, 1), (1665, 1), (16530, 4), (16533, 1), (16715, 2), (16759, 1), (16801, 1), (16905, 14), (17059, 9), (17097, 2), (17397, 2), (17534, 5), (17551, 2), (17594, 1), (17649, 2), (17652, 1), (17735, 1), (17899, 1), (18087, 1), (18119, 8), (18163, 2), (18264, 1), (18441, 1), (1881, 2)
quema (DF: 9): (4267, 2), (5143, 4), (6197, 1), (6206, 1), (11487, 1), (12779, 1), (14783, 1), (16121, 2), (16174, 4)
quemacoc (DF: 1): (9302, 1)
quemadur (DF: 2): (2136, 1), (14685, 1)
quemam (DF: 1): (9040, 2)
quemar (DF: 1): (10461, 1)
quemaremo (DF: 1): (8595, 2)
quemart (DF: 3): (5512, 3), (10899, 20), (1215, 1)
quemartel (DF: 1): (16321, 6)
quemat (DF: 1): (10952, 1)
quemel (DF: 1): (4560, 1)
quen (DF: 1): (17115, 1)
quench (DF: 6): (2504, 2), (3137, 1), (10088, 1), (13549, 1), (1535, 4), (17049, 1)
quenchin (DF: 1): (1909, 1)
quenga (DF: 1): (5118, 5)
quent (DF: 5): (3305, 2), (5011, 1), (9812, 3), (12649, 1), (15400, 2)
quentin (DF: 8): (5786, 1), (8433, 1), (8779, 2), (8819, 2), (11438, 1), (12868, 1), (13632, 1), (17099, 1)
quentyn (DF: 1): (5404, 1)
quep (DF: 7): (4219, 5), (11800, 2), (12092, 1), (12623, 10), (13369, 2), (15914, 2), (17658, 6)
quer (DF: 260): (1967, 3), (2090, 1), (2098, 3), (213, 3), (217, 1), (2242, 2), (2488, 1), (2585, 4), (2631, 1), (2645, 2), (2648, 1), (2651, 6), (2680, 8), (2711, 2), (2785, 1), (2805, 2), (3070, 2), (3080, 1), (3211, 2), (3305, 10), (3353, 1), (3364, 6), (333, 2), (3399, 1), (3418, 6), (3434, 3), (3588, 2), (353, 5), (3623, 1), (3665, 3), (3666, 1), (3692, 5), (3722, 1), (3724, 1), (3768, 2), (3838, 1), (3853, 3), (3875, 2), (3876, 2), (3897, 2), (3916, 4), (3942, 4), (4016, 1), (4162, 2), (4219, 1), (417, 1), (4287, 2), (4300, 6), (4356, 4), (4357, 1), (4448, 1), (4594, 6), (4651, 8), (4702, 1), (460, 1), (4804, 4), (476, 3), (477, 3), (4862, 1), (4879, 1), (480, 1), (489, 8), (5198, 1), (512, 17), (5246, 1), (5271, 1), (5353, 1), (5449, 1), (5471, 3), (5525, 8), (5563, 1), (5588, 1), (5613, 2), (5647, 1), (5675, 2), (5792, 1), (5852, 1), (5906, 1), (5959, 1), (5962, 1), (53, 2), (6175, 7), (6190, 1), (6234, 1), (6249, 2), (6263, 3), (6270, 1), (6279, 2), (6351, 1), (6422, 1), (6485, 3), (6500, 1), (6513, 3), (6804, 1), (6844, 1), (679, 1), (6883, 1), (6932, 2), (7104, 2), (7108, 7), (7151, 4), (7175, 1), (7211, 2), (7258, 3), (728, 2), (7508, 4), (7632, 3), (7676, 1), (7780, 2), (7863, 1), (7993, 7), (8047, 7), (8052, 6), (8066, 2), (8113, 7), (8140, 7), (8187, 1), (8199, 1), (8406, 10), (8429, 1), (8479, 1), (8526, 1), (8574, 1), (875, 1), (8699, 4), (8751, 2), (8817, 1), (8882, 18), (8892, 1), (910, 1), (8902, 3), (8938, 4), (8989, 2), (8997, 11), (9060, 6), (9070, 2), (9087, 2), (9120, 1), (934, 1), (9179, 1), (9204, 2), (9318, 2), (9387, 1), (9415, 2), (9494, 6), (9516, 3), (9575, 2), (9636, 2), (9637, 1), (9692, 1), (9719, 3), (996, 1), (9812, 2), (9838, 2), (9860, 1), (9872, 2), (9876, 1), (9938, 3), (10060, 4), (10087, 2), (10131, 1), (10193, 6), (1039, 1), (10260, 6), (10291, 1), (1051, 1), (10418, 2), (10559, 2), (10676, 1), (10679, 6), (1095, 2), (10804, 1), (10819, 4), (10821, 1), (10944, 1), (10992, 1), (11059, 2), (11096, 3), (11122, 1), (11132, 2), (11155, 1), (11169, 3), (11200, 6), (11237, 1), (1159, 6), (11391, 1), (11393, 4), (11433, 3), (11464, 2), (11504, 2), (11535, 2), (1183, 3), (11543, 1), (11558, 1), (11746, 3), (11750, 3), (11808, 1), (11814, 1), (11835, 1), (11840, 1), (1213, 2), (11938, 1), (11968, 2), (11979, 1), (12177, 8), (12348, 6), (1254, 2), (12375, 1), (12404, 1), (12456, 2), (12506, 2), (12599, 4), (12615, 1), (12623, 2), (12649, 4), (12723, 6), (12744, 2), (12841, 1), (12901, 2), (13010, 1), (13084, 4), (13145, 3), (13161, 1), (13205, 6), (13304, 2), (13370, 1), (13382, 1), (1366, 2), (13484, 1), (13487, 1), (13501, 1), (13576, 3), (13588, 1), (13694, 1), (13710, 5), (1395, 1), (13806, 1), (13892, 1), (13971, 1), (13982, 2), (14002, 1), (14063, 2), (14085, 4), (14107, 4), (14291, 1), (14341, 1), (14408, 2), (1481, 8), (14543, 1), (14561, 1), (14572, 3), (14627, 1), (1501, 1), (14856, 1), (14860, 1), (14863, 3), (14, 1), (15204, 1), (15208, 3), (15400, 4)
