ex (DF: 99): (9663, 3), (9670, 2), (9759, 1), (9861, 1), (9873, 1), (9875, 5), (9960, 4), (10102, 4), (10369, 6), (10424, 2), (10427, 13), (10606, 1), (10700, 1), (10749, 1), (10977, 1), (11018, 1), (11060, 1), (11095, 1), (11287, 1), (11450, 1), (11488, 1), (11536, 1), (11595, 1), (11660, 1), (11791, 1), (11968, 1), (1218, 1), (12036, 1), (12068, 2), (12433, 1), (12540, 1), (12745, 1), (1299, 1), (1318, 1), (13130, 1), (1334, 2), (13344, 1), (1374, 2), (13576, 1), (13674, 1), (1391, 6), (13943, 3), (13997, 1), (14029, 6), (14060, 1), (14222, 1), (14295, 1), (14416, 1), (14419, 1), (14429, 2), (14456, 1), (14460, 2), (1485, 3), (14697, 1), (1505, 6), (14804, 4), (14932, 12), (14978, 8), (14985, 3), (15028, 1), (15061, 1), (15068, 1), (1550, 4), (15164, 1), (15291, 1), (1564, 1), (15322, 1), (15487, 8), (15561, 1), (15582, 1), (15675, 1), (15714, 1), (15833, 1), (15838, 1), (16026, 1), (16177, 1), (16305, 17), (16409, 1), (16462, 1), (16548, 17), (16968, 8), (17008, 5), (17107, 1), (17397, 4), (17446, 1), (17454, 1), (17483, 1), (17685, 7), (17720, 1), (17825, 2), (17943, 1), (1833, 1), (18128, 1), (18205, 1), (18323, 1), (18385, 5), (18432, 1), (13839, 1), (13841, 1)
exact (DF: 156): (1964, 1), (1977, 1), (2002, 1), (2131, 1), (2233, 4), (2255, 1), (2272, 1), (2277, 1), (2304, 1), (2357, 1), (2423, 1), (22, 2), (2455, 1), (236, 1), (2793, 1), (3043, 1), (3183, 1), (3251, 2), (3432, 4), (3560, 3), (3632, 3), (3680, 1), (3729, 1), (3756, 1), (3772, 1), (374, 1), (3873, 1), (4096, 3), (4104, 1), (4315, 1), (4349, 2), (4448, 1), (4477, 1), (4670, 1), (4716, 1), (4718, 2), (4808, 1), (4907, 1), (486, 2), (5033, 2), (5252, 1), (5499, 1), (5554, 1), (576, 1), (5855, 3), (6024, 1), (597, 1), (6073, 1), (6204, 2), (6237, 1), (6413, 1), (6471, 1), (6501, 2), (7264, 1), (7446, 3), (7590, 1), (7753, 2), (7798, 1), (7857, 1), (814, 4), (822, 3), (8209, 1), (8285, 1), (8322, 1), (848, 4), (8455, 1), (8463, 2), (8637, 4), (8966, 1), (8987, 1), (9035, 1), (924, 1), (9127, 1), (9134, 3), (9282, 3), (9326, 2), (9734, 1), (9750, 1), (9942, 2), (10183, 12), (10201, 1), (10423, 1), (10639, 1), (10657, 4), (1106, 1), (10897, 1), (10927, 1), (10994, 1), (1143, 1), (11281, 1), (11349, 1), (11600, 1), (11692, 8), (11739, 2), (11756, 1), (11847, 1), (11848, 1), (12102, 2), (12151, 4), (12172, 1), (1256, 1), (12626, 1), (1284, 1), (12735, 1), (12783, 1), (12865, 1), (12988, 1), (13165, 2), (13480, 1), (13481, 2), (13614, 1), (13655, 1), (13781, 1), (13833, 1), (13925, 2), (13965, 1), (14217, 1), (14399, 1), (14437, 1), (14447, 1), (14576, 4), (14670, 1), (14862, 1), (14887, 1), (14974, 1), (14977, 1), (15081, 2), (15089, 1), (15233, 1), (15579, 1), (15775, 1), (15825, 10), (15937, 1), (16175, 3), (16256, 1), (16382, 1), (16405, 1), (16781, 1), (16822, 1), (17043, 1), (17103, 1), (17177, 1), (17258, 1), (17373, 1), (17550, 1), (17680, 4), (17730, 1), (17794, 1), (17797, 1), (17830, 1), (17999, 1), (18197, 1), (18378, 1), (18382, 2), (16542, 1), (16543, 1)
exag (DF: 1): (8415, 4)
exager (DF: 9): (4180, 1), (4186, 2), (8415, 16), (9534, 1), (1296, 1), (13197, 1), (15914, 4), (16148, 1), (17673, 1)
exagerada (DF: 1): (60, 2)
exagerado (DF: 1): (60, 2)
exagger (DF: 9): (2411, 1), (6087, 1), (11937, 2), (124, 2), (14980, 1), (16628, 1), (17214, 1), (17373, 1), (1820, 1)
exaggeratin (DF: 1): (14718, 1)
exakt (DF: 2): (18073, 1), (18172, 2)
exalt (DF: 5): (6083, 2), (8814, 2), (921, 1), (14006, 1), (14180, 2)
exaltiert (DF: 2): (3348, 2), (10997, 2)
exam (DF: 3): (10816, 1), (12421, 1), (17331, 3)
examen (DF: 1): (4197, 1)
examin (DF: 7): (5173, 6), (6553, 1), (7349, 1), (14687, 1), (14818, 1), (16737, 1), (1766, 2)
exampl (DF: 32): (2069, 1), (2251, 1), (3741, 1), (4490, 1), (4772, 1), (4837, 1), (5008, 1), (5032, 1), (5199, 1), (5478, 1), (7098, 1), (699, 1), (7369, 1), (7387, 1), (7721, 1), (9283, 2), (11329, 1), (11986, 1), (12170, 1), (13011, 1), (13564, 1), (13863, 1), (14093, 1), (14229, 1), (14903, 1), (15373, 2), (16266, 1), (16912, 1), (17003, 1), (17133, 2), (1757, 1), (1813, 1)
exatament (DF: 1): (10637, 1)
excalibur (DF: 1): (14627, 1)
excav (DF: 1): (7758, 1)
exce (DF: 5): (1932, 2), (8091, 4), (11317, 2), (14314, 4), (17332, 1)
excedrin (DF: 2): (510, 1), (14278, 1)
exceed (DF: 11): (3924, 1), (507, 1), (7605, 2), (8887, 1), (10153, 1), (13317, 1), (13778, 1), (13889, 1), (14307, 1), (14745, 1), (16620, 1)
