shiv (DF: 5): (11314, 6), (13126, 1), (14517, 3), (16940, 1), (18370, 1)
shiva (DF: 1): (3984, 1)
shive (DF: 4): (8745, 7), (12025, 14), (12693, 1), (13223, 1)
shiver (DF: 71): (1957, 2), (2333, 1), (2340, 1), (2404, 1), (2428, 2), (2538, 2), (254, 1), (2770, 1), (2873, 1), (3164, 1), (3505, 2), (4021, 1), (407, 1), (4447, 1), (4533, 1), (5086, 1), (526, 1), (5612, 1), (5907, 1), (6166, 2), (6374, 2), (6785, 1), (6839, 2), (757, 1), (7718, 2), (7840, 1), (7862, 1), (796, 2), (8026, 1), (8359, 2), (8669, 1), (8742, 1), (8809, 1), (8980, 2), (9077, 1), (10042, 1), (10500, 1), (10871, 1), (11004, 1), (11381, 1), (11797, 1), (11815, 1), (11954, 1), (12031, 2), (12487, 1), (12610, 1), (12743, 2), (12974, 1), (12989, 1), (1343, 1), (13778, 1), (14245, 1), (1462, 1), (14430, 1), (14678, 1), (14710, 3), (14791, 1), (14996, 1), (15284, 1), (15740, 1), (15793, 1), (15988, 1), (16083, 1), (16396, 2), (1719, 1), (17000, 1), (17180, 1), (1807, 4), (17897, 1), (18182, 1), (6372, 2)
shiverin (DF: 4): (4974, 1), (10645, 2), (11109, 4), (18191, 8)
shivteha (DF: 1): (8043, 1)
shiz (DF: 1): (14564, 2)
shiznit (DF: 2): (2895, 1), (6568, 1)
shizock (DF: 1): (2850, 1)
shizumet (DF: 1): (1102, 1)
shizz (DF: 1): (7615, 1)
shizzl (DF: 10): (5041, 1), (6184, 2), (6475, 1), (789, 2), (8240, 2), (1060, 1), (10918, 1), (11623, 2), (16450, 2), (16767, 1)
shk (DF: 1): (16238, 2)
shkojna (DF: 1): (11447, 2)
shkon (DF: 1): (11447, 1)
shku (DF: 2): (9108, 4), (10700, 1)
shlohmo (DF: 1): (5438, 2)
shlong (DF: 1): (12696, 2)
shm (DF: 1): (14061, 1)
shmegular (DF: 1): (2527, 1)
shmetta (DF: 1): (13611, 1)
shmurda (DF: 2): (3589, 2), (15036, 2)
sho (DF: 109): (2026, 4), (2028, 1), (2276, 1), (2442, 1), (255, 1), (3002, 3), (3009, 1), (3045, 1), (3065, 1), (3076, 2), (306, 1), (350, 1), (3852, 4), (33, 4), (4028, 1), (417, 5), (4303, 1), (4376, 4), (441, 1), (4669, 4), (4956, 2), (5041, 1), (5055, 1), (5176, 3), (5312, 1), (586, 1), (6073, 2), (6095, 1), (6258, 1), (6342, 1), (6524, 1), (6543, 1), (6761, 2), (6771, 1), (6788, 1), (6870, 3), (7178, 1), (7226, 1), (7581, 1), (7603, 2), (7721, 6), (7751, 2), (800, 2), (7991, 2), (8107, 1), (8235, 1), (8299, 2), (8532, 1), (8561, 1), (8662, 2), (8736, 4), (8870, 7), (8929, 1), (8959, 1), (9025, 1), (9119, 1), (9309, 1), (952, 1), (9363, 1), (9379, 1), (9448, 1), (986, 1), (9701, 1), (9767, 1), (10043, 6), (1070, 3), (10505, 1), (10571, 1), (10713, 1), (10783, 1), (1111, 2), (11291, 2), (11462, 1), (11585, 3), (11679, 2), (11794, 1), (12034, 1), (12793, 2), (12946, 1), (12971, 1), (12987, 1), (13011, 6), (1328, 1), (1343, 1), (1369, 1), (13551, 4), (13720, 1), (14293, 4), (14391, 1), (14398, 2), (14715, 1), (15080, 4), (15336, 1), (15364, 1), (15407, 3), (15504, 2), (15935, 4), (15967, 1), (16054, 3), (16324, 1), (1688, 3), (16598, 1), (16693, 1), (1717, 2), (16982, 1), (17045, 4), (17274, 2), (17695, 1), (18363, 1)
shoal (DF: 7): (10024, 2), (11586, 1), (16705, 1), (17236, 3), (17510, 2), (18095, 1), (1873, 1)
shobath (DF: 1): (10833, 1)
shock (DF: 103): (1888, 5), (2075, 1), (2121, 4), (2143, 1), (2164, 1), (2787, 1), (3183, 2), (3241, 1), (3538, 1), (3775, 1), (3803, 4), (374, 1), (430, 1), (4374, 1), (4407, 1), (4990, 1), (5036, 1), (5249, 1), (5258, 1), (47, 1), (5329, 1), (5751, 1), (5961, 1), (6159, 1), (6214, 1), (6342, 1), (6350, 1), (6649, 1), (6755, 1), (6995, 1), (7017, 2), (7200, 1), (7279, 1), (7406, 1), (7586, 1), (7599, 1), (7794, 2), (7871, 1), (7915, 15), (7928, 1), (803, 1), (7990, 3), (8158, 3), (8226, 1), (8407, 1), (8484, 1), (8740, 1), (8742, 1), (8755, 3), (8808, 1), (9100, 2), (9190, 1), (9209, 1), (9295, 1), (9326, 2), (9808, 59), (9855, 1), (9886, 1), (9965, 1), (10132, 1), (10335, 1), (1057, 1), (1130, 2), (11492, 2), (11599, 1), (11623, 2), (11634, 1), (11679, 1), (12283, 6), (12520, 1), (1282, 1), (13269, 1), (13297, 4), (13667, 1), (13881, 3), (14006, 1), (14071, 2), (14598, 6), (14907, 1), (15041, 2), (15291, 1), (159, 1), (15710, 1), (15937, 1), (16039, 1), (16113, 1), (16178, 1), (16239, 3), (16445, 1), (16450, 2), (16653, 1), (16726, 1), (16826, 1), (17067, 1), (17137, 1), (17174, 2), (17450, 1), (17509, 5), (1790, 1), (18045, 1), (18350, 1), (18414, 3), (18417, 14)
shocka (DF: 1): (3249, 1)
shocker (DF: 6): (2026, 1), (2032, 1), (2545, 1), (2850, 3), (3249, 1), (3538, 1)
