767 (DF: 1): (6903, 5)
77 (DF: 4): (2631, 1), (3387, 1), (4185, 2), (11877, 1)
7715 (DF: 1): (2879, 1)
777 (DF: 2): (614, 2), (17071, 1)
78 (DF: 1): (2636, 1)
787 (DF: 1): (2828, 1)
79 (DF: 4): (3731, 1), (4490, 1), (7973, 1), (17988, 1)
7ab (DF: 1): (2078, 1)
7b (DF: 1): (9331, 1)
7beef (DF: 1): (3941, 1)
7belo (DF: 1): (13717, 3)
7beloenquanto (DF: 3): (9494, 1), (12348, 1), (16035, 1)
7bibo (DF: 2): (4387, 1), (17886, 1)
7but (DF: 2): (9010, 1), (11145, 1)
7er (DF: 1): (8311, 1)
7even (DF: 1): (12379, 1)
7k (DF: 1): (18397, 3)
7ru7h (DF: 1): (4811, 1)
7th (DF: 15): (2757, 1), (4250, 1), (6726, 1), (7593, 1), (823, 1), (8419, 1), (8822, 1), (10711, 1), (15188, 1), (16191, 1), (16432, 1), (16560, 3), (1712, 1), (16936, 3), (18057, 1)
7they (DF: 1): (15573, 6)
7x (DF: 7): (3045, 1), (6304, 1), (8107, 2), (10571, 2), (12593, 1), (13919, 1), (15205, 2)
8 (DF: 152): (1908, 1), (1928, 1), (2045, 1), (2048, 1), (2145, 2), (2333, 2), (2634, 1), (2789, 1), (2801, 2), (2850, 1), (2895, 1), (2964, 1), (3018, 2), (3121, 2), (3216, 1), (3293, 1), (3521, 1), (3731, 1), (3781, 1), (4008, 12), (397, 1), (4045, 1), (4105, 8), (4190, 1), (4283, 4), (4533, 1), (4668, 1), (4681, 1), (4772, 2), (5085, 1), (542, 1), (5523, 1), (5570, 12), (558, 2), (5907, 1), (6203, 1), (6257, 1), (6425, 1), (6683, 1), (6689, 3), (7450, 1), (7528, 1), (7611, 5), (7750, 1), (802, 1), (7983, 4), (8060, 2), (8082, 1), (8311, 4), (8316, 8), (8336, 1), (8367, 1), (8507, 2), (860, 2), (8529, 2), (8777, 2), (9155, 2), (9282, 1), (9331, 1), (9350, 1), (9410, 1), (9476, 1), (9519, 8), (9597, 1), (980, 4), (9668, 2), (9767, 2), (10137, 1), (10141, 1), (10368, 1), (1094, 1), (10810, 1), (1132, 1), (11058, 2), (11078, 1), (11114, 1), (1136, 1), (11188, 1), (11227, 2), (11310, 1), (11340, 1), (11368, 1), (11793, 2), (11877, 2), (11905, 1), (11925, 1), (12042, 5), (12098, 1), (12189, 3), (12289, 2), (12432, 2), (12554, 6), (12615, 10), (12631, 2), (12797, 6), (12985, 4), (13035, 1), (13135, 1), (13472, 1), (13802, 1), (13807, 1), (13973, 1), (14038, 1), (14062, 1), (14093, 1), (14156, 1), (14186, 1), (14210, 1), (14321, 1), (14353, 1), (1471, 1), (14391, 2), (14513, 1), (14549, 2), (14552, 1), (14652, 1), (14782, 2), (14869, 1), (14932, 1), (14950, 1), (14964, 3), (15048, 2), (15080, 1), (15268, 2), (15308, 1), (15595, 1), (1595, 1), (15632, 1), (15714, 1), (15761, 3), (15851, 1), (1636, 1), (16018, 1), (16128, 2), (16313, 1), (16337, 1), (1688, 1), (16717, 2), (16800, 1), (16806, 1), (16812, 1), (17067, 1), (17257, 1), (17611, 2), (17730, 1), (17769, 1), (17785, 1), (18085, 1), (18118, 1), (18309, 1), (18382, 1), (9153, 1)
80 (DF: 167): (1921, 1), (1944, 1), (1949, 1), (2004, 4), (2110, 3), (2161, 1), (2262, 1), (2301, 1), (2427, 1), (2523, 1), (2571, 1), (249, 1), (2639, 1), (2678, 1), (2692, 1), (2929, 1), (3094, 1), (308, 1), (3289, 1), (3294, 1), (3369, 1), (341, 1), (3503, 1), (3512, 1), (3515, 1), (3521, 1), (3541, 1), (3548, 1), (3559, 1), (3564, 1), (3647, 1), (3664, 1), (3683, 1), (3705, 1), (3810, 1), (373, 1), (3970, 1), (4017, 2), (4058, 1), (4063, 1), (4069, 1), (406, 1), (4132, 2), (4263, 1), (4305, 1), (4366, 1), (4512, 2), (4599, 1), (4600, 1), (4610, 1), (4613, 1), (4691, 1), (4733, 1), (4736, 7), (4805, 1), (4854, 1), (4920, 1), (4937, 1), (4969, 1), (5082, 1), (5096, 1), (5098, 1), (5134, 1), (503, 1), (5301, 1), (5316, 1), (5337, 1), (5387, 1), (5440, 1), (548, 1), (5595, 1), (5610, 1), (5639, 1), (561, 1), (5692, 1), (5704, 1), (5732, 1), (5761, 1), (5775, 1), (5797, 12), (582, 1), (5891, 1), (5922, 1), (5982, 1), (6036, 1), (6050, 1), (613, 1), (6176, 1), (56, 1), (6486, 1), (6504, 1), (6521, 1), (6735, 1), (6800, 1), (6876, 1), (6886, 1), (6937, 1), (7025, 1), (7188, 1), (7197, 1), (7253, 1), (7321, 1), (7414, 1), (7433, 1), (7477, 1), (7483, 1), (7531, 1), (7577, 1), (7620, 1), (7683, 1), (7768, 1), (786, 1), (7849, 1), (7946, 1), (8015, 1), (8139, 1), (8404, 1), (8460, 1), (8548, 1), (8645, 1), (8782, 1), (8800, 1), (8843, 1), (8848, 1), (8901, 1), (8913, 1), (916, 1), (9024, 1), (9163, 2), (9213, 1), (9234, 1), (950, 1), (9344, 1), (9399, 1), (9440, 1), (9484, 1), (9551, 1), (9608, 1), (983, 1), (9700, 1), (9738, 2), (9759, 2), (9849, 1), (9889, 1), (9967, 1), (9991, 1), (10021, 1), (10077, 1), (10084, 1), (10166, 1), (10171, 1), (10191, 1), (10342, 1), (1048, 1), (10432, 1), (10505, 1), (10577, 1), (10585, 1), (10636, 1), (10691, 1), (10707, 1), (10710, 1), (10772, 1), (10878, 1), (10986, 1), (11057, 1), (11119, 1)
